  -0.0000000e+00
  -0.0000000e+00
   0.0000000e+00
  -0.0000000e+00
  -0.0000000e+00
   0.0000000e+00
  -0.0000000e+00
  -4.7583407e-02
  -4.3231941e-02
  -4.5380094e-02
  -5.0059477e-02
  -6.8342671e-02
  -0.0000000e+00
  -0.0000000e+00
  -0.0000000e+00
  -0.0000000e+00
  -0.0000000e+00
  -0.0000000e+00
  -0.0000000e+00
  -0.0000000e+00
  -4.3860096e-02
  -6.6122756e-02
  -8.8261909e-02
  -0.0000000e+00
  -0.0000000e+00
   0.0000000e+00
   0.0000000e+00
   0.0000000e+00
   0.0000000e+00
   0.0000000e+00
   0.0000000e+00
   0.0000000e+00
   0.0000000e+00
   0.0000000e+00
   0.0000000e+00
   0.0000000e+00
  -5.7532687e-02
  -6.3610679e-02
  -3.5670893e-02
  -3.9105784e-02
  -2.1883306e-02
   9.8657294e-03
   9.7682219e-03
   2.0975411e-02
   2.4957554e-02
   2.3287751e-02
   1.8791744e-02
   1.3322474e-02
   5.8543338e-03
   1.0574050e-03
  -3.7587155e-04
   1.8480123e-03
   6.8817232e-03
   1.3608824e-02
   2.8294578e-02
   3.7416674e-02
   2.8491601e-02
   2.0595223e-02
   5.8077830e-03
  -1.8722599e-02
  -4.8599793e-02
  -6.7193530e-02
  -7.9079759e-02
  -7.8818201e-02
  -8.9424055e-02
  -1.0585694e-01
  -9.5415553e-02
  -7.8489690e-02
  -7.1979060e-02
  -1.0915847e-01
  -1.3623049e-01
  -1.1387188e-01
   2.7929135e-02
   4.2494040e-02
   5.3828411e-02
   6.5213457e-02
   7.5082079e-02
   8.3616033e-02
   8.9013085e-02
   9.4362989e-02
   9.7590595e-02
   9.3320832e-02
   8.6662114e-02
   8.0639690e-02
   7.6376133e-02
   7.4669175e-02
   7.5054184e-02
   7.8021377e-02
   8.3519310e-02
   9.2750065e-02
   9.7684330e-02
   9.1184077e-02
   9.2308849e-02
   9.3498670e-02
   8.5825592e-02
   7.1571320e-02
   5.8291230e-02
   5.3072006e-02
   5.2663188e-02
   5.4775346e-02
   5.6792874e-02
   5.4040406e-02
   4.3720312e-02
   4.0029958e-02
   4.1220181e-02
   3.0690851e-02
   1.3165393e-02
   1.1191090e-02
   1.2624821e-01
   1.2790701e-01
   1.2744242e-01
   1.2791862e-01
   1.2511593e-01
   1.2372030e-01
   1.2367070e-01
   1.2691735e-01
   1.3093612e-01
   1.3086705e-01
   1.2762406e-01
   1.2461318e-01
   1.2232312e-01
   1.1986961e-01
   1.1859822e-01
   1.2043693e-01
   1.2410744e-01
   1.3038456e-01
   1.3463632e-01
   1.0469703e-01
   1.0785484e-01
   1.2738457e-01
   1.3386920e-01
   1.2994298e-01
   1.2286562e-01
   1.2397435e-01
   1.2870935e-01
   1.3486083e-01
   1.4150853e-01
   1.4477088e-01
   1.4853530e-01
   1.4950216e-01
   1.4513920e-01
   1.3967581e-01
   1.3119258e-01
   1.2531595e-01
   1.8784074e-01
   1.7906368e-01
   1.6499773e-01
   1.5624616e-01
   1.3808438e-01
   1.2210419e-01
   1.2160520e-01
   1.2711817e-01
   1.2764619e-01
   1.3078254e-01
   1.3305937e-01
   1.3298810e-01
   1.3248706e-01
   1.3047627e-01
   1.2777109e-01
   1.2650794e-01
   1.2481353e-01
   1.1346988e-01
   0.0000000e+00
   7.5583441e-02
   9.7302459e-02
   1.3154711e-01
   1.4871405e-01
   1.5942624e-01
   1.6126683e-01
   1.6551153e-01
   1.6932285e-01
   1.7069656e-01
   1.6958295e-01
   1.6492899e-01
   1.7331366e-01
   1.8837239e-01
   1.9550049e-01
   2.0026734e-01
   1.9772257e-01
   1.9179413e-01
   1.9025327e-01
   1.7100306e-01
   1.4724013e-01
   1.3535369e-01
   1.0115803e-01
   9.4010053e-02
   9.3882472e-02
   1.0573158e-01
   1.0350216e-01
   1.0694078e-01
   1.1036397e-01
   1.1086222e-01
   1.1015160e-01
   1.0810319e-01
   1.0551547e-01
   1.0305802e-01
   9.8865409e-02
   8.4035595e-02
   0.0000000e+00
   0.0000000e+00
   6.6672120e-02
   1.0106011e-01
   1.2519525e-01
   1.4669260e-01
   1.5564465e-01
   1.6029345e-01
   1.5815485e-01
   1.5011067e-01
   1.4228727e-01
   1.2954042e-01
   1.4121395e-01
   1.6707822e-01
   1.8643196e-01
   2.0043562e-01
   2.0398865e-01
   2.0008585e-01
   1.4488719e-01
   1.2992477e-01
   9.6695959e-02
   9.9485204e-02
   0.0000000e+00
   6.6906698e-02
   6.1181125e-02
   7.0617160e-02
   7.2863519e-02
   7.3663212e-02
   7.4803188e-02
   7.5020194e-02
   7.4395686e-02
   7.2757311e-02
   7.1124285e-02
   6.9721259e-02
   6.5849781e-02
   5.3119998e-02
   0.0000000e+00
   0.0000000e+00
   3.6461476e-02
   5.7817686e-02
   8.5002616e-02
   1.1013746e-01
   1.2123229e-01
   1.2234800e-01
   1.1062921e-01
   9.8988727e-02
   1.0125746e-01
   9.2914335e-02
   1.0192686e-01
   1.2385402e-01
   1.4506535e-01
   1.6097799e-01
   1.6496767e-01
   1.5754135e-01
   7.4550904e-02
   0.0000000e+00
   0.0000000e+00
   0.0000000e+00
   0.0000000e+00
   3.3008713e-02
   3.1147424e-02
   3.4766003e-02
   3.3479534e-02
   3.3389177e-02
   3.3903017e-02
   3.4312960e-02
   3.4227833e-02
   3.3691782e-02
   3.4520533e-02
   3.5109472e-02
   3.1539895e-02
   2.1641908e-02
   5.7507649e-03
   0.0000000e+00
   0.0000000e+00
   2.1727094e-02
   4.7085633e-02
   6.5395124e-02
   7.1094804e-02
   6.5553061e-02
   4.6346374e-02
   5.0813969e-02
   5.3781635e-02
   4.2994507e-02
   4.7283176e-02
   6.1510828e-02
   7.7039182e-02
   8.8036589e-02
   9.0049360e-02
   8.1886902e-02
   1.3979428e-02
   0.0000000e+00
   0.0000000e+00
   0.0000000e+00
   0.0000000e+00
   5.0285817e-03
   1.6488915e-03
   1.6329885e-03
   9.0735371e-04
   1.1684458e-03
   2.2185929e-03
   3.1229595e-03
   4.0423116e-03
   5.3894562e-03
   7.7505629e-03
   8.7285070e-03
   5.2434132e-03
  -2.5057420e-03
  -3.8798954e-03
   0.0000000e+00
  -0.0000000e+00
  -6.2056992e-05
   2.0052461e-02
   2.9809037e-02
   3.0462865e-02
   2.1093901e-02
  -2.5152916e-03
   0.0000000e+00
   0.0000000e+00
   4.5481445e-03
   5.9918035e-03
   1.4468658e-02
   2.3069568e-02
   2.8797179e-02
   2.8813381e-02
   2.1565607e-02
  -2.9384519e-02
   0.0000000e+00
   0.0000000e+00
   0.0000000e+00
  -0.0000000e+00
  -2.8191954e-02
  -3.2891348e-02
  -3.3761416e-02
  -3.3118580e-02
  -3.1650905e-02
  -2.9726956e-02
  -2.7077056e-02
  -2.3478806e-02
  -1.9743990e-02
  -1.7105436e-02
  -1.7833935e-02
  -2.2949276e-02
  -2.6246164e-02
  -1.8955367e-02
   0.0000000e+00
   0.0000000e+00
  -2.1345042e-02
  -4.1182372e-03
  -3.9788191e-03
  -9.0035005e-03
  -2.2768820e-02
  -3.6593190e-02
   0.0000000e+00
  -0.0000000e+00
  -2.4562453e-02
  -2.5167004e-02
  -2.4834663e-02
  -2.4158707e-02
  -2.4342073e-02
  -2.7494716e-02
  -3.3632401e-02
  -3.5613861e-02
   0.0000000e+00
   0.0000000e+00
   0.0000000e+00
  -0.0000000e+00
  -4.8249386e-02
  -5.2384883e-02
  -5.3438976e-02
  -5.2418891e-02
  -4.9934924e-02
  -4.5894779e-02
  -4.0888947e-02
  -3.5519376e-02
  -3.1975180e-02
  -3.1768944e-02
  -3.6331180e-02
  -4.3408938e-02
  -3.9477393e-02
  -1.4594441e-02
   0.0000000e+00
   0.0000000e+00
  -2.6584895e-02
  -1.8844878e-02
  -2.4726937e-02
  -3.4454986e-02
  -4.9091503e-02
  -4.9892104e-02
   0.0000000e+00
   0.0000000e+00
  -3.0936569e-02
  -3.8503781e-02
  -4.4754498e-02
  -5.0296407e-02
  -5.5271368e-02
  -6.0478967e-02
  -6.0686558e-02
  -3.6492283e-02
  -2.3345605e-02
   0.0000000e+00
   0.0000000e+00
  -0.0000000e+00
  -5.8936704e-02
  -6.2656187e-02
  -6.4346075e-02
  -6.3150272e-02
  -5.8907993e-02
  -5.1761840e-02
  -4.4673294e-02
  -4.0115561e-02
  -4.0793944e-02
  -4.6666797e-02
  -5.5798117e-02
  -6.2331513e-02
  -4.7041439e-02
  -9.0190253e-03
   0.0000000e+00
   0.0000000e+00
  -0.0000000e+00
  -3.5695616e-02
  -4.5899659e-02
  -5.7252731e-02
  -6.3194312e-02
  -4.2058067e-02
   0.0000000e+00
   0.0000000e+00
  -0.0000000e+00
  -4.7848969e-02
  -6.0376149e-02
  -7.1535021e-02
  -8.0253124e-02
  -8.5267410e-02
  -7.5675800e-02
  -3.7475348e-02
  -2.8161407e-02
  -3.5275808e-02
  -0.0000000e+00
  -0.0000000e+00
  -0.0000000e+00
  -6.1106600e-02
  -6.3072249e-02
  -6.1326895e-02
  -5.5211592e-02
  -4.7311515e-02
  -4.1394833e-02
  -4.1529924e-02
  -4.9100783e-02
  -6.0554437e-02
  -7.0310108e-02
  -7.2364554e-02
  -5.6639738e-02
  -2.7452970e-02
   0.0000000e+00
   0.0000000e+00
  -0.0000000e+00
  -5.4205379e-02
  -6.5459751e-02
  -7.1863629e-02
  -6.1010215e-02
  -2.2140785e-02
   0.0000000e+00
   0.0000000e+00
   0.0000000e+00
  -0.0000000e+00
  -7.0435256e-02
  -8.4319741e-02
  -9.3043253e-02
  -9.3678549e-02
  -7.4408017e-02
  -3.2057744e-02
  -3.2620199e-02
  -3.5525806e-02
  -0.0000000e+00
  -4.9760096e-02
  -4.7746129e-02
  -4.9335197e-02
  -5.0769337e-02
  -4.9081638e-02
  -4.4311367e-02
  -3.9825700e-02
  -3.9416298e-02
  -4.6614945e-02
  -5.8452826e-02
  -6.9620676e-02
  -7.5265713e-02
  -7.2325915e-02
  -5.9201326e-02
   0.0000000e+00
   0.0000000e+00
   0.0000000e+00
   0.0000000e+00
  -6.8989971e-02
  -7.6873556e-02
  -7.2432227e-02
  -4.8254609e-02
  -1.2215233e-02
   0.0000000e+00
   0.0000000e+00
  -0.0000000e+00
  -6.2063746e-02
  -7.3930286e-02
  -8.4780984e-02
  -8.8825285e-02
  -8.3071910e-02
  -6.0200423e-02
  -1.9981873e-02
  -2.7122085e-02
  -3.6451521e-02
  -6.6746580e-02
  -3.0933310e-02
  -3.0689251e-02
  -3.0604232e-02
  -3.1096427e-02
  -3.0612681e-02
  -3.0728513e-02
  -3.4358408e-02
  -4.3688592e-02
  -5.7379600e-02
  -6.8079039e-02
  -7.3211886e-02
  -7.1110487e-02
  -6.0033798e-02
  -3.4884769e-02
   0.0000000e+00
   0.0000000e+00
   0.0000000e+00
   0.0000000e+00
  -7.2771827e-02
  -7.5423248e-02
  -5.9733722e-02
  -3.1717975e-02
  -5.0350305e-03
   0.0000000e+00
   0.0000000e+00
  -0.0000000e+00
  -5.6796646e-02
  -6.6836119e-02
  -7.0603475e-02
  -6.7011088e-02
  -5.6497443e-02
  -3.7061315e-02
  -9.2991786e-03
  -1.3695586e-02
  -1.4590439e-02
   0.0000000e+00
  -2.2124367e-02
  -2.0648737e-02
  -2.1293128e-02
  -2.2253258e-02
  -2.4048170e-02
  -2.8662249e-02
  -3.7515901e-02
  -4.9842808e-02
  -6.1970435e-02
  -6.7851864e-02
  -6.6661142e-02
  -5.7179347e-02
  -3.6187112e-02
  -1.5521726e-02
   0.0000000e+00
   0.0000000e+00
   0.0000000e+00
   0.0000000e+00
  -0.0000000e+00
  -6.4224213e-02
  -4.3350205e-02
  -1.7770080e-02
  -7.8815963e-04
   0.0000000e+00
   0.0000000e+00
  -0.0000000e+00
  -4.8733067e-02
  -4.8419349e-02
  -4.5353319e-02
  -3.6041491e-02
  -2.4972070e-02
  -1.4711309e-02
   0.0000000e+00
  -0.0000000e+00
  -8.6723657e-03
  -2.9466354e-02
  -2.4792450e-02
  -2.7902471e-02
  -3.2439984e-02
  -3.5101704e-02
  -3.7773237e-02
  -4.1535497e-02
  -4.6542656e-02
  -5.2021243e-02
  -5.6123614e-02
  -5.5550732e-02
  -4.9622275e-02
  -3.6912151e-02
  -1.7004652e-02
  -4.2337403e-03
   0.0000000e+00
   0.0000000e+00
   0.0000000e+00
   0.0000000e+00
  -5.7234659e-02
  -4.8421226e-02
  -2.7555773e-02
  -6.1809658e-03
   4.8305071e-03
   0.0000000e+00
   0.0000000e+00
  -0.0000000e+00
  -3.2542109e-02
  -2.7732356e-02
  -2.0431470e-02
  -8.1342869e-03
   1.0493712e-03
   2.4517067e-03
   0.0000000e+00
  -0.0000000e+00
  -1.7929675e-02
  -3.4807317e-02
  -3.4350235e-02
  -4.1169638e-02
  -4.6744445e-02
  -4.8950409e-02
  -4.9900075e-02
  -4.9833031e-02
  -4.9421413e-02
  -4.8673222e-02
  -4.6583505e-02
  -4.1392072e-02
  -3.2795355e-02
  -1.9301606e-02
  -2.6125365e-03
   3.0748398e-03
   0.0000000e+00
   0.0000000e+00
   0.0000000e+00
  -6.8688711e-02
  -4.4034411e-02
  -3.1698719e-02
  -1.3805253e-02
   4.0928554e-03
   1.1817873e-02
   0.0000000e+00
   0.0000000e+00
  -0.0000000e+00
  -1.9943328e-02
  -1.2040211e-02
  -2.3614747e-03
   1.1321581e-02
   1.7382754e-02
   1.7028238e-02
   0.0000000e+00
  -0.0000000e+00
  -2.4144922e-02
  -3.6667227e-02
  -4.0391507e-02
  -4.6433190e-02
  -5.1473153e-02
  -5.3698857e-02
  -5.4430717e-02
  -5.3082933e-02
  -5.0024142e-02
  -4.6141250e-02
  -4.1534296e-02
  -3.4468956e-02
  -2.4220592e-02
  -1.0436603e-02
   3.4829279e-03
   1.2096999e-02
   0.0000000e+00
   0.0000000e+00
  -0.0000000e+00
  -5.1471227e-02
  -2.4545769e-02
  -1.2847096e-02
   1.7260543e-03
   1.8026013e-02
   1.7496637e-02
   0.0000000e+00
   0.0000000e+00
   0.0000000e+00
  -5.8082027e-03
  -1.1618844e-04
   1.0590807e-02
   2.4862706e-02
   2.3646031e-02
   1.7845668e-02
   0.0000000e+00
  -0.0000000e+00
  -2.5268149e-02
  -3.6796547e-02
  -4.3839708e-02
  -5.0532412e-02
  -5.5408016e-02
  -5.7367265e-02
  -5.7620503e-02
  -5.5495560e-02
  -5.0899088e-02
  -4.4653796e-02
  -3.7622765e-02
  -2.9331535e-02
  -2.0471182e-02
  -1.2040432e-02
  -5.9613097e-03
   7.8767190e-03
   0.0000000e+00
   0.0000000e+00
  -0.0000000e+00
  -3.9850947e-02
  -1.1781163e-02
   5.4410966e-03
   1.0534626e-02
   2.8950443e-02
   0.0000000e+00
   0.0000000e+00
   0.0000000e+00
   0.0000000e+00
   0.0000000e+00
   9.5019704e-03
   1.9916320e-02
   3.2942722e-02
   2.4503399e-02
   1.2803372e-02
  -0.0000000e+00
  -1.7757238e-02
  -2.9903544e-02
  -4.3112114e-02
  -5.4546587e-02
  -6.4304091e-02
  -7.0479892e-02
  -7.2053723e-02
  -7.0178166e-02
  -6.4918235e-02
  -5.7333857e-02
  -4.7869414e-02
  -3.6823027e-02
  -2.7016202e-02
  -2.3272537e-02
  -2.3000821e-02
  -2.3188991e-02
  -7.5699007e-03
   0.0000000e+00
  -0.0000000e+00
  -6.0185314e-02
  -4.1169822e-02
  -1.2014758e-02
   1.5665224e-02
   0.0000000e+00
   0.0000000e+00
   0.0000000e+00
   0.0000000e+00
   0.0000000e+00
   0.0000000e+00
   0.0000000e+00
   2.2600962e-02
   2.5121588e-02
   3.9200507e-02
   2.6185881e-02
   9.1493691e-03
  -0.0000000e+00
  -2.4098434e-02
  -3.6336772e-02
  -5.0722696e-02
  -6.5951630e-02
  -7.9692766e-02
  -9.0290703e-02
  -9.5992453e-02
  -9.7470462e-02
  -9.4050974e-02
  -8.5749194e-02
  -7.2421856e-02
  -5.3559713e-02
  -3.5668690e-02
  -3.0160062e-02
  -3.6199722e-02
  -2.6952035e-02
  -7.7781715e-02
  -0.0000000e+00
  -6.8136960e-02
  -6.3875303e-02
  -5.0604377e-02
  -2.3496179e-02
   9.0085028e-03
   0.0000000e+00
   0.0000000e+00
   0.0000000e+00
   0.0000000e+00
   0.0000000e+00
   0.0000000e+00
   0.0000000e+00
   4.0966019e-02
   3.2666367e-02
   0.0000000e+00
   3.0499453e-02
   8.9960574e-03
  -0.0000000e+00
  -3.5536163e-02
  -4.2340558e-02
  -5.3256769e-02
  -6.6798240e-02
  -8.0146357e-02
  -9.1876365e-02
  -9.9980250e-02
  -1.0498716e-01
  -1.0649069e-01
  -1.0290642e-01
  -9.2320837e-02
  -7.1856782e-02
  -4.5486368e-02
  -2.5720585e-02
  -3.6685386e-02
  -4.1962223e-02
  -0.0000000e+00
  -1.0122772e-01
  -7.3414691e-02
  -7.0562281e-02
  -6.4789012e-02
  -4.3651134e-02
  -1.0385801e-02
   0.0000000e+00
   0.0000000e+00
   0.0000000e+00
   0.0000000e+00
   0.0000000e+00
   0.0000000e+00
   0.0000000e+00
   6.0179010e-02
   4.8004475e-02
   0.0000000e+00
   2.8116298e-02
   0.0000000e+00
  -0.0000000e+00
  -4.6513159e-02
  -4.6509542e-02
  -5.1756978e-02
  -5.9563037e-02
  -6.9285706e-02
  -7.9548165e-02
  -8.7277748e-02
  -9.2753276e-02
  -9.6627608e-02
  -9.7419202e-02
  -9.2631206e-02
  -7.6374322e-02
  -4.6496481e-02
  -1.4738175e-02
  -1.4935527e-02
  -0.0000000e+00
  -6.4558920e-02
  -7.8180864e-02
  -6.8756871e-02
  -7.1216248e-02
  -7.1045354e-02
  -6.0469881e-02
  -3.3286566e-02
   0.0000000e+00
   0.0000000e+00
   0.0000000e+00
   0.0000000e+00
   0.0000000e+00
   0.0000000e+00
   0.0000000e+00
   6.7730633e-02
   6.0310830e-02
   0.0000000e+00
   0.0000000e+00
   0.0000000e+00
  -0.0000000e+00
  -5.2035327e-02
  -4.6120677e-02
  -4.5145035e-02
  -4.7066446e-02
  -5.3040709e-02
  -6.1244730e-02
  -6.8047263e-02
  -7.2980881e-02
  -7.8056820e-02
  -8.2106821e-02
  -8.1701979e-02
  -6.8273947e-02
  -3.7212446e-02
  -5.6358422e-03
   0.0000000e+00
  -4.8416643e-02
  -5.1834632e-02
  -5.7000279e-02
  -5.7752542e-02
  -6.1521392e-02
  -6.7079738e-02
  -7.0059158e-02
  -5.7064462e-02
   0.0000000e+00
   0.0000000e+00
   0.0000000e+00
   0.0000000e+00
   0.0000000e+00
   0.0000000e+00
   0.0000000e+00
   0.0000000e+00
   0.0000000e+00
   0.0000000e+00
   0.0000000e+00
   0.0000000e+00
   0.0000000e+00
  -0.0000000e+00
  -3.6206570e-02
  -2.9602326e-02
  -2.8781934e-02
  -3.3022206e-02
  -4.0071044e-02
  -4.6275850e-02
  -5.0405402e-02
  -5.5114284e-02
  -6.0368281e-02
  -6.2641740e-02
  -5.0893467e-02
  -1.9143013e-02
   3.3490179e-03
   0.0000000e+00
  -3.7424556e-02
  -3.8017146e-02
  -3.8234070e-02
  -4.0190328e-02
  -4.4068750e-02
  -5.3471394e-02
  -6.5140888e-02
  -6.8643492e-02
   0.0000000e+00
   0.0000000e+00
   0.0000000e+00
   0.0000000e+00
   0.0000000e+00
   0.0000000e+00
   0.0000000e+00
   0.0000000e+00
   0.0000000e+00
   0.0000000e+00
   0.0000000e+00
   0.0000000e+00
   0.0000000e+00
  -0.0000000e+00
  -2.0053508e-02
  -7.5508179e-03
  -5.7692486e-03
  -1.0602590e-02
  -1.7584452e-02
  -2.3246894e-02
  -2.7083706e-02
  -3.1178558e-02
  -3.6129978e-02
  -3.9857935e-02
  -3.0564127e-02
  -6.4897822e-04
   1.2371436e-02
   0.0000000e+00
  -0.0000000e+00
  -2.3226386e-02
  -1.8400962e-02
  -2.1021597e-02
  -2.5687676e-02
  -3.4085266e-02
  -4.6377368e-02
  -5.4477898e-02
   0.0000000e+00
   0.0000000e+00
   0.0000000e+00
   0.0000000e+00
   0.0000000e+00
   0.0000000e+00
   0.0000000e+00
   0.0000000e+00
   0.0000000e+00
   0.0000000e+00
   0.0000000e+00
   0.0000000e+00
   0.0000000e+00
  -0.0000000e+00
  -4.2515922e-04
   2.3484947e-02
   3.2266404e-02
   2.6111851e-02
   1.7400058e-02
   1.0965787e-02
   6.7243911e-03
   2.5872511e-03
  -1.9400798e-03
  -6.7254771e-03
  -1.5290021e-03
   2.1764967e-02
   0.0000000e+00
   0.0000000e+00
   0.0000000e+00
   0.0000000e+00
   1.0989256e-02
   6.5179733e-03
   1.4978286e-04
  -5.6879004e-03
  -1.4291526e-02
  -2.4032010e-02
  -2.0491591e-02
   0.0000000e+00
   0.0000000e+00
   0.0000000e+00
   0.0000000e+00
   0.0000000e+00
   0.0000000e+00
   0.0000000e+00
   0.0000000e+00
   0.0000000e+00
   0.0000000e+00
   0.0000000e+00
   0.0000000e+00
   0.0000000e+00
   3.4686048e-02
   4.2610558e-02
   5.8655248e-02
   5.3744402e-02
   4.6258688e-02
   4.0235943e-02
   3.6321986e-02
   3.2146871e-02
   2.7640148e-02
   2.1425592e-02
   1.9255627e-02
   2.7293644e-02
   0.0000000e+00
   0.0000000e+00
   0.0000000e+00
   0.0000000e+00
   3.3684782e-02
   3.1754073e-02
   2.4605362e-02
   2.0240029e-02
   1.5289222e-02
   7.9815937e-03
   8.4697318e-03
   0.0000000e+00
   0.0000000e+00
   0.0000000e+00
   0.0000000e+00
   0.0000000e+00
   0.0000000e+00
   0.0000000e+00
   0.0000000e+00
   0.0000000e+00
   0.0000000e+00
   0.0000000e+00
   0.0000000e+00
   0.0000000e+00
   0.0000000e+00
   6.1431834e-02
   6.8545900e-02
   6.1871357e-02
   6.5307945e-02
   6.4887159e-02
   6.4472705e-02
   6.2621638e-02
   5.8625456e-02
   5.0555289e-02
   3.3748325e-02
   2.1275433e-02
   0.0000000e+00
   0.0000000e+00
   0.0000000e+00
   0.0000000e+00
   0.0000000e+00
   5.3082317e-02
   4.6630971e-02
   4.7263518e-02
   4.8641142e-02
   4.6740495e-02
   3.4506013e-02
   0.0000000e+00
   0.0000000e+00
   0.0000000e+00
   0.0000000e+00
   0.0000000e+00
   0.0000000e+00
   0.0000000e+00
   0.0000000e+00
   0.0000000e+00
   0.0000000e+00
   0.0000000e+00
   0.0000000e+00
   0.0000000e+00
   0.0000000e+00
   5.7316280e-02
   5.5420757e-02
   5.6311980e-02
   6.7262255e-02
   7.4269386e-02
   7.6925546e-02
   7.5860694e-02
   7.2815256e-02
   6.4588167e-02
   4.3109145e-02
   2.6062924e-02
   0.0000000e+00
   0.0000000e+00
   0.0000000e+00
   0.0000000e+00
   0.0000000e+00
   5.2921697e-02
   5.3601451e-02
   6.6762418e-02
   7.3912585e-02
   7.8873314e-02
   6.4119597e-02
   4.7188571e-02
   0.0000000e+00
   0.0000000e+00
   0.0000000e+00
   0.0000000e+00
   0.0000000e+00
   0.0000000e+00
   0.0000000e+00
   0.0000000e+00
   0.0000000e+00
   0.0000000e+00
   0.0000000e+00
   0.0000000e+00
   0.0000000e+00
   0.0000000e+00
   3.7127860e-02
   3.7042010e-02
   4.9692975e-02
   6.0587302e-02
   6.5190047e-02
   6.4432464e-02
   6.4673677e-02
   5.9472058e-02
   4.3783806e-02
   3.3208111e-02
   0.0000000e+00
   0.0000000e+00
   0.0000000e+00
   0.0000000e+00
   0.0000000e+00
   0.0000000e+00
   5.4680097e-02
   7.7545336e-02
   8.8363424e-02
   9.7180355e-02
   7.4709060e-02
   5.8120857e-02
   0.0000000e+00
   0.0000000e+00
   0.0000000e+00
   0.0000000e+00
   0.0000000e+00
   0.0000000e+00
   0.0000000e+00
   0.0000000e+00
   0.0000000e+00
   0.0000000e+00
   0.0000000e+00
   0.0000000e+00
   0.0000000e+00
   0.0000000e+00
   7.1414480e-04
   3.7692509e-03
   4.4051236e-03
   1.7712916e-02
   2.3571853e-02
   3.4088481e-02
   3.6796441e-02
   3.3396758e-02
   2.4531928e-02
   0.0000000e+00
   0.0000000e+00
   0.0000000e+00
   0.0000000e+00
   0.0000000e+00
   0.0000000e+00
   0.0000000e+00
   4.0706754e-02
   6.2985398e-02
   7.7218291e-02
   8.5082702e-02
   6.9560638e-02
   0.0000000e+00
   0.0000000e+00
   0.0000000e+00
   0.0000000e+00
   0.0000000e+00
   0.0000000e+00
   0.0000000e+00
   0.0000000e+00
   0.0000000e+00
   0.0000000e+00
   0.0000000e+00
   0.0000000e+00
   0.0000000e+00
   0.0000000e+00
  -0.0000000e+00
  -0.0000000e+00
   0.0000000e+00
  -3.6306659e-02
  -2.7931643e-02
  -1.5740691e-02
   0.0000000e+00
   0.0000000e+00
   0.0000000e+00
   0.0000000e+00
   0.0000000e+00
   0.0000000e+00
   0.0000000e+00
   0.0000000e+00
   0.0000000e+00
   0.0000000e+00
   1.7471698e-02
   1.2922115e-02
   1.5582667e-02
   0.0000000e+00
   2.3581427e-02
   1.5118231e-02
   9.8514559e-03
   0.0000000e+00
   0.0000000e+00
   0.0000000e+00
   0.0000000e+00
   0.0000000e+00
   0.0000000e+00
   0.0000000e+00
   0.0000000e+00
   0.0000000e+00
   0.0000000e+00
   0.0000000e+00
   0.0000000e+00
   0.0000000e+00
   0.0000000e+00
   0.0000000e+00
   0.0000000e+00
   0.0000000e+00
   0.0000000e+00
  -0.0000000e+00
   0.0000000e+00
   0.0000000e+00
  -0.0000000e+00
   0.0000000e+00
   0.0000000e+00
   0.0000000e+00
   0.0000000e+00
   0.0000000e+00
   0.0000000e+00
   0.0000000e+00
   8.8695807e-03
  -4.2073671e-03
  -0.0000000e+00
  -0.0000000e+00
  -0.0000000e+00
  -3.0140344e-02
  -1.1520684e-02
  -1.2190482e-02
   0.0000000e+00
  -0.0000000e+00
  -0.0000000e+00
  -0.0000000e+00
  -0.0000000e+00
   0.0000000e+00
   0.0000000e+00
   0.0000000e+00
   0.0000000e+00
  -1.1502620e-02
  -1.0619102e-02
  -9.8421384e-03
  -8.7373266e-03
  -7.6909436e-03
  -9.6152185e-03
  -1.3802506e-02
  -1.6714234e-02
  -2.0685272e-02
  -2.1085663e-02
  -1.8589110e-02
  -1.6123348e-02
  -1.0575879e-02
  -3.7263786e-03
  -1.9017929e-03
  -2.6929034e-03
  -1.6696126e-03
  -5.0291168e-03
   8.0824241e-03
   2.1386259e-03
  -9.8065647e-03
  -0.0000000e+00
  -0.0000000e+00
  -0.0000000e+00
  -1.2409037e-02
  -2.1890058e-02
  -2.7949114e-02
  -2.4843726e-02
  -1.8369756e-02
  -1.3388912e-02
  -1.1088934e-02
  -1.0404708e-02
  -1.2340485e-02
  -1.3167602e-02
  -1.3975075e-02
  -1.2453073e-02
