   7.2203536e+00
   5.0760117e+00
   4.6257710e+00
   5.9950957e+00
   5.9870286e+00
   6.3590860e+00
   7.0730858e+00
   5.8020825e+00
   4.1242313e+00
   3.1756973e+00
   2.3252857e+00
   1.0445445e+00
   2.5444975e-01
   5.3361732e-01
   1.3944498e+00
   2.4561074e+00
   3.4783599e+00
   4.0239491e+00
   3.9587901e+00
   3.4848299e+00
   2.2298210e+00
   6.6308552e-01
  -1.2612199e+00
  -2.8831444e+00
  -3.3173630e+00
  -2.4440269e+00
  -6.6986889e-01
   4.3789107e-01
   3.7779427e-01
   1.3100657e-01
   1.4132494e+00
   3.9350293e+00
   3.0926762e+00
   8.9423507e-02
   2.0296578e+00
   7.0840082e+00
   4.9294324e+00
   2.1426563e+00
   1.2181652e+00
   1.2217356e+00
   5.4684073e-01
   3.4610355e-01
   6.5786690e-01
   8.3964241e-01
   8.0198091e-01
   8.0694699e-01
   5.8361948e-01
   3.6656651e-01
   5.8333658e-02
  -6.6138461e-02
  -1.2152877e-01
  -3.9866194e-05
   1.1703002e-01
   2.2409411e-01
   1.9263232e-01
   1.3254827e-01
   2.7218071e-01
   4.1958126e-01
   4.9568957e-01
   4.2120159e-01
   2.6817808e-01
   5.8387619e-01
   1.1342121e+00
   1.4176853e+00
   7.1325958e-01
   6.1561704e-01
   1.0573387e+00
   4.0887451e+00
   3.4490120e+00
   1.0261745e+00
   1.5105299e+00
   5.2487426e+00
   7.3083013e-01
  -3.9800599e-02
  -9.0538627e-01
  -1.4340172e+00
  -1.6213565e+00
  -1.4723010e+00
  -1.0550070e+00
  -6.6508669e-01
  -2.5787258e-01
  -7.9423159e-02
  -1.1276350e-01
  -3.1650823e-01
  -5.7801956e-01
  -8.1782931e-01
  -9.8106885e-01
  -1.0213088e+00
  -1.0038224e+00
  -9.4532543e-01
  -8.3632988e-01
  -5.6792426e-01
  -2.7148947e-01
   6.6342549e-03
   3.6485499e-01
   5.1955611e-01
   3.8904810e-01
   1.3883109e-01
  -9.1263153e-02
  -3.4567100e-01
  -5.3915900e-01
  -5.1050454e-01
  -2.2588804e-01
   3.1409517e-01
   8.0491990e-01
   1.0114623e+00
   1.0156693e+00
   1.0202906e+00
  -9.9426615e-01
  -1.7187490e+00
  -2.3357387e+00
  -2.5856242e+00
  -2.4535201e+00
  -2.0192289e+00
  -1.4641564e+00
  -1.0934778e+00
  -6.8127173e-01
  -5.3666568e-01
  -6.0831273e-01
  -8.6906052e-01
  -1.1350982e+00
  -1.3751850e+00
  -1.6102606e+00
  -1.7507408e+00
  -1.7631772e+00
  -1.7873256e+00
  -2.3192320e+00
  -1.1175593e+00
  -7.1963012e-01
  -5.3042513e-01
   4.7563605e-02
   1.9108512e-01
  -1.0384800e-01
  -5.9789491e-01
  -1.0550719e+00
  -1.4991505e+00
  -1.7584735e+00
  -1.6377510e+00
  -1.2293895e+00
  -6.4025080e-01
  -8.9255057e-02
   1.6402657e-01
   1.3818787e-01
  -3.2075784e-01
  -1.7666970e+00
  -2.3655834e+00
  -2.7172768e+00
  -2.7339942e+00
  -2.4904389e+00
  -1.6803333e+00
  -1.2443260e+00
  -9.9913841e-01
  -5.5856740e-01
  -6.7492700e-01
  -8.3907264e-01
  -1.1114568e+00
  -1.3309478e+00
  -1.5756601e+00
  -1.8607771e+00
  -1.9478211e+00
  -1.8814255e+00
  -1.9036452e+00
  -2.3956888e+00
  -9.7732985e-01
  -1.4630857e+00
  -9.4839180e-01
  -3.6000603e-01
  -2.7958956e-01
  -6.1813182e-01
  -1.1543891e+00
  -1.6852379e+00
  -2.1532366e+00
  -2.2523293e+00
  -1.8712835e+00
  -1.4401209e+00
  -8.8593620e-01
  -3.7203500e-01
  -2.3466457e-01
  -3.9220318e-01
  -1.0214144e+00
  -1.8708724e+00
  -2.0851651e+00
  -2.2091495e+00
  -2.1324852e+00
  -1.7256884e+00
  -8.5456597e-01
  -7.0573857e-01
  -9.5269996e-01
  -5.1093790e-01
  -8.0443553e-01
  -8.8006865e-01
  -1.0158367e+00
  -1.1885869e+00
  -1.4163034e+00
  -1.6117100e+00
  -1.6244514e+00
  -1.5847760e+00
  -1.4172808e+00
  -1.0393580e+00
  -7.8553240e-01
  -1.4705066e+00
  -8.4473566e-01
  -4.1877838e-01
  -4.0126478e-01
  -7.4657378e-01
  -1.2962898e+00
  -1.7879223e+00
  -2.0241606e+00
  -1.4737020e+00
  -6.9585566e-01
  -6.0518814e-01
  -3.1531202e-01
  -8.5718667e-02
  -1.8973168e-01
  -5.6442443e-01
  -1.2603902e+00
  -1.0847410e+00
  -8.5405028e-01
  -1.0467573e+00
  -1.0002599e+00
  -8.9145911e-01
  -1.4888006e-01
  -6.2024242e-01
  -6.6249335e-01
  -6.7688465e-01
  -7.7928531e-01
  -6.5793568e-01
  -6.5935194e-01
  -7.8471440e-01
  -9.6159071e-01
  -1.0702953e+00
  -1.1008346e+00
  -1.1131098e+00
  -6.0748023e-01
   3.8277230e-01
  -3.7104970e-01
  -1.0036387e+00
  -4.4404167e-01
  -3.1542501e-01
  -3.7993595e-01
  -7.4955767e-01
  -1.1777282e+00
  -1.3433020e+00
  -7.1500504e-01
   1.7418921e-01
   5.9318319e-02
  -4.4353428e-01
  -3.8212362e-01
  -3.5849899e-01
  -4.6669832e-01
  -7.6849675e-01
  -1.1252017e+00
   1.1165345e+00
   5.6608254e-01
  -8.7156817e-03
  -7.0270321e-02
  -2.3665629e-01
  -1.8086328e-01
  -5.8590626e-01
  -3.5619307e-01
  -3.7787759e-01
  -2.6250669e-01
  -7.4995525e-02
  -5.1445957e-02
  -1.7841590e-01
  -3.4103373e-01
  -5.0796533e-01
  -6.4906631e-01
  -5.9159708e-01
   4.2197311e-01
   2.0970855e+00
  -5.2260987e-02
  -3.1393385e-01
  -5.4467809e-01
  -8.6810732e-01
  -7.0121741e-01
  -7.3675105e-01
  -6.9778073e-01
   7.1795836e-02
   1.4835944e+00
   5.7219541e-01
  -3.2106882e-01
  -6.8117420e-01
  -7.5966215e-01
  -6.6461492e-01
  -5.3420281e-01
  -4.5809877e-01
  -1.6267212e-01
   3.1773779e+00
   1.4661808e+00
   4.2350765e-02
   4.1125330e-01
  -2.6466466e-02
  -1.4993523e-01
  -2.4392180e-01
   3.4042571e-02
   1.5956692e-01
   3.4412459e-01
   5.1315141e-01
   4.9647558e-01
   3.2427841e-01
   7.9532310e-02
  -2.2641990e-01
  -4.0616742e-01
  -1.8824522e-01
   1.3263402e+00
   3.4097211e+00
   2.5366437e-01
   1.5703581e-01
  -1.1470016e+00
  -1.6635228e+00
  -9.1120583e-01
  -5.1720703e-01
   3.1773958e-02
   1.9487638e+00
   3.5370979e+00
   3.3984828e-01
  -5.2746749e-01
  -5.7607991e-01
  -8.6248964e-01
  -4.4555870e-01
  -6.2301148e-02
   3.7658241e-01
   1.2692313e+00
   4.7982864e+00
   1.8384668e+00
   2.7585554e-01
   6.2566793e-01
   1.4224103e-01
   4.7996789e-01
   6.2888038e-01
   7.4509507e-01
   8.8997847e-01
   1.0422858e+00
   1.1716042e+00
   1.0758433e+00
   7.5791925e-01
   3.1384975e-01
  -1.3920051e-01
  -2.3034032e-01
   3.5123473e-01
   2.4023614e+00
   4.3391328e+00
   5.9621066e-02
   8.5989520e-02
  -1.3903496e+00
  -2.5855184e+00
  -8.6475325e-01
  -4.6356369e-02
   1.2148422e+00
   4.4205074e+00
   3.9078279e+00
  -7.7566397e-01
  -4.7021157e-01
  -3.0297530e-01
  -6.9343370e-01
   2.7686852e-01
   8.7798536e-01
   1.6404352e+00
   2.8945847e+00
   5.3333349e+00
   2.1018009e+00
   3.1827870e-01
   6.8260515e-01
   2.8106627e-01
   1.2899663e+00
   1.2695508e+00
   1.2077377e+00
   1.3158603e+00
   1.4685943e+00
   1.5562637e+00
   1.3267657e+00
   8.3195353e-01
   2.4128003e-01
  -1.9298413e-01
  -4.5519352e-02
   9.5285529e-01
   3.2012484e+00
   4.6226616e+00
  -5.9064966e-01
  -3.5088810e-01
  -1.2108920e+00
  -2.9951470e+00
  -6.4764166e-01
   4.9154946e-01
   2.2992311e+00
   5.9063330e+00
   3.2171125e+00
  -1.1070956e+00
   2.0385364e-01
  -2.9606047e-01
  -2.7973822e-01
   8.4015918e-01
   1.5526057e+00
   2.4283345e+00
   3.8093452e+00
   5.2421188e+00
   2.2627053e+00
  -4.8275903e-02
   3.2824293e-01
   1.1221137e+00
   2.0712342e+00
   1.7151111e+00
   1.5576879e+00
   1.6653743e+00
   1.7844729e+00
   1.7289587e+00
   1.2625177e+00
   5.8932489e-01
  -6.4628217e-03
  -1.7572813e-01
   4.4868082e-01
   1.8503203e+00
   3.9508946e+00
   4.4911337e+00
  -6.7271405e-01
  -8.0338562e-01
  -1.3159515e+00
  -2.4173002e+00
  -8.8897005e-02
   1.3591032e+00
   3.4975784e+00
   6.6490059e+00
   1.7722652e+00
  -6.9842392e-01
   3.9927572e-01
   1.6976875e-01
   4.4569051e-01
   1.4916672e+00
   2.3230906e+00
   3.3192649e+00
   4.6226783e+00
   4.5707021e+00
   2.0323486e+00
   1.5447000e-01
   5.3906202e-01
   1.5476986e+00
   2.2525721e+00
   1.8239841e+00
   1.6446542e+00
   1.7456845e+00
   1.7352992e+00
   1.4613041e+00
   7.8707045e-01
   7.9273596e-02
  -2.7254367e-01
   1.1833471e-01
   1.2495306e+00
   2.8376930e+00
   4.7127128e+00
   4.0408106e+00
  -7.5190979e-01
  -8.7870896e-01
  -8.8373417e-01
  -7.1883970e-01
   9.3783033e-01
   2.4679778e+00
   4.4326706e+00
   6.2537737e+00
   1.1207210e+00
  -6.5413278e-01
   4.3882620e-01
   4.8863807e-01
   1.4415216e+00
   2.2750912e+00
   3.1748307e+00
   4.1681938e+00
   4.9869800e+00
   3.5767527e+00
   1.6540194e+00
   6.0390395e-01
   1.1382570e+00
   1.4756211e+00
   2.0735221e+00
   1.4760544e+00
   1.2902408e+00
   1.3332967e+00
   1.1944699e+00
   7.7924526e-01
   7.2048761e-02
  -4.0594572e-01
  -2.5406218e-01
   6.8019176e-01
   2.0394230e+00
   3.5465269e+00
   5.4042344e+00
   1.8453951e+00
  -4.1445062e-01
  -6.1882919e-01
  -4.5156375e-01
   6.0597026e-01
   2.0319262e+00
   3.3166485e+00
   4.8028665e+00
   5.5619259e+00
   8.1620675e-01
  -3.3248821e-01
   3.2936355e-01
   2.9192302e-01
   2.3666661e+00
   2.9579327e+00
   3.8092611e+00
   4.5724907e+00
   4.6972065e+00
   2.3052695e+00
   1.1280177e+00
   8.6731941e-01
   1.5931042e+00
   7.7722490e-01
   1.1787589e+00
   4.4957468e-01
   2.2033215e-01
   1.5938112e-01
  -3.9212033e-02
  -3.8839251e-01
  -6.8272066e-01
  -4.5220464e-01
   3.2560971e-01
   1.5029355e+00
   2.7304435e+00
   3.9482265e+00
   5.4867983e+00
   8.0757958e-01
   1.0595109e-01
  -5.8809656e-01
   2.5730923e-02
   2.0788589e+00
   2.9902630e+00
   3.9069607e+00
   4.8202744e+00
   4.7392988e+00
   8.4454846e-01
  -5.7700153e-02
   3.7991399e-01
   1.5656966e+00
   3.3305836e+00
   3.4319823e+00
   4.0590000e+00
   4.3686752e+00
   3.6642025e+00
   1.3739038e+00
   5.0167924e-01
   4.9177098e-01
   2.8869063e-01
   4.7741452e-01
  -6.2365159e-02
  -1.0619689e+00
  -1.3735148e+00
  -1.5119891e+00
  -1.6108631e+00
  -1.5807005e+00
  -1.1433023e+00
  -2.5823110e-01
   8.6268640e-01
   2.0710003e+00
   3.0878911e+00
   3.9399414e+00
   3.6298981e+00
   5.5279225e-01
   1.0415761e-01
  -8.1011194e-01
   3.3650979e-01
   3.5349305e+00
   3.8262379e+00
   4.3573570e+00
   4.8180537e+00
   4.1021633e+00
   6.0661596e-01
   1.8470104e-01
   7.4392456e-01
   2.6266212e+00
   3.3957388e+00
   3.3861380e+00
   3.6667521e+00
   3.4744775e+00
   2.1918743e+00
   5.5017936e-01
   2.0535588e-01
  -2.3915595e-01
  -5.6880790e-01
   2.2366548e-01
  -1.3739277e+00
  -2.1140959e+00
  -2.3586478e+00
  -2.4262035e+00
  -2.3296924e+00
  -1.9793242e+00
  -1.2477597e+00
  -2.5534600e-01
   8.7705988e-01
   2.0518661e+00
   2.9808865e+00
   3.5785255e+00
   2.5438609e+00
   3.4684953e-01
  -2.2253859e-01
  -1.3287750e+00
  -1.0811435e+00
   2.9616063e+00
   4.2553420e+00
   4.5624490e+00
   4.7335305e+00
   3.2770786e+00
   3.9982152e-01
  -7.7088445e-02
   1.5505915e+00
   3.2746468e+00
   2.8547342e+00
   2.8718798e+00
   2.8968086e+00
   2.4035962e+00
   1.0382166e+00
  -1.8788397e-02
   2.2497177e-01
  -5.2159768e-01
  -3.7346090e-01
  -3.2404836e-02
  -1.3173235e+00
  -1.7171206e+00
  -1.8889662e+00
  -1.9329790e+00
  -1.7983370e+00
  -1.4075454e+00
  -7.2425500e-01
   8.7825079e-02
   9.4701547e-01
   1.8353436e+00
   2.5897044e+00
   2.9157764e+00
   1.9499369e+00
  -7.9873746e-02
  -4.8919618e-01
  -2.4479978e+00
  -1.5862954e+00
   3.1068948e+00
   4.1164045e+00
   4.5554785e+00
   4.4945149e+00
   2.5345630e+00
   2.6781922e-01
   2.2818388e-02
   1.5472153e+00
   3.9876325e+00
   2.3403687e+00
   2.2949810e+00
   2.1382201e+00
   1.5452887e+00
   3.1796925e-01
  -3.7373035e-01
  -1.3422909e-03
  -2.3851358e-02
   2.5926953e-01
   3.0590039e-01
  -1.5315510e-01
  -3.4466268e-01
  -4.6488944e-01
  -5.1031697e-01
  -4.4004980e-01
  -1.5244135e-01
   4.4371865e-01
   1.1491563e+00
   1.7548801e+00
   2.1693311e+00
   2.2916617e+00
   1.7883816e+00
   5.5991941e-01
   1.2539229e-02
  -1.1132889e+00
  -3.3799663e+00
  -2.7437547e-01
   3.1569198e+00
   4.2096419e+00
   4.4757747e+00
   3.9381840e+00
   1.9403623e+00
   2.2262149e-01
   1.9529619e-01
   1.3417682e+00
   4.4665536e+00
   1.8408514e+00
   1.3597149e+00
   1.0105913e+00
   7.9180762e-01
  -4.2576111e-02
  -7.1452278e-01
  -7.5985909e-02
   1.9210699e-01
   1.6387159e-01
  -4.6518560e-02
  -3.4732616e-01
  -4.9118626e-01
  -5.2577972e-01
  -4.3340605e-01
  -2.4233653e-01
   8.4045321e-02
   6.5673268e-01
   1.3117958e+00
   1.7608018e+00
   1.7663059e+00
   1.2572341e+00
   2.6259944e-01
  -8.2956320e-01
  -3.1883523e-01
  -1.5678703e+00
  -2.3937204e+00
  -5.7953261e-02
   1.4738673e+00
   2.4249253e+00
   2.9047909e+00
   2.2487552e+00
   1.6169288e+00
   2.8112465e-01
   3.4220514e-01
   1.0275567e+00
   3.9783561e+00
   1.4364053e+00
   2.6790765e-01
   4.3411434e-01
   9.0240687e-01
  -1.4277670e-01
  -5.7152820e-01
  -2.6824221e-02
   2.3062503e-01
  -1.4430250e-01
  -6.6653514e-01
  -1.2260015e+00
  -1.6105261e+00
  -1.8407164e+00
  -1.8805056e+00
  -1.7253563e+00
  -1.4014597e+00
  -8.6876309e-01
  -2.9002178e-01
   1.9311383e-01
   2.3984520e-01
  -3.3148235e-01
  -9.9865794e-01
  -1.9335949e+00
  -9.4001037e-01
  -1.5659604e+00
  -1.5995556e+00
  -8.4391367e-01
  -7.3077077e-01
  -1.6498047e-01
   1.1846648e+00
   1.1017727e+00
   9.3029529e-01
   1.7543910e-01
   1.3402647e-01
   4.1118053e-01
   3.4738183e+00
   1.6037157e+00
  -4.4023240e-01
   2.7476698e-01
   1.5047175e+00
   2.1080512e-01
  -1.1343935e-01
   2.8899449e-01
   1.9112563e-01
  -1.2522486e-01
  -6.4548069e-01
  -1.3461590e+00
  -1.9512917e+00
  -2.4658997e+00
  -2.8819954e+00
  -3.1519270e+00
  -3.2731872e+00
  -3.1524963e+00
  -2.7246575e+00
  -2.0375690e+00
  -1.2938998e+00
  -1.1776770e+00
  -1.5353544e+00
  -2.2868202e+00
  -3.1159711e+00
  -1.1283628e+00
  -9.9488711e-01
  -1.6475184e+00
  -2.2889218e+00
  -2.1183455e+00
   4.1266376e-01
   5.7121605e-01
   5.3771865e-01
  -5.4162361e-02
  -3.1812209e-01
   4.0130037e-01
   2.0002770e+00
   2.3980963e+00
  -4.5868725e-01
  -3.3666024e-01
   1.8546675e+00
   8.7152004e-01
  -2.5193855e-01
   1.0390151e-01
   4.5972921e-02
  -4.7517255e-02
  -2.5837037e-01
  -7.9562992e-01
  -1.3491820e+00
  -1.8700595e+00
  -2.3628507e+00
  -2.8087273e+00
  -3.2495098e+00
  -3.6889825e+00
  -3.8459203e+00
  -3.4429338e+00
  -2.3213682e+00
  -9.6918261e-01
  -1.7814723e+00
  -1.7417554e+00
  -1.2446811e+00
  -1.1436125e-01
  -9.7300100e-01
  -2.0996795e+00
  -3.2547932e+00
  -3.9142318e+00
  -8.0250132e-01
   1.6538830e-01
   2.4211003e-01
  -1.8044917e-01
  -8.9920563e-01
   3.0026528e-01
   1.4732186e+00
   3.1856117e+00
  -1.1497670e-01
  -4.4087580e-01
   1.5395191e+00
   9.5781910e-01
   2.2234328e-02
  -2.6245332e-01
  -1.3212490e-01
  -1.3054952e-01
  -3.0416679e-02
  -2.3551831e-01
  -6.3663614e-01
  -1.0919366e+00
  -1.5317123e+00
  -1.9314978e+00
  -2.4106507e+00
  -3.0855365e+00
  -3.7620661e+00
  -3.9473643e+00
  -3.0848839e+00
  -7.3141098e-01
  -1.4794306e+00
  -9.0888560e-01
  -6.2084591e-01
  -5.5590451e-02
  -8.1515843e-01
  -1.9155593e+00
  -3.3861940e+00
  -4.9524074e+00
  -2.3035955e+00
  -2.1135709e-01
  -6.9133855e-02
  -4.3603131e-01
  -1.7398019e+00
  -6.1139590e-01
   3.7484252e-01
   3.2899930e+00
   6.1803734e-01
  -1.9570726e-01
   1.2265942e+00
   9.3472946e-01
   3.2909790e-01
  -4.4130969e-01
  -3.9661935e-01
  -2.1657337e-01
   4.6911933e-03
   1.3105272e-01
  -6.9691442e-02
  -4.5424303e-01
  -8.5431677e-01
  -1.1648649e+00
  -1.5797691e+00
  -2.2958717e+00
  -3.2795129e+00
  -4.0642719e+00
  -3.7186515e+00
  -7.9314625e-01
  -5.0599504e-01
  -6.7980647e-01
  -2.3079647e-01
   4.7250371e-02
  -4.2860433e-01
  -1.3762877e+00
  -2.9621799e+00
  -5.2756038e+00
  -3.9669955e+00
  -1.1297922e+00
  -3.5880870e-01
  -1.3409898e+00
  -3.1081829e+00
  -1.4794438e+00
  -9.3177789e-01
   1.0175645e+00
   1.0707405e+00
  -3.2334685e-02
   3.1902242e-01
   8.0226970e-01
   7.8096801e-01
  -1.1528501e-01
  -5.6753296e-01
  -1.2649101e-01
   1.3112417e-01
   4.0891483e-01
   3.9245284e-01
   6.8201110e-02
  -3.7090805e-01
  -6.5165526e-01
  -9.8266464e-01
  -1.6458714e+00
  -2.7996116e+00
  -4.0774069e+00
  -3.9482529e+00
   8.6462945e-02
   6.9605470e-01
  -6.9539422e-01
   5.3477779e-02
   3.7766460e-01
   7.9735830e-02
  -6.9557720e-01
  -2.2438054e+00
  -4.8728352e+00
  -4.9824057e+00
  -1.8049549e+00
  -5.6659490e-01
  -1.4375368e+00
  -3.2722659e+00
  -2.6868780e+00
  -1.9982548e+00
  -6.6609311e-01
   5.7330585e-01
   4.5171916e-01
   2.8315449e-01
   1.0164393e+00
   9.0439814e-01
   2.3354706e-01
  -7.0875520e-01
  -2.9982415e-01
   3.3564588e-01
   7.5791824e-01
   8.1645018e-01
   5.5928487e-01
   1.0943709e-01
  -1.9779921e-01
  -5.0252110e-01
  -1.1367106e+00
  -2.4433658e+00
  -4.1612434e+00
  -3.3324084e+00
   6.7536783e-01
   1.2692505e+00
  -2.1845801e-01
   2.1532831e-01
   7.6149756e-01
   5.4745561e-01
  -5.0320528e-02
  -1.3730912e+00
  -3.8466170e+00
  -5.2933755e+00
  -1.7050686e+00
  -5.6720561e-01
  -1.3090816e+00
  -3.2589273e+00
  -2.2669771e+00
  -1.9139615e+00
  -1.2516067e+00
  -9.1561836e-01
   2.8955081e-01
   1.1161149e+00
   1.4337691e+00
   1.8531646e-01
   4.0186861e-01
  -3.4222183e-01
  -7.0747405e-01
   1.7491374e-02
   1.0628124e+00
   1.3157219e+00
   1.0902431e+00
   6.7137980e-01
   3.5430646e-01
   1.1697040e-01
  -4.5955727e-01
  -1.8991300e+00
  -4.0220332e+00
  -1.7756751e+00
   7.8843910e-01
   1.3865931e+00
   4.4834635e-01
   5.0372118e-01
   8.9613748e-01
   9.7352862e-01
   5.0130564e-01
  -4.1241199e-01
  -2.4267528e+00
  -4.5170641e+00
  -1.1338377e+00
  -8.8443279e-01
  -1.5330408e+00
  -2.9546077e+00
  -1.4786284e+00
  -1.3393214e+00
  -1.0152453e+00
  -2.3041370e+00
  -1.1967443e-01
   2.0437939e-01
  -8.8696830e-02
   2.3774903e-01
   1.9877051e-01
   8.9515500e-02
  -2.9693323e-01
  -2.8431138e-01
   8.9959008e-01
   1.4394003e+00
   1.3440400e+00
   9.7674215e-01
   7.0979843e-01
   5.3040689e-01
   4.8850581e-02
  -1.3774894e+00
  -3.3412409e+00
  -2.4441022e-01
   7.2429392e-01
   1.3372824e+00
   6.0013282e-01
   5.6872170e-01
   8.1917167e-01
   1.1007957e+00
   7.4487373e-01
   5.0352320e-02
  -1.4669262e+00
  -3.5259626e+00
  -8.3817899e-01
  -3.8985667e-01
  -1.3126975e+00
  -1.6847023e+00
  -6.8358940e-01
  -1.6066765e-02
  -9.3825358e-01
  -1.2921908e+00
  -4.8838006e-02
  -5.8607441e-01
  -8.7206286e-01
   1.8025307e-01
   9.7918257e-02
   4.3104246e-02
  -4.4839004e-01
  -8.8718665e-01
   2.6540667e-01
   1.0487287e+00
   1.2472063e+00
   1.0656288e+00
   9.6836221e-01
   9.2128146e-01
   6.0358667e-01
  -6.2433255e-01
  -2.1089818e+00
   5.7815820e-01
   4.0446717e-01
   6.0017389e-01
   4.8027560e-01
   1.9906263e-01
   6.0944307e-01
   9.9738896e-01
   8.2519692e-01
   3.7995881e-01
  -6.0282755e-01
  -2.1986828e+00
  -3.4277928e-01
  -8.1216002e-01
  -3.3752650e-01
  -4.1012365e-01
  -3.2303011e-01
  -6.1259493e-02
  -8.1022000e-01
  -9.9240851e-01
  -4.7968304e-01
  -1.1149762e+00
  -6.4712399e-01
  -3.9438133e-01
  -1.1227568e-01
   1.9951572e-01
  -5.1950377e-01
  -6.6053760e-01
  -5.4074500e-02
   7.5879070e-01
   1.1167228e+00
   1.1148307e+00
   1.0946545e+00
   1.1410795e+00
   9.8807859e-01
   1.7277182e-01
  -5.4094052e-01
   4.6115899e-01
   1.7610686e-01
  -6.3605867e-03
   2.1900328e-02
   1.6078677e-01
   2.3904054e-01
   9.0337348e-01
   9.4430059e-01
   7.2993290e-01
   1.4269885e-01
  -7.2603652e-01
   3.4296244e-01
  -4.1576695e-01
   8.0740178e-02
   9.7175196e-02
  -4.4432947e-01
   3.3866755e-01
  -7.8509218e-01
  -9.7096175e-01
   2.7613980e-01
  -6.8431187e-01
  -7.2381395e-01
  -5.3000683e-01
  -4.3305749e-01
  -4.5731602e-01
  -1.6368210e-01
  -6.6035179e-01
  -9.0211448e-02
   4.4429702e-01
   8.5154583e-01
   9.7654826e-01
   9.8736924e-01
   1.0583394e+00
   1.1336713e+00
   7.9808617e-01
   5.4974931e-01
   5.1333731e-01
  -1.0077155e-01
  -2.0065556e-01
  -2.0430184e-01
  -3.5280116e-02
   2.1722761e-02
   4.6228731e-01
   7.3995811e-01
   8.7558754e-01
   6.7157737e-01
   2.8982916e-01
   5.1127052e-01
   7.3854056e-01
   1.2918174e-01
   9.3815174e-02
  -2.3367830e-01
   8.6682618e-02
  -6.0168334e-02
  -2.8767302e-01
  -9.1325052e-02
   3.7667210e-01
   1.7831335e-01
  -2.1316753e-01
  -5.4284632e-01
  -7.6360542e-01
  -1.0950632e+00
  -1.1370271e+00
  -3.5782582e-01
  -5.5963579e-01
  -3.4693003e-02
   2.7685201e-01
   4.3227452e-01
   5.5491793e-01
   9.4826901e-01
   1.2587157e+00
   1.0180291e+00
   4.7719789e-01
  -8.7636342e-02
  -1.4551723e-01
  -2.7364624e-01
   4.9445902e-03
  -1.7926833e-01
  -6.7072529e-01
  -3.9480316e-01
   2.2474824e-01
   6.5820783e-01
   8.6538469e-01
   1.0776858e+00
   8.9562684e-01
   4.1183504e-01
   3.0107725e-01
   1.6675584e-01
   1.2846901e-01
   2.4232252e-01
   1.5606871e-01
   3.4812044e-01
   1.0864298e+00
   5.7657290e-01
   2.0514078e-01
   2.3482090e-01
  -1.8236350e-01
  -4.7623387e-01
  -1.5548553e+00
  -1.1099521e+00
  -1.0739458e+00
  -1.2716951e+00
  -7.5755936e-01
  -1.2006105e-01
   1.2478965e-01
   2.6111421e-01
   1.0283204e+00
   4.5817024e-01
   2.4680480e-01
   3.8191881e-02
  -4.4209155e-01
  -6.5939689e-01
  -1.3047567e-01
  -2.7267700e-01
  -1.3197938e+00
  -1.8427182e+00
  -1.7210108e+00
  -5.6511241e-01
   4.8411572e-01
   1.2837074e+00
   1.4749612e+00
   2.9168150e-01
   3.3350086e-01
   2.3828059e-01
   8.2936250e-02
   6.6964082e-02
  -6.2308706e-02
   1.8657622e-01
   4.4881642e-01
   4.5704532e-01
   5.5491858e-02
  -2.6770476e-01
   2.8933236e-01
   3.4175618e-01
  -2.3303039e-01
  -3.2372281e-01
  -2.7254474e-01
  -8.8255888e-01
  -1.0359398e+00
  -3.6840080e-01
   9.0384014e-02
   5.3364915e-01
   5.8199440e-01
   1.6345260e-01
   9.5174529e-02
  -2.4604578e-01
  -4.1523665e-01
  -6.6977936e-01
  -3.0705654e-01
  -6.0857028e-01
  -7.9133707e-01
   9.3914772e-01
  -3.2393277e+00
  -3.2318101e+00
  -2.0526650e+00
  -1.0877340e+00
   7.0607674e-01
   8.7355401e-01
   2.7335081e-01
   3.9386991e-03
  -8.9037102e-02
  -1.0201030e-01
  -3.3614534e-01
  -2.7467966e-01
   3.7682170e-01
   5.0990105e-01
   1.8184102e-01
   1.5033391e-01
   2.6186785e-01
   2.1287131e-01
   8.6046390e-02
  -3.2928839e-02
  -1.7098409e-01
  -3.2321921e-01
  -5.3468800e-01
  -4.0790725e-01
  -3.6202312e-01
  -5.2662462e-01
  -6.6002357e-01
  -5.4165143e-01
  -4.3508011e-01
  -4.2793486e-01
  -4.0539959e-01
  -4.7579700e-01
  -5.1596832e-01
  -1.3646848e-01
   1.3260541e+00
   2.7251647e+00
   6.2158883e-01
  -1.6384600e+00
  -1.8495274e+00
  -1.5402350e+00
  -8.1813031e-01
  -1.5596569e-01
   4.5381717e-02
  -1.7231017e-01
  -3.0049926e-01
  -4.2154244e-01
  -4.7026548e-01
  -4.0122911e-01
  -1.0719663e-01
   2.1057987e-01
