   0.0000000e+00
   0.0000000e+00
   0.0000000e+00
   0.0000000e+00
   0.0000000e+00
   0.0000000e+00
   0.0000000e+00
   0.0000000e+00
   0.0000000e+00
   0.0000000e+00
   0.0000000e+00
   0.0000000e+00
   0.0000000e+00
   0.0000000e+00
   0.0000000e+00
   0.0000000e+00
   0.0000000e+00
   0.0000000e+00
   0.0000000e+00
   0.0000000e+00
  -6.2501061e-02
  -7.6055297e-02
  -1.2612716e-01
   0.0000000e+00
   0.0000000e+00
   0.0000000e+00
   0.0000000e+00
   0.0000000e+00
   0.0000000e+00
   0.0000000e+00
   0.0000000e+00
   0.0000000e+00
   0.0000000e+00
   0.0000000e+00
   0.0000000e+00
   0.0000000e+00
  -6.0299536e-02
  -9.4908206e-02
  -1.1499860e-01
  -9.4034429e-02
  -8.0066329e-02
  -7.0424495e-02
  -2.8241177e-02
  -2.4716455e-02
  -1.7712816e-02
  -1.6308953e-02
  -1.8621706e-02
  -2.8055429e-02
  -2.6531685e-02
  -3.4775695e-02
  -4.3327724e-02
  -4.2764983e-02
  -4.0265434e-02
  -2.8850358e-02
  -2.1619830e-02
   2.3602414e-02
  -1.5305813e-02
  -2.1336464e-02
  -3.9058876e-02
  -5.3638926e-02
  -9.0731809e-02
  -1.0640558e-01
  -1.2975562e-01
  -1.3217803e-01
  -1.4017156e-01
  -1.2651059e-01
  -1.7821506e-01
   0.0000000e+00
  -8.9034319e-02
  -1.0342103e-01
  -1.7696763e-01
   0.0000000e+00
  -4.0241886e-02
  -1.3370199e-02
   4.1664741e-04
   1.3430714e-02
   2.9231930e-02
   4.2475667e-02
   5.1699606e-02
   5.9161786e-02
   6.4797945e-02
   6.3113250e-02
   5.7612002e-02
   5.1811088e-02
   4.6999568e-02
   4.3865748e-02
   4.3203197e-02
   4.4842063e-02
   4.8694789e-02
   5.4689169e-02
   6.1517868e-02
   6.9643213e-02
   6.7805976e-02
   6.5171115e-02
   5.7295814e-02
   4.2497844e-02
   2.4403284e-02
   9.6435063e-03
   1.4781278e-03
  -1.8226060e-03
  -8.4223906e-03
  -2.1885563e-02
  -3.7688146e-02
  -3.5309409e-02
  -2.8503114e-02
  -3.3906653e-02
  -6.3577388e-02
  -7.0341190e-02
   7.6490922e-02
   8.3597176e-02
   9.0237536e-02
   9.6382070e-02
   1.0164441e-01
   1.0595617e-01
   1.1018589e-01
   1.1196622e-01
   1.1788154e-01
   1.1875857e-01
   1.1438520e-01
   1.0852860e-01
   1.0450593e-01
   1.0182863e-01
   1.0031470e-01
   1.0134016e-01
   1.0506208e-01
   1.1217511e-01
   1.2331984e-01
   1.0995004e-01
   1.0121422e-01
   1.0915651e-01
   1.1551038e-01
   1.0805211e-01
   9.6549023e-02
   9.0342075e-02
   9.1767333e-02
   9.5638994e-02
   1.0163042e-01
   1.0661110e-01
   1.0792053e-01
   1.0572063e-01
   1.0099953e-01
   9.5064271e-02
   8.4895320e-02
   7.5559124e-02
   1.6412042e-01
   1.6267072e-01
   1.5610674e-01
   1.4985041e-01
   1.4477842e-01
   1.3111703e-01
   1.2761194e-01
   1.2811854e-01
   1.3321710e-01
   1.3416757e-01
   1.3543415e-01
   1.3411050e-01
   1.3318039e-01
   1.3159800e-01
   1.2881233e-01
   1.2804715e-01
   1.2891245e-01
   1.2963764e-01
   1.2139136e-01
   8.8337203e-02
   9.5648855e-02
   1.2045296e-01
   1.4192596e-01
   1.4992583e-01
   1.4861564e-01
   1.4810550e-01
   1.5320885e-01
   1.5756945e-01
   1.6277166e-01
   1.6475204e-01
   1.6699621e-01
   1.7513123e-01
   1.7916739e-01
   1.7847614e-01
   1.7583641e-01
   1.6800021e-01
   2.0035191e-01
   1.9181038e-01
   1.7221483e-01
   1.5551266e-01
   1.4894551e-01
   1.1361867e-01
   1.0692651e-01
   1.1483648e-01
   1.1810089e-01
   1.1736953e-01
   1.2288495e-01
   1.2449726e-01
   1.2443241e-01
   1.2340964e-01
   1.2062237e-01
   1.1826370e-01
   1.1597274e-01
   1.0973043e-01
   9.0045002e-02
   0.0000000e+00
   6.8627901e-02
   1.0316409e-01
   1.3008006e-01
   1.5078321e-01
   1.6116370e-01
   1.6569997e-01
   1.6986978e-01
   1.6822558e-01
   1.6404576e-01
   1.5371661e-01
   1.5223616e-01
   1.7126221e-01
   1.9128173e-01
   2.0222347e-01
   2.0834946e-01
   2.0565723e-01
   1.7824492e-01
   1.6399533e-01
   1.3413061e-01
   1.1745060e-01
   0.0000000e+00
   8.6658960e-02
   7.6165482e-02
   7.4951551e-02
   8.9466661e-02
   8.9692891e-02
   9.3020983e-02
   9.4008215e-02
   9.3842983e-02
   9.2485018e-02
   9.0165958e-02
   8.7988697e-02
   8.5531265e-02
   7.7546671e-02
   6.3970461e-02
   0.0000000e+00
   4.0057181e-02
   6.5290272e-02
   9.1802694e-02
   1.2041128e-01
   1.3703933e-01
   1.4370687e-01
   1.4267969e-01
   1.3140075e-01
   1.2569197e-01
   1.1628333e-01
   1.1245171e-01
   1.3351715e-01
   1.5957499e-01
   1.7820011e-01
   1.8875544e-01
   1.8821512e-01
   1.1183203e-01
   0.0000000e+00
   0.0000000e+00
   0.0000000e+00
   0.0000000e+00
   5.1007742e-02
   4.6508113e-02
   5.0888482e-02
   5.4444306e-02
   5.2621776e-02
   5.3397682e-02
   5.3668201e-02
   5.3804943e-02
   5.2962035e-02
   5.1832087e-02
   5.1961021e-02
   5.0512832e-02
   4.3256279e-02
   3.2353666e-02
   0.0000000e+00
   0.0000000e+00
   2.6955363e-02
   4.9324427e-02
   7.8164525e-02
   9.2832681e-02
   9.6685410e-02
   8.6891659e-02
   6.9948650e-02
   7.1739174e-02
   7.3874421e-02
   6.9987319e-02
   8.2917221e-02
   1.0312356e-01
   1.1954637e-01
   1.2818578e-01
   1.2561421e-01
   4.5582425e-02
   0.0000000e+00
   0.0000000e+00
   0.0000000e+00
   0.0000000e+00
   2.0113026e-02
   1.6894724e-02
   1.7227940e-02
   1.7357554e-02
   1.6394824e-02
   1.7004415e-02
   1.7766332e-02
   1.8219357e-02
   1.8373108e-02
   1.9400144e-02
   2.1135585e-02
   2.0401582e-02
   1.3565090e-02
   5.4425303e-03
   0.0000000e+00
   0.0000000e+00
  -7.2078807e-04
   2.0967146e-02
   4.1813985e-02
   4.9342562e-02
   4.7707479e-02
   3.2529026e-02
   1.7605679e-02
   0.0000000e+00
   2.4671729e-02
   2.2534605e-02
   2.9544989e-02
   4.3150719e-02
   5.3116795e-02
   5.8066446e-02
   5.4709874e-02
  -1.1727184e-02
   0.0000000e+00
   0.0000000e+00
   0.0000000e+00
   0.0000000e+00
  -1.0084769e-02
  -1.5097048e-02
  -1.7030766e-02
  -1.7268151e-02
  -1.6895676e-02
  -1.5818644e-02
  -1.4178379e-02
  -1.2451364e-02
  -1.0041328e-02
  -6.9903694e-03
  -5.0404058e-03
  -6.5692170e-03
  -1.3012195e-02
  -1.4519636e-02
   0.0000000e+00
   0.0000000e+00
  -1.7444593e-02
  -1.0085743e-03
   1.0332237e-02
   1.1295982e-02
   5.5491994e-03
  -1.3143288e-02
  -0.0000000e+00
   0.0000000e+00
  -1.1987576e-02
  -1.4091536e-02
  -1.0743629e-02
  -4.8475880e-03
  -1.1996800e-03
  -2.2293651e-04
  -4.5856228e-03
  -4.2686242e-02
  -2.4331440e-02
   0.0000000e+00
   0.0000000e+00
   0.0000000e+00
  -3.7088711e-02
  -4.1320096e-02
  -4.3883171e-02
  -4.3602813e-02
  -4.2212060e-02
  -3.9897423e-02
  -3.6518674e-02
  -3.2453060e-02
  -2.7976502e-02
  -2.4841806e-02
  -2.4835068e-02
  -2.9272569e-02
  -3.5147958e-02
  -2.6260592e-02
   0.0000000e+00
   0.0000000e+00
  -3.1915427e-02
  -1.5839086e-02
  -1.2097718e-02
  -1.7055785e-02
  -2.7163519e-02
  -4.3701012e-02
  -0.0000000e+00
   0.0000000e+00
  -2.8558688e-02
  -2.8721406e-02
  -3.3578642e-02
  -3.6009543e-02
  -3.8363314e-02
  -4.1533459e-02
  -4.6665870e-02
  -5.4230049e-02
  -2.5956766e-02
   0.0000000e+00
   0.0000000e+00
  -0.0000000e+00
  -5.3710338e-02
  -5.7641804e-02
  -6.0595430e-02
  -6.0495801e-02
  -5.8483567e-02
  -5.4002080e-02
  -4.7296286e-02
  -4.1390181e-02
  -3.7467960e-02
  -3.7936509e-02
  -4.3025751e-02
  -5.1145256e-02
  -5.4023251e-02
  -2.3818455e-02
   0.0000000e+00
   0.0000000e+00
   0.0000000e+00
  -2.4590666e-02
  -3.2076374e-02
  -4.1649446e-02
  -5.3647097e-02
  -5.5681679e-02
  -0.0000000e+00
   0.0000000e+00
  -0.0000000e+00
  -3.6245771e-02
  -4.8109509e-02
  -5.8693379e-02
  -6.6485524e-02
  -7.3135577e-02
  -7.5814307e-02
  -5.7881206e-02
  -2.6792791e-02
   0.0000000e+00
   0.0000000e+00
  -0.0000000e+00
  -0.0000000e+00
  -6.1608598e-02
  -6.4952657e-02
  -6.5139078e-02
  -6.1834380e-02
  -5.5067956e-02
  -4.6602122e-02
  -4.1390162e-02
  -4.1489005e-02
  -4.8529979e-02
  -5.8375753e-02
  -6.6855416e-02
  -6.4248219e-02
  -3.1863183e-02
   0.0000000e+00
   0.0000000e+00
   0.0000000e+00
  -3.8087810e-02
  -5.0034393e-02
  -6.0343795e-02
  -6.7836925e-02
  -4.7570795e-02
  -0.0000000e+00
   0.0000000e+00
  -0.0000000e+00
  -0.0000000e+00
  -5.7233941e-02
  -7.2982579e-02
  -8.3591811e-02
  -9.0977430e-02
  -8.7704316e-02
  -5.0395604e-02
  -3.0056203e-02
  -3.4456823e-02
  -0.0000000e+00
  -6.2369279e-02
  -5.2307628e-02
  -5.4682091e-02
  -5.7216588e-02
  -5.7390604e-02
  -5.3312004e-02
  -4.6739530e-02
  -4.0813066e-02
  -4.0629953e-02
  -4.7730185e-02
  -6.0345396e-02
  -7.0839681e-02
  -7.5021483e-02
  -6.8939917e-02
  -5.2342154e-02
   0.0000000e+00
   0.0000000e+00
   0.0000000e+00
  -5.8109072e-02
  -6.9073975e-02
  -7.4723989e-02
  -6.9378205e-02
  -3.1096367e-02
  -0.0000000e+00
   0.0000000e+00
   0.0000000e+00
  -1.1246345e-02
  -6.5506026e-02
  -8.1000790e-02
  -9.0222403e-02
  -9.3541674e-02
  -8.1581511e-02
  -3.5248760e-02
  -2.4758749e-02
  -3.5178544e-02
  -5.7023589e-02
  -6.4633766e-02
  -3.8815521e-02
  -3.8801439e-02
  -3.9930362e-02
  -3.9855875e-02
  -3.7798777e-02
  -3.5941571e-02
  -3.7838358e-02
  -4.6093326e-02
  -5.8147285e-02
  -6.9186300e-02
  -7.4295647e-02
  -7.2160758e-02
  -5.6685336e-02
  -0.0000000e+00
   0.0000000e+00
   0.0000000e+00
   0.0000000e+00
  -6.9568833e-02
  -7.6653674e-02
  -7.3669024e-02
  -5.6416214e-02
  -1.8839579e-02
  -0.0000000e+00
   0.0000000e+00
   0.0000000e+00
  -3.0594917e-02
  -6.6855888e-02
  -7.6262772e-02
  -7.9717442e-02
  -7.6090768e-02
  -6.0244218e-02
  -1.8418798e-02
  -1.7962388e-02
  -2.5614873e-02
  -3.4045107e-02
  -2.3799970e-02
  -2.5104893e-02
  -2.3890546e-02
  -2.4088703e-02
  -2.4417665e-02
  -2.5690002e-02
  -3.0051023e-02
  -4.0365398e-02
  -5.4024100e-02
  -6.5928780e-02
  -7.1798682e-02
  -6.9932871e-02
  -6.0470942e-02
  -3.5982235e-02
  -0.0000000e+00
   0.0000000e+00
   0.0000000e+00
   0.0000000e+00
  -0.0000000e+00
  -7.2532699e-02
  -6.3083142e-02
  -4.0720910e-02
  -9.6441144e-03
   0.0000000e+00
   0.0000000e+00
   0.0000000e+00
  -4.4690996e-02
  -5.8819011e-02
  -6.0501322e-02
  -5.7451937e-02
  -4.8732534e-02
  -3.4380905e-02
  -7.2832806e-03
  -0.0000000e+00
  -7.8609474e-03
  -1.1288171e-02
  -2.2934777e-02
  -2.1085253e-02
  -2.3009842e-02
  -2.5145462e-02
  -2.7279461e-02
  -3.0899076e-02
  -3.7163667e-02
  -4.6796374e-02
  -5.6359462e-02
  -6.2510155e-02
  -6.2363863e-02
  -5.4875553e-02
  -3.9634246e-02
  -1.5759320e-02
   0.0000000e+00
   0.0000000e+00
   0.0000000e+00
   0.0000000e+00
  -6.0403442e-02
  -6.2005516e-02
  -4.7613453e-02
  -2.4761232e-02
  -3.1475764e-03
   0.0000000e+00
   0.0000000e+00
   0.0000000e+00
  -3.7947033e-02
  -4.0220235e-02
  -3.6509965e-02
  -2.8037827e-02
  -1.6891798e-02
  -7.3949742e-03
   0.0000000e+00
   0.0000000e+00
  -6.9747055e-03
  -2.3179695e-02
  -3.1464387e-02
  -3.2438487e-02
  -3.9345803e-02
  -4.3369461e-02
  -4.5697894e-02
  -4.7360915e-02
  -4.8849858e-02
  -5.0304063e-02
  -5.0988867e-02
  -4.9279884e-02
  -4.3188937e-02
  -3.3024354e-02
  -1.7238202e-02
  -1.7925496e-03
   0.0000000e+00
   0.0000000e+00
   0.0000000e+00
  -7.2502966e-02
  -5.9130958e-02
  -4.4031143e-02
  -2.9387370e-02
  -9.2519065e-03
   6.1149652e-03
   0.0000000e+00
   0.0000000e+00
   0.0000000e+00
  -2.7918057e-02
  -2.0179441e-02
  -1.3593791e-02
  -2.1930243e-03
   9.5574949e-03
   1.2912697e-02
   0.0000000e+00
   0.0000000e+00
  -1.3192913e-02
  -3.1386409e-02
  -3.6962446e-02
  -4.1455690e-02
  -4.7748283e-02
  -5.1215373e-02
  -5.2496295e-02
  -5.2167527e-02
  -5.0546199e-02
  -4.8131436e-02
  -4.5366477e-02
  -4.0842265e-02
  -3.2587778e-02
  -2.1156460e-02
  -5.8577526e-03
   6.5475112e-03
   0.0000000e+00
   0.0000000e+00
   0.0000000e+00
  -6.4690506e-02
  -4.8463106e-02
  -2.7216475e-02
  -1.4953511e-02
   3.7177212e-03
   1.4106890e-02
   0.0000000e+00
   0.0000000e+00
   0.0000000e+00
  -1.9609855e-02
  -9.2852917e-03
  -9.7717589e-04
   1.1783806e-02
   2.2177106e-02
   1.9599053e-02
   0.0000000e+00
   0.0000000e+00
  -1.6371340e-02
  -3.1348938e-02
  -3.8254280e-02
  -4.4231204e-02
  -4.9974389e-02
  -5.3684763e-02
  -5.5639672e-02
  -5.5749196e-02
  -5.3446143e-02
  -4.8827945e-02
  -4.3696373e-02
  -3.7347381e-02
  -2.7524840e-02
  -1.6044091e-02
  -4.7779722e-03
   8.3405147e-03
   0.0000000e+00
   0.0000000e+00
   0.0000000e+00
  -5.5698372e-02
  -3.0194426e-02
  -9.5947415e-03
   1.4273037e-03
   1.8568654e-02
   2.4456399e-02
   0.0000000e+00
   0.0000000e+00
   0.0000000e+00
  -0.0000000e+00
   9.3379133e-04
   7.8219892e-03
   2.2753188e-02
   2.9670127e-02
   1.8422421e-02
  -0.0000000e+00
  -5.3072662e-03
  -2.0341821e-02
  -3.3775203e-02
  -4.3808479e-02
  -5.2777957e-02
  -5.9234697e-02
  -6.2131364e-02
  -6.2086098e-02
  -5.9537403e-02
  -5.4769021e-02
  -4.7567133e-02
  -3.9498031e-02
  -3.1184336e-02
  -2.2872614e-02
  -1.8565595e-02
  -1.6043451e-02
  -1.0854978e-02
   0.0000000e+00
   0.0000000e+00
  -6.2359272e-02
  -5.1260891e-02
  -2.5507025e-02
   3.1180442e-03
   1.5677277e-02
   0.0000000e+00
   0.0000000e+00
   0.0000000e+00
   0.0000000e+00
   0.0000000e+00
  -0.0000000e+00
   1.7579554e-02
   1.6540596e-02
   2.9818700e-02
   3.5324901e-02
   1.4076219e-02
   0.0000000e+00
  -1.3351698e-02
  -2.6972914e-02
  -4.0449485e-02
  -5.4456752e-02
  -6.8385877e-02
  -7.8702480e-02
  -8.4589429e-02
  -8.5993923e-02
  -8.2970113e-02
  -7.6219454e-02
  -6.5444998e-02
  -5.1916778e-02
  -3.7087511e-02
  -2.7018307e-02
  -3.0280355e-02
  -2.7871702e-02
  -3.2186228e-02
  -0.0000000e+00
   0.0000000e+00
  -6.4065540e-02
  -5.5560205e-02
  -3.3312745e-02
   9.8189781e-04
   2.2862653e-02
   0.0000000e+00
   0.0000000e+00
   0.0000000e+00
   0.0000000e+00
   0.0000000e+00
   0.0000000e+00
   3.6388993e-02
   2.7995473e-02
   0.0000000e+00
   3.6465861e-02
   1.5561543e-02
   0.0000000e+00
  -2.4783929e-02
  -3.4157410e-02
  -4.5355100e-02
  -5.9708163e-02
  -7.5400896e-02
  -8.8107839e-02
  -9.7398184e-02
  -1.0307143e-01
  -1.0432810e-01
  -1.0102481e-01
  -9.1095649e-02
  -7.4384890e-02
  -5.2260019e-02
  -3.2496240e-02
  -3.3788536e-02
  -3.7068096e-02
  -0.0000000e+00
  -9.8249475e-02
  -8.9033375e-02
  -6.8242259e-02
  -6.4068809e-02
  -4.7600437e-02
  -1.1930420e-02
   0.0000000e+00
   0.0000000e+00
   0.0000000e+00
   0.0000000e+00
   0.0000000e+00
   0.0000000e+00
   0.0000000e+00
   5.0402830e-02
   4.3827340e-02
   0.0000000e+00
   3.0627574e-02
   2.5879934e-02
  -0.0000000e+00
  -3.8480694e-02
  -4.2152911e-02
  -4.8301147e-02
  -5.7954926e-02
  -7.0205353e-02
  -8.1673314e-02
  -9.1256313e-02
  -9.8245099e-02
  -1.0223487e-01
  -1.0320445e-01
  -9.8675743e-02
  -8.6114173e-02
  -6.2906168e-02
  -3.1440336e-02
  -1.7833296e-02
  -0.0000000e+00
  -6.5551510e-02
  -8.8049044e-02
  -8.0663018e-02
  -7.0639029e-02
  -7.2078354e-02
  -6.3323289e-02
  -3.4020215e-02
  -0.0000000e+00
   0.0000000e+00
   0.0000000e+00
   0.0000000e+00
   0.0000000e+00
   0.0000000e+00
   0.0000000e+00
   6.3229648e-02
   6.0944267e-02
   0.0000000e+00
   0.0000000e+00
   0.0000000e+00
  -0.0000000e+00
  -4.8429489e-02
  -4.8030093e-02
  -4.7836307e-02
  -5.0598241e-02
  -5.6692638e-02
  -6.5203719e-02
  -7.3370092e-02
  -7.9815425e-02
  -8.4560312e-02
  -8.8674657e-02
  -8.9670472e-02
  -8.2664959e-02
  -6.0734183e-02
  -2.3162754e-02
  -0.0000000e+00
  -4.3089324e-02
  -5.3376405e-02
  -6.2744759e-02
  -6.3627988e-02
  -6.4897686e-02
  -6.9089808e-02
  -7.0044883e-02
  -5.6878842e-02
  -0.0000000e+00
   0.0000000e+00
   0.0000000e+00
   0.0000000e+00
   0.0000000e+00
   0.0000000e+00
   0.0000000e+00
   0.0000000e+00
   0.0000000e+00
   0.0000000e+00
   0.0000000e+00
   0.0000000e+00
   0.0000000e+00
  -0.0000000e+00
  -4.5879874e-02
  -4.0566660e-02
  -3.8877215e-02
  -4.1472230e-02
  -4.8126146e-02
  -5.5329058e-02
  -6.1005119e-02
  -6.5368958e-02
  -7.0524603e-02
  -7.4308895e-02
  -6.9800705e-02
  -4.8132014e-02
  -1.1155182e-02
   0.0000000e+00
  -4.0094132e-02
  -4.6666488e-02
  -4.7458954e-02
  -4.9375679e-02
  -5.1924922e-02
  -5.7783283e-02
  -6.6312797e-02
  -6.9032080e-02
  -0.0000000e+00
   0.0000000e+00
   0.0000000e+00
   0.0000000e+00
   0.0000000e+00
   0.0000000e+00
   0.0000000e+00
   0.0000000e+00
   0.0000000e+00
   0.0000000e+00
   0.0000000e+00
   0.0000000e+00
   0.0000000e+00
   0.0000000e+00
  -3.3607045e-02
  -2.2823704e-02
  -1.7101697e-02
  -1.9101262e-02
  -2.5000487e-02
  -3.1604156e-02
  -3.6693528e-02
  -4.0385338e-02
  -4.5173818e-02
  -5.0317956e-02
  -4.8391910e-02
  -2.7363541e-02
   3.9546525e-03
   0.0000000e+00
  -0.0000000e+00
  -3.2985137e-02
  -2.8810630e-02
  -2.8698277e-02
  -3.2082233e-02
  -3.8404758e-02
  -4.9446286e-02
  -6.2425621e-02
  -5.9671553e-02
   0.0000000e+00
   0.0000000e+00
   0.0000000e+00
   0.0000000e+00
   0.0000000e+00
   0.0000000e+00
   0.0000000e+00
   0.0000000e+00
   0.0000000e+00
   0.0000000e+00
   0.0000000e+00
   0.0000000e+00
   0.0000000e+00
  -1.0776292e-02
  -3.7253057e-04
   1.2504875e-02
   1.0100024e-02
   2.8950621e-03
  -4.1114087e-03
  -9.1491817e-03
  -1.2683970e-02
  -1.6933383e-02
  -2.2025881e-02
  -2.2753010e-02
  -2.9994228e-03
   2.1596245e-02
   0.0000000e+00
   0.0000000e+00
   0.0000000e+00
  -4.5614014e-03
  -5.6361742e-03
  -1.0826440e-02
  -1.6502565e-02
  -2.4966050e-02
  -3.7584163e-02
  -3.7514123e-02
   0.0000000e+00
   0.0000000e+00
   0.0000000e+00
   0.0000000e+00
   0.0000000e+00
   0.0000000e+00
   0.0000000e+00
   0.0000000e+00
   0.0000000e+00
   0.0000000e+00
   0.0000000e+00
   0.0000000e+00
   0.0000000e+00
   2.3711847e-03
   2.2819108e-02
   4.2289381e-02
   4.4476580e-02
   3.6556982e-02
   2.8731365e-02
   2.3250371e-02
   1.9280611e-02
   1.4989875e-02
   9.8074144e-03
   5.5930782e-03
   1.8553358e-02
   0.0000000e+00
   0.0000000e+00
   0.0000000e+00
   0.0000000e+00
   1.9406312e-02
   2.2694632e-02
   1.5247431e-02
   9.3902238e-03
   4.0609580e-03
  -4.7149672e-03
  -8.8790378e-03
   0.0000000e+00
   0.0000000e+00
   0.0000000e+00
   0.0000000e+00
   0.0000000e+00
   0.0000000e+00
   0.0000000e+00
   0.0000000e+00
   0.0000000e+00
   0.0000000e+00
   0.0000000e+00
   0.0000000e+00
   0.0000000e+00
   0.0000000e+00
   3.4686053e-02
   6.8073958e-02
   6.4696692e-02
   6.0251206e-02
   5.6147575e-02
   5.2789226e-02
   5.0067028e-02
   4.6443865e-02
   4.0640011e-02
   3.1718872e-02
   2.5842533e-02
   0.0000000e+00
   0.0000000e+00
   0.0000000e+00
   0.0000000e+00
   0.0000000e+00
   4.5297090e-02
   4.0458623e-02
   3.5527646e-02
   3.3520427e-02
   3.0405667e-02
   2.3854083e-02
   0.0000000e+00
   0.0000000e+00
   0.0000000e+00
   0.0000000e+00
   0.0000000e+00
   0.0000000e+00
   0.0000000e+00
   0.0000000e+00
   0.0000000e+00
   0.0000000e+00
   0.0000000e+00
   0.0000000e+00
   0.0000000e+00
   0.0000000e+00
   4.1708325e-02
   6.7854509e-02
   5.6398097e-02
   6.3388661e-02
   6.9527633e-02
   7.2462939e-02
   7.2579414e-02
   7.0458986e-02
   6.4845279e-02
   5.1646613e-02
   2.9151121e-02
   0.0000000e+00
   0.0000000e+00
   0.0000000e+00
   0.0000000e+00
   0.0000000e+00
   5.3046912e-02
   5.2614264e-02
   5.3326748e-02
   5.9948102e-02
   6.4785615e-02
   5.5681808e-02
   0.0000000e+00
   0.0000000e+00
   0.0000000e+00
   0.0000000e+00
   0.0000000e+00
   0.0000000e+00
   0.0000000e+00
   0.0000000e+00
   0.0000000e+00
   0.0000000e+00
   0.0000000e+00
   0.0000000e+00
   0.0000000e+00
   0.0000000e+00
   0.0000000e+00
   4.7687143e-02
   4.9696460e-02
   5.6036432e-02
   6.6863768e-02
   7.4045010e-02
   7.4682160e-02
   7.3196426e-02
   6.9405206e-02
   5.6568869e-02
   3.7644527e-02
   0.0000000e+00
   0.0000000e+00
   0.0000000e+00
   0.0000000e+00
   0.0000000e+00
   0.0000000e+00
   4.9754308e-02
   6.5859623e-02
   7.9133756e-02
   8.8417262e-02
   8.3567508e-02
   6.4663101e-02
   0.0000000e+00
   0.0000000e+00
   0.0000000e+00
   0.0000000e+00
   0.0000000e+00
   0.0000000e+00
   0.0000000e+00
   0.0000000e+00
   0.0000000e+00
   0.0000000e+00
   0.0000000e+00
   0.0000000e+00
   0.0000000e+00
   0.0000000e+00
   2.3502737e-02
   1.9013131e-02
   2.2547749e-02
   3.6501336e-02
   4.5883903e-02
   4.7217906e-02
   4.9895150e-02
   5.2630347e-02
   4.2101135e-02
   0.0000000e+00
   0.0000000e+00
   0.0000000e+00
   0.0000000e+00
   0.0000000e+00
   0.0000000e+00
   0.0000000e+00
   4.2767814e-02
   6.1351638e-02
   8.1717973e-02
   9.2369344e-02
   8.9929631e-02
   0.0000000e+00
   0.0000000e+00
   0.0000000e+00
   0.0000000e+00
   0.0000000e+00
   0.0000000e+00
   0.0000000e+00
   0.0000000e+00
   0.0000000e+00
   0.0000000e+00
   0.0000000e+00
   0.0000000e+00
   0.0000000e+00
   0.0000000e+00
   0.0000000e+00
  -0.0000000e+00
  -0.0000000e+00
  -2.3002807e-02
  -1.6140703e-02
  -2.8725159e-03
   0.0000000e+00
   0.0000000e+00
   0.0000000e+00
   0.0000000e+00
   0.0000000e+00
   0.0000000e+00
   0.0000000e+00
   0.0000000e+00
   0.0000000e+00
   0.0000000e+00
   0.0000000e+00
   2.2333783e-02
   3.2213710e-02
   0.0000000e+00
   5.8528624e-02
   5.6771423e-02
   2.5050772e-02
   1.5560285e-02
   0.0000000e+00
   0.0000000e+00
   0.0000000e+00
   0.0000000e+00
   0.0000000e+00
   0.0000000e+00
   0.0000000e+00
   0.0000000e+00
   0.0000000e+00
   0.0000000e+00
   0.0000000e+00
   0.0000000e+00
   0.0000000e+00
   0.0000000e+00
   0.0000000e+00
  -0.0000000e+00
  -0.0000000e+00
  -0.0000000e+00
  -0.0000000e+00
   0.0000000e+00
  -0.0000000e+00
   0.0000000e+00
   0.0000000e+00
   0.0000000e+00
   0.0000000e+00
   0.0000000e+00
   0.0000000e+00
   0.0000000e+00
   0.0000000e+00
   8.1581504e-03
   0.0000000e+00
  -0.0000000e+00
  -0.0000000e+00
  -2.1109176e-02
  -5.1916353e-03
   2.9357877e-03
   0.0000000e+00
   0.0000000e+00
   0.0000000e+00
   0.0000000e+00
   0.0000000e+00
   0.0000000e+00
   0.0000000e+00
   0.0000000e+00
   0.0000000e+00
   0.0000000e+00
   0.0000000e+00
   0.0000000e+00
  -1.0622225e-02
   0.0000000e+00
  -1.6036318e-02
  -1.8890224e-02
  -2.3703393e-02
  -3.0989073e-02
  -3.6617584e-02
  -3.7797843e-02
  -3.1430365e-02
  -2.6582962e-02
  -1.8053592e-02
   0.0000000e+00
   0.0000000e+00
   0.0000000e+00
   0.0000000e+00
   1.7808856e-02
   9.4661143e-03
   9.4623587e-03
   0.0000000e+00
   0.0000000e+00
  -0.0000000e+00
  -3.0029110e-02
  -2.4033887e-02
  -2.4361022e-02
  -3.3321526e-02
  -2.7238058e-02
  -1.5250775e-02
  -1.0168330e-02
  -1.0291694e-02
  -7.5565478e-03
  -1.0684196e-02
   0.0000000e+00
   0.0000000e+00
