   0.0000000e+00
   0.0000000e+00
   0.0000000e+00
   0.0000000e+00
   0.0000000e+00
   0.0000000e+00
   0.0000000e+00
   5.2315252e-02
   2.8663182e-02
   2.0691008e-02
   7.2665553e-03
  -1.0539360e-02
  -0.0000000e+00
  -0.0000000e+00
   0.0000000e+00
   0.0000000e+00
   0.0000000e+00
   0.0000000e+00
   0.0000000e+00
   0.0000000e+00
   2.3330834e-02
  -9.3013913e-03
  -2.6065374e-02
  -0.0000000e+00
  -0.0000000e+00
   0.0000000e+00
   0.0000000e+00
   0.0000000e+00
   0.0000000e+00
   0.0000000e+00
   0.0000000e+00
   0.0000000e+00
   0.0000000e+00
   0.0000000e+00
   0.0000000e+00
   0.0000000e+00
   8.3274789e-02
   2.5809454e-02
   9.9807094e-03
   1.7561354e-02
  -3.9352850e-05
  -2.3694578e-03
   1.0826992e-02
   1.6100623e-02
   1.6021913e-02
   1.3437961e-02
   9.1923513e-03
   1.3094667e-03
  -4.1740658e-03
  -7.4128411e-03
  -5.7812193e-03
  -2.6300871e-03
   1.8012658e-03
   2.9700899e-03
   1.0880401e-03
  -1.0042090e-03
   7.4874605e-03
   9.0449210e-03
   6.9751348e-03
   1.8607717e-03
  -5.5481538e-04
   1.1322074e-02
   1.8282157e-02
   1.5441315e-02
   7.8579938e-04
  -3.9058119e-03
   1.8055291e-02
   5.8554987e-02
   3.5209147e-02
   1.4626754e-02
   3.1649928e-02
   7.4021208e-02
   6.3517862e-03
  -1.1531796e-02
  -2.4258528e-02
  -3.0916836e-02
  -3.0074140e-02
  -2.3223909e-02
  -1.3844256e-02
  -5.0252783e-03
   1.7910207e-03
   3.0861669e-03
   4.9666828e-04
  -4.7044978e-03
  -1.0249155e-02
  -1.4900842e-02
  -1.7007004e-02
  -1.6948216e-02
  -1.5484714e-02
  -1.3543167e-02
  -7.4577635e-03
   5.6118683e-04
   4.4573466e-03
   9.0540089e-03
   1.3358589e-02
   1.1410358e-02
   5.0041508e-03
  -1.1817443e-03
  -5.8947639e-03
  -9.7240824e-03
  -9.8071825e-03
  -5.4207286e-03
   4.2314818e-03
   1.5475930e-02
   2.1100601e-02
   1.9651767e-02
   1.9026034e-02
   1.8836835e-02
  -2.5748514e-02
  -3.9251659e-02
  -4.7951572e-02
  -4.8151355e-02
  -4.0117987e-02
  -2.9353639e-02
  -2.0297628e-02
  -1.1925275e-02
  -5.4311571e-03
  -5.1522460e-03
  -9.0303235e-03
  -1.4821233e-02
  -2.1139318e-02
  -2.6973853e-02
  -3.1324197e-02
  -3.2790631e-02
  -3.2294091e-02
  -3.7921112e-02
  -3.2273324e-02
  -2.0704084e-03
  -4.9517862e-03
   2.2960096e-03
   8.7096440e-03
   5.9049530e-03
  -4.9073230e-03
  -1.6169613e-02
  -2.5671145e-02
  -3.2892872e-02
  -3.1859342e-02
  -2.4291467e-02
  -1.2578033e-02
  -4.0301291e-04
   7.6924125e-03
   9.3936799e-03
   2.4195178e-03
  -1.0190446e-02
  -4.0783823e-02
  -4.9694475e-02
  -5.3012162e-02
  -4.9886928e-02
  -3.3107778e-02
  -2.0887060e-02
  -1.8290658e-02
  -1.0144538e-02
  -6.6608717e-03
  -1.0753946e-02
  -1.5403501e-02
  -2.1071360e-02
  -2.6707612e-02
  -3.3183161e-02
  -3.7473213e-02
  -3.7518881e-02
  -3.6606316e-02
  -4.0734842e-02
   0.0000000e+00
  -1.1803608e-02
  -1.5751939e-02
  -4.8285043e-03
  -1.6609972e-04
  -3.7414653e-03
  -1.5684444e-02
  -2.7830942e-02
  -3.8660400e-02
  -4.3505192e-02
  -3.6004998e-02
  -2.4983114e-02
  -1.4758517e-02
  -3.3932212e-03
   3.1004532e-03
   2.7928362e-03
  -7.5301775e-03
  -2.4454834e-02
  -4.0032385e-02
  -3.9419585e-02
  -3.9827502e-02
  -3.7260604e-02
  -1.1906264e-02
  -5.9162549e-03
  -1.2876594e-02
  -7.3976505e-03
  -1.0983943e-02
  -1.4826225e-02
  -1.6180106e-02
  -1.9418626e-02
  -2.4443157e-02
  -2.9697383e-02
  -3.1897439e-02
  -3.1141533e-02
  -2.9488085e-02
  -2.1655028e-02
   0.0000000e+00
  -0.0000000e+00
  -1.3434313e-02
  -3.9295454e-03
  -3.7096319e-03
  -8.6395727e-03
  -2.0564038e-02
  -3.1174805e-02
  -3.7941100e-02
  -3.1681126e-02
  -1.2032425e-02
  -3.4193315e-03
  -1.1544321e-03
   4.3360466e-03
   4.3954391e-03
  -1.3166194e-03
  -1.4742182e-02
  -3.0500008e-02
  -1.8628515e-02
  -2.0859482e-02
  -1.6750957e-02
  -2.0835335e-02
   0.0000000e+00
  -5.7054556e-04
  -1.1873136e-02
  -1.1537359e-02
  -1.4584298e-02
  -1.2324421e-02
  -1.0840553e-02
  -1.2197658e-02
  -1.6574534e-02
  -2.0213088e-02
  -2.1365408e-02
  -2.1249287e-02
  -1.8182270e-02
  -1.9227153e-03
   0.0000000e+00
  -0.0000000e+00
  -5.6891660e-03
   2.0184793e-04
  -4.4514015e-03
  -1.0547807e-02
  -2.0395815e-02
  -2.5160704e-02
  -2.1047721e-02
  -2.0758898e-03
   8.5614780e-03
   7.6529832e-04
  -3.6450508e-03
  -4.1596349e-03
  -6.3595264e-03
  -1.0981871e-02
  -1.8611548e-02
  -2.3685364e-02
   1.9811598e-02
  -0.0000000e+00
  -0.0000000e+00
   0.0000000e+00
   0.0000000e+00
  -2.4706977e-03
  -8.3675915e-03
  -7.0523844e-03
  -6.8359668e-03
  -2.5065595e-03
  -7.2412021e-04
  -2.2990743e-03
  -6.0322592e-03
  -9.2275104e-03
  -1.1577963e-02
  -1.2106272e-02
  -6.1575833e-03
   1.8026754e-02
   3.1503591e-02
   0.0000000e+00
  -0.0000000e+00
  -7.9401461e-03
  -1.1710900e-02
  -1.2519166e-02
  -1.3655516e-02
  -8.8311796e-03
   9.3107438e-03
   9.9364345e-03
   6.3452523e-03
  -4.9239467e-03
  -7.5543383e-03
  -1.0952978e-02
  -9.9126827e-03
  -8.7817125e-03
  -7.0121462e-03
   1.4958193e-03
   5.3124090e-02
   0.0000000e+00
   0.0000000e+00
   0.0000000e+00
   0.0000000e+00
   4.4675602e-05
  -9.4837241e-04
   4.7926157e-04
   2.8870767e-03
   6.4591975e-03
   7.6109893e-03
   5.6280717e-03
   1.9849651e-03
  -2.2981921e-03
  -5.8731209e-03
  -5.7139969e-03
   3.0420355e-03
   3.2014586e-02
   3.8624525e-02
   0.0000000e+00
  -0.0000000e+00
  -2.0821061e-02
  -1.5852975e-02
  -8.9462344e-03
  -4.1597411e-03
   7.5674262e-03
   4.1893713e-02
   0.0000000e+00
   0.0000000e+00
  -2.6117666e-03
  -5.2690683e-03
  -7.0419870e-03
  -1.8068311e-03
   3.0861497e-03
   9.7569479e-03
   2.7073681e-02
   7.7207580e-02
   0.0000000e+00
   0.0000000e+00
   0.0000000e+00
   0.0000000e+00
   1.0420742e-02
   1.0276182e-02
   1.0970148e-02
   1.3099813e-02
   1.5677646e-02
   1.6251044e-02
   1.3514703e-02
   8.4356898e-03
   2.3688837e-03
  -1.6016710e-03
   5.3721725e-04
   1.3452171e-02
   4.6509672e-02
   5.2061175e-02
   0.0000000e+00
   0.0000000e+00
  -3.2095332e-02
  -1.6343586e-02
  -2.4689131e-03
   6.5081092e-03
   2.8804395e-02
   7.0146257e-02
   0.0000000e+00
  -0.0000000e+00
   4.3909087e-03
  -4.5237431e-03
   2.3215110e-03
   9.9153696e-03
   1.7463304e-02
   2.7620351e-02
   5.1073506e-02
   6.9701657e-02
   0.0000000e+00
   0.0000000e+00
   0.0000000e+00
   0.0000000e+00
   1.8902207e-02
   1.6486023e-02
   1.7065639e-02
   1.9078666e-02
   2.1551911e-02
   2.1140469e-02
   1.6682236e-02
   9.6958242e-03
   3.0602012e-03
   1.9894238e-04
   5.7862196e-03
   2.2598112e-02
   5.4236382e-02
   5.5240626e-02
   0.0000000e+00
   0.0000000e+00
  -3.5535343e-02
  -1.5013937e-02
   1.5354858e-03
   1.4756061e-02
   4.7500204e-02
   9.1366976e-02
   0.0000000e+00
   0.0000000e+00
   1.0327153e-02
  -2.7493231e-03
   8.7892283e-03
   1.7077556e-02
   2.6518438e-02
   3.9202631e-02
   6.3774899e-02
   5.1672446e-02
   1.8305340e-02
   0.0000000e+00
   0.0000000e+00
   0.0000000e+00
   2.4177456e-02
   2.0852163e-02
   2.1929419e-02
   2.4279214e-02
   2.5630495e-02
   2.2649368e-02
   1.5501265e-02
   7.2529367e-03
   2.0360439e-03
   3.3028636e-03
   1.4459551e-02
   3.4660053e-02
   5.8402278e-02
   4.3892999e-02
   0.0000000e+00
   0.0000000e+00
  -0.0000000e+00
  -8.9318715e-03
   7.6040667e-03
   2.6488941e-02
   6.4478606e-02
   9.3367818e-02
   0.0000000e+00
   0.0000000e+00
   0.0000000e+00
   3.2622394e-03
   1.5919942e-02
   2.5743797e-02
   3.8200874e-02
   5.3649254e-02
   7.1478963e-02
   4.0971227e-02
   9.2429655e-03
   2.3302275e-03
   0.0000000e+00
   0.0000000e+00
   0.0000000e+00
   2.2279212e-02
   2.3583088e-02
   2.5452383e-02
   2.4276154e-02
   1.8382208e-02
   9.6020792e-03
   2.4154782e-03
   1.8160009e-03
   9.6093323e-03
   2.5796823e-02
   4.7262408e-02
   6.2345605e-02
   3.8570012e-02
   0.0000000e+00
   0.0000000e+00
  -0.0000000e+00
   2.4982752e-03
   1.9089071e-02
   4.0555455e-02
   7.0048846e-02
   7.1800441e-02
   0.0000000e+00
   0.0000000e+00
   0.0000000e+00
   0.0000000e+00
   2.5276171e-02
   3.6454968e-02
   5.1458705e-02
   6.5066218e-02
   6.8330556e-02
   2.9354565e-02
   9.4040027e-03
   5.1451530e-03
   0.0000000e+00
   2.8201782e-02
   2.2552427e-02
   1.8601641e-02
   1.9403374e-02
   1.9752782e-02
   1.6588191e-02
   9.6104685e-03
   1.9742339e-03
  -8.8100700e-04
   4.7270292e-03
   1.7378129e-02
   3.4964591e-02
   5.5207223e-02
   6.7322772e-02
   0.0000000e+00
   0.0000000e+00
   0.0000000e+00
   0.0000000e+00
   1.6656855e-02
   3.1353019e-02
   4.8842557e-02
   6.3607961e-02
   5.2697623e-02
   0.0000000e+00
   0.0000000e+00
   0.0000000e+00
   3.7025832e-02
   3.5262853e-02
   4.4796862e-02
   5.8252171e-02
   6.4509816e-02
   5.4660216e-02
   1.7361484e-02
   1.0726980e-02
   1.4220578e-02
   2.3163127e-02
   1.8423986e-02
   1.1970658e-02
   7.0223906e-03
   6.3944189e-03
   5.1363511e-03
   1.8915106e-03
  -2.2857375e-03
  -3.7161768e-03
   1.4472678e-03
   1.2094124e-02
   2.5478523e-02
   3.9553426e-02
   5.3330366e-02
   5.9014803e-02
   0.0000000e+00
   0.0000000e+00
   0.0000000e+00
   0.0000000e+00
   2.9170222e-02
   4.0379100e-02
   4.9559910e-02
   5.2040543e-02
   3.7590030e-02
   0.0000000e+00
   0.0000000e+00
   0.0000000e+00
   3.4437514e-02
   4.1407444e-02
   4.7081448e-02
   5.4188006e-02
   5.0768223e-02
   3.3978898e-02
   1.5787656e-02
   6.3827384e-03
   7.1643665e-03
   0.0000000e+00
   9.8523295e-03
  -3.4108479e-03
  -8.8034617e-03
  -1.0561178e-02
  -1.1944426e-02
  -1.2808876e-02
  -1.1301938e-02
  -5.3583765e-03
   5.3957668e-03
   1.7613770e-02
   2.8967438e-02
   3.7701655e-02
   3.9393213e-02
   3.3327285e-02
   0.0000000e+00
   0.0000000e+00
   0.0000000e+00
   0.0000000e+00
   0.0000000e+00
   4.4886347e-02
   4.7069211e-02
   4.2680070e-02
   2.9606407e-02
   0.0000000e+00
   0.0000000e+00
   0.0000000e+00
   4.0912051e-02
   3.9182063e-02
   4.0222283e-02
   4.0709410e-02
   3.0975079e-02
   1.7822420e-02
   0.0000000e+00
  -0.0000000e+00
  -2.6871869e-03
   1.6066870e-03
  -1.0580596e-03
  -1.4177374e-02
  -1.8427854e-02
  -1.9794276e-02
  -2.0013653e-02
  -1.8161502e-02
  -1.3303344e-02
  -5.1909806e-03
   5.7954355e-03
   1.6846674e-02
   2.5884010e-02
   3.0870337e-02
   2.7776483e-02
   1.9926876e-02
   0.0000000e+00
   0.0000000e+00
   0.0000000e+00
   0.0000000e+00
   4.6600188e-02
   4.3382294e-02
   4.1951489e-02
   3.4772176e-02
   2.4947587e-02
   0.0000000e+00
   0.0000000e+00
   0.0000000e+00
   3.5931390e-02
   3.0802080e-02
   2.9334836e-02
   2.6812617e-02
   1.6436778e-02
   9.4860727e-03
   0.0000000e+00
  -0.0000000e+00
  -3.9686332e-03
   1.4259779e-03
  -4.6378960e-03
  -1.2294599e-02
  -1.5012312e-02
  -1.6086202e-02
  -1.5899545e-02
  -1.3245347e-02
  -8.0139441e-03
  -1.0172863e-03
   7.0732204e-03
   1.4493311e-02
   2.0413471e-02
   2.3258843e-02
   1.9282102e-02
   1.6326612e-02
   0.0000000e+00
   0.0000000e+00
   0.0000000e+00
   2.2679807e-02
   3.9241708e-02
   3.8003902e-02
   3.6620657e-02
   2.8388048e-02
   1.8010473e-02
   0.0000000e+00
   0.0000000e+00
   0.0000000e+00
   3.1105211e-02
   2.3289965e-02
   2.0486818e-02
   1.7057961e-02
   8.5761807e-03
   1.4942256e-03
  -0.0000000e+00
  -0.0000000e+00
   8.2619231e-05
   3.0348074e-03
   4.7417501e-05
  -2.8831746e-03
  -4.5742741e-03
  -5.5692064e-03
  -5.7965561e-03
  -4.1779098e-03
   1.6220648e-04
   6.4107200e-03
   1.2929629e-02
   1.7201826e-02
   1.8993670e-02
   1.6571849e-02
   9.4570646e-03
   4.1834898e-03
   0.0000000e+00
   0.0000000e+00
  -0.0000000e+00
   1.8642017e-02
   3.3888325e-02
   3.7518016e-02
   3.4632503e-02
   2.4458051e-02
   1.5780928e-02
   0.0000000e+00
   0.0000000e+00
   0.0000000e+00
   2.2536669e-02
   1.6372653e-02
   1.0558400e-02
   9.1810066e-03
   4.9010849e-03
  -1.2492797e-03
  -0.0000000e+00
   0.0000000e+00
  -4.8375857e-04
  -1.4712745e-03
  -4.5899898e-03
  -7.2338316e-03
  -8.7780887e-03
  -9.1732722e-03
  -8.5639451e-03
  -6.4454786e-03
  -1.9283344e-03
   4.8886840e-03
   1.1903701e-02
   1.4595931e-02
   1.2553819e-02
   5.5906195e-03
  -2.8631883e-03
  -4.5400668e-03
   0.0000000e+00
   0.0000000e+00
  -0.0000000e+00
   7.1108714e-03
   1.8189520e-02
   2.4714112e-02
   2.8720229e-02
   2.3568384e-02
   0.0000000e+00
   0.0000000e+00
   0.0000000e+00
   0.0000000e+00
   0.0000000e+00
   1.0642185e-02
   2.1605820e-03
   9.0155322e-03
   6.6308989e-03
  -2.0939615e-03
  -0.0000000e+00
  -9.4137768e-04
  -3.1200093e-03
  -7.4738101e-03
  -1.3464896e-02
  -1.9098580e-02
  -2.3745496e-02
  -2.6441386e-02
  -2.7135994e-02
  -2.5688525e-02
  -2.1986939e-02
  -1.5914656e-02
  -7.4592642e-03
  -1.2779497e-03
  -1.6135602e-03
  -8.5543152e-03
  -1.2138524e-02
  -1.2724131e-02
   0.0000000e+00
  -0.0000000e+00
  -1.6569438e-02
  -1.2275448e-02
  -5.7385964e-03
   7.4039539e-03
   0.0000000e+00
   0.0000000e+00
   0.0000000e+00
   0.0000000e+00
   0.0000000e+00
   0.0000000e+00
   0.0000000e+00
   1.3249301e-02
  -3.0817402e-03
   2.3868177e-02
   1.4837366e-02
  -2.3469473e-03
  -0.0000000e+00
  -2.5839268e-03
  -4.4390345e-03
  -7.8112567e-03
  -1.4445079e-02
  -2.2108555e-02
  -2.9940814e-02
  -3.6497414e-02
  -4.1603565e-02
  -4.4709705e-02
  -4.4937775e-02
  -4.1724157e-02
  -3.3038776e-02
  -2.0312423e-02
  -1.0869926e-02
  -1.7524283e-02
  -1.3412648e-02
  -3.7341187e-02
  -0.0000000e+00
  -9.2189760e-03
  -1.8676803e-02
  -2.4979800e-02
  -2.5503112e-02
  -1.3333394e-02
   0.0000000e+00
   0.0000000e+00
   0.0000000e+00
   0.0000000e+00
   0.0000000e+00
   0.0000000e+00
   0.0000000e+00
   3.0694207e-02
  -4.6722069e-03
   0.0000000e+00
   2.6322119e-02
  -2.2544372e-03
  -0.0000000e+00
  -8.4574735e-03
  -6.9665210e-03
  -5.9137340e-03
  -9.3556549e-03
  -1.5294615e-02
  -2.2222666e-02
  -2.8919904e-02
  -3.5442691e-02
  -4.1919723e-02
  -4.7425684e-02
  -5.0760146e-02
  -4.7791775e-02
  -3.4598283e-02
  -1.3999832e-02
  -1.4332006e-02
  -3.2519302e-02
  -0.0000000e+00
  -7.2365669e-03
  -6.0230987e-03
  -1.9032812e-02
  -3.1224644e-02
  -4.2302329e-02
  -4.0386021e-02
   0.0000000e+00
   0.0000000e+00
   0.0000000e+00
   0.0000000e+00
   0.0000000e+00
   0.0000000e+00
   0.0000000e+00
   4.5820949e-02
   9.4280280e-04
   0.0000000e+00
   2.8042677e-02
   0.0000000e+00
  -0.0000000e+00
  -1.7376054e-02
  -1.0542443e-02
  -6.6704145e-03
  -5.7710339e-03
  -8.3687734e-03
  -1.3293804e-02
  -1.8555189e-02
  -2.3601791e-02
  -2.9378848e-02
  -3.6566172e-02
  -4.5102809e-02
  -5.0023045e-02
  -4.1886307e-02
  -1.8203896e-02
   4.4697467e-06
  -0.0000000e+00
  -1.2731922e-02
  -3.1184992e-03
  -5.3490261e-03
  -1.5854064e-02
  -3.0658312e-02
  -5.1030736e-02
  -6.2369889e-02
   0.0000000e+00
   0.0000000e+00
   0.0000000e+00
   0.0000000e+00
   0.0000000e+00
   0.0000000e+00
   0.0000000e+00
   4.7885398e-02
   1.1762016e-02
   0.0000000e+00
   0.0000000e+00
   0.0000000e+00
  -0.0000000e+00
  -2.6341223e-02
  -1.3041697e-02
  -8.2215555e-03
  -4.7403006e-03
  -4.1528782e-03
  -7.2247246e-03
  -1.1553437e-02
  -1.5100201e-02
  -1.8686038e-02
  -2.4795797e-02
  -3.4943119e-02
  -4.5879293e-02
  -4.4725042e-02
  -2.2146183e-02
   0.0000000e+00
  -1.6106739e-02
  -1.0222124e-02
  -2.6751801e-03
  -3.4529788e-03
  -1.0506212e-02
  -2.4895390e-02
  -5.1201794e-02
  -7.7511714e-02
   0.0000000e+00
   0.0000000e+00
   0.0000000e+00
   0.0000000e+00
   0.0000000e+00
   0.0000000e+00
   0.0000000e+00
   0.0000000e+00
   0.0000000e+00
   0.0000000e+00
   0.0000000e+00
   0.0000000e+00
   0.0000000e+00
  -0.0000000e+00
  -1.4493935e-02
  -6.5149944e-03
  -2.4931077e-03
  -4.7416429e-04
  -2.3930445e-03
  -6.8371808e-03
  -1.0425155e-02
  -1.2435365e-02
  -1.6588561e-02
  -2.6382318e-02
  -4.1368105e-02
  -4.6116233e-02
  -3.4038056e-02
   0.0000000e+00
  -1.1732373e-02
  -1.2127732e-02
  -6.1262760e-04
  -3.4335244e-07
  -4.3565053e-03
  -1.6693017e-02
  -4.2881832e-02
  -7.8371853e-02
   0.0000000e+00
   0.0000000e+00
   0.0000000e+00
   0.0000000e+00
   0.0000000e+00
   0.0000000e+00
   0.0000000e+00
   0.0000000e+00
   0.0000000e+00
   0.0000000e+00
   0.0000000e+00
   0.0000000e+00
   0.0000000e+00
  -0.0000000e+00
  -1.8406931e-02
  -6.0363384e-03
   2.3759250e-03
   5.2436036e-03
   3.6128755e-03
  -1.0622435e-03
  -5.4859207e-03
  -7.2914874e-03
  -1.0478707e-02
  -1.9770442e-02
  -3.9189082e-02
  -4.8512222e-02
  -3.9394134e-02
   0.0000000e+00
  -0.0000000e+00
  -1.2175866e-02
   8.5883343e-04
   4.5838994e-03
   1.0077753e-03
  -8.1799887e-03
  -3.0019047e-02
  -6.8485692e-02
   0.0000000e+00
   0.0000000e+00
   0.0000000e+00
   0.0000000e+00
   0.0000000e+00
   0.0000000e+00
   0.0000000e+00
   0.0000000e+00
   0.0000000e+00
   0.0000000e+00
   0.0000000e+00
   0.0000000e+00
   0.0000000e+00
  -0.0000000e+00
  -1.8465325e-02
  -1.3382344e-02
   4.3758564e-03
   1.5636925e-02
   1.4737384e-02
   8.8905450e-03
   3.2462343e-03
   7.8418490e-04
  -2.1645208e-03
  -1.1018604e-02
  -3.6996085e-02
  -4.7492280e-02
   0.0000000e+00
   0.0000000e+00
   0.0000000e+00
  -0.0000000e+00
   7.1132008e-04
   9.5386459e-03
   7.5516733e-03
   3.8352725e-04
  -1.5381653e-02
  -4.8007134e-02
  -6.8805277e-02
   0.0000000e+00
   0.0000000e+00
  -0.0000000e+00
  -0.0000000e+00
   0.0000000e+00
   0.0000000e+00
   0.0000000e+00
   0.0000000e+00
   0.0000000e+00
   0.0000000e+00
   0.0000000e+00
   0.0000000e+00
  -0.0000000e+00
  -2.4494880e-02
  -1.5201076e-02
  -1.7121792e-03
   2.0219812e-02
   2.2902789e-02
   1.7291112e-02
   1.1233659e-02
   8.2642743e-03
   5.1365884e-03
  -3.6732326e-03
  -3.4640148e-02
  -4.8883800e-02
   0.0000000e+00
   0.0000000e+00
   0.0000000e+00
   0.0000000e+00
   2.2281586e-03
   1.0314060e-02
   1.1867299e-02
   5.2465019e-03
  -7.3447568e-03
  -3.3505183e-02
  -5.3302040e-02
  -0.0000000e+00
  -0.0000000e+00
  -0.0000000e+00
  -0.0000000e+00
   0.0000000e+00
   0.0000000e+00
   0.0000000e+00
   0.0000000e+00
   0.0000000e+00
   0.0000000e+00
   0.0000000e+00
   0.0000000e+00
   0.0000000e+00
  -0.0000000e+00
  -2.7854646e-02
  -1.5154310e-02
   1.3469223e-02
   2.2448208e-02
   2.0795822e-02
   1.7018469e-02
   1.5691770e-02
   1.3496364e-02
   5.5590109e-03
  -2.3750324e-02
  -3.7905850e-02
   0.0000000e+00
   0.0000000e+00
   0.0000000e+00
   0.0000000e+00
   0.0000000e+00
   7.7069700e-03
   1.1730545e-02
   7.0917052e-03
  -9.8505488e-04
  -1.9876279e-02
  -3.5181358e-02
  -0.0000000e+00
  -0.0000000e+00
  -0.0000000e+00
   0.0000000e+00
   0.0000000e+00
   0.0000000e+00
   0.0000000e+00
   0.0000000e+00
   0.0000000e+00
   0.0000000e+00
   0.0000000e+00
   0.0000000e+00
   0.0000000e+00
  -0.0000000e+00
  -2.6428659e-02
  -1.7425933e-02
   6.1931871e-03
   1.9386431e-02
   2.1844283e-02
   2.0132044e-02
   1.9642053e-02
   1.8284133e-02
   1.3832695e-02
  -4.1301479e-03
  -4.1580070e-03
   0.0000000e+00
   0.0000000e+00
   0.0000000e+00
   0.0000000e+00
  -0.0000000e+00
   6.0831495e-03
   9.9141467e-03
   9.6385768e-03
   6.0800964e-03
  -6.6096862e-03
  -4.3433638e-03
  -9.9951755e-05
  -0.0000000e+00
   0.0000000e+00
  -0.0000000e+00
  -0.0000000e+00
   0.0000000e+00
   0.0000000e+00
   0.0000000e+00
   0.0000000e+00
   0.0000000e+00
   0.0000000e+00
   0.0000000e+00
   0.0000000e+00
   0.0000000e+00
  -0.0000000e+00
  -1.5448331e-02
   3.0012705e-03
   1.5167162e-02
   2.0042280e-02
   1.9111888e-02
   1.6928755e-02
   1.6660584e-02
   1.8183082e-02
   1.0408945e-02
   1.1398981e-02
   0.0000000e+00
   0.0000000e+00
   0.0000000e+00
   0.0000000e+00
   0.0000000e+00
   0.0000000e+00
   4.1748812e-03
   1.0383431e-02
   1.2660778e-02
   6.1250941e-03
   7.8402959e-03
   8.6240311e-03
   0.0000000e+00
   0.0000000e+00
   0.0000000e+00
   0.0000000e+00
   0.0000000e+00
   0.0000000e+00
   0.0000000e+00
   0.0000000e+00
   0.0000000e+00
   0.0000000e+00
   0.0000000e+00
   0.0000000e+00
   0.0000000e+00
  -0.0000000e+00
  -1.9815219e-02
  -1.1556075e-02
  -5.0210115e-03
   4.6890637e-03
   6.6298563e-03
   7.0425557e-03
   7.6903227e-03
   1.8449601e-02
   2.3559638e-02
   0.0000000e+00
   0.0000000e+00
   0.0000000e+00
   0.0000000e+00
   0.0000000e+00
   0.0000000e+00
  -0.0000000e+00
  -2.3701027e-02
  -5.0254632e-03
   8.3775795e-03
   1.2201044e-02
   2.0322019e-02
   0.0000000e+00
   0.0000000e+00
   0.0000000e+00
   0.0000000e+00
   0.0000000e+00
   0.0000000e+00
   0.0000000e+00
   0.0000000e+00
   0.0000000e+00
   0.0000000e+00
   0.0000000e+00
   0.0000000e+00
   0.0000000e+00
   0.0000000e+00
  -0.0000000e+00
  -0.0000000e+00
   0.0000000e+00
  -2.7714419e-02
  -2.2841381e-02
  -9.4201087e-03
   0.0000000e+00
   0.0000000e+00
   0.0000000e+00
   0.0000000e+00
   0.0000000e+00
   0.0000000e+00
   0.0000000e+00
  -0.0000000e+00
  -0.0000000e+00
   0.0000000e+00
  -3.7614860e-02
  -3.0863321e-02
  -3.4343378e-02
  -0.0000000e+00
  -6.2080221e-03
   1.7856371e-02
   3.4098700e-02
   0.0000000e+00
   0.0000000e+00
   0.0000000e+00
   0.0000000e+00
   0.0000000e+00
   0.0000000e+00
   0.0000000e+00
   0.0000000e+00
   0.0000000e+00
   0.0000000e+00
   0.0000000e+00
   0.0000000e+00
   0.0000000e+00
   0.0000000e+00
   0.0000000e+00
   0.0000000e+00
   0.0000000e+00
   0.0000000e+00
  -0.0000000e+00
   0.0000000e+00
   0.0000000e+00
  -0.0000000e+00
   0.0000000e+00
   0.0000000e+00
   0.0000000e+00
   0.0000000e+00
   0.0000000e+00
   0.0000000e+00
   0.0000000e+00
  -3.3542873e-02
  -1.8770109e-02
  -0.0000000e+00
  -0.0000000e+00
  -0.0000000e+00
  -3.4049641e-02
  -7.5048723e-03
   1.2497161e-02
   0.0000000e+00
  -0.0000000e+00
   0.0000000e+00
  -0.0000000e+00
  -0.0000000e+00
   0.0000000e+00
   0.0000000e+00
   0.0000000e+00
   0.0000000e+00
   8.8640562e-03
   8.2886020e-03
   5.8025319e-03
   4.3006618e-03
   5.0534681e-03
   2.5953590e-03
  -4.0885517e-03
  -7.0876697e-03
  -9.0201271e-03
  -6.2627520e-03
  -6.8918486e-03
  -1.0215941e-02
  -9.6277707e-03
  -1.1672180e-02
  -6.2245961e-03
  -4.1046950e-03
  -8.1487155e-03
  -1.0206813e-02
  -1.1573018e-02
  -6.9551663e-03
  -9.2233003e-03
  -0.0000000e+00
  -0.0000000e+00
  -0.0000000e+00
  -4.7619583e-02
  -2.5330186e-02
  -7.6857797e-03
   1.1954490e-03
   2.7823457e-03
  -2.4159421e-05
  -1.6095978e-03
  -3.1409015e-03
  -3.4349848e-03
  -3.2229887e-04
   1.7406237e-03
   6.6318038e-03
