  -5.5687189e-02
   1.5741701e+00
   2.6980591e+00
   3.5950358e+00
   4.6208830e+00
   6.0487905e+00
   7.3361735e+00
   7.9359303e+00
   7.2922158e+00
   5.7743773e+00
   4.0908790e+00
   2.7966015e+00
   2.0025337e+00
   1.3131721e+00
   9.2625201e-01
   6.7976677e-01
   4.5341352e-01
   7.9692893e-02
  -3.8126752e-01
  -8.8014948e-01
  -1.4864291e+00
  -2.2435288e+00
  -2.6392784e+00
  -2.6295021e+00
  -2.3324885e+00
  -1.8521341e+00
  -1.4924647e+00
  -1.2727941e+00
  -9.1804612e-01
  -3.4038836e-01
   7.7336825e-02
  -2.0789579e-01
  -6.9660801e-01
  -7.4014038e-01
  -4.0852228e-01
  -2.7444491e-01
  -5.6875694e-01
  -1.0215598e+00
  -1.3540138e+00
  -1.7772698e+00
  -2.3293300e+00
  -3.1423178e+00
  -4.1095915e+00
  -5.1719184e+00
  -6.1489325e+00
  -6.6370935e+00
  -6.1353374e+00
  -5.1949835e+00
  -4.1948900e+00
  -3.4447865e+00
  -3.0618274e+00
  -2.8991055e+00
  -2.6773639e+00
  -2.6370316e+00
  -2.4457355e+00
   2.2070193e-01
   3.1667025e+00
   2.5029566e+00
  -3.5521612e-01
  -3.4371963e+00
  -5.2937784e+00
  -4.6446605e+00
  -2.7493463e+00
  -1.3296300e+00
  -3.2715626e+00
  -3.1813455e+00
  -2.9867761e+00
  -2.8472288e+00
  -2.9842808e+00
  -2.9806418e+00
  -2.2414570e+00
  -1.2397900e+00
  -8.7376517e-01
  -6.1647666e-01
  -7.8422949e-03
   6.6902936e-01
   1.1598116e+00
   1.8246481e+00
   2.4654560e+00
   2.8805861e+00
   3.0784554e+00
   3.1821904e+00
   3.0926635e+00
   2.8976676e+00
   2.7677195e+00
   2.6632633e+00
   2.5349512e+00
   2.3987844e+00
   2.3264847e+00
   2.2382483e+00
   2.1098831e+00
   2.0497558e+00
   2.0489559e+00
   1.9960018e+00
   2.0120203e+00
   2.0147498e+00
   1.7073332e+00
   1.2523111e+00
   1.0921429e+00
   1.2352271e+00
   1.5353400e+00
   1.7642125e+00
   1.8140798e+00
   1.7351601e+00
   1.6202588e+00
   1.4224789e+00
   1.1162879e+00
   7.3372686e-01
   3.2020169e-01
  -2.0977476e-01
  -6.7784798e-01
  -1.0484174e+00
  -1.1332288e+00
  -9.7010338e-01
  -1.0642309e+00
  -1.3310227e+00
  -1.4972329e+00
  -2.0366073e+00
  -2.9250917e+00
  -3.2122731e+00
  -2.3890193e+00
  -1.4553403e+00
  -1.1093801e+00
  -1.3892131e+00
  -2.1712480e+00
  -2.8861411e+00
  -3.0438910e+00
  -3.0959725e+00
   2.6998272e+00
   2.5967534e+00
   2.5794322e+00
   2.6697493e+00
   2.8485506e+00
   3.0996366e+00
   3.3436680e+00
   3.5899906e+00
   3.8207018e+00
   4.1236386e+00
   4.4246845e+00
   4.6362782e+00
   4.7262516e+00
   4.8521562e+00
   4.9755263e+00
   5.0273094e+00
   4.9281225e+00
   4.7235570e+00
   4.4986267e+00
   4.2657928e+00
   4.1023932e+00
   3.9719224e+00
   3.8964243e+00
   3.8579221e+00
   3.7835002e+00
   3.7114553e+00
   3.7132013e+00
   3.7545533e+00
   3.8153508e+00
   3.9406598e+00
   4.0965285e+00
   4.2930613e+00
   4.4947171e+00
   4.4881129e+00
   4.5263076e+00
   4.2962718e+00
   4.2752872e+00
   4.3496742e+00
   4.4378209e+00
   4.5825629e+00
   4.6276484e+00
   4.6053109e+00
   4.5498424e+00
   4.4971366e+00
   4.4514656e+00
   4.4570351e+00
   4.5019574e+00
   4.5910592e+00
   4.6539521e+00
   4.7056532e+00
   4.7781763e+00
   4.8503270e+00
   4.8598638e+00
   4.8090181e+00
   4.6920915e+00
   4.4946895e+00
   4.2542262e+00
   3.9499581e+00
   3.6462619e+00
   3.3575873e+00
   3.2297230e+00
   3.1895013e+00
   3.0659862e+00
   2.8690267e+00
   6.5101918e+00
   6.3950567e+00
   6.3092264e+00
   6.2294083e+00
   6.1975001e+00
   6.1491590e+00
   6.0600542e+00
   5.9423804e+00
   5.7798213e+00
   5.6181183e+00
   5.4540947e+00
   5.4052582e+00
   5.1890519e+00
   4.9381485e+00
   4.9389556e+00
   4.9629169e+00
   4.9161647e+00
   4.8574467e+00
   4.7812403e+00
   4.6968455e+00
   4.6513527e+00
   4.6569352e+00
   4.7005513e+00
   4.7605195e+00
   4.8010943e+00
   4.8309889e+00
   4.8376992e+00
   4.9019642e+00
   4.9312537e+00
   5.0659266e+00
   5.0633114e+00
   5.2310905e+00
   3.9275246e+00
   3.1831992e+00
   4.5140055e+00
   4.5748363e+00
   4.8729804e+00
   5.2891788e+00
   5.6349515e+00
   5.9974370e+00
   6.2050418e+00
   6.4441433e+00
   6.5954875e+00
   6.7346659e+00
   6.8121228e+00
   6.9393644e+00
   7.0676321e+00
   7.2281752e+00
   7.3552541e+00
   7.4651995e+00
   7.5921755e+00
   7.6793108e+00
   7.6881423e+00
   7.6839867e+00
   7.7150283e+00
   7.7946196e+00
   7.8216233e+00
   7.6957192e+00
   7.4547276e+00
   7.3310003e+00
   7.2684865e+00
   7.0859118e+00
   6.8231935e+00
   6.6352510e+00
   8.3645191e+00
   8.2323079e+00
   8.0358009e+00
   7.7183885e+00
   7.3792038e+00
   6.9634060e+00
   6.4959316e+00
   5.8218483e+00
   5.0784826e+00
   4.9398921e+00
   4.6311646e+00
   3.2772502e+00
   2.6164527e+00
   2.7456216e+00
   3.2695367e+00
   3.5531676e+00
   3.8201442e+00
   4.0378549e+00
   4.2861195e+00
   4.4798110e+00
   4.5875893e+00
   4.7031024e+00
   4.7654519e+00
   4.8429959e+00
   4.8843913e+00
   4.9352954e+00
   5.0073395e+00
   5.0208624e+00
   5.0750480e+00
   5.0485571e+00
   5.0129576e+00
   5.0093496e+00
   3.2302969e+00
   2.5341450e+00
   3.7281654e+00
   3.3617708e+00
   3.9323838e+00
   4.6922825e+00
   5.1925740e+00
   5.7012170e+00
   6.0724354e+00
   6.5074944e+00
   6.8706756e+00
   7.1496319e+00
   7.3768244e+00
   7.5420012e+00
   7.6601639e+00
   7.7790704e+00
   7.8581929e+00
   7.8848953e+00
   7.8974657e+00
   7.7543516e+00
   7.4579396e+00
   7.2232375e+00
   7.2645273e+00
   7.5342340e+00
   7.8442473e+00
   8.0829864e+00
   8.2465286e+00
   8.5816656e+00
   8.7108145e+00
   8.5729614e+00
   8.4557314e+00
   8.4216743e+00
   8.1610565e+00
   7.7797370e+00
   7.2559710e+00
   6.5364370e+00
   5.9132900e+00
   5.2802095e+00
   4.6057720e+00
   3.3891220e+00
   2.5268586e+00
   3.1922312e+00
   2.8865564e+00
   2.5625548e+00
   1.7205060e+00
   1.6035537e+00
   2.4401751e+00
   2.7272487e+00
   2.9642587e+00
   3.3009214e+00
   3.5993834e+00
   3.8538282e+00
   3.9994316e+00
   4.1167946e+00
   4.1618481e+00
   4.1342988e+00
   4.1128449e+00
   4.0911574e+00
   4.0866251e+00
   4.1558518e+00
   4.2031922e+00
   4.2166424e+00
   4.2095771e+00
   3.9983826e+00
   3.1609144e+00
   1.7213336e+00
   2.4197719e+00
   2.0202849e+00
   2.3757756e+00
   3.1605330e+00
   3.7019882e+00
   4.2610774e+00
   4.8483844e+00
   5.4341660e+00
   5.8666058e+00
   6.2111449e+00
   6.4431300e+00
   6.6197066e+00
   6.6966825e+00
   6.6684198e+00
   6.4908395e+00
   6.2364106e+00
   6.0275993e+00
   5.9263005e+00
   5.6449966e+00
   5.3539476e+00
   5.4259958e+00
   5.6974401e+00
   6.1169505e+00
   6.6806345e+00
   7.1901779e+00
   7.7178659e+00
   8.0472050e+00
   8.2150583e+00
   8.2953176e+00
   8.3313055e+00
   5.6313219e+00
   4.9552274e+00
   4.0453744e+00
   3.2743752e+00
   2.6178026e+00
   2.0595620e+00
   1.7799582e+00
   9.0468955e-01
   8.9895219e-01
   1.1751405e+00
   1.3439678e+00
   1.5329728e+00
   1.8199989e+00
   1.2690425e+00
   2.0631289e+00
   2.1160874e+00
   2.1847131e+00
   2.3773882e+00
   2.5456049e+00
   2.7025042e+00
   2.7998693e+00
   2.8167768e+00
   2.7658281e+00
   2.6765211e+00
   2.5720632e+00
   2.4793813e+00
   2.4713144e+00
   2.5605876e+00
   2.7008395e+00
   2.7999730e+00
   2.7478342e+00
   2.4635274e+00
   1.6346540e+00
   1.1451761e+00
   1.0914841e+00
   5.0115043e-01
   3.0995813e-01
   8.6220634e-01
   1.5766537e+00
   2.1885116e+00
   2.9162703e+00
   3.6032321e+00
   4.0329452e+00
   4.3520546e+00
   4.5346441e+00
   4.6086750e+00
   4.5127349e+00
   4.1274409e+00
   3.4174843e+00
   2.8483033e+00
   3.0462916e+00
   3.2200398e+00
   3.0889068e+00
   2.8788750e+00
   2.9118097e+00
   3.1286602e+00
   3.6206927e+00
   4.2778473e+00
   4.8502855e+00
   5.3986201e+00
   5.7855349e+00
   6.0584130e+00
   6.1551552e+00
   6.0258698e+00
   1.8689131e+00
   1.0877346e+00
   4.7320172e-01
  -1.5809196e-01
  -1.0314792e+00
  -6.9960773e-01
  -2.9092300e-01
   2.0413440e-01
  -3.2976377e-01
   1.1378072e-01
   1.0812529e-01
   1.7249213e-01
   3.9775562e-01
   7.7406234e-01
   8.5796285e-01
   7.4841577e-01
   7.0248187e-01
   7.5463235e-01
   8.0892164e-01
   8.5659105e-01
   8.7904149e-01
   8.4468716e-01
   7.6730853e-01
   6.7689061e-01
   5.9978443e-01
   5.9237123e-01
   6.6594464e-01
   7.8746361e-01
   9.0153158e-01
   9.2428732e-01
   8.0132669e-01
   6.1211795e-01
   2.2368696e-01
   7.3389655e-01
  -1.0230484e-01
  -6.8551075e-01
  -7.5833499e-01
  -1.1293478e+00
  -5.7306647e-01
   1.9401541e-01
   9.1308743e-01
   1.4707999e+00
   1.8058418e+00
   2.0323231e+00
   2.0678678e+00
   1.8735427e+00
   1.3975707e+00
   5.7127339e-01
  -1.7184246e-01
   5.4506399e-02
   3.0296558e-01
  -1.4928383e-01
  -7.7632234e-02
  -1.1342791e-01
  -2.6026681e-02
   3.2416460e-01
   8.8516426e-01
   1.4121820e+00
   1.7794729e+00
   2.1471586e+00
   2.3964648e+00
   2.5490463e+00
   2.5392661e+00
   2.3204777e+00
  -2.1352013e+00
  -2.0642290e+00
  -1.5112419e+00
  -2.0286045e+00
  -1.9437231e+00
  -1.3646338e+00
  -1.0903624e+00
  -9.3680924e-01
  -6.3337151e-01
  -1.0371547e+00
  -1.4112931e+00
  -1.5846585e+00
  -1.5982132e+00
  -1.5475988e+00
  -1.5980938e+00
  -1.7381874e+00
  -1.8330407e+00
  -1.8294115e+00
  -1.7634225e+00
  -1.7085142e+00
  -1.6623425e+00
  -1.5945647e+00
  -1.5524655e+00
  -1.5039935e+00
  -1.4226343e+00
  -1.2756228e+00
  -1.1551800e+00
  -1.1305693e+00
  -1.2294806e+00
  -1.4555795e+00
  -1.6299712e+00
  -1.3963037e+00
  -5.0502011e-01
   5.0612116e-01
   5.4902855e-02
  -1.6417552e+00
  -9.8038310e-01
  -1.4035474e+00
  -2.5177185e+00
  -1.7095857e+00
  -9.8298138e-01
  -7.0062280e-01
  -6.9109825e-01
  -8.2477492e-01
  -1.1556483e+00
  -1.7231221e+00
  -2.3651597e+00
  -2.7911019e+00
  -1.8583947e+00
   3.4221733e-01
  -3.5805552e-01
  -4.1309652e-01
  -1.6353255e+00
  -2.5444608e+00
  -2.5178927e+00
  -1.9701887e+00
  -1.9440638e+00
  -1.8791292e+00
  -1.8715844e+00
  -1.8320533e+00
  -1.8138114e+00
  -1.8463144e+00
  -1.9299461e+00
  -2.0476737e+00
  -4.2668328e+00
  -3.3532250e+00
  -1.8164926e+00
  -1.8089324e+00
  -1.6818333e+00
  -1.4610955e+00
  -1.0205859e+00
  -6.3003296e-01
  -5.1299244e-01
  -1.8450060e+00
  -3.0453579e+00
  -3.2257645e+00
  -3.3155284e+00
  -3.3851604e+00
  -3.5001659e+00
  -3.6441517e+00
  -3.7293828e+00
  -3.7298901e+00
  -3.6257823e+00
  -3.4739459e+00
  -3.2932842e+00
  -3.0502517e+00
  -2.8148723e+00
  -2.5406420e+00
  -2.3193259e+00
  -2.2142255e+00
  -2.3234406e+00
  -2.6202838e+00
  -3.0014489e+00
  -3.3810222e+00
  -3.4662580e+00
  -2.8053503e+00
  -9.8837864e-01
   3.4086773e-01
   5.4928962e-02
  -1.0473324e+00
  -9.4566661e-01
  -5.0981963e-01
  -1.9626218e+00
  -2.7727489e+00
  -2.2663741e+00
  -2.4294629e+00
  -2.7729955e+00
  -3.2262714e+00
  -3.7165651e+00
  -4.1884880e+00
  -4.4007964e+00
  -4.0390992e+00
  -2.0144036e+00
  -5.3801262e-01
  -1.0776749e+00
  -1.0577501e+00
  -1.3818361e+00
  -2.4261467e+00
  -1.9306445e+00
  -3.2020137e+00
  -3.7838657e+00
  -4.0215225e+00
  -4.2394576e+00
  -4.4148440e+00
  -4.5632834e+00
  -4.6963062e+00
  -4.7473636e+00
  -4.6509762e+00
  -5.1418104e+00
  -3.5597785e+00
  -1.6888721e+00
  -8.6478823e-01
  -9.9012774e-01
  -1.0404727e+00
  -9.1738635e-01
  -8.0860561e-01
  -1.6798323e+00
  -3.6359875e+00
  -4.2223182e+00
  -4.2642078e+00
  -4.3339944e+00
  -4.4086480e+00
  -4.4703784e+00
  -4.5378189e+00
  -4.5864282e+00
  -4.5916252e+00
  -4.4728718e+00
  -4.2119098e+00
  -3.8850989e+00
  -3.4994090e+00
  -3.1375337e+00
  -2.8172274e+00
  -2.7845218e+00
  -3.1049719e+00
  -3.6479383e+00
  -4.2621861e+00
  -4.7203274e+00
  -4.9833808e+00
  -4.8583694e+00
  -4.1848779e+00
  -2.6241360e+00
   2.6197529e-01
  -1.8129200e-02
   1.6933136e-02
  -4.6924001e-01
  -7.1012819e-01
  -7.1885443e-01
  -2.6303697e+00
  -3.8136168e+00
  -4.4445920e+00
  -4.9064550e+00
  -5.3107347e+00
  -5.5354929e+00
  -5.4810467e+00
  -4.9199944e+00
  -3.4826450e+00
  -9.2366838e-01
  -8.1059659e-01
  -1.1950012e+00
  -1.3050112e+00
  -1.0641730e+00
  -2.2904623e+00
  -2.2697723e+00
  -4.3715792e+00
  -5.1205359e+00
  -5.5865641e+00
  -5.9188261e+00
  -6.1829557e+00
  -6.3709679e+00
  -6.4673853e+00
  -6.3823586e+00
  -5.9946990e+00
  -4.5398345e+00
  -2.7563217e+00
  -1.0812519e+00
   1.8047166e-01
  -1.9515125e-01
  -5.2298623e-01
  -1.1311359e+00
  -2.0545061e+00
  -4.3507648e+00
  -4.2635088e+00
  -4.0796919e+00
  -3.9112587e+00
  -3.8495431e+00
  -3.8544900e+00
  -3.8553224e+00
  -3.8542984e+00
  -3.8651276e+00
  -3.7996852e+00
  -3.6255226e+00
  -3.3724191e+00
  -3.1029804e+00
  -2.8216155e+00
  -2.7234149e+00
  -2.9572446e+00
  -3.5495262e+00
  -4.3297505e+00
  -4.9910126e+00
  -5.5102830e+00
  -5.7564697e+00
  -5.7637906e+00
  -5.4411831e+00
  -4.6548095e+00
  -2.0799391e+00
   1.1881213e-01
   6.4506799e-02
   4.4672150e-02
  -2.3720306e-01
  -6.8385422e-01
  -1.3064259e+00
  -2.8963284e+00
  -5.2053533e+00
  -5.9250598e+00
  -6.2212577e+00
  -6.2506399e+00
  -6.0251999e+00
  -5.3910966e+00
  -4.1180916e+00
  -1.8434126e+00
   4.7077748e-01
  -7.3742735e-01
  -1.0202227e+00
  -1.5902308e+00
  -1.1381278e+00
  -9.8417652e-01
  -1.6467018e+00
  -4.3781796e+00
  -5.8718877e+00
  -6.3892632e+00
  -6.6468120e+00
  -6.7934551e+00
  -6.8241982e+00
  -6.7339110e+00
  -6.4350266e+00
  -5.7348127e+00
  -2.8877839e+00
  -1.3388139e+00
  -4.3410466e-01
  -7.0756510e-02
  -1.0987197e-01
  -8.8556731e-01
  -2.2898476e+00
  -4.4905748e+00
  -4.6439413e+00
  -3.1240354e+00
  -2.6970517e+00
  -2.2485480e+00
  -2.0268617e+00
  -1.9943261e+00
  -2.0942986e+00
  -2.2142406e+00
  -2.2543776e+00
  -2.1771405e+00
  -2.0548499e+00
  -1.9890850e+00
  -2.0530412e+00
  -2.3199530e+00
  -2.8897907e+00
  -3.7901597e+00
  -4.6955284e+00
  -5.4720335e+00
  -5.9167340e+00
  -6.1381207e+00
  -6.1013820e+00
  -5.7928972e+00
  -5.0976494e+00
  -3.5165734e+00
  -6.2283896e-01
  -1.4531949e-01
  -3.4806572e-01
  -6.2057668e-01
  -5.4842579e-01
  -9.0575075e-01
  -1.7395040e+00
  -3.2318068e+00
  -5.5060628e+00
  -6.4580679e+00
  -6.5028145e+00
  -6.1633158e+00
  -5.5537341e+00
  -4.5005488e+00
  -2.9260794e+00
  -1.0578525e+00
   2.8172823e-01
  -3.2874611e-01
  -6.6412536e-01
  -9.7614044e-01
  -1.6745553e+00
  -2.1544969e+00
  -3.7341051e+00
  -5.4367232e+00
  -5.9708087e+00
  -6.3304110e+00
  -6.4116027e+00
  -6.2854762e+00
  -6.0118611e+00
  -5.6287155e+00
  -5.1339620e+00
  -4.2344484e+00
  -7.2665650e-01
   1.6860964e-02
  -8.9783095e-02
  -1.0761971e+00
  -1.9483609e+00
  -2.8053837e+00
  -2.6857028e+00
  -2.4782801e+00
  -2.1090925e+00
  -2.0433083e+00
  -1.8316905e+00
  -1.4318810e+00
  -1.2882332e+00
  -1.3374128e+00
  -1.4597631e+00
  -1.5560154e+00
  -1.5813274e+00
  -1.5612547e+00
  -1.5983051e+00
  -1.8162006e+00
  -2.2520509e+00
  -2.9456000e+00
  -3.7343485e+00
  -4.5917802e+00
  -5.2645073e+00
  -5.7617121e+00
  -5.9621077e+00
  -5.9124193e+00
  -5.6086569e+00
  -4.9501204e+00
  -3.9535728e+00
  -2.1093602e+00
  -5.4087460e-01
  -4.2539227e-01
  -9.1210037e-01
  -1.6544387e+00
  -1.3384396e+00
  -8.8087893e-01
  -1.5526913e+00
  -2.5837274e+00
  -4.9060254e+00
  -6.1426740e+00
  -6.0184164e+00
  -5.4420881e+00
  -4.5851507e+00
  -3.3377664e+00
  -1.8471848e+00
  -3.2818642e-01
   1.3560303e+00
   5.7762891e-02
  -2.0345268e-01
  -8.5214537e-01
  -1.8962159e+00
  -2.9062507e+00
  -4.9067755e+00
  -5.3173342e+00
  -5.1857333e+00
  -5.2304287e+00
  -5.0639176e+00
  -4.6472249e+00
  -4.0906172e+00
  -3.4196343e+00
  -2.7546563e+00
  -1.8005859e+00
   8.9215969e-01
   7.8679662e-01
   3.2778027e-01
  -7.7068983e-01
  -1.5916773e+00
  -1.9725193e+00
  -5.8012078e-01
  -7.9273264e-01
  -1.8470262e+00
  -2.5152680e+00
  -2.7473356e+00
  -2.8557922e+00
  -3.0311093e+00
  -3.1618916e+00
  -3.1901018e+00
  -3.1545326e+00
  -3.1249728e+00
  -3.1269032e+00
  -3.2109017e+00
  -3.4305784e+00
  -3.7580328e+00
  -4.1868632e+00
  -4.6006301e+00
  -5.0048841e+00
  -5.2687424e+00
  -5.3695596e+00
  -5.2423280e+00
  -4.8678721e+00
  -4.2557800e+00
  -3.2086358e+00
  -1.6416918e+00
  -1.4447121e-01
  -8.3019273e-01
  -1.8288065e-01
  -6.7169426e-01
  -2.3568443e+00
  -3.8052175e+00
  -1.5004288e+00
  -1.2442249e+00
  -3.3543923e+00
  -4.6053555e+00
  -5.0672095e+00
  -4.7992290e+00
  -4.1566918e+00
  -3.1584699e+00
  -1.8397069e+00
  -5.7844070e-01
   8.0193232e-01
   1.8848684e+00
   6.7026715e-01
   1.2552465e-01
  -4.4385266e-01
  -2.1037792e+00
  -3.6295941e+00
  -3.8690157e+00
  -3.6243970e+00
  -3.3500466e+00
  -2.9828007e+00
  -2.4148749e+00
  -1.5826095e+00
  -6.9298063e-01
   2.0488710e-01
   8.0036246e-01
   1.2721192e+00
   8.7729675e-01
   5.5920023e-01
   3.5780889e-01
  -2.8152111e-01
  -7.6152158e-01
  -5.5624980e-01
  -5.5490100e-01
  -2.6263430e+00
  -4.0407224e+00
  -4.1012034e+00
  -4.4743757e+00
  -4.9054494e+00
  -5.1568937e+00
  -5.2876244e+00
  -5.2986660e+00
  -5.2486510e+00
  -5.1795082e+00
  -5.0977216e+00
  -5.0388784e+00
  -5.0011759e+00
  -4.9921808e+00
  -4.9898806e+00
  -4.9881101e+00
  -4.9876571e+00
  -4.9519868e+00
  -4.8288298e+00
  -4.5660834e+00
  -4.0707855e+00
  -3.3227093e+00
  -2.0530043e+00
  -8.7819993e-02
   1.0996035e+00
  -8.2840919e-01
   9.6587837e-02
  -1.4547691e-01
  -2.7250164e+00
  -5.9877429e+00
  -2.8197315e+00
  -3.3010929e+00
  -5.5283818e+00
  -4.1536674e+00
  -3.2985802e+00
  -3.0195308e+00
  -2.4556823e+00
  -1.4379423e+00
  -1.2066869e-01
   7.6682591e-01
   1.1817509e+00
   1.2712559e+00
   6.8092376e-01
   3.7339640e-01
  -5.3559784e-02
  -2.6073785e+00
  -3.3090315e+00
  -2.9848952e+00
  -2.2374833e+00
  -1.8046467e+00
  -1.1458820e+00
  -3.0119815e-01
   7.6821613e-01
   1.8536179e+00
   2.8295646e+00
   3.1137111e+00
   2.3205762e+00
   1.2368215e+00
   5.2802181e-01
   4.7937062e-01
  -8.2103348e-01
  -1.7386994e+00
  -3.0281487e+00
  -4.6057916e+00
  -5.0232863e+00
  -4.9413652e+00
  -5.0685902e+00
  -5.4622526e+00
  -5.7578459e+00
  -5.8990183e+00
  -5.9647598e+00
  -5.9663444e+00
  -5.9303541e+00
  -5.8576012e+00
  -5.7512259e+00
  -5.6240859e+00
  -5.4692054e+00
  -5.3229580e+00
  -5.1242537e+00
  -4.8782454e+00
  -4.5683012e+00
  -4.2447491e+00
  -3.8722806e+00
  -3.4836931e+00
  -3.0054295e+00
  -2.5027075e+00
  -1.8837202e+00
  -8.7734675e-01
   9.0175968e-01
  -3.3771455e-02
  -1.0933368e+00
  -8.3315289e-01
  -3.1873307e+00
  -2.8502400e+00
  -4.3228045e+00
  -5.8074875e+00
  -4.5821810e+00
  -2.6254489e+00
  -1.1100781e+00
  -3.0865353e-01
   5.3910393e-01
   1.3987616e+00
   2.4529607e+00
   3.0333138e+00
   1.8999984e+00
   8.3986390e-01
   5.1178360e-01
   4.9859139e-01
   1.5167290e-01
  -3.3406782e+00
  -3.5101316e+00
  -2.5156047e+00
  -8.8241887e-01
  -3.1821591e-01
   2.8952730e-01
   1.1802863e+00
   2.1308010e+00
   3.0569434e+00
   3.8744419e+00
   3.7875929e+00
   2.7921720e+00
   1.2364242e+00
   7.7137952e-01
   5.3501651e-01
  -1.0480279e+00
  -1.9163988e+00
  -3.6653282e+00
  -4.5972779e+00
  -5.0546725e+00
  -5.3167165e+00
  -5.7874826e+00
  -6.2033090e+00
  -6.5195183e+00
  -6.6699166e+00
  -6.6918787e+00
  -6.6050734e+00
  -6.4321674e+00
  -6.1962265e+00
  -5.8904585e+00
  -5.5628456e+00
  -5.1940749e+00
  -4.8672398e+00
  -4.5010135e+00
  -4.1028268e+00
  -3.6111076e+00
  -3.1159329e+00
  -2.6243707e+00
  -2.3253395e+00
  -2.2160603e+00
  -2.3178266e+00
  -2.7454545e+00
  -2.9954364e+00
  -6.8823115e-01
   1.4034928e-01
  -2.1633543e+00
  -3.9445949e+00
  -3.8026516e+00
  -3.8102393e+00
  -5.3004196e+00
  -5.2340806e+00
  -3.8802016e+00
  -2.1200537e+00
  -2.5511576e-01
   1.2480669e+00
   2.1793100e+00
   1.6803489e+00
   2.1256117e+00
   2.6801657e+00
   1.4512335e+00
   6.3894884e-01
   1.0042886e-01
   1.1667231e-01
  -3.2281073e-02
  -2.6401679e+00
  -2.0406777e+00
  -1.1134868e+00
   2.2437280e-01
   6.6744367e-01
   9.4665807e-01
   1.8446877e+00
   2.8793062e+00
   3.5415570e+00
   3.9831641e+00
   3.4168069e+00
   2.3592192e+00
   1.6109672e+00
   6.6254050e-01
  -9.5581196e-02
  -1.6489019e+00
  -2.1930237e+00
  -3.8471868e+00
  -4.6227593e+00
  -5.3245401e+00
  -5.9808092e+00
  -6.6849799e+00
  -7.2016835e+00
  -7.6130972e+00
  -7.8569756e+00
  -7.9852924e+00
  -7.9918714e+00
  -7.8958788e+00
  -7.7015505e+00
  -7.3903017e+00
  -6.9865861e+00
  -6.4196191e+00
  -5.7829428e+00
  -5.0180836e+00
  -4.2751613e+00
  -3.5159721e+00
  -2.9360852e+00
  -2.5232670e+00
  -2.5128284e+00
  -2.8436842e+00
  -2.7175357e+00
  -1.5659493e+00
  -2.4688182e+00
  -4.2123671e+00
  -2.4498742e+00
  -4.7463880e+00
  -7.4883895e+00
  -8.0331688e+00
  -6.8971877e+00
  -6.5250964e+00
  -5.9858589e+00
  -5.0047154e+00
  -3.6527395e+00
  -1.5404631e+00
   1.1195892e+00
   2.6556444e+00
   8.8000226e-01
   7.0084071e-01
   8.9748269e-01
   7.4835730e-01
   5.4737645e-01
  -2.2511473e-01
   5.7335742e-02
  -3.6899918e-01
  -8.5225654e-01
  -1.0897174e-01
   5.1086676e-01
   1.0721734e+00
   1.6646004e+00
   1.6954855e+00
   2.4893570e+00
   3.4545894e+00
   2.7019904e+00
   3.8201737e+00
   3.0655394e+00
   2.5223198e+00
   1.0294400e+00
   2.5265887e-01
  -9.2929138e-01
  -2.2499928e+00
  -3.0910338e+00
  -3.7622838e+00
  -4.5084299e+00
  -5.3013301e+00
  -6.0379307e+00
  -6.7545953e+00
  -7.2669397e+00
  -7.6706786e+00
  -7.9459162e+00
  -8.1437578e+00
  -8.2365751e+00
  -8.2426815e+00
  -8.1703911e+00
  -8.0221176e+00
  -7.7969685e+00
  -7.4419355e+00
  -6.9519578e+00
  -6.2209167e+00
  -5.3877214e+00
  -4.4809470e+00
  -3.7656274e+00
  -3.1690717e+00
  -2.8202199e+00
  -3.1182425e+00
  -3.6013172e+00
  -1.2684492e+00
  -6.2679325e-01
  -4.3978262e+00
  -7.5357156e+00
  -8.4514236e+00
  -7.5983215e+00
  -7.8710575e+00
  -7.4668418e+00
  -7.3182092e+00
  -7.0025135e+00
  -6.3189735e+00
  -5.3185099e+00
  -3.5411689e+00
  -4.7647155e-01
   2.2183285e+00
   6.1894284e-01
  -4.7990263e-02
   2.3149243e-01
   1.1033897e-01
   1.9713939e-01
  -4.1164064e-01
   3.1670723e-02
  -1.4465141e-01
  -3.8447834e-01
  -1.0177025e-01
   7.9617109e-01
   1.4957300e+00
   2.4932296e+00
   2.6027422e+00
   2.7905342e+00
   2.0429673e+00
   1.3210548e+00
   2.7229097e+00
   2.7099082e+00
   2.0026865e+00
   4.9559885e-01
  -3.3088261e-01
  -1.7668413e+00
  -2.5590060e+00
  -2.9931319e+00
  -3.5740244e+00
  -4.1336079e+00
  -4.7862878e+00
  -5.4241796e+00
  -6.1038637e+00
  -6.6136570e+00
  -7.0125413e+00
  -7.2907414e+00
  -7.5270548e+00
  -7.6817689e+00
  -7.7537851e+00
  -7.7472825e+00
  -7.6686988e+00
  -7.5279016e+00
  -7.3125806e+00
  -7.0126119e+00
  -6.5431108e+00
  -5.9178166e+00
  -5.0544138e+00
  -4.1602654e+00
  -3.0904860e+00
  -1.9909467e+00
  -5.0831085e-01
  -7.2450191e-01
  -1.9125642e+00
  -3.0043051e+00
  -4.5048065e+00
  -7.6066804e+00
  -8.2406597e+00
  -7.3293691e+00
  -7.0366812e+00
  -7.0007730e+00
  -6.9063911e+00
  -6.7728367e+00
  -6.4213371e+00
  -5.8299999e+00
  -4.6387377e+00
  -2.2235487e+00
  -2.2407897e-02
  -7.3927784e-01
  -7.5286293e-01
  -4.1625479e-01
  -5.3565819e-02
  -2.6897392e-01
  -7.6816487e-01
  -5.8472699e-01
  -6.7620224e-01
  -2.7397361e-01
   9.3513989e-01
   1.5081766e+00
   1.8884337e+00
   3.1248536e+00
   3.6239955e+00
   3.0594511e+00
   1.4947475e+00
   1.0190443e+00
   1.3581254e+00
   1.7877766e+00
   6.8065155e-01
   6.1871517e-01
  -8.3040476e-01
  -2.2055612e+00
  -2.9555748e+00
  -2.9016328e+00
  -3.2139418e+00
  -3.5116076e+00
  -3.8717289e+00
  -4.3110166e+00
  -4.8862629e+00
  -5.4139223e+00
  -5.8775287e+00
  -6.1918626e+00
  -6.4404106e+00
  -6.5971885e+00
  -6.6924977e+00
  -6.7219687e+00
  -6.6956768e+00
  -6.6330657e+00
  -6.5349760e+00
  -6.3601890e+00
  -6.0518632e+00
  -5.5661950e+00
  -4.7435894e+00
  -3.6601963e+00
  -2.0455298e+00
  -5.3759289e-01
   5.2545249e-01
  -1.0010349e+00
  -2.7598867e+00
  -6.6301842e+00
  -5.7743106e+00
  -5.7890234e+00
  -6.0192327e+00
  -5.8439183e+00
  -5.8054409e+00
  -5.8335452e+00
  -5.8836617e+00
  -5.9261036e+00
  -5.8835979e+00
  -5.6496959e+00
  -4.9945478e+00
  -3.4525087e+00
  -1.6576478e+00
  -8.0857736e-01
  -4.6849471e-01
  -2.7967209e-01
  -4.2971274e-01
  -1.2165217e+00
  -1.5531182e+00
  -1.3511368e+00
  -1.1070114e+00
  -3.0973703e-01
   1.8117197e+00
   1.6420120e+00
   1.2516019e+00
   1.8559160e+00
   3.5592883e+00
   2.4528472e+00
   1.1497018e+00
   7.1089888e-01
   7.8496583e-02
  -1.0667297e-01
   5.2519006e-01
   1.0645791e+00
  -7.1851158e-01
  -7.2119765e-01
  -1.6796924e+00
  -2.4041957e+00
  -2.4460196e+00
  -2.3694102e+00
  -2.3814588e+00
  -2.5491249e+00
  -2.8739870e+00
  -3.2984771e+00
  -3.7793522e+00
  -4.1718686e+00
  -4.4996805e+00
  -4.7082131e+00
  -4.8618889e+00
  -4.9352663e+00
  -4.9498525e+00
  -4.9378760e+00
  -4.9129996e+00
  -4.8463743e+00
  -4.6516623e+00
  -4.1954534e+00
  -3.2509782e+00
  -1.9230783e+00
  -3.0546927e-01
   5.3952649e-01
  -2.3113942e-01
  -2.2711195e+00
  -4.2226825e+00
  -4.3045533e+00
  -3.3252461e+00
  -3.3929286e+00
  -3.6643012e+00
  -3.7457106e+00
  -3.8139825e+00
  -3.8744817e+00
  -4.0002432e+00
  -4.1827815e+00
  -4.3665857e+00
  -4.4261377e+00
  -4.2067070e+00
  -3.4293701e+00
  -1.3408825e+00
   1.1870063e+00
   1.5318947e+00
   4.9762526e-01
  -4.4664115e-01
  -1.7417565e+00
  -1.9775325e+00
  -1.5904257e+00
  -7.2235847e-01
   4.5738500e-01
   1.4755319e+00
   8.6775600e-01
   1.8551163e-01
   5.3714493e-01
   7.5105530e-01
   1.2860214e+00
   1.2557638e+00
   9.3428129e-01
   8.8292420e-02
  -1.1474998e-01
   7.0031768e-01
   1.0639084e+00
  -7.3277748e-01
  -5.0999913e-01
  -6.6887838e-01
  -1.8285776e+00
  -1.7176695e+00
  -1.3036682e+00
  -9.2254889e-01
  -7.2209136e-01
  -7.6602268e-01
  -9.8464686e-01
  -1.3140347e+00
  -1.6682870e+00
  -2.0110815e+00
  -2.2610294e+00
  -2.4657924e+00
  -2.5854434e+00
  -2.6658137e+00
  -2.7198421e+00
  -2.7623656e+00
  -2.7783748e+00
  -2.6877635e+00
  -2.2849385e+00
  -1.1679168e+00
   2.5957216e-01
   1.2016332e+00
   7.3835333e-02
  -1.6462373e+00
  -2.7011041e+00
  -1.6914632e+00
  -1.1302013e+00
  -5.8195758e-01
  -7.4649851e-01
  -1.0758469e+00
  -1.3000990e+00
  -1.5576084e+00
  -1.7512250e+00
  -1.9503286e+00
  -2.1645984e+00
  -2.4421663e+00
  -2.6692130e+00
  -2.6978011e+00
  -2.2466720e+00
  -5.0872135e-01
   2.2416500e+00
   1.7379102e+00
   8.0892270e-01
  -7.1015942e-01
  -2.2325357e+00
  -1.5850704e+00
  -7.3417191e-01
   3.3353940e-01
   9.6676618e-01
   1.7369549e+00
   1.5816581e+00
   6.6960949e-01
   1.1875818e+00
   3.7724909e-01
   5.0148222e-01
   1.1397142e+00
   7.9298882e-01
   2.0477769e-01
  -7.3436950e-02
   1.2321253e+00
   1.3591658e+00
  -3.9180601e-01
  -9.1446340e-01
  -1.1467038e+00
  -1.9272949e+00
  -1.6612239e+00
  -8.6196691e-01
  -8.4892541e-02
   5.0186527e-01
   8.7392938e-01
   1.0367322e+00
   1.0809704e+00
   9.9458933e-01
   8.2318944e-01
   6.4059514e-01
   4.6744037e-01
   3.8543901e-01
   3.4690726e-01
   2.9226327e-01
   1.8331511e-01
   7.0134863e-02
   1.5377775e-02
   3.0603215e-01
   1.2354726e+00
   1.9401348e+00
   7.4057525e-01
  -5.0607961e-01
  -1.3593479e+00
  -8.9422590e-01
   4.6227254e-02
   1.7181727e-01
   4.9278843e-01
   1.1713557e+00
   1.4048872e+00
   1.0756667e+00
   8.4899271e-01
   6.1860323e-01
   3.7367994e-01
   1.7937137e-01
  -9.2748046e-02
  -4.0397766e-01
  -6.5510881e-01
  -5.8953470e-01
  -2.7771387e-01
   2.1291474e-01
   7.7765143e-01
   4.2100891e-01
  -1.6725508e+00
  -2.1018906e+00
  -2.6073754e-01
   1.1585736e+00
   1.8637711e+00
   1.7814524e+00
   2.2756400e+00
   3.0715925e-01
   1.3720576e+00
   1.4045502e+00
   2.3183070e-02
  -2.0714030e-01
  -4.2772225e-01
   1.7241843e-01
   1.2852987e+00
   8.2080305e-01
   1.6072900e+00
   1.9575005e+00
   1.3482225e-01
  -2.8067705e-01
  -1.0638789e+00
  -1.1079617e+00
  -3.7842548e-01
   2.9704419e-01
   9.0391982e-01
   9.7458601e-01
   1.1618227e+00
   1.5149943e+00
   1.9694394e+00
   2.2102213e+00
   2.3117657e+00
   2.3584790e+00
   2.3768368e+00
   2.4054351e+00
   2.4551346e+00
   2.4729135e+00
   2.4156480e+00
   2.2592795e+00
   1.9965800e+00
   1.9564199e+00
   2.2046623e+00
   9.6192503e-01
   6.1867869e-01
  -2.3191482e-01
  -1.9683458e-01
  -4.7192447e-02
   2.0419419e-01
   5.2586061e-01
   8.6196119e-01
   1.0495669e+00
   1.4851234e+00
   1.9779729e+00
   2.0816386e+00
   2.0110478e+00
   1.9471471e+00
   1.9103755e+00
   1.7620518e+00
   1.4639286e+00
   1.0928519e+00
   8.4930980e-01
   9.1095096e-01
   8.7872052e-01
   4.4416472e-01
   3.0864036e-01
   1.0242898e+00
   1.3899233e+00
   1.4461586e+00
   8.0264181e-01
   3.0292767e-01
   6.2065029e-01
  -3.0934080e-01
  -6.3285142e-01
   4.2118913e-01
  -7.0824867e-01
  -4.3368882e-01
   8.8676810e-04
   3.7504351e-01
   3.4880024e-01
   1.0107230e+00
   6.4205319e-01
   1.6295133e+00
   1.8531909e+00
   1.0070257e+00
   6.0573387e-01
  -6.1201823e-01
  -7.8662775e-02
   2.6529619e-01
   4.2109904e-01
   1.0353369e+00
   8.6250079e-01
   8.7236613e-01
   1.3925899e+00
   2.0191228e+00
   2.4391117e+00
   2.7763975e+00
   3.0236804e+00
   3.2637701e+00
   3.4977217e+00
   3.6658525e+00
   3.7369106e+00
   3.7071147e+00
   3.4815307e+00
   3.0851796e+00
   2.5930371e+00
   1.3275484e+00
   7.6334751e-01
   5.2958018e-01
   2.9062098e-01
   3.6064681e-01
   2.8411946e-01
   1.5181570e-01
   2.2459851e-01
   6.8421161e-01
   9.6053612e-01
   7.7726072e-01
   1.4012064e+00
   2.0705054e+00
   2.2662818e+00
   2.5877991e+00
   2.9025848e+00
   3.0369074e+00
   2.8297117e+00
   2.3905540e+00
   1.8277086e+00
   1.1267785e+00
   5.3797118e-02
   2.5804114e-01
   7.2359252e-01
   2.1918566e+00
   1.5310796e+00
  -5.8506183e-02
  -4.6509328e-01
  -6.3586086e-01
  -4.1191451e-02
  -4.7385693e-01
  -1.0084988e+00
  -2.6788220e+00
  -3.1480958e+00
  -1.7539693e+00
  -5.9315346e-02
   9.8967850e-01
   1.6451402e+00
   1.3461877e+00
   1.5274719e+00
   2.2274995e+00
   9.3340802e-01
   1.4696171e+00
   1.1367244e+00
   5.1136187e-01
   3.7459534e-01
   4.1799047e-01
   1.0845805e+00
   7.1671574e-01
   6.2781358e-01
   7.6620136e-01
   1.0505069e+00
   1.4722699e+00
   1.7100797e+00
   1.9739432e+00
   2.2678440e+00
   2.6939677e+00
   3.0786686e+00
   3.4125597e+00
   3.5645473e+00
   3.5483942e+00
   3.3161483e+00
   2.8488035e+00
   2.3911064e+00
   1.1063500e+00
   5.7104766e-01
   2.2804414e-01
   6.8868494e-01
   2.5388815e-01
  -1.3380986e-01
  -3.0354368e-01
   1.3448621e-01
   6.9301407e-01
   1.0530126e+00
   1.1625360e+00
   1.0133793e+00
   1.1684709e+00
   1.5726619e+00
   2.4754807e+00
   3.0889561e+00
   3.5275733e+00
   3.4290733e+00
   3.0625653e+00
   2.3905473e+00
   1.1920974e+00
   5.2532136e-01
   6.0790280e-01
   5.2049148e-01
  -2.6625155e-01
  -8.0072993e-01
   4.4262227e-01
   2.9330131e-02
  -1.2142553e+00
  -1.9603066e+00
  -2.0033590e+00
  -1.9832681e+00
  -2.2441636e+00
  -1.6751189e+00
  -4.4394409e-01
  -2.1095297e-01
   4.4561740e-01
   2.7181442e+00
   1.6372523e+00
   8.3258533e-01
   1.2831375e+00
   6.2690447e-01
   7.2588938e-01
   1.3706312e+00
   7.4120981e-01
   3.8926565e-01
   1.5101528e-01
   1.2742776e+00
   1.4400607e+00
   8.3362996e-01
   9.8654255e-03
  -3.6645075e-01
  -3.8952217e-01
  -8.7459659e-01
  -6.8480575e-01
  -3.0512505e-01
   3.1151420e-01
   9.0514677e-01
   1.4869355e+00
   1.8733851e+00
   1.9754497e+00
   1.7087503e+00
   1.4692179e+00
   6.4910761e-01
  -2.8683573e-01
   7.2765139e-02
   8.7485069e-01
   3.6872091e-01
  -7.4331176e-01
  -7.1628646e-01
  -3.3452961e-01
   1.2534160e-01
   4.1696522e-01
   7.0493339e-01
   9.5534456e-01
   1.1797202e+00
   1.1239344e+00
   1.4907983e+00
   2.7474246e+00
   3.0578381e+00
   3.3614569e+00
   3.2676184e+00
   2.9745085e+00
   2.4133133e+00
   1.8485121e+00
   8.0924116e-01
  -1.2441128e-03
  -2.3559752e-03
  -4.3565494e-01
   4.2605531e-01
   1.5945947e-01
  -5.7925407e-01
  -1.1710294e+00
  -1.2585251e+00
  -1.4015507e+00
  -5.4825405e-01
  -2.7106866e-01
   3.5843437e-01
   6.3296109e-01
   6.4615295e-01
   1.2306881e+00
   1.0737034e+00
   7.7725357e-01
   9.1887986e-01
   9.0471131e-01
   7.5089443e-01
   5.9913760e-01
   1.0585004e+00
   1.1949100e+00
   7.9570359e-01
   5.9562045e-01
   4.1821778e-01
  -3.9962995e-01
  -3.8455909e-01
  -8.4203017e-01
  -6.3058615e-01
  -7.8010285e-01
  -2.5364110e+00
  -2.7351305e+00
  -2.1595774e+00
  -1.8011105e+00
  -1.0095460e+00
  -6.7782623e-01
  -7.3234528e-01
  -1.0263656e+00
  -1.4689358e+00
  -1.2729459e+00
  -1.6181939e+00
   1.3851418e+00
   1.0921780e+00
  -4.0468180e-01
  -6.9486284e-01
  -7.9992294e-01
  -3.7442115e-01
  -1.4770490e-01
   2.6179338e-01
   6.4619493e-01
   7.9441923e-01
   1.0608946e+00
   1.2139778e+00
   1.6252421e+00
   1.7157925e+00
   1.2376202e+00
   1.1160144e+00
   1.4958210e+00
   1.4892398e+00
   1.1369125e+00
   5.9423876e-01
   3.4565961e-01
  -5.0093893e-02
  -5.5172011e-02
  -2.0397164e-01
  -9.1458333e-01
  -5.3196514e-01
  -1.2883818e-01
  -2.8314984e-01
  -5.0337568e-02
   3.0665028e-01
   4.2005283e-01
   7.7664381e-01
   4.7966811e-01
   9.1179138e-01
   1.2259738e+00
   7.9610795e-01
   9.1626704e-01
   7.0753181e-01
   8.3273387e-01
   8.9572209e-01
   8.6233366e-01
  -5.1689121e-01
  -6.0432523e-02
   4.2091637e-01
   1.3901193e-02
  -5.6001786e-01
  -7.8781396e-01
  -1.2892402e-01
   1.2303702e+00
   1.2640187e+00
  -1.3111298e-01
  -8.0247401e-01
  -7.0640755e-01
   5.6871477e-01
   8.7163198e-01
  -1.6448989e-01
  -6.1964262e-01
  -1.4513638e-01
  -7.7423774e-02
  -7.8968911e-01
  -8.2025325e-01
   8.2818573e-01
   2.4380030e-01
  -8.6291318e-01
  -5.3016938e-02
  -3.0571290e-01
  -8.5200888e-01
  -5.3586772e-01
  -2.2642344e-01
  -8.8410636e-02
   2.6987156e-01
   4.7523168e-01
   4.5185342e-01
   3.1896221e-01
   2.0237510e-01
   6.2990121e-01
   8.9263785e-01
  -6.2225334e-01
  -2.2905650e+00
  -1.7621716e+00
  -1.0866425e+00
  -1.5738239e+00
  -1.8903725e+00
  -1.6518093e+00
  -8.2657003e-01
  -8.4474366e-01
  -8.1836653e-01
  -3.3558704e-01
  -1.0032606e-01
   3.4005295e-01
   3.8812593e-01
   1.8077148e-01
   6.4860749e-01
   8.1962948e-01
   5.7116926e-01
   4.2910116e-01
   3.2676542e-01
   4.6752846e-01
   6.3865244e-01
   2.9716613e-01
   5.6595881e-02
   1.1205938e-01
  -1.3798612e-01
  -2.9126670e-01
  -3.1909174e-01
  -6.1458087e-01
  -5.0801212e-01
  -4.2642659e-01
  -4.9499235e-01
  -5.4042530e-01
  -5.2806777e-01
  -5.8651835e-01
  -6.9656724e-01
  -6.7431378e-01
  -5.3626043e-01
  -5.1668316e-01
  -6.3821489e-01
  -6.4649606e-01
  -5.2763093e-01
  -4.6381956e-01
  -4.8490733e-01
  -5.3910607e-01
  -6.2127864e-01
  -7.6505870e-01
  -8.2491082e-01
  -7.2247094e-01
  -5.9874618e-01
  -5.5552274e-01
  -4.4758862e-01
  -1.8902358e-01
   1.2061442e-01
   2.7393249e-01
   3.7708405e-01
   4.8092204e-01
   5.0981814e-01
   4.0297407e-01
   3.6594665e-01
   5.6545740e-01
   6.1812204e-01
   9.4893090e-02
  -1.1606249e+00
  -2.2363837e+00
  -2.4945242e+00
  -8.1257415e-01
   1.8288641e+00
   2.0605786e+00
   9.6773672e-01
   5.3294521e-02
  -5.5081993e-01
  -8.1090879e-01
  -8.4617692e-01
  -7.5789934e-01
  -6.6963589e-01
  -5.8105749e-01
  -4.4465458e-01
  -2.7708364e-01
  -2.1287613e-01
  -3.1644297e-01
  -4.0384760e-01
  -3.8670501e-01
  -3.8665289e-01
  -4.7879279e-01
  -5.2773708e-01
  -5.0579780e-01
  -5.4331988e-01
  -6.8346202e-01
  -8.0174834e-01
  -7.6245224e-01
  -6.7463440e-01
