   1.0326165e+00
   1.2362328e+00
   1.8187454e+00
   2.2216744e+00
   2.0972831e+00
   2.0811038e+00
   2.7909443e+00
   3.5432885e+00
   3.8523436e+00
   4.2155013e+00
   4.5138283e+00
   4.6990037e+00
   4.4882436e+00
   3.8353133e+00
   3.0449429e+00
   2.2021885e+00
   1.5641779e+00
   9.1372037e-01
   3.0094033e-01
  -3.3724803e-01
  -8.3825123e-01
  -1.1592221e+00
  -1.0774626e+00
  -6.6499043e-01
  -1.7822401e-01
   1.7437632e-01
   1.7857841e-01
   1.5790443e-01
   4.8373437e-01
   1.3549957e+00
   2.0190215e+00
   1.7860482e+00
   1.0852689e+00
   8.2814133e-01
   1.3340899e+00
   1.9919360e+00
   2.0699787e+00
   1.6702713e+00
   1.2066109e+00
   8.6724114e-01
   5.3380722e-01
   2.0481814e-03
  -4.8434705e-01
  -6.8306804e-01
  -4.1723946e-01
   8.5914254e-02
   4.9977955e-01
   1.3117982e+00
   2.3488376e+00
   3.3412309e+00
   3.5263221e+00
   3.5669682e+00
   3.1801727e+00
   2.3394310e+00
   1.9391781e+00
   2.4204986e+00
   4.2343354e+00
   5.0380726e+00
   3.8247144e+00
   1.8884385e+00
  -3.3368191e-01
  -1.3092425e+00
  -2.2232293e-01
   8.3643305e-01
   2.9476085e+00
   2.9575472e+00
   2.8161676e+00
   2.4465127e+00
   1.9188206e+00
   1.6269910e+00
   2.2879813e+00
   2.6264868e+00
   1.9218581e+00
   1.2452900e+00
   1.1266254e+00
   1.0204961e+00
   7.5097948e-01
   5.5368066e-01
   4.3704975e-01
   3.0167145e-01
   2.3734978e-01
   1.6361704e-01
  -2.6671819e-03
  -1.7362526e-01
  -2.3472062e-01
  -2.6859361e-01
  -3.3960772e-01
  -4.1874701e-01
  -4.7688800e-01
  -5.7819974e-01
  -6.5114331e-01
  -6.2325573e-01
  -5.7702774e-01
  -5.0903982e-01
  -3.5360882e-01
  -3.5079792e-01
  -5.3644049e-01
  -4.0467924e-01
  -2.7927700e-03
   3.0514270e-01
   5.0588030e-01
   7.3707873e-01
   8.7816429e-01
   9.9848402e-01
   1.1536442e+00
   1.2050327e+00
   1.1641612e+00
   1.1545889e+00
   1.0698885e+00
   8.6793822e-01
   7.4489856e-01
   7.9511744e-01
   9.7241288e-01
   9.8120999e-01
   6.9355959e-01
   4.1875833e-01
   3.1052664e-01
   1.1997169e-01
   2.5949001e-01
   1.2847253e+00
   2.7414510e+00
   3.3745670e+00
   2.6310642e+00
   1.3328382e+00
   9.8654234e-01
   1.8626498e+00
   2.6710124e+00
   2.7827122e+00
  -3.0088855e-02
  -5.1553482e-01
  -9.9255008e-01
  -1.4457335e+00
  -1.7780607e+00
  -2.0234575e+00
  -2.1740108e+00
  -2.2936823e+00
  -2.2975836e+00
  -2.1356761e+00
  -1.8814486e+00
  -1.6549140e+00
  -1.5093669e+00
  -1.2714980e+00
  -9.3112832e-01
  -5.3623986e-01
  -2.4976489e-01
  -8.0294698e-02
  -6.5346420e-02
  -1.3913761e-01
  -1.6744493e-01
  -2.0112346e-01
  -2.6394793e-01
  -3.7808841e-01
  -5.4650700e-01
  -7.1929961e-01
  -8.6685699e-01
  -9.8085016e-01
  -1.0497255e+00
  -1.0460335e+00
  -1.0088830e+00
  -1.0148616e+00
  -1.0971518e+00
  -9.6970057e-01
  -5.6139123e-01
  -2.8004956e-01
  -1.0068351e-01
   9.0447694e-02
   2.0898888e-01
   4.1437665e-01
   5.6208891e-01
   6.3164002e-01
   5.8411276e-01
   4.3258694e-01
   2.1533719e-01
  -1.1172034e-02
  -2.0364834e-01
  -3.9792821e-01
  -6.3536739e-01
  -9.2124355e-01
  -1.0995408e+00
  -1.2067598e+00
  -1.2159281e+00
  -1.1064100e+00
  -9.1364002e-01
  -6.5608180e-01
  -3.7649792e-01
  -1.1789712e-01
   4.4716083e-02
   2.1261288e-01
   4.1323835e-01
   5.9903163e-01
   5.7500291e-01
   3.4114528e-01
  -9.4918638e-01
  -1.5526190e+00
  -2.1032864e+00
  -2.5481784e+00
  -2.7921616e+00
  -2.9986768e+00
  -3.1166322e+00
  -3.1089134e+00
  -2.8879005e+00
  -2.5367777e+00
  -2.2245897e+00
  -1.9935519e+00
  -1.6138098e+00
  -1.1069328e+00
  -6.0970489e-01
  -2.3427749e-01
   1.0389598e-02
   1.3786399e-01
   1.2782887e-01
   7.8914277e-03
  -1.1934911e-01
  -2.7681786e-01
  -4.5421430e-01
  -6.9701010e-01
  -9.9759042e-01
  -1.2693878e+00
  -1.4430927e+00
  -1.5059389e+00
  -1.5639206e+00
  -1.5053412e+00
  -1.5696966e+00
  -1.6406848e+00
  -2.2775287e+00
  -1.8404377e+00
  -6.3207463e-01
  -6.7313021e-01
  -7.7607648e-01
  -6.9950920e-01
  -4.9025634e-01
  -3.0892354e-01
  -2.3776755e-01
  -2.6914838e-01
  -3.8380279e-01
  -5.7692230e-01
  -7.8950231e-01
  -9.9393499e-01
  -1.2274495e+00
  -1.4739416e+00
  -1.7183716e+00
  -1.9745896e+00
  -2.1146821e+00
  -2.1004875e+00
  -2.0083541e+00
  -1.8505348e+00
  -1.6599721e+00
  -1.3713065e+00
  -1.0812843e+00
  -8.5850298e-01
  -7.2924898e-01
  -3.9098173e-01
   4.2124967e-02
   2.1389185e-01
  -2.7563022e-02
  -4.4169319e-01
  -1.5445079e+00
  -2.1275128e+00
  -2.5030334e+00
  -2.7548725e+00
  -2.9441881e+00
  -3.0098233e+00
  -2.8858852e+00
  -2.5889517e+00
  -2.1857209e+00
  -1.7585664e+00
  -1.1886768e+00
  -1.5734212e+00
  -1.0493338e+00
  -2.3084004e-01
   4.6933532e-02
   2.4037839e-01
   2.4310477e-01
   1.9744362e-01
   1.4312252e-01
  -3.3608636e-02
  -2.1883906e-01
  -4.5937314e-01
  -7.4379611e-01
  -1.0362608e+00
  -1.3266832e+00
  -1.4877582e+00
  -1.5216420e+00
  -1.5825431e+00
  -1.4774972e+00
  -1.4947461e+00
  -1.4845055e+00
  -1.2052937e+00
  -1.6221533e+00
  -1.6124568e+00
  -5.7904065e-01
  -1.1706945e+00
  -1.1739447e+00
  -9.5420617e-01
  -7.5121737e-01
  -6.5273956e-01
  -6.7422557e-01
  -7.6359634e-01
  -8.6600155e-01
  -1.0396768e+00
  -1.2041959e+00
  -1.4114732e+00
  -1.6321157e+00
  -1.8657530e+00
  -2.0713868e+00
  -2.1231457e+00
  -1.9264088e+00
  -1.5639901e+00
  -1.3909444e+00
  -1.3647058e+00
  -1.2681341e+00
  -1.0840234e+00
  -8.3958125e-01
  -5.9231088e-01
  -3.2475588e-01
   1.4942315e-01
   3.6603737e-01
   1.0756051e-01
  -4.3402189e-01
  -1.0043550e+00
  -1.5671082e+00
  -1.7484444e+00
  -1.7522584e+00
  -1.8799962e+00
  -1.9814878e+00
  -1.7212276e+00
  -1.2976786e+00
  -1.3806493e+00
  -9.9843800e-01
  -6.1222845e-01
  -1.6338803e-01
   8.6823881e-02
  -2.6492673e-01
  -6.4992714e-01
  -5.4201171e-02
   1.7987728e-02
  -1.0668683e-01
  -1.0534260e-01
  -1.3837202e-01
  -1.7627746e-01
  -2.9059416e-01
  -5.3613245e-01
  -7.3494506e-01
  -9.7037357e-01
  -1.1403728e+00
  -1.1656990e+00
  -1.2066971e+00
  -1.1994320e+00
  -1.1458881e+00
  -1.1935427e+00
  -9.9035156e-01
  -4.3622053e-01
  -3.6053842e-01
  -9.4250035e-01
  -2.9110289e-01
  -8.7751865e-01
  -1.1836734e+00
  -1.0212333e+00
  -8.5019547e-01
  -8.7457776e-01
  -8.7433016e-01
  -8.8945919e-01
  -9.7553056e-01
  -1.0577893e+00
  -1.1787845e+00
  -1.3358762e+00
  -1.4457966e+00
  -1.4874222e+00
  -1.2498837e+00
  -6.7820740e-01
  -2.9945394e-01
  -1.4340290e-01
  -2.5429359e-01
  -5.5487758e-01
  -6.1637539e-01
  -5.2567053e-01
  -3.7721735e-01
  -1.5489566e-01
   5.2724920e-02
   1.6368750e-01
  -5.2951448e-02
  -5.0306773e-01
  -9.2391908e-01
  -1.2893255e+00
  -2.5396392e-01
   3.1509167e-01
   2.3061946e-01
  -3.1913450e-01
  -3.9338213e-01
   1.6157934e-01
   3.1308773e-01
  -2.0910363e-01
  -2.2100362e-01
   8.0880318e-03
   2.4409848e-01
   3.5262686e-01
   2.9364190e-01
  -1.0932995e-01
  -1.8254244e-01
  -4.2823493e-01
  -4.8387656e-01
  -3.4959963e-01
  -2.5388280e-01
  -1.7536497e-01
  -1.8295814e-01
  -2.6855490e-01
  -3.7593845e-01
  -4.8283237e-01
  -5.6846493e-01
  -6.5242076e-01
  -7.7867872e-01
  -8.8475657e-01
  -9.2514443e-01
  -8.2738912e-01
  -3.5846534e-01
   8.1353259e-01
   1.4854517e+00
  -4.5329839e-02
   4.6713140e-02
  -3.5656485e-01
  -7.4273056e-01
  -9.9702102e-01
  -9.6940345e-01
  -1.0752758e+00
  -1.0591480e+00
  -9.8431736e-01
  -9.4755793e-01
  -9.3367004e-01
  -9.4771576e-01
  -9.1503572e-01
  -6.9703865e-01
  -7.4942492e-02
   9.3307257e-01
   9.3023825e-01
   1.9704460e-01
   4.5670502e-02
  -3.8086048e-01
  -6.8684959e-01
  -6.4533055e-01
  -7.0783305e-01
  -7.1324611e-01
  -5.3032523e-01
  -3.8973030e-01
  -3.8262522e-01
  -4.8005998e-01
  -5.6714940e-01
  -5.7604223e-01
  -5.0408566e-01
   2.0441403e+00
   3.1331737e+00
   1.7978640e+00
   8.8135225e-01
   1.1501855e+00
   1.7878232e+00
   8.6037469e-01
   7.2479439e-01
  -7.2169885e-02
   7.6562464e-02
   2.4965210e-01
   3.7203854e-01
   5.2464193e-01
   3.6409748e-01
   1.4398519e-02
  -3.7845516e-01
  -3.2953548e-01
  -1.2089126e-01
   4.9080461e-02
   2.0653075e-01
   3.1247228e-01
   3.4356046e-01
   2.8511417e-01
   1.9116680e-01
   3.9601721e-02
  -2.2660896e-01
  -5.3993070e-01
  -7.7408367e-01
  -7.8772110e-01
  -4.5407522e-01
   4.2165440e-01
   2.2115822e+00
   3.3059118e+00
   2.9267603e-01
   4.1202456e-01
   2.5046369e-01
  -1.5788396e-01
  -9.7152519e-01
  -1.4066499e+00
  -1.6636355e+00
  -1.4865444e+00
  -1.1791329e+00
  -9.3187118e-01
  -7.2988999e-01
  -5.3283548e-01
  -1.1911133e-01
   6.4988005e-01
   2.2157872e+00
   3.9474468e+00
   2.0365305e+00
   1.5568401e-01
   4.9224861e-02
  -4.4490361e-01
  -2.6607010e-01
  -4.4768164e-01
  -9.9998647e-01
  -1.0450331e+00
  -6.3586485e-01
  -3.3137986e-01
  -1.0957304e-01
   9.8235190e-02
   3.6778137e-01
   6.9674748e-01
   1.2319647e+00
   4.1589239e+00
   5.1596003e+00
   2.8983437e+00
   1.5835037e+00
   1.2612063e+00
   1.3817172e+00
   1.2290681e+00
   5.8746928e-01
  -1.3412079e-01
   1.0176837e-01
   5.5691836e-01
   8.3034670e-01
   8.9353018e-01
   6.9671392e-01
   4.1396430e-01
   2.9723245e-01
   3.9882707e-01
   6.0775244e-01
   8.2647436e-01
   1.0328386e+00
   1.1662697e+00
   1.1728588e+00
   1.0559660e+00
   8.2937938e-01
   3.9753645e-01
  -1.8802063e-01
  -6.4395479e-01
  -8.2327098e-01
  -5.9523151e-01
   1.5244499e-01
   1.4166226e+00
   3.4424767e+00
   4.6698778e+00
   5.5370241e-01
   4.7181721e-02
   6.4148659e-01
  -1.4537413e-01
  -3.8053045e-01
  -1.9268173e+00
  -2.7417879e+00
  -2.0367774e+00
  -1.2981515e+00
  -8.0439590e-01
  -3.2270715e-01
   2.6731758e-01
   1.2654239e+00
   2.7042777e+00
   4.7702479e+00
   5.1232484e+00
   1.5945084e+00
  -1.4102366e-01
  -4.0530053e-01
   2.9367650e-02
   6.2813389e-01
  -5.5743733e-01
  -1.5121061e+00
  -7.1511178e-01
   1.0950755e-01
   5.3643546e-01
   9.5841062e-01
   1.3704275e+00
   1.8519653e+00
   2.3888124e+00
   3.1634970e+00
   5.1826286e+00
   5.8521786e+00
   3.5170155e+00
   1.2357423e+00
   9.6379578e-01
   8.6677092e-01
   7.6115340e-01
  -2.0023748e-02
   5.3622160e-02
   8.4625721e-01
   1.4154812e+00
   1.5396285e+00
   1.4087524e+00
   1.1641929e+00
   9.9487448e-01
   9.5396739e-01
   1.0436990e+00
   1.2466199e+00
   1.4988146e+00
   1.6881666e+00
   1.7261441e+00
   1.6215364e+00
   1.3563733e+00
   8.2117254e-01
   8.0029622e-02
  -6.3805979e-01
  -9.3765080e-01
  -7.5854439e-01
  -1.4484824e-01
   9.2177463e-01
   2.2413266e+00
   3.9426820e+00
   4.7051773e+00
   1.6752663e+00
  -2.7827948e-02
   2.1558435e-01
  -2.8889689e-01
  -2.5458133e-01
  -1.2321537e+00
  -3.6018860e+00
  -2.3169425e+00
  -1.1550108e+00
  -4.5418432e-01
   3.2537562e-01
   1.2591619e+00
   2.6321890e+00
   4.3459187e+00
   6.2632513e+00
   4.4113412e+00
   8.4087002e-01
  -1.2567873e-01
   7.8433678e-02
   7.5833923e-01
   6.0423487e-01
  -6.8727207e-01
  -1.3410785e+00
  -2.3114666e-02
   7.4797839e-01
   1.2019053e+00
   1.7116088e+00
   2.1992407e+00
   2.7661335e+00
   3.4017656e+00
   4.2484608e+00
   5.7042675e+00
   5.6752601e+00
   3.6305399e+00
   9.6287799e-01
   1.1759020e-01
   2.4829853e-01
  -1.9325072e-01
  -2.5677353e-01
   6.3685322e-01
   2.1495595e+00
   2.2142339e+00
   2.1014109e+00
   1.8175200e+00
   1.5473149e+00
   1.4230905e+00
   1.3781537e+00
   1.4782985e+00
   1.7094632e+00
   1.9266040e+00
   1.9755135e+00
   1.8394343e+00
   1.5104775e+00
   9.1786265e-01
   3.9064743e-02
  -7.3299289e-01
  -1.0856870e+00
  -8.5644567e-01
  -1.5681820e-01
   7.6375562e-01
   1.9267249e+00
   3.1363583e+00
   4.3766260e+00
   3.9937224e+00
   1.4616745e+00
  -2.5947782e-01
  -3.4206551e-01
  -5.8050281e-01
  -4.3973961e-01
  -8.0547935e-01
  -2.6154368e+00
  -1.8932635e+00
  -4.0073419e-01
   4.8383811e-01
   1.4984999e+00
   2.5815315e+00
   3.9730334e+00
   5.4804749e+00
   6.6085119e+00
   2.4193454e+00
   2.0944935e-01
  -3.8320702e-02
   1.5157193e-01
   9.2849314e-01
   2.5143102e-01
   3.4489576e-02
  -1.3106197e-01
   7.4801296e-01
   1.4530427e+00
   1.9731146e+00
   2.5702620e+00
   3.1471641e+00
   3.7939157e+00
   4.4333930e+00
   5.1355557e+00
   5.2323284e+00
   4.4664717e+00
   2.7571650e+00
   3.2566634e-01
  -2.6800516e-01
  -1.2554689e-01
  -3.1551227e-01
   1.2035499e-01
   2.1550910e+00
   2.8197992e+00
   2.3980255e+00
   2.0965130e+00
   1.6874917e+00
   1.3612889e+00
   1.2320969e+00
   1.2180877e+00
   1.3584944e+00
   1.5481980e+00
   1.5902168e+00
   1.4096917e+00
   1.0724887e+00
   5.0594902e-01
  -2.2769648e-01
  -9.0555471e-01
  -1.1007433e+00
  -7.4851292e-01
  -5.5277027e-02
   8.8115972e-01
   1.8453082e+00
   2.9341669e+00
   4.0184736e+00
   5.1259871e+00
   2.8658328e+00
   6.5618300e-01
  -2.7798983e-01
  -5.4044443e-01
  -5.2512610e-01
  -3.1109706e-01
  -3.1750932e-01
  -1.1474062e+00
  -5.2751863e-01
   9.2457312e-01
   1.7947602e+00
   2.7342198e+00
   3.6402302e+00
   4.6750097e+00
   5.5610614e+00
   5.3011122e+00
   1.5852513e+00
  -5.8082035e-03
   1.2784459e-01
   4.3035069e-01
   8.0489457e-01
  -3.1783494e-01
   1.3413399e-01
   1.2949302e+00
   1.8206427e+00
   2.3349500e+00
   2.8555079e+00
   3.4903107e+00
   4.0864215e+00
   4.6787615e+00
   5.1009002e+00
   5.3237901e+00
   3.6146994e+00
   2.4148114e+00
   9.2271567e-01
  -4.8703796e-01
  -9.0693278e-01
  -1.6699746e-01
   4.3478472e-01
   1.1914628e+00
   2.2718150e+00
   1.9808766e+00
   1.6447831e+00
   1.0751921e+00
   5.4730683e-01
   2.1945134e-01
   1.6891160e-01
   2.7396816e-01
   4.2498077e-01
   5.1679802e-01
   4.2640073e-01
   1.2417497e-01
  -2.7811834e-01
  -7.5661808e-01
  -1.0832990e+00
  -1.0485419e+00
  -5.9867584e-01
   1.6562973e-01
   9.9747396e-01
   1.9291444e+00
   2.8064689e+00
   3.7579541e+00
   4.6038627e+00
   4.8328948e+00
   1.1202921e+00
   1.6189804e-03
   1.8310214e-01
  -1.7388931e-01
  -1.0206656e-01
  -9.0424195e-02
   3.3338792e-02
   3.4492794e-01
   1.0913105e+00
   2.2119150e+00
   2.8549131e+00
   3.5615795e+00
   4.1948490e+00
   4.7812729e+00
   5.0241555e+00
   4.2972355e+00
   1.3965119e+00
   4.1455644e-01
   3.7198855e-01
   4.1868028e-01
   2.8278732e-01
   2.1882591e-01
   7.8035357e-01
   2.5840945e+00
   2.8411888e+00
   3.1516099e+00
   3.6061085e+00
   4.1484632e+00
   4.5999316e+00
   4.9576035e+00
   4.9484271e+00
   4.4060922e+00
   1.7656003e+00
   9.4262832e-01
   4.8252780e-02
  -5.3470200e-01
  -3.6849925e-01
   7.3563302e-01
   1.4900644e+00
   1.4921745e+00
   8.8739347e-01
   7.2139883e-01
   5.8964882e-02
  -6.2525463e-01
  -1.0920199e+00
  -1.3237259e+00
  -1.3256031e+00
  -1.2303538e+00
  -1.1492450e+00
  -1.1253805e+00
  -1.1917489e+00
  -1.3201308e+00
  -1.3935689e+00
  -1.3212173e+00
  -1.0417908e+00
  -4.9398389e-01
   1.8756846e-01
   9.9098265e-01
   1.7574891e+00
   2.5393910e+00
   3.1760306e+00
   3.7620952e+00
   4.2661967e+00
   3.4418142e+00
   4.9135482e-01
   2.9255351e-01
   2.6683030e-01
   4.8620928e-02
  -2.4175830e-01
  -1.8853360e-01
   5.0354129e-01
   1.2646748e+00
   2.6251307e+00
   3.0468009e+00
   3.5110300e+00
   3.9940283e+00
   4.3788319e+00
   4.6077824e+00
   4.4594984e+00
   3.5394580e+00
   1.2523900e+00
   4.3064448e-01
   2.6601174e-01
   3.5543060e-01
   4.1203430e-01
   1.7142655e+00
   2.6363730e+00
   3.5172131e+00
   3.3755605e+00
   3.5600629e+00
   3.8656399e+00
   4.2248654e+00
   4.4673376e+00
   4.4586525e+00
   3.7924931e+00
   2.4986947e+00
   3.6314549e-01
   1.3494816e-01
   8.6656881e-02
  -3.8226008e-01
  -1.2589114e-01
   9.9817330e-01
   1.1472098e+00
  -1.4714597e-01
   7.0633878e-02
  -3.4023907e-01
  -1.6842463e+00
  -2.2617878e+00
  -2.5786809e+00
  -2.7506172e+00
  -2.8127333e+00
  -2.8298756e+00
  -2.8203933e+00
  -2.7823307e+00
  -2.6950578e+00
  -2.4873590e+00
  -2.1449968e+00
  -1.6151472e+00
  -9.9689996e-01
  -2.6224466e-01
   4.3997386e-01
   1.1612511e+00
   1.7564279e+00
   2.2973541e+00
   2.6801180e+00
   2.9881660e+00
   3.2361030e+00
   1.7690432e+00
  -6.3349690e-02
   1.5754245e-01
   4.5684586e-02
  -4.1810393e-01
  -1.9808929e+00
  -1.3808704e+00
  -6.2723700e-01
   1.0721435e+00
   4.2609294e+00
   3.3361227e+00
   3.7327738e+00
   4.1414092e+00
   4.3703501e+00
   4.3435147e+00
   3.7761242e+00
   2.4630162e+00
   1.2459627e+00
   3.7524416e-01
   1.0903068e-01
   2.0075763e-01
   7.8269337e-01
   3.0597329e+00
   3.4418649e+00
   3.1906585e+00
   3.1102879e+00
   3.2375867e+00
   3.3444490e+00
   3.4599225e+00
   3.4639966e+00
   3.0907750e+00
   1.9015465e+00
   4.2415091e-01
  -1.9690271e-02
   2.8593272e-02
   2.4647391e-01
  -8.1213579e-02
  -3.9944163e-01
  -2.8985831e-01
  -5.3219783e-01
  -1.4407453e-01
   3.3560321e-01
  -9.3411005e-01
  -1.7914771e+00
  -2.0519314e+00
  -2.2616422e+00
  -2.4354155e+00
  -2.5580685e+00
  -2.6571083e+00
  -2.7029724e+00
  -2.6821876e+00
  -2.5614188e+00
  -2.2944045e+00
  -1.8943218e+00
  -1.3329248e+00
  -7.2030258e-01
  -3.4518678e-02
   5.7549089e-01
   1.1672844e+00
   1.6119026e+00
   1.9428881e+00
   2.0765479e+00
   2.0230532e+00
   1.5940900e+00
   4.5271155e-01
  -4.4827823e-02
  -1.0506295e-01
  -1.2827103e-01
  -7.9647678e-01
  -3.4617729e+00
  -2.3627906e+00
  -8.7698656e-01
   1.4032390e+00
   3.6460881e+00
   2.9242344e+00
   3.4967890e+00
   3.9149213e+00
   4.0995865e+00
   3.9584255e+00
   3.0759079e+00
   1.2460191e+00
   5.5600893e-01
   4.9167019e-01
   2.6021782e-01
   3.0017540e-01
   1.6316642e+00
   4.5844660e+00
   3.5584934e+00
   2.4519737e+00
   2.4888959e+00
   2.5322545e+00
   2.5196464e+00
   2.4615672e+00
   2.3010564e+00
   1.9222299e+00
   8.9317328e-01
  -3.7824553e-01
  -2.2638999e-01
  -5.4213710e-02
  -1.0817247e-02
   2.5325082e-02
  -4.0143380e-01
  -6.2608689e-01
  -3.6947963e-01
   3.4338292e-01
  -1.0086268e-01
  -6.3191038e-01
  -9.1216147e-01
  -1.1104039e+00
  -1.2576168e+00
  -1.3691514e+00
  -1.4270502e+00
  -1.4578295e+00
  -1.4500270e+00
  -1.3937986e+00
  -1.2792498e+00
  -1.0559458e+00
  -7.2059035e-01
  -2.2802369e-01
   3.3560628e-01
   1.0043657e+00
   1.6049094e+00
   2.1474264e+00
   2.4488063e+00
   2.4272482e+00
   1.9677870e+00
   9.9255115e-01
  -1.8425901e-01
  -1.0759763e+00
   1.3531320e-02
  -9.2277449e-01
  -9.0180409e-01
  -2.5030406e+00
  -2.1308355e+00
  -2.0278840e+00
  -1.0243753e+00
   7.6052529e-01
   1.6547215e+00
   2.1406605e+00
   2.9279468e+00
   3.2569354e+00
   3.2278969e+00
   3.2428150e+00
   2.6280880e+00
   1.1002269e+00
   1.9724283e-01
   5.6739450e-01
   2.4516636e-01
   3.2849434e-01
   2.6947234e+00
   5.3127418e+00
   4.2996116e+00
   2.0999680e+00
   1.8816578e+00
   1.6464047e+00
   1.3389692e+00
   9.3101931e-01
   6.3704467e-01
   6.7625451e-01
   5.6084532e-01
  -1.7869897e-02
  -5.0644425e-01
  -1.9173011e-01
  -2.3711039e-01
   9.3107117e-03
  -2.0678463e-01
  -3.6788877e-01
  -1.9687347e-01
  -2.9565557e-01
  -6.6129462e-01
  -1.1311844e+00
  -1.5398417e+00
  -1.9385360e+00
  -2.2261638e+00
  -2.4456376e+00
  -2.5478939e+00
  -2.5549821e+00
  -2.4629919e+00
  -2.2652239e+00
  -1.9933380e+00
  -1.6156454e+00
  -1.1949456e+00
  -6.9954829e-01
  -2.1504976e-01
   2.9938110e-01
   7.0963822e-01
   9.9758595e-01
   1.0348739e+00
   7.9485064e-01
   4.2568576e-01
  -7.8286429e-02
  -1.2301752e+00
  -2.1575075e+00
  -5.6161610e-01
  -1.4114670e+00
  -2.8833095e+00
  -1.8580764e+00
  -1.5414983e+00
  -1.8368558e+00
  -1.5831688e+00
  -1.0563982e+00
  -8.5882299e-01
  -4.2476683e-01
   6.4733712e-01
   1.3918699e+00
   1.2651907e+00
   1.9561070e+00
   2.0823764e+00
   1.2227484e+00
   1.7285737e-01
   4.8734918e-01
   2.3459330e-01
   8.5262554e-01
   2.1921693e+00
   4.1663501e+00
   3.3452108e+00
   1.8963374e+00
   1.2426905e+00
   4.8201197e-01
   1.7127299e-02
  -1.6788028e-01
   5.6142587e-03
   3.2357042e-01
   6.6276834e-01
   2.7468403e-01
  -9.8027349e-02
   1.6821766e-01
   5.5854809e-01
   2.9381174e-01
   4.6705816e-02
  -1.2832159e-01
  -2.1464396e-01
  -4.8892373e-01
  -8.6466873e-01
  -1.3479972e+00
  -1.8326737e+00
  -2.3302236e+00
  -2.7528129e+00
  -3.1649282e+00
  -3.4969809e+00
  -3.7894936e+00
  -3.9789059e+00
  -4.0767503e+00
  -4.0413675e+00
  -3.8544426e+00
  -3.5456629e+00
  -3.1294870e+00
  -2.7032704e+00
  -2.2618916e+00
  -1.9034251e+00
  -1.5182228e+00
  -1.1389644e+00
  -9.4751173e-01
  -1.1301742e+00
  -5.8891535e-01
  -3.2866496e-01
  -5.5404782e+00
  -3.5457742e+00
  -1.4150285e+00
  -3.0102491e+00
  -1.5873272e+00
  -1.9054936e+00
  -2.4757001e+00
  -2.9747593e+00
  -3.3609357e+00
  -3.6201549e+00
  -3.4816289e+00
  -2.1689379e+00
   2.8034562e-01
   5.0684553e-01
   1.3862156e+00
   2.2209849e+00
   1.0581661e+00
   4.0163746e-01
   3.0748883e-01
   5.1965922e-02
  -5.7864696e-02
   1.1777142e+00
   1.8915529e+00
   2.1532176e+00
   2.5236571e+00
   1.9100788e+00
   1.7567803e-01
  -9.1593176e-01
  -2.2909063e-01
   6.6708064e-01
   1.1592753e+00
   1.2448543e+00
   6.4006788e-01
   4.4044978e-01
   4.0332913e-01
   1.1768405e+00
   7.8344226e-01
   1.8754984e-01
  -6.3686505e-02
  -1.6438660e-01
  -3.2339787e-01
  -5.5561292e-01
  -9.2112422e-01
  -1.3294122e+00
  -1.7433562e+00
  -2.1027794e+00
  -2.4806504e+00
  -2.8368830e+00
  -3.2152824e+00
  -3.5391567e+00
  -3.8508325e+00
  -4.0847778e+00
  -4.2524061e+00
  -4.2980160e+00
  -4.2114277e+00
  -3.9825873e+00
  -3.6049042e+00
  -3.1874963e+00
  -2.6438174e+00
  -1.8135892e+00
  -8.3874512e-01
  -1.4042919e+00
  -1.8600045e+00
  -3.8039254e-01
  -4.0954247e+00
  -4.0816679e+00
  -9.7282088e-01
  -1.0219716e+00
  -1.2247070e+00
  -1.7157210e+00
  -2.4749312e+00
  -3.0863782e+00
  -3.7783346e+00
  -4.4528222e+00
  -5.1232119e+00
  -4.6004733e+00
  -1.0123188e+00
  -2.7213537e-01
   3.8121188e-01
   1.9617189e+00
   8.9715195e-01
  -5.3629522e-02
   1.9469869e-01
  -6.6920427e-01
  -1.6222090e-01
   8.6244382e-01
   5.4745829e-01
   1.0034766e+00
   2.9315040e+00
   2.9672474e+00
   9.5890141e-01
  -7.5240937e-01
  -4.2044044e-01
   3.7012204e-02
   1.0111105e+00
   1.4478366e+00
   8.6068463e-01
   3.8609058e-01
   1.0045823e+00
   1.5817751e+00
   1.0156773e+00
   4.1485256e-01
  -4.8478972e-03
  -8.6605638e-02
  -1.3140534e-01
  -2.0569561e-01
  -3.9165458e-01
  -7.0444608e-01
  -1.0411315e+00
  -1.3164984e+00
  -1.5988473e+00
  -1.8795092e+00
  -2.1984246e+00
  -2.4953218e+00
  -2.8116958e+00
  -3.1081216e+00
  -3.4452765e+00
  -3.7490156e+00
  -4.0217161e+00
  -4.1483960e+00
  -4.0377307e+00
  -3.7085750e+00
  -3.2312131e+00
  -2.3327601e+00
  -3.4795618e-01
   7.7149689e-02
  -2.5497246e+00
  -1.0889894e+00
  -8.1408465e-01
  -1.2579845e+00
  -1.8404157e-01
  -2.3865591e-01
  -7.3081148e-01
  -1.2243032e+00
  -1.7725255e+00
  -2.3746650e+00
  -3.2062643e+00
  -4.1997805e+00
  -5.5139050e+00
  -6.2793722e+00
  -4.1583414e+00
  -2.6385062e+00
  -1.4665223e+00
   9.5277268e-01
   5.2956969e-01
  -1.2497962e-01
   2.5851080e-01
  -8.0470210e-01
  -9.6884054e-01
   5.6743264e-01
   7.5105137e-01
   8.9132571e-01
   2.1125574e+00
   3.6910267e+00
   1.8198657e+00
  -5.5288695e-02
  -2.4999447e-01
   6.2402706e-03
   4.0756771e-01
   1.1451850e+00
   6.4282632e-01
   9.8423207e-01
   1.0398340e+00
   1.0255353e+00
   6.3725960e-01
   5.5785382e-01
   1.9120413e-01
   4.4266872e-02
   7.2528221e-02
   1.1084374e-01
   1.0113168e-01
  -8.9631744e-02
  -4.0011424e-01
  -6.8500155e-01
  -9.5683247e-01
  -1.2029032e+00
  -1.4715749e+00
  -1.7145810e+00
  -1.9780998e+00
  -2.2329557e+00
  -2.5699468e+00
  -2.9678051e+00
  -3.4529426e+00
  -3.8877330e+00
  -4.1622620e+00
  -4.0746994e+00
  -3.7343307e+00
  -2.6090651e+00
  -1.0930730e-01
  -5.9787077e-03
  -1.3121070e+00
  -4.3171093e-01
   2.0309471e-02
  -2.0036407e-01
  -1.1176330e-01
  -1.1310387e-01
  -3.4011924e-01
  -7.3675251e-01
  -1.2361255e+00
  -1.8159559e+00
  -2.6521266e+00
  -3.7136133e+00
  -5.2576547e+00
  -6.7675753e+00
  -5.6768370e+00
  -4.0523267e+00
  -2.8028772e+00
  -2.5615928e-01
   2.6804656e-01
  -4.4763944e-01
  -4.9023259e-01
  -1.4241832e+00
  -2.1621718e+00
  -7.7077812e-01
   4.8160836e-02
  -7.1449965e-02
   1.9841465e-01
   2.1909196e+00
   2.4832876e+00
   8.8049340e-01
   7.0316844e-02
  -2.4320979e-01
  -1.1929079e-01
   4.8376861e-01
   5.6737542e-01
   6.3787494e-01
   1.1564779e+00
   6.4603923e-01
   1.5505663e-01
   2.4698852e-01
   4.2687193e-01
   3.1130822e-01
   4.0340406e-01
   5.6370256e-01
   6.9230813e-01
   6.8984620e-01
   5.0614631e-01
   2.2521120e-01
  -1.0869442e-01
  -4.2226424e-01
  -7.7430922e-01
  -1.0836101e+00
  -1.3827424e+00
  -1.6358119e+00
  -1.9284419e+00
  -2.2956671e+00
  -2.8452682e+00
  -3.4764554e+00
  -4.1086645e+00
  -4.2677586e+00
  -4.0433898e+00
  -2.2796649e+00
  -2.6002282e-01
   5.4128704e-01
   3.8875213e-01
  -5.2283383e-02
  -5.6695160e-02
   5.1781240e-01
   6.1476725e-01
   3.7863322e-01
   1.6851713e-01
  -9.0760989e-02
  -4.8078689e-01
  -1.0171910e+00
  -1.8168057e+00
  -2.8510987e+00
  -4.3390937e+00
  -6.0256656e+00
  -5.9338169e+00
  -4.0319297e+00
  -2.2891352e+00
  -5.0737396e-01
   2.1606469e-01
  -4.6056926e-01
  -1.2314625e+00
  -2.0166272e+00
  -3.0531099e+00
  -1.5991989e+00
  -4.8728597e-01
  -1.5524327e+00
  -1.2483208e+00
   8.8817803e-02
   1.2418272e+00
   1.3995266e+00
   1.1163948e+00
  -4.8396739e-03
   2.0051345e-01
   4.8567805e-01
   3.4415755e-01
   1.0130307e+00
   7.2952735e-01
   6.4003912e-01
   3.4490934e-01
   7.3697191e-02
  -3.1562954e-02
   1.2177013e-01
   3.6239043e-01
   7.6839899e-01
   1.1051899e+00
   1.2511990e+00
   1.2400892e+00
   1.0652723e+00
   7.5211138e-01
   4.1355851e-01
   2.5331471e-02
  -3.3976411e-01
  -7.0517981e-01
  -1.0143240e+00
  -1.3494120e+00
  -1.7280334e+00
  -2.3364244e+00
  -3.1575453e+00
  -4.0945706e+00
  -4.1712515e+00
  -3.2827392e+00
  -6.8921844e-01
   1.7243992e-01
   9.8655176e-01
   5.0678933e-01
   2.0893489e-01
   7.1616322e-02
   7.1121202e-01
   1.1754971e+00
   1.0315369e+00
   7.8660709e-01
   4.9996763e-01
   1.5639614e-01
  -2.7766077e-01
  -9.6326792e-01
  -1.9087663e+00
  -3.3343191e+00
  -5.0059622e+00
  -5.4547515e+00
  -2.2126304e+00
  -5.6940979e-01
   1.0222149e-01
   7.0751548e-01
  -1.1481868e-01
  -1.7613566e+00
  -2.0904204e+00
  -2.9275029e+00
  -2.0406383e+00
  -1.1444732e+00
  -1.8168406e+00
  -5.6042939e-01
   5.2521369e-01
   1.3170320e+00
   1.3062591e+00
   1.4025742e+00
   2.6091298e-02
   2.9925567e-01
   4.6636459e-01
   5.6793141e-01
   6.1785561e-01
   6.1137879e-01
  -4.0853582e-02
   4.5611989e-02
  -5.9885643e-02
  -8.9871806e-01
  -5.9919918e-01
  -6.5638441e-01
  -7.9106882e-02
   7.7130961e-01
   1.2177769e+00
   1.4508437e+00
   1.5028021e+00
   1.3554688e+00
   1.0803307e+00
   7.0715743e-01
   3.3245364e-01
   7.5333603e-03
  -2.3954149e-01
  -5.3536147e-01
  -9.1271764e-01
  -1.5733504e+00
  -2.5990314e+00
  -3.8023024e+00
  -2.9195886e+00
  -8.8887662e-01
   3.1514633e-01
   6.8615258e-01
   7.5683087e-01
   2.4377412e-01
   1.6647951e-01
   2.5124767e-01
   7.9537630e-01
   1.2986071e+00
   1.3052417e+00
   1.2215536e+00
   1.0649118e+00
   7.3830229e-01
   3.6706048e-01
  -1.3553476e-01
  -9.1048419e-01
  -2.2335443e+00
  -3.9581766e+00
  -6.0134149e+00
  -2.1105113e+00
   5.9947270e-01
   5.9244978e-01
   6.4408082e-01
  -1.0170499e+00
  -2.3385992e+00
  -2.6140056e+00
  -1.8467984e+00
  -3.7354603e-01
  -1.5054044e+00
  -8.2235873e-01
   1.2000337e+00
   1.2633537e+00
  -1.2139335e-02
  -5.9725106e-01
  -4.3022633e-01
   1.0801211e-01
   8.5577768e-01
   1.2906280e+00
   1.2790601e+00
   1.9055873e-01
   5.5295300e-01
   2.9281348e-01
   2.3589724e-01
  -1.5024811e-01
  -1.2856170e+00
  -4.6219897e-01
  -1.0922666e+00
  -1.1319772e+00
  -1.7865758e-01
   4.0360045e-01
   8.3067757e-01
   1.1489664e+00
   1.2787088e+00
   1.1982442e+00
   9.7349095e-01
   6.6522574e-01
   3.9452523e-01
   2.3430064e-01
   5.9138626e-02
  -2.0062765e-01
  -7.6859558e-01
  -1.9209812e+00
  -2.9366436e+00
  -7.8379703e-01
   1.4492887e-01
   7.6671827e-01
   5.5781615e-01
   4.7701555e-01
   2.5104207e-01
   2.6401132e-01
  -1.1154413e-03
   2.2318856e-01
   9.6645886e-01
   8.5804772e-01
   9.5561790e-01
   1.0462407e+00
   8.5648072e-01
   5.7545775e-01
   3.2782498e-01
  -1.3449979e-01
  -1.1979741e+00
  -2.7985573e+00
  -4.6944661e+00
  -1.7794973e+00
   3.0388036e-01
  -3.0336842e-01
  -6.6033596e-01
  -1.3049047e+00
  -1.8246354e+00
  -1.9255024e+00
  -7.0643353e-01
  -1.7279203e-01
  -9.9887121e-01
   5.4362457e-02
  -3.1430140e-01
  -6.9747037e-01
  -1.6931835e+00
  -1.0767580e+00
  -1.1675541e+00
  -2.1252996e-01
  -1.9152671e-01
  -1.2115536e+00
  -2.2413582e-02
  -3.5902157e-02
  -2.7420476e-02
   1.0364860e-01
   2.9550457e-01
   8.3670979e-03
  -1.7569492e+00
  -1.4290956e+00
  -1.4324011e+00
  -1.6690596e+00
  -1.0110850e+00
  -4.5849755e-01
   9.2272930e-02
   5.8516538e-01
   9.6502495e-01
   1.0472025e+00
   9.7820270e-01
   7.8989369e-01
   6.0536534e-01
   5.5902225e-01
   5.1905912e-01
   4.5300421e-01
   1.1774463e-01
  -9.2146742e-01
  -1.0545794e+00
   5.7761200e-02
   2.3886216e-01
   4.7433156e-01
   6.3022983e-01
   3.2859713e-01
   9.4923317e-02
   7.0695713e-02
   3.1956282e-01
  -4.8064008e-01
  -4.7574279e-01
  -2.3242031e-01
   1.0984752e-02
   4.0959764e-01
   4.5727673e-01
   3.4373340e-01
   3.5419855e-01
   3.3675110e-01
  -1.9111548e-01
  -1.3305485e+00
  -3.2907784e+00
  -1.0625486e+00
  -1.2014265e-01
  -1.2792263e+00
  -2.1549315e+00
  -1.5254588e-01
  -7.0651972e-01
  -1.1564574e+00
  -7.3250961e-01
  -5.8319741e-01
   1.1167980e-01
  -4.4323680e-01
  -1.6966639e+00
  -1.0656959e+00
  -2.6234519e+00
  -1.3992856e+00
   2.9704577e-01
  -8.2411104e-01
   2.2493793e-01
   7.9313803e-01
   1.0775356e+00
  -3.5141189e-02
   1.0427967e-01
  -1.5463279e-01
  -2.6651733e-01
  -1.7421868e-01
   9.8034276e-02
  -1.0533105e+00
  -1.3727842e+00
  -1.0113329e+00
  -9.7174024e-01
  -7.5218475e-01
  -2.3375770e-01
   3.1777781e-01
   6.0641102e-01
   7.1560240e-01
   5.8552531e-01
   4.8390609e-01
   4.1829499e-01
   5.4646415e-01
   7.5271516e-01
   8.7139058e-01
   8.8998621e-01
   2.2839938e-01
   5.3557816e-01
   2.0324263e-01
   3.8833653e-01
   1.6969970e-01
   3.0085953e-01
   2.6798478e-01
   1.4630566e-01
   8.3043408e-03
   1.6005000e-01
   2.8536153e-01
  -4.5817706e-01
  -9.9105906e-01
  -9.1757196e-01
  -2.2720599e-01
  -1.0701206e-01
   1.2014922e-01
   2.4826640e-01
   4.3230513e-01
   5.4596404e-01
   1.5818152e-01
  -6.9768338e-01
  -3.4865803e-01
  -2.1816660e-01
  -5.7274246e-01
  -1.5028357e+00
  -1.1107941e+00
   5.7393620e-01
   1.0989189e-01
  -1.2514848e+00
  -1.8359139e+00
  -2.7135633e-01
   7.2507434e-02
  -6.9886647e-01
  -1.3658707e+00
  -2.5703365e+00
  -1.0222496e+00
   1.4451977e+00
   1.3747364e+00
   6.3985423e-01
   5.7809174e-01
   3.7069663e-01
  -2.4133386e-01
   2.0527704e-01
  -2.5832738e-01
  -7.0882559e-01
  -6.7727677e-01
  -3.3829421e-01
   7.0699092e-02
  -6.5846974e-01
  -6.9616882e-01
  -6.4435953e-01
  -1.7203727e+00
  -1.3153543e+00
  -3.7739011e-01
  -4.9715763e-01
  -4.3643143e-01
  -6.7000699e-01
  -6.5860359e-01
  -5.8417130e-01
  -9.0616977e-02
   5.7157266e-01
   1.1116352e+00
   1.1555330e+00
   1.0691175e+00
   6.3241351e-01
   7.6265912e-01
   7.2879052e-01
   1.8543733e-01
   1.9383479e-02
   7.2744314e-02
  -3.5624400e-02
  -1.6531036e-01
  -4.1005823e-01
  -3.3250396e-01
  -2.4779415e-01
  -5.1525989e-01
  -9.2194057e-01
  -5.8926419e-01
  -9.1115916e-01
  -2.1754487e-01
   1.6945867e-01
   5.5671814e-01
   8.7362552e-01
   1.1864204e+00
   1.0542688e+00
   6.5216068e-01
   7.0556290e-02
  -2.5354545e-01
   5.4322010e-01
   1.4784310e+00
   3.2153490e-01
   7.6308575e-02
   6.6782936e-02
  -6.5332631e-01
  -3.3618793e-01
  -4.8085719e-01
   7.9031914e-02
  -6.8704514e-01
  -1.1287479e+00
   1.7467573e-01
   5.6023234e-01
   2.8814788e-01
   4.9844503e-01
   1.9650678e-01
   9.5932558e-02
   5.8346355e-01
   7.6709509e-01
   5.4237962e-01
   9.3633279e-02
  -2.1748951e-01
  -2.5906798e-01
  -1.0824120e+00
  -1.5292748e+00
  -1.5877458e+00
  -1.6492955e-02
   2.2124524e-01
  -1.4865676e+00
  -1.1304277e+00
  -1.7013744e+00
  -2.3034434e+00
  -2.2093978e+00
  -2.3586123e+00
  -1.3423691e+00
  -1.2456045e+00
  -4.1427740e-01
   2.9906839e-01
   2.7330053e-01
   1.1437496e+00
   3.1735021e-01
   3.4402078e-01
   4.2824739e-01
   8.0305720e-03
   1.0908226e-01
  -2.5423566e-01
  -4.3818536e-01
  -8.6006039e-01
  -1.0922399e+00
  -8.1034136e-01
  -5.8018792e-01
  -7.8859609e-01
  -1.3689016e+00
  -1.8090454e+00
  -1.7463624e+00
  -1.3843230e+00
  -8.9910114e-01
  -5.6531265e-02
   5.3978556e-01
   1.1548333e+00
   1.2712063e+00
   1.5864831e+00
   1.0151591e+00
   4.7959706e-01
   4.5508996e-01
  -3.9684899e-02
  -5.0402027e-01
   3.0534949e-02
   2.8204149e-01
  -1.2761328e-01
  -7.3541477e-02
  -5.9124172e-01
   8.3013967e-02
   1.9411686e-01
  -6.1039722e-01
  -1.1846008e-01
   1.2327543e-01
   3.1602463e-01
   6.3290596e-01
   5.2984810e-01
   2.2234797e-01
   6.2454633e-01
   2.3234797e-01
  -4.2286855e-01
  -3.7529725e-01
   1.4238428e-01
   4.5193213e-01
   7.5303601e-01
   3.8412234e-01
  -5.0178650e-01
  -3.4298098e-01
   2.4643491e-01
   8.8831270e-01
   4.1154381e-01
  -9.7007096e-01
  -1.6172702e+00
  -2.2988453e+00
  -2.5570592e+00
  -1.2622632e+00
   2.9736261e-01
   1.4242443e+00
   5.4273430e-01
  -2.8062508e-01
   1.0815811e+00
   1.2898939e+00
   4.6463187e-02
  -1.3702918e-02
  -2.4268783e-02
  -2.6333520e-01
  -3.5892897e-01
  -7.7189666e-01
  -1.1902843e+00
  -1.3428094e+00
  -1.5092385e+00
  -1.3986437e+00
  -2.0908457e+00
  -2.4854147e+00
  -5.3204099e-01
   5.6256455e-01
  -1.5045858e+00
  -3.6820102e+00
  -3.0587546e+00
  -9.3589550e-01
  -8.3801602e-02
   7.5170010e-02
   5.4424933e-01
   3.9823353e-01
   7.5668363e-01
   1.4105036e+00
   9.0410315e-01
   4.3493545e-01
   4.1174343e-01
  -6.4432304e-03
  -2.8011494e-01
  -5.5052453e-01
  -6.0952780e-01
  -1.7735739e-01
  -1.1323646e-01
  -5.1621687e-01
  -5.7366637e-01
  -3.3508921e-01
  -6.2377274e-02
   2.1631435e-01
   4.5408496e-01
   6.7633909e-01
   3.1399012e-01
   4.7081536e-01
   5.6725764e-01
   5.9750324e-01
   6.4558238e-01
   6.8862170e-01
   6.8695819e-01
   6.6267931e-01
   6.2686729e-01
   4.4461966e-01
   1.3229185e-01
  -1.4294930e-01
  -2.1018903e-01
  -2.5038540e-01
  -3.7307864e-01
  -6.3043779e-01
  -9.6675068e-01
  -1.0593851e+00
  -8.1923801e-01
  -3.9739305e-01
  -2.3476280e-01
  -4.0627846e-01
  -5.7341725e-01
  -5.0363159e-01
  -4.4299120e-01
  -5.8936709e-01
  -7.6158440e-01
  -9.1211689e-01
  -1.0313475e+00
  -1.1532885e+00
  -1.1481960e+00
  -1.0379242e+00
  -1.2121494e+00
  -1.3259827e+00
  -1.1008544e+00
  -1.6713300e-01
   1.0329489e+00
   1.9227216e+00
   1.4751471e+00
  -3.9320993e-01
  -1.6131477e+00
  -1.8041962e+00
  -1.5317075e+00
  -1.1001284e+00
  -4.6082562e-01
   3.0409947e-02
   1.0894651e-01
   6.4688444e-02
   1.8596064e-01
   3.9120528e-01
   4.1688484e-01
   1.7566736e-01
  -7.2708733e-02
  -2.1748891e-01
  -3.6061096e-01
  -5.0325102e-01
  -5.3684461e-01
  -4.5675102e-01
  -4.3240187e-01
  -4.3193784e-01
  -2.2303790e-01
   1.8144256e-01
   4.0974513e-01
   3.8416186e-01
