   0.0000000e+00
   0.0000000e+00
   0.0000000e+00
   0.0000000e+00
   0.0000000e+00
   0.0000000e+00
   0.0000000e+00
   0.0000000e+00
   0.0000000e+00
   0.0000000e+00
   0.0000000e+00
   0.0000000e+00
   0.0000000e+00
   0.0000000e+00
   0.0000000e+00
   0.0000000e+00
   0.0000000e+00
   0.0000000e+00
   0.0000000e+00
   0.0000000e+00
   0.0000000e+00
   0.0000000e+00
   0.0000000e+00
   0.0000000e+00
   0.0000000e+00
   0.0000000e+00
   0.0000000e+00
   6.1596398e-03
   0.0000000e+00
   0.0000000e+00
   0.0000000e+00
   0.0000000e+00
   0.0000000e+00
   0.0000000e+00
   0.0000000e+00
   0.0000000e+00
   0.0000000e+00
   0.0000000e+00
   0.0000000e+00
   0.0000000e+00
   0.0000000e+00
   0.0000000e+00
   0.0000000e+00
   0.0000000e+00
   0.0000000e+00
   0.0000000e+00
   0.0000000e+00
   0.0000000e+00
   0.0000000e+00
   0.0000000e+00
   0.0000000e+00
   0.0000000e+00
   0.0000000e+00
   0.0000000e+00
   0.0000000e+00
  -1.8873369e-02
   7.7873195e-03
   5.3619845e-03
   5.9591420e-03
   5.5238795e-03
   3.3820846e-03
   2.9312599e-04
  -4.5932586e-03
  -1.4950021e-02
  -2.2540888e-02
  -2.4836920e-02
  -2.8989222e-02
  -3.2554719e-02
  -3.0522480e-02
  -2.7287719e-02
  -2.4929269e-02
  -3.1388505e-02
  -0.0000000e+00
  -4.7579532e-02
  -1.8300698e-03
   1.7057426e-03
   3.5322426e-03
   1.0770270e-02
   1.1854818e-02
   1.3446532e-02
   2.9410731e-03
   1.8653336e-03
  -2.0453796e-03
  -2.0471711e-02
  -2.8590755e-02
   0.0000000e+00
   0.0000000e+00
   0.0000000e+00
   0.0000000e+00
   0.0000000e+00
   0.0000000e+00
   0.0000000e+00
   0.0000000e+00
   0.0000000e+00
   0.0000000e+00
   0.0000000e+00
   0.0000000e+00
   0.0000000e+00
   0.0000000e+00
   0.0000000e+00
  -9.6510258e-03
  -0.0000000e+00
  -7.6481633e-03
  -1.1812100e-02
  -1.0676577e-02
  -5.8481521e-03
  -9.8994991e-04
   9.7608054e-04
   7.1004150e-03
   1.0623648e-02
   1.2984785e-02
   1.3261797e-02
   1.0302921e-02
   7.2486745e-03
   5.1190681e-03
   3.4067621e-03
   5.0659939e-03
   3.8652453e-03
   2.0954614e-03
   1.1956290e-03
  -1.0949983e-02
  -1.6795835e-03
   2.5164817e-02
   2.3261014e-02
   2.1696322e-02
   2.4526589e-02
   2.1472318e-02
   2.0720486e-02
   1.8562738e-02
   1.6011655e-02
   1.4389325e-02
   6.6983304e-03
   1.4844066e-02
   1.6579741e-02
   1.3621387e-02
   1.4161178e-02
   2.3607452e-02
   0.0000000e+00
  -8.4411270e-03
  -1.3906692e-02
  -1.9267555e-02
  -2.8545339e-02
   0.0000000e+00
   0.0000000e+00
   2.0054349e-03
   1.4467303e-02
   1.9835881e-02
   1.9417961e-02
   1.2838106e-02
   0.0000000e+00
   1.1287745e-02
   5.4361108e-03
   5.7016821e-03
   7.6813428e-03
   8.1036859e-03
   9.2156455e-03
   1.7040387e-02
   2.5234375e-02
   3.4084041e-02
   3.8461991e-02
   3.9517894e-02
   3.9346527e-02
   3.9628915e-02
   4.1648585e-02
   4.3771971e-02
   4.4714656e-02
   4.3059979e-02
   3.9861422e-02
   3.7457708e-02
   4.6839561e-02
   0.0000000e+00
   3.9765334e-02
   2.9387487e-02
   2.6472511e-02
   2.4276780e-02
   2.3538118e-02
   2.5482083e-02
   2.8803676e-02
   3.3404659e-02
   3.9050188e-02
   4.3447830e-02
   4.9650557e-02
   5.2497379e-02
   5.4597244e-02
   5.5257956e-02
   5.9077426e-02
   4.0932071e-02
   2.7441733e-02
   1.3343534e-02
  -1.3665092e-03
  -1.4843983e-02
  -1.5013865e-02
   0.0000000e+00
   0.0000000e+00
   0.0000000e+00
   0.0000000e+00
   0.0000000e+00
   0.0000000e+00
   0.0000000e+00
   1.3922700e-02
   1.8107092e-02
   2.7297396e-02
   2.9018072e-02
   0.0000000e+00
   3.4775429e-02
   4.3635417e-02
   5.4494824e-02
   6.2275838e-02
   6.5166406e-02
   6.6090271e-02
   6.8470165e-02
   7.1920395e-02
   7.5369246e-02
   7.6969780e-02
   7.3842436e-02
   6.7352153e-02
   5.8075503e-02
   5.2443558e-02
   0.0000000e+00
   0.0000000e+00
   1.9790375e-02
   2.1729255e-02
   2.4494404e-02
   2.7619177e-02
   3.2112557e-02
   3.8179569e-02
   4.5195229e-02
   5.3212915e-02
   5.9869416e-02
   6.5719791e-02
   7.1702868e-02
   7.8451328e-02
   8.5903980e-02
   9.2253543e-02
   9.2839912e-02
   8.5522048e-02
   7.5166844e-02
   6.3320518e-02
   5.5854656e-02
   4.9963530e-02
   0.0000000e+00
   0.0000000e+00
   0.0000000e+00
   0.0000000e+00
   0.0000000e+00
   0.0000000e+00
   0.0000000e+00
   2.1068568e-02
   2.8084246e-02
   4.1485202e-02
   4.8349656e-02
   4.8041338e-02
   5.0947227e-02
   5.9993207e-02
   6.7238115e-02
   7.4119158e-02
   7.7687711e-02
   8.1172034e-02
   8.5272856e-02
   8.8406511e-02
   9.1388762e-02
   9.2406787e-02
   8.7842338e-02
   7.9439335e-02
   6.4529888e-02
   3.4514396e-02
   0.0000000e+00
   0.0000000e+00
   1.1191720e-02
   1.6345836e-02
   2.2742186e-02
   3.0969733e-02
   3.9374292e-02
   4.7080301e-02
   5.4170333e-02
   5.9628636e-02
   6.2736250e-02
   6.5607704e-02
   6.9542214e-02
   7.6768935e-02
   8.7357037e-02
   9.9262238e-02
   1.1022398e-01
   1.1341937e-01
   1.1023872e-01
   1.0421329e-01
   9.6521914e-02
   8.7592316e-02
   0.0000000e+00
   0.0000000e+00
   0.0000000e+00
   0.0000000e+00
   0.0000000e+00
   0.0000000e+00
   0.0000000e+00
   2.6884361e-02
   3.6256496e-02
   4.8349004e-02
   5.5487990e-02
   5.8198552e-02
   7.0404812e-02
   7.4862197e-02
   7.7586308e-02
   8.0734573e-02
   8.3233088e-02
   8.6241871e-02
   8.9397393e-02
   9.1565095e-02
   9.2568815e-02
   9.1371499e-02
   8.8021256e-02
   7.9456694e-02
   6.1372805e-02
   3.2466815e-02
   0.0000000e+00
  -0.0000000e+00
  -1.2006086e-03
   1.0236653e-02
   2.0234825e-02
   3.3497404e-02
   4.5222919e-02
   5.3599816e-02
   5.7148863e-02
   5.4468252e-02
   4.9894698e-02
   4.7427803e-02
   4.9086042e-02
   5.5369444e-02
   7.1003817e-02
   9.0939134e-02
   1.0841959e-01
   1.1888707e-01
   1.2379519e-01
   1.1986053e-01
   1.0897867e-01
   9.4590711e-02
   0.0000000e+00
   0.0000000e+00
   0.0000000e+00
   0.0000000e+00
   0.0000000e+00
   0.0000000e+00
   3.7344390e-02
   4.1043228e-02
   4.7714390e-02
   5.3782955e-02
   5.7624914e-02
   6.1885852e-02
   6.9301277e-02
   7.5338289e-02
   7.7441983e-02
   7.8771949e-02
   7.9525642e-02
   8.1124797e-02
   8.2647629e-02
   8.2363762e-02
   8.1624910e-02
   8.0831274e-02
   7.8450434e-02
   7.0253938e-02
   5.3810760e-02
   3.0382859e-02
   0.0000000e+00
  -0.0000000e+00
  -1.3979818e-03
   6.6310437e-03
   1.7842464e-02
   3.3110589e-02
   4.6760764e-02
   5.3864080e-02
   5.0625462e-02
   3.7831247e-02
   2.6815062e-02
   2.1960799e-02
   2.4561312e-02
   3.2983683e-02
   4.8923381e-02
   6.9883727e-02
   9.0812661e-02
   1.0448190e-01
   1.1432891e-01
   1.1520109e-01
   1.0465651e-01
   8.9924329e-02
   0.0000000e+00
   0.0000000e+00
   0.0000000e+00
   0.0000000e+00
   0.0000000e+00
   0.0000000e+00
   4.3898794e-02
   5.1284466e-02
   5.3377319e-02
   5.5222381e-02
   5.4813571e-02
   5.5862810e-02
   5.9978284e-02
   6.4894728e-02
   6.7386270e-02
   6.8032689e-02
   6.8190403e-02
   6.7996494e-02
   6.7043290e-02
   6.5632716e-02
   6.5071762e-02
   6.4918667e-02
   6.2622160e-02
   5.5720028e-02
   4.2375144e-02
   2.6777377e-02
   0.0000000e+00
   0.0000000e+00
  -2.0528786e-03
   1.9797946e-03
   1.5109709e-02
   2.8785400e-02
   4.2282112e-02
   4.6886235e-02
   3.6870230e-02
   1.8776094e-02
   0.0000000e+00
   4.1118445e-03
   5.5852048e-03
   1.7033488e-02
   3.1750351e-02
   4.9545497e-02
   6.9741510e-02
   8.3405256e-02
   9.1487646e-02
   9.3560815e-02
   8.6113088e-02
   7.6377425e-02
   5.0146140e-02
   0.0000000e+00
   0.0000000e+00
   0.0000000e+00
   0.0000000e+00
   2.5902760e-02
   4.3279609e-02
   4.8043638e-02
   4.7453389e-02
   4.6009656e-02
   4.2430248e-02
   4.0984459e-02
   4.2476915e-02
   4.5471616e-02
   4.7356844e-02
   4.8310958e-02
   4.8584364e-02
   4.7359370e-02
   4.5167118e-02
   4.3936260e-02
   4.3340579e-02
   4.2799573e-02
   4.0200572e-02
   3.4822013e-02
   2.5945293e-02
   1.7964829e-02
   0.0000000e+00
   0.0000000e+00
  -0.0000000e+00
  -2.8591960e-03
   8.5005704e-03
   2.0105019e-02
   3.1333406e-02
   3.2053467e-02
   1.6161157e-02
  -1.6247641e-03
   0.0000000e+00
  -0.0000000e+00
  -1.3797998e-02
  -4.0496900e-03
   1.0696430e-02
   2.7241686e-02
   4.3544661e-02
   5.5115767e-02
   6.0337607e-02
   5.9900172e-02
   5.4621939e-02
   5.1215909e-02
   3.0113626e-02
   3.1346632e-02
   0.0000000e+00
   0.0000000e+00
   0.0000000e+00
   2.1164420e-02
   2.9981297e-02
   3.4245729e-02
   3.3055805e-02
   2.8568808e-02
   2.3609489e-02
   2.1459043e-02
   2.1850973e-02
   2.3530180e-02
   2.5301442e-02
   2.6668429e-02
   2.6797902e-02
   2.5302658e-02
   2.3780869e-02
   2.3175171e-02
   2.2210274e-02
   2.0677729e-02
   1.7898668e-02
   1.3629788e-02
   8.5487226e-03
   4.8214304e-03
   0.0000000e+00
   0.0000000e+00
   0.0000000e+00
  -9.8501986e-03
  -6.6488907e-03
   7.9505257e-03
   1.6934294e-02
   1.3557684e-02
  -1.6391041e-03
  -3.5586407e-03
   0.0000000e+00
   0.0000000e+00
  -2.5789452e-02
  -1.9730164e-02
  -7.6061981e-03
   7.9016415e-03
   1.8365167e-02
   2.4702527e-02
   2.7032744e-02
   2.5280427e-02
   2.1944689e-02
   2.3515398e-02
   7.0730955e-03
   1.0212386e-02
   1.0979488e-02
   0.0000000e+00
   0.0000000e+00
   1.2412738e-02
   1.6963486e-02
   1.7696103e-02
   1.4037693e-02
   8.7470999e-03
   4.8370888e-03
   3.1178812e-03
   3.3269629e-03
   4.4152043e-03
   6.2326859e-03
   7.5388583e-03
   7.7178585e-03
   7.0526176e-03
   6.3620880e-03
   5.6952336e-03
   4.1775019e-03
   1.6893209e-03
  -1.5321098e-03
  -5.1497528e-03
  -7.9658134e-03
  -5.4378044e-03
  -0.0000000e+00
   0.0000000e+00
   0.0000000e+00
  -2.6222387e-02
  -2.7315060e-02
  -5.4034246e-03
   1.8213599e-03
  -4.8629055e-03
  -1.9093517e-02
  -0.0000000e+00
   0.0000000e+00
   0.0000000e+00
  -3.4093284e-02
  -2.7885711e-02
  -1.6223267e-02
  -8.8382773e-03
  -5.0023627e-03
  -2.9715810e-03
  -2.8832988e-03
  -4.9674003e-03
  -6.5175882e-03
  -2.7487755e-03
  -1.4816664e-02
  -2.0788626e-03
  -3.8884856e-03
  -5.3123389e-03
  -8.4849395e-03
  -3.5957790e-04
   8.5213916e-04
  -9.8672125e-04
  -4.6741878e-03
  -8.1103239e-03
  -1.0354739e-02
  -1.1523235e-02
  -1.1847849e-02
  -1.1406602e-02
  -9.8808545e-03
  -8.6232767e-03
  -7.7979136e-03
  -7.3775072e-03
  -7.7806520e-03
  -8.9858052e-03
  -1.1159158e-02
  -1.4823226e-02
  -1.8880324e-02
  -2.2557267e-02
  -2.3798521e-02
  -1.4885782e-02
  -0.0000000e+00
   0.0000000e+00
   0.0000000e+00
  -0.0000000e+00
  -3.9569083e-02
  -1.9483881e-02
  -1.3308281e-02
  -2.2468669e-02
  -2.9472742e-02
  -0.0000000e+00
   0.0000000e+00
   0.0000000e+00
  -4.7195697e-02
  -3.4855810e-02
  -1.6787299e-02
  -2.3651135e-02
  -2.6335680e-02
  -2.7732922e-02
  -2.9346483e-02
  -3.1600378e-02
  -3.1587873e-02
  -2.5968150e-02
  -3.3758406e-02
  -2.1860451e-02
  -1.5111272e-02
  -1.2853383e-02
  -1.5768763e-02
  -1.3239091e-02
  -1.3759494e-02
  -1.5730400e-02
  -1.7849570e-02
  -1.9323293e-02
  -2.1040862e-02
  -2.2576094e-02
  -2.3662733e-02
  -2.3494596e-02
  -2.1898547e-02
  -2.0146955e-02
  -1.8512616e-02
  -1.7449036e-02
  -1.8064843e-02
  -2.0248642e-02
  -2.3793181e-02
  -2.8956594e-02
  -3.4344029e-02
  -3.8588285e-02
  -3.8454015e-02
  -2.3188386e-02
  -0.0000000e+00
   0.0000000e+00
   0.0000000e+00
   0.0000000e+00
  -4.6981600e-02
  -3.0778445e-02
  -2.7383612e-02
  -3.6037315e-02
  -2.9340919e-02
  -0.0000000e+00
   0.0000000e+00
   0.0000000e+00
  -0.0000000e+00
  -3.9924888e-02
  -2.1494862e-02
  -3.7102334e-02
  -4.4869550e-02
  -4.8482127e-02
  -5.1042818e-02
  -5.3088732e-02
  -5.1979054e-02
  -4.5241725e-02
  -4.8322268e-02
  -3.7139863e-02
  -2.9455917e-02
  -2.7285813e-02
  -2.3728998e-02
  -2.3009168e-02
  -2.3279319e-02
  -2.4006903e-02
  -2.4191391e-02
  -2.4922222e-02
  -2.7519781e-02
  -3.0119605e-02
  -3.1456430e-02
  -3.1068303e-02
  -2.9028513e-02
  -2.6480731e-02
  -2.4383860e-02
  -2.3554821e-02
  -2.5346553e-02
  -2.9183852e-02
  -3.4631539e-02
  -4.1136224e-02
  -4.7308266e-02
  -5.1516220e-02
  -5.0134119e-02
  -3.1388484e-02
  -0.0000000e+00
   0.0000000e+00
   0.0000000e+00
   0.0000000e+00
  -0.0000000e+00
  -3.3962388e-02
  -3.9050750e-02
  -4.4046227e-02
  -2.7340189e-02
  -0.0000000e+00
   0.0000000e+00
   0.0000000e+00
   0.0000000e+00
  -4.1759971e-02
  -3.5089258e-02
  -4.9888417e-02
  -5.8825839e-02
  -6.2933318e-02
  -6.5875776e-02
  -6.7477331e-02
  -6.6040181e-02
  -5.9316818e-02
  -5.7767928e-02
  -4.7076747e-02
  -3.8851280e-02
  -3.2823347e-02
  -2.8892593e-02
  -2.6868025e-02
  -2.5564561e-02
  -2.4029154e-02
  -2.3812892e-02
  -2.5897611e-02
  -2.9908670e-02
  -3.3329375e-02
  -3.4650113e-02
  -3.3951320e-02
  -3.1629581e-02
  -2.8757229e-02
  -2.7126485e-02
  -2.7802994e-02
  -3.1674061e-02
  -3.7532039e-02
  -4.4337295e-02
  -5.1157355e-02
  -5.6936551e-02
  -6.0430437e-02
  -6.0303621e-02
  -4.8025888e-02
  -0.0000000e+00
   0.0000000e+00
   0.0000000e+00
   0.0000000e+00
   0.0000000e+00
  -3.4537043e-02
  -4.7228079e-02
  -4.7164720e-02
  -2.4130628e-02
  -0.0000000e+00
   0.0000000e+00
   0.0000000e+00
   0.0000000e+00
   0.0000000e+00
  -5.0065576e-02
  -5.9382163e-02
  -6.6863999e-02
  -7.0266299e-02
  -7.2996959e-02
  -7.4652888e-02
  -7.3526546e-02
  -6.7683347e-02
  -6.0523178e-02
  -4.9821064e-02
  -4.0626511e-02
  -3.3461191e-02
  -2.8116480e-02
  -2.4465026e-02
  -2.0941466e-02
  -1.8160382e-02
  -1.9107524e-02
  -2.3569431e-02
  -2.8842192e-02
  -3.2641731e-02
  -3.4015216e-02
  -3.3384111e-02
  -3.1492479e-02
  -2.9754009e-02
  -3.0272607e-02
  -3.3606846e-02
  -3.9455399e-02
  -4.6261579e-02
  -5.2874763e-02
  -5.8570944e-02
  -6.3095771e-02
  -6.6137731e-02
  -6.2170893e-02
  -5.5155068e-02
   0.0000000e+00
   0.0000000e+00
   0.0000000e+00
   0.0000000e+00
   0.0000000e+00
  -3.6990953e-02
  -5.1521115e-02
  -4.7455214e-02
  -1.8734302e-02
  -0.0000000e+00
   0.0000000e+00
   0.0000000e+00
   0.0000000e+00
  -4.9877297e-02
  -5.9972058e-02
  -6.4011738e-02
  -6.9363020e-02
  -7.1365625e-02
  -7.3271371e-02
  -7.5413913e-02
  -7.4701719e-02
  -6.9724381e-02
  -5.5569489e-02
  -4.4002831e-02
  -3.3737179e-02
  -2.6499122e-02
  -2.2011582e-02
  -1.7939564e-02
  -1.3790637e-02
  -1.2181968e-02
  -1.4984535e-02
  -2.1141266e-02
  -2.7295291e-02
  -3.1437140e-02
  -3.3182662e-02
  -3.3337098e-02
  -3.3090658e-02
  -3.3957832e-02
  -3.7316795e-02
  -4.2878855e-02
  -4.9308248e-02
  -5.5201460e-02
  -5.9913330e-02
  -6.3409932e-02
  -6.5981299e-02
  -6.5800406e-02
  -4.9822737e-02
  -0.0000000e+00
   0.0000000e+00
   0.0000000e+00
   0.0000000e+00
   0.0000000e+00
   0.0000000e+00
  -3.9669995e-02
  -5.2516479e-02
  -4.4680785e-02
  -1.2984382e-02
   0.0000000e+00
   0.0000000e+00
   0.0000000e+00
   0.0000000e+00
  -5.0179335e-02
  -5.9217900e-02
  -6.3342609e-02
  -6.6512704e-02
  -6.6692345e-02
  -6.7688867e-02
  -6.9798291e-02
  -6.8876110e-02
  -6.4318128e-02
  -4.2039312e-02
  -3.0593317e-02
  -2.1334378e-02
  -1.6552512e-02
  -1.4405203e-02
  -1.1523532e-02
  -9.0963114e-03
  -1.0045804e-02
  -1.4498318e-02
  -2.1233236e-02
  -2.7885143e-02
  -3.2778222e-02
  -3.5445899e-02
  -3.7317708e-02
  -3.9578483e-02
  -4.2938165e-02
  -4.7913045e-02
  -5.3904235e-02
  -5.9348233e-02
  -6.3116007e-02
  -6.4994134e-02
  -6.4980358e-02
  -6.3642651e-02
  -5.7105646e-02
  -3.9386180e-02
  -0.0000000e+00
   0.0000000e+00
   0.0000000e+00
   0.0000000e+00
   0.0000000e+00
   0.0000000e+00
  -3.9245182e-02
  -4.9130075e-02
  -3.7938874e-02
  -9.2253182e-03
   0.0000000e+00
   0.0000000e+00
   0.0000000e+00
   0.0000000e+00
  -3.8279328e-02
  -5.3896632e-02
  -5.7948899e-02
  -5.8577165e-02
  -5.6751028e-02
  -5.6606688e-02
  -5.7469685e-02
  -5.5144176e-02
  -5.0315320e-02
  -2.3322728e-02
  -1.5327417e-02
  -1.0397896e-02
  -9.7627686e-03
  -1.0380468e-02
  -9.8286234e-03
  -9.6184909e-03
  -1.2100320e-02
  -1.7021751e-02
  -2.3486620e-02
  -3.0262349e-02
  -3.5975624e-02
  -4.0137999e-02
  -4.4028509e-02
  -4.8080653e-02
  -5.2360855e-02
  -5.7166278e-02
  -6.2003989e-02
  -6.5565467e-02
  -6.7005306e-02
  -6.5937869e-02
  -6.1886311e-02
  -5.5123024e-02
  -4.1284487e-02
  -2.0847578e-02
   0.0000000e+00
   0.0000000e+00
   0.0000000e+00
   0.0000000e+00
   0.0000000e+00
   0.0000000e+00
  -3.9808760e-02
  -4.2780519e-02
  -2.9889334e-02
  -7.1006715e-03
  -0.0000000e+00
   0.0000000e+00
   0.0000000e+00
   0.0000000e+00
  -3.1979409e-02
  -4.4916611e-02
  -4.8953328e-02
  -4.5995872e-02
  -4.1334450e-02
  -4.0787589e-02
  -3.9170522e-02
  -3.4623906e-02
  -2.9624607e-02
  -8.1953369e-03
  -5.8474778e-03
  -6.1048963e-03
  -9.6243406e-03
  -1.2978654e-02
  -1.4875078e-02
  -1.6238494e-02
  -1.9018866e-02
  -2.3226909e-02
  -2.8293414e-02
  -3.3899136e-02
  -3.9289240e-02
  -4.3886941e-02
  -4.8344549e-02
  -5.2746277e-02
  -5.6583948e-02
  -6.0038559e-02
  -6.2910505e-02
  -6.4310543e-02
  -6.3687831e-02
  -6.0447633e-02
  -5.3587303e-02
  -4.2418830e-02
  -2.4367034e-02
  -6.2157468e-03
   0.0000000e+00
   0.0000000e+00
   0.0000000e+00
   0.0000000e+00
   0.0000000e+00
   0.0000000e+00
  -3.7006034e-02
  -3.5030946e-02
  -2.2287467e-02
  -6.3463413e-03
  -0.0000000e+00
   0.0000000e+00
   0.0000000e+00
   0.0000000e+00
  -3.1033653e-02
  -3.4784570e-02
  -3.7041605e-02
  -3.2108542e-02
  -2.3438226e-02
  -2.3141533e-02
  -1.9357005e-02
  -1.3723354e-02
  -1.0224082e-02
  -5.2927260e-04
  -4.0180339e-03
  -8.6538689e-03
  -1.6252114e-02
  -2.2682032e-02
  -2.7193896e-02
  -3.0285344e-02
  -3.3388134e-02
  -3.6523666e-02
  -3.9308168e-02
  -4.2241052e-02
  -4.5256600e-02
  -4.7808181e-02
  -5.0253816e-02
  -5.2983772e-02
  -5.4935955e-02
  -5.6069352e-02
  -5.6390937e-02
  -5.5280745e-02
  -5.2589856e-02
  -4.7941655e-02
  -3.9926659e-02
  -2.7180672e-02
  -8.9303395e-03
   1.1562530e-02
   0.0000000e+00
   0.0000000e+00
   0.0000000e+00
   0.0000000e+00
   0.0000000e+00
   0.0000000e+00
  -3.2390654e-02
  -2.6099982e-02
  -1.4275808e-02
  -3.0424802e-03
   0.0000000e+00
   0.0000000e+00
   0.0000000e+00
   0.0000000e+00
  -3.1596583e-02
  -2.5968717e-02
  -2.4587700e-02
  -2.2205903e-02
  -1.2086192e-02
  -7.5833728e-03
  -2.7656702e-03
   2.6711440e-03
   3.0654264e-03
   2.5935350e-03
  -6.1251577e-03
  -1.4793794e-02
  -2.6463730e-02
  -3.6406361e-02
  -4.3734450e-02
  -4.8867039e-02
  -5.2693598e-02
  -5.5212263e-02
  -5.6070652e-02
  -5.6023199e-02
  -5.5527586e-02
  -5.4358754e-02
  -5.2924030e-02
  -5.2096695e-02
  -5.0816085e-02
  -4.8960406e-02
  -4.6702951e-02
  -4.3559864e-02
  -3.9332792e-02
  -3.3770643e-02
  -2.5461532e-02
  -1.3113309e-02
   3.1650625e-03
   1.9509301e-02
   0.0000000e+00
   0.0000000e+00
   0.0000000e+00
   0.0000000e+00
  -2.3710756e-02
  -3.3597221e-02
  -2.7310005e-02
  -1.4910237e-02
  -4.5614857e-03
   2.2710993e-03
   0.0000000e+00
   0.0000000e+00
   0.0000000e+00
   0.0000000e+00
  -0.0000000e+00
  -1.7275536e-02
  -1.1886218e-02
  -1.0294504e-02
  -0.0000000e+00
   1.6861846e-03
   8.1154229e-03
   1.3810678e-02
   1.1043448e-02
   5.3235862e-03
  -6.9641740e-03
  -1.9223208e-02
  -3.3491582e-02
  -4.5597369e-02
  -5.4349544e-02
  -6.0540799e-02
  -6.4798937e-02
  -6.7188345e-02
  -6.7320064e-02
  -6.5673277e-02
  -6.2892780e-02
  -5.9005588e-02
  -5.4339188e-02
  -5.0088605e-02
  -4.5857081e-02
  -4.1754616e-02
  -3.8076171e-02
  -3.4266062e-02
  -2.9775955e-02
  -2.4118587e-02
  -1.6028406e-02
  -4.3100995e-03
   9.9115225e-03
   2.0317421e-02
   0.0000000e+00
   0.0000000e+00
   0.0000000e+00
   0.0000000e+00
  -1.7427083e-02
  -2.9229181e-02
  -1.7667549e-02
  -2.7570753e-03
   1.4205138e-03
   4.6766868e-03
   0.0000000e+00
   0.0000000e+00
   0.0000000e+00
   0.0000000e+00
   0.0000000e+00
  -9.6768221e-03
  -1.7362935e-03
  -2.8258736e-03
   0.0000000e+00
   5.4505286e-03
   1.4142510e-02
   2.0453210e-02
   1.6207717e-02
   9.5757660e-03
  -6.6307906e-03
  -2.0267211e-02
  -3.4137770e-02
  -4.6441982e-02
  -5.4922574e-02
  -6.1202098e-02
  -6.5787039e-02
  -6.8496294e-02
  -6.8935639e-02
  -6.7345589e-02
  -6.4296610e-02
  -5.9805271e-02
  -5.4064267e-02
  -4.8157556e-02
  -4.2311004e-02
  -3.6870274e-02
  -3.2489702e-02
  -2.8638143e-02
  -2.4377200e-02
  -1.9021645e-02
  -1.1668486e-02
  -8.2122688e-04
   1.0814871e-02
   1.6036723e-02
   0.0000000e+00
   0.0000000e+00
   0.0000000e+00
   0.0000000e+00
  -1.4181239e-02
  -1.9799845e-02
  -6.1908445e-03
   2.9995676e-03
   0.0000000e+00
   0.0000000e+00
   0.0000000e+00
   0.0000000e+00
   0.0000000e+00
   0.0000000e+00
   0.0000000e+00
  -7.1550040e-03
   3.3246768e-03
   1.1757617e-04
   0.0000000e+00
   7.1350259e-03
   1.8335964e-02
   2.4183820e-02
   1.9937537e-02
   1.4957106e-02
   0.0000000e+00
  -1.9812746e-02
  -3.2207195e-02
  -4.3862676e-02
  -5.1721598e-02
  -5.8057747e-02
  -6.3071132e-02
  -6.6211932e-02
  -6.7062393e-02
  -6.5790743e-02
  -6.2970743e-02
  -5.8673206e-02
  -5.3082990e-02
  -4.6791969e-02
  -4.0234969e-02
  -3.3560481e-02
  -2.7690805e-02
  -2.2784010e-02
  -1.8296875e-02
  -1.3856276e-02
  -9.3421239e-03
  -2.4206082e-03
   5.2213200e-03
   6.5259806e-03
   2.5797528e-03
   0.0000000e+00
   0.0000000e+00
  -2.5014593e-02
  -1.3552260e-02
  -9.5240494e-03
   1.8295007e-03
   0.0000000e+00
   0.0000000e+00
   0.0000000e+00
   0.0000000e+00
   0.0000000e+00
   0.0000000e+00
   0.0000000e+00
   0.0000000e+00
  -8.9837196e-03
   3.6666456e-03
   2.6350419e-03
   0.0000000e+00
   0.0000000e+00
   2.1825227e-02
   2.6199363e-02
   2.2478300e-02
   0.0000000e+00
   0.0000000e+00
  -2.0961983e-02
  -3.4017988e-02
  -4.5763928e-02
  -5.4429885e-02
  -6.1919730e-02
  -6.7832299e-02
  -7.1526110e-02
  -7.2555780e-02
  -7.1076445e-02
  -6.7909107e-02
  -6.3327827e-02
  -5.7543717e-02
  -5.0675340e-02
  -4.3224543e-02
  -3.4881860e-02
  -2.6191480e-02
  -1.8069267e-02
  -1.1440528e-02
  -7.4689034e-03
  -7.9616234e-03
  -1.0004406e-02
  -6.6149328e-03
  -1.0383917e-02
  -1.2147057e-02
   0.0000000e+00
  -3.8997427e-02
  -2.9851208e-02
  -1.4983331e-02
  -3.1118761e-03
   7.3998352e-03
   0.0000000e+00
   0.0000000e+00
   0.0000000e+00
   0.0000000e+00
   0.0000000e+00
   0.0000000e+00
   0.0000000e+00
   0.0000000e+00
  -1.4297697e-02
  -3.2429944e-04
   6.2360701e-03
   0.0000000e+00
   0.0000000e+00
   2.2704560e-02
   2.6320215e-02
   2.4300652e-02
   0.0000000e+00
   0.0000000e+00
  -2.6006228e-02
  -4.0795527e-02
  -5.4395415e-02
  -6.5874211e-02
  -7.6258212e-02
  -8.4443852e-02
  -8.9809038e-02
  -9.1944024e-02
  -9.1000631e-02
  -8.8069804e-02
  -8.3390996e-02
  -7.7206023e-02
  -6.9442771e-02
  -6.0490560e-02
  -4.9887910e-02
  -3.7778191e-02
  -2.4831116e-02
  -1.2837473e-02
  -5.0072107e-03
  -6.2524229e-03
  -1.8453421e-02
  -1.9433264e-02
  -3.0092333e-02
  -4.1196782e-02
  -4.6822529e-02
  -4.2927795e-02
  -3.3903219e-02
  -1.8596845e-02
  -3.0579413e-03
   9.1645891e-03
   0.0000000e+00
   0.0000000e+00
   0.0000000e+00
   0.0000000e+00
   0.0000000e+00
   0.0000000e+00
   0.0000000e+00
   0.0000000e+00
  -2.1833124e-02
  -9.4828699e-03
   6.5116416e-03
   0.0000000e+00
   0.0000000e+00
   1.8860490e-02
   2.4108808e-02
   2.5982490e-02
   0.0000000e+00
   0.0000000e+00
  -3.5249065e-02
  -4.7952004e-02
  -6.2934585e-02
  -7.7057876e-02
  -9.0247735e-02
  -1.0101829e-01
  -1.0867223e-01
  -1.1288751e-01
  -1.1376711e-01
  -1.1233815e-01
  -1.0852648e-01
  -1.0250739e-01
  -9.4183594e-02
  -8.3751328e-02
  -7.1159683e-02
  -5.6704279e-02
  -4.0454000e-02
  -2.3450090e-02
  -8.3915479e-03
  -6.0315063e-04
  -1.8744617e-02
  -2.6810454e-02
  -4.2344425e-02
  -4.7940865e-02
  -4.9089562e-02
  -4.7094960e-02
  -3.8953438e-02
  -2.5503462e-02
  -8.2677072e-03
   8.0705907e-03
   0.0000000e+00
   0.0000000e+00
   0.0000000e+00
   0.0000000e+00
   0.0000000e+00
   0.0000000e+00
   0.0000000e+00
   0.0000000e+00
  -3.1073681e-02
  -2.3711992e-02
  -1.5902032e-02
   0.0000000e+00
   0.0000000e+00
   1.3342324e-02
   2.0023305e-02
   2.4914285e-02
   0.0000000e+00
  -5.9174117e-02
  -5.5519649e-02
  -5.1733963e-02
  -6.4765945e-02
  -7.9331890e-02
  -9.3026891e-02
  -1.0451706e-01
  -1.1291922e-01
  -1.1808602e-01
  -1.2020751e-01
  -1.1997680e-01
  -1.1709212e-01
  -1.1150227e-01
  -1.0299453e-01
  -9.1946423e-02
  -7.8836031e-02
  -6.4033411e-02
  -4.7523458e-02
  -2.9514102e-02
  -1.0476751e-02
   7.0287455e-03
   1.0674353e-02
  -3.0261993e-02
  -4.8137579e-02
  -5.3908091e-02
  -5.4534994e-02
  -5.2238062e-02
  -4.5254432e-02
  -3.4380950e-02
  -1.7752018e-02
   1.6430957e-03
   0.0000000e+00
   0.0000000e+00
   0.0000000e+00
   0.0000000e+00
   0.0000000e+00
   0.0000000e+00
   0.0000000e+00
   0.0000000e+00
  -4.2612555e-02
  -3.9162710e-02
  -3.2954530e-02
   0.0000000e+00
   6.2890761e-03
   9.3727644e-03
   1.5007054e-02
   0.0000000e+00
   0.0000000e+00
  -5.4366233e-02
  -6.0176611e-02
  -4.9839906e-02
  -5.9920482e-02
  -7.3208712e-02
  -8.5898995e-02
  -9.6721023e-02
  -1.0462766e-01
  -1.0960221e-01
  -1.1199357e-01
  -1.1234348e-01
  -1.1039547e-01
  -1.0611991e-01
  -9.9222317e-02
  -8.9873850e-02
  -7.8150548e-02
  -6.4025193e-02
  -4.7095090e-02
  -2.7744664e-02
  -7.3553850e-03
   8.5044278e-03
   0.0000000e+00
  -3.3102485e-02
  -5.1584773e-02
  -5.5420015e-02
  -5.6467284e-02
  -5.5442914e-02
  -5.1139832e-02
  -4.3685216e-02
  -3.0963866e-02
  -1.3357586e-02
   0.0000000e+00
   0.0000000e+00
   0.0000000e+00
   0.0000000e+00
   0.0000000e+00
   0.0000000e+00
   0.0000000e+00
   0.0000000e+00
  -5.4455331e-02
  -5.0557286e-02
  -3.2180459e-02
   8.5932700e-03
   1.3829687e-02
   7.7393046e-03
   9.7328699e-03
   0.0000000e+00
   0.0000000e+00
  -4.8592646e-02
  -5.0403070e-02
  -4.3190040e-02
  -4.9908988e-02
  -6.0953956e-02
  -7.2551370e-02
  -8.2747191e-02
  -9.0100542e-02
  -9.4646424e-02
  -9.6898131e-02
  -9.7377583e-02
  -9.6090943e-02
  -9.3266249e-02
  -8.8856541e-02
  -8.2808912e-02
  -7.4403048e-02
  -6.2445521e-02
  -4.5672935e-02
  -2.4786865e-02
  -2.8938667e-03
   6.4201018e-03
   0.0000000e+00
  -3.6884968e-02
  -5.2877098e-02
  -5.4390512e-02
  -5.5432718e-02
  -5.5437364e-02
  -5.3996064e-02
  -5.1151574e-02
  -4.4858672e-02
  -3.2305745e-02
   0.0000000e+00
   0.0000000e+00
   0.0000000e+00
   0.0000000e+00
   0.0000000e+00
   0.0000000e+00
   0.0000000e+00
   0.0000000e+00
  -6.3530245e-02
  -5.8222387e-02
  -2.7134385e-02
   1.0880585e-02
   2.0954479e-02
   7.7856099e-03
   3.3411117e-03
   0.0000000e+00
   0.0000000e+00
  -3.9223059e-02
  -3.8945414e-02
  -3.3856083e-02
  -3.6782112e-02
  -4.5250468e-02
  -5.6143779e-02
  -6.6692278e-02
  -7.4763700e-02
  -8.0060221e-02
  -8.2854837e-02
  -8.3640896e-02
  -8.2708925e-02
  -8.0328263e-02
  -7.6878741e-02
  -7.2693713e-02
  -6.7192324e-02
  -5.7799406e-02
  -4.1763857e-02
  -2.0386903e-02
   1.1868324e-03
   4.8212717e-03
   0.0000000e+00
  -4.1411073e-02
  -4.9622096e-02
  -5.0001193e-02
  -5.1618479e-02
  -5.2545197e-02
  -5.3334542e-02
  -5.5031724e-02
  -5.5363465e-02
  -4.9091176e-02
  -0.0000000e+00
   0.0000000e+00
   0.0000000e+00
   0.0000000e+00
   0.0000000e+00
   0.0000000e+00
   0.0000000e+00
  -7.1374475e-02
  -6.7298498e-02
  -6.2857233e-02
  -2.7260648e-02
   1.7890824e-02
   2.4222150e-02
   7.5746374e-03
  -1.3738581e-04
   0.0000000e+00
   0.0000000e+00
  -0.0000000e+00
  -2.9816086e-02
  -2.4823993e-02
  -2.4171401e-02
  -2.9940754e-02
  -3.9886393e-02
  -5.1314943e-02
  -6.1258923e-02
  -6.8588749e-02
  -7.2881222e-02
  -7.4448496e-02
  -7.3793441e-02
  -7.1551077e-02
  -6.8579614e-02
  -6.5121323e-02
  -6.0820837e-02
  -5.2805346e-02
  -3.7302151e-02
  -1.4680772e-02
   5.1510190e-03
   0.0000000e+00
   0.0000000e+00
  -3.9112091e-02
  -4.1056320e-02
  -4.0860143e-02
  -4.3831084e-02
  -4.6333726e-02
  -4.9266506e-02
  -5.4126747e-02
  -5.8938261e-02
  -5.5368587e-02
  -4.7909918e-02
   0.0000000e+00
  -0.0000000e+00
  -0.0000000e+00
  -8.7528612e-02
  -9.9699283e-02
  -1.1345369e-01
  -7.5131705e-02
  -6.2560968e-02
  -6.2579915e-02
  -3.0195286e-02
   2.0637214e-02
   2.6688529e-02
   9.8098367e-03
  -8.4387846e-04
   0.0000000e+00
   0.0000000e+00
   0.0000000e+00
  -2.1115130e-02
  -1.6605953e-02
  -1.3153438e-02
  -1.6877476e-02
  -2.5632330e-02
  -3.7136088e-02
  -4.8524095e-02
  -5.7632790e-02
  -6.3431226e-02
  -6.5845407e-02
  -6.5241180e-02
  -6.2449012e-02
  -5.9093718e-02
  -5.5878223e-02
  -5.2834389e-02
  -4.6909215e-02
  -3.2659620e-02
  -8.1060184e-03
   8.4018153e-03
   0.0000000e+00
   0.0000000e+00
  -3.2190275e-02
  -2.7696031e-02
  -2.7351602e-02
  -3.1537995e-02
  -3.5845540e-02
  -4.1145335e-02
  -4.8557637e-02
  -5.5892289e-02
  -5.7408054e-02
  -4.8636892e-02
   0.0000000e+00
  -6.6639502e-02
  -7.0743009e-02
  -7.3857681e-02
  -9.0116542e-02
  -9.9663805e-02
  -6.7948676e-02
  -4.7907570e-02
  -5.4376924e-02
  -3.0353190e-02
   1.7809105e-02
   2.7111478e-02
   1.1929881e-02
   4.2680506e-03
   0.0000000e+00
   0.0000000e+00
   0.0000000e+00
  -1.1081257e-02
  -6.6768858e-03
  -7.8162795e-04
  -4.1035861e-03
  -1.2397947e-02
  -2.3517478e-02
  -3.5393659e-02
  -4.5075595e-02
  -5.1314674e-02
  -5.3946648e-02
  -5.3423278e-02
  -5.0463520e-02
  -4.6967585e-02
  -4.4105325e-02
  -4.2125050e-02
  -3.8545802e-02
  -2.6398150e-02
  -5.0858629e-04
   1.1838899e-02
   0.0000000e+00
   0.0000000e+00
  -2.0810502e-02
  -1.0246472e-02
  -1.0342389e-02
  -1.6003288e-02
  -2.1941891e-02
  -2.9113749e-02
  -3.8620323e-02
  -4.7422938e-02
  -5.0863001e-02
  -4.4294308e-02
  -3.9897350e-02
  -5.7773613e-02
  -5.2794830e-02
  -5.6711599e-02
  -6.4536534e-02
  -6.4433172e-02
  -4.1343402e-02
  -2.7785644e-02
  -4.1860819e-02
  -1.6810134e-02
  -0.0000000e+00
   0.0000000e+00
   1.1430340e-02
   2.7019789e-03
   0.0000000e+00
   0.0000000e+00
   0.0000000e+00
  -0.0000000e+00
   5.6557813e-03
   1.4004396e-02
   1.1177473e-02
   2.0824300e-03
  -9.2423966e-03
  -2.1163835e-02
  -3.0783936e-02
  -3.7022821e-02
  -3.9555411e-02
  -3.8802545e-02
  -3.5655599e-02
  -3.2085229e-02
  -2.9554112e-02
  -2.8767361e-02
  -2.7963980e-02
  -1.8837355e-02
   6.3168464e-03
   1.3020973e-02
   0.0000000e+00
   0.0000000e+00
  -0.0000000e+00
   3.0576050e-04
   3.7026679e-03
   2.4370513e-03
  -5.3407362e-03
  -1.4055640e-02
  -2.5011263e-02
  -3.5297818e-02
  -4.1395719e-02
  -4.6129732e-02
  -6.9408323e-02
  -4.8164371e-02
  -4.1417542e-02
  -4.0558430e-02
  -4.3601333e-02
  -4.0370724e-02
  -2.1512012e-02
  -1.1618393e-02
  -1.1796974e-02
   1.0848526e-02
   2.0420207e-02
   0.0000000e+00
   0.0000000e+00
  -0.0000000e+00
   0.0000000e+00
   0.0000000e+00
   0.0000000e+00
   0.0000000e+00
   2.1245150e-02
   2.9265743e-02
   2.7921829e-02
   1.7919112e-02
   6.1572250e-03
  -5.0873826e-03
  -1.4027400e-02
  -1.9996088e-02
  -2.2359643e-02
  -2.1198280e-02
  -1.7951353e-02
  -1.4422014e-02
  -1.2046526e-02
  -1.2255857e-02
  -1.4304102e-02
  -1.0203289e-02
   1.0360251e-02
   0.0000000e+00
   0.0000000e+00
   0.0000000e+00
   0.0000000e+00
   0.0000000e+00
   0.0000000e+00
   2.0333904e-02
   1.4993725e-02
   4.5192363e-03
  -8.5905883e-03
  -2.0245397e-02
  -2.8366677e-02
  -3.6161557e-02
  -0.0000000e+00
  -4.1829970e-02
  -2.4588736e-02
  -2.4258327e-02
  -2.5549167e-02
  -0.0000000e+00
  -8.0277242e-03
  -2.4690062e-03
   0.0000000e+00
   2.4237769e-02
   2.6944112e-02
   0.0000000e+00
   0.0000000e+00
   0.0000000e+00
   0.0000000e+00
   0.0000000e+00
   0.0000000e+00
   0.0000000e+00
   3.3991314e-02
   3.6394536e-02
   3.6208745e-02
   2.9996201e-02
   2.1388607e-02
   1.2575517e-02
   5.4729721e-03
   1.0695468e-03
  -3.6615698e-04
   1.3515713e-03
   4.6105077e-03
   7.8583546e-03
   9.6666003e-03
   8.0645569e-03
   3.1769788e-03
  -1.3657263e-06
   8.5139572e-03
   0.0000000e+00
   0.0000000e+00
   0.0000000e+00
   0.0000000e+00
   0.0000000e+00
   0.0000000e+00
   2.8172811e-02
   3.4349512e-02
   2.4562940e-02
   9.4121583e-03
  -3.4160349e-03
  -1.4982080e-02
  -1.7395184e-02
   0.0000000e+00
  -0.0000000e+00
  -5.8819308e-03
  -9.1624558e-03
  -8.7487215e-03
   0.0000000e+00
  -6.7875234e-03
   0.0000000e+00
   0.0000000e+00
   7.7007356e-03
   0.0000000e+00
   0.0000000e+00
   0.0000000e+00
   0.0000000e+00
   0.0000000e+00
   0.0000000e+00
   0.0000000e+00
   0.0000000e+00
   0.0000000e+00
   2.9111007e-02
   3.0842307e-02
   3.2715805e-02
   3.2855578e-02
   3.1368345e-02
   2.9067401e-02
   2.8353453e-02
   2.9207917e-02
   3.1385787e-02
   3.4248076e-02
   3.6966968e-02
   3.7630882e-02
   3.3731729e-02
   2.5127996e-02
   1.3710093e-02
   7.6534233e-03
   0.0000000e+00
   0.0000000e+00
   0.0000000e+00
   0.0000000e+00
   0.0000000e+00
   0.0000000e+00
   0.0000000e+00
   4.4782723e-02
   3.9158344e-02
   2.7103772e-02
   1.6032208e-02
   5.0593272e-04
  -8.1025600e-03
   0.0000000e+00
   0.0000000e+00
   9.8277442e-03
   2.8493547e-03
  -0.0000000e+00
   9.2266577e-03
  -2.4699567e-03
   2.3587778e-02
   1.4438034e-02
   9.2767810e-03
   0.0000000e+00
   0.0000000e+00
   0.0000000e+00
   0.0000000e+00
   0.0000000e+00
   0.0000000e+00
   0.0000000e+00
   0.0000000e+00
   0.0000000e+00
   0.0000000e+00
   7.6267347e-03
   1.8153204e-02
   3.2283414e-02
   4.4338915e-02
   5.2479401e-02
   5.7776641e-02
   6.1551824e-02
   6.4340003e-02
   6.6582486e-02
   6.8200618e-02
   6.7173444e-02
   6.0830187e-02
   4.8279494e-02
   2.9838124e-02
   1.1274058e-02
   0.0000000e+00
   0.0000000e+00
   0.0000000e+00
   0.0000000e+00
   0.0000000e+00
   0.0000000e+00
   0.0000000e+00
   0.0000000e+00
   0.0000000e+00
   3.5168143e-02
   3.2916728e-02
   1.9742981e-02
   1.1491367e-02
   0.0000000e+00
   0.0000000e+00
   5.7794978e-03
   0.0000000e+00
   1.2843341e-02
   1.4604745e-02
   1.6826740e-02
   2.7643712e-02
   3.1993188e-02
   2.2377637e-02
   0.0000000e+00
   0.0000000e+00
   0.0000000e+00
   0.0000000e+00
   0.0000000e+00
   0.0000000e+00
   0.0000000e+00
   0.0000000e+00
   0.0000000e+00
   0.0000000e+00
  -2.2558302e-02
  -5.1923925e-03
   2.0441214e-02
   4.5167655e-02
   6.4736545e-02
   7.7429503e-02
   8.4775828e-02
   8.8951595e-02
   9.1812111e-02
   9.2488416e-02
   8.9157768e-02
   7.9971507e-02
   6.3848294e-02
   4.2825352e-02
   2.1585222e-02
   0.0000000e+00
   0.0000000e+00
   0.0000000e+00
   0.0000000e+00
   0.0000000e+00
   0.0000000e+00
   0.0000000e+00
   0.0000000e+00
   0.0000000e+00
   3.6569573e-02
   4.2405136e-02
   3.3015966e-02
   2.3505598e-02
   0.0000000e+00
   0.0000000e+00
   0.0000000e+00
   2.8114938e-02
   2.8041025e-02
   2.8292052e-02
   3.6080077e-02
   4.4617709e-02
   4.5971397e-02
   3.6680924e-02
   0.0000000e+00
   0.0000000e+00
   0.0000000e+00
   0.0000000e+00
   0.0000000e+00
   0.0000000e+00
   0.0000000e+00
   0.0000000e+00
   0.0000000e+00
   0.0000000e+00
  -3.1109811e-02
  -1.9762563e-02
   8.2724011e-03
   4.0044822e-02
   6.7421816e-02
   8.6395726e-02
   9.8207109e-02
   1.0486635e-01
   1.0752472e-01
   1.0635907e-01
   1.0038334e-01
   8.8324584e-02
   6.9916435e-02
   4.7280300e-02
   2.8985195e-02
   0.0000000e+00
   0.0000000e+00
   0.0000000e+00
   0.0000000e+00
   0.0000000e+00
   0.0000000e+00
   0.0000000e+00
   0.0000000e+00
   2.8348375e-02
   3.7574797e-02
   4.4564750e-02
   3.9139945e-02
   2.9206676e-02
   0.0000000e+00
   0.0000000e+00
   0.0000000e+00
   0.0000000e+00
   2.9531427e-02
   3.7013561e-02
   4.3351386e-02
   4.9699611e-02
   4.5485273e-02
   0.0000000e+00
   0.0000000e+00
   0.0000000e+00
   0.0000000e+00
   0.0000000e+00
   0.0000000e+00
   0.0000000e+00
   0.0000000e+00
   0.0000000e+00
   0.0000000e+00
   0.0000000e+00
  -9.5065797e-03
  -8.8531440e-03
   1.3758016e-02
   4.5548264e-02
   7.3258854e-02
   9.2778787e-02
   1.0289600e-01
   1.0421672e-01
   1.0074148e-01
   9.7399756e-02
   8.9457683e-02
   7.3831305e-02
   5.5420425e-02
   3.7038934e-02
   0.0000000e+00
   0.0000000e+00
   0.0000000e+00
   0.0000000e+00
   0.0000000e+00
   0.0000000e+00
   0.0000000e+00
   0.0000000e+00
   0.0000000e+00
   2.6210607e-02
   2.4838277e-02
   3.4904232e-02
   3.0102702e-02
   1.5120757e-02
   0.0000000e+00
   0.0000000e+00
   0.0000000e+00
   0.0000000e+00
   0.0000000e+00
   0.0000000e+00
   0.0000000e+00
   0.0000000e+00
   0.0000000e+00
   0.0000000e+00
   0.0000000e+00
   0.0000000e+00
   0.0000000e+00
   0.0000000e+00
   0.0000000e+00
   0.0000000e+00
   0.0000000e+00
   0.0000000e+00
   0.0000000e+00
   0.0000000e+00
   3.5877232e-02
   2.5496421e-02
   2.8080100e-02
   4.7354030e-02
   6.4549007e-02
   7.6735891e-02
   7.6675177e-02
   6.8973541e-02
   5.9059076e-02
   5.3542212e-02
   4.2240623e-02
   3.2368965e-02
   1.7647600e-02
   5.2700819e-03
   0.0000000e+00
   0.0000000e+00
   0.0000000e+00
   0.0000000e+00
   0.0000000e+00
   0.0000000e+00
   0.0000000e+00
   0.0000000e+00
   0.0000000e+00
   0.0000000e+00
   0.0000000e+00
   0.0000000e+00
   0.0000000e+00
   0.0000000e+00
   0.0000000e+00
   0.0000000e+00
   0.0000000e+00
   0.0000000e+00
   0.0000000e+00
   0.0000000e+00
   0.0000000e+00
   0.0000000e+00
   0.0000000e+00
   6.0829244e-03
   3.6789177e-03
   0.0000000e+00
   0.0000000e+00
   0.0000000e+00
   0.0000000e+00
   0.0000000e+00
   0.0000000e+00
   0.0000000e+00
   0.0000000e+00
   0.0000000e+00
   0.0000000e+00
   0.0000000e+00
   0.0000000e+00
   0.0000000e+00
   1.0804006e-02
   1.8579079e-02
   1.9217305e-02
   1.7535343e-02
   0.0000000e+00
   0.0000000e+00
   0.0000000e+00
  -0.0000000e+00
  -0.0000000e+00
  -0.0000000e+00
   0.0000000e+00
   0.0000000e+00
   0.0000000e+00
   0.0000000e+00
   0.0000000e+00
   0.0000000e+00
   0.0000000e+00
   0.0000000e+00
   0.0000000e+00
   0.0000000e+00
   0.0000000e+00
   0.0000000e+00
   0.0000000e+00
  -0.0000000e+00
  -1.5345804e-02
  -4.9578790e-03
   0.0000000e+00
   0.0000000e+00
   0.0000000e+00
   0.0000000e+00
   0.0000000e+00
   0.0000000e+00
   2.9304466e-03
  -1.6935464e-03
  -1.6839819e-03
  -0.0000000e+00
   0.0000000e+00
   0.0000000e+00
   0.0000000e+00
   0.0000000e+00
   0.0000000e+00
   0.0000000e+00
   0.0000000e+00
   0.0000000e+00
   0.0000000e+00
   0.0000000e+00
   0.0000000e+00
   0.0000000e+00
  -0.0000000e+00
  -0.0000000e+00
  -0.0000000e+00
  -0.0000000e+00
   0.0000000e+00
   0.0000000e+00
   0.0000000e+00
   0.0000000e+00
   0.0000000e+00
   0.0000000e+00
   0.0000000e+00
   0.0000000e+00
   0.0000000e+00
   0.0000000e+00
   0.0000000e+00
   0.0000000e+00
   0.0000000e+00
   0.0000000e+00
   0.0000000e+00
   0.0000000e+00
   0.0000000e+00
   0.0000000e+00
   0.0000000e+00
   0.0000000e+00
  -7.6386959e-03
  -7.8686341e-03
  -0.0000000e+00
   0.0000000e+00
   0.0000000e+00
   0.0000000e+00
   0.0000000e+00
   0.0000000e+00
  -6.2617578e-03
  -1.2780144e-02
  -9.6553592e-03
  -0.0000000e+00
   0.0000000e+00
   0.0000000e+00
   0.0000000e+00
   0.0000000e+00
   0.0000000e+00
   0.0000000e+00
   0.0000000e+00
   0.0000000e+00
   0.0000000e+00
   0.0000000e+00
  -1.1344472e-02
  -1.6474611e-02
  -2.6445206e-02
  -3.1593387e-02
  -3.0629389e-02
  -3.2445099e-02
  -3.5803204e-02
  -3.1385909e-02
  -4.5599605e-02
  -5.2080593e-02
  -5.6538256e-02
  -4.3819235e-02
  -2.0735084e-02
  -1.1460657e-02
  -6.0359161e-03
  -3.1943489e-03
   0.0000000e+00
   0.0000000e+00
   0.0000000e+00
   0.0000000e+00
   0.0000000e+00
   0.0000000e+00
   0.0000000e+00
   0.0000000e+00
   0.0000000e+00
   0.0000000e+00
  -6.3453458e-03
  -1.4444584e-02
  -1.2869472e-02
  -1.7846467e-02
  -1.8905871e-02
  -1.5900598e-02
   0.0000000e+00
   0.0000000e+00
  -7.0176572e-03
  -8.2270442e-03
  -1.3290467e-02
  -0.0000000e+00
   0.0000000e+00
   0.0000000e+00
   0.0000000e+00
