   2.5242499e-01
  -2.9952458e-01
  -7.4943280e-01
  -8.5083544e-03
   5.2402383e-01
   6.5173572e-01
   7.4921560e-01
   8.7015384e-01
   8.2099384e-01
   4.3889317e-01
   2.2171013e-01
   7.4937731e-02
  -1.5289696e-01
  -4.0926996e-01
  -6.6807956e-01
  -1.0187497e+00
  -1.1282270e+00
  -1.0635053e+00
  -1.1655648e+00
  -1.1947585e+00
  -1.1120089e+00
  -1.1188200e+00
  -1.3240918e+00
  -1.1776067e+00
  -4.8137721e-01
   8.5658157e-01
   1.1194091e+00
   3.6497340e-01
  -3.0975003e-02
  -6.6847861e-02
  -6.1878584e-02
  -4.1966662e-01
  -9.3820077e-01
  -9.9797100e-01
  -5.2831793e-01
  -7.6689959e-02
  -1.1927284e-01
  -2.5556356e-01
  -7.5009942e-02
   2.0655482e-01
   2.3260330e-01
  -5.5496871e-02
  -4.6970856e-01
  -8.9903075e-01
  -7.4709713e-01
  -8.2548417e-02
   5.4079525e-02
   4.5366517e-01
   2.3300111e-01
  -2.8912446e-01
  -1.2235335e+00
  -2.6396960e-01
   4.4730386e-01
  -2.7465346e-01
  -5.2218312e-01
  -1.1950938e-01
  -1.0265940e-01
   5.7335295e-02
   3.6172110e-01
   3.4530625e-01
   4.7770736e-01
   4.7376034e-01
   3.0603206e-01
   1.1847679e-01
  -2.6146969e-01
  -5.4173803e-01
  -8.6637414e-01
  -1.1483061e+00
  -1.0834497e+00
  -1.1548074e+00
  -1.0507834e+00
  -1.2755275e+00
  -2.1069305e+00
  -1.3699967e+00
   6.2628675e-01
   3.3111376e-01
   5.2382171e-01
   1.2936198e+00
   1.1796443e+00
   1.2556671e+00
   8.3593756e-01
   1.1237854e-01
  -2.2906084e-01
  -8.4168583e-01
  -8.8305509e-01
  -6.2030286e-01
  -6.3251889e-01
  -4.9792093e-01
  -3.0390656e-01
  -4.1358593e-01
  -1.9718800e-01
  -8.9761145e-02
  -6.1105770e-01
  -8.2738817e-01
  -7.8243858e-01
  -2.5379649e-01
  -3.6726600e-01
  -7.8815326e-02
   2.1122928e-01
   1.2103891e-01
  -3.7767936e-02
   6.9930568e-02
   3.2959327e-01
  -1.3037931e-02
  -5.8601610e-04
  -1.8610319e-02
   3.5381228e-02
   1.6484779e-01
   5.4357862e-01
   8.3632857e-01
   1.1044657e+00
   1.1261890e+00
   1.1216800e+00
   1.0266739e+00
   9.8084569e-01
   1.0206853e+00
   1.0451980e+00
   1.0903842e+00
   9.7213066e-01
   8.9842153e-01
   8.9190704e-01
   1.0548348e+00
   1.8936956e+00
   2.1799612e+00
   1.8848981e+00
   1.7308991e+00
   1.5745528e+00
   1.4952742e+00
   1.4161301e+00
   1.4483415e+00
   1.5009055e+00
   1.5722979e+00
   1.6758292e+00
   1.9136707e+00
   1.8602746e+00
   1.8379586e+00
   1.3023083e+00
   6.5430331e-01
   1.6136058e-01
  -2.8726417e-01
  -8.7876827e-01
  -1.4408823e+00
  -1.3110549e+00
  -1.0025580e+00
   7.7750355e-01
   9.9280012e-01
   1.2085910e+00
   1.2456315e+00
   1.0431739e+00
   8.4233081e-01
   1.0396380e+00
   7.7542150e-01
   8.6991376e-01
   1.0321044e+00
   9.0825212e-01
   9.1871107e-01
   1.4343218e+00
   1.8203372e+00
   2.2082813e+00
   2.4544160e+00
   2.5792053e+00
   2.6419077e+00
   2.7275157e+00
   2.8426363e+00
   2.9839056e+00
   3.0677812e+00
   2.9641628e+00
   2.8018451e+00
   2.5336077e+00
   2.7037251e+00
   2.1316133e+00
   1.6566986e+00
   1.3867664e+00
   1.5963346e+00
   1.6774509e+00
   1.6949092e+00
   1.7555501e+00
   1.8880950e+00
   2.1208813e+00
   2.4589870e+00
   2.8358986e+00
   3.2355859e+00
   3.5851905e+00
   3.8285770e+00
   3.9500368e+00
   3.9295728e+00
   3.5509226e+00
   2.8561270e+00
   2.1607654e+00
   1.4408921e+00
   1.0746822e+00
   9.0004784e-01
   1.1711104e+00
   1.1455141e+00
   8.5679084e-01
   8.1925076e-01
   8.5590243e-01
   7.7135754e-01
   1.4266776e+00
   1.2509302e+00
   1.5145032e+00
   2.0054045e+00
   1.8683285e+00
   1.1810229e+00
   2.2667837e+00
   2.7358136e+00
   3.1372805e+00
   3.4629271e+00
   3.6204755e+00
   3.7357399e+00
   3.9516158e+00
   4.0962267e+00
   4.2450137e+00
   4.3840432e+00
   4.2232957e+00
   3.9220569e+00
   3.4651842e+00
   1.4931049e+00
   1.3293558e+00
   9.9448085e-01
   8.5053891e-01
   1.2708144e+00
   1.7207128e+00
   2.0095308e+00
   2.2373204e+00
   2.5280139e+00
   2.8491964e+00
   3.1915872e+00
   3.5382276e+00
   3.8772011e+00
   4.1817255e+00
   4.4989834e+00
   4.8082561e+00
   5.0223861e+00
   5.1040320e+00
   4.8957620e+00
   4.5014048e+00
   4.1168566e+00
   3.8483737e+00
   3.0697932e+00
   1.2472595e+00
   1.2702856e+00
   1.2626322e+00
   1.1177569e+00
   1.0734025e+00
   9.4697683e-01
   1.3468398e+00
   1.5327784e+00
   1.9597905e+00
   2.5652066e+00
   2.9753386e+00
   2.2305954e+00
   2.5923184e+00
   3.5749444e+00
   3.7713389e+00
   3.9987254e+00
   4.1895914e+00
   4.3889771e+00
   4.5760947e+00
   4.7522732e+00
   4.9031607e+00
   4.9450833e+00
   4.8380114e+00
   4.5784231e+00
   3.9171419e+00
   1.4451825e+00
   1.3943543e+00
   5.3544236e-01
   2.5125492e-01
   8.4566264e-01
   1.5291199e+00
   2.2102225e+00
   2.7425188e+00
   3.0943076e+00
   3.3481213e+00
   3.4289557e+00
   3.4052185e+00
   3.4346163e+00
   3.6027588e+00
   3.9740744e+00
   4.5798708e+00
   5.2281400e+00
   5.6949479e+00
   5.8410690e+00
   5.8271682e+00
   5.6777446e+00
   5.3337228e+00
   4.0065613e+00
   1.2528372e+00
   1.1103941e+00
   1.1456319e+00
   1.3084890e+00
   1.1116076e+00
   1.1990803e+00
   1.4683731e+00
   1.9719962e+00
   2.4024496e+00
   2.8138151e+00
   3.0689170e+00
   3.2928843e+00
   3.5855074e+00
   4.0121918e+00
   4.0744314e+00
   4.1894746e+00
   4.3188677e+00
   4.4994993e+00
   4.6872354e+00
   4.8116231e+00
   4.8614821e+00
   4.8638186e+00
   4.8218136e+00
   4.5578876e+00
   3.8692889e+00
   1.8254395e+00
   1.3314551e+00
   7.9456127e-01
  -4.1875875e-01
   4.4477636e-01
   1.2430538e+00
   2.1791251e+00
   2.8889208e+00
   3.2875235e+00
   3.3112521e+00
   2.8948772e+00
   2.2879505e+00
   2.0121133e+00
   2.1263208e+00
   2.6035113e+00
   3.5465486e+00
   4.5791183e+00
   5.3472075e+00
   5.8099689e+00
   6.1532412e+00
   6.1369295e+00
   5.7411394e+00
   4.2708378e+00
   1.3261808e+00
   9.5834225e-01
   9.0401804e-01
   9.9242008e-01
   9.8863351e-01
   1.0815687e+00
   1.8303221e+00
   2.9301555e+00
   2.9511211e+00
   3.0144281e+00
   3.0113690e+00
   3.1690867e+00
   3.4745886e+00
   3.7036641e+00
   3.7737508e+00
   3.8236704e+00
   3.9166231e+00
   4.0548692e+00
   4.1665525e+00
   4.1874318e+00
   4.2141662e+00
   4.2666306e+00
   4.2389154e+00
   3.9909415e+00
   3.4022775e+00
   1.9596472e+00
   1.2431556e+00
   1.3195002e+00
   2.5579602e-01
   2.0501081e-02
   7.9388368e-01
   1.7879137e+00
   2.6331835e+00
   2.9860113e+00
   2.6284497e+00
   1.4759228e+00
   7.3705566e-01
   2.7479756e-01
   5.0656283e-01
   1.3394656e+00
   2.3003280e+00
   3.2966144e+00
   4.2514005e+00
   4.8707018e+00
   5.3151841e+00
   5.4966154e+00
   5.2330327e+00
   4.1826754e+00
   2.5978763e+00
   9.9617779e-01
   7.7932668e-01
   7.4757451e-01
   5.8578098e-01
   9.6724451e-01
   2.0719171e+00
   3.0780063e+00
   2.8354154e+00
   2.7149057e+00
   2.5448117e+00
   2.5438426e+00
   2.7006006e+00
   2.8751078e+00
   2.9594526e+00
   3.0369503e+00
   3.1466196e+00
   3.2035930e+00
   3.1974115e+00
   3.1966808e+00
   3.2415297e+00
   3.2926147e+00
   3.2461007e+00
   3.0070863e+00
   2.5668812e+00
   2.1441486e+00
   1.2850218e+00
   7.8202128e-01
  -2.4060006e-01
  -4.0680864e-01
   4.1077077e-01
   1.2439280e+00
   2.0524921e+00
   2.2946770e+00
   1.6406271e+00
   3.0036294e-01
   5.4267194e-02
  -5.7822466e-01
  -8.4827811e-01
   7.7822179e-02
   1.1244286e+00
   2.1497011e+00
   3.1195881e+00
   3.7724757e+00
   4.1050005e+00
   4.1862807e+00
   4.0101810e+00
   3.8093729e+00
   3.1249402e+00
   1.4805532e+00
   6.4692676e-01
   6.4369529e-01
   5.2446765e-01
   1.2196150e+00
   2.3845828e+00
   2.5147374e+00
   2.2143161e+00
   1.9520485e+00
   1.6926525e+00
   1.6129462e+00
   1.6566683e+00
   1.7765610e+00
   1.8797574e+00
   1.9824697e+00
   2.0453742e+00
   2.0265687e+00
   1.9862378e+00
   1.9947535e+00
   2.0043800e+00
   2.0003264e+00
   1.8939918e+00
   1.6695547e+00
   1.4082302e+00
   1.1318914e+00
   1.1556647e+00
   7.3427010e-01
  -1.1014462e-01
  -7.1799856e-01
  -2.4667810e-01
   5.2586204e-01
   1.2410927e+00
   1.2881056e+00
   5.0927150e-01
   1.7036222e-01
   4.9558285e-01
  -4.9940139e-01
  -1.8900026e+00
  -1.2358713e+00
  -1.9905028e-01
   9.6829826e-01
   1.8124584e+00
   2.3234549e+00
   2.5175643e+00
   2.4654164e+00
   2.3433681e+00
   2.6053491e+00
   1.6380580e+00
   1.8231077e+00
   8.4682279e-01
   6.6468505e-01
   4.9626681e-01
   1.3430343e+00
   1.8021248e+00
   1.6009266e+00
   1.2327624e+00
   8.4254514e-01
   5.6235811e-01
   4.5425623e-01
   4.6623355e-01
   5.7266489e-01
   7.1232776e-01
   8.0732601e-01
   7.9689215e-01
   7.2918509e-01
   7.0917551e-01
   7.1433304e-01
   6.5136437e-01
   5.2439961e-01
   3.3420213e-01
   1.3032267e-01
   3.0277913e-02
   1.4321157e-01
   1.1066868e+00
   7.7452950e-01
  -4.3735826e-01
  -9.6234536e-01
  -1.4009220e+00
  -3.0855294e-01
   2.7328883e-01
   1.0344291e-01
  -6.8513099e-01
   3.1958260e-01
   1.2843091e+00
  -4.1224819e-01
  -2.2907146e+00
  -2.3018695e+00
  -1.4474471e+00
  -1.7813234e-01
   3.5848581e-01
   6.0422543e-01
   6.4248578e-01
   5.0485006e-01
   4.0519785e-01
   7.5746577e-01
  -1.6202050e-01
   1.2004260e+00
   1.3159038e+00
   8.5582316e-01
   3.5338691e-01
   6.9025624e-01
   6.0732424e-01
   3.2307252e-01
  -4.6553843e-02
  -3.6671168e-01
  -5.8060557e-01
  -6.6706795e-01
  -6.5849298e-01
  -5.7959729e-01
  -4.5303303e-01
  -3.9956456e-01
  -4.1088599e-01
  -4.4649470e-01
  -4.7288269e-01
  -5.4995906e-01
  -7.1252632e-01
  -9.6987063e-01
  -1.2514696e+00
  -1.4605688e+00
  -1.4217279e+00
  -8.1320822e-01
   1.0585661e+00
   6.4748639e-01
  -1.0213443e+00
  -1.6232517e+00
  -2.9172201e+00
  -1.2134557e+00
  -8.3119911e-01
  -1.2534128e+00
  -2.0075529e+00
  -4.0195733e-01
   6.9059443e-01
  -7.2765118e-01
  -2.6003492e+00
  -2.4678283e+00
  -1.7621137e+00
  -1.3239546e+00
  -1.2897276e+00
  -1.2904809e+00
  -1.3756697e+00
  -1.5730554e+00
  -1.6386740e+00
  -1.1935929e+00
  -2.0592241e+00
  -8.2101667e-01
  -8.9773580e-02
   4.7971874e-02
  -4.6193439e-01
  -6.0174888e-01
  -8.6164600e-01
  -1.1013485e+00
  -1.3125744e+00
  -1.4694026e+00
  -1.5890046e+00
  -1.6699969e+00
  -1.7195212e+00
  -1.7089097e+00
  -1.6254897e+00
  -1.5436038e+00
  -1.4944100e+00
  -1.4699131e+00
  -1.5634130e+00
  -1.7689910e+00
  -2.0532436e+00
  -2.4460125e+00
  -2.8298802e+00
  -3.0602412e+00
  -2.8831034e+00
  -1.7605518e+00
   9.5160091e-01
   4.0754449e-01
  -5.0312841e-01
  -8.9503771e-01
  -3.0815179e+00
  -2.3097126e+00
  -2.1230073e+00
  -2.6341558e+00
  -2.1310577e+00
   7.7073824e-01
   1.2567102e+00
  -9.3203408e-01
  -3.3274682e+00
  -2.4681988e+00
  -1.5515126e+00
  -2.7379980e+00
  -3.1558890e+00
  -3.3257363e+00
  -3.4791543e+00
  -3.6666334e+00
  -3.6167881e+00
  -3.0826128e+00
  -3.4644592e+00
  -2.4128265e+00
  -1.6426945e+00
  -8.8675982e-01
  -1.4047735e+00
  -1.7259171e+00
  -1.9404829e+00
  -2.0600266e+00
  -2.0939803e+00
  -2.1416042e+00
  -2.2825773e+00
  -2.4384465e+00
  -2.5504320e+00
  -2.5595324e+00
  -2.4536674e+00
  -2.3068738e+00
  -2.1999850e+00
  -2.1732328e+00
  -2.3553550e+00
  -2.6811013e+00
  -3.1186323e+00
  -3.6258142e+00
  -4.0535345e+00
  -4.2473149e+00
  -3.9492607e+00
  -2.5571012e+00
   6.7879677e-01
   3.0919889e-01
   1.1533432e-01
  -9.9353522e-02
  -2.2847719e+00
  -3.0922868e+00
  -3.3032725e+00
  -3.5898366e+00
  -2.1690276e+00
   8.8109887e-01
   7.1130753e-01
  -6.0964626e-01
  -3.0157633e+00
  -2.8254633e+00
  -1.8013231e+00
  -3.9709146e+00
  -4.5909090e+00
  -4.7877836e+00
  -4.9362364e+00
  -5.0407434e+00
  -4.9108739e+00
  -4.3777623e+00
  -4.3877993e+00
  -3.4942679e+00
  -2.8255589e+00
  -2.2845042e+00
  -2.2487602e+00
  -2.4118173e+00
  -2.4941003e+00
  -2.4299800e+00
  -2.3883903e+00
  -2.4837277e+00
  -2.7637918e+00
  -3.0080540e+00
  -3.1314986e+00
  -3.1185675e+00
  -2.9633193e+00
  -2.7787080e+00
  -2.6755755e+00
  -2.7270105e+00
  -3.0321023e+00
  -3.5098467e+00
  -4.0636997e+00
  -4.5905933e+00
  -4.9580183e+00
  -5.0333772e+00
  -4.6481590e+00
  -3.3441722e+00
   6.1145610e-01
   7.4664265e-01
   6.6393429e-01
   8.2659408e-02
  -1.5366205e+00
  -3.3827453e+00
  -4.3520913e+00
  -4.1729922e+00
  -2.0232770e+00
   5.1450622e-01
   1.3219927e-01
  -3.8533369e-01
  -1.8078110e+00
  -2.2301400e+00
  -2.7078621e+00
  -5.0456610e+00
  -5.4738250e+00
  -5.6233044e+00
  -5.7372904e+00
  -5.7866879e+00
  -5.6567593e+00
  -5.1814766e+00
  -4.7534188e+00
  -3.9473519e+00
  -3.2773610e+00
  -2.7862329e+00
  -2.5617482e+00
  -2.5205452e+00
  -2.3911197e+00
  -2.1934669e+00
  -2.2451932e+00
  -2.5526549e+00
  -2.9712473e+00
  -3.2532977e+00
  -3.3887175e+00
  -3.3806854e+00
  -3.2347017e+00
  -3.0856732e+00
  -3.1000508e+00
  -3.3100599e+00
  -3.7478431e+00
  -4.3228621e+00
  -4.8810281e+00
  -5.3227781e+00
  -5.5633834e+00
  -5.5106609e+00
  -5.1364120e+00
  -3.1330391e+00
   4.4364995e-01
   6.5691374e-01
   3.4897359e-01
   6.4716108e-04
  -1.2076171e+00
  -3.6012083e+00
  -5.0822762e+00
  -4.3868036e+00
  -1.7720596e+00
   1.1982481e+00
  -6.0308844e-02
  -2.0360767e-01
  -1.2413381e+00
  -2.1780555e+00
  -4.1602101e+00
  -5.5080693e+00
  -5.7971223e+00
  -5.8779848e+00
  -5.9392355e+00
  -5.9885204e+00
  -5.8721140e+00
  -5.4551042e+00
  -4.5435925e+00
  -3.7414124e+00
  -3.0139585e+00
  -2.5259733e+00
  -2.2921126e+00
  -2.0872331e+00
  -1.8076376e+00
  -1.6708015e+00
  -1.9169786e+00
  -2.4399703e+00
  -2.9665956e+00
  -3.3028102e+00
  -3.4733520e+00
  -3.5111792e+00
  -3.4649467e+00
  -3.4744270e+00
  -3.6858246e+00
  -4.0733051e+00
  -4.5923238e+00
  -5.1353927e+00
  -5.5650759e+00
  -5.8231564e+00
  -5.8806977e+00
  -5.6847115e+00
  -4.8900146e+00
  -6.3894027e-01
   2.2117239e-01
   3.9537337e-01
   3.4963772e-01
  -1.1263685e-01
  -1.9736170e+00
  -4.1931438e+00
  -5.3360181e+00
  -4.3005118e+00
  -1.2635602e+00
   2.3548727e+00
   7.0393050e-01
  -2.9482898e-01
  -1.2609673e+00
  -2.9842126e+00
  -5.5587416e+00
  -5.5438318e+00
  -5.7054434e+00
  -5.6791897e+00
  -5.6706486e+00
  -5.7113810e+00
  -5.5680814e+00
  -5.1896205e+00
  -3.8030469e+00
  -2.9542816e+00
  -2.2116468e+00
  -1.8373010e+00
  -1.6926014e+00
  -1.4411917e+00
  -1.2135975e+00
  -1.3043921e+00
  -1.7438698e+00
  -2.3942416e+00
  -3.0025976e+00
  -3.4157841e+00
  -3.6391571e+00
  -3.7690625e+00
  -3.9044249e+00
  -4.1398191e+00
  -4.5126805e+00
  -4.9887304e+00
  -5.4699388e+00
  -5.8445368e+00
  -6.0445681e+00
  -6.0609899e+00
  -5.9038215e+00
  -5.3905678e+00
  -3.7787356e+00
   1.8992743e-01
   2.2305061e-01
   3.5083637e-01
   2.7234593e-01
  -2.1370436e-01
  -2.8426857e+00
  -4.5718951e+00
  -5.1861386e+00
  -3.9092522e+00
  -8.6255085e-01
   3.4381242e+00
   8.4036517e-01
  -7.0904893e-01
  -1.7017596e+00
  -3.2493057e+00
  -5.1202435e+00
  -5.2125154e+00
  -5.2565045e+00
  -5.1150351e+00
  -5.0255179e+00
  -4.9828687e+00
  -4.7610254e+00
  -4.4076753e+00
  -2.6697652e+00
  -1.8811578e+00
  -1.3201979e+00
  -1.2246509e+00
  -1.2504357e+00
  -1.1453792e+00
  -1.1187352e+00
  -1.4071285e+00
  -1.9362688e+00
  -2.5956533e+00
  -3.2301567e+00
  -3.7020478e+00
  -3.9992411e+00
  -4.2609200e+00
  -4.5527277e+00
  -4.9039516e+00
  -5.3125091e+00
  -5.7476859e+00
  -6.0986323e+00
  -6.2758989e+00
  -6.2494898e+00
  -5.9991050e+00
  -5.5451570e+00
  -4.5774932e+00
  -1.9861901e+00
   6.0302007e-01
   4.5803767e-01
   3.3825299e-01
   1.0824685e-01
  -3.1042251e-01
  -2.9938126e+00
  -4.3182254e+00
  -4.7107558e+00
  -3.3008821e+00
  -6.7585462e-01
   1.8842134e+00
  -8.5714713e-02
  -9.1204470e-01
  -1.7727412e+00
  -3.5444551e+00
  -4.5411448e+00
  -4.6057825e+00
  -4.4775734e+00
  -4.1952863e+00
  -4.0156093e+00
  -3.8303816e+00
  -3.5113339e+00
  -3.1823974e+00
  -1.4371253e+00
  -9.6887117e-01
  -8.5295962e-01
  -1.1837563e+00
  -1.4961559e+00
  -1.6443535e+00
  -1.7801809e+00
  -2.0993463e+00
  -2.5509836e+00
  -3.0813429e+00
  -3.6252849e+00
  -4.0849116e+00
  -4.4415691e+00
  -4.7740243e+00
  -5.0901297e+00
  -5.3991893e+00
  -5.7242440e+00
  -6.0320510e+00
  -6.2326812e+00
  -6.2558936e+00
  -6.0647601e+00
  -5.5945490e+00
  -4.8002613e+00
  -3.2879188e+00
  -5.7521686e-01
   1.5813259e+00
   1.4962988e+00
   3.3117725e-01
  -2.2400173e-01
  -4.7438353e-01
  -2.4375652e+00
  -3.3805945e+00
  -4.1492279e+00
  -2.7211992e+00
  -5.8186493e-01
   1.1542665e+00
  -4.5533713e-01
  -5.5720160e-01
  -1.3093590e+00
  -2.8555881e+00
  -3.6768307e+00
  -3.7550862e+00
  -3.4239282e+00
  -2.9170329e+00
  -2.7436814e+00
  -2.3798610e+00
  -1.9736348e+00
  -1.7206341e+00
  -5.9537623e-01
  -7.1079515e-01
  -1.0878934e+00
  -1.8596368e+00
  -2.4747674e+00
  -2.8455886e+00
  -3.0662250e+00
  -3.3055913e+00
  -3.5727858e+00
  -3.8628008e+00
  -4.1930030e+00
  -4.5180576e+00
  -4.7907651e+00
  -5.0432041e+00
  -5.2965849e+00
  -5.5136355e+00
  -5.6931542e+00
  -5.8221797e+00
  -5.8511389e+00
  -5.7242483e+00
  -5.3998855e+00
  -4.7881897e+00
  -3.7263391e+00
  -1.8642800e+00
   5.1372388e-01
   3.3783576e+00
   2.1283716e+00
   4.9004364e-02
  -9.5296138e-01
  -7.0643602e-01
  -1.8184587e+00
  -3.1122248e+00
  -3.4652874e+00
  -2.1304399e+00
  -2.3067728e-01
   9.4367498e-01
  -3.7629380e-01
  -3.3262976e-01
  -9.1680568e-01
  -1.9074272e+00
  -2.8028394e+00
  -2.7142276e+00
  -2.3169633e+00
  -1.4895955e+00
  -1.3673493e+00
  -8.5872584e-01
  -4.3083024e-01
  -4.0075421e-01
  -2.1083003e-01
  -1.0238103e+00
  -1.8301898e+00
  -2.9712028e+00
  -3.8380062e+00
  -4.3693736e+00
  -4.6681550e+00
  -4.8634265e+00
  -4.9861825e+00
  -5.0565069e+00
  -5.1403101e+00
  -5.2312339e+00
  -5.2933529e+00
  -5.3522957e+00
  -5.4562615e+00
  -5.5234087e+00
  -5.5296110e+00
  -5.4570626e+00
  -5.2502249e+00
  -4.9039882e+00
  -4.3982499e+00
  -3.5945577e+00
  -2.2966460e+00
  -2.0838831e-01
   2.5872552e+00
   4.5400517e+00
   1.2864348e+00
  -1.8286097e-01
  -1.5390175e+00
  -1.2248035e+00
  -2.1772789e+00
  -3.4171104e+00
  -2.5468363e+00
  -1.2338144e+00
   5.3045383e-01
   8.5636710e-01
  -3.7690645e-01
  -3.6929562e-01
  -1.1297260e+00
  -2.0173792e+00
  -2.0763348e+00
  -1.6450799e+00
  -9.7214955e-01
  -1.5136392e-01
  -1.1850633e-01
   5.0556579e-01
   9.3496835e-01
   6.0305516e-01
   1.1805564e-01
  -1.3363249e+00
  -2.6324418e+00
  -4.1209335e+00
  -5.2005286e+00
  -5.8548446e+00
  -6.2382317e+00
  -6.4577875e+00
  -6.5523248e+00
  -6.5312319e+00
  -6.4506383e+00
  -6.3364310e+00
  -6.1794815e+00
  -5.9948869e+00
  -5.8457875e+00
  -5.6847053e+00
  -5.4812050e+00
  -5.2272944e+00
  -4.8490691e+00
  -4.3153167e+00
  -3.5976720e+00
  -2.5355816e+00
  -9.4913810e-01
   1.2041192e+00
   3.2577176e+00
   1.9611866e+00
   4.0742162e-01
  -1.1368609e-01
  -1.2175033e+00
  -2.0074363e+00
  -3.4866161e+00
  -2.6583526e+00
  -1.0986483e+00
   2.2291221e-01
   1.1881564e+00
   7.0111763e-01
  -5.2589762e-01
  -1.2417889e+00
  -2.9837725e+00
  -3.3935642e+00
  -1.5852891e+00
  -4.7850326e-01
   1.0616446e-01
   2.0480974e-01
   4.2266518e-01
   1.4111620e+00
   1.9950976e+00
   1.3844371e+00
   5.2717900e-01
  -1.3525610e+00
  -2.9670638e+00
  -4.6957082e+00
  -5.8719733e+00
  -6.5495102e+00
  -6.9583455e+00
  -7.1987415e+00
  -7.3058802e+00
  -7.2809106e+00
  -7.1562806e+00
  -6.9658581e+00
  -6.6961824e+00
  -6.3401796e+00
  -5.9640901e+00
  -5.5808809e+00
  -5.1911644e+00
  -4.8250741e+00
  -4.3995332e+00
  -3.8443349e+00
  -3.0862530e+00
  -1.9713758e+00
  -3.0525758e-01
   1.7243613e+00
   3.1160425e+00
   1.2458006e+00
   7.7356568e-02
  -2.8837922e-01
  -9.9455589e-01
  -1.7807449e+00
  -2.6997749e+00
  -1.2760158e+00
   7.4549982e-01
   1.4594203e+00
   1.1728645e+00
   4.0194751e-01
  -3.6320593e-01
  -3.4635282e+00
  -7.4848948e+00
  -4.8322910e+00
  -1.2866126e+00
   3.5475360e-01
   6.6132883e-01
   2.5360832e-01
   4.9334508e-01
   1.9420736e+00
   2.6577472e+00
   2.0565901e+00
   1.5088132e+00
  -4.9061465e-01
  -2.7724272e+00
  -4.4255022e+00
  -5.5915592e+00
  -6.2099287e+00
  -6.6286895e+00
  -6.9221526e+00
  -7.0919467e+00
  -7.1324988e+00
  -7.0663205e+00
  -6.9226543e+00
  -6.6756970e+00
  -6.3160040e+00
  -5.8796494e+00
  -5.3834241e+00
  -4.8318972e+00
  -4.3204031e+00
  -3.8223274e+00
  -3.2532535e+00
  -2.5425598e+00
  -1.5949706e+00
  -2.0811679e-01
   1.2476020e+00
   1.9617856e+00
   9.0623648e-01
  -2.2585532e-01
  -7.6283094e-01
  -1.3587089e+00
  -1.6799233e+00
  -1.5721558e+00
   2.3287365e-01
   8.5228183e-01
   5.0259620e-01
   5.4229611e-01
  -3.8244124e-03
  -2.4038917e-01
  -3.8302498e+00
  -7.3986812e+00
  -5.4627665e+00
  -1.2848378e+00
   6.8999664e-01
   8.2345786e-01
   3.5143389e-01
   5.6946402e-01
   2.4232370e+00
   3.0565106e+00
   2.6355583e+00
   1.4988291e+00
   3.6378354e-03
  -1.8706119e+00
  -4.0506487e+00
  -5.1379938e+00
  -5.6864281e+00
  -6.0894408e+00
  -6.3815732e+00
  -6.5469790e+00
  -6.5819807e+00
  -6.5022726e+00
  -6.3400712e+00
  -6.0827131e+00
  -5.7309437e+00
  -5.2768307e+00
  -4.7264099e+00
  -4.0347052e+00
  -3.2734051e+00
  -2.5687490e+00
  -2.0058792e+00
  -1.5744852e+00
  -1.2068187e+00
  -6.3378859e-01
   3.4270309e-02
   1.5326025e-01
   3.7404686e-02
  -6.6791898e-01
  -1.5455989e+00
  -2.6138613e+00
  -1.8837451e+00
  -4.4632459e-01
   1.1881793e+00
   8.1953233e-01
  -8.5838221e-02
  -3.7551586e-02
  -2.0191935e-01
  -4.3479100e-02
  -3.5803063e+00
  -7.0862098e+00
  -5.8499532e+00
  -1.5396906e+00
   5.6999612e-01
   1.1112627e+00
   8.0375153e-01
  -3.6614031e-02
   2.2064991e+00
   3.1248705e+00
   3.0343089e+00
   1.1105917e+00
   8.7360106e-02
  -1.6376132e+00
  -4.3215957e+00
  -5.3899555e+00
  -6.0390759e+00
  -6.5118098e+00
  -6.8147106e+00
  -6.9442310e+00
  -6.9209185e+00
  -6.7712231e+00
  -6.5468106e+00
  -6.2449360e+00
  -5.8705492e+00
  -5.3845673e+00
  -4.7835755e+00
  -3.9974337e+00
  -3.0350485e+00
  -2.0194430e+00
  -1.1575154e+00
  -7.3455256e-01
  -9.6525222e-01
  -1.4730085e+00
  -1.4562490e+00
  -2.2061889e+00
  -1.3426828e+00
  -1.8195668e+00
  -3.4802673e+00
  -3.8704667e+00
  -1.8702039e+00
  -4.4370472e-02
   1.5545760e+00
   6.8709409e-01
  -4.6817729e-01
  -5.0952482e-01
  -4.0070295e-01
  -2.6799798e-01
  -3.2037461e+00
  -6.0062060e+00
  -4.5581050e+00
  -1.8343761e+00
  -4.4788674e-02
   1.6763877e+00
   1.2046815e+00
  -2.9701841e-01
   1.9982833e+00
   2.8705842e+00
   2.7999415e+00
   9.5068514e-01
   9.7782031e-02
  -2.0154390e+00
  -4.7735252e+00
  -5.9413414e+00
  -6.7392793e+00
  -7.3417521e+00
  -7.7343760e+00
  -7.9471021e+00
  -8.0114136e+00
  -7.9469390e+00
  -7.8089805e+00
  -7.5936232e+00
  -7.3026471e+00
  -6.8967161e+00
  -6.3301740e+00
  -5.5181160e+00
  -4.4586978e+00
  -3.2165880e+00
  -1.9477161e+00
  -9.5544809e-01
  -8.5343534e-01
  -2.0901492e+00
  -2.4498980e+00
  -3.5515845e+00
  -3.9752588e+00
  -4.4868155e+00
  -4.6772799e+00
  -3.7893994e+00
  -2.0099604e+00
  -2.2438101e-01
   1.7407889e+00
   4.8381323e-01
  -5.5913031e-01
  -7.6682997e-01
  -8.7053937e-01
  -1.0500677e+00
  -3.1979570e+00
  -3.9114599e+00
  -2.4506545e+00
  -2.1566117e+00
  -1.1736027e+00
   9.9680406e-01
   7.3100567e-01
  -2.5804365e-01
   1.5186832e+00
   2.4871948e+00
   2.9774511e+00
   4.4871673e-01
  -1.2826122e+00
  -4.6057499e+00
  -5.1579374e+00
  -6.1928729e+00
  -7.0468511e+00
  -7.7024069e+00
  -8.1458535e+00
  -8.4069915e+00
  -8.5241514e+00
  -8.5166955e+00
  -8.4214616e+00
  -8.2318158e+00
  -7.9441314e+00
  -7.5349703e+00
  -6.9742083e+00
  -6.2140540e+00
  -5.2296823e+00
  -4.0523474e+00
  -2.7657077e+00
  -1.3504284e+00
   2.4556284e-01
  -7.8407900e-01
  -2.8873448e+00
  -4.2374795e+00
  -4.5944469e+00
  -4.8349460e+00
  -4.6967071e+00
  -3.8171239e+00
  -2.4914586e+00
  -8.5677224e-01
   1.5137218e+00
   1.8280817e-01
  -5.1226327e-01
  -1.0275407e+00
  -1.5333211e+00
  -1.6223113e+00
  -2.7222118e+00
  -1.2556285e+00
  -1.3987568e+00
  -2.7902674e+00
  -2.4024447e+00
  -4.2421203e-01
   1.3736226e-01
  -1.8914723e-01
   1.0822372e+00
   2.0660423e+00
   1.4362855e+00
  -1.0855174e-01
  -3.3481639e+00
  -5.6822217e+00
  -5.1879333e+00
  -6.0475438e+00
  -6.8956338e+00
  -7.5572253e+00
  -8.0209341e+00
  -8.3130436e+00
  -8.4724950e+00
  -8.5163965e+00
  -8.4661722e+00
  -8.3102388e+00
  -8.0361500e+00
  -7.6183434e+00
  -7.0356675e+00
  -6.2665794e+00
  -5.3021806e+00
  -4.1434235e+00
  -2.8063079e+00
  -1.1422068e+00
   1.0712502e+00
   1.1642365e-01
  -3.0150312e+00
  -4.6006021e+00
  -4.8072790e+00
  -4.8987836e+00
  -4.7366113e+00
  -4.1124749e+00
  -3.2093597e+00
  -1.8864281e+00
   5.0554109e-01
  -2.6663422e-01
  -9.9598604e-01
  -1.1078256e+00
  -2.0100570e+00
  -1.9521012e+00
  -1.5989838e+00
  -1.7132040e-01
  -1.4563308e+00
  -3.6894417e+00
  -3.2387126e+00
  -1.6234000e+00
   6.2817328e-03
   1.1579540e-01
   8.8611312e-01
   1.5600694e+00
   9.9989831e-01
  -8.0900997e-01
  -4.3428364e+00
  -5.1897764e+00
  -4.8393059e+00
  -5.5209217e+00
  -6.3372641e+00
  -7.0233102e+00
  -7.5143332e+00
  -7.8267188e+00
  -8.0139208e+00
  -8.1053953e+00
  -8.1154652e+00
  -8.0279408e+00
  -7.8324547e+00
  -7.5130963e+00
  -7.0306940e+00
  -6.3273101e+00
  -5.3693347e+00
  -4.1501393e+00
  -2.6301210e+00
  -6.1675513e-01
   1.1123853e+00
   1.3043171e-01
  -3.1910214e+00
  -4.8245559e+00
  -4.8507175e+00
  -4.8838005e+00
  -4.7845626e+00
  -4.4350657e+00
  -3.8957632e+00
  -2.9877200e+00
  -9.4820666e-01
  -6.8598127e-01
  -2.0698760e+00
  -1.3417853e+00
  -2.2980464e+00
  -3.1652911e+00
  -2.1338174e+00
  -1.1966950e+00
  -2.7720797e+00
  -4.6117363e+00
  -3.8124719e+00
  -1.7715477e+00
   6.2275952e-01
   1.5709970e+00
   8.8482022e-01
   9.1845757e-01
   8.1406754e-01
  -1.5638058e+00
  -3.2073987e+00
  -4.1071248e+00
  -4.0417800e+00
  -4.5478311e+00
  -5.3331871e+00
  -6.1208844e+00
  -6.7204037e+00
  -7.0915451e+00
  -7.3029904e+00
  -7.4133434e+00
  -7.4532871e+00
  -7.4158349e+00
  -7.2812967e+00
  -7.0437102e+00
  -6.6894994e+00
  -6.1477642e+00
  -5.2840524e+00
  -4.0052433e+00
  -2.3029792e+00
  -5.8327258e-02
   8.3265543e-01
  -4.5022577e-01
  -3.6487844e+00
  -4.7988815e+00
  -4.7254128e+00
  -4.7580972e+00
  -4.7394142e+00
  -4.6254239e+00
  -4.4244280e+00
  -3.9290421e+00
  -2.5225859e+00
  -6.8068749e-01
  -2.2039876e+00
  -1.8210586e+00
  -3.0250597e+00
  -5.3002949e+00
  -4.9748406e+00
  -6.2238765e+00
  -6.1289692e+00
  -5.3534412e+00
  -4.2905850e+00
  -1.6586990e+00
   1.4437732e+00
   2.2530670e+00
   8.6543155e-01
   6.1184627e-01
   2.4357982e-01
  -1.6891052e+00
  -2.0171144e+00
  -2.9735287e+00
  -2.9325491e+00
  -3.2755488e+00
  -3.9752660e+00
  -4.8774089e+00
  -5.6972516e+00
  -6.2591808e+00
  -6.5894577e+00
  -6.7490365e+00
  -6.8038084e+00
  -6.7835967e+00
  -6.6784703e+00
  -6.4966132e+00
  -6.2274320e+00
  -5.8061373e+00
  -5.0327238e+00
  -3.6904006e+00
  -1.7323289e+00
   5.8635889e-01
   9.8086870e-01
  -1.3576130e+00
  -3.7323356e+00
  -4.3518624e+00
  -4.2400975e+00
  -4.4094128e+00
  -4.5363712e+00
  -4.6005911e+00
  -4.6577834e+00
  -4.4913706e+00
  -3.7925451e+00
  -9.5322395e-01
  -1.9126929e+00
  -3.8793564e+00
  -4.5176691e+00
  -6.3705084e+00
  -7.2362238e+00
  -9.4211357e+00
  -8.0496426e+00
  -5.4406899e+00
  -4.5750613e+00
  -1.7593758e+00
   2.0248437e+00
   2.6777527e+00
   1.0944171e+00
   2.9377225e-01
  -3.8128520e-02
  -3.2666036e-01
  -7.7450228e-01
  -1.7157050e+00
  -1.8752520e+00
  -2.0500290e+00
  -2.5749497e+00
  -3.4724321e+00
  -4.4859543e+00
  -5.3109760e+00
  -5.8631759e+00
  -6.1681442e+00
  -6.2859669e+00
  -6.2527013e+00
  -6.0847139e+00
  -5.8635654e+00
  -5.6035209e+00
  -5.2709579e+00
  -4.6365104e+00
  -3.2927506e+00
  -1.0231874e+00
   1.0412887e+00
   9.4761306e-01
  -2.0139935e+00
  -3.3996110e+00
  -3.2603879e+00
  -3.1520884e+00
  -3.6191344e+00
  -3.9911468e+00
  -4.2656279e+00
  -4.5439663e+00
  -4.6557760e+00
  -4.3591943e+00
  -1.7641441e+00
  -1.7069196e+00
  -5.6219835e+00
  -5.4476385e+00
  -6.4918060e+00
  -7.1418409e+00
  -8.0995588e+00
  -6.5756583e+00
  -4.8259525e+00
  -4.3948140e+00
  -1.9088445e+00
   2.1262653e+00
   2.7770696e+00
   1.5136600e+00
   9.4861305e-01
   4.3099785e-01
   6.9729584e-01
  -5.4204971e-01
  -7.2718692e-01
  -9.8591822e-01
  -9.8734707e-01
  -1.3699316e+00
  -2.1435959e+00
  -3.1649065e+00
  -4.1588106e+00
  -4.8964410e+00
  -5.3433685e+00
  -5.5450873e+00
  -5.5167661e+00
  -5.3009300e+00
  -5.0300331e+00
  -4.7672172e+00
  -4.4873652e+00
  -3.9878838e+00
  -2.7270689e+00
  -1.9513676e-01
   1.1966652e+00
   8.5633278e-01
  -2.0905538e+00
  -2.5517697e+00
  -1.5593305e+00
  -1.5070797e+00
  -2.2844839e+00
  -2.9423568e+00
  -3.4855111e+00
  -4.0285492e+00
  -4.3412499e+00
  -4.1870012e+00
  -3.0965257e+00
  -1.2270753e+00
  -3.4395671e+00
  -5.8446321e+00
  -5.7094269e+00
  -6.0303726e+00
  -6.2439761e+00
  -4.7576790e+00
  -3.4913988e+00
  -3.4552684e+00
  -1.6441538e+00
   1.3530464e+00
   1.8065403e+00
   1.5603387e+00
   1.2697656e+00
   9.6265244e-01
   4.9478287e-01
  -3.3535960e-01
  -3.6246508e-01
  -1.2953040e-01
   1.0697055e-01
  -2.2153899e-01
  -9.0883809e-01
  -1.8371468e+00
  -2.8518364e+00
  -3.6712542e+00
  -4.1957583e+00
  -4.4365940e+00
  -4.4117746e+00
  -4.1685743e+00
  -3.8641264e+00
  -3.6209509e+00
  -3.4259896e+00
  -3.0898581e+00
  -1.9804215e+00
   5.9657961e-01
   1.2433962e+00
   4.1073173e-01
  -1.7824535e+00
  -1.1826844e+00
   2.3146664e-01
   1.4560452e-01
  -7.1020120e-01
  -1.4859219e+00
  -2.2489078e+00
  -3.0673885e+00
  -3.6763124e+00
  -3.7829933e+00
  -3.5915668e+00
  -1.6050575e+00
  -2.9445322e+00
  -4.8671780e+00
  -4.5855670e+00
  -4.5826626e+00
  -4.2573791e+00
  -2.8456304e+00
  -1.5865777e+00
  -1.6027451e+00
  -2.1311301e-01
   4.0483165e-01
   6.3767827e-01
   6.1101836e-01
   1.5632394e-01
   1.3053758e+00
  -1.7472205e-01
  -2.5939107e-02
  -1.7966612e-01
   5.2413154e-01
   1.0287198e+00
   9.0257639e-01
   2.8279915e-01
  -5.1730037e-01
  -1.3853087e+00
  -2.1405749e+00
  -2.6649766e+00
  -2.8903649e+00
  -2.8467817e+00
  -2.6168723e+00
  -2.3385174e+00
  -2.1233304e+00
  -2.0257916e+00
  -1.8972168e+00
  -1.0470394e+00
   1.1988691e+00
   8.9403212e-01
  -1.7011672e-01
  -1.8445686e+00
  -1.4994220e-01
   6.3689429e-01
   8.6513066e-01
   9.4932866e-01
   2.7068466e-01
  -5.9038293e-01
  -1.6616631e+00
  -2.5579383e+00
  -3.0268161e+00
  -3.8727915e+00
  -5.7281809e+00
  -4.1857805e+00
  -3.1089897e+00
  -3.1309857e+00
  -2.7583008e+00
  -2.2131770e+00
  -1.1213689e+00
  -1.6252263e-01
  -6.2094331e-01
   1.4165034e+00
   2.3949614e+00
   2.1880071e+00
   5.9019989e-01
   2.6008320e-01
   9.1201997e-01
  -5.7716117e-01
  -4.3187493e-01
   7.0149515e-02
   1.0806745e+00
   1.6355904e+00
   1.5938723e+00
   1.0746971e+00
   4.5740625e-01
  -1.3051743e-01
  -6.6740553e-01
  -1.0472817e+00
  -1.1888946e+00
  -1.1087440e+00
  -9.3585723e-01
  -7.4472509e-01
  -5.9503571e-01
  -5.7502589e-01
  -6.3405941e-01
  -2.0468507e-01
   1.2418541e+00
   6.7590610e-01
  -1.0473354e+00
  -1.6635231e+00
   1.2330964e-01
   5.5700043e-01
   6.3375238e-01
   1.7916137e+00
   1.8420885e+00
   9.6659136e-01
  -2.7414967e-01
  -1.3520327e+00
  -2.0154930e+00
  -1.7981737e+00
  -2.2138604e+00
  -2.5081638e+00
  -1.3722988e+00
  -1.5417247e+00
  -1.0081312e+00
  -6.0445062e-01
  -3.6511170e-01
   1.3481630e-01
  -1.8136119e-01
   1.5464136e+00
   1.5858985e+00
   1.0138652e+00
   8.1161617e-01
   8.7672030e-01
   2.3823886e-01
  -5.7392669e-01
  -6.6916776e-01
   2.7960382e-02
   1.0234250e+00
   1.4598460e+00
   1.5479414e+00
   1.3119162e+00
   1.0683769e+00
   8.4926945e-01
   6.6352594e-01
   5.8409345e-01
   6.0921949e-01
   7.2712600e-01
   8.6745781e-01
   9.9274957e-01
   1.0511535e+00
   9.5478839e-01
   7.0662910e-01
   6.1961699e-01
   8.2007462e-01
   9.2035848e-01
  -7.1560431e-01
  -4.6866241e-01
   3.6483774e-01
   6.6988927e-01
   6.8081182e-01
   1.4608198e+00
   2.4829817e+00
   2.0809977e+00
   9.3384546e-01
  -1.1279605e-01
  -1.1275033e+00
  -1.2007879e+00
  -3.4446117e-01
   1.4663814e-01
   5.3422731e-01
   3.2024123e-02
   3.1472098e-02
  -3.3606648e-01
  -5.3193587e-01
  -2.2606963e-01
   2.6066181e-01
   5.1978916e-01
  -5.9849881e-03
   9.9752717e-02
   3.8960797e-01
   7.2636110e-01
   6.8311357e-01
  -6.3972667e-02
  -2.7447274e-01
   1.1917055e-01
   4.4734851e-01
   6.2235659e-01
   9.2788035e-01
   9.8568010e-01
   1.2205125e+00
   1.4876001e+00
   1.7372463e+00
   1.9893295e+00
   2.2088778e+00
   2.3727636e+00
   2.5160787e+00
   2.6427488e+00
   2.6553409e+00
   2.4426346e+00
   2.0062692e+00
   1.4619147e+00
   6.5228927e-01
   1.1455491e+00
   3.1906787e-01
   3.0980181e-02
   2.9284167e-01
   5.7671320e-01
   8.2451731e-01
   8.6478841e-01
   1.4689149e+00
   1.9845295e+00
   1.7158947e+00
   1.0165690e+00
   1.8882170e-02
  -4.1386390e-01
   1.2790851e-01
   3.6117050e-01
   8.4944344e-01
   6.5743655e-01
   4.5176020e-01
   1.5616989e-01
   1.9544119e-01
   7.5863761e-01
   1.4513425e+00
   1.0028181e+00
   3.3459169e-01
   4.7393289e-01
   9.5373845e-01
   8.5313636e-01
   9.6042472e-01
   5.2097964e-01
  -5.5115670e-02
   9.5015623e-02
   7.3891544e-01
   4.4923514e-01
  -3.0096519e-01
   1.7217103e-01
   9.2012596e-01
   1.7404594e+00
   2.4539783e+00
   3.0001991e+00
   3.3795538e+00
   3.6366918e+00
   3.8383877e+00
   3.9884076e+00
   3.9690001e+00
   3.6762774e+00
   3.1095495e+00
   2.3050315e+00
   7.4907470e-01
   1.2527523e+00
   5.1173174e-01
  -1.0141249e-01
   1.1687037e-01
   4.6582752e-01
   7.7753687e-01
   1.0906936e+00
   7.6184326e-01
   8.0279255e-01
   1.8307000e+00
   1.7804457e+00
   1.2425749e+00
   1.0945077e+00
   4.1842023e-01
   3.6282575e-01
   3.9999273e-01
   1.0442182e+00
   1.0481887e+00
   1.2353927e+00
   1.8585640e+00
   2.4833508e+00
   2.9079170e+00
   1.8990188e+00
   4.1801178e-01
   1.3087456e+00
   3.3535495e-01
   4.2406827e-01
   1.1872462e+00
   4.7507032e-01
   2.4120068e-01
   5.8293451e-01
   9.1863923e-01
   1.4954737e+00
  -1.1979673e+00
  -8.5917930e-01
   3.0408788e-01
   1.5364559e+00
   2.6559234e+00
   3.5150635e+00
   4.1047526e+00
   4.5308271e+00
   4.8517514e+00
   4.9842659e+00
   4.8822433e+00
   4.5105553e+00
   3.8640635e+00
   3.0471689e+00
   1.5189297e+00
   1.3239336e+00
   5.5508280e-01
  -5.1045811e-01
  -1.3390136e-01
   2.8623742e-01
   5.3945125e-01
   7.7585313e-01
   9.9196613e-01
   1.0367376e+00
   1.4990298e+00
   2.1508846e+00
   2.1009569e+00
   1.3193924e+00
   5.7321555e-01
   7.0653194e-02
   4.8443672e-01
   1.6649659e+00
   2.7693947e+00
   2.9334272e+00
   3.2444009e+00
   3.6551530e+00
   3.6066031e+00
   3.1149327e+00
   1.0423940e+00
   5.8667154e-01
   3.5251333e-01
   3.8595663e-01
   6.8693187e-01
  -9.4748132e-02
   5.5850249e-02
   1.1261950e+00
   6.0272527e-01
   1.9161037e+00
   2.0546724e-01
  -7.6166660e-01
   2.6047498e-01
   1.5846735e+00
   2.7150118e+00
   3.5892527e+00
   4.2668834e+00
   4.6953211e+00
   4.9531040e+00
   5.0649333e+00
   4.8919783e+00
   4.4334102e+00
   3.8637536e+00
   2.9904237e+00
   2.4229258e-01
   1.4872619e+00
   2.2453636e-02
  -8.3667636e-01
  -3.2561192e-01
   6.1256893e-02
   3.6112729e-01
   4.6690440e-01
   3.7774104e-01
   5.7668579e-01
   1.3688110e+00
   2.2231834e+00
   1.9164388e+00
   7.3911345e-01
   3.9544594e-01
   7.2467607e-01
   1.2291274e+00
   1.2166531e+00
   1.7725313e+00
   2.2505093e+00
   2.4526181e+00
   2.5584960e+00
   2.1226430e+00
   1.1384875e+00
   1.5353599e-01
   6.8296182e-01
   1.8534739e-01
   5.0874984e-01
   8.1170596e-02
   4.5053002e-01
   6.3620985e-01
   5.4721165e-01
   2.3185158e-01
   9.9725753e-01
   1.4746145e+00
   4.8156384e-01
   1.4227848e+00
   2.4450378e+00
   3.1537592e+00
   3.6037645e+00
   3.8337679e+00
   3.8972936e+00
   3.9398806e+00
   3.8619983e+00
   3.5322161e+00
   3.1244359e+00
   2.4501066e+00
   1.2439874e+00
  -8.4634107e-01
   2.0437906e+00
  -8.1416130e-01
  -7.8431147e-01
  -3.5907537e-01
   4.5344509e-02
   3.3862036e-01
   2.9232624e-01
   3.3219704e-01
   8.5148191e-01
   2.1875858e-01
   8.3867246e-01
   1.0748731e+00
   6.8910283e-01
   7.4820155e-01
   7.0437938e-01
   7.6706219e-01
   7.8328335e-01
   6.5653026e-01
   7.4018049e-01
   8.2037073e-01
   4.4529259e-01
   2.4548663e-01
   5.4538950e-02
   2.6550972e-01
   1.9651003e-01
   1.3144386e-01
   2.1918339e-01
   6.0774332e-01
   3.4843460e-01
   1.6113919e-01
   3.9842427e-01
   8.8797815e-02
   6.7117542e-01
   2.1675045e+00
   1.7672385e+00
   9.3508232e-01
   1.3691641e+00
   1.8735962e+00
   2.3053596e+00
   2.1832676e+00
   2.0023379e+00
   1.1393226e+00
   7.3039311e-01
   5.5201602e-01
   4.0414113e-01
  -1.0545584e-01
  -1.9289484e+00
   5.1320851e-01
   1.0250539e+00
  -9.2763937e-01
  -6.6854519e-01
  -1.1526954e-01
   2.2784057e-01
   4.1955662e-01
   1.8527943e-01
  -7.5129062e-02
   4.5744926e-01
  -6.8522590e-01
   3.2614481e-02
  -4.5349300e-01
   1.2771118e-02
  -2.7872127e-01
  -1.2013493e-01
   2.9127064e-01
   3.6154452e-01
   1.4688030e-01
   2.2068921e-01
   3.0787593e-01
  -6.6854581e-03
   1.6938734e-01
  -8.8059314e-02
  -7.6637030e-02
   1.7487749e-01
   2.4206845e-01
   5.7638168e-01
   3.3184272e-01
   4.0995592e-01
   2.5365579e-01
   5.2579951e-02
   4.9365669e-02
   4.2222798e-01
   5.9081477e-01
   4.6415132e-01
  -6.0035255e-02
   4.6846280e-01
   1.2336792e-01
  -1.5967700e-01
  -1.3646261e-01
  -1.0724195e+00
  -2.2492220e+00
  -1.1372894e+00
  -9.1001403e-01
  -1.4229059e+00
  -2.2822216e+00
  -8.0636859e-01
   2.7681541e+00
   1.0482214e-01
  -7.2293276e-01
  -3.1712094e-01
   2.0910764e-01
   5.1281190e-01
   5.9911132e-01
  -2.3481791e-01
  -4.6580750e-02
   3.5865870e-01
  -4.8718953e-01
  -8.4793216e-01
  -1.3515544e-01
   8.8930380e-01
  -4.7138053e-01
  -1.8018366e-01
   5.5847492e-02
   3.0633426e-01
   4.6333796e-01
   2.5614023e-01
  -7.3182322e-02
  -2.4977893e-01
  -5.4910239e-02
  -4.0506876e-01
  -1.8176940e-01
   5.6918198e-03
  -3.7923822e-01
   5.7363108e-02
  -5.6440711e-01
   6.4581656e-01
   5.8463275e-01
  -3.0107668e-01
  -8.7121993e-01
  -4.0298155e-01
   3.6700323e-01
   3.5254571e-01
  -1.7383364e-01
   5.1253431e-02
   2.0465678e-01
  -3.3168715e-01
  -1.0191327e+00
  -1.2414596e+00
  -1.6258320e-01
   5.0252211e-01
  -6.4837462e-01
  -1.0670605e+00
   9.2978722e-01
   1.3835763e+00
  -1.0178125e-01
  -7.4267864e-01
  -1.9219847e-01
   4.9390081e-01
   5.3892541e-01
   2.0365933e-01
  -2.4331649e-01
  -2.8484759e-01
   3.8668132e-01
   3.3840355e-02
  -1.0543137e+00
  -1.1028535e+00
   1.2085630e-01
   1.0620419e+00
   1.7592032e-01
  -5.2746558e-01
  -1.4883055e-01
   1.1863675e-01
   1.9424960e-01
   4.7113158e-02
  -1.9828093e-01
  -1.2719299e-01
   6.1908994e-02
   2.4875177e-02
  -1.1290237e-01
  -3.8968197e-01
  -5.3445303e-01
  -5.7653856e-01
  -3.5485435e-01
   6.9880985e-02
  -4.7279112e-03
  -3.2775986e-01
  -4.0751308e-01
  -3.7113845e-01
  -5.2503490e-01
  -6.4017582e-01
  -4.8102456e-01
  -4.2685944e-01
  -7.1690208e-01
  -9.6601474e-01
  -9.4943887e-01
  -9.4159031e-01
  -1.1178814e+00
  -1.2203324e+00
  -1.1743485e+00
  -1.3558490e+00
  -1.5322673e+00
  -1.3106458e+00
  -8.1232333e-01
  -3.1751928e-01
  -8.5778713e-02
  -1.0043731e-01
  -2.5365904e-01
  -5.7335794e-01
  -1.2692739e+00
  -5.6657028e-01
  -1.9571507e-01
  -1.3533813e-01
  -2.3795056e-01
  -4.9247276e-02
   4.4190413e-01
   4.4948643e-01
   2.2808656e-02
  -1.9336221e-01
  -8.1672587e-02
  -1.2921029e-01
  -3.2925099e-01
  -3.6201867e-01
  -1.2683149e-01
  -1.0048707e-01
  -3.4743583e-01
  -6.1644715e-01
  -7.6434422e-01
  -6.4750242e-01
  -5.1143771e-01
  -5.1135933e-01
  -3.4742230e-01
