   0.0000000e+00
   0.0000000e+00
   0.0000000e+00
   0.0000000e+00
   0.0000000e+00
   0.0000000e+00
   0.0000000e+00
   0.0000000e+00
   1.7596709e-02
   7.1690371e-03
   5.7167827e-03
   3.4229832e-03
  -2.6526286e-03
  -7.2162488e-03
  -0.0000000e+00
  -0.0000000e+00
  -0.0000000e+00
  -0.0000000e+00
  -0.0000000e+00
  -0.0000000e+00
   0.0000000e+00
  -0.0000000e+00
  -0.0000000e+00
   0.0000000e+00
   0.0000000e+00
   0.0000000e+00
   0.0000000e+00
   6.4040774e-03
   3.9294335e-03
   6.5401224e-03
   1.1417582e-02
  -0.0000000e+00
  -0.0000000e+00
   0.0000000e+00
   0.0000000e+00
   0.0000000e+00
   0.0000000e+00
   0.0000000e+00
   0.0000000e+00
   0.0000000e+00
   0.0000000e+00
   0.0000000e+00
   0.0000000e+00
   0.0000000e+00
   0.0000000e+00
   0.0000000e+00
   0.0000000e+00
   0.0000000e+00
   0.0000000e+00
   0.0000000e+00
   0.0000000e+00
   0.0000000e+00
   0.0000000e+00
  -0.0000000e+00
  -0.0000000e+00
  -1.3334806e-02
  -7.3952843e-03
   4.6472394e-04
   3.1553761e-03
   4.4640009e-03
   6.8684104e-03
   4.8263711e-03
   2.1468059e-03
  -3.0681763e-03
  -8.5338028e-03
  -1.1667104e-02
  -1.7114393e-02
  -1.6358895e-02
  -1.5232677e-02
  -1.5795452e-02
  -1.4169281e-02
  -2.4428892e-02
  -0.0000000e+00
  -1.4875215e-02
   5.4600364e-03
   4.9096402e-03
   1.5118426e-02
   1.8549057e-02
   1.6671810e-02
   1.5529163e-02
   8.6481957e-03
   8.1048956e-03
  -1.6345176e-03
  -1.0308049e-02
   8.1478721e-03
   0.0000000e+00
   0.0000000e+00
  -0.0000000e+00
   0.0000000e+00
   0.0000000e+00
   0.0000000e+00
   0.0000000e+00
   0.0000000e+00
   0.0000000e+00
   0.0000000e+00
   0.0000000e+00
  -3.1084660e-04
   1.0937951e-02
   1.5568934e-02
   7.9990500e-03
   1.3869843e-03
  -0.0000000e+00
  -9.7079775e-04
  -4.0029665e-03
  -1.2992145e-03
   3.0694937e-04
   2.1826269e-03
   6.7212596e-03
   1.3162708e-02
   2.0287363e-02
   2.4114436e-02
   2.4930719e-02
   2.3763267e-02
   2.2645105e-02
   2.2384485e-02
   2.3543501e-02
   2.4034409e-02
   2.4029169e-02
   2.0794246e-02
   1.9505616e-02
   1.7627891e-02
   3.6723755e-02
   4.0176471e-02
   3.4458369e-02
   2.8428467e-02
   2.5789412e-02
   2.2735247e-02
   2.2791807e-02
   2.2891648e-02
   2.5887195e-02
   2.7194928e-02
   2.8920740e-02
   3.0363498e-02
   3.2475963e-02
   2.9679457e-02
   3.6043987e-02
   4.3095787e-02
   2.6501627e-02
   4.6020787e-03
  -1.9624904e-03
  -1.5763610e-02
  -3.0531379e-02
  -4.0370434e-02
  -2.6867370e-02
   2.0657915e-02
   2.3429218e-02
   2.5983730e-02
   2.1097925e-02
   2.2420422e-02
   0.0000000e+00
   1.3554310e-02
   1.0242128e-02
   1.4839733e-02
   1.9227512e-02
   1.3092814e-02
   2.2330913e-02
   2.9692749e-02
   4.0197708e-02
   4.9354576e-02
   5.3102762e-02
   5.3935092e-02
   5.4691672e-02
   5.6346510e-02
   6.0446605e-02
   6.2399406e-02
   6.2272582e-02
   5.8795843e-02
   5.2450482e-02
   5.1989246e-02
   6.1242949e-02
   0.0000000e+00
   2.5500428e-02
   2.3758465e-02
   2.4093771e-02
   2.4627022e-02
   2.6533594e-02
   3.0697921e-02
   3.6239564e-02
   4.3306705e-02
   5.0394788e-02
   5.6396466e-02
   6.2604018e-02
   6.7921408e-02
   7.2796434e-02
   7.6130338e-02
   7.6067448e-02
   6.7089841e-02
   5.4549739e-02
   3.8803380e-02
   2.3770237e-02
   1.9085959e-02
   1.2583331e-02
   0.0000000e+00
   0.0000000e+00
   0.0000000e+00
   0.0000000e+00
   0.0000000e+00
   0.0000000e+00
   0.0000000e+00
   1.8953502e-02
   2.8457945e-02
   3.8908925e-02
   3.8728131e-02
   0.0000000e+00
   4.6228037e-02
   5.6772467e-02
   6.6108227e-02
   7.0927300e-02
   7.4100271e-02
   7.6604120e-02
   7.9608805e-02
   8.4107891e-02
   8.5970446e-02
   8.4788941e-02
   8.0422036e-02
   6.8267204e-02
   5.0922386e-02
   3.5064900e-02
   0.0000000e+00
   0.0000000e+00
   1.6978089e-02
   2.1764057e-02
   2.6847307e-02
   3.2343138e-02
   3.9347094e-02
   4.6430476e-02
   5.3812150e-02
   6.0557619e-02
   6.5534763e-02
   7.0445552e-02
   7.6651663e-02
   8.4572114e-02
   9.3883254e-02
   1.0223563e-01
   1.0383090e-01
   9.9536389e-02
   9.1434553e-02
   8.1736103e-02
   7.7803917e-02
   7.2826001e-02
   0.0000000e+00
   0.0000000e+00
   0.0000000e+00
   0.0000000e+00
   0.0000000e+00
   0.0000000e+00
   0.0000000e+00
   2.6111872e-02
   3.9714688e-02
   5.0731732e-02
   5.3541976e-02
   5.5813489e-02
   6.6328782e-02
   7.1400077e-02
   7.5629981e-02
   7.9945268e-02
   8.3238925e-02
   8.7004895e-02
   9.0455468e-02
   9.3035992e-02
   9.3776193e-02
   9.2449982e-02
   8.6470145e-02
   7.2240317e-02
   4.7667841e-02
   2.5438977e-02
   0.0000000e+00
   0.0000000e+00
   7.9022069e-03
   1.6833624e-02
   2.6974622e-02
   3.7893136e-02
   4.6767002e-02
   5.4599284e-02
   5.8179195e-02
   5.8174584e-02
   5.7725232e-02
   5.8894336e-02
   6.2681370e-02
   7.3177510e-02
   8.8671874e-02
   1.0443116e-01
   1.1603308e-01
   1.2093420e-01
   1.1795794e-01
   1.0930401e-01
   9.9952315e-02
   8.8517658e-02
   0.0000000e+00
   0.0000000e+00
   0.0000000e+00
   0.0000000e+00
   0.0000000e+00
   0.0000000e+00
   0.0000000e+00
   3.5879463e-02
   4.7061402e-02
   5.3598728e-02
   5.9199005e-02
   6.5535580e-02
   7.4951501e-02
   7.8185827e-02
   8.0187641e-02
   8.1971303e-02
   8.4023595e-02
   8.7278508e-02
   8.8859782e-02
   8.9005664e-02
   8.8580921e-02
   8.7344907e-02
   8.1729919e-02
   6.8259209e-02
   4.4074263e-02
   2.6322312e-02
   0.0000000e+00
  -0.0000000e+00
   3.5497509e-03
   1.3475807e-02
   2.6219299e-02
   4.1009840e-02
   5.1491745e-02
   5.6491677e-02
   5.2908275e-02
   4.4516705e-02
   3.7017938e-02
   3.6676537e-02
   3.9769229e-02
   5.1445752e-02
   7.1024217e-02
   9.3213819e-02
   1.0943338e-01
   1.1964210e-01
   1.2302901e-01
   1.1565142e-01
   1.0125297e-01
   8.9407230e-02
   0.0000000e+00
   0.0000000e+00
   0.0000000e+00
   0.0000000e+00
   0.0000000e+00
   0.0000000e+00
   4.3634631e-02
   4.9344681e-02
   5.4640479e-02
   5.6017987e-02
   5.8201309e-02
   6.1870094e-02
   6.8220720e-02
   7.2068788e-02
   7.3538832e-02
   7.3930390e-02
   7.4210830e-02
   7.4627876e-02
   7.4104883e-02
   7.3000669e-02
   7.2782010e-02
   7.1779706e-02
   6.7127235e-02
   5.5992827e-02
   3.6690179e-02
   2.3175384e-02
   0.0000000e+00
  -0.0000000e+00
   1.7691417e-03
   1.0035522e-02
   2.3426175e-02
   3.8466189e-02
   4.9023271e-02
   4.9143527e-02
   3.4538839e-02
   2.2290827e-02
   1.4807202e-02
   1.1228559e-02
   1.7924381e-02
   3.1574693e-02
   4.7896944e-02
   6.9248892e-02
   8.6740203e-02
   9.7523876e-02
   1.0453974e-01
   1.0124736e-01
   8.8709228e-02
   8.1114638e-02
   5.2510057e-02
   0.0000000e+00
   0.0000000e+00
   0.0000000e+00
   0.0000000e+00
   0.0000000e+00
   4.9615777e-02
   5.1200483e-02
   5.2061729e-02
   5.0371397e-02
   4.8623536e-02
   4.9581349e-02
   5.3278543e-02
   5.6545187e-02
   5.7864815e-02
   5.8282863e-02
   5.8084261e-02
   5.6541044e-02
   5.4832820e-02
   5.3844403e-02
   5.3753994e-02
   5.2596178e-02
   4.8538014e-02
   3.9814267e-02
   2.8589310e-02
   1.9204344e-02
   0.0000000e+00
   0.0000000e+00
  -4.4197442e-03
   5.9051840e-03
   1.8080223e-02
   3.1490996e-02
   4.0020823e-02
   3.5120301e-02
   1.3863398e-02
   2.7081890e-03
   0.0000000e+00
  -6.3181905e-03
  -4.2772968e-04
   1.3144404e-02
   2.8775763e-02
   4.7066595e-02
   6.3433602e-02
   7.2732389e-02
   7.6701127e-02
   7.3771089e-02
   6.6098854e-02
   5.6632009e-02
   3.8189678e-02
   0.0000000e+00
   0.0000000e+00
   0.0000000e+00
   0.0000000e+00
   2.8511696e-02
   4.0520353e-02
   4.2012766e-02
   4.0490933e-02
   3.6270410e-02
   3.2713149e-02
   3.2313339e-02
   3.4116361e-02
   3.6312733e-02
   3.7695602e-02
   3.8544647e-02
   3.7956618e-02
   3.5868309e-02
   3.4495603e-02
   3.3780646e-02
   3.3006873e-02
   3.1348582e-02
   2.7656553e-02
   2.1485824e-02
   1.5392344e-02
   8.2286845e-03
   0.0000000e+00
   0.0000000e+00
  -0.0000000e+00
  -1.3938487e-03
   8.3822636e-03
   2.0666013e-02
   2.6237125e-02
   1.6891025e-02
   4.7717142e-04
  -3.5609425e-03
   0.0000000e+00
  -0.0000000e+00
  -1.7342817e-02
  -5.9874821e-03
   1.0155086e-02
   2.5459211e-02
   3.7124459e-02
   4.3637730e-02
   4.4946983e-02
   4.1542962e-02
   3.7959181e-02
   4.1158836e-02
   2.2142539e-02
   0.0000000e+00
   0.0000000e+00
   0.0000000e+00
   0.0000000e+00
   2.1371477e-02
   2.7044669e-02
   2.6959419e-02
   2.2478489e-02
   1.7078136e-02
   1.3574880e-02
   1.2870762e-02
   1.3832578e-02
   1.5620251e-02
   1.7352502e-02
   1.8180351e-02
   1.7508588e-02
   1.6124963e-02
   1.5455787e-02
   1.4658963e-02
   1.3027766e-02
   1.0707239e-02
   7.1666869e-03
   3.0740986e-03
   2.7956527e-04
   2.6237279e-04
   0.0000000e+00
   0.0000000e+00
   0.0000000e+00
  -1.8853575e-02
  -6.4252880e-03
   7.6094745e-03
   9.8470846e-03
  -1.9536711e-03
  -1.0972564e-02
  -2.1344765e-03
   0.0000000e+00
  -0.0000000e+00
  -2.7159835e-02
  -2.0377535e-02
  -5.4582277e-03
   4.4850398e-03
   1.0313532e-02
   1.3226447e-02
   1.2776836e-02
   9.9675568e-03
   9.2971927e-03
   1.5621093e-02
   2.9624377e-03
   1.0377731e-02
   0.0000000e+00
   0.0000000e+00
   0.0000000e+00
   9.1005107e-03
   9.9660940e-03
   7.0420844e-03
   2.3443922e-03
  -1.4997355e-03
  -3.8072281e-03
  -4.2902208e-03
  -3.7409794e-03
  -2.5300179e-03
  -9.3215733e-04
  -1.9684091e-04
  -1.1212443e-04
  -4.1848369e-04
  -1.0471526e-03
  -2.1913813e-03
  -4.6380968e-03
  -7.8859180e-03
  -1.1482853e-02
  -1.4559819e-02
  -1.4166544e-02
  -6.1191775e-03
   0.0000000e+00
   0.0000000e+00
   0.0000000e+00
  -3.7690985e-02
  -2.3930624e-02
  -6.1347922e-03
  -7.4757570e-03
  -2.1480244e-02
  -2.8982217e-02
   0.0000000e+00
   0.0000000e+00
   0.0000000e+00
  -3.4609274e-02
  -2.6598812e-02
  -1.5186199e-02
  -1.5465092e-02
  -1.4769230e-02
  -1.4840259e-02
  -1.6481150e-02
  -1.8483173e-02
  -1.6969174e-02
  -8.9296410e-03
  -1.9147027e-02
  -9.7548524e-03
  -6.6964126e-03
  -1.8226186e-02
  -8.4405102e-03
  -7.4244379e-03
  -8.6047277e-03
  -1.1494881e-02
  -1.4271544e-02
  -1.6110800e-02
  -1.7580198e-02
  -1.8431732e-02
  -1.9000389e-02
  -1.8044855e-02
  -1.6473573e-02
  -1.5154043e-02
  -1.3990442e-02
  -1.3624754e-02
  -1.4778962e-02
  -1.6830921e-02
  -2.0481128e-02
  -2.5146559e-02
  -2.9673666e-02
  -3.2455452e-02
  -2.8245630e-02
  -1.2559529e-02
   0.0000000e+00
   0.0000000e+00
   0.0000000e+00
   0.0000000e+00
  -3.6430010e-02
  -2.0670403e-02
  -2.5213661e-02
  -3.4088049e-02
  -2.3623348e-02
   0.0000000e+00
   0.0000000e+00
   0.0000000e+00
  -4.5825056e-02
  -3.3095737e-02
  -2.4439232e-02
  -3.5059787e-02
  -3.8517147e-02
  -4.0849201e-02
  -4.3376487e-02
  -4.4562548e-02
  -4.1175094e-02
  -3.1873073e-02
  -3.6086712e-02
  -2.6645401e-02
  -2.1525167e-02
  -2.1221261e-02
  -1.8879693e-02
  -1.9454684e-02
  -2.0408269e-02
  -2.2064678e-02
  -2.2685839e-02
  -2.4057256e-02
  -2.6276305e-02
  -2.7982116e-02
  -2.8669162e-02
  -2.7491694e-02
  -2.5471507e-02
  -2.3322582e-02
  -2.1678688e-02
  -2.1489207e-02
  -2.3553824e-02
  -2.7236015e-02
  -3.2573853e-02
  -3.8766064e-02
  -4.4218425e-02
  -4.6806641e-02
  -3.9329920e-02
  -1.8560735e-02
   0.0000000e+00
   0.0000000e+00
   0.0000000e+00
   0.0000000e+00
  -4.2179845e-02
  -3.1477116e-02
  -3.8245358e-02
  -3.8984958e-02
  -2.0070450e-02
   0.0000000e+00
   0.0000000e+00
   0.0000000e+00
  -0.0000000e+00
  -4.1759968e-02
  -3.3901241e-02
  -5.0209466e-02
  -5.5567510e-02
  -5.8807865e-02
  -6.1317042e-02
  -6.1821796e-02
  -5.7824709e-02
  -4.8259225e-02
  -4.8323505e-02
  -3.8830381e-02
  -3.1920597e-02
  -2.8168704e-02
  -2.6249219e-02
  -2.5999701e-02
  -2.5515992e-02
  -2.5218662e-02
  -2.5197910e-02
  -2.7594434e-02
  -3.1131096e-02
  -3.3380050e-02
  -3.3849381e-02
  -3.2309078e-02
  -2.9600440e-02
  -2.7016411e-02
  -2.5688712e-02
  -2.6906600e-02
  -3.0879492e-02
  -3.6528829e-02
  -4.3251041e-02
  -4.9939729e-02
  -5.5214975e-02
  -5.7099909e-02
  -4.9319655e-02
  -2.6960735e-02
   0.0000000e+00
   0.0000000e+00
   0.0000000e+00
   0.0000000e+00
  -0.0000000e+00
  -3.8823798e-02
  -4.6889860e-02
  -3.9377816e-02
  -1.6206464e-02
   0.0000000e+00
   0.0000000e+00
   0.0000000e+00
   0.0000000e+00
   0.0000000e+00
  -4.8692606e-02
  -6.0959075e-02
  -6.6123188e-02
  -6.9393449e-02
  -7.1747616e-02
  -7.2148941e-02
  -6.8375871e-02
  -5.9655871e-02
  -5.4785536e-02
  -4.5005800e-02
  -3.7523634e-02
  -3.1866766e-02
  -2.7641815e-02
  -2.5501846e-02
  -2.2683607e-02
  -2.1393647e-02
  -2.3183147e-02
  -2.7452035e-02
  -3.1925857e-02
  -3.4459810e-02
  -3.4650836e-02
  -3.3139020e-02
  -3.0451056e-02
  -2.8621625e-02
  -2.9013070e-02
  -3.2530676e-02
  -3.8493413e-02
  -4.5391457e-02
  -5.2202822e-02
  -5.8140349e-02
  -6.2509604e-02
  -6.4285591e-02
  -5.9783626e-02
  -5.5819102e-02
   0.0000000e+00
   0.0000000e+00
   0.0000000e+00
   0.0000000e+00
  -0.0000000e+00
  -4.4027610e-02
  -5.1150174e-02
  -3.7540163e-02
  -1.1464646e-02
   0.0000000e+00
   0.0000000e+00
   0.0000000e+00
   0.0000000e+00
  -5.5232186e-02
  -5.8526489e-02
  -6.6357992e-02
  -7.0540815e-02
  -7.2827353e-02
  -7.5180127e-02
  -7.5988723e-02
  -7.2931043e-02
  -6.5372571e-02
  -5.3615335e-02
  -4.3023549e-02
  -3.4355238e-02
  -2.8092120e-02
  -2.3623407e-02
  -1.9586150e-02
  -1.5765112e-02
  -1.5234712e-02
  -1.9189408e-02
  -2.5234625e-02
  -3.0258035e-02
  -3.2965086e-02
  -3.3432387e-02
  -3.2513466e-02
  -3.1285699e-02
  -3.1816371e-02
  -3.5120510e-02
  -4.0799454e-02
  -4.7488112e-02
  -5.3820107e-02
  -5.9138358e-02
  -6.3311659e-02
  -6.6306658e-02
  -6.5757506e-02
  -5.0408831e-02
   0.0000000e+00
   0.0000000e+00
   0.0000000e+00
   0.0000000e+00
   0.0000000e+00
  -0.0000000e+00
  -4.7035832e-02
  -5.2235991e-02
  -3.3980351e-02
  -3.9501897e-03
   0.0000000e+00
   0.0000000e+00
   0.0000000e+00
   0.0000000e+00
  -5.4968429e-02
  -6.2791534e-02
  -6.6816501e-02
  -6.9563426e-02
  -7.0279382e-02
  -7.2516724e-02
  -7.3667355e-02
  -7.0962727e-02
  -6.4132765e-02
  -4.4342630e-02
  -3.2865714e-02
  -2.4494549e-02
  -1.9869376e-02
  -1.6545117e-02
  -1.2515920e-02
  -1.0186512e-02
  -1.1796080e-02
  -1.7273340e-02
  -2.4144294e-02
  -2.9736107e-02
  -3.2935143e-02
  -3.4261018e-02
  -3.4986675e-02
  -3.6387358e-02
  -3.9640307e-02
  -4.5050476e-02
  -5.1379617e-02
  -5.7023037e-02
  -6.1246399e-02
  -6.3830495e-02
  -6.5366343e-02
  -6.5174095e-02
  -5.5861309e-02
  -3.3726252e-02
   0.0000000e+00
   0.0000000e+00
   0.0000000e+00
   0.0000000e+00
   0.0000000e+00
  -0.0000000e+00
  -4.7245461e-02
  -4.9701858e-02
  -2.8072948e-02
  -5.3221988e-04
   0.0000000e+00
   0.0000000e+00
   0.0000000e+00
  -0.0000000e+00
  -5.2014281e-02
  -5.9890486e-02
  -6.2610954e-02
  -6.3050225e-02
  -6.2382281e-02
  -6.3958824e-02
  -6.4448580e-02
  -6.1279081e-02
  -5.4997548e-02
  -2.8281294e-02
  -1.8661495e-02
  -1.3434019e-02
  -1.2087538e-02
  -1.0869508e-02
  -8.8409958e-03
  -9.0201423e-03
  -1.2597913e-02
  -1.8589834e-02
  -2.5542660e-02
  -3.1755596e-02
  -3.5984512e-02
  -3.8853042e-02
  -4.1904636e-02
  -4.5574136e-02
  -5.0194401e-02
  -5.5744622e-02
  -6.1076611e-02
  -6.4723298e-02
  -6.6301182e-02
  -6.5480910e-02
  -6.2581293e-02
  -5.6850102e-02
  -3.9511479e-02
  -2.7964375e-02
   0.0000000e+00
   0.0000000e+00
   0.0000000e+00
   0.0000000e+00
   0.0000000e+00
  -0.0000000e+00
  -4.4043429e-02
  -4.2870827e-02
  -2.1137342e-02
  -1.3131761e-03
   0.0000000e+00
   0.0000000e+00
   0.0000000e+00
  -0.0000000e+00
  -4.4095870e-02
  -5.2657865e-02
  -5.4142434e-02
  -5.1370274e-02
  -4.9581327e-02
  -4.9665954e-02
  -4.8088767e-02
  -4.3671198e-02
  -3.7776098e-02
  -1.2032562e-02
  -7.6208836e-03
  -7.4594887e-03
  -9.5969426e-03
  -1.0907114e-02
  -1.1300898e-02
  -1.2884262e-02
  -1.6775719e-02
  -2.2234948e-02
  -2.8582197e-02
  -3.4894342e-02
  -4.0065805e-02
  -4.4539600e-02
  -4.9065481e-02
  -5.3434871e-02
  -5.7656344e-02
  -6.1949462e-02
  -6.5318231e-02
  -6.6837166e-02
  -6.5977466e-02
  -6.2036063e-02
  -5.4592225e-02
  -4.2650609e-02
  -2.0299207e-02
  -8.6367981e-03
   0.0000000e+00
   0.0000000e+00
   0.0000000e+00
   0.0000000e+00
   0.0000000e+00
   0.0000000e+00
  -4.0176989e-02
  -3.4685081e-02
  -1.5334525e-02
  -2.3520005e-03
   0.0000000e+00
   0.0000000e+00
   0.0000000e+00
  -0.0000000e+00
  -3.6235474e-02
  -4.2567658e-02
  -4.2420986e-02
  -3.5245465e-02
  -3.2643380e-02
  -3.1282449e-02
  -2.6998052e-02
  -2.1633304e-02
  -1.7417331e-02
  -3.3101914e-03
  -4.4034010e-03
  -8.7632849e-03
  -1.4183874e-02
  -1.8095349e-02
  -2.0486119e-02
  -2.2780314e-02
  -2.6144085e-02
  -3.0061303e-02
  -3.4381086e-02
  -3.9111181e-02
  -4.3542768e-02
  -4.7521698e-02
  -5.1603525e-02
  -5.5305063e-02
  -5.8103248e-02
  -6.0345434e-02
  -6.1408520e-02
  -6.0815111e-02
  -5.8122787e-02
  -5.2399404e-02
  -4.2448668e-02
  -2.6871554e-02
  -6.0828499e-03
   8.4420783e-03
   0.0000000e+00
   0.0000000e+00
   0.0000000e+00
   0.0000000e+00
   0.0000000e+00
  -0.0000000e+00
  -3.3195380e-02
  -2.6169164e-02
  -1.0205559e-02
  -3.6418725e-03
   0.0000000e+00
   0.0000000e+00
   0.0000000e+00
   0.0000000e+00
  -3.0890461e-02
  -3.0794525e-02
  -2.9529884e-02
  -2.1492309e-02
  -1.5022434e-02
  -1.3375946e-02
  -7.4659395e-03
  -3.1211846e-03
  -2.7178830e-03
  -1.7091894e-03
  -7.5423624e-03
  -1.5803874e-02
  -2.5022665e-02
  -3.1940049e-02
  -3.6733015e-02
  -4.0349456e-02
  -4.3455533e-02
  -4.5619599e-02
  -4.7050743e-02
  -4.8536788e-02
  -4.9816135e-02
  -5.0606332e-02
  -5.1784302e-02
  -5.2964355e-02
  -5.3117647e-02
  -5.2611540e-02
  -5.1016185e-02
  -4.8050146e-02
  -4.3763428e-02
  -3.7280539e-02
  -2.6879983e-02
  -1.1606903e-02
   8.0259084e-03
   2.1786300e-02
   0.0000000e+00
   0.0000000e+00
   0.0000000e+00
   0.0000000e+00
  -0.0000000e+00
  -3.4316301e-02
  -2.6233807e-02
  -1.6171013e-02
  -4.0497941e-03
   7.4510254e-04
   0.0000000e+00
   0.0000000e+00
   0.0000000e+00
   0.0000000e+00
  -2.6828157e-02
  -1.9743429e-02
  -1.7321442e-02
  -1.6290016e-02
  -2.5321569e-03
   4.1563765e-04
   7.0049082e-03
   9.3521407e-03
   4.9035925e-03
  -1.8647526e-03
  -1.2668903e-02
  -2.4317373e-02
  -3.7561867e-02
  -4.7558833e-02
  -5.4752272e-02
  -5.9847068e-02
  -6.3163750e-02
  -6.4464755e-02
  -6.3765876e-02
  -6.2010180e-02
  -5.9470236e-02
  -5.6078263e-02
  -5.2957878e-02
  -5.0222415e-02
  -4.7009252e-02
  -4.3717038e-02
  -4.0193886e-02
  -3.5949238e-02
  -3.0734742e-02
  -2.3869628e-02
  -1.3745449e-02
  -2.3803233e-04
   1.7080972e-02
   1.9785502e-02
   0.0000000e+00
   0.0000000e+00
   0.0000000e+00
  -0.0000000e+00
  -2.7545648e-02
  -3.2727927e-02
  -1.5348490e-02
  -3.9854411e-03
   3.0530147e-03
   5.3819681e-03
   0.0000000e+00
   0.0000000e+00
   0.0000000e+00
   0.0000000e+00
  -0.0000000e+00
  -9.2700226e-03
  -4.6550962e-03
  -5.4374230e-03
   0.0000000e+00
   7.2779818e-03
   1.6089622e-02
   1.7095853e-02
   9.1697872e-03
   7.9278522e-04
  -1.4252966e-02
  -2.7475525e-02
  -4.2292769e-02
  -5.2864538e-02
  -6.0374372e-02
  -6.5672539e-02
  -6.9033741e-02
  -7.0331818e-02
  -6.9291941e-02
  -6.6579155e-02
  -6.2585674e-02
  -5.7226889e-02
  -5.1431907e-02
  -4.5978500e-02
  -4.0811500e-02
  -3.6400422e-02
  -3.2645300e-02
  -2.8669041e-02
  -2.3889151e-02
  -1.7434187e-02
  -7.7451216e-03
   5.0102033e-03
   1.8949193e-02
   1.5355737e-02
   0.0000000e+00
   0.0000000e+00
   0.0000000e+00
  -0.0000000e+00
  -2.2170027e-02
  -2.0743183e-02
  -3.9522895e-03
   7.0061959e-03
   0.0000000e+00
   0.0000000e+00
   0.0000000e+00
   0.0000000e+00
   0.0000000e+00
   0.0000000e+00
  -0.0000000e+00
  -2.4811609e-03
   1.7673592e-03
  -2.7343047e-03
   0.0000000e+00
   1.0313071e-02
   2.0898926e-02
   2.1581684e-02
   1.3020100e-02
   1.2172481e-02
  -1.8597658e-02
  -2.5052653e-02
  -3.9580307e-02
  -4.9198663e-02
  -5.6159884e-02
  -6.1756700e-02
  -6.5730571e-02
  -6.7706726e-02
  -6.7404709e-02
  -6.5413519e-02
  -6.1902627e-02
  -5.6831420e-02
  -5.0746576e-02
  -4.4481622e-02
  -3.8178018e-02
  -3.2681931e-02
  -2.8493565e-02
  -2.4539376e-02
  -1.9857237e-02
  -1.3964773e-02
  -5.6132467e-03
   5.4032782e-03
   1.3501689e-02
   8.9494114e-03
   0.0000000e+00
   0.0000000e+00
   0.0000000e+00
  -0.0000000e+00
  -1.5733711e-02
  -7.2797291e-03
   2.3372691e-03
   0.0000000e+00
   0.0000000e+00
   0.0000000e+00
   0.0000000e+00
   0.0000000e+00
   0.0000000e+00
   0.0000000e+00
  -0.0000000e+00
  -9.2909090e-04
   4.1583124e-03
  -9.9655683e-04
   0.0000000e+00
   1.4262582e-02
   2.4871270e-02
   2.4511901e-02
   1.6869819e-02
   1.2172480e-02
  -0.0000000e+00
  -2.4122020e-02
  -3.8061522e-02
  -4.6809152e-02
  -5.3776056e-02
  -5.9665471e-02
  -6.3937485e-02
  -6.6120379e-02
  -6.5789297e-02
  -6.3650839e-02
  -6.0005151e-02
  -5.5127215e-02
  -4.9110755e-02
  -4.2545222e-02
  -3.5416383e-02
  -2.8050512e-02
  -2.1458492e-02
  -1.6092896e-02
  -1.1882036e-02
  -9.1376090e-03
  -7.3206248e-03
  -1.7722462e-03
   5.3688919e-04
  -1.0506237e-03
   0.0000000e+00
   0.0000000e+00
   0.0000000e+00
  -1.9791271e-02
  -9.8594576e-03
   2.0526340e-03
   6.7544847e-03
   0.0000000e+00
   0.0000000e+00
   0.0000000e+00
   0.0000000e+00
   0.0000000e+00
   0.0000000e+00
   0.0000000e+00
  -0.0000000e+00
  -4.0949043e-03
   5.1101148e-03
   3.2587238e-03
   0.0000000e+00
   0.0000000e+00
   2.6196554e-02
   2.5754936e-02
   2.1628726e-02
   0.0000000e+00
   0.0000000e+00
  -2.9047770e-02
  -4.4232305e-02
  -5.4639574e-02
  -6.4060487e-02
  -7.1917959e-02
  -7.7441022e-02
  -8.0218196e-02
  -7.9816341e-02
  -7.7207029e-02
  -7.2938226e-02
  -6.7415237e-02
  -6.0507275e-02
  -5.2686617e-02
  -4.3897878e-02
  -3.3833820e-02
  -2.3081537e-02
  -1.3089063e-02
  -5.9684468e-03
  -4.7922917e-03
  -1.2417119e-02
  -1.5166048e-02
  -1.7665122e-02
  -2.4057673e-02
   0.0000000e+00
   0.0000000e+00
  -3.6708471e-02
  -2.4264925e-02
  -9.0420954e-03
   5.1772604e-03
   1.0332449e-02
   0.0000000e+00
   0.0000000e+00
   0.0000000e+00
   0.0000000e+00
   0.0000000e+00
   0.0000000e+00
   0.0000000e+00
  -0.0000000e+00
  -1.1809420e-02
   4.2098053e-03
   9.8787697e-03
   0.0000000e+00
   0.0000000e+00
   2.4264010e-02
   2.5867458e-02
   2.4767634e-02
   0.0000000e+00
   0.0000000e+00
  -3.5546307e-02
  -5.3337064e-02
  -6.6683300e-02
  -7.9701848e-02
  -9.0902053e-02
  -9.9273063e-02
  -1.0450508e-01
  -1.0606358e-01
  -1.0500561e-01
  -1.0178296e-01
  -9.6646518e-02
  -8.9547344e-02
  -8.0709539e-02
  -6.9871821e-02
  -5.7001922e-02
  -4.2287156e-02
  -2.6330870e-02
  -1.1870572e-02
  -3.4030764e-03
  -1.0725273e-02
  -2.5130551e-02
  -2.9381979e-02
  -4.3127318e-02
  -4.5387560e-02
  -4.7362875e-02
  -4.1358794e-02
  -2.9209305e-02
  -1.4012296e-02
   4.1982345e-03
   1.1144160e-02
   0.0000000e+00
   0.0000000e+00
   0.0000000e+00
   0.0000000e+00
   0.0000000e+00
   0.0000000e+00
   0.0000000e+00
  -0.0000000e+00
  -2.2811458e-02
  -9.2657996e-03
   1.0526286e-02
   0.0000000e+00
   0.0000000e+00
   1.9352032e-02
   2.4330720e-02
   2.7033576e-02
   0.0000000e+00
   0.0000000e+00
  -4.5902730e-02
  -5.7737227e-02
  -7.2410744e-02
  -8.6834995e-02
  -9.9605611e-02
  -1.0949640e-01
  -1.1615805e-01
  -1.1933612e-01
  -1.1982486e-01
  -1.1778995e-01
  -1.1318134e-01
  -1.0580594e-01
  -9.5904565e-02
  -8.3699112e-02
  -6.9739525e-02
  -5.4181039e-02
  -3.7180053e-02
  -1.9466338e-02
  -1.7129603e-03
   4.6650398e-03
  -2.5714204e-02
  -3.6452184e-02
  -5.0948075e-02
  -5.2082452e-02
  -5.1828771e-02
  -4.6750448e-02
  -3.6326191e-02
  -2.2332152e-02
  -6.4330459e-04
   9.3894504e-03
   0.0000000e+00
   0.0000000e+00
   0.0000000e+00
   0.0000000e+00
   0.0000000e+00
   0.0000000e+00
   0.0000000e+00
  -0.0000000e+00
  -3.6285354e-02
  -2.8183657e-02
   0.0000000e+00
   0.0000000e+00
   0.0000000e+00
   1.4643469e-02
   1.8225858e-02
   2.7207826e-02
   0.0000000e+00
  -6.3939349e-02
  -5.3212802e-02
  -5.6343959e-02
  -7.0165641e-02
  -8.4038441e-02
  -9.6384238e-02
  -1.0615423e-01
  -1.1285414e-01
  -1.1652924e-01
  -1.1780951e-01
  -1.1672104e-01
  -1.1307083e-01
  -1.0653015e-01
  -9.7192216e-02
  -8.5446154e-02
  -7.1694418e-02
  -5.6005054e-02
  -3.8188073e-02
  -1.9239327e-02
   9.5417968e-04
   1.1037715e-02
  -2.4463266e-02
  -4.2127485e-02
  -5.3675168e-02
  -5.5700430e-02
  -5.5571609e-02
  -5.2052812e-02
  -4.4453735e-02
  -3.2895133e-02
  -1.2795437e-02
  -1.8241948e-03
   0.0000000e+00
   0.0000000e+00
   0.0000000e+00
   0.0000000e+00
   0.0000000e+00
   0.0000000e+00
   0.0000000e+00
  -0.0000000e+00
  -4.9416130e-02
  -3.9120527e-02
  -3.2681171e-02
   0.0000000e+00
   7.0309871e-03
   1.0646441e-02
   1.1543669e-02
   0.0000000e+00
  -0.0000000e+00
  -5.6872028e-02
  -4.9134459e-02
  -5.0139606e-02
  -6.1461218e-02
  -7.3850900e-02
  -8.5217074e-02
  -9.4227448e-02
  -1.0021924e-01
  -1.0356312e-01
  -1.0488417e-01
  -1.0430684e-01
  -1.0187104e-01
  -9.7543180e-02
  -9.1168977e-02
  -8.2460009e-02
  -7.0846558e-02
  -5.5809505e-02
  -3.6927585e-02
  -1.5669024e-02
   3.5056663e-03
   9.8564566e-03
  -0.0000000e+00
  -4.6492577e-02
  -5.4412063e-02
  -5.5895202e-02
  -5.6345146e-02
  -5.4765977e-02
  -5.0851617e-02
  -4.3909710e-02
  -2.9376017e-02
  -1.9579052e-02
   0.0000000e+00
   0.0000000e+00
   0.0000000e+00
   0.0000000e+00
   0.0000000e+00
   0.0000000e+00
   0.0000000e+00
  -0.0000000e+00
  -6.0505304e-02
  -4.3099336e-02
  -9.7302035e-03
   1.9043408e-02
   1.3076873e-02
   5.8697355e-03
   7.4877925e-03
   0.0000000e+00
  -0.0000000e+00
  -4.5839335e-02
  -4.0426657e-02
  -3.9948728e-02
  -4.7954157e-02
  -5.8826901e-02
  -6.9849946e-02
  -7.8799665e-02
  -8.4854633e-02
  -8.8271782e-02
  -8.9735597e-02
  -8.9399323e-02
  -8.7545365e-02
  -8.4209934e-02
  -7.9792038e-02
  -7.4182421e-02
  -6.6061296e-02
  -5.2769803e-02
  -3.3777781e-02
  -1.1404855e-02
   4.5239870e-03
   4.4876345e-03
  -0.0000000e+00
  -4.8586924e-02
  -5.2347783e-02
  -5.3497016e-02
  -5.4343730e-02
  -5.4277025e-02
  -5.3992510e-02
  -5.3001516e-02
  -4.6263438e-02
  -3.9900305e-02
   0.0000000e+00
   0.0000000e+00
   0.0000000e+00
   0.0000000e+00
   0.0000000e+00
   0.0000000e+00
   0.0000000e+00
  -0.0000000e+00
  -6.7143224e-02
  -4.6928205e-02
  -4.0426753e-03
   2.4240116e-02
   1.4775298e-02
   3.1023906e-03
   1.2307345e-03
   0.0000000e+00
   0.0000000e+00
  -3.4966804e-02
  -3.1730607e-02
  -2.8729644e-02
  -3.3247951e-02
  -4.2388799e-02
  -5.3548348e-02
  -6.3774265e-02
  -7.1456737e-02
  -7.6239860e-02
  -7.8479392e-02
  -7.8583499e-02
  -7.7115184e-02
  -7.4496752e-02
  -7.1121893e-02
  -6.6974386e-02
  -6.0500928e-02
  -4.8371022e-02
  -2.9102942e-02
  -5.9694152e-03
   6.8199438e-03
   3.4830380e-03
  -0.0000000e+00
  -4.5299569e-02
  -4.5612341e-02
  -4.7393607e-02
  -4.9377689e-02
  -5.0907863e-02
  -5.3410788e-02
  -5.7046723e-02
  -5.7136391e-02
  -4.7597327e-02
   0.0000000e+00
   0.0000000e+00
   0.0000000e+00
   0.0000000e+00
   0.0000000e+00
   0.0000000e+00
   0.0000000e+00
  -6.8035247e-02
  -6.7186415e-02
  -5.1007149e-02
  -1.7365651e-03
   2.8828498e-02
   1.7135205e-02
   1.5673795e-03
  -3.5124525e-03
   0.0000000e+00
   0.0000000e+00
  -0.0000000e+00
  -2.3463324e-02
  -1.9032750e-02
  -2.0355906e-02
  -2.7524490e-02
  -3.8423147e-02
  -4.9970865e-02
  -5.9722841e-02
  -6.6570461e-02
  -7.0173591e-02
  -7.0828073e-02
  -6.9003202e-02
  -6.6016033e-02
  -6.2662952e-02
  -5.9379429e-02
  -5.4590669e-02
  -4.4123080e-02
  -2.4224708e-02
   1.3938278e-04
   7.7584325e-03
   0.0000000e+00
  -0.0000000e+00
  -3.7119389e-02
  -3.4134194e-02
  -3.6630072e-02
  -4.0153213e-02
  -4.3797109e-02
  -4.8824880e-02
  -5.5489130e-02
  -6.0284745e-02
  -5.5043755e-02
   0.0000000e+00
  -0.0000000e+00
  -0.0000000e+00
   0.0000000e+00
  -9.1449325e-02
  -1.1035849e-01
  -1.0115803e-01
  -6.0852202e-02
  -5.8657542e-02
  -5.2738816e-02
  -2.7669917e-03
   2.8828425e-02
   1.9755172e-02
   5.2635288e-03
   9.4026834e-04
   0.0000000e+00
   0.0000000e+00
  -0.0000000e+00
  -1.4812531e-02
  -9.4128586e-03
  -8.7880986e-03
  -1.4885472e-02
  -2.4864677e-02
  -3.6677282e-02
  -4.7537252e-02
  -5.5481583e-02
  -5.9799775e-02
  -6.0845442e-02
  -5.8939345e-02
  -5.5645183e-02
  -5.2225273e-02
  -4.9554437e-02
  -4.6312295e-02
  -3.8169365e-02
  -1.8351628e-02
   6.5459227e-03
   1.0450557e-02
   0.0000000e+00
  -0.0000000e+00
  -2.3581024e-02
  -1.8770011e-02
  -2.2163423e-02
  -2.7060183e-02
  -3.2595072e-02
  -4.0039189e-02
  -4.8976306e-02
  -5.4759014e-02
  -5.0750721e-02
  -4.3321104e-02
  -0.0000000e+00
  -6.6134475e-02
  -6.2604521e-02
  -7.0495871e-02
  -8.1411235e-02
  -6.9868863e-02
  -4.2375159e-02
  -4.0159222e-02
  -4.6599150e-02
  -1.1123811e-02
   2.8640893e-02
   1.5042739e-02
   8.2291551e-03
   4.3046534e-03
   0.0000000e+00
   0.0000000e+00
   0.0000000e+00
  -5.5040199e-03
   3.7121992e-03
   5.3221080e-03
  -1.3658636e-03
  -1.1294850e-02
  -2.3247039e-02
  -3.4336258e-02
  -4.2405367e-02
  -4.6746090e-02
  -4.7703434e-02
  -4.5690347e-02
  -4.2179301e-02
  -3.8959533e-02
  -3.7061065e-02
  -3.5679787e-02
  -3.0446433e-02
  -1.1127886e-02
   1.1421227e-02
   1.1685006e-02
   0.0000000e+00
  -0.0000000e+00
  -4.2920702e-03
   7.9953898e-06
  -4.6080640e-03
  -1.1407939e-02
  -1.8462386e-02
  -2.7498316e-02
  -3.8116504e-02
  -4.5560792e-02
  -4.6039637e-02
  -4.0921638e-02
   0.0000000e+00
  -4.9718318e-02
  -4.9428363e-02
  -5.1638879e-02
  -5.5435579e-02
  -4.2730749e-02
  -2.2605592e-02
  -1.6184315e-02
  -1.4030910e-02
   3.5491024e-03
   0.0000000e+00
   0.0000000e+00
  -8.3685387e-04
  -2.7003634e-03
   0.0000000e+00
   0.0000000e+00
   0.0000000e+00
   0.0000000e+00
   1.8785771e-02
   2.2717260e-02
   1.5963661e-02
   4.9925502e-03
  -6.9424561e-03
  -1.7749414e-02
  -2.5642572e-02
  -2.9992962e-02
  -3.0682765e-02
  -2.8370306e-02
  -2.4727551e-02
  -2.1525038e-02
  -2.0127585e-02
  -2.0873718e-02
  -1.9818058e-02
  -2.5143852e-03
   1.3789703e-02
   0.0000000e+00
   0.0000000e+00
   0.0000000e+00
   0.0000000e+00
   0.0000000e+00
   1.4744394e-02
   9.3070650e-03
   5.7275372e-04
  -1.0452276e-02
  -2.2236008e-02
  -3.1755187e-02
  -3.8512319e-02
  -6.3819890e-02
  -6.5906507e-02
  -3.4698404e-02
  -3.1266283e-02
  -3.2005854e-02
  -3.3503766e-02
  -2.2668003e-02
  -6.6609610e-03
  -3.8076811e-03
   1.4788429e-02
   2.8107840e-02
   2.1662221e-02
   0.0000000e+00
   0.0000000e+00
   0.0000000e+00
   0.0000000e+00
   0.0000000e+00
   0.0000000e+00
   0.0000000e+00
   3.3217622e-02
   3.5816571e-02
   3.0934565e-02
   2.0198393e-02
   9.5468802e-03
   2.6598691e-04
  -6.5121813e-03
  -1.0270825e-02
  -1.0457039e-02
  -7.8287623e-03
  -4.3622398e-03
  -1.3482681e-03
  -5.5816849e-04
  -3.0862004e-03
  -6.4933392e-03
   2.9247484e-03
   1.3181831e-02
   0.0000000e+00
   0.0000000e+00
   0.0000000e+00
   0.0000000e+00
   0.0000000e+00
   0.0000000e+00
   2.8069364e-02
   2.2324588e-02
   8.3968123e-03
  -5.0102163e-03
  -1.6581905e-02
  -2.1642347e-02
  -2.1124557e-02
  -0.0000000e+00
  -2.3264030e-02
  -1.4898846e-02
  -1.5084117e-02
  -1.3983985e-02
  -0.0000000e+00
  -2.4507138e-04
   0.0000000e+00
   1.2272138e-02
   2.8117369e-02
   2.1662221e-02
   0.0000000e+00
   0.0000000e+00
   0.0000000e+00
   0.0000000e+00
   0.0000000e+00
   0.0000000e+00
   0.0000000e+00
   3.8559030e-02
   3.4047693e-02
   3.4360681e-02
   3.0771567e-02
   2.5645012e-02
   2.0152219e-02
   1.6258687e-02
   1.4767963e-02
   1.5643790e-02
   1.8398508e-02
   2.1552391e-02
   2.4003310e-02
   2.3398606e-02
   1.8468315e-02
   1.0373094e-02
   6.5149642e-03
   7.7320484e-03
   0.0000000e+00
   0.0000000e+00
   0.0000000e+00
   0.0000000e+00
   0.0000000e+00
   0.0000000e+00
   3.4900150e-02
   3.9405331e-02
   2.5995471e-02
   1.3412411e-02
  -1.9289565e-04
  -1.1346735e-02
  -1.2753716e-02
   0.0000000e+00
   0.0000000e+00
   9.8541332e-04
  -5.1556823e-03
  -5.6050617e-03
  -0.0000000e+00
  -7.0271569e-03
   0.0000000e+00
   6.4233511e-03
   1.3349689e-03
   0.0000000e+00
   0.0000000e+00
   0.0000000e+00
   0.0000000e+00
   0.0000000e+00
   0.0000000e+00
   0.0000000e+00
   0.0000000e+00
   0.0000000e+00
   2.3072208e-02
   2.4353491e-02
   3.1092182e-02
   3.6613274e-02
   3.9690685e-02
   4.1458189e-02
   4.3450132e-02
   4.5852941e-02
   4.8254699e-02
   5.0712232e-02
   5.2183319e-02
   4.9927592e-02
   4.2114254e-02
   2.9180979e-02
   1.3214719e-02
   6.8779618e-03
   0.0000000e+00
   0.0000000e+00
   0.0000000e+00
   0.0000000e+00
   0.0000000e+00
   0.0000000e+00
   0.0000000e+00
   4.5476805e-02
   3.3146506e-02
   2.9434629e-02
   1.7431967e-02
   2.7144230e-03
  -1.2411241e-03
   0.0000000e+00
   0.0000000e+00
   7.8467905e-03
   2.8018298e-03
   0.0000000e+00
   6.2433228e-03
   1.5034386e-02
   2.4954622e-02
   1.8326223e-02
   1.3071586e-02
   0.0000000e+00
   0.0000000e+00
   0.0000000e+00
   0.0000000e+00
   0.0000000e+00
   0.0000000e+00
   0.0000000e+00
   0.0000000e+00
   0.0000000e+00
  -0.0000000e+00
  -3.0258036e-04
   1.8408766e-02
   3.7773948e-02
   5.3609885e-02
   6.4231984e-02
   7.0467956e-02
   7.4508131e-02
   7.7161975e-02
   7.9227611e-02
   7.8968458e-02
   7.4345715e-02
   6.3732713e-02
   4.6976630e-02
   2.2980671e-02
   1.0575887e-02
   0.0000000e+00
   0.0000000e+00
   0.0000000e+00
   0.0000000e+00
   0.0000000e+00
   0.0000000e+00
   0.0000000e+00
   0.0000000e+00
   0.0000000e+00
   3.9243419e-02
   3.3253651e-02
   2.1110300e-02
   1.7590559e-02
   0.0000000e+00
   0.0000000e+00
   2.9374668e-03
   2.9807714e-02
   1.5216341e-02
   2.2627813e-02
   2.9938441e-02
   3.8918085e-02
   3.4023345e-02
   2.6678805e-02
   0.0000000e+00
   0.0000000e+00
   0.0000000e+00
   0.0000000e+00
   0.0000000e+00
   0.0000000e+00
   0.0000000e+00
   0.0000000e+00
   0.0000000e+00
  -0.0000000e+00
  -2.7489803e-02
  -3.1174863e-03
   2.7407351e-02
   5.5500123e-02
   7.6445306e-02
   8.9458737e-02
   9.7148527e-02
   1.0165270e-01
   1.0368208e-01
   1.0122892e-01
   9.3164321e-02
   7.8485878e-02
   5.8734428e-02
   3.5604295e-02
   2.4029462e-02
   0.0000000e+00
   0.0000000e+00
   0.0000000e+00
   0.0000000e+00
   0.0000000e+00
   0.0000000e+00
   0.0000000e+00
   0.0000000e+00
   0.0000000e+00
   4.1404737e-02
   4.2967224e-02
   3.1616916e-02
   2.4719591e-02
   0.0000000e+00
   0.0000000e+00
   0.0000000e+00
   2.9160273e-02
   3.4219519e-02
   3.9409184e-02
   4.7110548e-02
   5.0970486e-02
   4.4163057e-02
   3.5906437e-02
   0.0000000e+00
   0.0000000e+00
   0.0000000e+00
   0.0000000e+00
   0.0000000e+00
   0.0000000e+00
   0.0000000e+00
   0.0000000e+00
   0.0000000e+00
   0.0000000e+00
  -2.4177895e-02
  -7.0440993e-03
   2.3804680e-02
   5.4852407e-02
   8.0533490e-02
   9.6834250e-02
   1.0579425e-01
   1.0861621e-01
   1.0728552e-01
   1.0339372e-01
   9.3581475e-02
   7.6297946e-02
   5.5189632e-02
   3.5314141e-02
   2.4748529e-02
   0.0000000e+00
   0.0000000e+00
   0.0000000e+00
   0.0000000e+00
   0.0000000e+00
   0.0000000e+00
   0.0000000e+00
   0.0000000e+00
   3.1252041e-02
   3.8801599e-02
   4.1719274e-02
   3.4926491e-02
   0.0000000e+00
   0.0000000e+00
   0.0000000e+00
   0.0000000e+00
   0.0000000e+00
   3.3154134e-02
   4.0032021e-02
   4.7318030e-02
   4.8394414e-02
   4.1295376e-02
   0.0000000e+00
   0.0000000e+00
   0.0000000e+00
   0.0000000e+00
   0.0000000e+00
   0.0000000e+00
   0.0000000e+00
   0.0000000e+00
   0.0000000e+00
   0.0000000e+00
   0.0000000e+00
   9.2362478e-03
   1.3507469e-02
   3.5647716e-02
   6.3822143e-02
   8.4534474e-02
   9.3788013e-02
   9.3905054e-02
   8.7707594e-02
   8.3573051e-02
   7.6876536e-02
   6.2906809e-02
   4.7394641e-02
   2.8073573e-02
   1.9230697e-02
   0.0000000e+00
   0.0000000e+00
   0.0000000e+00
   0.0000000e+00
   0.0000000e+00
   0.0000000e+00
   0.0000000e+00
   0.0000000e+00
   0.0000000e+00
   1.7835598e-02
   1.6075053e-02
   1.7065655e-02
   1.2432622e-02
   1.5120757e-02
   0.0000000e+00
   0.0000000e+00
   0.0000000e+00
   0.0000000e+00
   0.0000000e+00
   0.0000000e+00
   0.0000000e+00
   0.0000000e+00
   0.0000000e+00
   0.0000000e+00
   0.0000000e+00
   0.0000000e+00
   0.0000000e+00
   0.0000000e+00
   0.0000000e+00
   0.0000000e+00
   0.0000000e+00
   0.0000000e+00
   0.0000000e+00
   0.0000000e+00
   4.4198439e-02
   2.7087074e-02
   3.7781344e-02
   3.4027853e-02
   4.5826204e-02
   5.2020777e-02
   4.6928834e-02
   3.3987235e-02
   2.9042770e-02
   1.9178257e-02
   1.6123428e-02
  -2.4104416e-03
  -7.7562445e-03
  -5.0345230e-03
   0.0000000e+00
   0.0000000e+00
   0.0000000e+00
   0.0000000e+00
   0.0000000e+00
   0.0000000e+00
   0.0000000e+00
   0.0000000e+00
   0.0000000e+00
   0.0000000e+00
   0.0000000e+00
   0.0000000e+00
   0.0000000e+00
  -0.0000000e+00
  -0.0000000e+00
   0.0000000e+00
   0.0000000e+00
   0.0000000e+00
   0.0000000e+00
   0.0000000e+00
   0.0000000e+00
   0.0000000e+00
   0.0000000e+00
   2.3986477e-03
   2.1232525e-03
   0.0000000e+00
   0.0000000e+00
   0.0000000e+00
   0.0000000e+00
   0.0000000e+00
   0.0000000e+00
   0.0000000e+00
   0.0000000e+00
   0.0000000e+00
   0.0000000e+00
   0.0000000e+00
   0.0000000e+00
   0.0000000e+00
  -1.0103178e-02
  -2.8541923e-03
  -2.4719027e-04
  -2.7961273e-04
   0.0000000e+00
   0.0000000e+00
   0.0000000e+00
  -0.0000000e+00
  -0.0000000e+00
   0.0000000e+00
   0.0000000e+00
   0.0000000e+00
   0.0000000e+00
   0.0000000e+00
   0.0000000e+00
   0.0000000e+00
   0.0000000e+00
   0.0000000e+00
   0.0000000e+00
   0.0000000e+00
   0.0000000e+00
   0.0000000e+00
   0.0000000e+00
  -0.0000000e+00
  -7.3910410e-03
  -1.5518745e-03
   0.0000000e+00
   0.0000000e+00
   0.0000000e+00
   0.0000000e+00
   0.0000000e+00
   0.0000000e+00
  -4.3087510e-03
  -1.0830157e-02
  -3.7066923e-03
   0.0000000e+00
   0.0000000e+00
   0.0000000e+00
   0.0000000e+00
   0.0000000e+00
   0.0000000e+00
   0.0000000e+00
   0.0000000e+00
   0.0000000e+00
   0.0000000e+00
   0.0000000e+00
   0.0000000e+00
   0.0000000e+00
   0.0000000e+00
   0.0000000e+00
   0.0000000e+00
   0.0000000e+00
   0.0000000e+00
   0.0000000e+00
   0.0000000e+00
   0.0000000e+00
   0.0000000e+00
   0.0000000e+00
  -0.0000000e+00
   0.0000000e+00
   0.0000000e+00
   0.0000000e+00
   0.0000000e+00
   0.0000000e+00
   0.0000000e+00
   0.0000000e+00
   0.0000000e+00
   0.0000000e+00
   0.0000000e+00
   0.0000000e+00
   0.0000000e+00
   0.0000000e+00
  -9.5924966e-03
  -1.3678105e-02
  -0.0000000e+00
  -0.0000000e+00
  -0.0000000e+00
   0.0000000e+00
   0.0000000e+00
  -0.0000000e+00
  -7.0332222e-03
  -8.8240476e-03
  -1.1516867e-02
   0.0000000e+00
   0.0000000e+00
   0.0000000e+00
   0.0000000e+00
  -0.0000000e+00
  -0.0000000e+00
  -0.0000000e+00
  -0.0000000e+00
  -0.0000000e+00
  -0.0000000e+00
  -0.0000000e+00
  -1.2538135e-02
  -1.3658356e-02
  -1.7910861e-02
  -1.9624641e-02
  -1.5282544e-02
  -1.9806651e-02
  -2.2165807e-02
  -2.3015089e-02
  -2.2460307e-02
  -3.0947018e-02
  -2.8729047e-02
  -1.7249646e-02
  -8.2337010e-03
  -2.7411310e-03
  -6.6700519e-04
  -2.8270557e-03
  -5.4029835e-03
  -6.7035579e-03
  -6.1506142e-03
  -5.9083938e-03
  -0.0000000e+00
  -0.0000000e+00
   3.6486305e-04
   6.9835275e-04
   4.3287650e-05
  -5.7071368e-04
  -3.5931844e-04
  -3.7674454e-04
  -5.3961533e-03
  -1.0605356e-02
  -1.3072307e-02
  -5.2379777e-03
   0.0000000e+00
  -0.0000000e+00
  -9.0804603e-03
  -1.5897134e-02
  -1.7010463e-02
  -0.0000000e+00
  -0.0000000e+00
  -0.0000000e+00
  -0.0000000e+00
