   0.0000000e+00
  -8.2612340e-02
   0.0000000e+00
  -0.0000000e+00
  -7.8219111e-02
   0.0000000e+00
  -5.2566415e-02
  -5.5030509e-02
  -8.9503878e-02
  -9.5856292e-02
  -9.1918806e-02
   0.0000000e+00
   0.0000000e+00
   0.0000000e+00
  -1.0772843e-01
  -1.1665631e-01
  -1.6051021e-01
  -1.0324344e-01
  -1.3031369e-01
  -0.0000000e+00
  -8.3517526e-02
  -9.5982659e-02
  -1.4717425e-01
   0.0000000e+00
   0.0000000e+00
   0.0000000e+00
   0.0000000e+00
   0.0000000e+00
   0.0000000e+00
   0.0000000e+00
   0.0000000e+00
   0.0000000e+00
   0.0000000e+00
   0.0000000e+00
   0.0000000e+00
   0.0000000e+00
  -2.2747003e-02
  -5.2497623e-02
   0.0000000e+00
  -4.8348202e-02
  -4.2270791e-02
  -4.8416371e-03
  -8.6892968e-03
  -1.0004579e-02
  -2.3569511e-03
  -1.7745814e-03
  -2.6122355e-03
   8.4769314e-04
  -3.5998777e-03
   4.1174572e-03
   2.0055648e-03
  -1.1798210e-02
  -8.1434918e-03
  -1.8992457e-02
   3.8129446e-03
   2.3311928e-02
  -1.4944507e-02
  -2.0371594e-02
  -4.1217338e-02
  -4.1911828e-02
  -6.9982274e-02
  -9.6294706e-02
  -9.0307923e-02
  -1.0856380e-01
  -1.0259738e-01
  -1.1479988e-01
   0.0000000e+00
   0.0000000e+00
  -8.3192360e-02
  -1.1542668e-01
   0.0000000e+00
   0.0000000e+00
  -2.9552655e-02
   1.1417674e-03
   1.7148182e-02
   1.9839512e-02
   3.1038145e-02
   4.3082874e-02
   4.7916634e-02
   4.9313676e-02
   5.1410407e-02
   5.6200397e-02
   6.1662044e-02
   6.3650355e-02
   6.1119739e-02
   5.8914065e-02
   5.8583397e-02
   5.9102137e-02
   5.8897913e-02
   5.8609620e-02
   5.8626760e-02
   6.2681999e-02
   5.4604206e-02
   4.9027445e-02
   4.7680624e-02
   3.8565688e-02
   2.5723108e-02
   1.2100648e-02
  -3.2689066e-03
  -9.6541175e-03
  -9.1198189e-03
  -1.2954243e-02
  -1.1585166e-02
  -1.9046113e-02
  -1.3038698e-02
  -2.0076218e-02
  -3.8423227e-02
  -5.2052624e-02
   8.7049288e-02
   9.5764078e-02
   1.0503582e-01
   1.1017861e-01
   1.1267249e-01
   1.0758326e-01
   1.0440180e-01
   1.0269357e-01
   9.3480952e-02
   9.6090745e-02
   1.0729841e-01
   1.1609112e-01
   1.1700039e-01
   1.1715898e-01
   1.1970226e-01
   1.2312388e-01
   1.2543900e-01
   1.2699549e-01
   1.2958529e-01
   1.0693524e-01
   1.0794159e-01
   9.2486661e-02
   1.0004935e-01
   1.0172123e-01
   9.5565315e-02
   9.2747010e-02
   9.5720723e-02
   9.8216209e-02
   1.0250682e-01
   1.0739753e-01
   1.1056636e-01
   1.1253458e-01
   1.0726298e-01
   1.0086726e-01
   9.6861549e-02
   8.7059014e-02
   1.6312781e-01
   1.6224779e-01
   1.5580104e-01
   1.4927199e-01
   1.4254948e-01
   1.1772837e-01
   1.0969783e-01
   1.1137655e-01
   9.7943142e-02
   1.0604093e-01
   1.2081108e-01
   1.3073182e-01
   1.3487929e-01
   1.3856252e-01
   1.4402451e-01
   1.4902799e-01
   1.5270513e-01
   1.5367073e-01
   1.5016517e-01
   0.0000000e+00
   1.1356553e-01
   1.1130919e-01
   1.2851244e-01
   1.3818632e-01
   1.3950901e-01
   1.4143272e-01
   1.4849856e-01
   1.5217850e-01
   1.5551579e-01
   1.5851344e-01
   1.6312759e-01
   1.7480183e-01
   1.7659982e-01
   1.7607200e-01
   1.8032071e-01
   1.6985886e-01
   1.8441104e-01
   1.7641228e-01
   1.4389551e-01
   0.0000000e+00
   0.0000000e+00
   8.6015033e-02
   7.6903349e-02
   7.7443617e-02
   8.4505452e-02
   9.2883851e-02
   1.0378910e-01
   1.1179442e-01
   1.1630629e-01
   1.2037634e-01
   1.2473936e-01
   1.3002539e-01
   1.3462537e-01
   1.3470940e-01
   1.2314127e-01
   0.0000000e+00
   8.0630664e-02
   9.7367953e-02
   1.2254547e-01
   1.3676189e-01
   1.4475147e-01
   1.5111532e-01
   1.5622319e-01
   1.5450313e-01
   1.5114644e-01
   1.4325274e-01
   1.4439426e-01
   1.6349922e-01
   1.7891998e-01
   1.9245712e-01
   2.0163388e-01
   1.9465259e-01
   1.5136450e-01
   0.0000000e+00
   0.0000000e+00
   0.0000000e+00
   0.0000000e+00
   5.9661025e-02
   5.3010684e-02
   6.2256593e-02
   7.0327237e-02
   7.1509190e-02
   7.6371007e-02
   8.0756724e-02
   8.2287014e-02
   8.3833858e-02
   8.6692274e-02
   9.1434479e-02
   9.6396498e-02
   9.5521279e-02
   7.9600266e-02
   0.0000000e+00
   0.0000000e+00
   6.5299947e-02
   8.8064820e-02
   1.0598977e-01
   1.1810885e-01
   1.2567399e-01
   1.2595159e-01
   1.1560018e-01
   1.1049564e-01
   1.0240602e-01
   9.9474892e-02
   1.1735339e-01
   1.3985687e-01
   1.5881671e-01
   1.6737314e-01
   1.6592750e-01
   9.0481223e-02
   0.0000000e+00
   0.0000000e+00
   0.0000000e+00
   0.0000000e+00
   3.7945575e-02
   3.6411568e-02
   3.7278723e-02
   3.9427068e-02
   3.9604924e-02
   4.1580323e-02
   4.2494170e-02
   4.1909570e-02
   4.1587446e-02
   4.3740842e-02
   4.8321387e-02
   5.2763291e-02
   5.0596792e-02
   3.6007359e-02
   0.0000000e+00
   0.0000000e+00
   3.0430217e-02
   4.4848736e-02
   6.0517047e-02
   7.3944619e-02
   7.8851089e-02
   7.0242323e-02
   5.6441699e-02
   5.6627718e-02
   5.8537811e-02
   5.2304318e-02
   6.2229741e-02
   8.1265993e-02
   9.5843632e-02
   1.0286218e-01
   9.9950351e-02
   3.2853566e-02
   0.0000000e+00
   0.0000000e+00
   0.0000000e+00
   0.0000000e+00
   1.8440539e-02
   1.4835395e-02
   9.9370982e-03
   7.7215652e-03
   7.0477203e-03
   8.2618175e-03
   9.1827009e-03
   9.0588611e-03
   8.8431248e-03
   1.1429379e-02
   1.5849343e-02
   1.8119669e-02
   1.3926016e-02
   4.7467420e-03
   0.0000000e+00
   0.0000000e+00
   5.8518806e-03
   1.4931237e-02
   2.5780531e-02
   3.2814812e-02
   3.2370251e-02
   1.5314217e-02
  -2.8417348e-03
   0.0000000e+00
   1.1779330e-02
   6.2454930e-03
   1.1839857e-02
   2.4561957e-02
   3.3938192e-02
   3.9960049e-02
   3.7921425e-02
  -5.8996406e-03
   0.0000000e+00
   0.0000000e+00
   0.0000000e+00
   0.0000000e+00
  -7.1534783e-03
  -1.2969280e-02
  -1.8911829e-02
  -2.2412140e-02
  -2.2819538e-02
  -2.1453625e-02
  -1.8721953e-02
  -1.6131300e-02
  -1.4031914e-02
  -1.0608820e-02
  -8.2368404e-03
  -1.0384152e-02
  -1.7515086e-02
  -1.9459956e-02
   0.0000000e+00
   0.0000000e+00
  -0.0000000e+00
  -1.0229943e-02
  -2.8730328e-03
  -2.1582351e-03
  -7.8727352e-03
  -2.8562486e-02
  -0.0000000e+00
   0.0000000e+00
  -1.9970431e-02
  -2.7290381e-02
  -2.5221815e-02
  -1.9208530e-02
  -1.4261815e-02
  -1.0725161e-02
  -1.1379226e-02
  -2.2929400e-02
  -9.5926131e-03
   0.0000000e+00
   0.0000000e+00
  -3.3975592e-02
  -3.3011931e-02
  -3.6406967e-02
  -4.1338600e-02
  -4.4511389e-02
  -4.4583554e-02
  -4.2081166e-02
  -3.7202150e-02
  -3.1880934e-02
  -2.6760483e-02
  -2.3887539e-02
  -2.6176246e-02
  -3.3673491e-02
  -4.2189613e-02
  -2.5960425e-02
  -0.0000000e+00
   0.0000000e+00
  -0.0000000e+00
  -2.4391547e-02
  -2.3037670e-02
  -2.8286152e-02
  -3.8911641e-02
  -5.0848540e-02
  -0.0000000e+00
   0.0000000e+00
  -3.6133366e-02
  -3.8280762e-02
  -4.4409726e-02
  -4.6665605e-02
  -4.6725055e-02
  -4.6505563e-02
  -4.3223981e-02
  -4.0993113e-02
  -2.2088850e-02
  -2.4628457e-02
   0.0000000e+00
  -5.4613799e-02
  -4.8571791e-02
  -5.1302861e-02
  -5.5526085e-02
  -5.8272190e-02
  -5.8127217e-02
  -5.4351579e-02
  -4.7609266e-02
  -3.9717168e-02
  -3.3763491e-02
  -3.5528075e-02
  -4.4192921e-02
  -5.4784540e-02
  -5.9915051e-02
  -3.1224631e-02
  -0.0000000e+00
   0.0000000e+00
   0.0000000e+00
  -2.9518556e-02
  -3.8329531e-02
  -4.9591858e-02
  -6.0995765e-02
  -5.0527586e-02
  -0.0000000e+00
   0.0000000e+00
  -3.3801500e-02
  -3.7952404e-02
  -5.4144599e-02
  -6.4778790e-02
  -6.9879614e-02
  -7.1910836e-02
  -6.4530164e-02
  -5.0693940e-02
  -3.0237824e-02
  -3.5967635e-02
  -4.5231684e-02
  -5.5581705e-02
  -5.2850369e-02
  -5.4913696e-02
  -5.8747374e-02
  -6.0804408e-02
  -5.9322193e-02
  -5.4930713e-02
  -4.7266625e-02
  -4.0379498e-02
  -4.0012237e-02
  -4.8916936e-02
  -6.0240064e-02
  -6.8841659e-02
  -6.7318380e-02
  -4.3862481e-02
  -0.0000000e+00
   0.0000000e+00
   0.0000000e+00
  -3.5863400e-02
  -4.9591668e-02
  -6.3243166e-02
  -6.8840653e-02
  -4.8625057e-02
   0.0000000e+00
   0.0000000e+00
  -0.0000000e+00
  -4.6156841e-02
  -6.0337823e-02
  -7.4523613e-02
  -8.2058996e-02
  -8.4508188e-02
  -7.4900046e-02
  -5.1662616e-02
  -3.3275835e-02
  -3.1666610e-02
  -2.8573258e-02
  -4.0764309e-02
  -4.7101680e-02
  -4.7674678e-02
  -4.8533060e-02
  -4.7775060e-02
  -4.5736194e-02
  -4.2868588e-02
  -4.0349443e-02
  -4.3076672e-02
  -5.2923769e-02
  -6.5352835e-02
  -7.3332258e-02
  -7.4983746e-02
  -6.5909766e-02
  -4.6663878e-02
   0.0000000e+00
   0.0000000e+00
   0.0000000e+00
  -4.2747155e-02
  -5.8868378e-02
  -6.9134295e-02
  -6.2987633e-02
  -3.3196434e-02
   0.0000000e+00
   0.0000000e+00
   0.0000000e+00
  -3.0551593e-02
  -6.6769795e-02
  -7.9078093e-02
  -8.5556075e-02
  -8.5868634e-02
  -7.4416131e-02
  -4.2850409e-02
  -2.4944887e-02
  -1.6685849e-02
  -1.2404915e-02
  -3.3837160e-02
  -3.4068130e-02
  -3.0068872e-02
  -2.5756294e-02
  -2.3352310e-02
  -2.4670986e-02
  -2.8579667e-02
  -3.7571780e-02
  -5.1824179e-02
  -6.6722266e-02
  -7.6145858e-02
  -7.7014826e-02
  -7.0697203e-02
  -5.1907439e-02
  -2.7841598e-02
   0.0000000e+00
   0.0000000e+00
   0.0000000e+00
  -0.0000000e+00
  -5.9895545e-02
  -6.2719375e-02
  -4.6983294e-02
  -1.1087197e-02
   0.0000000e+00
   0.0000000e+00
   0.0000000e+00
  -3.8798153e-02
  -6.4214358e-02
  -7.4010916e-02
  -7.6856650e-02
  -7.3895924e-02
  -6.2375709e-02
  -3.1621882e-02
  -0.0000000e+00
  -9.8754037e-03
  -1.8918088e-02
  -3.1726565e-02
  -1.9517884e-02
  -1.3497782e-02
  -9.9299718e-03
  -1.0604191e-02
  -1.5599121e-02
  -2.4585623e-02
  -3.9837100e-02
  -5.7260763e-02
  -7.1055807e-02
  -7.6401636e-02
  -7.1488105e-02
  -5.8665276e-02
  -3.3128843e-02
  -0.0000000e+00
   0.0000000e+00
   0.0000000e+00
   0.0000000e+00
   0.0000000e+00
  -5.3356152e-02
  -4.9311265e-02
  -2.9829249e-02
  -1.6980078e-03
   0.0000000e+00
   0.0000000e+00
   0.0000000e+00
  -4.9253532e-02
  -5.6733981e-02
  -6.0846079e-02
  -5.9640657e-02
  -5.4280728e-02
  -4.4448983e-02
  -0.0000000e+00
   0.0000000e+00
  -8.3034382e-03
  -2.1516785e-02
  -2.1847704e-02
  -1.3076119e-02
  -1.4385389e-02
  -1.8182738e-02
  -2.3542352e-02
  -2.9783849e-02
  -3.7986245e-02
  -4.8716046e-02
  -5.8217399e-02
  -6.3679025e-02
  -6.1901424e-02
  -5.2279621e-02
  -3.6444243e-02
  -1.4025689e-02
  -0.0000000e+00
   0.0000000e+00
   0.0000000e+00
   0.0000000e+00
   0.0000000e+00
  -3.9738152e-02
  -3.1923097e-02
  -1.3694039e-02
   3.3846237e-03
   0.0000000e+00
   0.0000000e+00
   0.0000000e+00
  -4.5608265e-02
  -4.3297529e-02
  -4.1799527e-02
  -3.5972260e-02
  -2.9502697e-02
  -2.3994522e-02
  -0.0000000e+00
   0.0000000e+00
  -7.6741308e-03
  -1.5958537e-02
  -1.8219570e-02
  -2.2908613e-02
  -3.1585487e-02
  -3.9842524e-02
  -4.7764514e-02
  -5.4873026e-02
  -6.1109774e-02
  -6.4417861e-02
  -6.3249987e-02
  -5.8250438e-02
  -4.8483662e-02
  -3.5264326e-02
  -1.8957090e-02
  -9.8723522e-04
   0.0000000e+00
   0.0000000e+00
   0.0000000e+00
   0.0000000e+00
  -3.4246793e-02
  -1.9982627e-02
  -1.1719141e-02
   1.5579935e-03
   8.8999421e-03
   0.0000000e+00
   0.0000000e+00
   0.0000000e+00
  -3.5463038e-02
  -2.6054516e-02
  -2.1997219e-02
  -1.4026374e-02
  -7.2200783e-03
  -6.0279868e-03
   0.0000000e+00
   0.0000000e+00
  -5.5876844e-03
  -1.4932341e-02
  -2.2508109e-02
  -3.0556772e-02
  -3.8011998e-02
  -4.4409279e-02
  -5.0989788e-02
  -5.7212267e-02
  -6.2198095e-02
  -6.4133078e-02
  -6.2135048e-02
  -5.6804683e-02
  -4.7074944e-02
  -3.3980846e-02
  -1.7181251e-02
  -1.4627662e-03
   4.7573773e-03
   0.0000000e+00
   0.0000000e+00
  -3.9048020e-02
  -3.0328510e-02
  -3.3427773e-03
   5.4509072e-03
   1.5436655e-02
   1.6224331e-02
   0.0000000e+00
   0.0000000e+00
   0.0000000e+00
  -2.2089392e-02
  -1.4175743e-02
  -8.5188765e-03
   3.9018429e-04
   5.5211931e-03
   3.1794794e-03
   0.0000000e+00
   0.0000000e+00
  -6.6735656e-03
  -1.7215773e-02
  -2.6818513e-02
  -3.4430981e-02
  -3.9338356e-02
  -4.2546523e-02
  -4.6258697e-02
  -5.0943482e-02
  -5.5091924e-02
  -5.6772943e-02
  -5.5703159e-02
  -5.3606308e-02
  -4.9044078e-02
  -4.0393880e-02
  -2.5506807e-02
  -1.1503225e-02
   1.2894907e-03
   0.0000000e+00
   0.0000000e+00
  -4.2945190e-02
  -2.3644601e-02
   7.5504090e-03
   1.9928476e-02
   0.0000000e+00
   0.0000000e+00
   0.0000000e+00
   0.0000000e+00
   0.0000000e+00
  -0.0000000e+00
  -3.2086190e-03
   2.5271197e-03
   8.8241054e-03
   1.3929823e-02
   6.1109431e-03
   0.0000000e+00
  -1.5564220e-02
  -1.4593855e-02
  -2.4347458e-02
  -3.5715453e-02
  -4.4866402e-02
  -4.9538363e-02
  -5.0973173e-02
  -5.1250361e-02
  -5.2493881e-02
  -5.3801067e-02
  -5.3101014e-02
  -5.0292298e-02
  -4.8918940e-02
  -5.1849294e-02
  -5.7309911e-02
  -5.7746802e-02
  -3.1480999e-02
  -6.8416316e-03
   0.0000000e+00
  -7.4671270e-02
  -5.5191273e-02
  -2.9615846e-02
   7.3713409e-03
   2.6644493e-02
   0.0000000e+00
   0.0000000e+00
   0.0000000e+00
   0.0000000e+00
   0.0000000e+00
   0.0000000e+00
   7.5689221e-03
   1.1371349e-02
   1.5360522e-02
   1.8542920e-02
   5.4700151e-03
   0.0000000e+00
  -1.8384756e-02
  -2.3243055e-02
  -3.3424798e-02
  -4.7018424e-02
  -5.9189983e-02
  -6.6745862e-02
  -7.1248643e-02
  -7.4114107e-02
  -7.6734804e-02
  -7.9092100e-02
  -7.9338595e-02
  -7.5587638e-02
  -6.8108737e-02
  -5.9538893e-02
  -5.9250880e-02
  -7.8586377e-02
  -7.4198062e-02
  -3.4998464e-02
   0.0000000e+00
  -8.0462694e-02
  -7.2972834e-02
  -4.8757609e-02
  -4.4373646e-03
   0.0000000e+00
   0.0000000e+00
   0.0000000e+00
   0.0000000e+00
   0.0000000e+00
   0.0000000e+00
   0.0000000e+00
   2.5012789e-02
   2.3510514e-02
   0.0000000e+00
   2.6449448e-02
   1.3062394e-02
   0.0000000e+00
  -2.9892037e-02
  -3.2933693e-02
  -4.0062882e-02
  -5.4067846e-02
  -6.7502342e-02
  -7.6924041e-02
  -8.3870746e-02
  -8.9763984e-02
  -9.5282421e-02
  -1.0110897e-01
  -1.0452906e-01
  -1.0111023e-01
  -8.7587416e-02
  -6.0897917e-02
  -3.8662314e-02
  -4.0851679e-02
  -9.3397171e-02
  -1.2937561e-01
  -9.4114557e-02
  -8.6071879e-02
  -8.6465858e-02
  -6.6766515e-02
  -2.3031447e-02
   0.0000000e+00
   0.0000000e+00
   0.0000000e+00
   0.0000000e+00
   0.0000000e+00
   0.0000000e+00
   0.0000000e+00
   4.7160150e-02
   4.7201723e-02
   0.0000000e+00
   0.0000000e+00
   0.0000000e+00
   0.0000000e+00
  -4.4687968e-02
  -4.4515368e-02
  -4.6284722e-02
  -5.6542303e-02
  -6.8922468e-02
  -7.8817910e-02
  -8.6378083e-02
  -9.2016637e-02
  -9.7460795e-02
  -1.0444664e-01
  -1.1063500e-01
  -1.0872795e-01
  -9.0635866e-02
  -5.2158125e-02
  -2.5775733e-02
  -1.7617765e-02
  -6.0153695e-02
  -1.1184764e-01
  -8.4318690e-02
  -8.4059343e-02
  -8.9359280e-02
  -8.1960857e-02
  -4.7882028e-02
  -0.0000000e+00
   0.0000000e+00
   0.0000000e+00
   0.0000000e+00
   0.0000000e+00
   0.0000000e+00
   0.0000000e+00
   5.9073558e-02
   7.1350623e-02
   0.0000000e+00
   0.0000000e+00
   0.0000000e+00
   0.0000000e+00
  -5.2708180e-02
  -5.2889310e-02
  -5.1792469e-02
  -5.6126364e-02
  -6.4667642e-02
  -7.3257759e-02
  -7.9332478e-02
  -8.2049139e-02
  -8.4183052e-02
  -8.9366876e-02
  -9.6955456e-02
  -9.6518874e-02
  -7.7927664e-02
  -3.7037075e-02
  -9.7704073e-03
  -0.0000000e+00
  -5.5140737e-02
  -6.2061716e-02
  -6.0346264e-02
  -6.6179782e-02
  -7.5518921e-02
  -8.2515955e-02
  -6.9265507e-02
  -0.0000000e+00
   0.0000000e+00
   0.0000000e+00
   0.0000000e+00
   0.0000000e+00
   0.0000000e+00
   0.0000000e+00
   0.0000000e+00
   0.0000000e+00
   0.0000000e+00
   0.0000000e+00
   0.0000000e+00
   0.0000000e+00
  -0.0000000e+00
  -4.9358666e-02
  -4.9941085e-02
  -5.1375903e-02
  -5.5930018e-02
  -6.1650399e-02
  -6.5140925e-02
  -6.5244250e-02
  -6.4707309e-02
  -6.8332434e-02
  -7.6086216e-02
  -7.7704288e-02
  -6.1765365e-02
  -2.3014380e-02
  -2.9778860e-03
  -0.0000000e+00
  -4.0884284e-02
  -3.8783718e-02
  -4.0538616e-02
  -4.5899328e-02
  -5.6199957e-02
  -6.9779828e-02
  -7.4010551e-02
  -0.0000000e+00
   0.0000000e+00
   0.0000000e+00
   0.0000000e+00
   0.0000000e+00
   0.0000000e+00
   0.0000000e+00
   0.0000000e+00
   0.0000000e+00
   0.0000000e+00
   0.0000000e+00
   0.0000000e+00
   0.0000000e+00
   0.0000000e+00
  -2.9809203e-02
  -3.1630628e-02
  -3.2588959e-02
  -3.4911897e-02
  -3.7446181e-02
  -3.8018665e-02
  -3.6342233e-02
  -3.5783078e-02
  -3.9472467e-02
  -4.7871375e-02
  -5.2363050e-02
  -4.0229439e-02
  -5.5232523e-03
   0.0000000e+00
  -0.0000000e+00
  -2.2348923e-02
  -1.3320902e-02
  -1.6287932e-02
  -2.3060246e-02
  -3.1223286e-02
  -4.4453195e-02
  -6.0701713e-02
  -5.6251009e-02
   0.0000000e+00
   0.0000000e+00
   0.0000000e+00
   0.0000000e+00
   0.0000000e+00
   0.0000000e+00
   0.0000000e+00
   0.0000000e+00
   0.0000000e+00
   0.0000000e+00
   0.0000000e+00
   0.0000000e+00
   0.0000000e+00
  -3.3344100e-03
   1.8495751e-03
   4.6886029e-03
   1.6353916e-03
  -3.5915477e-04
  -3.3654936e-04
   6.1649363e-05
  -1.9266848e-03
  -8.2609132e-03
  -1.8898794e-02
  -2.5821559e-02
  -1.6686860e-02
   8.5890376e-03
   0.0000000e+00
   0.0000000e+00
   0.0000000e+00
   2.0886023e-02
   1.6339594e-02
   5.3914110e-03
  -2.4254438e-03
  -1.2167557e-02
  -2.9259183e-02
  -3.4146634e-02
   0.0000000e+00
   0.0000000e+00
   0.0000000e+00
   0.0000000e+00
   0.0000000e+00
   0.0000000e+00
   0.0000000e+00
   0.0000000e+00
   0.0000000e+00
   0.0000000e+00
   0.0000000e+00
   0.0000000e+00
   0.0000000e+00
   1.3270938e-02
   3.5050208e-02
   5.2322354e-02
   4.8814878e-02
   4.6370007e-02
   4.4664711e-02
   4.1580819e-02
   3.5399452e-02
   2.5042102e-02
   1.1711381e-02
   2.0642490e-03
   7.1779974e-03
   0.0000000e+00
   0.0000000e+00
   0.0000000e+00
   0.0000000e+00
   0.0000000e+00
   5.5281263e-02
   4.4220742e-02
   3.3464707e-02
   2.4732638e-02
   1.1452597e-02
  -2.7753232e-03
   0.0000000e+00
   0.0000000e+00
   1.6286677e-02
   2.3857490e-02
   0.0000000e+00
   0.0000000e+00
   0.0000000e+00
   0.0000000e+00
   0.0000000e+00
   0.0000000e+00
   0.0000000e+00
   0.0000000e+00
   0.0000000e+00
   0.0000000e+00
   7.6340601e-02
   8.1389494e-02
   7.6124668e-02
   7.8037290e-02
   7.8882813e-02
   7.5550981e-02
   6.6672869e-02
   5.4042190e-02
   3.9987233e-02
   2.8359335e-02
   2.4422899e-02
   0.0000000e+00
   0.0000000e+00
   0.0000000e+00
   0.0000000e+00
   0.0000000e+00
   8.2582178e-02
   7.6115496e-02
   6.3470364e-02
   5.8245152e-02
   5.0379626e-02
   0.0000000e+00
   0.0000000e+00
   2.3884102e-02
   2.4408343e-02
   0.0000000e+00
   0.0000000e+00
   0.0000000e+00
   0.0000000e+00
   0.0000000e+00
   0.0000000e+00
   0.0000000e+00
   0.0000000e+00
   0.0000000e+00
   0.0000000e+00
   0.0000000e+00
   5.9718789e-02
   7.2869949e-02
   7.5942189e-02
   8.6159557e-02
   9.2417382e-02
   9.3059257e-02
   8.4448703e-02
   7.3168002e-02
   6.0848240e-02
   5.0102524e-02
   3.8840378e-02
   0.0000000e+00
   0.0000000e+00
   0.0000000e+00
   0.0000000e+00
   0.0000000e+00
   0.0000000e+00
   7.6141012e-02
   7.4065208e-02
   7.8357153e-02
   7.9062074e-02
   5.9747432e-02
   0.0000000e+00
   0.0000000e+00
   0.0000000e+00
   0.0000000e+00
   0.0000000e+00
   0.0000000e+00
   0.0000000e+00
   0.0000000e+00
   0.0000000e+00
   0.0000000e+00
   0.0000000e+00
   0.0000000e+00
   0.0000000e+00
   0.0000000e+00
   0.0000000e+00
   5.2880030e-02
   6.6361323e-02
   7.2958967e-02
   8.1700921e-02
   8.3395474e-02
   7.8353992e-02
   7.0691265e-02
   6.3791238e-02
   5.6156476e-02
   4.4337899e-02
   0.0000000e+00
   0.0000000e+00
   0.0000000e+00
   0.0000000e+00
   0.0000000e+00
   0.0000000e+00
   0.0000000e+00
   6.6322789e-02
   7.8350767e-02
   8.5344106e-02
   7.4051768e-02
   0.0000000e+00
   0.0000000e+00
   0.0000000e+00
   0.0000000e+00
   0.0000000e+00
   0.0000000e+00
   0.0000000e+00
   0.0000000e+00
   0.0000000e+00
   0.0000000e+00
   0.0000000e+00
   0.0000000e+00
   0.0000000e+00
   0.0000000e+00
   0.0000000e+00
   2.3491367e-02
   2.6290066e-02
   3.2399909e-02
   4.1172149e-02
   4.4552224e-02
   4.5280829e-02
   4.4475792e-02
   4.6539860e-02
   4.3412488e-02
   0.0000000e+00
   0.0000000e+00
   0.0000000e+00
   0.0000000e+00
   0.0000000e+00
   0.0000000e+00
   0.0000000e+00
   0.0000000e+00
   4.0132825e-02
   5.5499659e-02
   6.4767532e-02
   6.3288069e-02
   0.0000000e+00
   0.0000000e+00
   0.0000000e+00
   0.0000000e+00
   0.0000000e+00
   0.0000000e+00
   0.0000000e+00
   0.0000000e+00
   0.0000000e+00
   0.0000000e+00
   0.0000000e+00
   0.0000000e+00
   0.0000000e+00
   0.0000000e+00
   0.0000000e+00
  -0.0000000e+00
  -1.7085806e-02
  -2.1573408e-02
  -2.1796925e-02
  -1.0454426e-02
   3.1481496e-03
   1.7038275e-02
   1.4366862e-02
   1.4101071e-02
   0.0000000e+00
   0.0000000e+00
   0.0000000e+00
   0.0000000e+00
   0.0000000e+00
   0.0000000e+00
   0.0000000e+00
  -6.0276704e-03
  -4.0004558e-03
   8.3801802e-03
   1.9234583e-02
   1.5453394e-02
   0.0000000e+00
   0.0000000e+00
   0.0000000e+00
   0.0000000e+00
   0.0000000e+00
   0.0000000e+00
   0.0000000e+00
   0.0000000e+00
   0.0000000e+00
   0.0000000e+00
   0.0000000e+00
   0.0000000e+00
   0.0000000e+00
   0.0000000e+00
   0.0000000e+00
   0.0000000e+00
   0.0000000e+00
  -0.0000000e+00
  -0.0000000e+00
  -4.1624146e-02
  -3.6382356e-02
   0.0000000e+00
  -0.0000000e+00
  -0.0000000e+00
   0.0000000e+00
   0.0000000e+00
   0.0000000e+00
   0.0000000e+00
   0.0000000e+00
   0.0000000e+00
   0.0000000e+00
  -0.0000000e+00
  -0.0000000e+00
  -0.0000000e+00
  -4.8913921e-02
  -3.5998344e-02
  -1.8266459e-02
  -1.1677548e-02
   0.0000000e+00
   0.0000000e+00
   0.0000000e+00
   0.0000000e+00
   0.0000000e+00
   0.0000000e+00
   0.0000000e+00
   0.0000000e+00
   0.0000000e+00
   0.0000000e+00
   0.0000000e+00
   0.0000000e+00
   0.0000000e+00
   0.0000000e+00
  -1.6132494e-02
  -1.9797561e-02
  -2.5524919e-02
  -3.3441483e-02
  -4.2864822e-02
  -4.7224104e-02
  -3.9218193e-02
  -2.6568749e-02
  -1.9062955e-02
   0.0000000e+00
   0.0000000e+00
   0.0000000e+00
   0.0000000e+00
   0.0000000e+00
   0.0000000e+00
   0.0000000e+00
   0.0000000e+00
   0.0000000e+00
   0.0000000e+00
  -2.5509508e-02
  -1.9302929e-02
  -1.8623684e-02
  -2.1250387e-02
  -1.8617768e-02
  -1.1653840e-02
  -9.2283135e-03
   0.0000000e+00
  -7.5724512e-03
   0.0000000e+00
   0.0000000e+00
   0.0000000e+00
