   5.9380607e-01   5.3470991e-01   6.3317533e-01   6.2724942e-01   4.9812097e-01   4.8193632e-01   7.9929191e-01   8.7257394e-01   1.2047314e+00   1.3713995e+00   1.3262072e+00   1.1981414e+00   9.9651429e-01   8.4065449e-01   7.4001348e-01   5.8571559e-01   5.0626782e-01   4.1684452e-01   0.0000000e+00   0.0000000e+00   0.0000000e+00   0.0000000e+00   0.0000000e+00   0.0000000e+00   1.2951469e+00   1.0225036e+00   8.8552488e-01   8.5231839e-01   6.5082920e-01   6.1728440e-01   6.0829677e-01   6.6864034e-01   6.6988599e-01   7.5708804e-01   7.5233019e-01   6.6616093e-01
   0.0000000e+00   0.0000000e+00   0.0000000e+00   0.0000000e+00   0.0000000e+00   0.0000000e+00   0.0000000e+00   0.0000000e+00   2.0989360e+00   2.0115770e+00   0.0000000e+00   0.0000000e+00   0.0000000e+00   0.0000000e+00   0.0000000e+00   0.0000000e+00   0.0000000e+00   0.0000000e+00   0.0000000e+00   0.0000000e+00   0.0000000e+00   0.0000000e+00   0.0000000e+00   2.9772106e+00   2.1632498e+00   1.6186026e+00   1.3423388e+00   0.0000000e+00   0.0000000e+00   0.0000000e+00   0.0000000e+00   0.0000000e+00   0.0000000e+00   0.0000000e+00   0.0000000e+00   0.0000000e+00
   0.0000000e+00   0.0000000e+00   0.0000000e+00   0.0000000e+00   0.0000000e+00   1.3732102e+00   2.0290103e+00   1.9867634e+00   1.2982169e+00   7.1532133e-01   1.4935335e+00   1.6566441e+00   1.8999587e+00   0.0000000e+00   0.0000000e+00   0.0000000e+00   0.0000000e+00   0.0000000e+00   0.0000000e+00   0.0000000e+00   7.9080006e-01   9.8160250e-01   1.2894517e+00   1.3172539e+00   1.0563351e+00   8.2603054e-01   0.0000000e+00   0.0000000e+00   0.0000000e+00   0.0000000e+00   0.0000000e+00   0.0000000e+00   0.0000000e+00   0.0000000e+00   0.0000000e+00   0.0000000e+00
   0.0000000e+00   0.0000000e+00   0.0000000e+00   0.0000000e+00   1.4746478e+00   1.2327322e+00   1.4852102e+00   1.3270049e+00   1.2772377e+00   1.6134156e+00   2.2990188e+00   2.5672975e+00   2.5574573e+00   0.0000000e+00   0.0000000e+00   0.0000000e+00   0.0000000e+00   0.0000000e+00   0.0000000e+00   0.0000000e+00   0.0000000e+00   1.0153217e+00   1.5889287e+00   2.1177158e+00   1.9736139e+00   0.0000000e+00   0.0000000e+00   0.0000000e+00   0.0000000e+00   0.0000000e+00   0.0000000e+00   0.0000000e+00   0.0000000e+00   0.0000000e+00   0.0000000e+00   0.0000000e+00
   0.0000000e+00   0.0000000e+00   0.0000000e+00   0.0000000e+00   1.9419926e+00   2.1820719e+00   2.5020316e+00   3.0926906e+00   3.3825663e+00   3.5522892e+00   3.6373439e+00   3.6273005e+00   3.2861674e+00   2.9456174e+00   0.0000000e+00   0.0000000e+00   0.0000000e+00   0.0000000e+00   0.0000000e+00   0.0000000e+00   0.0000000e+00   2.7325124e+00   3.4660040e+00   3.8912544e+00   3.8755596e+00   0.0000000e+00   0.0000000e+00   0.0000000e+00   0.0000000e+00   0.0000000e+00   0.0000000e+00   0.0000000e+00   0.0000000e+00   0.0000000e+00   0.0000000e+00   0.0000000e+00
   0.0000000e+00   0.0000000e+00   0.0000000e+00   2.1275787e+00   2.5906889e+00   3.0461445e+00   3.5685031e+00   4.0054274e+00   4.2202058e+00   4.1680522e+00   4.0061212e+00   3.7300377e+00   3.1743580e+00   2.8399354e+00   0.0000000e+00   0.0000000e+00   0.0000000e+00   0.0000000e+00   0.0000000e+00   0.0000000e+00   4.0384826e+00   4.0464759e+00   4.3235521e+00   4.4105797e+00   3.7809830e+00   0.0000000e+00   0.0000000e+00   0.0000000e+00   0.0000000e+00   0.0000000e+00   0.0000000e+00   0.0000000e+00   0.0000000e+00   0.0000000e+00   0.0000000e+00   0.0000000e+00
   0.0000000e+00   0.0000000e+00   0.0000000e+00   3.4388747e+00   3.2796807e+00   3.0674682e+00   3.4552283e+00   3.6999900e+00   3.8028226e+00   3.6549008e+00   3.3624477e+00   2.8790815e+00   2.2198915e+00   2.9797030e+00   0.0000000e+00   0.0000000e+00   0.0000000e+00   0.0000000e+00   0.0000000e+00   5.1002404e+00   4.7327952e+00   4.3100600e+00   4.1256952e+00   3.7920465e+00   0.0000000e+00   0.0000000e+00   1.7845407e+00   2.5615061e+00   0.0000000e+00   0.0000000e+00   0.0000000e+00   0.0000000e+00   0.0000000e+00   0.0000000e+00   0.0000000e+00   0.0000000e+00
   0.0000000e+00   0.0000000e+00   8.4692691e-01   2.1027001e+00   2.7865508e+00   2.6666045e+00   2.6345011e+00   2.5497572e+00   2.3936367e+00   2.1547561e+00   1.8234360e+00   1.3415465e+00   9.1985048e-01   2.9962192e+00   0.0000000e+00   0.0000000e+00   0.0000000e+00   0.0000000e+00   0.0000000e+00   4.4080502e+00   3.9405100e+00   3.1506294e+00   2.5600085e+00   2.2341089e+00   3.1930791e+00   0.0000000e+00   1.6211958e+00   2.1104175e+00   2.7476245e+00   0.0000000e+00   0.0000000e+00   0.0000000e+00   0.0000000e+00   0.0000000e+00   0.0000000e+00   0.0000000e+00
   0.0000000e+00   0.0000000e+00   7.1055497e-01   1.0346765e+00   1.0879035e+00   1.1187087e+00   1.0498341e+00   8.7708938e-01   6.5019327e-01   6.2446344e-01   8.5784066e-01   1.2156863e+00   1.5597231e+00   3.1226258e+00   4.6877588e+00   0.0000000e+00   0.0000000e+00   0.0000000e+00   3.0600203e+00   2.8660924e+00   1.9380577e+00   1.0687848e+00   1.0998313e+00   2.4458690e+00   4.8537287e+00   0.0000000e+00   0.0000000e+00   1.4739270e+00   2.8943096e+00   0.0000000e+00   0.0000000e+00   0.0000000e+00   0.0000000e+00   0.0000000e+00   0.0000000e+00   0.0000000e+00
   0.0000000e+00   0.0000000e+00   1.9845427e+00   1.7704022e+00   1.7055264e+00   1.8425444e+00   1.9946643e+00   2.0699835e+00   2.1307244e+00   2.2774465e+00   2.6660638e+00   3.3168073e+00   3.8301339e+00   4.2261209e+00   4.6626646e+00   0.0000000e+00   0.0000000e+00   1.9204525e+00   1.5049222e+00   1.3549973e+00   1.4161808e+00   2.0150876e+00   3.1872439e+00   5.3318481e+00   6.7246813e+00   0.0000000e+00   0.0000000e+00   0.0000000e+00   0.0000000e+00   0.0000000e+00   0.0000000e+00   0.0000000e+00   0.0000000e+00   0.0000000e+00   0.0000000e+00   0.0000000e+00
   0.0000000e+00   0.0000000e+00   3.2382452e+00   3.3782814e+00   3.4642954e+00   3.6487310e+00   3.9120016e+00   4.1136031e+00   4.1792307e+00   4.2488046e+00   4.5484710e+00   5.1304607e+00   5.5471401e+00   5.4575944e+00   4.6182823e+00   3.4095009e+00   0.0000000e+00   3.3969966e+00   2.9048332e+00   2.9702702e+00   3.3613973e+00   4.1006021e+00   5.3647246e+00   7.2188292e+00   0.0000000e+00   0.0000000e+00   0.0000000e+00   0.0000000e+00   0.0000000e+00   0.0000000e+00   0.0000000e+00   0.0000000e+00   0.0000000e+00   0.0000000e+00   0.0000000e+00   0.0000000e+00
   0.0000000e+00   3.8780353e+00   3.8339853e+00   3.9841988e+00   4.3070564e+00   4.8274422e+00   5.3420939e+00   5.7118521e+00   5.8761883e+00   5.9887466e+00   6.2876716e+00   6.7993274e+00   7.0596843e+00   6.6422777e+00   5.1239495e+00   3.2606623e+00   0.0000000e+00   4.5696862e+00   4.8495994e+00   4.8835549e+00   5.3149509e+00   6.1040540e+00   7.0788426e+00   8.0866098e+00   0.0000000e+00   0.0000000e+00   0.0000000e+00   0.0000000e+00   0.0000000e+00   0.0000000e+00   0.0000000e+00   0.0000000e+00   0.0000000e+00   0.0000000e+00   0.0000000e+00   0.0000000e+00
   0.0000000e+00   3.2548520e+00   3.4498773e+00   3.7610021e+00   4.4776244e+00   5.2992349e+00   5.9956675e+00   6.5329747e+00   6.9079385e+00   7.2142081e+00   7.5789967e+00   7.9983587e+00   8.1390276e+00   7.5901337e+00   5.7211022e+00   3.5579486e+00   2.9212674e+00   5.7266598e+00   6.9687390e+00   6.5702286e+00   6.9190950e+00   7.4461775e+00   7.8253145e+00   7.6363740e+00   0.0000000e+00   0.0000000e+00   0.0000000e+00   0.0000000e+00   0.0000000e+00   0.0000000e+00   0.0000000e+00   3.4917018e+00   4.5700563e+00   0.0000000e+00   0.0000000e+00   0.0000000e+00
   0.0000000e+00   2.6556047e+00   2.7908666e+00   3.3524120e+00   4.3526602e+00   5.3150258e+00   6.0711608e+00   6.7097359e+00   7.2750750e+00   7.7253346e+00   8.1388664e+00   8.4421911e+00   8.4118738e+00   7.8131971e+00   6.1679311e+00   3.7971501e+00   1.5346483e+00   0.0000000e+00   9.7455542e+00   7.9226389e+00   7.6430192e+00   7.8648882e+00   7.4717598e+00   6.1534185e+00   0.0000000e+00   0.0000000e+00   0.0000000e+00   0.0000000e+00   0.0000000e+00   0.0000000e+00   0.0000000e+00   3.5276744e+00   3.7468417e+00   0.0000000e+00   0.0000000e+00   0.0000000e+00
   0.0000000e+00   1.8581913e+00   2.1416600e+00   2.9301889e+00   4.0276065e+00   5.0127840e+00   5.7190328e+00   6.3139362e+00   6.8257723e+00   7.1717272e+00   7.3916707e+00   7.4378901e+00   7.2498856e+00   6.8095589e+00   6.0310979e+00   5.4005098e+00   6.8881358e+00   9.2565161e+00   9.0652782e+00   8.2836211e+00   7.6524518e+00   7.6637754e+00   6.4909234e+00   4.4437437e+00   0.0000000e+00   0.0000000e+00   0.0000000e+00   0.0000000e+00   0.0000000e+00   0.0000000e+00   0.0000000e+00   2.2824130e+00   2.5581752e+00   0.0000000e+00   3.5689277e+00   2.5628069e+00
   0.0000000e+00   1.6270039e+00   1.7723633e+00   2.5611827e+00   3.6023192e+00   4.4654784e+00   4.9826622e+00   5.3173227e+00   5.5263548e+00   5.6516171e+00   5.6807666e+00   5.5428557e+00   5.2887106e+00   5.1170902e+00   5.3401508e+00   6.1238341e+00   7.0952315e+00   5.5758193e+00   6.0224735e+00   0.0000000e+00   7.5278734e+00   6.7956636e+00   4.7365494e+00   2.9598029e+00   3.6011348e+00   0.0000000e+00   0.0000000e+00   0.0000000e+00   0.0000000e+00   0.0000000e+00   0.0000000e+00   1.6627607e+00   1.7359322e+00   2.4923826e+00   2.7743517e+00   1.1143932e+00
   0.0000000e+00   0.0000000e+00   1.4546285e+00   2.3204603e+00   3.3326921e+00   4.1371675e+00   4.6029272e+00   4.8880911e+00   5.1423974e+00   5.4229188e+00   5.6533256e+00   5.7244968e+00   5.6515398e+00   5.6028948e+00   5.4857402e+00   5.2113986e+00   4.6356912e+00   3.6752582e+00   4.6285448e+00   0.0000000e+00   0.0000000e+00   5.7498065e+00   3.0030649e+00   1.7891362e+00   3.5150091e+00   0.0000000e+00   0.0000000e+00   0.0000000e+00   0.0000000e+00   0.0000000e+00   0.0000000e+00   1.5661095e+00   1.2900146e+00   2.3020663e+00   2.4209800e+00   9.8392693e-01
   0.0000000e+00   0.0000000e+00   1.0856615e+00   2.1822395e+00   3.1983069e+00   4.1367907e+00   4.8284768e+00   5.3736690e+00   5.9050429e+00   6.3746678e+00   6.7283770e+00   6.8961331e+00   6.8576108e+00   6.6232106e+00   5.9509790e+00   4.7623939e+00   2.9214212e+00   1.8848912e+00   3.2182768e+00   0.0000000e+00   0.0000000e+00   5.0355548e+00   3.3472610e+00   2.1981804e+00   2.8456441e+00   3.7207209e+00   3.5259821e+00   0.0000000e+00   0.0000000e+00   0.0000000e+00   3.1769242e+00   2.2295949e+00   1.8292740e+00   2.0211003e+00   2.0972271e+00   1.1109804e+00
   0.0000000e+00   0.0000000e+00   1.0608535e+00   1.9754692e+00   2.6328890e+00   3.7239282e+00   4.7342023e+00   5.5548332e+00   6.2587940e+00   6.7905590e+00   7.1589690e+00   7.2581898e+00   7.0336510e+00   6.5370752e+00   5.6741527e+00   4.4363064e+00   2.6334614e+00   1.1797019e+00   0.0000000e+00   0.0000000e+00   0.0000000e+00   0.0000000e+00   4.3741099e+00   3.7875414e+00   3.3949168e+00   3.0864550e+00   2.3668925e+00   0.0000000e+00   0.0000000e+00   0.0000000e+00   3.6746900e+00   3.0871712e+00   2.8255946e+00   2.4967973e+00   2.1618235e+00   1.4160981e+00
   0.0000000e+00   0.0000000e+00   1.2152222e+00   2.1523051e+00   2.1766691e+00   2.5678980e+00   3.5920362e+00   4.4639645e+00   5.1768727e+00   5.7071252e+00   6.1267748e+00   6.3829522e+00   6.4032106e+00   6.1975799e+00   5.6593275e+00   4.8108053e+00   3.6509118e+00   2.4421842e+00   0.0000000e+00   0.0000000e+00   0.0000000e+00   0.0000000e+00   0.0000000e+00   5.1645284e+00   4.7057276e+00   3.8572333e+00   2.4433910e+00   0.0000000e+00   0.0000000e+00   0.0000000e+00   4.5297508e+00   4.1034665e+00   3.9848189e+00   3.6641135e+00   3.1485353e+00   2.2610519e+00
   3.6336936e+00   0.0000000e+00   1.5003690e+00   2.4247515e+00   2.8649473e+00   1.7116225e+00   1.9066342e+00   2.4523759e+00   2.9714916e+00   3.4522789e+00   4.0920663e+00   4.9563508e+00   5.7336650e+00   6.2869020e+00   6.5344734e+00   6.3879938e+00   5.7549853e+00   4.4934063e+00   0.0000000e+00   0.0000000e+00   0.0000000e+00   0.0000000e+00   0.0000000e+00   6.0405321e+00   5.7697997e+00   4.8344769e+00   3.2069772e+00   0.0000000e+00   0.0000000e+00   0.0000000e+00   4.9911276e+00   5.0904555e+00   5.2830467e+00   5.2968397e+00   4.9268756e+00   3.8816509e+00
   4.3199707e+00   3.3132202e+00   2.1162386e+00   1.9329161e+00   3.8117473e+00   2.6494896e+00   2.0254285e+00   1.6096952e+00   1.6972587e+00   2.1615965e+00   2.9528813e+00   4.1971254e+00   5.5176010e+00   6.5588832e+00   7.1521754e+00   7.2683563e+00   7.0688658e+00   6.2652469e+00   5.8062442e+00   0.0000000e+00   0.0000000e+00   0.0000000e+00   0.0000000e+00   6.3117995e+00   6.5170155e+00   5.8584118e+00   3.8893565e+00   0.0000000e+00   0.0000000e+00   0.0000000e+00   4.8690865e+00   5.7739874e+00   6.3452864e+00   6.6867051e+00   6.5781274e+00   5.6946435e+00
   5.4313655e+00   4.0728779e+00   3.3175554e+00   2.7522767e+00   4.3051968e+00   4.0487542e+00   3.7812321e+00   3.4172382e+00   3.1339965e+00   3.1421478e+00   3.3827131e+00   3.9203596e+00   4.7909646e+00   5.7978783e+00   6.5945530e+00   7.0369592e+00   7.2401690e+00   7.2308521e+00   6.8526721e+00   0.0000000e+00   0.0000000e+00   0.0000000e+00   5.0136312e+00   6.1614590e+00   6.8762589e+00   6.8164549e+00   5.8488941e+00   0.0000000e+00   0.0000000e+00   0.0000000e+00   3.0776209e+00   6.0596091e+00   6.8018909e+00   7.3162794e+00   7.4367037e+00   6.8453555e+00
   5.7864714e+00   4.1809726e+00   3.7340798e+00   4.0421410e+00   4.7897975e+00   4.8483486e+00   4.7468591e+00   4.7300491e+00   4.6263008e+00   4.4360957e+00   4.2408223e+00   4.0158253e+00   4.0691457e+00   4.6548858e+00   5.5377612e+00   6.3086019e+00   6.8713627e+00   7.1727123e+00   7.1125962e+00   0.0000000e+00   0.0000000e+00   0.0000000e+00   4.3878943e+00   5.5279112e+00   6.5745711e+00   7.1937146e+00   6.9969711e+00   0.0000000e+00   0.0000000e+00   0.0000000e+00   5.8018213e+00   5.8456027e+00   6.6394653e+00   7.2470570e+00   7.5458245e+00   7.1640944e+00
   5.6562543e+00   3.6656433e+00   2.6616778e+00   0.0000000e+00   5.4254227e+00   4.8179288e+00   4.8197670e+00   4.9253283e+00   4.9570026e+00   4.8146520e+00   4.5122509e+00   4.0376601e+00   3.5829294e+00   3.5453186e+00   4.1324186e+00   4.9429603e+00   5.8259573e+00   6.5606670e+00   6.0845236e+00   0.0000000e+00   0.0000000e+00   0.0000000e+00   3.6948762e+00   4.3539310e+00   5.4768186e+00   6.7038527e+00   7.4631629e+00   0.0000000e+00   0.0000000e+00   3.5164476e+00   4.1302663e+00   5.1186695e+00   5.9297748e+00   6.5152516e+00   6.9124565e+00   6.8193598e+00
   5.0826073e+00   3.1729568e+00   0.0000000e+00   0.0000000e+00   3.6334613e+00   3.6493642e+00   3.8929651e+00   4.1204791e+00   4.2361341e+00   4.1622577e+00   3.9108748e+00   3.4894805e+00   3.0149124e+00   2.6801865e+00   2.8486314e+00   3.3223410e+00   4.1498718e+00   5.4114761e+00   5.9206343e+00   0.0000000e+00   0.0000000e+00   0.0000000e+00   3.4267955e+00   2.9653804e+00   3.6993740e+00   5.1631436e+00   7.1623321e+00   0.0000000e+00   0.0000000e+00   3.7518097e+00   3.6866121e+00   4.1227751e+00   4.6459222e+00   5.0266333e+00   5.4157410e+00   5.6913762e+00
   4.6292386e+00   2.7033852e+00   0.0000000e+00   0.0000000e+00   0.0000000e+00   2.0145361e+00   2.3165112e+00   2.6774285e+00   2.8878164e+00   2.8795338e+00   2.7525649e+00   2.4823494e+00   2.1424310e+00   1.8518188e+00   1.8136201e+00   1.9431893e+00   2.3311267e+00   3.7149425e+00   5.8179163e+00   0.0000000e+00   0.0000000e+00   0.0000000e+00   2.5274196e+00   1.6834410e+00   1.7645915e+00   2.9849830e+00   6.0128126e+00   0.0000000e+00   0.0000000e+00   2.9873596e+00   3.1742224e+00   3.0554869e+00   2.9422731e+00   2.9832368e+00   3.2630360e+00   4.0594082e+00
   3.8836570e+00   0.0000000e+00   0.0000000e+00   0.0000000e+00   0.0000000e+00   5.2086987e-01   6.1702943e-01   7.5628346e-01   8.6913836e-01   8.9526820e-01   8.7519532e-01   8.2547069e-01   7.1625048e-01   6.3105363e-01   7.2595870e-01   8.9377421e-01   7.5441700e-01   1.5660602e+00   4.4138091e+00   0.0000000e+00   0.0000000e+00   1.5777290e+00   1.3294052e+00   1.2132158e+00   1.0116537e+00   1.2755796e+00   2.9311790e+00   4.2148533e+00   0.0000000e+00   1.1717892e+00   1.1859667e+00   1.3025714e+00   9.5526385e-01   9.6286303e-01   1.4314200e+00   2.3706405e+00
   4.1149456e+00   0.0000000e+00   0.0000000e+00   0.0000000e+00   0.0000000e+00   1.7483133e+00   1.6918829e+00   1.5176820e+00   1.4710885e+00   1.4173274e+00   1.4207470e+00   1.3907741e+00   1.3409986e+00   1.3845214e+00   1.6683266e+00   2.0674930e+00   2.2945175e+00   2.2633493e+00   3.4131086e+00   0.0000000e+00   0.0000000e+00   1.2332533e+00   1.6708362e+00   2.4577739e+00   3.0530802e+00   3.2546973e+00   2.9390039e+00   2.8349591e+00   2.0102912e+00   1.7584776e+00   1.5289474e+00   2.0066228e+00   2.7574229e+00   3.3949483e+00   3.8428328e+00   3.9037540e+00
   6.1981397e+00   0.0000000e+00   0.0000000e+00   0.0000000e+00   0.0000000e+00   2.9518745e+00   2.8133042e+00   3.1265278e+00   3.4534826e+00   3.4825070e+00   3.5396566e+00   3.6008058e+00   3.6320724e+00   3.7116349e+00   3.9132423e+00   4.2194719e+00   4.5273118e+00   4.5262957e+00   4.0053305e+00   0.0000000e+00   0.0000000e+00   3.0687844e+00   3.7407906e+00   4.6288214e+00   5.3033900e+00   5.6942348e+00   5.5914445e+00   4.6861033e+00   4.1129727e+00   4.1443300e+00   4.1131115e+00   4.6699352e+00   5.5419297e+00   6.2765255e+00   6.7430987e+00   6.7948837e+00
   8.2285043e+00   8.5494478e+00   6.5307736e+00   0.0000000e+00   0.0000000e+00   4.2190910e+00   3.7404577e+00   4.2753470e+00   4.6930457e+00   4.6953236e+00   4.8970211e+00   5.1414712e+00   5.3361441e+00   5.5122031e+00   5.6846164e+00   5.9120862e+00   6.1511082e+00   6.2190746e+00   5.7818549e+00   0.0000000e+00   4.1582290e+00   4.8830196e+00   5.7086738e+00   6.2629069e+00   6.6734365e+00   7.0054955e+00   7.2006526e+00   7.0533031e+00   6.7354836e+00   6.2173900e+00   6.1587985e+00   6.7426523e+00   7.3507361e+00   7.9265447e+00   8.3110519e+00   8.4104457e+00
   8.2637568e+00   8.2515497e+00   7.6869373e+00   7.6313917e+00   7.6339526e+00   5.5887914e+00   5.1321144e+00   5.1619109e+00   5.0294666e+00   5.3344817e+00   5.7249742e+00   6.0264258e+00   6.2736554e+00   6.5293388e+00   6.7467628e+00   6.9134345e+00   7.0652285e+00   7.1611495e+00   7.1175771e+00   0.0000000e+00   5.7564440e+00   6.0807643e+00   6.6045833e+00   6.8784404e+00   7.0439305e+00   7.2220078e+00   7.4807429e+00   7.6489067e+00   7.7417912e+00   7.6432743e+00   7.6673102e+00   8.0058622e+00   8.1619616e+00   8.3158064e+00   8.4669275e+00   8.2913380e+00
   6.2458076e+00   6.5717301e+00   6.8238597e+00   6.8721385e+00   6.6804125e+00   6.0646067e+00   5.6607666e+00   5.5847331e+00   5.1657596e+00   5.2717524e+00   5.6384015e+00   5.9674935e+00   6.1355624e+00   6.2855754e+00   6.4784021e+00   6.6342835e+00   6.7208781e+00   6.8095965e+00   7.0401655e+00   0.0000000e+00   6.2370434e+00   5.7655163e+00   5.9856768e+00   6.1003370e+00   5.9729824e+00   5.9540925e+00   6.1797547e+00   6.3876696e+00   6.6290026e+00   6.8238521e+00   6.9138770e+00   7.0099797e+00   6.8026409e+00   6.5780153e+00   6.5229673e+00   6.2211132e+00
   2.3509090e+00   2.6676176e+00   3.3121431e+00   3.7110736e+00   3.9077699e+00   3.9517405e+00   3.8959708e+00   3.7142062e+00   3.5808895e+00   3.7899032e+00   4.1867342e+00   4.4424562e+00   4.4311829e+00   4.4209218e+00   4.4495277e+00   4.5017743e+00   4.5539284e+00   4.5892153e+00   4.6600373e+00   4.3440404e+00   4.1179328e+00   3.5068460e+00   3.6806941e+00   3.6417689e+00   3.3315196e+00   3.1082497e+00   3.0010817e+00   2.9958353e+00   3.0919383e+00   3.1235170e+00   3.0221114e+00   2.9502912e+00   2.8229001e+00   2.6627605e+00   2.5168645e+00   2.4124115e+00
   4.5509811e+00   2.4459088e+00   6.7117316e-01   1.1354796e+00   1.3663237e+00   9.8664582e-01   1.0463732e+00   1.1303233e+00   1.3480717e+00   1.5823643e+00   1.7478292e+00   1.7894194e+00   1.6325374e+00   1.4688966e+00   1.3119507e+00   1.2405386e+00   1.1463447e+00   1.0772399e+00   1.0858200e+00   1.6711294e+00   1.0957148e+00   9.8007601e-01   1.0472548e+00   1.1456684e+00   1.4666888e+00   1.9656628e+00   1.8624989e+00   2.3298620e+00   2.3796278e+00   2.4281559e+00   2.1045297e+00   2.7065927e+00   2.6634868e+00   2.7090847e+00   3.8653444e+00   5.1428296e+00
   0.0000000e+00   4.1245850e+00   0.0000000e+00   0.0000000e+00   3.6387936e+00   0.0000000e+00   4.4017879e+00   2.7392660e+00   2.3656461e+00   2.4114837e+00   2.4299537e+00   1.4704572e+00   1.5666660e+00   0.0000000e+00   1.4141818e+00   2.2474600e+00   2.5087960e+00   2.0051662e+00   3.5624154e+00   0.0000000e+00   2.1457648e+00   2.2113496e+00   3.5594699e+00   0.0000000e+00   0.0000000e+00   0.0000000e+00   0.0000000e+00   0.0000000e+00   0.0000000e+00   0.0000000e+00   0.0000000e+00   0.0000000e+00   0.0000000e+00   0.0000000e+00   0.0000000e+00   0.0000000e+00
