  -4.4854322e-01
  -2.6362512e+00
  -4.6976957e+00
  -2.5404394e+00
  -3.1995893e+00
  -3.9147508e+00
  -2.3628917e+00
  -2.4175193e+00
  -3.1506777e+00
  -3.4129138e+00
  -3.4605458e+00
  -3.7020056e+00
  -3.8458226e+00
  -3.8959994e+00
  -3.8540633e+00
  -3.8154750e+00
  -4.1664705e+00
  -4.4259691e+00
  -4.0065842e+00
  -3.7518284e+00
  -3.7233016e+00
  -4.0114131e+00
  -5.0234709e+00
  -7.1075602e+00
  -7.9857497e+00
  -8.0003014e+00
  -7.2817278e+00
  -6.3860445e+00
  -5.9739947e+00
  -5.5860877e+00
  -4.9740276e+00
  -4.2313881e+00
  -4.2771459e+00
  -4.9274716e+00
  -3.9934180e+00
  -1.6160027e+00
  -3.4805882e+00
  -2.2289720e+00
  -3.4719310e+00
  -1.8827193e+00
  -5.8599252e-01
  -1.4758608e-01
   3.0294779e-01
   6.7750973e-01
   1.0635388e+00
   1.2776575e+00
   1.4232799e+00
   1.4107535e+00
   1.2792053e+00
   1.1507905e+00
   1.0364480e+00
   9.8763764e-01
   9.3182015e-01
   8.9915991e-01
   7.8155714e-01
   7.0596147e-01
   7.3972017e-01
   7.3911601e-01
   5.6783354e-01
   1.0420419e-02
  -1.0200306e+00
  -2.2827191e+00
  -3.9112506e+00
  -4.3858175e+00
  -4.4114761e+00
  -5.1609392e+00
  -6.0729165e+00
  -5.3564744e+00
  -3.3706636e+00
  -5.5976276e+00
  -7.3785172e+00
  -6.3224554e+00
   1.6935767e+00
   2.4386916e+00
   3.0010951e+00
   3.3362155e+00
   3.6265149e+00
   3.8083744e+00
   3.8457985e+00
   3.6874268e+00
   3.5574589e+00
   3.7723143e+00
   4.1754241e+00
   4.4304423e+00
   4.4189744e+00
   4.3969493e+00
   4.4088778e+00
   4.4489532e+00
   4.4920945e+00
   4.5139728e+00
   4.5670123e+00
   4.2267480e+00
   4.0928292e+00
   3.4538965e+00
   3.6598475e+00
   3.6389546e+00
   3.3255126e+00
   3.0927069e+00
   2.9544435e+00
   2.9173057e+00
   2.9920709e+00
   3.0009198e+00
   2.8555696e+00
   2.6873927e+00
   2.5159712e+00
   2.3589246e+00
   1.8412287e+00
   1.3656799e+00
   6.0659280e+00
   6.2094274e+00
   6.3345079e+00
   6.3686032e+00
   5.8902974e+00
   5.8785243e+00
   5.5350909e+00
   5.1312571e+00
   5.0702605e+00
   5.1901174e+00
   5.5932016e+00
   5.9305801e+00
   6.0710936e+00
   6.1745467e+00
   6.3262205e+00
   6.4678855e+00
   6.5461121e+00
   6.6132288e+00
   6.4518123e+00
   4.2945576e+00
   6.1430149e+00
   5.6215134e+00
   5.9260063e+00
   6.0792990e+00
   5.9415793e+00
   5.8959494e+00
   6.0988579e+00
   6.2603388e+00
   6.4588327e+00
   6.6628251e+00
   6.8023682e+00
   6.9635377e+00
   6.7886200e+00
   6.5703359e+00
   6.5201278e+00
   6.1842666e+00
   8.0108185e+00
   7.8643746e+00
   7.2408080e+00
   6.0974660e+00
   3.9235311e+00
   5.5014410e+00
   5.0345964e+00
   3.3576756e+00
   4.4533119e+00
   5.2354684e+00
   5.6623545e+00
   5.9596705e+00
   6.1574545e+00
   6.3562574e+00
   6.5402846e+00
   6.7035170e+00
   6.8503642e+00
   6.9345307e+00
   6.4389772e+00
   4.3352294e+00
   5.6256919e+00
   5.9058423e+00
   6.5260010e+00
   6.8222198e+00
   6.9654136e+00
   7.1154613e+00
   7.3441010e+00
   7.4533415e+00
   7.5173907e+00
   7.4491019e+00
   7.5125279e+00
   7.9301701e+00
   8.1323099e+00
   8.3038330e+00
   8.4589119e+00
   8.2117348e+00
   7.7334351e+00
   5.5189389e+00
   5.1640619e+00
   2.6312440e+00
   2.2109798e+00
   4.0433595e+00
   3.6970982e+00
   3.9257107e+00
   4.4749863e+00
   4.6287432e+00
   4.8475678e+00
   5.0651429e+00
   5.2080966e+00
   5.3494671e+00
   5.5018924e+00
   5.7253916e+00
   5.9632734e+00
   6.0551809e+00
   5.2932078e+00
   3.5299937e+00
   3.6880951e+00
   4.7089921e+00
   5.6317523e+00
   6.1912702e+00
   6.5805500e+00
   6.8984675e+00
   7.0791139e+00
   6.9000810e+00
   6.6125030e+00
   6.1395592e+00
   6.0737918e+00
   6.7031926e+00
   7.3375706e+00
   7.9216614e+00
   8.2890859e+00
   8.3122478e+00
   5.7392950e+00
   2.5516145e+00
   2.4547412e+00
   1.7257855e+00
   1.4148757e+00
   2.6995103e+00
   2.7440937e+00
   3.0750141e+00
   3.4008269e+00
   3.4298110e+00
   3.4907537e+00
   3.5277867e+00
   3.5341840e+00
   3.5966327e+00
   3.7819266e+00
   4.0739317e+00
   4.3920202e+00
   4.4659076e+00
   3.5397999e+00
   2.1040535e+00
   1.9925704e+00
   2.7278354e+00
   3.6817098e+00
   4.5584817e+00
   5.2286811e+00
   5.6326437e+00
   5.5511208e+00
   4.6488643e+00
   4.0959868e+00
   4.1239214e+00
   4.0580220e+00
   4.6392627e+00
   5.5248694e+00
   6.2629576e+00
   6.7155390e+00
   6.7477913e+00
   2.7346713e+00
   1.0907000e+00
   9.9171567e-01
   1.1763071e+00
   7.9588830e-01
   1.4206902e+00
   1.5653022e+00
   1.4525423e+00
   1.4378434e+00
   1.3980429e+00
   1.4027524e+00
   1.3685583e+00
   1.3133582e+00
   1.3323697e+00
   1.5500696e+00
   1.8987961e+00
   2.1882131e+00
   2.1021934e+00
   1.4721293e+00
   1.3866283e+00
   3.7975815e-01
   4.5554650e-01
   1.4679366e+00
   2.3180716e+00
   2.9909502e+00
   3.2317238e+00
   2.4710419e+00
   9.4621659e-01
   1.2718014e+00
   1.6353701e+00
   1.3662275e+00
   1.7866665e+00
   2.6763904e+00
   3.3757766e+00
   3.8293822e+00
   3.7724514e+00
   8.1999797e-01
   6.3217945e-02
  -3.3187521e-01
  -9.8685287e-03
   1.8920574e-01
   2.1680869e-01
   2.3063304e-02
  -3.3372021e-01
  -5.3918898e-01
  -5.9101164e-01
  -5.4869437e-01
  -5.0763977e-01
  -4.4961381e-01
  -3.5479373e-01
  -1.3093382e-01
   1.1350718e-01
   1.5517852e-01
  -1.6950540e-01
  -3.1591743e-01
   7.0516455e-01
  -5.9552807e-01
  -1.2835921e+00
  -6.7870572e-02
   6.2558663e-01
   8.9474070e-01
   7.0168161e-01
  -5.2661377e-01
  -7.1491516e-01
   7.4131690e-02
  -8.9604068e-01
  -1.0053630e+00
  -6.8039334e-01
  -2.7480327e-02
   4.8194242e-01
   8.3448958e-01
   7.8068936e-01
  -9.5354795e-01
  -1.7683950e-01
  -1.3473313e+00
  -1.2614316e+00
  -9.8307991e-01
  -1.6082877e+00
  -2.2041502e+00
  -2.5637441e+00
  -2.7673242e+00
  -2.7673378e+00
  -2.6314266e+00
  -2.3713861e+00
  -2.0856316e+00
  -1.8419830e+00
  -1.7012215e+00
  -1.8081251e+00
  -2.2842283e+00
  -2.7892785e+00
  -1.6499453e+00
   1.1855246e-01
  -1.3595439e+00
  -1.6280024e+00
  -1.7934645e+00
  -1.4041277e+00
  -1.7054693e+00
  -2.3522527e+00
  -3.3061426e+00
  -8.6982006e-01
  -5.3526181e-01
  -2.3226542e+00
  -3.1829178e+00
  -2.9730971e+00
  -2.9185398e+00
  -2.8122139e+00
  -2.7350423e+00
  -2.5124388e+00
  -2.4976828e+00
  -7.0885330e-01
  -1.3801585e+00
  -2.2607784e+00
  -3.1824124e+00
  -3.3916574e+00
  -3.6561899e+00
  -3.9171052e+00
  -4.0544410e+00
  -4.0040936e+00
  -3.7591829e+00
  -3.3736758e+00
  -2.9709544e+00
  -2.6552322e+00
  -2.7229242e+00
  -3.2658985e+00
  -4.0385709e+00
  -4.3535795e+00
  -2.1748524e+00
  -1.4715604e-01
  -1.3233315e+00
  -1.2158206e+00
  -2.4852884e+00
  -2.8712311e+00
  -3.5876207e+00
  -4.2959375e+00
  -3.7522774e+00
  -8.1806320e-01
  -1.0556691e+00
  -2.8920646e+00
  -2.7278702e+00
  -4.0749893e+00
  -4.5842123e+00
  -4.7956772e+00
  -4.8628516e+00
  -4.3618822e+00
  -3.7010281e+00
  -1.9839135e+00
  -1.9885838e+00
  -3.7481852e+00
  -5.1921878e+00
  -4.4452820e+00
  -4.4621568e+00
  -4.6198840e+00
  -4.7063551e+00
  -4.6139288e+00
  -4.3561964e+00
  -3.9558439e+00
  -3.5646944e+00
  -3.4692011e+00
  -4.0465550e+00
  -4.9122381e+00
  -5.5398259e+00
  -5.2703071e+00
  -2.9094672e+00
  -2.0271473e-01
  -7.5783545e-01
  -1.1505494e+00
  -2.4670734e+00
  -4.3190026e+00
  -5.2119646e+00
  -5.4252043e+00
  -3.1917946e+00
  -7.1355063e-01
  -1.5167806e+00
  -2.1694269e+00
  -2.4215863e+00
  -5.0827117e+00
  -5.7926979e+00
  -6.1637487e+00
  -6.2261190e+00
  -5.5254312e+00
  -4.1531529e+00
  -2.7993529e+00
  -2.9753048e+00
  -2.5623782e+00
  -3.7317400e+00
  -4.3814793e+00
  -4.3035970e+00
  -4.3644056e+00
  -4.3671160e+00
  -4.2697444e+00
  -4.1534023e+00
  -3.9941857e+00
  -4.0249114e+00
  -4.5762305e+00
  -5.5159063e+00
  -6.1791711e+00
  -6.2970648e+00
  -5.5069408e+00
  -3.4095960e+00
  -1.7604619e-01
  -3.6611652e-01
  -1.2783594e+00
  -3.3016493e+00
  -5.4367070e+00
  -6.0347071e+00
  -5.4692178e+00
  -2.4140322e+00
  -6.1264145e-01
  -1.6404830e+00
  -1.6099665e+00
  -2.6717753e+00
  -5.4591093e+00
  -6.3686361e+00
  -6.7110729e+00
  -6.6573277e+00
  -5.8430076e+00
  -4.0092015e+00
  -2.7357931e+00
  -2.3290095e+00
  -3.3176661e-01
  -2.0071349e+00
  -3.5414395e+00
  -3.3698821e+00
  -3.1693828e+00
  -3.0274301e+00
  -3.0995870e+00
  -3.3634553e+00
  -3.8838673e+00
  -4.7302761e+00
  -5.7735786e+00
  -6.5366502e+00
  -6.7139034e+00
  -6.3454056e+00
  -5.1991887e+00
  -2.0603304e+00
  -8.1102148e-02
  -2.9311410e-01
  -1.3882862e+00
  -4.1514726e+00
  -5.8826065e+00
  -6.0157957e+00
  -4.7769499e+00
  -1.2056278e+00
  -3.5672709e-02
  -1.2853363e+00
  -1.6072080e+00
  -2.5561836e+00
  -5.0784388e+00
  -6.3579330e+00
  -6.5765686e+00
  -6.3613272e+00
  -5.5296173e+00
  -3.2009997e+00
  -1.9772213e+00
  -1.5334845e+00
  -1.6434093e+00
  -2.8567755e+00
  -2.3239307e+00
  -1.8772265e+00
  -1.4650520e+00
  -1.4311363e+00
  -1.9186851e+00
  -2.7804205e+00
  -4.0958967e+00
  -5.4913211e+00
  -6.5276732e+00
  -6.9386406e+00
  -6.6911435e+00
  -5.9085965e+00
  -4.0821486e+00
  -5.9658021e-01
  -2.9740450e-01
  -6.2394959e-01
  -1.2342588e+00
  -4.1101727e+00
  -5.6333570e+00
  -5.2561088e+00
  -3.5324135e+00
  -8.1721961e-02
   3.5841849e-01
  -9.5111471e-01
  -2.0029285e+00
  -4.2093320e+00
  -5.1429453e+00
  -5.6906080e+00
  -5.7221656e+00
  -5.3386922e+00
  -4.5217271e+00
  -1.8425275e+00
  -6.2069136e-01
  -1.3044194e+00
  -2.3435738e+00
  -2.3754900e+00
  -1.5645431e+00
  -1.4261223e+00
  -1.5357394e+00
  -1.9850957e+00
  -2.6644297e+00
  -3.5690045e+00
  -4.7232275e+00
  -5.6936507e+00
  -6.2384157e+00
  -6.2665257e+00
  -5.7553501e+00
  -4.6319056e+00
  -2.4129801e+00
  -5.0781870e-01
  -1.0721495e+00
  -1.1746261e+00
  -9.9520087e-01
  -2.3484516e+00
  -4.7438560e+00
  -4.0285449e+00
  -2.1408267e+00
   4.4887608e-01
   6.0253417e-01
  -7.8356886e-01
  -3.3866901e+00
  -4.4876771e+00
  -4.3323283e+00
  -4.4473062e+00
  -4.1541843e+00
  -3.6005406e+00
  -2.9635470e+00
  -2.5533307e-01
  -1.9138101e-01
  -1.0315332e+00
  -2.0535393e+00
  -2.0509892e+00
  -2.1730051e+00
  -2.8518779e+00
  -3.5907905e+00
  -4.3121862e+00
  -4.9184527e+00
  -5.5011902e+00
  -6.0305228e+00
  -6.2915897e+00
  -6.1788850e+00
  -5.5796809e+00
  -4.5500112e+00
  -3.0277996e+00
  -7.1804738e-01
  -2.6088649e-01
  -1.5147748e+00
  -1.9131835e+00
  -1.1691669e+00
  -2.6257963e+00
  -3.3239710e+00
  -2.5357745e+00
  -7.3639244e-01
   1.1392747e+00
   8.5745084e-01
  -5.1640642e-01
  -4.4811258e+00
  -4.1513534e+00
  -3.2923694e+00
  -3.0539777e+00
  -2.3976908e+00
  -1.6520759e+00
  -1.2349037e+00
   3.1667151e-01
  -5.6307562e-02
  -8.1983896e-01
  -1.9307464e+00
  -2.5884980e+00
  -3.5276080e+00
  -4.5077171e+00
  -5.3337282e+00
  -6.0407426e+00
  -6.5752899e+00
  -6.9673430e+00
  -7.1339880e+00
  -6.9877468e+00
  -6.5316064e+00
  -5.6702264e+00
  -4.4119586e+00
  -2.5365700e+00
   1.8647832e-01
  -1.9842597e-01
  -1.7427852e+00
  -3.3174449e+00
  -2.2510819e+00
  -3.6106897e+00
  -1.4782019e+00
  -6.5686200e-01
   8.9344443e-01
   1.8787909e+00
   9.6515865e-01
  -9.1407549e-02
  -4.0378666e+00
  -3.6596992e+00
  -2.2029636e+00
  -1.7234183e+00
  -9.2332555e-01
  -1.1001067e-01
   1.5263378e-01
   2.4505280e-01
  -5.3966840e-03
  -9.2311300e-01
  -2.1467695e+00
  -3.1963135e+00
  -4.1355238e+00
  -4.8238944e+00
  -5.3583086e+00
  -5.8758738e+00
  -6.3397295e+00
  -6.6878940e+00
  -6.8300487e+00
  -6.7294294e+00
  -6.4255983e+00
  -5.7764008e+00
  -4.6879338e+00
  -2.8817712e+00
  -9.6874363e-01
  -2.6084295e-01
  -2.4705514e+00
  -4.7895407e+00
  -4.3350982e+00
  -3.0798710e+00
   5.8627068e-01
   1.8768709e+00
   2.7199997e+00
   2.8861400e+00
   9.3979121e-01
   1.7513805e-01
  -2.9776043e+00
  -2.7734105e+00
  -9.5093167e-01
  -2.2070155e-01
   7.3540881e-01
   1.0218863e+00
   9.0387888e-01
   5.1766161e-02
  -1.2150850e-01
  -9.8104358e-01
  -2.2979367e+00
  -3.3283584e+00
  -4.1283321e+00
  -4.5855331e+00
  -4.8572721e+00
  -5.0920630e+00
  -5.3590360e+00
  -5.5755253e+00
  -5.6059570e+00
  -5.4480100e+00
  -5.3224988e+00
  -5.2975969e+00
  -5.1573391e+00
  -4.3487449e+00
  -2.8366878e+00
  -5.2472121e-01
  -2.9041576e+00
  -5.0433445e+00
  -4.9995646e+00
  -2.4858780e+00
   1.3560852e+00
   3.1285551e+00
   1.5851554e+00
   1.6970937e+00
   4.7845072e-01
   2.1047933e-01
  -1.3253239e+00
  -1.3929019e+00
  -5.4452773e-03
   8.3905363e-01
   1.2830105e+00
   1.4179802e+00
   9.1824502e-01
  -9.8311238e-02
  -7.6802248e-01
  -1.6008523e+00
  -2.5541601e+00
  -3.5754821e+00
  -4.3945260e+00
  -4.8638935e+00
  -5.1640306e+00
  -5.3601594e+00
  -5.4887643e+00
  -5.5187430e+00
  -5.3725209e+00
  -5.1124988e+00
  -4.9688330e+00
  -5.2792735e+00
  -6.0634751e+00
  -6.6331439e+00
  -4.1638417e+00
  -1.7377778e+00
  -4.6057248e+00
  -6.1589260e+00
  -5.4935255e+00
  -3.1041665e+00
   9.2538959e-01
   2.8421733e+00
   7.8783917e-01
   5.0078249e-01
   1.3714188e-01
   1.8377031e-01
  -1.7300944e-01
   1.6193904e-02
   7.0665872e-01
   1.7089140e+00
   2.1330261e+00
   1.5241947e+00
   9.1183692e-01
  -1.1496460e-01
  -1.1842171e+00
  -2.1149547e+00
  -2.9126363e+00
  -3.9753706e+00
  -4.8791184e+00
  -5.4872303e+00
  -5.9977922e+00
  -6.4422283e+00
  -6.7523608e+00
  -6.9270229e+00
  -6.8885498e+00
  -6.6288362e+00
  -6.2085004e+00
  -5.6614232e+00
  -5.3039994e+00
  -6.4163518e+00
  -6.4674439e+00
  -5.4432774e+00
  -5.9256878e+00
  -6.9147029e+00
  -6.4535327e+00
  -4.5050097e+00
  -5.1269561e-01
   2.0815814e+00
   2.8939155e-01
  -1.4181927e-01
  -2.5542173e-01
   1.1666848e-01
   1.8782955e-01
   1.7836213e-01
   1.1791710e+00
   2.5158417e+00
   2.0223639e+00
   1.5428143e+00
   1.2200153e+00
  -2.5165451e-01
  -1.8585595e+00
  -2.6308787e+00
  -3.3048375e+00
  -4.3095174e+00
  -5.2108717e+00
  -5.8777342e+00
  -6.4384909e+00
  -6.9387684e+00
  -7.3552799e+00
  -7.7193375e+00
  -7.8982286e+00
  -7.6757669e+00
  -6.9152904e+00
  -5.3074646e+00
  -3.4163482e+00
  -8.6146009e-01
  -6.7847805e+00
  -9.5722170e+00
  -7.8798733e+00
  -7.2541790e+00
  -7.0103993e+00
  -5.6793532e+00
  -2.3856137e+00
   9.3157989e-01
  -1.6041851e-01
  -7.1631336e-01
  -1.0371238e+00
  -5.1814145e-01
   1.3219394e-01
   1.3394862e-01
   1.8908346e+00
   3.3880453e+00
   1.4835843e+00
   9.3753105e-01
   3.4012714e-01
  -3.8639015e-01
  -2.5737832e+00
  -3.1568689e+00
  -3.6613207e+00
  -4.4385943e+00
  -5.2325420e+00
  -5.8617635e+00
  -6.3302870e+00
  -6.6649685e+00
  -6.9749799e+00
  -7.3433342e+00
  -7.6739388e+00
  -7.5622840e+00
  -6.6317873e+00
  -4.3229065e+00
  -1.3809053e+00
  -2.1362977e+00
  -5.4560843e+00
  -6.9845767e+00
  -6.5581608e+00
  -6.7576265e+00
  -6.9048886e+00
  -6.3588405e+00
  -3.9535782e+00
  -1.1117891e+00
  -1.3248166e+00
  -1.3595632e+00
  -2.3966038e+00
  -1.9853542e+00
  -3.0471879e-01
  -8.5907511e-02
   1.3626678e+00
   4.0619192e+00
   1.5391574e+00
   2.6300359e-01
   8.9690499e-03
  -3.1500047e-01
  -2.3688064e+00
  -3.4572594e+00
  -3.8361595e+00
  -4.2543931e+00
  -4.7863417e+00
  -5.2616463e+00
  -5.5702763e+00
  -5.7032843e+00
  -5.8423638e+00
  -6.1881862e+00
  -6.6698351e+00
  -6.7120008e+00
  -5.7094350e+00
  -2.8637221e+00
  -3.4807864e-01
  -3.2564030e+00
  -5.5393620e+00
  -4.8317099e+00
  -4.8718224e+00
  -5.2784863e+00
  -5.8434391e+00
  -6.0965419e+00
  -4.9136577e+00
  -2.8831239e+00
  -2.2827771e+00
  -2.4222503e+00
  -3.3289671e+00
  -2.7968891e+00
  -1.2447218e+00
  -6.3504797e-01
   9.1027564e-01
   2.7557135e+00
   1.0946361e+00
   7.9651260e-01
  -2.1178162e-01
  -1.3853440e-01
  -9.3561041e-01
  -2.9259019e+00
  -3.2433240e+00
  -3.4062538e+00
  -3.6271005e+00
  -3.8797128e+00
  -4.0374722e+00
  -4.0636988e+00
  -4.1528363e+00
  -4.5085917e+00
  -5.0921302e+00
  -5.3215699e+00
  -4.3400683e+00
  -1.1690176e+00
  -1.7247153e-02
  -2.1376760e+00
  -3.0342238e+00
  -2.4645724e+00
  -2.9357076e+00
  -3.3528829e+00
  -3.9753616e+00
  -4.7576981e+00
  -4.8651562e+00
  -3.1127939e+00
  -2.4408565e+00
  -2.2328448e+00
  -3.1777387e+00
  -2.2276115e+00
  -1.2629406e+00
   5.2049078e-02
  -3.0328166e-01
   9.6145660e-01
   2.9016322e-01
   1.8387674e+00
  -3.0172649e-01
  -3.4656054e-01
  -4.4506595e-01
  -1.6950338e+00
  -1.6572204e+00
  -1.6838160e+00
  -1.8332624e+00
  -1.9843388e+00
  -2.0549393e+00
  -2.0907156e+00
  -2.2417159e+00
  -2.6575356e+00
  -3.3102984e+00
  -3.6493173e+00
  -2.6606181e+00
   7.1778530e-01
  -2.8023355e-02
  -1.2368294e+00
   1.5416498e-01
   9.9945307e-02
  -5.9271991e-01
  -1.3345007e+00
  -1.9360862e+00
  -2.7350798e+00
  -3.6339185e+00
  -2.7565498e+00
  -2.0358829e+00
  -2.4242816e+00
  -1.9790714e+00
  -1.1679550e+00
   1.7610165e-01
   7.6588428e-01
  -2.8579140e-01
   6.0599840e-01
   1.7529148e-01
   1.3591590e+00
  -7.9005927e-01
  -2.2722444e-01
  -1.6423595e-01
   7.9051144e-02
   7.0424390e-01
   1.0525510e+00
   9.0060186e-01
   7.4013031e-01
   6.3635689e-01
   4.9039474e-01
   2.4618930e-01
  -2.2927494e-01
  -9.4501054e-01
  -1.3363147e+00
  -3.5144901e-01
   1.5054238e+00
   5.1433545e-01
   2.1122240e-01
   1.0832716e+00
   1.7616431e+00
   2.4569845e+00
   1.6511401e+00
   9.8199582e-01
   2.8668457e-01
  -7.4124855e-01
  -1.3959841e+00
  -2.9582915e-01
  -1.4274410e+00
  -6.5344518e-01
   8.8477612e-01
   2.1271913e+00
   5.5120021e-01
  -2.4845238e-01
   6.2887080e-02
   9.1986060e-01
  -5.4964211e-02
  -9.0528107e-01
   7.9731479e-01
   7.7881172e-02
   8.0676275e-01
   1.5936203e+00
   2.7643745e+00
   2.5925074e+00
   2.5170247e+00
   2.4366384e+00
   2.2869241e+00
   1.9966092e+00
   1.5019950e+00
   8.3231843e-01
   4.1703920e-01
   1.1233506e+00
   1.3097848e+00
   1.0576796e+00
   1.1268530e+00
   1.4306815e+00
   1.9141022e+00
   4.0834374e+00
   3.6966665e+00
   3.0396417e+00
   2.5289354e+00
   1.7671567e+00
   9.5856739e-01
   8.2282436e-01
   7.8632224e-01
   1.3918074e+00
   1.7980047e+00
   9.5351702e-01
   5.8126848e-01
  -2.3591560e-01
   1.1510445e+00
   1.5935592e+00
   4.6726009e-01
   5.5286551e-01
   2.2389188e+00
   7.4566793e-01
   1.0099541e+00
   1.8792313e+00
   3.1438251e+00
   3.0558579e+00
   3.4252057e+00
   3.6314549e+00
   3.6814597e+00
   3.4301965e+00
   2.9894650e+00
   2.4515858e+00
   2.0874336e+00
   1.9233345e+00
   8.0038917e-01
   1.6736470e+00
   1.2160383e+00
   1.4437270e+00
   1.9643749e+00
   4.1101794e+00
   4.5262270e+00
   4.1663494e+00
   4.0642605e+00
   3.7748060e+00
   2.7150869e+00
   9.8521066e-01
   1.5908790e+00
   1.3630897e+00
   6.6996300e-01
   8.0432308e-01
   3.4174711e-01
  -1.4382756e+00
  -2.0213562e-01
   1.0407342e+00
   4.0215108e-01
   1.9235177e+00
   1.7954603e+00
   1.2854898e+00
   9.9522930e-01
   1.6111234e+00
   2.4824491e+00
   3.0387442e+00
   3.5452976e+00
   3.9370885e+00
   4.0664220e+00
   3.8643341e+00
   3.5270312e+00
   3.1952021e+00
   2.9678489e+00
   2.2761717e+00
   1.0999290e+00
   1.5794950e+00
   1.2856472e+00
   1.3714613e+00
   1.6997915e+00
   2.0115342e+00
   3.3828845e+00
   3.8733630e+00
   4.2303615e+00
   4.3693581e+00
   3.5561137e+00
   2.0388234e+00
   1.1304969e+00
   1.0003581e+00
   8.8256299e-01
   6.3632381e-01
   2.0502096e-01
  -7.8548926e-01
  -2.6955414e-01
   7.7506838e-01
   1.1735364e+00
   1.4290506e+00
   1.0853875e+00
   8.5354294e-01
   7.0450965e-01
   9.7550899e-01
   1.7048740e+00
   2.1450426e+00
   2.4813225e+00
   3.0499905e+00
   3.2283557e+00
   3.1917665e+00
   3.0498849e+00
   3.0052654e+00
   2.9480605e+00
   2.1680271e+00
   1.0977274e+00
   1.4578913e+00
   1.1769144e+00
   1.1260959e+00
   1.1858537e+00
   1.1805494e+00
   1.3127133e+00
   2.4801962e+00
   3.3824733e+00
   3.8346212e+00
   3.6086380e+00
   1.9433255e+00
   9.8506671e-01
   8.2762468e-01
   5.7528727e-01
   7.9630581e-02
   5.7001084e-02
   1.1111215e-01
   2.4708350e-02
   4.7419599e-01
   5.4004144e-01
   1.4022759e+00
   9.0465408e-01
   5.9205264e-01
   1.5901010e-01
   3.5749643e-01
   6.0803980e-01
   2.5293541e-01
   5.3122023e-01
   8.6245239e-01
   1.0822022e+00
   1.2226530e+00
   1.4335396e+00
   1.8661704e+00
   1.8272056e+00
   3.6290535e-01
   1.1874813e+00
   1.1773204e+00
   8.6546582e-01
   7.7872688e-01
   6.5175734e-01
   5.3877556e-01
   4.4627166e-01
   7.9599010e-01
   1.5249932e+00
   2.0918365e+00
   1.6482038e+00
   6.1243844e-01
   6.8234932e-01
   6.0777024e-01
   4.0090317e-01
   2.8770864e-01
   2.9821427e-01
   4.4786081e-01
   8.3076358e-01
   1.1002843e+00
   1.1025920e+00
   1.3792474e+00
   6.9158500e-01
   1.1349555e+00
   1.0784119e+00
   3.1452361e-01
  -1.2628744e+00
  -1.0600865e+00
  -7.6270962e-01
  -1.3009053e+00
  -9.5638716e-01
  -4.7162497e-01
  -4.6849409e-01
  -4.1754928e-01
  -7.4747145e-01
   4.5213890e-01
   8.6120975e-01
   5.3639019e-01
   5.4357290e-01
   4.1195491e-01
   2.2528528e-01
   6.7191646e-02
   3.4108855e-02
  -8.6475325e-01
  -5.0971413e-01
  -6.9497132e-01
  -5.9606284e-01
  -1.2564728e-01
  -2.1320924e-01
   1.6864215e-01
   7.8705370e-02
   1.3939457e-01
   1.8874477e-01
   4.1256240e-01
   4.3555203e-01
   4.6731663e-01
   6.1663896e-01
   6.6272330e-01
   2.9808741e-01
   3.9077958e-01
  -2.4617188e-01
  -3.5351707e-01
   5.1751536e-01
   1.3339478e-01
  -5.8092331e-01
  -4.2141697e-01
  -6.5016377e-01
  -6.7427568e-01
  -7.6507056e-01
  -4.2562023e-01
   2.2677613e-01
   5.4914355e-01
   1.2201766e-01
   2.6217013e-01
   2.8062621e-01
   1.1763678e-01
  -1.7327696e-01
  -2.0564367e-01
  -2.6532067e-02
  -1.0425998e+00
  -1.0301338e+00
  -1.4215330e+00
  -1.2604935e+00
  -9.8661506e-01
  -3.9384046e-01
  -5.5570611e-02
  -9.4750479e-02
   1.7738927e-02
   1.8165072e-02
   1.5637866e-01
   1.7552878e-01
   2.3565726e-01
  -3.2751054e-02
   1.0048121e-02
  -1.5802637e-01
  -2.0254160e-01
  -3.2095289e-01
  -2.8254023e-01
  -3.1012225e-01
  -3.8838917e-01
  -5.1288098e-01
  -5.4882830e-01
  -8.2125044e-01
  -1.0873079e+00
  -1.0317490e+00
  -8.0587387e-01
  -5.9709615e-01
  -5.1081634e-01
  -2.0891555e-01
  -9.3472609e-03
  -3.9594274e-02
  -1.6392441e-01
  -4.9376599e-02
  -3.7227720e-03
  -5.7982838e-01
  -5.5944270e-01
   1.6071171e-01
   1.0334476e+00
   6.3320744e-01
  -2.2845876e-01
  -5.7840401e-01
  -5.0227249e-01
  -2.7221337e-01
  -3.2639793e-01
  -3.3118838e-01
  -3.0989781e-01
  -3.1460616e-01
  -4.0824655e-01
  -4.9754289e-01
  -3.4118047e-01
