   0.0000000e+00
   0.0000000e+00
   0.0000000e+00
   0.0000000e+00
   0.0000000e+00
   0.0000000e+00
   0.0000000e+00
   0.0000000e+00
   0.0000000e+00
   1.1449988e-01
   5.8474810e-02
   1.5634464e-02
   2.4679118e-03
   0.0000000e+00
  -0.0000000e+00
  -0.0000000e+00
   0.0000000e+00
   0.0000000e+00
   0.0000000e+00
   0.0000000e+00
   0.0000000e+00
   0.0000000e+00
   0.0000000e+00
   0.0000000e+00
   0.0000000e+00
   0.0000000e+00
   5.0029030e-02
   5.5345974e-02
   3.1142894e-02
   1.1114116e-02
   4.1075707e-03
  -0.0000000e+00
   0.0000000e+00
   0.0000000e+00
   0.0000000e+00
   0.0000000e+00
   0.0000000e+00
   0.0000000e+00
   0.0000000e+00
   0.0000000e+00
   0.0000000e+00
   0.0000000e+00
   0.0000000e+00
   0.0000000e+00
   0.0000000e+00
   0.0000000e+00
   0.0000000e+00
   0.0000000e+00
   0.0000000e+00
   0.0000000e+00
   0.0000000e+00
   0.0000000e+00
   0.0000000e+00
   0.0000000e+00
   0.0000000e+00
   0.0000000e+00
   7.6168492e-02
   7.0435584e-02
   4.1650612e-02
   2.6251119e-02
   1.7356379e-02
   1.2120823e-02
   4.1010617e-03
  -3.0474641e-03
  -9.2814685e-03
  -9.9457506e-03
  -1.1309302e-02
  -1.1397400e-02
  -1.2695083e-02
  -1.5790641e-02
  -9.6368453e-03
  -2.8908281e-02
  -3.4262640e-02
   0.0000000e+00
   3.1829593e-02
   1.9044256e-02
   2.1443577e-02
   2.3341091e-02
   1.9744724e-02
   1.1757175e-02
   8.0359817e-03
   3.7085552e-03
  -6.3874422e-04
   3.6234453e-03
   7.0744624e-03
   2.8161762e-03
  -0.0000000e+00
  -0.0000000e+00
   0.0000000e+00
   0.0000000e+00
   0.0000000e+00
   0.0000000e+00
   0.0000000e+00
   0.0000000e+00
   0.0000000e+00
   0.0000000e+00
   4.0767277e-03
  -4.6998772e-03
  -1.3775340e-02
  -2.7608476e-02
  -1.3971808e-02
  -1.1251710e-02
  -8.4682007e-03
  -7.1566594e-03
   1.3194006e-04
   3.3631737e-03
   6.1749313e-03
   1.0099569e-02
   1.2750499e-02
   1.3449820e-02
   5.6618969e-03
  -4.8651178e-03
  -1.3862800e-02
  -1.9978287e-02
  -2.2492364e-02
  -2.5100494e-02
  -2.5175540e-02
  -2.7636355e-02
  -2.8662784e-02
  -3.1281594e-02
  -2.8315254e-02
  -1.6335534e-02
  -8.5139535e-03
  -7.4045360e-04
   9.5880097e-03
   1.6576614e-02
   2.0403974e-02
   2.0630741e-02
   1.7478168e-02
   1.2025629e-02
   4.2327447e-03
  -1.3063278e-03
  -4.7457893e-03
  -8.5407803e-03
  -1.2526779e-02
  -1.9605839e-02
  -1.7912113e-02
  -2.1856155e-03
   2.3687868e-02
   4.0447231e-02
   2.2359240e-02
   1.2097775e-02
   4.7141198e-03
   3.5487213e-03
  -1.5419181e-02
  -3.0687833e-02
  -4.4159524e-02
  -4.9482841e-02
  -4.7106080e-02
  -3.9076209e-02
  -3.0664697e-02
  -2.3405494e-02
  -1.7709380e-02
  -1.2360123e-02
  -4.9556987e-03
   3.2308432e-03
   1.0867118e-02
   1.4883701e-02
   2.5771970e-03
  -1.4075216e-02
  -2.4653647e-02
  -3.1085484e-02
  -3.4755938e-02
  -3.6272414e-02
  -3.6851332e-02
  -3.8147219e-02
  -4.1641582e-02
  -5.1327251e-02
  -5.4750714e-02
  -2.3785047e-02
  -4.6569970e-03
   4.2123126e-04
   6.5416540e-03
   1.3525428e-02
   1.7623488e-02
   1.7327547e-02
   1.3616010e-02
   6.5044551e-03
  -2.6803403e-03
  -1.3388000e-02
  -2.3299249e-02
  -3.1207994e-02
  -3.4088071e-02
  -3.0815847e-02
  -2.3419391e-02
  -1.3070498e-02
  -4.5791044e-04
   9.4182556e-03
   1.2051030e-02
   1.0453085e-02
   4.5434227e-03
  -4.7380314e-03
  -3.3434495e-02
  -4.8948273e-02
  -5.9472531e-02
  -6.0540766e-02
  -5.3296767e-02
  -4.0724415e-02
  -2.9122075e-02
  -2.3280345e-02
  -2.0582978e-02
  -1.3689331e-02
  -3.7050063e-03
   5.0191241e-03
   1.3601770e-02
   1.5997769e-02
  -1.0788607e-03
  -1.8983278e-02
  -3.0585535e-02
  -3.7039973e-02
  -3.8586557e-02
  -3.9766632e-02
  -3.9958701e-02
  -3.7981942e-02
  -4.1781001e-02
  -6.3658804e-02
  -8.9496914e-02
   0.0000000e+00
  -4.5183866e-04
  -3.8742241e-03
   1.7743389e-03
   6.9404324e-03
   8.9991614e-03
   8.5964687e-03
   3.7366613e-03
  -4.1336780e-03
  -1.5148264e-02
  -2.8441710e-02
  -4.0085115e-02
  -4.6718627e-02
  -4.6973083e-02
  -4.1508030e-02
  -3.2809071e-02
  -2.1540392e-02
  -8.7209707e-03
  -1.8402948e-03
   1.4604398e-03
   6.1320481e-03
   5.8547367e-04
  -1.5510323e-02
  -3.7332252e-02
  -4.6331191e-02
  -5.1913651e-02
  -4.9930307e-02
  -4.1931336e-02
  -3.3788375e-02
  -2.1042405e-02
  -1.7466109e-02
  -2.3366401e-02
  -4.1861393e-03
   7.9880785e-03
   1.2539077e-02
   1.6386805e-02
   1.2366513e-02
  -5.7367391e-03
  -2.1298573e-02
  -3.0904502e-02
  -3.5048500e-02
  -3.5782856e-02
  -3.6986497e-02
  -3.5096731e-02
  -3.0904051e-02
  -3.1293195e-02
  -4.4805323e-02
  -7.7354488e-02
  -0.0000000e+00
  -1.7374695e-02
  -1.5010216e-02
  -7.2329444e-03
  -2.8092234e-03
  -1.9755955e-03
  -2.3506794e-03
  -6.3166495e-03
  -1.4603698e-02
  -2.6155913e-02
  -3.6933792e-02
  -4.4919288e-02
  -4.6839243e-02
  -4.3840838e-02
  -3.9269247e-02
  -3.3428103e-02
  -2.3468935e-02
  -1.1436368e-02
  -5.1089992e-03
   5.2375916e-03
   1.2886664e-02
   1.4834067e-03
  -2.0665879e-02
  -2.8485062e-02
  -3.2360047e-02
  -3.7122190e-02
  -3.6663610e-02
  -3.2339174e-02
  -3.1322464e-02
  -1.4821291e-02
  -1.0696356e-02
  -1.2953184e-02
   1.3395638e-02
   1.2221378e-02
   1.0073563e-02
   9.8949615e-03
   3.3301758e-03
  -1.0594117e-02
  -2.0005383e-02
  -2.6122600e-02
  -2.9433105e-02
  -3.0376837e-02
  -3.0540776e-02
  -2.8373996e-02
  -2.4549264e-02
  -2.0333879e-02
  -2.0851506e-02
  -4.2474079e-02
  -0.0000000e+00
  -2.8479164e-02
  -2.0015741e-02
  -1.0330423e-02
  -8.2866736e-03
  -8.1252875e-03
  -8.4879491e-03
  -1.2935265e-02
  -1.9722329e-02
  -2.7346035e-02
  -3.3341900e-02
  -3.6049467e-02
  -3.4028433e-02
  -3.0312110e-02
  -2.9428616e-02
  -2.7364440e-02
  -2.0054832e-02
  -9.7726304e-03
   8.1079733e-04
   1.5708489e-02
   1.6351499e-02
  -1.1922913e-03
  -2.1966724e-02
  -6.3600859e-03
  -1.9749567e-02
  -2.4023094e-02
  -2.3485043e-02
  -2.0980227e-02
  -2.9708509e-02
  -3.5242459e-03
  -1.6461516e-03
   6.6475042e-04
  -1.2780520e-03
   3.0874175e-04
  -2.1410338e-03
  -2.8693317e-03
  -5.4783467e-03
  -1.0596171e-02
  -1.4787527e-02
  -1.8521909e-02
  -2.0902207e-02
  -2.2351470e-02
  -2.3235399e-02
  -2.1743950e-02
  -1.6859805e-02
  -8.7104589e-03
   2.8165237e-03
  -6.1330983e-03
   0.0000000e+00
  -2.7222480e-02
  -1.8099071e-02
  -1.0561150e-02
  -1.3852087e-02
  -1.4671403e-02
  -1.4839714e-02
  -1.7578067e-02
  -1.9821884e-02
  -2.0107217e-02
  -1.8673489e-02
  -1.6696962e-02
  -1.2844221e-02
  -1.1521068e-02
  -1.6660970e-02
  -1.7976949e-02
  -1.2019861e-02
  -2.5817133e-03
   9.4085624e-03
   1.7239092e-02
   9.9411579e-03
  -3.2163281e-03
  -1.1651168e-02
   1.8557111e-02
   0.0000000e+00
  -1.6456729e-02
  -1.4103242e-02
   0.0000000e+00
   0.0000000e+00
   2.4676157e-03
   5.1296004e-03
   6.0561383e-03
   2.1103185e-03
  -1.5902547e-03
  -6.8504037e-03
  -6.3739982e-03
  -4.8564468e-03
  -5.5588433e-03
  -7.5968034e-03
  -1.0651365e-02
  -1.4058809e-02
  -1.7072275e-02
  -1.8883249e-02
  -1.7328195e-02
  -1.1497480e-02
  -1.0881060e-03
   1.8634630e-02
   2.1116824e-02
   0.0000000e+00
  -2.0151456e-02
  -1.4980800e-02
  -1.5657250e-02
  -2.1774696e-02
  -2.0675190e-02
  -1.8325722e-02
  -1.6733248e-02
  -1.3415628e-02
  -7.3987818e-03
   1.4114790e-04
  -1.0028301e-04
  -5.9167040e-04
  -5.0872569e-03
  -1.3933568e-02
  -1.5043488e-02
  -9.2788935e-03
  -1.6757710e-03
   6.6943066e-03
   9.9363094e-03
   6.8974914e-03
   3.0194216e-03
   7.7541703e-03
   4.0072713e-02
   0.0000000e+00
   0.0000000e+00
   0.0000000e+00
   0.0000000e+00
   0.0000000e+00
   0.0000000e+00
   9.2791067e-03
   6.4328760e-03
   2.0064795e-03
  -3.9661676e-03
  -5.9644841e-03
  -3.3251469e-03
   5.7966472e-04
   1.7407814e-03
   8.2100683e-05
  -4.2178133e-03
  -9.2459135e-03
  -1.3727570e-02
  -1.5765481e-02
  -1.3996873e-02
  -7.4703014e-03
   5.2563250e-03
   2.9215960e-02
   2.3100110e-02
   0.0000000e+00
   0.0000000e+00
  -1.5568288e-02
  -2.2869930e-02
  -2.9413018e-02
  -2.4874089e-02
  -1.7862072e-02
  -1.1371853e-02
  -3.7001560e-03
   7.2867819e-03
   2.5519378e-02
   1.2794405e-02
   2.8558461e-03
  -5.4445490e-03
  -1.4488992e-02
  -1.3775839e-02
  -1.0001374e-02
  -3.6838539e-03
   3.1341051e-03
   8.1312060e-03
   1.1314801e-02
   1.5210275e-02
   2.9940112e-02
   5.8713883e-02
   0.0000000e+00
   0.0000000e+00
   0.0000000e+00
   0.0000000e+00
   0.0000000e+00
   0.0000000e+00
   1.1956691e-02
   5.8859190e-03
   1.6639990e-03
  -1.4539509e-03
  -8.4386282e-04
   3.0399484e-03
   7.1755591e-03
   8.4360442e-03
   5.7509806e-03
  -2.3913181e-04
  -6.8245083e-03
  -1.2044063e-02
  -1.3594447e-02
  -1.1141455e-02
  -3.3824227e-03
   1.1123413e-02
   3.4373420e-02
   2.8774603e-02
   0.0000000e+00
   0.0000000e+00
  -1.8041700e-02
  -2.7702749e-02
  -3.2858363e-02
  -2.3166356e-02
  -1.2100373e-02
  -3.2790384e-03
   6.5612052e-03
   2.2748704e-02
   5.2269510e-02
   6.0528085e-02
   0.0000000e+00
  -1.2048240e-02
  -1.4118351e-02
  -1.2799586e-02
  -1.0367901e-02
  -2.4576733e-03
   5.8279446e-03
   1.3360240e-02
   2.0756101e-02
   3.0868154e-02
   5.0927199e-02
   6.7918179e-02
   0.0000000e+00
   0.0000000e+00
   0.0000000e+00
   0.0000000e+00
   0.0000000e+00
   0.0000000e+00
   1.4409569e-02
   6.2067751e-03
   4.2952318e-03
   3.9414256e-03
   5.5197841e-03
   8.9322589e-03
   1.2301832e-02
   1.2935593e-02
   8.7361224e-03
   1.1619536e-03
  -6.6501754e-03
  -1.1556532e-02
  -1.1815398e-02
  -8.0498811e-03
   9.1783854e-04
   1.6219355e-02
   3.8251322e-02
   4.1802645e-02
   0.0000000e+00
   0.0000000e+00
  -1.8494003e-02
  -3.2484502e-02
  -3.5240065e-02
  -1.8075751e-02
  -4.7808499e-03
   4.5409263e-03
   1.6037658e-02
   3.8607303e-02
   6.5448086e-02
   6.5928314e-02
   0.0000000e+00
  -0.0000000e+00
  -1.1855362e-02
  -1.2676143e-02
  -7.2884830e-03
   4.0123565e-03
   1.3584905e-02
   2.2583310e-02
   3.2285806e-02
   4.5315985e-02
   6.5732591e-02
   6.7085069e-02
   0.0000000e+00
   0.0000000e+00
   0.0000000e+00
   0.0000000e+00
   0.0000000e+00
   0.0000000e+00
   1.5238134e-02
   5.2479363e-03
   9.3708942e-03
   9.4739152e-03
   1.0158186e-02
   1.2629990e-02
   1.5253733e-02
   1.4167974e-02
   8.0287009e-03
  -9.7871805e-04
  -9.1155469e-03
  -1.2183241e-02
  -1.0113765e-02
  -4.4008452e-03
   5.6485487e-03
   2.0987228e-02
   4.2224739e-02
   4.8059652e-02
   0.0000000e+00
   1.0626783e-03
   0.0000000e+00
  -0.0000000e+00
  -3.8063984e-02
  -1.2604436e-02
   1.3241444e-03
   1.1371228e-02
   2.6271043e-02
   5.6826632e-02
   8.3508262e-02
   0.0000000e+00
   0.0000000e+00
  -0.0000000e+00
  -5.2444879e-03
  -1.1931871e-02
   1.7003451e-05
   1.3545386e-02
   2.2873770e-02
   3.2398887e-02
   4.2402338e-02
   5.5214126e-02
   7.1756408e-02
   5.6141843e-02
   2.1029244e-02
   0.0000000e+00
   0.0000000e+00
   0.0000000e+00
   0.0000000e+00
   2.8128605e-02
   2.1389196e-02
   1.3550194e-02
   1.3051947e-02
   1.2102439e-02
   1.1495261e-02
   1.3306624e-02
   1.4597895e-02
   1.1388304e-02
   3.7204681e-03
  -5.5802786e-03
  -1.2138193e-02
  -1.2271241e-02
  -7.6391692e-03
  -5.4783351e-04
   1.0076156e-02
   2.5370225e-02
   4.4037510e-02
   4.4847489e-02
   0.0000000e+00
   1.0626783e-03
   0.0000000e+00
  -0.0000000e+00
  -3.8856471e-02
  -8.4849484e-03
   5.5225757e-03
   1.7854709e-02
   3.7472796e-02
   7.2237208e-02
   8.4372822e-02
   0.0000000e+00
   0.0000000e+00
  -0.0000000e+00
   9.3503262e-04
  -5.2175163e-04
   8.2354750e-03
   2.1055462e-02
   3.0161189e-02
   3.9905265e-02
   4.9557861e-02
   6.0748830e-02
   7.0748232e-02
   3.9546646e-02
   1.4962443e-02
   0.0000000e+00
   0.0000000e+00
   0.0000000e+00
   0.0000000e+00
   2.4602393e-02
   9.2911348e-03
   1.6009313e-02
   1.4903675e-02
   1.1439190e-02
   1.0155111e-02
   1.1060927e-02
   1.0375568e-02
   5.5566765e-03
  -2.4072116e-03
  -1.0155766e-02
  -1.3367769e-02
  -1.0303245e-02
  -4.0301695e-03
   3.7440509e-03
   1.4767376e-02
   2.9776400e-02
   4.4861447e-02
   3.6566152e-02
   0.0000000e+00
   0.0000000e+00
   0.0000000e+00
   0.0000000e+00
  -3.2666052e-02
  -4.1041547e-03
   1.0583878e-02
   2.5930541e-02
   4.8689391e-02
   7.6754726e-02
   6.4528477e-02
   0.0000000e+00
   0.0000000e+00
  -0.0000000e+00
  -5.9849885e-03
   1.5006946e-02
   1.7282315e-02
   2.7339889e-02
   3.7062932e-02
   4.7449872e-02
   5.6816172e-02
   6.4897180e-02
   6.5432467e-02
   3.2439910e-02
   5.8381599e-03
  -9.1335247e-03
   0.0000000e+00
   0.0000000e+00
   2.0033175e-02
   1.9240286e-02
   5.8657064e-03
   1.2970526e-02
   1.2013278e-02
   7.2067604e-03
   5.6315486e-03
   5.4780969e-03
   3.2812933e-03
  -1.6168738e-03
  -8.1482762e-03
  -1.2664248e-02
  -1.2012590e-02
  -6.8913737e-03
   2.4455451e-04
   8.5268765e-03
   2.0145380e-02
   3.4968417e-02
   4.7225883e-02
   2.9874738e-02
   0.0000000e+00
   0.0000000e+00
   0.0000000e+00
   0.0000000e+00
  -2.2574292e-02
   2.0964108e-03
   1.7784247e-02
   3.5140894e-02
   5.7378587e-02
   7.3501720e-02
   7.0434130e-02
   0.0000000e+00
   0.0000000e+00
   0.0000000e+00
  -1.4748057e-02
   3.1388391e-02
   2.5488623e-02
   3.3908073e-02
   4.4061518e-02
   5.5258528e-02
   6.4157136e-02
   6.7835301e-02
   5.8892690e-02
   2.3391515e-02
  -1.3434557e-03
  -1.0059882e-02
   0.0000000e+00
   1.1069925e-02
   1.4336559e-02
   1.4380499e-02
   4.8002214e-03
   7.7100471e-03
   4.3551591e-03
  -5.6044100e-04
  -1.8987933e-03
  -2.2546267e-03
  -4.2202673e-03
  -7.7273683e-03
  -1.1461220e-02
  -1.2272558e-02
  -9.1548180e-03
  -2.9326188e-03
   4.5464849e-03
   1.3182068e-02
   2.5301725e-02
   4.0091004e-02
   4.9315330e-02
   4.6369760e-02
   0.0000000e+00
   0.0000000e+00
   0.0000000e+00
   0.0000000e+00
  -0.0000000e+00
   1.0538350e-02
   2.6377475e-02
   4.3348514e-02
   6.0613241e-02
   6.1580673e-02
   5.0766141e-02
   0.0000000e+00
   0.0000000e+00
   0.0000000e+00
   0.0000000e+00
   3.8168016e-02
   3.3904344e-02
   4.0318448e-02
   5.0157826e-02
   6.1215330e-02
   6.8766370e-02
   6.6730566e-02
   4.9741238e-02
   1.1660670e-02
  -6.2881615e-03
  -1.0213417e-02
   1.8601981e-03
   1.2039909e-02
   1.6071013e-02
   5.2814604e-03
  -1.6750039e-03
  -2.1355653e-03
  -5.9791808e-03
  -9.8809563e-03
  -1.0376150e-02
  -9.6477978e-03
  -9.8652560e-03
  -1.1131648e-02
  -1.1801891e-02
  -1.0018446e-02
  -5.4305587e-03
   1.3066544e-03
   8.5781235e-03
   1.6875690e-02
   2.8131125e-02
   4.1552864e-02
   4.3295888e-02
   3.4525030e-02
   0.0000000e+00
   0.0000000e+00
   0.0000000e+00
   0.0000000e+00
   0.0000000e+00
   1.9288918e-02
   3.3099428e-02
   4.6958454e-02
   5.6646079e-02
   4.4654578e-02
   3.0936908e-02
   0.0000000e+00
   0.0000000e+00
   0.0000000e+00
   0.0000000e+00
   3.4565218e-02
   3.9225884e-02
   4.4187456e-02
   5.2350726e-02
   6.1387103e-02
   6.5554336e-02
   5.6549978e-02
   3.4663036e-02
  -1.0154346e-03
  -1.0935238e-02
  -8.6419052e-03
   8.4610493e-04
   2.6111267e-03
  -7.8530145e-03
  -5.9080734e-03
  -1.1336046e-02
  -1.2695317e-02
  -1.5637357e-02
  -1.7772159e-02
  -1.7078953e-02
  -1.5361988e-02
  -1.4053139e-02
  -1.3205452e-02
  -1.1468185e-02
  -7.9298913e-03
  -2.2706285e-03
   4.5216964e-03
   1.1692634e-02
   1.9217368e-02
   2.7730227e-02
   3.7388846e-02
   3.8623158e-02
   0.0000000e+00
   0.0000000e+00
   0.0000000e+00
   0.0000000e+00
   0.0000000e+00
   0.0000000e+00
   2.4738898e-02
   3.5159327e-02
   4.4948209e-02
   4.7631513e-02
   2.9837731e-02
   1.1316358e-02
   0.0000000e+00
   0.0000000e+00
   0.0000000e+00
   0.0000000e+00
   4.0029079e-02
   4.1557439e-02
   4.4206638e-02
   4.9162034e-02
   5.4121256e-02
   5.3149167e-02
   3.7987120e-02
   1.5625954e-02
  -1.0008747e-02
  -1.3311743e-02
  -9.3586041e-03
  -4.3942125e-03
  -9.3135094e-03
  -8.9098492e-03
  -1.1672853e-02
  -1.9097003e-02
  -2.0712569e-02
  -2.2368986e-02
  -2.3283462e-02
  -2.2400535e-02
  -2.0645595e-02
  -1.8835296e-02
  -1.6942778e-02
  -1.4136231e-02
  -9.6883947e-03
  -3.4288501e-03
   3.6393313e-03
   1.0803897e-02
   1.7259858e-02
   2.3116083e-02
   2.7703816e-02
   2.5587597e-02
   0.0000000e+00
   0.0000000e+00
   0.0000000e+00
   0.0000000e+00
   0.0000000e+00
   0.0000000e+00
   2.6535850e-02
   3.2849362e-02
   3.9357799e-02
   3.7553138e-02
   1.7575328e-02
   3.3067256e-03
   0.0000000e+00
   0.0000000e+00
   0.0000000e+00
   0.0000000e+00
   4.2122773e-02
   4.1192344e-02
   4.0702923e-02
   4.1787791e-02
   4.2592606e-02
   3.6947018e-02
   1.8605394e-02
  -4.6904545e-04
  -1.3122597e-02
  -1.3206834e-02
  -1.0528916e-02
  -1.0185598e-02
  -1.2487360e-02
  -1.1978308e-02
  -2.0134512e-02
  -2.5931798e-02
  -2.7429549e-02
  -2.8296871e-02
  -2.9051250e-02
  -2.8922297e-02
  -2.7962390e-02
  -2.6640894e-02
  -2.4890031e-02
  -2.2169869e-02
  -1.8018830e-02
  -1.2500347e-02
  -6.0050552e-03
   6.1112949e-04
   6.2479003e-03
   1.1000807e-02
   1.2989155e-02
   1.6991829e-02
   0.0000000e+00
   0.0000000e+00
   0.0000000e+00
   0.0000000e+00
   0.0000000e+00
   0.0000000e+00
   2.3230416e-02
   2.8349826e-02
   3.2454370e-02
   2.8103705e-02
   7.8352843e-03
  -4.8088473e-03
   0.0000000e+00
   0.0000000e+00
   0.0000000e+00
   0.0000000e+00
   3.8440144e-02
   3.7454961e-02
   3.4297528e-02
   3.1611899e-02
   2.9932219e-02
   2.2389287e-02
   4.6367853e-03
  -9.6453201e-03
  -1.0677797e-02
  -1.1537764e-02
  -1.1428081e-02
  -1.4320914e-02
  -1.8393905e-02
  -2.0410250e-02
  -2.5582624e-02
  -2.9141152e-02
  -3.0367961e-02
  -3.1272126e-02
  -3.2143934e-02
  -3.2939611e-02
  -3.3641013e-02
  -3.4053995e-02
  -3.4009515e-02
  -3.2748321e-02
  -2.9931735e-02
  -2.6345454e-02
  -2.2678855e-02
  -1.9174407e-02
  -1.5901481e-02
  -1.2094998e-02
  -6.1065600e-03
  -2.4563804e-03
   0.0000000e+00
   0.0000000e+00
   0.0000000e+00
   0.0000000e+00
   0.0000000e+00
   0.0000000e+00
   1.8013732e-02
   2.3341918e-02
   2.5568135e-02
   2.0406989e-02
   9.9626958e-04
  -1.2018445e-02
   0.0000000e+00
   0.0000000e+00
   0.0000000e+00
   0.0000000e+00
   3.0915758e-02
   3.0350445e-02
   2.5343910e-02
   2.0123688e-02
   1.8664296e-02
   1.2723060e-02
  -2.2331519e-03
  -1.2412167e-02
  -4.7782522e-03
  -9.5564107e-03
  -1.1135675e-02
  -1.5124298e-02
  -1.7411510e-02
  -1.8142194e-02
  -2.1311535e-02
  -2.3712451e-02
  -2.4623092e-02
  -2.5022240e-02
  -2.5315687e-02
  -2.5937792e-02
  -2.7116416e-02
  -2.8751306e-02
  -3.0526521e-02
  -3.1483218e-02
  -3.1402502e-02
  -3.1109912e-02
  -3.1463824e-02
  -3.2609083e-02
  -3.4736875e-02
  -3.5690457e-02
  -2.7343282e-02
  -2.3784327e-02
   0.0000000e+00
   0.0000000e+00
   0.0000000e+00
   0.0000000e+00
  -0.0000000e+00
   4.2369320e-03
   1.1129379e-02
   1.5883679e-02
   1.8018428e-02
   1.5660401e-02
  -7.6919631e-04
  -1.2221014e-02
   0.0000000e+00
   0.0000000e+00
   0.0000000e+00
   0.0000000e+00
   2.0278810e-02
   2.1143751e-02
   1.5213559e-02
   9.2836795e-03
   1.0991763e-02
   9.3384283e-03
  -3.0952655e-03
  -1.1051922e-02
   0.0000000e+00
  -6.9129333e-03
  -7.0943423e-03
  -8.5759069e-03
  -9.2467087e-03
  -1.0165627e-02
  -1.2146319e-02
  -1.3438287e-02
  -1.3810812e-02
  -1.3496427e-02
  -1.2908672e-02
  -1.2495194e-02
  -1.2739597e-02
  -1.3891403e-02
  -1.5462415e-02
  -1.6953859e-02
  -1.8438814e-02
  -2.0333796e-02
  -2.3181169e-02
  -2.7673364e-02
  -3.5400655e-02
  -4.5374433e-02
  -4.2807511e-02
  -3.0018112e-02
   0.0000000e+00
   0.0000000e+00
   0.0000000e+00
   0.0000000e+00
  -1.7675468e-02
  -7.2530695e-03
   2.4483341e-03
   4.0016319e-03
   7.4706385e-03
   1.3330655e-02
   1.2473324e-03
  -7.7326987e-03
   0.0000000e+00
   0.0000000e+00
   0.0000000e+00
   0.0000000e+00
   2.1982038e-02
   1.6892092e-02
   5.4820267e-03
  -2.7363500e-04
   7.0852810e-03
   1.1586039e-02
  -3.0669566e-04
  -9.4565906e-03
   0.0000000e+00
   0.0000000e+00
   9.8933058e-04
  -6.0891935e-04
  -3.0739741e-04
  -9.4800338e-04
  -2.2631534e-03
  -3.6865466e-03
  -4.6086804e-03
  -4.6534626e-03
  -3.8726630e-03
  -2.7176721e-03
  -2.0473378e-03
  -2.4852827e-03
  -3.6784497e-03
  -5.2791325e-03
  -7.2839969e-03
  -9.8087422e-03
  -1.3388915e-02
  -1.8620137e-02
  -2.7014167e-02
  -4.1710189e-02
  -5.0868155e-02
  -4.0777669e-02
   0.0000000e+00
   0.0000000e+00
   0.0000000e+00
  -0.0000000e+00
  -2.7618466e-02
  -9.5534928e-03
  -5.1836039e-03
  -5.3411897e-03
  -1.8192162e-03
   1.3615839e-02
   1.1770226e-02
   0.0000000e+00
   0.0000000e+00
   0.0000000e+00
   0.0000000e+00
   0.0000000e+00
   2.3658945e-02
   1.4030983e-02
  -3.0844678e-03
  -8.2905795e-03
   7.8703212e-03
   1.8639663e-02
   4.4224760e-03
  -5.4422137e-03
   0.0000000e+00
   0.0000000e+00
   5.5918207e-03
   3.0594596e-03
   3.4675237e-03
   2.7332199e-03
   1.2320948e-03
  -6.4279384e-04
  -2.1662058e-03
  -2.7937102e-03
  -2.0138859e-03
   2.0524560e-04
   2.9405043e-03
   4.8022713e-03
   5.1858407e-03
   4.1935411e-03
   2.1503114e-03
  -7.7678065e-04
  -4.9609630e-03
  -1.1278838e-02
  -2.1399023e-02
  -4.2223174e-02
  -6.1632123e-02
  -5.6758497e-02
   0.0000000e+00
   0.0000000e+00
   0.0000000e+00
  -4.0970860e-02
  -3.0798044e-02
  -1.9412939e-02
  -1.3272899e-02
  -8.2661975e-03
  -6.2509294e-03
   1.3615839e-02
   1.1770225e-02
   0.0000000e+00
   0.0000000e+00
   0.0000000e+00
   0.0000000e+00
   0.0000000e+00
   0.0000000e+00
   2.1987546e-02
  -7.7411197e-03
  -1.6493186e-02
   1.0753508e-02
   2.7800791e-02
   1.4265855e-02
  -5.4422138e-03
   0.0000000e+00
   0.0000000e+00
   4.9200616e-03
   1.5315404e-03
   6.1050442e-04
  -1.2311516e-03
  -4.0268810e-03
  -7.1238866e-03
  -1.0045796e-02
  -1.2091143e-02
  -1.2217934e-02
  -9.6524945e-03
  -4.7209021e-03
   1.0442679e-03
   5.5205128e-03
   7.5825984e-03
   7.7201128e-03
   6.3523911e-03
   3.3280989e-03
  -1.8660408e-03
  -1.0476203e-02
  -3.2636318e-02
  -7.0166722e-02
  -6.6003155e-02
   0.0000000e+00
   0.0000000e+00
  -0.0000000e+00
  -4.1118931e-02
  -4.1797392e-02
  -3.5191432e-02
  -2.6135819e-02
  -1.2084560e-02
  -5.2544253e-03
   0.0000000e+00
   0.0000000e+00
   0.0000000e+00
   0.0000000e+00
   0.0000000e+00
   0.0000000e+00
   0.0000000e+00
   0.0000000e+00
   3.6107764e-02
  -9.7436896e-03
  -2.3442178e-02
   3.4067908e-02
   3.8159322e-02
   2.0959813e-02
   0.0000000e+00
  -0.0000000e+00
   3.0111260e-03
   3.0163101e-03
  -2.8261386e-03
  -4.7412110e-03
  -8.7527521e-03
  -1.3861896e-02
  -1.9211572e-02
  -2.4548022e-02
  -2.9262489e-02
  -3.2330614e-02
  -3.2437935e-02
  -2.8696585e-02
  -2.1292996e-02
  -1.2400281e-02
  -4.9080434e-03
   3.6351924e-04
   3.8224221e-03
   5.6390320e-03
   5.7116346e-03
   2.3998090e-03
  -1.2178755e-02
  -6.8496987e-02
  -6.2024972e-02
  -5.1367398e-02
   0.0000000e+00
  -4.0661024e-02
  -4.9188234e-02
  -5.1799644e-02
  -4.7939170e-02
  -4.0019423e-02
  -2.3656759e-02
  -5.0217201e-03
   0.0000000e+00
   0.0000000e+00
   0.0000000e+00
   0.0000000e+00
   0.0000000e+00
   0.0000000e+00
   0.0000000e+00
   0.0000000e+00
   6.2439617e-02
  -5.8463402e-03
  -2.3673893e-02
   2.7273608e-02
   3.5844319e-02
   2.6085823e-02
   0.0000000e+00
  -0.0000000e+00
   5.3183793e-03
   1.1720227e-03
  -6.2253553e-03
  -7.3295505e-03
  -1.2576707e-02
  -1.9631834e-02
  -2.7022406e-02
  -3.4443507e-02
  -4.1652633e-02
  -4.7903883e-02
  -5.1954764e-02
  -5.2137132e-02
  -4.7216105e-02
  -3.7992450e-02
  -2.7594138e-02
  -1.8606377e-02
  -1.1118538e-02
  -4.6600060e-03
  -5.6810733e-04
   7.2675427e-05
  -5.9527750e-04
  -6.8118052e-02
  -5.4138740e-02
  -2.9704398e-02
  -2.3799179e-02
  -4.0661976e-02
  -5.1099840e-02
  -5.4937407e-02
  -5.5379156e-02
  -5.2101984e-02
  -3.5997678e-02
   0.0000000e+00
   0.0000000e+00
   0.0000000e+00
   0.0000000e+00
   0.0000000e+00
   0.0000000e+00
   0.0000000e+00
   0.0000000e+00
   0.0000000e+00
   6.6230547e-02
   2.6726212e-04
  -2.1955375e-02
   0.0000000e+00
   2.5509547e-02
   2.6343222e-02
   0.0000000e+00
  -0.0000000e+00
   4.2031705e-03
   4.1554812e-03
  -4.4204660e-03
  -5.6139564e-03
  -1.0109844e-02
  -1.7944831e-02
  -2.6568525e-02
  -3.5415288e-02
  -4.4429737e-02
  -5.2932573e-02
  -5.9959159e-02
  -6.4104184e-02
  -6.3249551e-02
  -5.6689312e-02
  -4.6331419e-02
  -3.5598792e-02
  -2.5415946e-02
  -1.5015099e-02
  -6.5392378e-03
  -3.3294182e-03
  -1.4255694e-03
   0.0000000e+00
  -4.3028138e-02
  -2.9711290e-02
  -2.5721722e-02
  -3.7462882e-02
  -4.8405481e-02
  -5.6061939e-02
  -6.2727712e-02
  -6.7215606e-02
  -5.4861063e-02
   0.0000000e+00
   0.0000000e+00
   0.0000000e+00
   0.0000000e+00
   0.0000000e+00
   0.0000000e+00
   0.0000000e+00
   0.0000000e+00
   0.0000000e+00
   6.1431025e-02
   1.1012564e-02
  -1.3633491e-02
   0.0000000e+00
   2.1235071e-02
   2.5284857e-02
   0.0000000e+00
  -0.0000000e+00
  -8.0329971e-03
  -8.1992626e-03
  -4.8844963e-03
  -2.5627273e-03
  -4.1618859e-03
  -1.1211037e-02
  -2.0018350e-02
  -2.9678524e-02
  -3.9932862e-02
  -4.9937658e-02
  -5.8739707e-02
  -6.5264553e-02
  -6.7564949e-02
  -6.4277761e-02
  -5.6220576e-02
  -4.5865111e-02
  -3.4931771e-02
  -2.2008192e-02
  -8.9444462e-03
  -2.5340831e-03
  -4.7375907e-03
  -0.0000000e+00
  -2.4425846e-02
  -1.9723067e-02
  -1.9695681e-02
  -2.9158557e-02
  -4.1041583e-02
  -5.4106139e-02
  -6.9612354e-02
  -8.4066972e-02
  -7.8466480e-02
   0.0000000e+00
   0.0000000e+00
   0.0000000e+00
   0.0000000e+00
   0.0000000e+00
   0.0000000e+00
   0.0000000e+00
   0.0000000e+00
   0.0000000e+00
   0.0000000e+00
   2.2039097e-02
  -5.2324115e-03
   0.0000000e+00
   0.0000000e+00
   0.0000000e+00
   0.0000000e+00
  -0.0000000e+00
  -2.2326257e-02
  -2.0511876e-02
  -7.9193108e-03
  -1.5079316e-03
   1.5891776e-03
  -2.7423971e-03
  -1.0642538e-02
  -2.0306943e-02
  -3.1077137e-02
  -4.1775286e-02
  -5.1434919e-02
  -5.8979422e-02
  -6.2941328e-02
  -6.2534630e-02
  -5.7963360e-02
  -4.9800821e-02
  -3.9959140e-02
  -2.7421301e-02
  -1.1141252e-02
  -3.3023027e-03
   0.0000000e+00
  -0.0000000e+00
  -1.5718585e-02
  -1.0583025e-02
  -1.1177011e-02
  -1.8649379e-02
  -3.0067587e-02
  -4.6079084e-02
  -6.8712749e-02
  -9.5139071e-02
  -1.0063619e-01
   0.0000000e+00
   0.0000000e+00
   0.0000000e+00
   0.0000000e+00
   0.0000000e+00
   0.0000000e+00
   0.0000000e+00
   0.0000000e+00
   0.0000000e+00
   0.0000000e+00
   3.7791669e-02
  -3.4328769e-03
   0.0000000e+00
   0.0000000e+00
   0.0000000e+00
   0.0000000e+00
   0.0000000e+00
  -3.4109798e-02
  -3.4608922e-02
  -1.4455417e-02
  -3.7527650e-03
   3.5186129e-03
   4.8203281e-03
  -1.8458910e-04
  -8.6283320e-03
  -1.9072506e-02
  -2.9841097e-02
  -3.9910293e-02
  -4.7804428e-02
  -5.2492195e-02
  -5.3666019e-02
  -5.1713185e-02
  -4.6933042e-02
  -4.0573268e-02
  -3.2354142e-02
  -1.6917282e-02
  -4.7856473e-03
   0.0000000e+00
  -6.2696227e-03
  -1.2768853e-02
  -7.2125071e-03
  -5.6714660e-03
  -9.9834853e-03
  -1.8840205e-02
  -3.3385463e-02
  -5.7230458e-02
  -9.1650721e-02
  -1.0992162e-01
   0.0000000e+00
   0.0000000e+00
   0.0000000e+00
   0.0000000e+00
   0.0000000e+00
   0.0000000e+00
   0.0000000e+00
   0.0000000e+00
   0.0000000e+00
   0.0000000e+00
   0.0000000e+00
   0.0000000e+00
   0.0000000e+00
   0.0000000e+00
   0.0000000e+00
   0.0000000e+00
   0.0000000e+00
  -0.0000000e+00
  -5.1124327e-02
  -2.2620328e-02
  -6.6572293e-03
   2.3349458e-03
   8.8965474e-03
   9.5195994e-03
   3.7835808e-03
  -5.3957780e-03
  -1.5871014e-02
  -2.6277570e-02
  -3.4889106e-02
  -4.0376324e-02
  -4.2532362e-02
  -4.2392723e-02
  -4.1106943e-02
  -3.9542791e-02
  -3.6296722e-02
  -2.6237810e-02
   0.0000000e+00
   0.0000000e+00
  -1.6441611e-03
  -1.0789942e-02
  -6.9103288e-03
  -4.0953448e-03
  -5.5056480e-03
  -1.1101585e-02
  -2.2773739e-02
  -4.3948270e-02
  -7.9233475e-02
  -1.0836183e-01
   0.0000000e+00
   0.0000000e+00
   0.0000000e+00
   0.0000000e+00
   0.0000000e+00
   0.0000000e+00
   0.0000000e+00
   0.0000000e+00
   0.0000000e+00
   0.0000000e+00
   0.0000000e+00
   0.0000000e+00
   0.0000000e+00
   0.0000000e+00
   0.0000000e+00
   0.0000000e+00
   0.0000000e+00
   0.0000000e+00
  -6.2216808e-02
  -3.3141755e-02
  -1.4262875e-02
   5.2168648e-03
   1.0080030e-02
   1.5892714e-02
   1.3831369e-02
   6.2232199e-03
  -4.1404404e-03
  -1.5110614e-02
  -2.4479233e-02
  -3.0543454e-02
  -3.3476833e-02
  -3.5315610e-02
  -3.7420727e-02
  -4.0430866e-02
  -3.9330918e-02
  -3.4741577e-02
   0.0000000e+00
   0.0000000e+00
   4.7280667e-03
  -7.3193116e-03
  -6.6585387e-03
  -3.5430701e-03
  -4.0719961e-03
  -7.1144151e-03
  -1.5715733e-02
  -3.4120761e-02
  -6.7262262e-02
  -1.0099850e-01
  -1.0613330e-01
   0.0000000e+00
   0.0000000e+00
   0.0000000e+00
   0.0000000e+00
   0.0000000e+00
   0.0000000e+00
   0.0000000e+00
   0.0000000e+00
   0.0000000e+00
   0.0000000e+00
   0.0000000e+00
   0.0000000e+00
   0.0000000e+00
   0.0000000e+00
   0.0000000e+00
   0.0000000e+00
   0.0000000e+00
  -0.0000000e+00
  -4.4362396e-02
  -3.0706928e-02
   2.2637166e-03
   9.4157849e-03
   1.8966891e-02
   2.0403210e-02
   1.4264825e-02
   4.1152565e-03
  -7.6938369e-03
  -1.7654469e-02
  -2.3897015e-02
  -2.6858628e-02
  -2.9776003e-02
  -3.5250351e-02
  -4.3020263e-02
  -3.9131675e-02
  -2.8574840e-02
   0.0000000e+00
   0.0000000e+00
   5.6326268e-03
  -1.0173420e-03
  -2.9190802e-03
  -7.9248421e-04
  -2.0441532e-03
  -4.5218798e-03
  -1.0510782e-02
  -2.5259385e-02
  -5.4429322e-02
  -9.2744038e-02
  -1.0333827e-01
   0.0000000e+00
   0.0000000e+00
   0.0000000e+00
   0.0000000e+00
   0.0000000e+00
   0.0000000e+00
   0.0000000e+00
   0.0000000e+00
   0.0000000e+00
   0.0000000e+00
   0.0000000e+00
   0.0000000e+00
   0.0000000e+00
   0.0000000e+00
   0.0000000e+00
   0.0000000e+00
   0.0000000e+00
  -0.0000000e+00
  -4.7039897e-02
  -4.0645520e-02
  -1.1416942e-02
   1.0343457e-02
   2.3668172e-02
   2.7137013e-02
   2.1923635e-02
   1.1787248e-02
  -1.0295124e-03
  -1.2149404e-02
  -1.8508574e-02
  -2.0477658e-02
  -2.2777596e-02
  -3.2204520e-02
  -4.5915756e-02
  -4.3506955e-02
   0.0000000e+00
   0.0000000e+00
   0.0000000e+00
   0.0000000e+00
   0.0000000e+00
   8.4252647e-03
   5.7156384e-03
   3.6066263e-03
   7.3066936e-04
  -4.0680687e-03
  -1.5521273e-02
  -3.9276145e-02
  -7.6695383e-02
  -8.4919378e-02
   0.0000000e+00
   0.0000000e+00
  -0.0000000e+00
  -0.0000000e+00
  -2.2732819e-02
  -2.3598290e-02
   0.0000000e+00
   0.0000000e+00
   0.0000000e+00
   0.0000000e+00
   0.0000000e+00
   0.0000000e+00
   0.0000000e+00
   0.0000000e+00
   0.0000000e+00
   0.0000000e+00
   0.0000000e+00
   0.0000000e+00
   0.0000000e+00
  -4.4543198e-02
  -2.4763839e-02
   9.3274699e-03
   2.9889498e-02
   3.5724944e-02
   3.0785030e-02
   1.9618056e-02
   5.1323276e-03
  -7.5107678e-03
  -1.3955103e-02
  -1.4313036e-02
  -1.4598875e-02
  -2.6621695e-02
  -4.7101076e-02
  -4.6947478e-02
   0.0000000e+00
   0.0000000e+00
   0.0000000e+00
   0.0000000e+00
   0.0000000e+00
   0.0000000e+00
   1.7463830e-02
   1.1944927e-02
   8.3638667e-03
   3.7264067e-03
  -6.2200026e-03
  -2.6218811e-02
  -5.9310719e-02
  -6.6908802e-02
   0.0000000e+00
   0.0000000e+00
  -0.0000000e+00
  -1.5712897e-02
  -1.6161979e-02
  -1.2606917e-02
   0.0000000e+00
   0.0000000e+00
   0.0000000e+00
   0.0000000e+00
   0.0000000e+00
   0.0000000e+00
   0.0000000e+00
   0.0000000e+00
   0.0000000e+00
   0.0000000e+00
   0.0000000e+00
   0.0000000e+00
   0.0000000e+00
  -4.4500941e-02
  -3.7571689e-02
   3.0085857e-03
   3.2736316e-02
   4.2362522e-02
   3.8687877e-02
   2.7174529e-02
   1.1087499e-02
  -2.7355640e-03
  -9.0701412e-03
  -7.4380278e-03
  -4.8857154e-03
  -1.6843902e-02
  -4.3398986e-02
  -4.1539682e-02
   0.0000000e+00
   0.0000000e+00
   0.0000000e+00
   0.0000000e+00
   0.0000000e+00
   0.0000000e+00
   1.8744488e-02
   1.8820483e-02
   1.6129412e-02
   1.0766768e-02
   2.3334920e-03
  -1.4043906e-02
  -4.2070825e-02
  -5.6398656e-02
   0.0000000e+00
  -2.8058107e-02
  -1.6280150e-02
  -1.3645210e-02
  -7.4689141e-03
   0.0000000e+00
   0.0000000e+00
   0.0000000e+00
   0.0000000e+00
   0.0000000e+00
   0.0000000e+00
   0.0000000e+00
   0.0000000e+00
   0.0000000e+00
   0.0000000e+00
   0.0000000e+00
   0.0000000e+00
   0.0000000e+00
  -0.0000000e+00
  -4.1769792e-02
  -4.4777814e-02
  -5.2004755e-03
   2.8360607e-02
   4.1042946e-02
   3.9700825e-02
   2.9989174e-02
   1.5080764e-02
   2.1463602e-03
  -3.3028247e-03
  -2.3367140e-04
   5.5898153e-03
  -2.3628655e-03
  -2.6760407e-02
   0.0000000e+00
   0.0000000e+00
   0.0000000e+00
   0.0000000e+00
   0.0000000e+00
   0.0000000e+00
   0.0000000e+00
   1.4524123e-02
   1.7399994e-02
   1.8749358e-02
   1.4488917e-02
   8.7138014e-03
  -3.4772884e-03
  -2.4166042e-02
  -2.8357754e-02
   0.0000000e+00
  -2.7025416e-02
  -1.2136780e-02
  -1.0931431e-02
   0.0000000e+00
   0.0000000e+00
   0.0000000e+00
  -0.0000000e+00
   0.0000000e+00
   0.0000000e+00
   0.0000000e+00
   0.0000000e+00
   0.0000000e+00
   0.0000000e+00
   0.0000000e+00
   0.0000000e+00
   0.0000000e+00
   0.0000000e+00
  -0.0000000e+00
  -3.0365090e-02
  -3.6682811e-02
  -1.2717878e-02
   1.8530805e-02
   3.4453012e-02
   3.7723660e-02
   3.1563271e-02
   1.9441769e-02
   7.9841223e-03
   3.8576792e-03
   7.8922976e-03
   1.6342228e-02
   1.3351815e-02
   2.5885971e-03
   0.0000000e+00
   0.0000000e+00
   0.0000000e+00
   0.0000000e+00
   0.0000000e+00
   0.0000000e+00
   0.0000000e+00
   0.0000000e+00
   0.0000000e+00
   1.5535595e-02
   1.4712283e-02
   1.2520252e-02
   4.6418752e-03
  -9.7331824e-03
  -1.8042641e-02
  -8.0969793e-03
  -0.0000000e+00
  -0.0000000e+00
   0.0000000e+00
  -0.0000000e+00
  -0.0000000e+00
   0.0000000e+00
  -0.0000000e+00
   0.0000000e+00
   0.0000000e+00
   0.0000000e+00
   0.0000000e+00
   0.0000000e+00
   0.0000000e+00
   0.0000000e+00
   0.0000000e+00
   0.0000000e+00
   0.0000000e+00
   0.0000000e+00
  -0.0000000e+00
  -2.1920014e-02
  -6.4591876e-03
   1.6849628e-02
   3.5549619e-02
   4.2774846e-02
   3.7324414e-02
   2.5807734e-02
   1.3799445e-02
   1.1171614e-02
   1.7517219e-02
   2.7830170e-02
   2.7580913e-02
   2.3787397e-02
   0.0000000e+00
   0.0000000e+00
   0.0000000e+00
   0.0000000e+00
   0.0000000e+00
   0.0000000e+00
   0.0000000e+00
   0.0000000e+00
   0.0000000e+00
  -0.0000000e+00
   5.3253283e-03
   1.3241270e-02
   1.0876094e-02
   2.8665966e-03
  -6.8480660e-03
  -8.0969799e-03
   0.0000000e+00
   0.0000000e+00
   0.0000000e+00
  -0.0000000e+00
  -0.0000000e+00
   0.0000000e+00
   0.0000000e+00
   0.0000000e+00
   0.0000000e+00
   0.0000000e+00
   0.0000000e+00
   0.0000000e+00
   0.0000000e+00
   0.0000000e+00
   0.0000000e+00
   0.0000000e+00
   0.0000000e+00
   0.0000000e+00
   0.0000000e+00
  -3.1395360e-02
  -4.8858123e-03
   8.3474712e-03
   3.2185450e-02
   4.2177584e-02
   3.7652459e-02
   2.6649112e-02
   1.4199294e-02
   1.2938717e-02
   2.2796473e-02
   3.5242818e-02
   3.8503945e-02
   3.7160706e-02
   0.0000000e+00
   0.0000000e+00
   0.0000000e+00
   0.0000000e+00
   0.0000000e+00
   0.0000000e+00
   0.0000000e+00
   0.0000000e+00
   0.0000000e+00
  -0.0000000e+00
  -6.9000795e-03
   1.0484941e-02
   1.5087135e-02
   1.2060322e-02
   3.0402368e-03
   0.0000000e+00
   0.0000000e+00
   0.0000000e+00
   0.0000000e+00
   0.0000000e+00
   0.0000000e+00
   0.0000000e+00
   0.0000000e+00
   0.0000000e+00
   0.0000000e+00
   0.0000000e+00
   0.0000000e+00
   0.0000000e+00
   0.0000000e+00
   0.0000000e+00
   0.0000000e+00
   0.0000000e+00
   0.0000000e+00
   0.0000000e+00
   0.0000000e+00
  -3.9676494e-02
   5.3828161e-03
  -3.0268797e-02
   1.1573669e-03
   2.0127894e-02
   2.5068017e-02
   1.8535260e-02
   1.0044969e-02
   6.6253420e-03
   1.8776255e-02
   3.8452286e-02
   4.6463794e-02
   4.2701101e-02
   0.0000000e+00
   0.0000000e+00
   0.0000000e+00
   0.0000000e+00
   0.0000000e+00
   0.0000000e+00
   0.0000000e+00
   0.0000000e+00
  -0.0000000e+00
  -3.0754983e-02
  -1.8090971e-02
   9.4320928e-04
   1.7284304e-02
   1.7456774e-02
   2.2910050e-02
  -0.0000000e+00
  -0.0000000e+00
   0.0000000e+00
   0.0000000e+00
   0.0000000e+00
   0.0000000e+00
   0.0000000e+00
   0.0000000e+00
   0.0000000e+00
   0.0000000e+00
   0.0000000e+00
   0.0000000e+00
   0.0000000e+00
   0.0000000e+00
   0.0000000e+00
   0.0000000e+00
   0.0000000e+00
   0.0000000e+00
   0.0000000e+00
   0.0000000e+00
  -2.7400955e-02
  -6.5236950e-03
  -6.4871966e-02
  -4.3928398e-02
  -1.5902402e-02
   5.4325882e-03
   1.4470418e-02
   1.3574535e-02
   0.0000000e+00
   7.8009209e-03
   3.1596683e-02
   4.3530487e-02
   0.0000000e+00
   0.0000000e+00
   0.0000000e+00
   0.0000000e+00
   0.0000000e+00
   0.0000000e+00
   0.0000000e+00
   0.0000000e+00
   0.0000000e+00
  -0.0000000e+00
  -1.8333328e-02
  -2.3276578e-02
  -2.5362552e-02
   6.4457096e-03
   5.0995118e-03
   3.5764161e-03
  -7.8322102e-03
  -6.0116721e-03
   0.0000000e+00
   0.0000000e+00
   0.0000000e+00
   0.0000000e+00
   0.0000000e+00
   0.0000000e+00
   0.0000000e+00
   0.0000000e+00
   0.0000000e+00
   0.0000000e+00
   0.0000000e+00
   0.0000000e+00
   0.0000000e+00
   0.0000000e+00
   0.0000000e+00
   0.0000000e+00
   0.0000000e+00
   0.0000000e+00
   0.0000000e+00
   0.0000000e+00
   0.0000000e+00
  -0.0000000e+00
  -4.2042028e-02
  -3.8384449e-02
   0.0000000e+00
   0.0000000e+00
   0.0000000e+00
   0.0000000e+00
   0.0000000e+00
   0.0000000e+00
   0.0000000e+00
   0.0000000e+00
   0.0000000e+00
   0.0000000e+00
   0.0000000e+00
   0.0000000e+00
   0.0000000e+00
   0.0000000e+00
   0.0000000e+00
  -0.0000000e+00
  -9.5611290e-03
   0.0000000e+00
  -0.0000000e+00
  -1.9337208e-02
   0.0000000e+00
  -1.2657568e-02
  -1.1850448e-02
  -9.3154075e-03
   0.0000000e+00
   0.0000000e+00
   0.0000000e+00
   0.0000000e+00
   0.0000000e+00
   0.0000000e+00
   0.0000000e+00
   0.0000000e+00
   0.0000000e+00
   0.0000000e+00
   0.0000000e+00
   0.0000000e+00
   0.0000000e+00
   0.0000000e+00
   0.0000000e+00
   0.0000000e+00
   0.0000000e+00
   0.0000000e+00
   0.0000000e+00
   0.0000000e+00
  -0.0000000e+00
  -0.0000000e+00
  -0.0000000e+00
  -0.0000000e+00
  -3.0390985e-02
  -3.9135590e-02
  -0.0000000e+00
  -0.0000000e+00
  -0.0000000e+00
  -0.0000000e+00
  -0.0000000e+00
   0.0000000e+00
   0.0000000e+00
   0.0000000e+00
   0.0000000e+00
   0.0000000e+00
   0.0000000e+00
  -0.0000000e+00
  -0.0000000e+00
  -0.0000000e+00
  -0.0000000e+00
   0.0000000e+00
   0.0000000e+00
   0.0000000e+00
  -0.0000000e+00
  -1.9409323e-02
  -1.3033316e-02
  -2.0913804e-02
  -1.8477896e-02
   0.0000000e+00
   0.0000000e+00
   0.0000000e+00
   0.0000000e+00
   0.0000000e+00
   0.0000000e+00
   0.0000000e+00
   0.0000000e+00
   0.0000000e+00
   0.0000000e+00
   0.0000000e+00
   0.0000000e+00
   6.3752589e-03
   3.9950010e-03
   6.1649063e-03
   1.0210178e-02
   9.0339995e-03
   6.2039319e-03
   3.5699870e-03
  -5.6741251e-03
  -9.5045393e-03
  -6.5884205e-03
  -6.7605926e-03
  -1.1164066e-02
  -1.5036772e-02
  -9.6141696e-03
  -8.9664368e-03
  -8.3504288e-03
  -1.0221651e-02
  -1.4849165e-02
  -2.3043129e-02
  -3.1292213e-02
  -2.7787121e-02
  -2.1538817e-02
  -2.1660753e-02
  -0.0000000e+00
  -0.0000000e+00
  -0.0000000e+00
  -0.0000000e+00
  -0.0000000e+00
  -0.0000000e+00
  -0.0000000e+00
  -0.0000000e+00
  -0.0000000e+00
  -1.3501506e-02
  -3.6086184e-03
  -2.6612431e-03
  -5.5518511e-03
  -0.0000000e+00
   0.0000000e+00
   0.0000000e+00
   0.0000000e+00
   0.0000000e+00
   0.0000000e+00
   0.0000000e+00
   0.0000000e+00
   0.0000000e+00
   0.0000000e+00
   0.0000000e+00
   0.0000000e+00
