   0.0000000e+00
   0.0000000e+00
   0.0000000e+00
   0.0000000e+00
   0.0000000e+00
   0.0000000e+00
   0.0000000e+00
   0.0000000e+00
   0.0000000e+00
   4.0138327e-02
   3.0140611e-02
   1.6848822e-02
  -4.8344854e-03
  -0.0000000e+00
  -0.0000000e+00
  -0.0000000e+00
   0.0000000e+00
   0.0000000e+00
   0.0000000e+00
   0.0000000e+00
   0.0000000e+00
   0.0000000e+00
   0.0000000e+00
   0.0000000e+00
   0.0000000e+00
   0.0000000e+00
   1.2030047e-02
   4.2855318e-03
   8.3844271e-04
  -9.2881269e-03
  -2.1592866e-02
  -0.0000000e+00
   0.0000000e+00
   0.0000000e+00
   0.0000000e+00
   0.0000000e+00
   0.0000000e+00
   0.0000000e+00
   0.0000000e+00
   0.0000000e+00
   0.0000000e+00
   0.0000000e+00
   0.0000000e+00
   0.0000000e+00
   0.0000000e+00
   0.0000000e+00
   0.0000000e+00
   0.0000000e+00
   0.0000000e+00
   0.0000000e+00
   0.0000000e+00
   0.0000000e+00
   0.0000000e+00
   0.0000000e+00
   0.0000000e+00
   0.0000000e+00
   1.8074596e-02
   3.8682461e-02
   5.7888456e-02
   5.5529006e-02
   5.0459053e-02
   4.3428715e-02
   3.1958189e-02
   2.5202851e-02
   2.1443166e-02
   1.5860615e-02
   1.4164977e-02
   1.3474691e-02
   8.2670506e-03
   3.0903898e-03
   8.7255781e-03
   1.3519556e-03
   2.0768169e-03
   0.0000000e+00
   4.8349727e-03
   8.7807998e-03
   1.7459884e-02
   1.6678199e-02
   1.1779437e-02
   4.9189916e-04
  -6.0941188e-03
  -2.7519905e-02
  -5.3291770e-02
  -7.0866909e-02
  -8.3587219e-02
  -5.8229370e-02
  -0.0000000e+00
  -0.0000000e+00
   0.0000000e+00
   0.0000000e+00
   0.0000000e+00
   0.0000000e+00
   0.0000000e+00
   0.0000000e+00
   0.0000000e+00
   0.0000000e+00
  -1.1198487e-04
   3.7586122e-03
  -4.7041720e-03
   3.0242540e-02
   2.8301555e-02
   5.2098252e-02
   6.5324357e-02
   7.5987615e-02
   8.7796926e-02
   1.0026034e-01
   1.1158273e-01
   1.1866267e-01
   1.1951047e-01
   1.1218881e-01
   9.9477202e-02
   8.8277891e-02
   8.3100386e-02
   7.8515835e-02
   7.7700660e-02
   7.4762434e-02
   7.4083589e-02
   7.1228489e-02
   6.8569794e-02
   6.4653613e-02
   6.2603477e-02
   6.6458284e-02
   6.2013965e-02
   6.3387200e-02
   5.9853349e-02
   5.6690834e-02
   5.2470397e-02
   4.8126195e-02
   4.1424882e-02
   3.3629615e-02
   2.4271637e-02
   1.6410602e-02
   1.2807263e-02
   1.2622486e-02
   1.3439855e-02
   1.1184748e-02
   2.5426951e-03
  -2.4892921e-02
  -3.6703796e-02
  -8.5999689e-03
   5.0958576e-03
  -1.3607134e-02
  -3.3842753e-02
  -5.4360165e-03
   5.9667621e-02
   6.8101577e-02
   7.6080158e-02
   8.3198816e-02
   9.3103141e-02
   1.0468180e-01
   1.1386704e-01
   1.2256341e-01
   1.2582798e-01
   1.2583759e-01
   1.3328922e-01
   1.4263742e-01
   1.5117814e-01
   1.5096107e-01
   1.3575360e-01
   1.2440754e-01
   1.1928913e-01
   1.1707552e-01
   1.1598071e-01
   1.1539935e-01
   1.1419984e-01
   1.1149973e-01
   1.0836349e-01
   1.1043160e-01
   1.2647500e-01
   1.1552806e-01
   9.3668446e-02
   8.4397666e-02
   8.4798135e-02
   8.8006601e-02
   9.0459719e-02
   9.1644742e-02
   9.0994336e-02
   8.8962041e-02
   8.7666951e-02
   8.7747559e-02
   9.0392970e-02
   9.5171079e-02
   1.0020876e-01
   1.0297225e-01
   1.0159316e-01
   9.6439451e-02
   9.0642542e-02
   8.5863717e-02
   8.2803607e-02
   7.9092585e-02
   6.9216505e-02
   5.9285257e-02
   1.1727315e-01
   1.1503334e-01
   1.1291438e-01
   1.1075108e-01
   1.1027068e-01
   1.1030287e-01
   1.0834108e-01
   1.1024424e-01
   1.1181550e-01
   1.0915846e-01
   1.1392178e-01
   1.2454321e-01
   1.3948691e-01
   1.4914265e-01
   1.3878748e-01
   1.3059367e-01
   1.2800252e-01
   1.2730055e-01
   1.2743995e-01
   1.2625273e-01
   1.2500142e-01
   1.2163988e-01
   1.1317571e-01
   1.0265820e-01
   1.2085964e-01
   0.0000000e+00
   5.9320178e-02
   7.0691474e-02
   8.5979216e-02
   1.0071061e-01
   1.1223798e-01
   1.2197679e-01
   1.2699074e-01
   1.2923144e-01
   1.3258553e-01
   1.3640063e-01
   1.4072216e-01
   1.4536907e-01
   1.4746691e-01
   1.4917263e-01
   1.5153691e-01
   1.5486278e-01
   1.5692608e-01
   1.5008140e-01
   1.4305677e-01
   1.4045081e-01
   1.3138549e-01
   1.2189917e-01
   1.3673575e-01
   1.2438881e-01
   1.1111444e-01
   9.9730995e-02
   9.2942540e-02
   9.3149624e-02
   7.7585047e-02
   7.3393875e-02
   7.6006584e-02
   7.8869997e-02
   6.8524324e-02
   8.3408477e-02
   1.0089353e-01
   1.1605645e-01
   1.1557171e-01
   1.1330630e-01
   1.1367790e-01
   1.1439580e-01
   1.1394486e-01
   1.1383126e-01
   1.1446174e-01
   1.1075200e-01
   9.8306809e-02
   7.4141347e-02
   4.1184484e-02
  -0.0000000e+00
   2.2079258e-02
   4.8956851e-02
   7.3725135e-02
   9.6402649e-02
   1.1581504e-01
   1.3203406e-01
   1.4366366e-01
   1.5046244e-01
   1.5351458e-01
   1.5630854e-01
   1.5571134e-01
   1.5289420e-01
   1.4907126e-01
   1.4700900e-01
   1.5034147e-01
   1.6063458e-01
   1.7082155e-01
   1.6771119e-01
   1.6867285e-01
   1.6883939e-01
   1.5822080e-01
   1.4644309e-01
   1.2967670e-01
   1.0874370e-01
   9.0935335e-02
   7.7657282e-02
   6.8912067e-02
   6.2782325e-02
   4.9009378e-02
   4.5108516e-02
   3.7881840e-02
   3.9827369e-02
   3.6299184e-02
   5.3932305e-02
   7.3212229e-02
   8.7984607e-02
   9.0989180e-02
   9.1711387e-02
   9.2226319e-02
   9.1375761e-02
   9.1364451e-02
   9.3262970e-02
   9.4204940e-02
   9.1848090e-02
   8.3219059e-02
   6.0397010e-02
   3.1482313e-02
  -0.0000000e+00
   1.8807099e-02
   3.7605729e-02
   5.6537006e-02
   7.7482522e-02
   1.0225809e-01
   1.2362666e-01
   1.3777587e-01
   1.4647290e-01
   1.4870557e-01
   1.4614861e-01
   1.3978831e-01
   1.3140407e-01
   1.2110790e-01
   1.1490541e-01
   1.2084846e-01
   1.3562128e-01
   1.5028778e-01
   1.5697826e-01
   1.6737188e-01
   1.6809590e-01
   1.5858312e-01
   1.4499867e-01
   1.0606744e-01
   8.3283773e-02
   6.1886245e-02
   4.9453854e-02
   4.2778459e-02
   5.6192678e-02
   1.9462982e-02
   1.7058166e-02
   1.8151884e-02
   1.4012487e-02
   2.5798181e-02
   3.6648925e-02
   4.9785443e-02
   6.0285479e-02
   6.3123778e-02
   6.2945940e-02
   6.2159132e-02
   6.1521765e-02
   6.2453628e-02
   6.4234227e-02
   6.6445015e-02
   6.6975646e-02
   6.2867053e-02
   4.5500617e-02
   2.6536777e-02
   0.0000000e+00
   1.4350567e-02
   2.4894925e-02
   3.6345925e-02
   5.2605473e-02
   7.8167744e-02
   1.0007404e-01
   1.1394434e-01
   1.2145155e-01
   1.2052972e-01
   1.1092588e-01
   9.7523786e-02
   8.8889517e-02
   7.7381492e-02
   6.9217071e-02
   7.5095259e-02
   9.0007223e-02
   1.0755600e-01
   1.2478784e-01
   1.3962251e-01
   1.4206308e-01
   1.3534920e-01
   1.2051615e-01
   7.4497090e-02
   0.0000000e+00
   3.9223753e-02
   3.1929366e-02
   0.0000000e+00
   0.0000000e+00
   6.6477602e-03
   7.1693858e-04
   3.6247920e-03
   9.3871290e-03
   1.5632557e-02
   2.1619439e-02
   2.9024208e-02
   3.5271365e-02
   3.7833896e-02
   3.7247252e-02
   3.5819434e-02
   3.5898291e-02
   3.8079664e-02
   4.1297372e-02
   4.4527177e-02
   4.6563819e-02
   4.4614244e-02
   3.3314276e-02
   2.2447521e-02
   0.0000000e+00
   7.5411391e-03
   1.4186839e-02
   2.3618348e-02
   3.6465026e-02
   5.7899114e-02
   7.4445754e-02
   8.3466053e-02
   8.6906537e-02
   8.2386509e-02
   6.5644123e-02
   4.9787484e-02
   4.9122605e-02
   4.2418182e-02
   3.7200667e-02
   4.1710578e-02
   5.3640924e-02
   6.9827110e-02
   8.6955048e-02
   9.9832512e-02
   1.0426576e-01
   9.9652313e-02
   8.7253101e-02
   3.5332174e-02
   0.0000000e+00
   0.0000000e+00
   0.0000000e+00
   0.0000000e+00
   0.0000000e+00
  -0.0000000e+00
  -1.0246525e-02
  -8.8479482e-03
  -2.3651640e-03
   1.6068842e-03
   4.2003989e-03
   7.1863486e-03
   1.0051957e-02
   1.2226934e-02
   1.2202199e-02
   1.2249291e-02
   1.4108094e-02
   1.7550811e-02
   2.1600664e-02
   2.4980320e-02
   2.7154576e-02
   2.5789674e-02
   2.1378379e-02
   1.7797090e-02
   0.0000000e+00
   0.0000000e+00
   5.7060464e-03
   1.1131617e-02
   2.2746310e-02
   3.8512751e-02
   4.8187740e-02
   5.1516440e-02
   5.0514869e-02
   4.1945409e-02
   1.8726619e-02
   2.0314634e-02
   2.0413902e-02
   1.1081955e-02
   1.1166032e-02
   1.4699058e-02
   2.3794759e-02
   3.6042348e-02
   4.7328416e-02
   5.6414474e-02
   6.1400563e-02
   5.8299650e-02
   4.8505664e-02
   2.0259058e-03
   0.0000000e+00
   0.0000000e+00
   0.0000000e+00
   0.0000000e+00
   0.0000000e+00
  -0.0000000e+00
  -2.0974308e-02
  -1.9842317e-02
  -1.6013258e-02
  -1.5080723e-02
  -1.5061029e-02
  -1.4541175e-02
  -1.2557615e-02
  -1.0354097e-02
  -9.0813782e-03
  -6.6263768e-03
  -2.9589640e-03
   1.0511995e-03
   4.7006666e-03
   6.9112186e-03
   7.7815368e-03
   6.7843380e-03
   8.3034295e-03
   6.9904127e-03
   0.0000000e+00
   0.0000000e+00
  -9.5541779e-03
  -2.8726125e-03
   6.8568228e-03
   1.7373777e-02
   2.1383203e-02
   2.1086007e-02
   1.6846118e-02
   4.9623324e-03
  -1.4219258e-02
  -2.0963314e-02
  -0.0000000e+00
  -1.1249530e-02
  -9.2030601e-03
  -6.8545318e-03
  -9.3872106e-04
   5.5091454e-03
   1.0509586e-02
   1.5767314e-02
   1.9186768e-02
   1.7185493e-02
   9.6671866e-03
  -1.8039443e-02
   0.0000000e+00
   0.0000000e+00
   0.0000000e+00
   0.0000000e+00
   0.0000000e+00
  -0.0000000e+00
  -3.2576077e-02
  -3.0612804e-02
  -2.9829711e-02
  -3.2031178e-02
  -3.3292968e-02
  -3.2916762e-02
  -3.0415481e-02
  -2.7328467e-02
  -2.3842074e-02
  -1.9472132e-02
  -1.4966938e-02
  -1.1282937e-02
  -9.2619332e-03
  -9.2789475e-03
  -1.0259301e-02
  -1.0701208e-02
  -6.9694808e-03
  -5.6059759e-03
   0.0000000e+00
   0.0000000e+00
  -1.2494491e-02
  -1.6754112e-02
  -8.2777506e-03
  -1.7537456e-03
  -2.0181283e-03
  -5.1739975e-03
  -1.2262649e-02
  -2.5178514e-02
  -3.0221562e-02
  -2.4660832e-02
   0.0000000e+00
  -0.0000000e+00
  -2.2366647e-02
  -2.4070693e-02
  -2.2136662e-02
  -2.1727458e-02
  -2.1811966e-02
  -2.0392273e-02
  -1.9194122e-02
  -2.0136017e-02
  -2.1675942e-02
  -2.7602196e-02
   0.0000000e+00
   0.0000000e+00
   0.0000000e+00
   0.0000000e+00
   0.0000000e+00
  -0.0000000e+00
  -4.1131058e-02
  -3.6809377e-02
  -4.1498743e-02
  -4.6180882e-02
  -4.7044113e-02
  -4.5540951e-02
  -4.2013939e-02
  -3.6422275e-02
  -3.0290190e-02
  -2.4999578e-02
  -2.1042896e-02
  -1.9378899e-02
  -2.0495396e-02
  -2.3715973e-02
  -2.6871089e-02
  -2.7157441e-02
  -2.1293001e-02
  -1.0487323e-02
   0.0000000e+00
  -8.2546548e-03
   0.0000000e+00
  -0.0000000e+00
  -2.1452457e-02
  -1.7390838e-02
  -2.1645829e-02
  -2.8310373e-02
  -3.8649645e-02
  -5.1163070e-02
  -4.9419001e-02
   0.0000000e+00
   0.0000000e+00
  -0.0000000e+00
  -3.0804818e-02
  -3.6704774e-02
  -4.1028734e-02
  -4.7070082e-02
  -5.1312450e-02
  -5.2951258e-02
  -5.2809749e-02
  -5.0711498e-02
  -4.2314854e-02
  -2.7348516e-02
  -1.4247323e-02
   0.0000000e+00
   0.0000000e+00
   0.0000000e+00
  -0.0000000e+00
  -4.1492932e-02
  -3.7436847e-02
  -4.1456691e-02
  -4.7397271e-02
  -5.1565181e-02
  -5.1563546e-02
  -4.9179792e-02
  -4.4057518e-02
  -3.6484316e-02
  -2.9522454e-02
  -2.4923904e-02
  -2.3603410e-02
  -2.5467787e-02
  -2.9916214e-02
  -3.5118274e-02
  -3.9672952e-02
  -4.0180810e-02
  -3.1529531e-02
  -1.2344389e-02
   0.0000000e+00
  -8.2546547e-03
   0.0000000e+00
  -0.0000000e+00
  -2.8844419e-02
  -2.8328516e-02
  -3.5407137e-02
  -4.5741647e-02
  -5.8253445e-02
  -6.5864295e-02
  -4.8443873e-02
   0.0000000e+00
   0.0000000e+00
  -0.0000000e+00
  -2.8754749e-02
  -3.9114021e-02
  -5.3497862e-02
  -6.4653516e-02
  -7.1147390e-02
  -7.4276112e-02
  -7.4248374e-02
  -6.8609759e-02
  -5.1462594e-02
  -2.4092924e-02
  -1.2564719e-02
   0.0000000e+00
   0.0000000e+00
   0.0000000e+00
  -0.0000000e+00
  -3.7765659e-02
  -2.8666144e-02
  -4.2100286e-02
  -4.6094507e-02
  -4.8475098e-02
  -4.8022959e-02
  -4.5194611e-02
  -3.9089546e-02
  -3.1349089e-02
  -2.5741348e-02
  -2.4341384e-02
  -2.7564159e-02
  -3.3071995e-02
  -3.9454557e-02
  -4.5394097e-02
  -5.0194461e-02
  -5.0396610e-02
  -3.8840316e-02
  -1.4965251e-02
   0.0000000e+00
   0.0000000e+00
   0.0000000e+00
   0.0000000e+00
  -3.2258084e-02
  -3.7253283e-02
  -4.6745081e-02
  -5.8913775e-02
  -6.9845714e-02
  -6.5152816e-02
  -3.4113417e-02
   0.0000000e+00
   0.0000000e+00
  -0.0000000e+00
  -2.6990794e-02
  -4.2004797e-02
  -6.1903499e-02
  -7.5983129e-02
  -8.4014229e-02
  -8.8118069e-02
  -8.7844215e-02
  -7.8967758e-02
  -5.5104226e-02
  -2.3896315e-02
  -1.0076861e-02
  -6.7152698e-03
   0.0000000e+00
  -0.0000000e+00
  -4.3004890e-02
  -3.3011928e-02
  -3.2721598e-02
  -3.9528715e-02
  -3.6733109e-02
  -3.7265401e-02
  -3.6824729e-02
  -3.3997204e-02
  -2.8878557e-02
  -2.3756771e-02
  -2.1760008e-02
  -2.5305020e-02
  -3.3111300e-02
  -4.0977358e-02
  -4.7956740e-02
  -5.3885796e-02
  -5.8352661e-02
  -5.8083937e-02
  -4.5408918e-02
  -2.4118234e-02
   0.0000000e+00
   0.0000000e+00
   0.0000000e+00
   0.0000000e+00
  -3.9062886e-02
  -4.5259835e-02
  -5.5907656e-02
  -6.6387243e-02
  -7.1585483e-02
  -5.7929390e-02
  -4.4487896e-02
   0.0000000e+00
   0.0000000e+00
   0.0000000e+00
  -2.9777789e-02
  -4.8108263e-02
  -6.6731721e-02
  -8.1962754e-02
  -9.0335120e-02
  -9.4597686e-02
  -9.3766328e-02
  -8.2223651e-02
  -5.4882620e-02
  -2.0767990e-02
  -8.1888819e-03
  -7.5115203e-03
   0.0000000e+00
  -4.0919573e-02
  -4.5536545e-02
  -2.6581620e-02
  -2.5417831e-02
  -2.5974795e-02
  -2.0912349e-02
  -2.0397244e-02
  -2.0690745e-02
  -1.9626124e-02
  -1.7586699e-02
  -1.6963923e-02
  -2.0140015e-02
  -2.8423445e-02
  -3.8723413e-02
  -4.7894470e-02
  -5.4455187e-02
  -5.9114374e-02
  -6.2057860e-02
  -6.0404152e-02
  -4.4815868e-02
  -3.2778499e-02
   0.0000000e+00
   0.0000000e+00
   0.0000000e+00
   0.0000000e+00
  -0.0000000e+00
  -5.1611066e-02
  -6.1168537e-02
  -6.6597924e-02
  -6.3376375e-02
  -4.2803902e-02
  -2.9282379e-02
   0.0000000e+00
   0.0000000e+00
   0.0000000e+00
  -0.0000000e+00
  -5.6788200e-02
  -6.9275983e-02
  -8.2744956e-02
  -8.9580506e-02
  -9.1767102e-02
  -8.9189008e-02
  -7.5965554e-02
  -4.8719112e-02
  -1.3114428e-02
  -6.1868937e-03
  -9.4019324e-03
  -1.5366682e-02
  -2.5894527e-02
  -2.8629872e-02
  -1.3958582e-02
  -1.1242977e-02
  -8.4132235e-03
  -3.8601144e-03
  -3.4088455e-03
  -5.0777686e-03
  -7.0604570e-03
  -9.0652648e-03
  -1.3327786e-02
  -2.1199677e-02
  -3.2343209e-02
  -4.3701541e-02
  -5.2743033e-02
  -5.7844799e-02
  -5.9672751e-02
  -5.8640931e-02
  -5.3365286e-02
  -3.7282494e-02
  -2.6208982e-02
   0.0000000e+00
   0.0000000e+00
   0.0000000e+00
   0.0000000e+00
  -0.0000000e+00
  -5.3598501e-02
  -5.9598971e-02
  -5.8107704e-02
  -4.7264598e-02
  -2.4086561e-02
  -1.2880750e-02
   0.0000000e+00
   0.0000000e+00
   0.0000000e+00
  -0.0000000e+00
  -5.7088938e-02
  -6.6605069e-02
  -7.6427288e-02
  -7.9881676e-02
  -7.7846825e-02
  -7.2097264e-02
  -5.8231723e-02
  -3.4716792e-02
  -2.3220771e-03
  -1.9295438e-03
  -1.1616909e-02
  -1.4348779e-02
  -6.7009919e-03
  -1.6703989e-03
  -2.7351475e-04
   1.6418210e-03
   4.2415690e-03
   6.7196209e-03
   5.8208653e-03
   2.8949145e-03
  -6.0212531e-04
  -4.8022973e-03
  -1.1763806e-02
  -2.1942392e-02
  -3.4245498e-02
  -4.5617577e-02
  -5.3276476e-02
  -5.6487788e-02
  -5.5007044e-02
  -4.8940636e-02
  -3.9607711e-02
  -2.7493156e-02
   0.0000000e+00
   0.0000000e+00
   0.0000000e+00
   0.0000000e+00
   0.0000000e+00
  -0.0000000e+00
  -4.9017641e-02
  -5.0210580e-02
  -4.3252405e-02
  -2.8662113e-02
  -8.1882188e-03
   5.3745775e-03
   0.0000000e+00
   0.0000000e+00
   0.0000000e+00
  -0.0000000e+00
  -5.0319578e-02
  -5.7880919e-02
  -6.3200526e-02
  -6.1962321e-02
  -5.5323932e-02
  -4.6370618e-02
  -3.3246540e-02
  -1.5850352e-02
   6.4253336e-03
   1.5124415e-03
  -8.5351472e-03
  -1.0198041e-02
  -3.9499282e-03
  -6.0119532e-03
  -7.4260052e-04
   1.3089567e-03
   2.1127953e-03
   2.5148417e-03
   1.1865540e-03
  -1.0830844e-03
  -3.5769979e-03
  -6.9103138e-03
  -1.2619060e-02
  -2.1148361e-02
  -3.1775789e-02
  -4.1690389e-02
  -4.7826077e-02
  -4.8998389e-02
  -4.4626671e-02
  -3.5015172e-02
  -2.2153174e-02
  -8.6445290e-03
   0.0000000e+00
   0.0000000e+00
   0.0000000e+00
   0.0000000e+00
   0.0000000e+00
   0.0000000e+00
  -3.6466984e-02
  -3.5114648e-02
  -2.5833174e-02
  -1.1171452e-02
   3.8047642e-03
   1.3125373e-02
   0.0000000e+00
   0.0000000e+00
   0.0000000e+00
  -0.0000000e+00
  -3.8411400e-02
  -4.4510360e-02
  -4.5226845e-02
  -4.0096285e-02
  -3.0234968e-02
  -1.9212059e-02
  -8.1249862e-03
   1.7607969e-03
   9.2803301e-03
   7.0530774e-04
  -8.1845052e-03
  -1.1777898e-02
  -1.4491694e-02
  -1.5228661e-02
  -1.2261466e-02
  -1.3031061e-02
  -1.4544990e-02
  -1.5195826e-02
  -1.5910086e-02
  -1.6657923e-02
  -1.7229376e-02
  -1.8298146e-02
  -2.0634850e-02
  -2.4534521e-02
  -2.9977675e-02
  -3.5454514e-02
  -3.8615706e-02
  -3.7735409e-02
  -3.1783162e-02
  -2.0075306e-02
  -5.4424259e-03
   8.6931733e-03
   0.0000000e+00
   0.0000000e+00
   0.0000000e+00
   0.0000000e+00
   0.0000000e+00
   0.0000000e+00
  -2.0530949e-02
  -1.7186710e-02
  -7.5949686e-03
   5.0021692e-03
   1.2491831e-02
   1.3899334e-02
   0.0000000e+00
   0.0000000e+00
   0.0000000e+00
  -0.0000000e+00
  -2.2425213e-02
  -2.6416210e-02
  -2.4937411e-02
  -1.7454614e-02
  -6.1621204e-03
   4.8375356e-03
   1.1798664e-02
   1.3527259e-02
   6.4688990e-03
  -4.7029004e-03
  -1.3404134e-02
  -2.1386764e-02
  -2.8356623e-02
  -3.0161230e-02
  -3.2102073e-02
  -3.6298214e-02
  -3.8533131e-02
  -3.9589340e-02
  -4.0278262e-02
  -4.0707457e-02
  -4.0552697e-02
  -4.0526631e-02
  -4.0789249e-02
  -4.0622997e-02
  -4.0364331e-02
  -3.9611700e-02
  -3.7137328e-02
  -3.1947466e-02
  -2.3173764e-02
  -9.1024875e-03
   5.7806725e-03
   1.1561934e-02
   0.0000000e+00
   0.0000000e+00
   0.0000000e+00
   0.0000000e+00
   0.0000000e+00
  -0.0000000e+00
  -4.4905239e-03
  -3.1652612e-04
   9.5083729e-03
   1.9783804e-02
   1.9173459e-02
   1.5117006e-02
   0.0000000e+00
   0.0000000e+00
   0.0000000e+00
  -0.0000000e+00
  -7.9200347e-03
  -7.1958396e-03
  -4.9921720e-03
   3.2957138e-03
   1.4491964e-02
   2.3183807e-02
   2.4363163e-02
   1.8825161e-02
   2.4740873e-03
  -1.1751938e-02
  -2.2222297e-02
  -3.5074770e-02
  -4.3962084e-02
  -4.7176614e-02
  -5.1388450e-02
  -5.5540096e-02
  -5.7973456e-02
  -5.9333116e-02
  -6.0403001e-02
  -6.1492365e-02
  -6.2187884e-02
  -6.3117571e-02
  -6.4166531e-02
  -6.3805468e-02
  -6.2097512e-02
  -5.8977034e-02
  -5.3558931e-02
  -4.5278691e-02
  -3.3928253e-02
  -1.6734021e-02
   5.1263757e-03
   1.5158150e-02
   0.0000000e+00
   0.0000000e+00
   0.0000000e+00
   0.0000000e+00
  -0.0000000e+00
  -2.4285833e-03
   5.6632594e-03
   1.3117033e-02
   2.4476456e-02
   3.3179201e-02
   2.4350448e-02
   1.4553770e-02
   0.0000000e+00
   0.0000000e+00
   0.0000000e+00
  -0.0000000e+00
   2.6173133e-03
   7.7116578e-03
   1.0433621e-02
   1.9040143e-02
   2.9696373e-02
   3.5037231e-02
   3.0208563e-02
   2.0259464e-02
   0.0000000e+00
  -1.8874070e-02
  -2.9285096e-02
  -4.4106843e-02
  -5.1381954e-02
  -5.5540764e-02
  -5.9517227e-02
  -6.2475096e-02
  -6.4124122e-02
  -6.4588204e-02
  -6.4831704e-02
  -6.5346613e-02
  -6.6049479e-02
  -6.7379511e-02
  -6.9018214e-02
  -6.9800510e-02
  -6.9999686e-02
  -6.9448657e-02
  -6.6715843e-02
  -6.1737761e-02
  -5.5561838e-02
  -4.2126565e-02
  -1.1609864e-02
   1.8778833e-02
   0.0000000e+00
   0.0000000e+00
   0.0000000e+00
   0.0000000e+00
  -1.7452723e-02
  -7.2022938e-03
   1.1072591e-02
   2.3013705e-02
   3.7749021e-02
   4.6154594e-02
   2.9306639e-02
   1.4943441e-02
   0.0000000e+00
   0.0000000e+00
   0.0000000e+00
  -0.0000000e+00
   1.1437778e-02
   1.6635850e-02
   1.8874364e-02
   2.9441687e-02
   4.1867460e-02
   4.3189971e-02
   3.1997856e-02
   2.2759010e-02
   0.0000000e+00
   0.0000000e+00
  -3.3486450e-02
  -4.5102349e-02
  -5.1166871e-02
  -5.5521675e-02
  -5.9762888e-02
  -6.3188724e-02
  -6.5001771e-02
  -6.5272659e-02
  -6.4768351e-02
  -6.4626671e-02
  -6.5502129e-02
  -6.7421659e-02
  -7.0036939e-02
  -7.2213969e-02
  -7.4130385e-02
  -7.5737020e-02
  -7.5905254e-02
  -7.4522024e-02
  -7.3045811e-02
  -6.6652059e-02
  -3.6861758e-02
  -1.6393557e-03
   0.0000000e+00
   0.0000000e+00
   0.0000000e+00
  -0.0000000e+00
  -2.8326773e-02
  -9.8133886e-03
   1.2463099e-02
   2.7365499e-02
   4.9249759e-02
   6.5068684e-02
   4.3345834e-02
   0.0000000e+00
   0.0000000e+00
   0.0000000e+00
   0.0000000e+00
   0.0000000e+00
   3.1222112e-02
   2.5738389e-02
   2.2294902e-02
   3.6125212e-02
   5.5302382e-02
   5.0219716e-02
   3.1497855e-02
   2.1129566e-02
   0.0000000e+00
   0.0000000e+00
  -3.4667933e-02
  -4.2984016e-02
  -4.9265657e-02
  -5.4620020e-02
  -5.9834190e-02
  -6.4415030e-02
  -6.7288131e-02
  -6.8099588e-02
  -6.7197070e-02
  -6.5658823e-02
  -6.5106511e-02
  -6.6765241e-02
  -7.0508704e-02
  -7.4598297e-02
  -7.8574426e-02
  -8.2507752e-02
  -8.6290807e-02
  -8.9199409e-02
  -9.4220772e-02
  -9.8561041e-02
  -7.0227742e-02
  -2.5298709e-02
   0.0000000e+00
   0.0000000e+00
   0.0000000e+00
  -3.3127563e-02
  -2.9819533e-02
  -1.0544669e-02
   1.1124328e-02
   2.5402600e-02
   3.1863254e-02
   6.5068683e-02
   4.3345837e-02
   0.0000000e+00
   0.0000000e+00
   0.0000000e+00
   0.0000000e+00
   0.0000000e+00
   0.0000000e+00
   3.5440028e-02
   2.4059368e-02
   4.0037882e-02
   7.0863649e-02
   5.7951715e-02
   3.4180946e-02
   2.1129565e-02
   0.0000000e+00
   0.0000000e+00
  -3.6660130e-02
  -4.2869151e-02
  -4.9529586e-02
  -5.5898767e-02
  -6.2094867e-02
  -6.7710184e-02
  -7.1688898e-02
  -7.3364027e-02
  -7.2247893e-02
  -6.8504177e-02
  -6.3827306e-02
  -6.0999569e-02
  -6.1735515e-02
  -6.5129742e-02
  -7.0645869e-02
  -7.8058124e-02
  -8.6777516e-02
  -9.5296778e-02
  -1.0479943e-01
  -1.2109111e-01
  -1.1037748e-01
  -6.0307897e-02
   0.0000000e+00
   0.0000000e+00
  -0.0000000e+00
  -4.7816546e-02
  -4.0156409e-02
  -2.0531002e-02
   3.4160945e-03
   2.1042539e-02
   2.5093308e-02
   0.0000000e+00
   0.0000000e+00
   0.0000000e+00
   0.0000000e+00
   0.0000000e+00
   0.0000000e+00
   0.0000000e+00
   0.0000000e+00
   4.0854674e-02
   2.6187804e-02
   2.7589085e-02
   6.3709049e-02
   5.5466477e-02
   3.1558577e-02
   0.0000000e+00
  -0.0000000e+00
  -3.9041424e-02
  -4.2801113e-02
  -4.6173844e-02
  -5.4019652e-02
  -6.2921695e-02
  -7.1607716e-02
  -7.9703219e-02
  -8.6284317e-02
  -9.0454362e-02
  -9.1127127e-02
  -8.7649375e-02
  -8.0537848e-02
  -7.1817771e-02
  -6.4588204e-02
  -6.0685188e-02
  -6.0825732e-02
  -6.4816877e-02
  -7.1603768e-02
  -7.9446718e-02
  -8.8292882e-02
  -1.0777793e-01
  -1.3152823e-01
  -9.5134822e-02
  -1.0271549e-01
   0.0000000e+00
  -7.0482425e-02
  -6.5508746e-02
  -5.7296008e-02
  -3.7310306e-02
  -1.0600661e-02
   1.0171464e-02
   2.4927604e-02
   0.0000000e+00
   0.0000000e+00
   0.0000000e+00
   0.0000000e+00
   0.0000000e+00
   0.0000000e+00
   0.0000000e+00
   0.0000000e+00
   4.6421427e-02
   3.1089315e-02
   3.4352564e-02
   3.6618648e-02
   4.1868504e-02
   2.6570109e-02
   0.0000000e+00
  -0.0000000e+00
  -3.7600739e-02
  -4.4593825e-02
  -4.9004584e-02
  -5.9037357e-02
  -7.1405802e-02
  -8.3870990e-02
  -9.5649934e-02
  -1.0588124e-01
  -1.1338676e-01
  -1.1696074e-01
  -1.1586728e-01
  -1.0967360e-01
  -9.9037191e-02
  -8.6597321e-02
  -7.5447720e-02
  -6.7435105e-02
  -6.2541258e-02
  -6.0327530e-02
  -5.9804577e-02
  -5.8145698e-02
  -5.9921310e-02
  -1.3416763e-01
  -1.1610468e-01
  -1.5055978e-01
  -1.0295094e-01
  -8.3864446e-02
  -8.2476412e-02
  -7.3405211e-02
  -5.4423280e-02
  -2.7170846e-02
  -2.7758483e-03
   0.0000000e+00
   0.0000000e+00
   0.0000000e+00
   0.0000000e+00
   0.0000000e+00
   0.0000000e+00
   0.0000000e+00
   0.0000000e+00
   0.0000000e+00
   4.7095924e-02
   3.6564419e-02
   3.2964153e-02
   0.0000000e+00
   2.9980462e-02
   1.8566392e-02
   0.0000000e+00
  -0.0000000e+00
  -3.4977335e-02
  -3.9705525e-02
  -4.9139690e-02
  -5.9758947e-02
  -7.4948503e-02
  -9.0951931e-02
  -1.0622367e-01
  -1.2001941e-01
  -1.3070503e-01
  -1.3690854e-01
  -1.3825162e-01
  -1.3403605e-01
  -1.2399262e-01
  -1.1025139e-01
  -9.5411833e-02
  -8.1508351e-02
  -6.8278863e-02
  -5.5707042e-02
  -4.5364456e-02
  -3.9290871e-02
  -4.1332458e-02
   0.0000000e+00
  -1.1542074e-01
  -1.3502912e-01
  -1.0698150e-01
  -9.4266538e-02
  -9.4506461e-02
  -8.8243884e-02
  -7.3152966e-02
  -4.8145523e-02
  -1.7970870e-02
   0.0000000e+00
   0.0000000e+00
   0.0000000e+00
   0.0000000e+00
   0.0000000e+00
   0.0000000e+00
   0.0000000e+00
   0.0000000e+00
   0.0000000e+00
   5.6215003e-02
   4.5612248e-02
   3.4085891e-02
   0.0000000e+00
   2.2525882e-02
   1.0599138e-02
   0.0000000e+00
  -0.0000000e+00
  -4.6807140e-02
  -4.2754256e-02
  -4.8488793e-02
  -5.6321546e-02
  -7.2241575e-02
  -9.0281360e-02
  -1.0797406e-01
  -1.2461060e-01
  -1.3790542e-01
  -1.4640369e-01
  -1.4966547e-01
  -1.4684184e-01
  -1.3785900e-01
  -1.2461279e-01
  -1.0867035e-01
  -9.1200784e-02
  -7.1554102e-02
  -4.8954345e-02
  -2.9434271e-02
  -2.1913586e-02
  -3.6644422e-02
  -0.0000000e+00
  -9.0666788e-02
  -1.1211894e-01
  -1.0119490e-01
  -9.4477862e-02
  -9.7270325e-02
  -9.8069608e-02
  -9.1436006e-02
  -7.1567573e-02
  -3.8478441e-02
   0.0000000e+00
   0.0000000e+00
   0.0000000e+00
   0.0000000e+00
   0.0000000e+00
   0.0000000e+00
   0.0000000e+00
   0.0000000e+00
   0.0000000e+00
   0.0000000e+00
   5.3563643e-02
   4.2586629e-02
   0.0000000e+00
   0.0000000e+00
   0.0000000e+00
   0.0000000e+00
  -0.0000000e+00
  -7.0387326e-02
  -5.9922434e-02
  -4.8421246e-02
  -5.1555738e-02
  -6.5707855e-02
  -8.3533838e-02
  -1.0237759e-01
  -1.2042920e-01
  -1.3511209e-01
  -1.4505449e-01
  -1.4938086e-01
  -1.4695635e-01
  -1.3871598e-01
  -1.2687199e-01
  -1.1178190e-01
  -9.2738368e-02
  -6.8660930e-02
  -3.8639743e-02
  -1.3695814e-02
  -1.0571765e-02
   0.0000000e+00
  -0.0000000e+00
  -7.4937575e-02
  -8.8732265e-02
  -8.6017005e-02
  -8.4423862e-02
  -8.9926943e-02
  -9.7438186e-02
  -1.0041116e-01
  -8.9706190e-02
  -5.9174306e-02
   0.0000000e+00
   0.0000000e+00
   0.0000000e+00
   0.0000000e+00
   0.0000000e+00
   0.0000000e+00
   0.0000000e+00
   0.0000000e+00
   0.0000000e+00
   0.0000000e+00
   5.5268116e-02
   4.4654412e-02
   0.0000000e+00
   0.0000000e+00
   0.0000000e+00
   0.0000000e+00
   0.0000000e+00
  -8.7261848e-02
  -6.5931081e-02
  -4.9768621e-02
  -4.8768410e-02
  -5.8828123e-02
  -7.2745449e-02
  -9.0512429e-02
  -1.0776167e-01
  -1.2179256e-01
  -1.3139214e-01
  -1.3548548e-01
  -1.3286336e-01
  -1.2536253e-01
  -1.1468411e-01
  -1.0101432e-01
  -8.2973739e-02
  -5.8507931e-02
  -2.6705955e-02
  -2.2810427e-03
  -4.3220956e-03
  -0.0000000e+00
  -4.9420069e-02
  -6.0716741e-02
  -6.7015878e-02
  -6.7111164e-02
  -6.9221324e-02
  -7.6819642e-02
  -8.6904225e-02
  -9.5730703e-02
  -9.4052810e-02
  -7.0023679e-02
   0.0000000e+00
   0.0000000e+00
   0.0000000e+00
   0.0000000e+00
   0.0000000e+00
   0.0000000e+00
   0.0000000e+00
   0.0000000e+00
   0.0000000e+00
   0.0000000e+00
   0.0000000e+00
   0.0000000e+00
   0.0000000e+00
  -0.0000000e+00
  -0.0000000e+00
   0.0000000e+00
   0.0000000e+00
  -0.0000000e+00
  -6.7024677e-02
  -5.1860355e-02
  -4.7781933e-02
  -5.2841730e-02
  -5.9469920e-02
  -7.2983742e-02
  -8.7205611e-02
  -9.8780125e-02
  -1.0670331e-01
  -1.0950913e-01
  -1.0715914e-01
  -1.0094494e-01
  -9.2007250e-02
  -8.0874115e-02
  -6.5800458e-02
  -4.3820567e-02
  -1.4023972e-02
   9.9482012e-04
   0.0000000e+00
  -0.0000000e+00
  -4.1121688e-02
  -4.6083726e-02
  -4.8706874e-02
  -4.9832124e-02
  -5.3105749e-02
  -6.1578814e-02
  -7.3618464e-02
  -8.5533060e-02
  -8.8926852e-02
  -7.2336320e-02
   0.0000000e+00
   0.0000000e+00
   0.0000000e+00
   0.0000000e+00
   0.0000000e+00
   0.0000000e+00
   0.0000000e+00
   0.0000000e+00
   0.0000000e+00
   0.0000000e+00
   0.0000000e+00
   0.0000000e+00
   0.0000000e+00
   0.0000000e+00
   0.0000000e+00
   0.0000000e+00
   0.0000000e+00
   0.0000000e+00
  -6.1310114e-02
  -5.2711807e-02
  -4.0918545e-02
  -4.3848162e-02
  -4.4388872e-02
  -5.2235801e-02
  -6.2404510e-02
  -7.1552426e-02
  -7.8203291e-02
  -8.0126137e-02
  -7.7765167e-02
  -7.2459370e-02
  -6.5816879e-02
  -5.8752336e-02
  -4.7812711e-02
  -2.8467566e-02
  -2.3750355e-03
   5.8844346e-03
   0.0000000e+00
  -0.0000000e+00
  -2.7773596e-02
  -2.9008863e-02
  -3.1715680e-02
  -3.3465769e-02
  -3.7286371e-02
  -4.4796579e-02
  -5.7110325e-02
  -7.1730562e-02
  -8.0237120e-02
  -6.0940638e-02
  -4.1360265e-02
   0.0000000e+00
   0.0000000e+00
   0.0000000e+00
   0.0000000e+00
   0.0000000e+00
   0.0000000e+00
   0.0000000e+00
   0.0000000e+00
   0.0000000e+00
   0.0000000e+00
   0.0000000e+00
   0.0000000e+00
   0.0000000e+00
   0.0000000e+00
   0.0000000e+00
   0.0000000e+00
   0.0000000e+00
  -0.0000000e+00
  -5.2304767e-02
  -3.7886676e-02
  -2.9472182e-02
  -2.8051801e-02
  -3.0164752e-02
  -3.5866395e-02
  -4.2413138e-02
  -4.7694221e-02
  -4.9224116e-02
  -4.6677236e-02
  -4.1955039e-02
  -3.7667606e-02
  -3.4840509e-02
  -2.8943259e-02
  -1.2345714e-02
   8.9870477e-03
   1.2887084e-02
   0.0000000e+00
  -0.0000000e+00
  -2.5823601e-02
  -8.8140608e-03
  -8.1197554e-03
  -1.3262448e-02
  -1.8743807e-02
  -2.5829822e-02
  -3.6510814e-02
  -5.0496995e-02
  -6.2986895e-02
  -5.1762383e-02
  -3.6982979e-02
   0.0000000e+00
   0.0000000e+00
   0.0000000e+00
   0.0000000e+00
   0.0000000e+00
   0.0000000e+00
   0.0000000e+00
   0.0000000e+00
   0.0000000e+00
   0.0000000e+00
   0.0000000e+00
   0.0000000e+00
   0.0000000e+00
   0.0000000e+00
   0.0000000e+00
   0.0000000e+00
   0.0000000e+00
  -0.0000000e+00
  -4.5685521e-02
  -2.9154525e-02
  -9.3377484e-03
  -3.4711877e-04
  -1.3059282e-03
  -4.5809206e-03
  -8.9087049e-03
  -1.2017821e-02
  -1.2318526e-02
  -9.2423111e-03
  -4.8885606e-03
  -2.8372894e-03
  -4.7496147e-03
  -5.6687812e-03
   6.8346229e-03
   1.7508952e-02
   0.0000000e+00
   0.0000000e+00
   0.0000000e+00
   0.0000000e+00
   0.0000000e+00
   2.3297208e-02
   1.8065218e-02
   9.1570066e-03
   9.4725122e-04
  -9.3264952e-03
  -2.1566909e-02
  -3.5087198e-02
  -3.6029533e-02
  -2.3572681e-02
   0.0000000e+00
   0.0000000e+00
   0.0000000e+00
   0.0000000e+00
   2.2118994e-02
   1.9683278e-02
   0.0000000e+00
   0.0000000e+00
   0.0000000e+00
   0.0000000e+00
   0.0000000e+00
   0.0000000e+00
   0.0000000e+00
   0.0000000e+00
   0.0000000e+00
   0.0000000e+00
   0.0000000e+00
   0.0000000e+00
   0.0000000e+00
  -3.0271055e-03
   2.2509966e-02
   3.4705317e-02
   3.3584105e-02
   2.9129883e-02
   2.5169586e-02
   2.3154085e-02
   2.4178916e-02
   2.7991786e-02
   3.1978333e-02
   3.2142712e-02
   2.6012767e-02
   1.7985449e-02
   2.3999054e-02
   2.8885334e-02
   0.0000000e+00
   0.0000000e+00
   0.0000000e+00
   0.0000000e+00
   0.0000000e+00
   0.0000000e+00
   5.0408866e-02
   4.2404416e-02
   3.1099018e-02
   1.8868889e-02
   6.7306873e-03
  -6.3660475e-03
  -1.6230500e-02
  -1.0196511e-02
   0.0000000e+00
   0.0000000e+00
   0.0000000e+00
   2.8594825e-02
   3.2628728e-02
   3.1205801e-02
   0.0000000e+00
   0.0000000e+00
   0.0000000e+00
   0.0000000e+00
   0.0000000e+00
   0.0000000e+00
   0.0000000e+00
   0.0000000e+00
   0.0000000e+00
   0.0000000e+00
   0.0000000e+00
   0.0000000e+00
   0.0000000e+00
   2.7682249e-02
   6.0685378e-02
   7.0988789e-02
   6.7646235e-02
   6.2956192e-02
   6.0214184e-02
   5.9584193e-02
   6.1836425e-02
   6.6050492e-02
   6.8793222e-02
   6.6260703e-02
   5.5806369e-02
   4.0727116e-02
   3.3540665e-02
   3.5013481e-02
   0.0000000e+00
   0.0000000e+00
   0.0000000e+00
   0.0000000e+00
   0.0000000e+00
   0.0000000e+00
   6.4026250e-02
   7.0028439e-02
   5.8090873e-02
   4.4057213e-02
   3.3361841e-02
   2.1924643e-02
   5.6121438e-03
   9.0964776e-04
   0.0000000e+00
   2.8187824e-02
   3.2767583e-02
   3.1494462e-02
   2.7414078e-02
   0.0000000e+00
   0.0000000e+00
   0.0000000e+00
   0.0000000e+00
   0.0000000e+00
   0.0000000e+00
   0.0000000e+00
   0.0000000e+00
   0.0000000e+00
   0.0000000e+00
   0.0000000e+00
   0.0000000e+00
   0.0000000e+00
   0.0000000e+00
   4.5045004e-02
   1.0814724e-01
   9.3832597e-02
   8.4329426e-02
   8.5318476e-02
   8.6818434e-02
   9.0402156e-02
   9.6212581e-02
   1.0117043e-01
   1.0150848e-01
   9.4522066e-02
   7.8950182e-02
   5.8240097e-02
   3.5903546e-02
   0.0000000e+00
   0.0000000e+00
   0.0000000e+00
   0.0000000e+00
   0.0000000e+00
   0.0000000e+00
   0.0000000e+00
   6.5120090e-02
   7.2622058e-02
   6.6351674e-02
   5.8303997e-02
   5.4540820e-02
   4.7172677e-02
   2.9091828e-02
   2.0727362e-02
   0.0000000e+00
   2.7298238e-02
   2.6714980e-02
   2.8805789e-02
   0.0000000e+00
   0.0000000e+00
   0.0000000e+00
  -0.0000000e+00
   0.0000000e+00
   0.0000000e+00
   0.0000000e+00
   0.0000000e+00
   0.0000000e+00
   0.0000000e+00
   0.0000000e+00
   0.0000000e+00
   0.0000000e+00
   0.0000000e+00
   0.0000000e+00
   8.1152041e-02
   1.1394549e-01
   8.8947147e-02
   8.4941991e-02
   9.7366340e-02
   1.0683252e-01
   1.1636497e-01
   1.2526718e-01
   1.2938850e-01
   1.2517050e-01
   1.1102232e-01
   8.9618981e-02
   6.5281756e-02
   3.7324846e-02
   0.0000000e+00
   0.0000000e+00
   0.0000000e+00
   0.0000000e+00
   0.0000000e+00
   0.0000000e+00
   0.0000000e+00
   0.0000000e+00
   0.0000000e+00
   5.5888281e-02
   6.0565416e-02
   6.6837616e-02
   6.5474652e-02
   5.0854709e-02
   3.5530086e-02
   4.1708585e-02
   0.0000000e+00
   0.0000000e+00
   0.0000000e+00
  -0.0000000e+00
  -0.0000000e+00
  -0.0000000e+00
  -0.0000000e+00
   0.0000000e+00
   0.0000000e+00
   0.0000000e+00
   0.0000000e+00
   0.0000000e+00
   0.0000000e+00
   0.0000000e+00
   0.0000000e+00
   0.0000000e+00
   0.0000000e+00
   0.0000000e+00
   0.0000000e+00
   7.2067188e-02
   8.0782900e-02
   9.4218116e-02
   1.1550594e-01
   1.2933198e-01
   1.3746965e-01
   1.3942924e-01
   1.3496517e-01
   1.2419808e-01
   1.0488828e-01
   7.9631875e-02
   5.3559500e-02
   3.7409253e-02
   0.0000000e+00
   0.0000000e+00
   0.0000000e+00
   0.0000000e+00
   0.0000000e+00
   0.0000000e+00
   0.0000000e+00
   0.0000000e+00
   0.0000000e+00
   0.0000000e+00
   5.5270425e-02
   6.8881594e-02
   7.1097926e-02
   6.0563102e-02
   4.7752754e-02
   4.1708590e-02
   0.0000000e+00
   0.0000000e+00
   0.0000000e+00
  -0.0000000e+00
  -0.0000000e+00
   0.0000000e+00
   0.0000000e+00
   0.0000000e+00
   0.0000000e+00
   0.0000000e+00
   0.0000000e+00
   0.0000000e+00
   0.0000000e+00
   0.0000000e+00
   0.0000000e+00
   0.0000000e+00
   0.0000000e+00
   0.0000000e+00
   0.0000000e+00
   5.1903437e-02
   6.2783226e-02
   8.0347054e-02
   1.0695609e-01
   1.1662377e-01
   1.1730433e-01
   1.1198021e-01
   1.0418033e-01
   9.3917221e-02
   7.4273914e-02
   5.0234850e-02
   2.4741456e-02
   8.5164647e-03
   0.0000000e+00
   0.0000000e+00
   0.0000000e+00
   0.0000000e+00
   0.0000000e+00
   0.0000000e+00
   0.0000000e+00
   0.0000000e+00
   0.0000000e+00
   0.0000000e+00
   5.0999057e-02
   6.3008599e-02
   6.3891664e-02
   5.1939137e-02
   4.4233218e-02
   0.0000000e+00
   0.0000000e+00
   0.0000000e+00
   0.0000000e+00
   0.0000000e+00
   0.0000000e+00
   0.0000000e+00
   0.0000000e+00
   0.0000000e+00
   0.0000000e+00
   0.0000000e+00
   0.0000000e+00
   0.0000000e+00
   0.0000000e+00
   0.0000000e+00
   0.0000000e+00
   0.0000000e+00
   0.0000000e+00
   0.0000000e+00
   0.0000000e+00
   4.9877203e-02
   1.8239768e-02
   1.4599808e-02
   2.1441951e-02
   3.7857685e-02
   4.1256741e-02
   3.3322554e-02
   4.0262029e-02
   2.9984796e-02
   1.2020895e-02
  -1.0492990e-03
  -1.4005540e-02
  -3.8473194e-03
   0.0000000e+00
   0.0000000e+00
   0.0000000e+00
   0.0000000e+00
   0.0000000e+00
   0.0000000e+00
   0.0000000e+00
   0.0000000e+00
   0.0000000e+00
   2.6418023e-02
   3.1961791e-02
   4.0998865e-02
   3.5717994e-02
   2.6312791e-02
   1.9248539e-02
   0.0000000e+00
   0.0000000e+00
  -0.0000000e+00
   0.0000000e+00
   0.0000000e+00
   0.0000000e+00
   0.0000000e+00
   0.0000000e+00
   0.0000000e+00
   0.0000000e+00
   0.0000000e+00
   0.0000000e+00
   0.0000000e+00
   0.0000000e+00
   0.0000000e+00
   0.0000000e+00
   0.0000000e+00
   0.0000000e+00
   0.0000000e+00
   0.0000000e+00
  -2.2714953e-02
  -3.3981954e-02
  -2.5742635e-02
  -5.1732899e-02
  -4.5817669e-02
  -1.9976680e-02
  -1.3012824e-02
  -2.5366070e-02
  -0.0000000e+00
  -3.1021483e-02
  -4.3864825e-02
  -4.8760520e-02
   0.0000000e+00
   0.0000000e+00
   0.0000000e+00
   0.0000000e+00
   0.0000000e+00
   0.0000000e+00
   0.0000000e+00
   0.0000000e+00
   0.0000000e+00
   0.0000000e+00
   9.8797149e-03
   1.2675114e-02
  -1.2398104e-02
  -2.2430967e-02
  -2.2257232e-02
  -2.6533191e-02
  -9.9382371e-03
  -4.6260739e-03
   0.0000000e+00
   0.0000000e+00
   0.0000000e+00
   0.0000000e+00
   0.0000000e+00
   0.0000000e+00
   0.0000000e+00
   0.0000000e+00
   0.0000000e+00
   0.0000000e+00
   0.0000000e+00
   0.0000000e+00
   0.0000000e+00
   0.0000000e+00
   0.0000000e+00
   0.0000000e+00
   0.0000000e+00
   0.0000000e+00
   0.0000000e+00
   0.0000000e+00
   0.0000000e+00
  -0.0000000e+00
  -1.0046428e-01
  -9.2445102e-02
   0.0000000e+00
   0.0000000e+00
   0.0000000e+00
   0.0000000e+00
   0.0000000e+00
   0.0000000e+00
   0.0000000e+00
   0.0000000e+00
   0.0000000e+00
   0.0000000e+00
   0.0000000e+00
   0.0000000e+00
   0.0000000e+00
   0.0000000e+00
   0.0000000e+00
   0.0000000e+00
  -5.2520007e-03
   0.0000000e+00
  -0.0000000e+00
  -6.7458574e-02
   0.0000000e+00
  -3.7651228e-02
  -2.9280873e-02
  -1.2872628e-02
  -0.0000000e+00
   0.0000000e+00
   0.0000000e+00
   0.0000000e+00
   0.0000000e+00
   0.0000000e+00
   0.0000000e+00
   0.0000000e+00
   0.0000000e+00
   0.0000000e+00
   0.0000000e+00
   0.0000000e+00
   0.0000000e+00
   0.0000000e+00
   0.0000000e+00
   0.0000000e+00
   0.0000000e+00
   0.0000000e+00
   0.0000000e+00
   0.0000000e+00
  -0.0000000e+00
  -0.0000000e+00
  -0.0000000e+00
  -0.0000000e+00
  -3.8452918e-02
  -6.6822639e-02
  -0.0000000e+00
  -0.0000000e+00
  -0.0000000e+00
  -0.0000000e+00
  -0.0000000e+00
   0.0000000e+00
   0.0000000e+00
   0.0000000e+00
   0.0000000e+00
   0.0000000e+00
   0.0000000e+00
  -0.0000000e+00
   0.0000000e+00
   0.0000000e+00
  -0.0000000e+00
   0.0000000e+00
   0.0000000e+00
   0.0000000e+00
  -0.0000000e+00
  -2.6453966e-02
  -2.8013166e-02
  -2.0842450e-02
  -2.3624651e-02
   0.0000000e+00
   0.0000000e+00
   0.0000000e+00
   0.0000000e+00
   0.0000000e+00
   0.0000000e+00
   0.0000000e+00
   0.0000000e+00
   0.0000000e+00
   0.0000000e+00
   0.0000000e+00
   0.0000000e+00
  -1.5948904e-02
  -1.6869180e-02
  -1.8543797e-02
  -1.4279376e-02
  -1.1730617e-02
  -1.1133702e-02
  -1.3368419e-02
  -2.5085460e-02
  -3.4866860e-02
  -4.0571651e-02
  -3.7809857e-02
  -3.3662101e-02
  -3.6135756e-02
  -3.1932492e-02
  -3.7575823e-02
  -3.4795435e-02
  -2.2071408e-02
  -9.6620068e-03
  -2.3404349e-03
  -1.4650281e-03
  -9.0703405e-03
  -1.1764700e-02
  -1.2142722e-02
  -0.0000000e+00
  -0.0000000e+00
  -0.0000000e+00
  -0.0000000e+00
  -0.0000000e+00
  -0.0000000e+00
  -0.0000000e+00
  -0.0000000e+00
  -0.0000000e+00
  -2.8949877e-03
  -9.7395741e-03
  -2.1636913e-02
  -2.0124986e-02
  -0.0000000e+00
  -0.0000000e+00
  -0.0000000e+00
  -0.0000000e+00
  -0.0000000e+00
  -0.0000000e+00
  -0.0000000e+00
  -0.0000000e+00
  -0.0000000e+00
  -0.0000000e+00
  -0.0000000e+00
  -0.0000000e+00
