   8.7178290e-01
   1.3449254e+00
   1.8747178e+00
   2.2390378e+00
   2.3619902e+00
   2.6604323e+00
   3.6901283e+00
   5.2116542e+00
   6.0397320e+00
   6.4637637e+00
   5.2205539e+00
   2.9450068e+00
   1.5270935e+00
   8.6900973e-01
   2.7834263e-01
  -7.1949720e-01
  -1.0575273e+00
   2.2704449e-01
   1.5684435e+00
   1.1254352e+00
   6.7458469e-01
   8.9535093e-01
   1.6948881e+00
   1.8213410e+00
   1.1787801e+00
   1.1198412e+00
   2.1605425e+00
   3.1088061e+00
   2.9591537e+00
   1.7318121e+00
   1.0564339e+00
   5.2703047e-01
  -6.9363259e-02
  -5.1661044e-01
  -1.2651904e+00
  -2.2911994e+00
  -2.7572196e+00
  -2.2533617e+00
  -1.6555766e+00
  -1.9115794e+00
  -1.7643571e+00
   6.0062784e-01
   4.8581066e+00
   5.9924831e+00
   4.0041580e+00
  -1.0700603e-01
  -1.6701007e+00
  -3.5912216e-01
   7.0646310e+00
   6.6654854e+00
   5.4162226e+00
   4.1965313e+00
   4.8068013e+00
   6.2375317e+00
   5.1995783e+00
   4.2001953e+00
   4.3825145e+00
   3.9897490e+00
   2.5599208e+00
   1.5535562e+00
   1.0525836e+00
   7.5643098e-01
   4.1326463e-01
   3.5500787e-02
  -2.5780529e-01
  -2.8415573e-01
  -2.5369868e-01
  -4.6838894e-01
  -4.5359850e-01
  -7.1551281e-01
  -4.8713708e-01
  -8.0230403e-01
  -2.0829642e+00
  -3.6607644e-01
   1.9672413e+00
   1.2636665e+00
   9.9021345e-01
   1.5186049e+00
   1.6161882e+00
   1.2396387e+00
   5.9312087e-01
   5.8007699e-01
   1.3030434e+00
   2.3430138e+00
   3.6060467e+00
   4.6006923e+00
   5.2147789e+00
   4.8485489e+00
   4.3577714e+00
   4.1881027e+00
   6.3891697e+00
   6.9981427e+00
   3.9338460e+00
   1.0564265e+00
   3.8352540e+00
   6.7575297e+00
   3.1343672e+00
   2.4670763e+00
   6.4595288e-01
   1.0128577e-01
   5.6580418e-01
   5.0909561e-01
   2.4621591e-02
  -6.6287202e-01
  -3.3950019e-01
  -2.2890586e-01
  -1.3576883e-01
  -2.0609368e-03
   2.1470214e-01
   3.0816084e-01
   2.5236505e-01
  -2.1383017e-01
  -6.0381949e-01
  -1.0132743e+00
  -1.1270285e+00
  -1.3094689e+00
  -1.3420333e+00
  -1.4375106e+00
  -1.5947801e+00
  -1.7182826e+00
  -1.7864268e+00
  -1.1964301e+00
  -8.7830305e-01
  -5.9707695e-01
   1.2479129e-01
   6.4931798e-01
   1.0327618e+00
   1.2258874e+00
   1.2474942e+00
   1.0258723e+00
   6.3175195e-01
   1.7652079e-01
  -1.1088222e-01
  -3.7279314e-01
  -6.2208974e-01
  -9.7577763e-01
  -1.1288165e+00
   1.1942195e-01
   1.6807773e+00
   3.3139920e+00
   2.5424318e+00
   1.1154473e+00
   1.5630608e+00
   1.9506618e+00
  -6.4818633e-01
  -1.3822546e+00
  -2.2244089e+00
  -2.7518997e+00
  -2.8471308e+00
  -2.5621097e+00
  -2.1265199e+00
  -1.6830068e+00
  -1.2915604e+00
  -1.1108271e+00
  -8.9263541e-01
  -5.1723170e-01
  -1.2737109e-01
   2.2223653e-01
   1.2419101e-01
  -5.1873696e-01
  -1.1015552e+00
  -1.4722970e+00
  -1.6884500e+00
  -1.8059409e+00
  -1.8482010e+00
  -1.9058311e+00
  -2.0433598e+00
  -2.3707385e+00
  -2.9055078e+00
  -2.4924524e+00
  -1.1341792e+00
  -4.4416028e-01
  -2.8654488e-02
   4.0038612e-01
   7.3764533e-01
   8.8424331e-01
   8.1926149e-01
   5.8602971e-01
   1.5135826e-01
  -4.0565827e-01
  -9.9854565e-01
  -1.5464845e+00
  -1.9035813e+00
  -1.9335567e+00
  -1.6554990e+00
  -1.1815385e+00
  -5.7363105e-01
   6.2797680e-02
   3.7663275e-01
   4.1119641e-01
   3.2371622e-01
  -9.3713567e-02
  -1.4567488e+00
  -2.3853893e+00
  -3.0515513e+00
  -3.3917851e+00
  -3.2832813e+00
  -2.7662060e+00
  -2.1436505e+00
  -1.6639737e+00
  -1.3185079e+00
  -1.1699469e+00
  -9.0876043e-01
  -3.5201746e-01
   3.2473274e-02
   3.5619789e-01
   1.0227209e-01
  -7.2946626e-01
  -1.3630381e+00
  -1.7023007e+00
  -1.9466975e+00
  -2.0154352e+00
  -1.9681472e+00
  -2.0353463e+00
  -2.1078300e+00
  -2.1971164e+00
  -4.7701201e+00
  -1.9981183e+00
  -2.8133562e-01
  -2.8848201e-01
  -2.4707030e-01
   1.0401628e-01
   3.8711095e-01
   4.0880531e-01
   2.7956197e-01
   2.6179448e-02
  -5.1742172e-01
  -1.1263905e+00
  -1.7704699e+00
  -2.3411815e+00
  -2.5508394e+00
  -2.4372971e+00
  -2.1195738e+00
  -1.6189246e+00
  -1.0078212e+00
  -5.2898574e-01
  -3.7321126e-01
  -1.1862096e-01
  -3.5617895e-02
  -5.5305946e-01
  -1.7215138e+00
  -2.4427295e+00
  -2.8730599e+00
  -2.9981269e+00
  -2.7569996e+00
  -2.2981441e+00
  -1.6895910e+00
  -1.2890153e+00
  -1.0287261e+00
  -1.2607388e+00
  -1.6380145e-01
   2.4615291e-01
   4.2079039e-01
   5.3856689e-01
  -1.8823874e-02
  -8.7607102e-01
  -1.3813700e+00
  -1.7032405e+00
  -1.8909898e+00
  -1.8428885e+00
  -1.8111385e+00
  -1.8394013e+00
  -1.6563899e+00
  -1.3807878e+00
  -4.3439956e+00
  -7.3598090e-01
  -1.1188108e+00
  -1.0640127e+00
  -6.7346587e-01
  -2.9916618e-01
  -1.3277499e-01
  -3.4033224e-02
  -1.4832072e-01
  -5.0484997e-01
  -1.0191077e+00
  -1.5963352e+00
  -2.1489401e+00
  -2.4740506e+00
  -2.4689603e+00
  -2.3277686e+00
  -2.0594437e+00
  -1.6380378e+00
  -1.0759156e+00
  -6.6288706e-01
  -3.5801838e-01
   1.9758218e-01
   1.4254120e-01
  -6.5571048e-01
  -1.5520254e+00
  -1.7769979e+00
  -2.1613927e+00
  -2.2878976e+00
  -2.1174467e+00
  -1.8001976e+00
  -1.1791890e+00
  -9.5175332e-01
  -5.0220025e-01
  -8.8790274e-01
  -1.0173263e-01
   4.1897926e-01
   4.0877375e-01
   2.9174897e-01
  -2.5137609e-01
  -8.6273372e-01
  -1.2373062e+00
  -1.4681768e+00
  -1.5342988e+00
  -1.5481513e+00
  -1.5779669e+00
  -1.4767379e+00
  -1.1250063e+00
  -6.2941146e-01
  -2.3442259e+00
  -1.2431604e-01
  -1.5845737e+00
  -1.7224283e+00
  -9.5227027e-01
  -4.9549255e-01
  -3.5988507e-01
  -2.8708923e-01
  -4.0161827e-01
  -7.1956444e-01
  -1.1499026e+00
  -1.5785447e+00
  -1.8898475e+00
  -2.0023756e+00
  -1.8779086e+00
  -1.7943332e+00
  -1.7366802e+00
  -1.4747180e+00
  -9.4973862e-01
  -4.4144511e-01
   1.6037802e-01
   5.9312910e-01
   1.6121766e-01
  -7.6250571e-01
  -4.0179414e-01
  -5.7238835e-01
  -1.3527946e+00
  -1.4840250e+00
  -1.3382508e+00
  -1.0224189e+00
  -5.9313691e-01
  -3.2199585e-01
   1.0515845e-01
   1.1740389e-01
   7.3888466e-02
  -1.4807110e-01
  -1.2506160e-01
  -1.8948987e-01
  -3.9539900e-01
  -6.3825101e-01
  -8.4579504e-01
  -9.8724687e-01
  -1.0873278e+00
  -1.1988002e+00
  -1.2330565e+00
  -1.0571299e+00
  -6.0692596e-01
   2.6293090e-01
  -4.8827223e-02
  -1.5885772e-01
  -1.5921383e+00
  -1.9270135e+00
  -1.0150681e+00
  -7.4249870e-01
  -7.1460396e-01
  -5.7739776e-01
  -6.4226174e-01
  -8.3150291e-01
  -9.9338925e-01
  -1.0194885e+00
  -9.4802523e-01
  -8.6955488e-01
  -7.6569086e-01
  -1.0399534e+00
  -1.2863141e+00
  -1.0829616e+00
  -5.5591494e-01
   2.2786792e-02
   5.7131732e-01
   5.1943582e-01
  -2.3414404e-03
  -5.2607912e-01
   1.2057437e+00
   2.8120273e-01
  -6.0501188e-01
  -6.3212156e-01
  -5.5309296e-01
  -2.3523410e-01
  -2.0509343e-01
   3.8657822e-02
   3.3825341e-01
   4.7340402e-01
   1.1586644e-01
  -2.7456915e-01
  -3.4444362e-01
  -2.7320898e-01
  -2.2120491e-01
  -2.7046970e-01
  -3.9877608e-01
  -5.5811405e-01
  -7.7593142e-01
  -9.7445637e-01
  -1.0363207e+00
  -8.3144575e-01
  -2.6403582e-01
   9.4650394e-01
   1.4811616e+00
  -3.6505020e-01
  -1.0862538e+00
  -1.5054084e+00
  -1.1577712e+00
  -1.2360295e+00
  -1.1685020e+00
  -8.8111579e-01
  -7.7866489e-01
  -7.1687239e-01
  -5.1282120e-01
  -1.5907200e-02
   4.6697482e-01
   9.5846668e-02
  -2.4480823e-01
  -8.9341283e-01
  -1.2198318e+00
  -9.5782435e-01
  -4.5666704e-01
   5.9846714e-02
   3.8779303e-01
   3.5969442e-01
   2.5826812e-01
   3.4777871e-01
   2.7797277e+00
   9.3929738e-01
   3.4625269e-02
  -7.0301615e-02
  -8.0754519e-02
   1.2321159e-01
  -8.1389412e-02
   3.8965404e-01
   4.1378090e-01
   4.4367358e-01
   7.1481459e-02
  -2.7488428e-01
  -2.6171649e-01
  -3.7350222e-02
   1.5722612e-01
   1.6274348e-01
   2.3487782e-02
  -2.5694838e-01
  -6.2615216e-01
  -8.8183963e-01
  -9.6247536e-01
  -7.0293868e-01
   4.8716117e-02
   1.5619913e+00
   2.6950192e+00
  -1.8622822e-01
  -7.9061240e-01
  -9.8972356e-01
  -1.4678365e+00
  -1.8772691e+00
  -1.6935749e+00
  -1.1781061e+00
  -7.8672463e-01
  -3.9890999e-01
   2.2022562e-01
   1.4006989e+00
   2.1459591e+00
   6.2210035e-01
  -6.0379647e-02
  -1.1018965e+00
  -1.3302363e+00
  -1.0418034e+00
  -5.9355968e-01
  -7.7899218e-02
   3.2638219e-01
   6.2382507e-01
   9.5949721e-01
   1.6331102e+00
   4.0876467e+00
   1.3690754e+00
   1.8384413e-01
  -9.5637290e-02
   1.7183041e-01
   2.5219081e-01
   6.3919183e-02
   7.7333038e-01
   4.5900655e-01
   3.4834649e-01
   1.2700403e-01
  -2.1545691e-02
   8.5359750e-02
   3.8080605e-01
   5.7874015e-01
   5.3999755e-01
   2.8492235e-01
  -1.6387781e-01
  -6.3338283e-01
  -9.1470617e-01
  -9.4901377e-01
  -5.7111952e-01
   3.9418902e-01
   2.1101328e+00
   3.5118630e+00
   4.5531815e-01
  -2.6153191e-01
  -5.3525511e-01
  -1.7574210e+00
  -2.4113027e+00
  -2.0406157e+00
  -1.2259454e+00
  -5.5790398e-01
   1.2122004e-01
   1.1480405e+00
   3.0366363e+00
   3.7157962e+00
   1.5934635e-01
  -2.0734408e-01
  -1.4802260e+00
  -1.3924657e+00
  -1.2077975e+00
  -6.6473107e-01
   5.1394849e-02
   6.9457172e-01
   1.2869132e+00
   1.9597561e+00
   2.9941668e+00
   4.9091291e+00
   1.4890766e+00
   3.1640187e-01
   9.4251409e-02
   2.9638854e-01
   1.9496088e-01
   3.4503946e-01
   1.2119124e+00
   5.5464578e-01
   3.9015496e-01
   3.7029749e-01
   3.6000630e-01
   4.8394307e-01
   7.5504023e-01
   9.0458989e-01
   7.7414286e-01
   3.4604949e-01
  -2.5463140e-01
  -7.8728867e-01
  -1.0181531e+00
  -9.1900146e-01
  -3.7473276e-01
   7.7249783e-01
   2.5631137e+00
   4.3584833e+00
   7.2721636e-01
  -1.0701690e-01
  -1.1030001e-01
  -1.3028102e+00
  -2.9225075e+00
  -2.2025714e+00
  -1.0114471e+00
  -1.2426023e-01
   7.7841634e-01
   2.1876521e+00
   4.5334353e+00
   3.5702405e+00
  -2.0811810e-01
  -5.3619444e-01
  -1.5951861e+00
  -1.3865163e+00
  -1.2736804e+00
  -3.5070121e-01
   6.2185377e-01
   1.4153218e+00
   2.1614420e+00
   2.9674053e+00
   4.0273366e+00
   5.2318749e+00
   1.6589425e+00
   4.6115586e-01
   1.5524742e-01
   4.7875151e-01
   1.5625110e-01
   8.5544485e-01
   1.6638734e+00
   4.2679742e-01
   5.6852961e-01
   7.3287052e-01
   6.9421458e-01
   7.7428895e-01
   9.8514509e-01
   1.0636829e+00
   7.7402437e-01
   1.4707710e-01
  -5.9350395e-01
  -1.0876867e+00
  -1.1275539e+00
  -8.0446678e-01
  -6.7000121e-02
   1.1972605e+00
   2.9879823e+00
   4.8384571e+00
   6.5901190e-01
  -4.0387729e-01
  -4.0484515e-01
  -1.0440675e+00
  -3.4533322e+00
  -2.2078917e+00
  -6.1296523e-01
   4.2412814e-01
   1.5584168e+00
   3.3038683e+00
   5.9675822e+00
   2.4732547e+00
  -5.2123651e-02
  -7.1961981e-01
  -1.1893907e+00
  -1.0890812e+00
  -1.1116232e+00
   4.1317868e-01
   1.3877326e+00
   2.1650269e+00
   2.9129782e+00
   3.6830261e+00
   4.6526413e+00
   5.0444922e+00
   1.7999185e+00
   2.9850647e-01
   1.3509561e-01
   4.9836060e-01
   2.8800413e-01
   1.4787583e+00
   2.0198486e+00
   7.7832794e-01
   9.8316002e-01
   9.6785027e-01
   8.2622713e-01
   8.6582911e-01
   1.0105128e+00
   9.4552410e-01
   4.9355432e-01
  -2.5197437e-01
  -1.0152867e+00
  -1.3111565e+00
  -1.0860794e+00
  -5.4955906e-01
   3.1144297e-01
   1.6027980e+00
   3.2976892e+00
   4.7581644e+00
   5.6258339e-01
  -3.1954220e-01
  -3.0749142e-01
  -2.4739075e-01
  -3.4139626e+00
  -2.0344639e+00
  -2.0919089e-01
   9.5514500e-01
   2.3384821e+00
   4.2900558e+00
   6.5695982e+00
   1.7394661e+00
  -3.6416483e-01
  -1.8907712e-01
  -4.1769180e-01
   1.5670988e-01
  -3.9655900e-01
   1.1266141e+00
   1.9364415e+00
   2.6784647e+00
   3.3902137e+00
   4.1068020e+00
   4.9437490e+00
   4.5157728e+00
   1.8721670e+00
   8.7357715e-02
   1.8733606e-02
   2.2637314e-01
   4.6100542e-01
   1.8340445e+00
   1.4770118e+00
   4.6114531e-01
   1.2503200e+00
   1.0061258e+00
   7.6603568e-01
   7.7394259e-01
   8.1227243e-01
   5.8126664e-01
   3.5882954e-02
  -7.0540130e-01
  -1.2824217e+00
  -1.2820497e+00
  -8.2570726e-01
  -1.5444238e-01
   7.5121504e-01
   1.9976498e+00
   3.5172491e+00
   4.3551698e+00
   5.9565800e-01
  -2.7994865e-01
  -3.2549638e-01
  -3.5827258e-01
  -2.1413853e+00
  -1.6726556e+00
   2.8013662e-01
   1.5933398e+00
   3.1193848e+00
   5.0069499e+00
   5.8186340e+00
   9.9546546e-01
   1.3986646e-01
   1.9712909e-01
  -3.2417792e-01
  -2.5201547e-01
   7.2452414e-01
   1.7067454e+00
   2.4029891e+00
   3.1360137e+00
   3.8194497e+00
   4.4417872e+00
   4.9849992e+00
   3.8137608e+00
   1.5676685e+00
  -1.7756825e-01
  -1.2014258e-01
   5.1804819e-02
   6.2065892e-01
   1.8050506e+00
   1.1798739e+00
   6.5245698e-01
   1.3089918e+00
   7.5655636e-01
   4.6958778e-01
   4.3815876e-01
   3.7487279e-01
   5.5375644e-02
  -4.6912495e-01
  -1.0343728e+00
  -1.2676179e+00
  -1.0016699e+00
  -4.0361248e-01
   3.1239625e-01
   1.2222714e+00
   2.4147036e+00
   3.7884372e+00
   3.9297855e+00
   2.9718613e-01
  -4.6473477e-01
  -5.2820223e-01
  -5.4035753e-01
  -1.3220484e+00
  -9.3575478e-01
   9.4934512e-01
   2.3401136e+00
   3.8305667e+00
   5.3282793e+00
   4.8046473e+00
   8.2654681e-01
   2.3242247e-01
   1.6630296e-01
  -2.8073963e-01
  -1.5070994e-01
   1.9012613e+00
   2.2465136e+00
   2.8785266e+00
   3.5810128e+00
   4.2293205e+00
   4.6996082e+00
   4.8061918e+00
   2.9264967e+00
   9.3313801e-01
  -5.5260503e-01
  -2.8189594e-01
   4.7326896e-01
   1.0266804e+00
   1.4490619e+00
   8.9336723e-01
   5.6083775e-01
   6.7493969e-01
   1.5213746e-01
  -1.1916666e-01
  -1.4043610e-01
  -2.1908964e-01
  -5.0342649e-01
  -8.7409174e-01
  -1.1332213e+00
  -1.0504911e+00
  -6.1296254e-01
   2.3382936e-02
   7.3140651e-01
   1.6405046e+00
   2.8262753e+00
   4.0856104e+00
   3.6523080e+00
   7.4343003e-02
  -8.4654653e-01
  -7.6039588e-01
  -4.8883605e-01
  -1.9458297e-01
   1.2612194e-01
   1.7587428e+00
   3.0805204e+00
   4.3807588e+00
   5.2688313e+00
   3.5210245e+00
   3.5554314e-01
  -2.0704634e-02
  -5.7546385e-03
  -1.7821854e-01
   4.0643901e-02
   2.8072958e+00
   2.7929225e+00
   3.3199451e+00
   3.9758823e+00
   4.5397434e+00
   4.7621298e+00
   4.3190932e+00
   1.7592139e+00
   1.2358364e-01
  -8.5397136e-01
  -4.5028076e-01
   5.7755637e-01
   1.0206225e+00
   5.3887296e-01
   1.5309873e-01
  -1.4277287e-01
  -3.1287685e-01
  -7.5926960e-01
  -9.3861079e-01
  -8.8238657e-01
  -8.7206036e-01
  -9.9657840e-01
  -1.1097322e+00
  -1.0615132e+00
  -7.6485968e-01
  -2.4004294e-01
   3.8391268e-01
   1.0759895e+00
   1.9491106e+00
   3.0736001e+00
   4.0839028e+00
   2.5675459e+00
  -4.2238626e-01
  -9.5513332e-01
  -7.2465456e-01
  -4.1798544e-01
   1.1280888e-01
   1.0564222e+00
   2.4831874e+00
   3.6208246e+00
   4.6231437e+00
   4.7795076e+00
   2.4311032e+00
  -1.8813469e-02
  -1.1766729e-01
  -6.6772252e-03
  -1.5466984e-01
   1.6854559e+00
   3.3355963e+00
   3.2300937e+00
   3.6122200e+00
   4.1652098e+00
   4.5450439e+00
   4.3784647e+00
   3.3390765e+00
   4.2985740e-01
  -7.1541560e-01
  -1.1004711e+00
  -4.1698778e-01
   3.0876395e-01
  -1.2761334e-01
  -4.7009400e-01
  -9.4023561e-01
  -1.2491705e+00
  -1.4788483e+00
  -1.7613461e+00
  -1.8006685e+00
  -1.6583142e+00
  -1.5447083e+00
  -1.4829226e+00
  -1.3548039e+00
  -1.0708748e+00
  -6.0555822e-01
  -1.7714188e-02
   6.1250317e-01
   1.2994529e+00
   2.0970955e+00
   3.0250795e+00
   3.7939630e+00
   1.3096294e+00
  -1.7489783e-01
  -6.9923681e-01
  -4.5770204e-01
  -3.3538216e-01
   4.5047581e-01
   1.8635771e+00
   2.9051294e+00
   3.8423684e+00
   4.5049858e+00
   4.0704737e+00
   1.5432328e+00
  -1.5916845e-01
  -1.0029452e-01
  -1.3095932e-01
   5.6376892e-01
   2.7665343e+00
   3.4951448e+00
   3.5057807e+00
   3.6819358e+00
   4.0232477e+00
   4.1369162e+00
   3.4939561e+00
   1.9583843e+00
  -6.6363362e-01
  -1.3060027e+00
  -1.3299378e+00
  -7.3165379e-01
  -7.7173363e-01
  -1.0392988e+00
  -1.0378745e+00
  -1.9315720e+00
  -2.3489021e+00
  -2.5362343e+00
  -2.6684224e+00
  -2.6464292e+00
  -2.5042974e+00
  -2.3485877e+00
  -2.1826519e+00
  -1.9181420e+00
  -1.4965245e+00
  -9.1841626e-01
  -2.6565044e-01
   4.1683655e-01
   1.1028624e+00
   1.8305854e+00
   2.6118080e+00
   3.0913090e+00
   6.8484132e-01
  -1.4764130e-01
  -4.4338718e-01
  -2.9092400e-01
  -1.6322694e-01
   5.5620465e-01
   2.0263580e+00
   2.9930281e+00
   3.7269976e+00
   4.0952561e+00
   3.2432036e+00
   9.9817926e-01
   3.3519297e-01
  -3.5148511e-02
  -2.3007351e-02
   5.1784840e-01
   3.2613027e+00
   3.6753905e+00
   3.5731079e+00
   3.4982855e+00
   3.5897140e+00
   3.4353025e+00
   2.3677351e+00
   5.8628956e-01
  -1.2224487e+00
  -1.5036261e+00
  -1.4938894e+00
  -1.2165668e+00
  -1.5438854e+00
  -1.6573489e+00
  -1.9544512e+00
  -2.9790079e+00
  -3.2851488e+00
  -3.3902199e+00
  -3.4689774e+00
  -3.5078227e+00
  -3.4574322e+00
  -3.3533716e+00
  -3.1863434e+00
  -2.9080111e+00
  -2.4778339e+00
  -1.9232097e+00
  -1.3036376e+00
  -6.4517877e-01
   6.0088750e-03
   7.1831111e-01
   1.5074951e+00
   2.1182152e+00
   5.0947854e-01
  -6.0898480e-01
  -3.4099760e-01
  -5.1695219e-01
  -2.3772687e-01
   3.6200832e-01
   1.4960942e+00
   2.7348308e+00
   3.3442566e+00
   3.4906032e+00
   2.4758264e+00
   5.4605487e-02
   3.7531357e-01
  -2.1100288e-03
   1.1315982e-01
   1.4452202e+00
   3.4308197e+00
   3.4874324e+00
   3.3638591e+00
   3.0121776e+00
   2.9031066e+00
   2.5981154e+00
   1.3239573e+00
  -4.0307563e-01
  -1.2209584e+00
  -1.2885589e+00
  -1.5554584e+00
  -1.6184075e+00
  -2.1628186e+00
  -2.4673690e+00
  -2.9094083e+00
  -3.3209405e+00
  -3.4591860e+00
  -3.5253191e+00
  -3.5987501e+00
  -3.6730885e+00
  -3.7486322e+00
  -3.8082654e+00
  -3.8118904e+00
  -3.7270524e+00
  -3.4968822e+00
  -3.1352436e+00
  -2.7575943e+00
  -2.4191283e+00
  -2.1034030e+00
  -1.6799938e+00
  -9.5310557e-01
   8.0887531e-02
   4.9910578e-01
  -8.4407096e-01
  -6.4757881e-01
  -1.9132345e+00
  -9.7397464e-01
  -2.6592321e-02
   1.0397388e+00
   2.3725120e+00
   2.8960673e+00
   2.9088976e+00
   1.8229160e+00
  -8.1791871e-01
   4.4896707e-01
   4.0721609e-02
   2.3527080e-01
   2.2744197e+00
   3.2794475e+00
   2.8703787e+00
   2.8225834e+00
   2.2669567e+00
   2.1014632e+00
   1.8653185e+00
   6.7123089e-01
  -8.8736378e-01
  -7.6406980e-01
  -7.0499098e-01
  -1.5090549e+00
  -1.6795938e+00
  -2.1250186e+00
  -2.2286222e+00
  -2.3632209e+00
  -2.5558131e+00
  -2.6418447e+00
  -2.6787646e+00
  -2.6960776e+00
  -2.7238901e+00
  -2.7992611e+00
  -2.9259810e+00
  -3.0762947e+00
  -3.2035532e+00
  -3.2657721e+00
  -3.2677894e+00
  -3.3128800e+00
  -3.4621837e+00
  -3.7425737e+00
  -4.1331053e+00
  -4.0227942e+00
  -2.6464953e+00
  -6.9973946e-01
  -1.2208251e+00
  -1.1975771e+00
  -3.8704650e+00
  -2.6384790e+00
  -9.9368429e-01
   7.0911807e-01
   1.8010522e+00
   2.2693231e+00
   2.4050262e+00
   1.4420073e+00
  -9.4372612e-01
   3.1678835e-01
   1.6551057e-01
   1.7980081e-01
   2.2671723e+00
   2.6015680e+00
   1.9653459e+00
   2.0270886e+00
   1.3559887e+00
   1.2967780e+00
   1.4238195e+00
   5.2989882e-01
  -9.7647268e-01
   6.1039813e-02
   5.3991651e-01
  -8.6332519e-01
  -1.0174607e+00
  -1.1571523e+00
  -1.1934563e+00
  -1.2831237e+00
  -1.3867803e+00
  -1.4440455e+00
  -1.4446418e+00
  -1.3994694e+00
  -1.3489705e+00
  -1.3382176e+00
  -1.4089832e+00
  -1.5417667e+00
  -1.6888508e+00
  -1.8413960e+00
  -2.0146308e+00
  -2.2642579e+00
  -2.6640946e+00
  -3.3077834e+00
  -4.3488240e+00
  -5.3341807e+00
  -4.6055869e+00
  -7.0309935e-01
  -2.4024069e+00
  -2.1412937e+00
  -4.4427618e+00
  -4.1260009e+00
  -1.9618770e+00
   7.8259250e-02
   7.4447927e-01
   1.0409642e+00
   1.6200110e+00
   1.2731607e+00
  -6.0047071e-01
   3.3509051e-01
   3.8848339e-01
   7.3906323e-02
   1.8048649e+00
   2.6502837e+00
   1.7121975e+00
   1.2057992e+00
   2.5343341e-01
   4.6181208e-01
   1.2715186e+00
   8.0315247e-01
  -7.8066024e-01
  -1.8546829e-01
   2.9332604e-01
   3.0718877e-01
   1.0207608e-02
   3.5195067e-02
   4.0590948e-02
  -3.7637877e-02
  -1.5851931e-01
  -2.6563248e-01
  -3.1097855e-01
  -2.7991330e-01
  -1.9311478e-01
  -1.1119155e-01
  -1.1662437e-01
  -2.1815275e-01
  -3.6486255e-01
  -5.3892028e-01
  -7.4162522e-01
  -1.0040338e+00
  -1.4009513e+00
  -1.9914069e+00
  -3.0435198e+00
  -4.6241664e+00
  -5.3446616e+00
  -1.0742774e+00
  -3.8777616e+00
  -4.5111641e+00
  -4.5051321e+00
  -4.0003433e+00
  -1.8180882e+00
  -6.7882411e-01
  -4.3730498e-01
  -4.1175390e-01
   9.4603271e-01
   1.7596234e+00
   4.0047152e-01
   4.9118477e-01
   5.5290740e-01
   2.8160590e-01
   1.9152712e+00
   2.2727911e+00
   1.0797058e+00
   2.5427809e-01
  -8.9333452e-01
  -2.4693190e-01
   1.3724145e+00
   1.2635091e+00
  -3.5845925e-01
   4.2243630e-02
   1.0027202e-01
   4.5534974e-01
   6.2619102e-01
   6.5599650e-01
   6.5416175e-01
   5.4585373e-01
   3.8923207e-01
   2.4561056e-01
   1.5246402e-01
   1.3853414e-01
   2.4032837e-01
   4.3727130e-01
   6.1861002e-01
   6.8724573e-01
   6.1675268e-01
   4.5263109e-01
   2.1733087e-01
  -8.4034733e-02
  -5.1997608e-01
  -1.1425374e+00
  -2.2447064e+00
  -4.1876755e+00
  -5.8536692e+00
  -1.6707852e+00
  -4.3137288e+00
  -4.6454415e+00
  -3.8506548e+00
  -3.5637312e+00
  -2.3519671e+00
  -1.7747543e+00
  -1.3473161e+00
  -6.5465772e-01
   1.1987697e+00
   1.8102777e+00
   5.9798074e-01
   4.6363220e-01
   5.8757108e-01
   1.8278287e-01
   1.2153407e+00
   4.0758691e+00
   2.1541626e+00
  -2.0516987e-01
  -1.8298874e+00
  -8.6028200e-01
   1.5463655e+00
   1.6902810e+00
   4.2370015e-01
  -3.9533812e-01
  -4.4626838e-01
   7.6894653e-01
   6.3206267e-01
   5.4758757e-01
   4.5508397e-01
   2.6625502e-01
   4.0994830e-02
  -1.7114754e-01
  -3.4009129e-01
  -4.2059612e-01
  -3.5031936e-01
  -9.4691545e-02
   2.9500163e-01
   6.8799996e-01
   9.1102362e-01
   9.3988818e-01
   8.2429343e-01
   5.7981658e-01
   1.9682781e-01
  -3.5332143e-01
  -1.2745856e+00
  -3.5662241e+00
  -5.5583272e+00
  -3.6439891e+00
  -3.2645249e+00
  -4.1134167e+00
  -3.8994284e+00
  -3.9702456e+00
  -3.6468856e+00
  -3.3340325e+00
  -2.4461975e+00
  -6.3902342e-01
   5.7634729e-01
   1.1799316e+00
   1.0088381e+00
   5.4398489e-01
   5.3592652e-01
   3.4560582e-01
   6.7323804e-01
   1.8567678e+00
   2.6238525e+00
  -2.5673699e-01
  -2.4374616e+00
  -4.2324072e-01
   2.2855546e+00
   2.0510411e+00
   3.6193860e-01
  -4.1016838e-01
  -4.8273504e-03
   9.6839350e-01
   2.9741934e-01
   1.4290085e-01
  -9.7197920e-02
  -4.4105777e-01
  -8.1009805e-01
  -1.1535528e+00
  -1.4614034e+00
  -1.6815082e+00
  -1.7738243e+00
  -1.6763211e+00
  -1.3423213e+00
  -8.0689287e-01
  -2.3731327e-01
   2.0165518e-01
   5.0422156e-01
   6.5304923e-01
   6.8364418e-01
   5.5732262e-01
   6.1463930e-02
  -2.3795536e+00
  -5.1923933e+00
  -4.6726933e+00
  -3.3868976e+00
  -3.4231834e+00
  -3.9527895e+00
  -4.5177960e+00
  -4.6253285e+00
  -4.4902563e+00
  -3.5525317e+00
  -2.2382735e-01
   3.4539446e-01
   1.1717405e+00
   5.3253293e-01
   2.5946859e-01
   2.3705631e-01
  -5.8290441e-02
  -2.8072661e-01
   2.6399881e-01
   3.7799056e+00
   4.5799857e-01
  -2.5323396e+00
  -1.0310814e+00
   1.6817714e+00
   2.1571941e+00
   4.8477077e-01
  -1.9415396e-01
   5.7598892e-01
   9.8015779e-01
  -2.7420820e-02
  -1.5881755e-01
  -4.1580468e-01
  -8.7967598e-01
  -1.3952558e+00
  -1.8642821e+00
  -2.2963642e+00
  -2.6594855e+00
  -2.9292757e+00
  -3.0621859e+00
  -2.9657306e+00
  -2.5796820e+00
  -1.9818640e+00
  -1.3869322e+00
  -8.7920707e-01
  -4.3109858e-01
  -5.4782938e-02
   1.8149744e-01
   4.0254047e-01
  -1.2727134e+00
  -5.1629956e+00
  -3.1516213e+00
  -1.7690490e+00
  -2.7576870e+00
  -3.7863974e+00
  -4.3129943e+00
  -4.6395028e+00
  -4.9025739e+00
  -4.1822360e+00
  -1.0323214e+00
  -4.6339610e-01
   9.5113110e-01
   4.3036910e-01
  -7.7184697e-02
  -1.2497073e-02
  -2.2588242e-01
  -3.9100670e-01
   5.5402897e-02
   3.2377100e+00
   9.1161209e-01
  -2.1850413e+00
  -4.9073300e-01
   9.8799485e-01
   1.9096779e+00
   7.7054297e-01
  -1.1488481e-02
   6.7972443e-01
   1.0196484e+00
   2.2324593e-02
  -9.3340714e-02
  -3.1064638e-01
  -7.8565523e-01
  -1.3852061e+00
  -1.9478855e+00
  -2.4693353e+00
  -2.9454440e+00
  -3.3450545e+00
  -3.6516610e+00
  -3.7961977e+00
  -3.6617377e+00
  -3.2182456e+00
  -2.6304502e+00
  -2.0673206e+00
  -1.4951835e+00
  -8.9998306e-01
  -4.0785484e-01
  -3.8430606e-01
  -2.7598189e+00
  -4.1469946e+00
  -2.5819465e+00
  -1.7164278e+00
  -2.4220988e+00
  -3.3382121e+00
  -3.9683254e+00
  -4.5614123e+00
  -5.2241720e+00
  -5.0884727e+00
  -2.5275361e+00
  -1.5167205e+00
   6.5046350e-01
   2.4145162e-01
  -9.7330618e-02
  -3.8572743e-02
  -6.9957367e-01
  -1.0135294e+00
  -4.1232805e-01
   3.5996216e+00
   1.8191037e+00
  -1.6717830e+00
  -8.4272512e-01
   6.5469704e-01
   1.8760753e+00
   6.8326179e-01
   5.8320367e-01
   6.5833271e-01
   1.8765388e-01
  -1.0895964e-02
   1.4613600e-02
   3.9336585e-02
  -3.1831574e-01
  -9.2891186e-01
  -1.5599995e+00
  -2.1644289e+00
  -2.7346771e+00
  -3.2336097e+00
  -3.6493759e+00
  -3.9419267e+00
  -4.0120997e+00
  -3.7914174e+00
  -3.3514879e+00
  -2.8345888e+00
  -2.2640364e+00
  -1.4822400e+00
  -6.4872301e-01
  -9.2625296e-01
  -1.9840311e+00
  -2.1592245e+00
  -1.6649172e+00
  -1.2911339e+00
  -1.8406177e+00
  -2.6900847e+00
  -3.5170534e+00
  -4.4858665e+00
  -5.5890665e+00
  -6.0895739e+00
  -3.7754207e+00
  -2.5764973e+00
  -4.8146009e-02
   2.1576227e-01
  -7.5974323e-02
  -6.0402864e-01
  -1.7508919e+00
  -7.7425218e-01
  -9.7867727e-01
   2.5957267e+00
   2.4829915e+00
  -8.4700668e-01
  -6.1168641e-01
   3.6268234e-01
   1.7724265e+00
   7.7220654e-01
   8.6545956e-01
   2.8750014e-01
  -6.3778055e-01
  -1.7779872e-01
   2.0442560e-02
   3.8676301e-01
   2.9773092e-01
  -2.3635706e-01
  -8.9860845e-01
  -1.5818838e+00
  -2.2335184e+00
  -2.8102000e+00
  -3.2992392e+00
  -3.6654515e+00
  -3.8623724e+00
  -3.8543739e+00
  -3.6564996e+00
  -3.3084021e+00
  -2.9013159e+00
  -2.1090541e+00
  -6.2855512e-01
  -4.7243425e-01
  -8.0659848e-01
  -1.1717961e+00
  -9.8080778e-01
  -6.7336136e-01
  -1.1170286e+00
  -1.9269133e+00
  -2.8873034e+00
  -4.1290340e+00
  -5.6445732e+00
  -6.8713770e+00
  -5.0345984e+00
  -3.5971377e+00
  -6.3558197e-01
   4.9654976e-02
  -5.3445530e-01
  -1.6452808e+00
  -3.0830312e+00
  -1.0026324e+00
  -7.2889984e-01
   4.1443473e-01
   2.5214896e+00
   8.8786855e-02
  -4.5623136e-01
  -6.3403152e-02
   1.7570187e+00
   8.8903809e-01
   9.7057438e-01
   1.2318125e-01
  -1.5937857e+00
  -6.6548196e-01
  -1.5998679e-01
   4.6450812e-01
   7.7205559e-01
   5.4576820e-01
  -5.4658682e-02
  -7.7836021e-01
  -1.5063010e+00
  -2.1716046e+00
  -2.7353605e+00
  -3.1490475e+00
  -3.4053152e+00
  -3.5069867e+00
  -3.5069216e+00
  -3.4130426e+00
  -3.3601490e+00
  -2.7874228e+00
  -3.8362642e-01
   2.3841040e-01
   2.2808178e-01
  -8.5071095e-01
  -7.0910368e-01
  -2.9535177e-01
  -5.1661187e-01
  -1.1656306e+00
  -2.1000945e+00
  -3.3976298e+00
  -5.1526707e+00
  -6.9875857e+00
  -5.6135810e+00
  -3.9786973e+00
  -2.2751562e+00
  -9.6023310e-02
  -1.0974218e+00
  -2.4848401e+00
  -3.6772354e+00
  -2.1076596e+00
  -1.5418432e+00
  -1.7007876e+00
   2.4329738e+00
   1.0572829e+00
  -2.5385866e-01
  -1.2083607e-02
   1.0128885e+00
   9.3170423e-01
   1.2014052e+00
  -1.6894671e-01
  -2.1170421e+00
  -1.3905891e+00
  -4.0649286e-01
   4.6643141e-01
   8.8806921e-01
   1.2059031e+00
   8.6322325e-01
   1.9932777e-01
  -5.7112521e-01
  -1.3420399e+00
  -2.0172839e+00
  -2.5209231e+00
  -2.8275249e+00
  -2.9831688e+00
  -3.1171296e+00
  -3.3011906e+00
  -3.6656854e+00
  -3.0285070e+00
  -2.3794547e-02
   1.1279225e+00
   1.4285878e+00
  -4.8785034e-01
  -5.0834805e-01
  -1.4580864e-01
  -2.0490590e-01
  -6.1047655e-01
  -1.3867450e+00
  -2.6109247e+00
  -4.4003067e+00
  -6.6180463e+00
  -5.8672676e+00
  -3.3690376e+00
  -3.4166796e+00
  -1.0847496e+00
  -1.1451857e+00
  -2.3500173e+00
  -3.9561574e+00
  -2.1237562e+00
  -2.6471682e+00
  -2.0462208e+00
   1.9451584e+00
   1.6132306e+00
   1.1784417e-01
  -4.2938031e-02
  -1.7643380e-01
   6.5668458e-01
   1.3828658e+00
   2.8083757e-01
  -2.0648973e+00
  -2.1338668e+00
  -6.7234045e-01
  -1.1059135e-02
   9.1947830e-01
   1.4909941e+00
   1.5686704e+00
   1.0983130e+00
   3.4984648e-01
  -5.1447517e-01
  -1.3059577e+00
  -1.9053109e+00
  -2.2732716e+00
  -2.5101886e+00
  -2.7901595e+00
  -3.2580934e+00
  -3.8987238e+00
  -3.0371170e+00
   1.5665460e-01
   2.0790062e+00
   2.3390045e+00
   4.2398587e-02
  -1.5374227e-01
   4.0245671e-02
  -4.0316183e-02
  -3.3782145e-01
  -8.9537472e-01
  -1.9643178e+00
  -3.7116127e+00
  -5.9945488e+00
  -6.3846383e+00
  -2.3758521e+00
  -3.3143930e+00
  -1.7399064e+00
  -1.1159556e+00
  -2.5859294e+00
  -3.9698250e+00
  -1.7833350e+00
  -3.7602854e+00
  -1.8124439e+00
   1.0107059e+00
   2.8729405e+00
   3.7859210e-01
   1.2905034e+00
   2.3843520e+00
   2.1795702e+00
   6.0514802e-01
   7.1755034e-01
  -1.0651034e+00
  -2.2190750e+00
  -1.4689615e+00
  -1.4914511e-01
   6.9175380e-01
   1.4549552e+00
   1.8756772e+00
   1.6611029e+00
   1.0222554e+00
   1.2565799e-01
  -7.4614549e-01
  -1.3949145e+00
  -1.7870452e+00
  -2.0724692e+00
  -2.4940219e+00
  -3.2628815e+00
  -4.0509777e+00
  -2.4145784e+00
   3.7323701e-01
   2.7230878e+00
   2.6421123e+00
   1.0294055e+00
   5.6899905e-01
   4.5456484e-01
   3.1078559e-01
  -7.9830267e-02
  -5.3470355e-01
  -1.3910433e+00
  -2.9594123e+00
  -5.2972889e+00
  -6.6277137e+00
  -1.8707268e+00
  -3.2457457e+00
  -2.5866075e+00
  -1.3943336e+00
  -2.8014555e+00
  -3.7368493e+00
  -2.1594982e+00
  -4.1136117e+00
  -1.2038811e+00
   1.4333400e+00
   1.7189491e+00
   8.8738495e-01
   3.4321060e+00
   4.6898665e+00
   3.6851265e+00
  -1.5073434e-01
   1.9549118e-01
  -5.0704384e-01
  -2.2672157e+00
  -2.1404464e+00
  -1.0787523e+00
   4.3188545e-01
   1.3679577e+00
   1.9749806e+00
   1.9673269e+00
   1.4701338e+00
   6.3554347e-01
  -2.5445086e-01
  -9.2175525e-01
  -1.2878929e+00
  -1.5319825e+00
  -2.0644102e+00
  -3.2007639e+00
  -3.9837780e+00
  -8.9231426e-01
   8.2406503e-01
   3.3085599e+00
   1.6693301e+00
   5.0726682e-01
   1.0064631e+00
   9.5573294e-01
   8.0830681e-01
   4.5236561e-01
   2.7115932e-02
  -6.6291338e-01
  -2.0194118e+00
  -4.1794605e+00
  -6.2408066e+00
  -2.5068364e+00
  -2.3923800e+00
  -2.4849749e+00
  -1.3138254e+00
  -2.4324954e+00
  -1.7303584e+00
  -2.8629956e-01
  -2.8687873e+00
  -4.5611981e-01
   1.3893870e+00
  -7.5229895e-01
   4.2753154e-01
   9.0350354e-01
   1.9702691e+00
   1.3152914e+00
   6.5943507e-01
   7.8407933e-02
  -3.1609430e-01
  -1.2163419e+00
  -1.6216621e+00
  -1.5736397e+00
  -7.2250847e-02
   1.2359993e+00
   2.0156091e+00
   2.1378447e+00
   1.7347693e+00
   9.6313131e-01
   1.1648090e-01
  -5.2278307e-01
  -8.1827431e-01
  -9.7709083e-01
  -1.5147547e+00
  -3.0164198e+00
  -3.1154928e+00
   1.3540291e-01
   8.4446805e-01
   2.9965910e+00
   1.3376654e+00
   4.0957361e-01
   6.9240741e-01
   1.5585608e+00
   1.2938293e+00
   1.0021340e+00
   6.6405753e-01
   1.0262478e-01
  -1.0628127e+00
  -3.0212082e+00
  -5.1246522e+00
  -2.1593381e+00
  -1.2954517e+00
  -1.7766949e+00
  -1.2916332e+00
  -1.5476011e+00
  -9.4907105e-01
   1.5774173e-01
  -6.4573185e-01
  -1.3005066e+00
  -3.1214016e-02
  -1.9529780e+00
  -1.4576742e+00
  -6.0226408e-01
  -1.0723184e+00
   5.8032981e-01
   1.6631328e-01
   6.7842223e-02
   5.2894056e-02
  -5.8663499e-01
  -7.6041442e-01
  -1.5280095e+00
  -5.8889031e-01
   9.8450863e-01
   1.9057064e+00
   2.1353912e+00
   1.8514136e+00
   1.1782194e+00
   4.0354884e-01
  -1.5320088e-01
  -3.5047159e-01
  -3.9518219e-01
  -8.4096664e-01
  -2.5639031e+00
  -2.0294089e+00
   5.1824749e-01
   1.1308081e+00
   2.6012173e+00
   1.5601531e+00
   5.9381640e-01
   1.1430369e-01
   1.0951310e+00
   1.4159979e+00
   1.4039304e+00
   1.1761779e+00
   7.3582929e-01
  -1.8660542e-01
  -1.8018820e+00
  -3.6926258e+00
  -1.5317249e+00
  -1.5660383e+00
  -1.2567801e+00
  -1.3632016e+00
  -7.9142058e-01
  -8.0682129e-01
   3.1502652e-01
   3.4046188e-01
  -1.3106606e+00
  -1.3238887e+00
  -1.3917688e+00
  -1.5178391e+00
  -1.0231044e+00
  -1.7097386e+00
  -3.6914912e-01
   6.1785467e-02
   2.4087834e-01
   4.1467083e-01
  -5.9037238e-01
  -8.7023038e-01
  -8.5158068e-01
  -8.7046367e-01
   6.8607140e-01
   1.6162130e+00
   1.9150084e+00
   1.7597475e+00
   1.2550534e+00
   6.2267917e-01
   2.0480098e-01
   9.5674038e-02
   1.8389204e-01
  -1.0241749e-01
  -1.6710067e+00
  -6.9314224e-01
   1.1190706e+00
   1.0666412e+00
   1.6387727e+00
   1.4302374e+00
   5.9619951e-01
   6.5896802e-02
   5.4900914e-02
   9.6184093e-01
   1.4529469e+00
   1.4008859e+00
   1.1278398e+00
   4.6865472e-01
  -7.1331352e-01
  -2.4278128e+00
  -9.5007491e-01
  -1.6974905e+00
  -1.2644502e+00
  -6.0458529e-01
  -5.3161895e-01
  -6.5233827e-01
   4.4939287e-02
  -4.9250501e-01
  -1.5522530e+00
  -1.5687143e+00
  -1.0795537e+00
  -1.4031215e+00
  -1.7238567e+00
   3.2795638e-01
   9.0773940e-01
   5.1032013e-01
   3.5965106e-01
   4.5036367e-01
  -3.2921290e-01
  -1.1817414e+00
  -8.5907340e-01
  -1.0252504e+00
   2.9212186e-01
   1.2939461e+00
   1.7747058e+00
   1.7776841e+00
   1.4116431e+00
   8.9206386e-01
   5.9579068e-01
   5.8042479e-01
   7.8589767e-01
   6.4919561e-01
  -4.0718788e-01
   2.1087427e-01
   7.1326035e-01
   5.2806532e-01
   4.3298680e-01
   7.0443618e-01
   2.9088986e-01
   1.5357545e-01
   1.7162226e-03
  -4.2287376e-02
   8.8743484e-01
   1.4127194e+00
   1.2866892e+00
   8.6292982e-01
   7.9707570e-02
  -1.3408679e+00
  -6.6092783e-01
  -1.0627760e+00
  -1.4396359e+00
  -2.3503099e-01
   2.2090086e-01
  -2.5835893e-01
  -5.0589967e-01
  -5.3334910e-01
  -1.6677976e+00
  -1.7609541e+00
  -7.2265226e-01
  -2.4005766e-01
  -2.1702230e+00
  -9.0972304e-02
   5.5224270e-01
   4.6203354e-02
  -1.1630089e-01
   1.2179837e-01
   1.1655708e-01
  -1.0267049e+00
  -7.9365823e-01
  -4.6948573e-01
   4.1646396e-01
   1.2903116e+00
   1.9385456e+00
   2.0098336e+00
   1.6775826e+00
   1.1597332e+00
   8.9880209e-01
   1.0627993e+00
   1.4546645e+00
   1.4468597e+00
   8.1876490e-01
   1.0114826e+00
   7.2505292e-01
   2.3551588e-01
   3.2164380e-02
   3.7202139e-02
  -8.4527294e-02
  -1.0032608e-01
   3.4642436e-02
   7.8721883e-02
   2.7179680e-02
   5.4312528e-01
   1.0632969e+00
   1.0115365e+00
   5.5962361e-01
  -3.7484647e-01
  -4.3284058e-01
  -1.2406841e-01
  -1.2216423e-01
  -6.0108734e-01
  -3.8395478e-01
  -3.9007099e-01
  -5.6267089e-01
  -3.9891003e-01
  -1.0252485e+00
  -1.4963879e+00
  -6.9431838e-01
  -6.0505242e-01
  -2.2006184e-01
   4.0498428e-01
   1.6637360e-01
   4.0837196e-01
   8.4371865e-03
  -3.8492453e-01
  -1.8124071e-01
  -5.6287491e-01
  -1.2609638e+00
  -3.2582766e-01
   1.9416411e-01
   9.5956427e-01
   1.8330091e+00
   1.9287578e+00
   1.6255875e+00
   1.1083751e+00
   8.5013771e-01
   1.2303652e+00
   1.8345309e+00
   1.9727767e+00
   1.4829818e+00
   8.7108934e-01
   1.1880450e+00
   1.9127032e-01
  -1.7891873e-03
  -1.4878729e-01
  -2.9518905e-01
  -3.0444539e-01
  -1.3460889e-01
  -3.7942722e-02
  -2.5900510e-01
  -2.4795859e-01
   5.1339442e-01
   9.3941504e-01
   7.2671229e-01
   1.0350864e-01
   2.6713797e-01
  -2.0885120e-01
   3.7708271e-01
   6.4616233e-02
   2.5034347e-01
  -6.1930902e-02
  -1.4658155e-01
  -3.6292997e-01
  -8.7708026e-01
  -9.9336612e-01
   8.2758307e-02
  -1.3129413e-01
   5.6692684e-01
   2.5804618e-01
   4.6695331e-01
  -3.1875793e-02
  -2.4343659e-01
  -4.8409641e-01
  -1.0183668e+00
  -1.3275586e+00
  -1.6337308e+00
  -1.9907349e-01
  -4.4278678e-01
  -9.3354213e-01
   7.8728348e-01
   1.1687826e+00
   1.0834900e+00
   7.3691225e-01
   1.2250119e-01
   8.2522333e-01
   1.7524533e+00
   2.2801290e+00
   1.2034727e+00
   1.1215278e+00
   1.1718357e-01
  -6.6655993e-02
  -1.4010200e-01
  -3.4952918e-01
  -4.7283185e-01
  -4.6609783e-01
  -2.6371744e-01
  -2.5744158e-01
  -8.9269841e-01
  -7.9396999e-01
  -2.5993437e-01
   5.0384873e-01
   7.2695553e-01
   8.8022798e-01
   8.6826360e-01
  -5.4200983e-01
  -7.5243628e-03
  -3.8918883e-01
  -3.2465938e-02
   1.0520869e-01
   1.8454703e-02
   2.3165885e-01
   1.3018167e-01
  -9.5324016e-01
  -1.3833481e-01
  -3.8263747e-01
   7.1598887e-01
   4.8523352e-01
   3.3757466e-01
   3.2093778e-01
   4.0824953e-01
  -2.1140201e-02
  -3.3841413e-01
  -1.8218960e+00
  -2.3564839e+00
  -1.4374418e+00
  -1.6284271e-01
  -2.3573873e+00
  -1.1858202e+00
  -3.9911824e-01
   4.1935903e-01
  -3.8797002e-02
  -1.3754010e+00
  -1.1082487e+00
   3.5724330e-01
   1.4221853e+00
   7.1311098e-01
   1.5972351e-01
  -3.9467439e-01
  -2.7532062e-01
  -3.1303751e-01
  -5.3461063e-01
  -6.1077553e-01
  -4.3845993e-01
  -3.0427182e-01
  -3.8723472e-01
  -8.0262882e-01
  -5.9425318e-01
  -1.3079889e+00
  -3.3762842e-01
   2.2185495e-01
  -9.2624992e-02
   3.1798851e-01
  -5.6138706e-01
   1.5605879e-01
  -2.9049629e-01
  -2.0699552e-01
  -6.5238334e-02
  -1.8690339e-01
  -1.9555588e-01
   3.5087487e-01
  -5.5374932e-01
  -5.2222210e-01
  -5.3592312e-01
  -4.5616485e-02
   9.5110796e-02
  -5.7266824e-02
  -7.4680850e-02
  -3.7524173e-01
  -2.6691434e-01
  -4.0962815e-01
  -3.6176696e-01
  -9.5550036e-01
  -1.5278449e+00
  -1.8827947e+00
  -2.1199517e+00
  -2.6681490e+00
  -2.7589455e+00
  -2.0990098e+00
  -6.3865089e-01
   7.8532952e-01
   4.6537536e-01
  -1.7263797e-01
   8.4248096e-01
   1.2709715e+00
  -8.0901422e-02
  -3.3718455e-01
  -2.5177914e-01
  -5.4602969e-01
  -6.6741782e-01
  -7.8732127e-01
  -5.0897092e-01
  -2.0929565e-01
  -1.0201582e+00
  -7.1558195e-01
   3.5331857e-01
  -1.2965255e+00
  -1.6651566e+00
  -6.0837531e-01
  -5.6554663e-01
  -6.8722510e-01
  -8.4834939e-01
   5.9312379e-01
   3.8500965e-01
  -1.5915525e-01
  -3.5288861e-01
  -4.7680697e-01
  -3.3910465e-01
   1.2277871e-02
  -5.5781710e-01
  -7.6498342e-01
  -7.0516843e-01
  -4.3069848e-01
  -3.7672561e-01
  -3.1309548e-01
   2.5711218e-01
  -5.7766747e-01
  -9.4758141e-01
  -6.9866771e-01
  -3.3077347e-01
  -2.1238078e-01
  -3.6127889e-01
  -3.7497473e-01
  -6.0368621e-01
  -1.3950467e-01
  -3.6298789e-02
  -9.2501414e-01
  -9.3625134e-01
  -8.7907568e-02
   5.8361840e-01
   1.0986090e+00
   8.8019776e-01
   1.4698504e-01
  -3.6494708e-01
  -6.7615885e-01
  -5.6041270e-01
  -5.1624709e-01
  -8.8551033e-01
  -8.1740892e-01
  -2.4453922e-01
  -2.9451603e-01
  -7.8197181e-01
  -1.8202382e-01
   6.2621808e-01
   6.7884499e-01
  -5.1260564e-02
  -1.5153041e+00
  -1.0369437e+00
  -3.2622039e-01
  -1.2596427e+00
  -1.0765064e+00
   4.2756617e-01
   4.7036564e-01
   5.3825296e-02
  -2.1108690e-01
  -3.1379911e-01
  -2.3232599e-01
  -5.3364593e-01
  -9.7217751e-01
  -9.6957535e-01
  -1.9443546e-01
   2.3673348e-01
   1.8117185e-01
  -6.6186488e-02
  -1.0421843e-01
   1.4863620e-02
   1.3588534e-01
   9.2687368e-02
  -6.2881056e-03
  -1.4063333e-01
  -3.7315452e-01
  -5.9250695e-01
  -5.4319453e-01
  -4.6899873e-01
  -6.1655504e-01
  -8.5799325e-01
  -9.0700769e-01
  -7.6754373e-01
  -7.2171688e-01
  -7.9179257e-01
  -9.1252691e-01
  -1.0684568e+00
  -1.2484510e+00
  -1.2583134e+00
  -9.9759030e-01
  -7.0702916e-01
  -7.3584014e-01
  -1.3089818e+00
  -1.4262835e+00
  -9.9091071e-01
  -4.6746612e-01
   3.8953546e-02
   4.1030410e-01
   5.6916791e-01
   2.1711156e-01
  -3.0316371e-01
  -3.2331130e-01
  -4.2917669e-02
   6.4800018e-03
  -1.0009699e-01
  -3.4042647e-01
  -4.1037822e-01
  -2.0774072e-01
   7.4286489e-03
  -8.5764058e-02
  -3.7123832e-01
  -4.2768312e-01
  -2.4566483e-01
  -7.1589857e-02
   6.1687082e-05
   8.1084017e-03
