   0.0000000e+00
   0.0000000e+00
   0.0000000e+00
   0.0000000e+00
   0.0000000e+00
   0.0000000e+00
   0.0000000e+00
   0.0000000e+00
   0.0000000e+00
   1.4575558e-01
   8.9955212e-02
   0.0000000e+00
   0.0000000e+00
   0.0000000e+00
   0.0000000e+00
   0.0000000e+00
   0.0000000e+00
   0.0000000e+00
   0.0000000e+00
   0.0000000e+00
   0.0000000e+00
   0.0000000e+00
   0.0000000e+00
   0.0000000e+00
   0.0000000e+00
   0.0000000e+00
   2.0771686e-02
   2.7301656e-02
   0.0000000e+00
   0.0000000e+00
   0.0000000e+00
   0.0000000e+00
   0.0000000e+00
   0.0000000e+00
   0.0000000e+00
   0.0000000e+00
   0.0000000e+00
   0.0000000e+00
   0.0000000e+00
   0.0000000e+00
   0.0000000e+00
   0.0000000e+00
   0.0000000e+00
   0.0000000e+00
   0.0000000e+00
   0.0000000e+00
   0.0000000e+00
   0.0000000e+00
   0.0000000e+00
   0.0000000e+00
   0.0000000e+00
   0.0000000e+00
   0.0000000e+00
   0.0000000e+00
   0.0000000e+00
   0.0000000e+00
   7.9813986e-02
   1.2707000e-01
   7.8184823e-02
   3.6435706e-02
   1.4655625e-02
   1.2133288e-02
   6.3115436e-03
  -4.7724593e-03
  -1.0387782e-02
  -9.7151509e-03
  -8.0775469e-03
  -7.8512981e-03
  -8.8085872e-03
  -1.2340460e-02
  -3.1681020e-03
  -1.3692323e-02
  -3.3662294e-02
   0.0000000e+00
   4.7192001e-02
   5.1275595e-02
   3.3908733e-02
   2.3508151e-02
   1.6892180e-02
   7.7168064e-03
  -1.3713135e-03
   3.0798785e-03
  -2.3160033e-03
   9.2985028e-05
   7.1906016e-03
   1.0165597e-02
   0.0000000e+00
   0.0000000e+00
   0.0000000e+00
   0.0000000e+00
   0.0000000e+00
   0.0000000e+00
   0.0000000e+00
   0.0000000e+00
   0.0000000e+00
   0.0000000e+00
   0.0000000e+00
   0.0000000e+00
  -2.5294518e-04
  -9.4939042e-03
   4.1917863e-05
  -6.3581219e-04
   3.8763767e-03
   1.3345662e-03
   1.9496351e-02
   3.1397931e-02
   2.3535773e-02
   1.9678220e-02
   1.6318733e-02
   1.4461104e-02
   1.0027122e-02
   2.0978414e-03
  -4.5205196e-03
  -1.3163903e-02
  -1.4386579e-02
  -1.8400952e-02
  -1.6685676e-02
  -2.0630589e-02
  -2.1523800e-02
  -2.2124477e-02
  -3.2011992e-02
  -2.0025605e-02
   7.9621506e-03
   1.3322323e-03
   9.4591090e-03
   1.7316218e-02
   2.0364420e-02
   2.1699831e-02
   1.6743222e-02
   1.0889640e-02
   4.8447601e-03
   1.2602452e-03
   3.1747154e-03
   1.3805279e-03
  -3.2320113e-03
  -1.4129314e-02
  -2.1591881e-02
  -1.0462444e-02
   1.4924355e-02
   4.9770111e-02
   3.9156363e-02
   1.4030574e-02
   5.8490569e-03
   8.5133511e-04
  -5.2518000e-04
  -9.7134327e-03
  -2.1455919e-02
  -3.2866345e-02
  -3.6174234e-02
  -2.8542196e-02
  -2.4233615e-02
  -2.1758249e-02
  -1.5637025e-02
  -1.0654204e-02
  -4.5153392e-03
   1.5472881e-03
   8.5903928e-03
   1.3635273e-02
   1.0879103e-02
  -3.0790570e-03
  -1.5120235e-02
  -2.3289541e-02
  -2.7767008e-02
  -3.0623553e-02
  -3.1720180e-02
  -3.3007685e-02
  -3.4723826e-02
  -3.8741376e-02
  -4.0894464e-02
  -3.2852311e-02
  -1.5841458e-02
  -5.2746325e-03
   3.3540570e-03
   1.1143061e-02
   1.7739257e-02
   1.9967362e-02
   1.8605338e-02
   1.3874723e-02
   6.3220914e-03
  -2.3637363e-03
  -1.0253560e-02
  -1.6888816e-02
  -2.2063019e-02
  -2.3755882e-02
  -2.2164825e-02
  -1.3767608e-02
   1.1827140e-03
   1.9733319e-02
   2.3084600e-02
   1.5432717e-02
   9.4624599e-03
   2.5193870e-03
  -1.8773595e-02
  -3.5339974e-02
  -4.9690895e-02
  -5.7830665e-02
  -5.7011694e-02
  -4.8293080e-02
  -3.6650062e-02
  -2.7739592e-02
  -2.1573542e-02
  -1.7282093e-02
  -1.0222801e-02
  -7.5374165e-04
   7.1469424e-03
   1.5498257e-02
   1.0156503e-02
  -9.0309801e-03
  -2.3523593e-02
  -3.1843126e-02
  -3.6728911e-02
  -3.8751446e-02
  -3.8632244e-02
  -3.9474897e-02
  -4.1107148e-02
  -4.6956211e-02
  -7.2463817e-02
  -0.0000000e+00
  -2.3413607e-03
  -1.9553865e-04
   1.8020872e-03
   7.9224622e-03
   1.3340750e-02
   1.4243891e-02
   1.1353609e-02
   5.9452816e-03
  -3.5741604e-03
  -1.4827868e-02
  -2.6955919e-02
  -3.7328400e-02
  -4.2223856e-02
  -4.0301904e-02
  -3.3702694e-02
  -2.3591835e-02
  -1.1715634e-02
  -8.2197215e-04
   4.1870121e-03
   6.7353561e-03
   5.7308003e-03
  -4.0501063e-03
  -2.8119894e-02
  -4.4636577e-02
  -5.4931846e-02
  -5.8547150e-02
  -5.3809728e-02
  -4.2929955e-02
  -2.9348429e-02
  -2.2540178e-02
  -2.1354411e-02
  -1.8345544e-02
  -3.5022749e-03
   5.9891008e-03
   1.1563683e-02
   1.7984062e-02
   7.7298358e-03
  -1.3367085e-02
  -2.6673310e-02
  -3.4199961e-02
  -3.8899232e-02
  -3.8437020e-02
  -3.7521414e-02
  -3.8427137e-02
  -3.6698703e-02
  -3.6286615e-02
  -8.2897506e-02
   0.0000000e+00
  -7.0756302e-03
  -8.5934699e-03
  -6.5837586e-03
  -7.1064185e-04
   2.8971843e-03
   3.4348485e-03
   8.7332004e-04
  -4.9753492e-03
  -1.5736960e-02
  -2.7794955e-02
  -4.0000286e-02
  -4.8205286e-02
  -4.8765019e-02
  -4.5225278e-02
  -3.9053097e-02
  -2.9178629e-02
  -1.6574904e-02
  -7.3301326e-03
  -2.3041486e-03
   6.0807434e-03
   6.4170198e-03
  -7.7750483e-03
  -2.9683767e-02
  -3.6959685e-02
  -4.2637337e-02
  -4.3916818e-02
  -3.9907854e-02
  -3.5044489e-02
  -1.9226805e-02
  -1.7322740e-02
  -1.5180703e-02
  -2.1459831e-02
   1.0829704e-02
   1.2373322e-02
   1.2982070e-02
   1.3346164e-02
   2.8953530e-04
  -1.5655659e-02
  -2.5076158e-02
  -3.1318974e-02
  -3.3100840e-02
  -3.2644864e-02
  -3.3231404e-02
  -3.1300992e-02
  -2.5587058e-02
  -2.1414079e-02
  -4.8520739e-02
   0.0000000e+00
  -2.3937310e-02
  -2.2487899e-02
  -1.2653909e-02
  -6.8167183e-03
  -6.0170176e-03
  -5.0560464e-03
  -7.0645791e-03
  -1.3452215e-02
  -2.2562183e-02
  -3.2030899e-02
  -3.9274342e-02
  -4.1801624e-02
  -3.9312094e-02
  -3.6080766e-02
  -3.2803390e-02
  -2.6902858e-02
  -1.6570054e-02
  -6.9103828e-03
   3.9284937e-03
   1.5571169e-02
   9.6613793e-03
  -1.0361294e-02
  -1.9339647e-02
  -1.9530870e-02
  -2.8032677e-02
  -3.0025681e-02
  -2.7612250e-02
  -2.7920008e-02
  -9.1221542e-03
  -8.2900627e-03
  -4.0415432e-03
  -4.9819071e-03
   7.6673052e-03
   4.8371479e-03
   3.2244166e-03
   1.3221414e-03
  -6.9179656e-03
  -1.5129489e-02
  -2.0275895e-02
  -2.3954051e-02
  -2.5388367e-02
  -2.6586017e-02
  -2.6620790e-02
  -2.3294255e-02
  -1.6326342e-02
  -7.2991168e-03
  -1.6386745e-02
   0.0000000e+00
  -3.0575975e-02
  -2.6712481e-02
  -1.3631181e-02
  -9.8462589e-03
  -1.1692633e-02
  -1.1420373e-02
  -1.3700614e-02
  -1.8223930e-02
  -2.2857757e-02
  -2.5975199e-02
  -2.7122537e-02
  -2.5554743e-02
  -2.0760158e-02
  -2.0650778e-02
  -2.2885963e-02
  -2.0063831e-02
  -1.1222212e-02
  -3.9769025e-04
   1.3560925e-02
   1.8265368e-02
   5.7417192e-03
  -1.1706905e-02
   1.5275571e-03
  -5.2547005e-03
  -2.0775415e-02
  -1.8035207e-02
  -2.0090565e-02
  -0.0000000e+00
  -9.7115093e-04
   7.1860704e-05
   3.4015847e-03
   2.0250393e-03
   1.4659978e-03
  -2.9878272e-03
  -5.2367533e-03
  -5.4964772e-03
  -7.3492727e-03
  -1.0513335e-02
  -1.3541498e-02
  -1.6491620e-02
  -1.8937742e-02
  -2.1001458e-02
  -2.1126665e-02
  -1.7394334e-02
  -9.7773466e-03
   3.5874171e-03
   8.3072453e-03
   0.0000000e+00
  -2.2611681e-02
  -2.0932006e-02
  -1.1925112e-02
  -1.4086230e-02
  -1.7512584e-02
  -1.6446477e-02
  -1.7250892e-02
  -1.8064406e-02
  -1.6819902e-02
  -1.3310466e-02
  -9.4939899e-03
  -7.6826429e-03
  -5.7780151e-03
  -1.1150807e-02
  -1.6532725e-02
  -1.3791742e-02
  -5.9018950e-03
   3.7594403e-03
   1.2985662e-02
   1.1575343e-02
   2.8560234e-03
  -4.8509776e-03
   2.6535720e-02
   0.0000000e+00
  -0.0000000e+00
  -0.0000000e+00
  -0.0000000e+00
   0.0000000e+00
   0.0000000e+00
   8.3675481e-03
   7.0128073e-03
   5.2637476e-03
  -4.2395634e-04
  -6.1808247e-03
  -6.7842393e-03
  -4.0449887e-03
  -1.9099077e-03
  -2.5025972e-03
  -5.0438759e-03
  -9.1196708e-03
  -1.3271282e-02
  -1.6446654e-02
  -1.6823463e-02
  -1.2813360e-02
  -4.3295356e-03
   1.2838700e-02
   3.0253488e-02
   0.0000000e+00
  -0.0000000e+00
  -1.5388736e-02
  -1.6541531e-02
  -2.4414124e-02
  -2.5820579e-02
  -2.1252681e-02
  -1.6849324e-02
  -1.1940525e-02
  -4.6769194e-03
   5.9932191e-03
   1.1228688e-02
   1.4584408e-03
   3.3400012e-04
  -1.0210431e-02
  -1.5538629e-02
  -1.2296482e-02
  -6.4392919e-03
   8.2561414e-04
   6.4816610e-03
   8.1966501e-03
   8.1157982e-03
   1.1485948e-02
   4.9646195e-02
   0.0000000e+00
   0.0000000e+00
   0.0000000e+00
   0.0000000e+00
   0.0000000e+00
   0.0000000e+00
   1.4010215e-02
   7.9353983e-03
   4.1140686e-03
  -1.2033713e-03
  -3.8925563e-03
  -2.1115942e-03
   2.4132403e-03
   5.4718377e-03
   5.1429081e-03
   1.2435985e-03
  -4.6410556e-03
  -1.0390739e-02
  -1.3950158e-02
  -1.3977104e-02
  -9.4696973e-03
   6.1316614e-04
   2.0099539e-02
   3.2056328e-02
   0.0000000e+00
   0.0000000e+00
   0.0000000e+00
  -2.0042843e-02
  -3.0809358e-02
  -2.9166332e-02
  -1.9804122e-02
  -1.1035332e-02
  -2.7803499e-03
   8.1227431e-03
   2.8083695e-02
   4.7201625e-02
   0.0000000e+00
  -1.6819651e-03
  -1.2785432e-02
  -1.3986837e-02
  -1.2055553e-02
  -7.3495437e-03
   1.6882221e-04
   7.1569257e-03
   1.3246194e-02
   1.9244198e-02
   3.1490941e-02
   6.5208711e-02
   0.0000000e+00
   0.0000000e+00
   0.0000000e+00
   0.0000000e+00
   0.0000000e+00
   0.0000000e+00
   1.8252138e-02
   8.6367186e-03
   4.2974488e-03
   1.7741196e-03
   1.7240584e-03
   4.2692195e-03
   8.5377423e-03
   1.1151202e-02
   9.8959496e-03
   4.4747470e-03
  -2.9827475e-03
  -9.6433312e-03
  -1.2625902e-02
  -1.1566752e-02
  -5.9625269e-03
   5.5712303e-03
   2.4930287e-02
   3.9418831e-02
   0.0000000e+00
   0.0000000e+00
   0.0000000e+00
  -2.3272039e-02
  -3.5482634e-02
  -2.7971599e-02
  -1.3716239e-02
  -3.2883044e-03
   5.9738071e-03
   1.9891463e-02
   4.7752034e-02
   6.5079254e-02
   0.0000000e+00
  -0.0000000e+00
  -1.4919362e-02
  -1.2323416e-02
  -1.1798928e-02
  -4.3837395e-03
   5.4126712e-03
   1.4018435e-02
   2.2556890e-02
   3.2222934e-02
   4.8692759e-02
   7.1418046e-02
   0.0000000e+00
   0.0000000e+00
   0.0000000e+00
   0.0000000e+00
   0.0000000e+00
   0.0000000e+00
   2.1752894e-02
   7.8665493e-03
   6.3164809e-03
   6.7845347e-03
   7.3211790e-03
   9.3231190e-03
   1.2680360e-02
   1.4563814e-02
   1.1744678e-02
   4.7499704e-03
  -4.0300595e-03
  -1.0488488e-02
  -1.1925314e-02
  -9.0891661e-03
  -2.1606828e-03
   1.0247607e-02
   2.8841887e-02
   4.6206461e-02
   0.0000000e+00
   0.0000000e+00
   0.0000000e+00
  -0.0000000e+00
  -4.0154162e-02
  -2.5811746e-02
  -7.3620873e-03
   3.2847469e-03
   1.3706940e-02
   3.1816255e-02
   6.5643012e-02
   0.0000000e+00
   0.0000000e+00
   0.0000000e+00
  -1.1534433e-02
  -1.0312807e-02
  -9.6253425e-03
   2.9756975e-03
   1.3753226e-02
   2.2936239e-02
   3.2536413e-02
   4.3393890e-02
   5.9910301e-02
   6.9210120e-02
   5.9323846e-02
   0.0000000e+00
   0.0000000e+00
   0.0000000e+00
   0.0000000e+00
   2.7940421e-02
   2.5355980e-02
   9.3296396e-03
   1.0176800e-02
   1.1323757e-02
   1.0707297e-02
   1.1813758e-02
   1.4400311e-02
   1.4825535e-02
   1.0036619e-02
   1.6602490e-03
  -7.4667516e-03
  -1.2284280e-02
  -1.1141187e-02
  -6.1867610e-03
   1.9253361e-03
   1.4790205e-02
   3.2669850e-02
   4.7974575e-02
   0.0000000e+00
   1.0626784e-03
   0.0000000e+00
  -0.0000000e+00
  -4.5486091e-02
  -2.3616208e-02
  -2.5009187e-03
   8.4863389e-03
   2.1669757e-02
   4.5371704e-02
   8.0834754e-02
   0.0000000e+00
   0.0000000e+00
   0.0000000e+00
  -4.4276222e-03
  -6.5457202e-03
  -3.7140050e-03
   1.1693186e-02
   2.1705318e-02
   3.1102113e-02
   4.0777892e-02
   5.1321961e-02
   6.5385617e-02
   6.1552569e-02
   3.0832146e-02
   0.0000000e+00
   0.0000000e+00
   0.0000000e+00
   0.0000000e+00
   2.6023207e-02
   2.1081708e-02
   1.1712533e-02
   1.5134109e-02
   1.3332875e-02
   1.1220049e-02
   1.1696630e-02
   1.3083608e-02
   1.1427224e-02
   5.0561968e-03
  -3.6640789e-03
  -1.1225585e-02
  -1.2965214e-02
  -9.0071196e-03
  -2.5145153e-03
   6.2753214e-03
   1.9352250e-02
   3.6203008e-02
   4.5001332e-02
   0.0000000e+00
   0.0000000e+00
   0.0000000e+00
   0.0000000e+00
  -4.6439395e-02
  -2.0420372e-02
   1.6199939e-03
   1.4097466e-02
   3.0954733e-02
   5.8714461e-02
   7.8238875e-02
   0.0000000e+00
   0.0000000e+00
   0.0000000e+00
  -2.8651978e-03
  -1.7844504e-03
   7.9447837e-03
   1.9293150e-02
   2.8532220e-02
   3.8481679e-02
   4.8282679e-02
   5.7827599e-02
   6.7080066e-02
   5.2344028e-02
   1.9907788e-02
   4.4134729e-03
   0.0000000e+00
   0.0000000e+00
   0.0000000e+00
   2.4340657e-02
   1.4319696e-02
   6.5109647e-03
   1.6633163e-02
   1.1616032e-02
   8.5530058e-03
   8.4857848e-03
   8.2360096e-03
   4.9323621e-03
  -1.5727424e-03
  -8.9873131e-03
  -1.3015531e-02
  -1.1330916e-02
  -5.4704803e-03
   1.8169705e-03
   1.1168529e-02
   2.4451196e-02
   4.0254422e-02
   4.0301710e-02
   0.0000000e+00
   0.0000000e+00
   0.0000000e+00
   0.0000000e+00
  -3.5338561e-02
  -1.4280326e-02
   6.9121127e-03
   2.1512078e-02
   4.0936172e-02
   6.7198902e-02
   7.5010388e-02
   0.0000000e+00
   0.0000000e+00
   0.0000000e+00
  -8.7621925e-03
  -1.1722957e-02
   2.0650226e-02
   2.5908180e-02
   3.5210814e-02
   4.5952294e-02
   5.6252621e-02
   6.4162858e-02
   6.6577546e-02
   4.2838316e-02
   1.3547378e-02
  -5.5776367e-03
   0.0000000e+00
   1.0230406e-02
   1.1028657e-02
   1.9173343e-02
   1.0927307e-02
   6.6924389e-03
   1.1672852e-02
   5.6941393e-03
   2.4702796e-03
   1.9539262e-03
   8.3053531e-04
  -2.5681076e-03
  -7.6131001e-03
  -1.2002941e-02
  -1.2216059e-02
  -8.2503939e-03
  -1.3628956e-03
   6.3988133e-03
   1.6408157e-02
   3.0167552e-02
   4.5527201e-02
   4.6087569e-02
   0.0000000e+00
   0.0000000e+00
   0.0000000e+00
   0.0000000e+00
  -0.0000000e+00
  -3.9393414e-03
   1.4550176e-02
   3.0443901e-02
   4.9595345e-02
   6.8254396e-02
   6.4023741e-02
   0.0000000e+00
   0.0000000e+00
   0.0000000e+00
  -0.0000000e+00
  -1.4748057e-02
   3.2943042e-02
   3.2848064e-02
   4.2058162e-02
   5.3171400e-02
   6.3560866e-02
   6.9110543e-02
   6.3617691e-02
   3.0353252e-02
   5.8621536e-03
  -9.1137741e-03
  -1.1009830e-02
   1.1323991e-02
   1.3517962e-02
   1.4521917e-02
   5.4939026e-03
   1.9699342e-03
   1.9647640e-03
  -3.5537407e-03
  -6.1363103e-03
  -6.2321820e-03
  -6.4867698e-03
  -8.3382390e-03
  -1.0924034e-02
  -1.1934377e-02
  -9.6415505e-03
  -4.2723902e-03
   2.9036775e-03
   1.0570181e-02
   2.0618256e-02
   3.4129813e-02
   4.7030386e-02
   4.1520326e-02
   0.0000000e+00
   0.0000000e+00
   0.0000000e+00
   0.0000000e+00
   0.0000000e+00
   7.4616190e-03
   2.3039617e-02
   3.7902456e-02
   5.3407930e-02
   6.0571797e-02
   4.4666795e-02
   0.0000000e+00
   0.0000000e+00
   0.0000000e+00
   0.0000000e+00
   1.8667778e-02
   3.9438192e-02
   3.8887240e-02
   4.6889938e-02
   5.7203721e-02
   6.6113397e-02
   6.7498825e-02
   5.4051578e-02
   1.4201433e-02
  -3.1069138e-03
  -1.0934412e-02
  -3.7199203e-03
   5.4973850e-03
   1.1327941e-02
   1.4293558e-03
  -4.4861571e-03
  -7.3707062e-03
  -9.1467984e-03
  -1.3141372e-02
  -1.4381310e-02
  -1.3325397e-02
  -1.2194966e-02
  -1.2007619e-02
  -1.1943269e-02
  -1.0288123e-02
  -6.3281022e-03
  -2.1279749e-04
   6.8219025e-03
   1.4264065e-02
   2.3101492e-02
   3.3957060e-02
   4.3359011e-02
   3.8910949e-02
   0.0000000e+00
   0.0000000e+00
   0.0000000e+00
   0.0000000e+00
   0.0000000e+00
   1.7116689e-02
   2.8591491e-02
   4.0664103e-02
   5.0803747e-02
   4.8213650e-02
   2.7696224e-02
   0.0000000e+00
   0.0000000e+00
   0.0000000e+00
   0.0000000e+00
   2.8581969e-02
   4.1553456e-02
   4.2137161e-02
   4.7561787e-02
   5.4969825e-02
   6.0162194e-02
   5.5619802e-02
   3.6334876e-02
  -6.8823923e-04
  -1.0196612e-02
  -1.1989349e-02
  -4.8209378e-03
  -2.3397142e-03
  -5.6963018e-03
  -6.7408846e-03
  -1.2889951e-02
  -1.6201187e-02
  -1.7908070e-02
  -2.0139933e-02
  -2.0325800e-02
  -1.8769689e-02
  -1.6972460e-02
  -1.5491539e-02
  -1.3700223e-02
  -1.0516417e-02
  -5.3524259e-03
   1.3282237e-03
   8.4884167e-03
   1.5544821e-02
   2.2455394e-02
   2.9627038e-02
   3.3109955e-02
   0.0000000e+00
   0.0000000e+00
   0.0000000e+00
   0.0000000e+00
   0.0000000e+00
   0.0000000e+00
   2.2814171e-02
   2.9692065e-02
   3.8587175e-02
   4.4103540e-02
   3.5479251e-02
   1.1603844e-02
   0.0000000e+00
   0.0000000e+00
   0.0000000e+00
   0.0000000e+00
   3.7745495e-02
   4.2519875e-02
   4.1927982e-02
   4.3977667e-02
   4.7308825e-02
   4.7907576e-02
   3.7759654e-02
   1.6455501e-02
  -9.8569673e-03
  -1.3209594e-02
  -1.2253587e-02
  -7.8735519e-03
  -9.2142792e-03
  -1.0820959e-02
  -1.1932512e-02
  -2.0591659e-02
  -2.3845587e-02
  -2.4981417e-02
  -2.6137589e-02
  -2.6321599e-02
  -2.5229312e-02
  -2.3648495e-02
  -2.1892734e-02
  -1.9584944e-02
  -1.6007215e-02
  -1.0804197e-02
  -4.2687217e-03
   2.9034556e-03
   9.5732519e-03
   1.5223187e-02
   1.9781245e-02
   2.0484334e-02
   0.0000000e+00
   0.0000000e+00
   0.0000000e+00
   0.0000000e+00
   0.0000000e+00
   0.0000000e+00
   2.4277838e-02
   2.7050883e-02
   3.3735976e-02
   3.5884965e-02
   2.4643939e-02
   3.6705047e-03
   0.0000000e+00
   0.0000000e+00
   0.0000000e+00
   0.0000000e+00
   3.7999064e-02
   4.0343177e-02
   3.8628578e-02
   3.6901232e-02
   3.6521271e-02
   3.3896115e-02
   2.0911926e-02
   1.3247384e-03
  -1.2423480e-02
  -1.2119936e-02
  -1.1885700e-02
  -1.1023223e-02
  -1.4684888e-02
  -1.6144346e-02
  -1.9698758e-02
  -2.6415411e-02
  -2.8927177e-02
  -2.9870929e-02
  -3.0803325e-02
  -3.1470474e-02
  -3.1635489e-02
  -3.1423900e-02
  -3.0826816e-02
  -2.9499102e-02
  -2.6705258e-02
  -2.2555113e-02
  -1.7668597e-02
  -1.2495296e-02
  -7.6465332e-03
  -3.2394473e-03
   1.1725558e-03
   6.6322437e-03
   0.0000000e+00
   0.0000000e+00
   0.0000000e+00
   0.0000000e+00
   0.0000000e+00
   0.0000000e+00
   1.9808962e-02
   2.2820121e-02
   2.8093167e-02
   2.7862750e-02
   1.6239509e-02
  -4.7766852e-03
   0.0000000e+00
   0.0000000e+00
   0.0000000e+00
   0.0000000e+00
   3.5668184e-02
   3.4128547e-02
   3.2345816e-02
   2.7216293e-02
   2.4730587e-02
   2.1744218e-02
   9.4650835e-03
  -6.8112123e-03
  -9.7845793e-03
  -8.1572821e-03
  -1.1302660e-02
  -1.2685502e-02
  -1.6964445e-02
  -1.8477893e-02
  -2.1273753e-02
  -2.5286427e-02
  -2.7074318e-02
  -2.7844159e-02
  -2.8426399e-02
  -2.9051084e-02
  -2.9923342e-02
  -3.0974327e-02
  -3.2084156e-02
  -3.2646827e-02
  -3.1902041e-02
  -3.0162301e-02
  -2.8447933e-02
  -2.7144948e-02
  -2.6429173e-02
  -2.5949653e-02
  -2.1826200e-02
  -1.4650707e-02
   0.0000000e+00
   0.0000000e+00
   0.0000000e+00
   0.0000000e+00
   0.0000000e+00
   0.0000000e+00
   1.0289558e-02
   1.7168039e-02
   2.1151539e-02
   2.0962134e-02
   1.1214665e-02
  -8.2908098e-03
   0.0000000e+00
   0.0000000e+00
   0.0000000e+00
   0.0000000e+00
   2.8343867e-02
   2.4597796e-02
   2.3761343e-02
   1.6418904e-02
   1.4125403e-02
   1.3978885e-02
   4.6817027e-03
  -9.1907941e-03
  -8.2861437e-03
  -6.0733790e-03
  -9.0420215e-03
  -1.0057836e-02
  -1.2723270e-02
  -1.3353156e-02
  -1.5151687e-02
  -1.7608708e-02
  -1.8728592e-02
  -1.9022413e-02
  -1.8883987e-02
  -1.8790564e-02
  -1.9143703e-02
  -2.0182659e-02
  -2.1810042e-02
  -2.3316995e-02
  -2.4270686e-02
  -2.4959701e-02
  -2.6163058e-02
  -2.8368406e-02
  -3.2225203e-02
  -3.8361651e-02
  -4.0139836e-02
  -3.0792314e-02
  -0.0000000e+00
   0.0000000e+00
   0.0000000e+00
   0.0000000e+00
   0.0000000e+00
  -1.3930434e-02
   2.9636805e-03
   8.4444481e-03
   1.0781085e-02
   1.4456629e-02
   9.8624819e-03
  -6.6524271e-03
   0.0000000e+00
   0.0000000e+00
   0.0000000e+00
   0.0000000e+00
   2.5853297e-02
   1.9612495e-02
   1.5391223e-02
   5.8176087e-03
   5.7106854e-03
   1.1381186e-02
   5.6284594e-03
  -7.9602543e-03
  -0.0000000e+00
   0.0000000e+00
  -4.4735815e-03
  -3.8709529e-03
  -4.7606978e-03
  -5.0172320e-03
  -6.3511503e-03
  -7.9628080e-03
  -8.9799583e-03
  -9.2357749e-03
  -8.7749584e-03
  -7.9768980e-03
  -7.3835431e-03
  -7.6729786e-03
  -8.8478465e-03
  -1.0326809e-02
  -1.1952484e-02
  -1.3881011e-02
  -1.6510492e-02
  -2.0464476e-02
  -2.6581878e-02
  -3.7202272e-02
  -4.7822242e-02
  -4.0372970e-02
  -0.0000000e+00
   0.0000000e+00
   0.0000000e+00
   0.0000000e+00
  -3.9168289e-02
  -1.5309684e-02
  -3.3623561e-03
  -7.5283975e-04
  -4.7895667e-04
   8.9328502e-03
   1.2154035e-02
  -2.0058115e-03
   0.0000000e+00
   0.0000000e+00
   0.0000000e+00
   0.0000000e+00
   2.7078613e-02
   1.9572991e-02
   8.4983119e-03
  -3.4868818e-03
  -1.5358159e-04
   1.3887895e-02
   1.0333298e-02
  -4.8346537e-03
  -0.0000000e+00
   0.0000000e+00
   4.3845525e-03
   1.7224007e-03
   1.3541671e-03
   1.2730413e-03
   1.6381722e-04
  -1.4313578e-03
  -2.9336874e-03
  -3.7383565e-03
  -3.5154148e-03
  -2.2321730e-03
  -4.2169878e-04
   8.0053139e-04
   8.8142765e-04
  -2.6243189e-05
  -1.7010207e-03
  -4.0614633e-03
  -7.2452346e-03
  -1.2000399e-02
  -1.9012409e-02
  -3.2028753e-02
  -5.1346491e-02
  -5.2932828e-02
  -0.0000000e+00
   0.0000000e+00
   0.0000000e+00
   0.0000000e+00
  -3.8201754e-02
  -2.0174722e-02
  -1.0743289e-02
  -7.5772176e-03
  -6.5074862e-03
   6.5518954e-03
   1.4339053e-02
   0.0000000e+00
   0.0000000e+00
   0.0000000e+00
   0.0000000e+00
   0.0000000e+00
   0.0000000e+00
   2.7350239e-02
   4.6792548e-03
  -1.1137068e-02
  -4.6573371e-03
   2.0474090e-02
   1.7033508e-02
  -1.0647362e-03
   0.0000000e+00
   0.0000000e+00
   6.9370696e-03
   3.4745412e-03
   2.4159320e-03
   1.8100078e-03
   8.2905863e-05
  -2.2455899e-03
  -4.6329843e-03
  -6.4378469e-03
  -6.9841151e-03
  -5.5920184e-03
  -2.3421173e-03
   1.5767552e-03
   4.6797120e-03
   5.9876489e-03
   5.5984179e-03
   3.9325869e-03
   1.0675229e-03
  -3.6352798e-03
  -1.0870184e-02
  -2.4731988e-02
  -5.4056883e-02
  -6.5842740e-02
  -5.8343699e-02
   0.0000000e+00
   0.0000000e+00
  -4.0282326e-02
  -3.9849612e-02
  -3.0980123e-02
  -2.3073820e-02
  -1.4733640e-02
  -7.5281879e-03
   0.0000000e+00
   0.0000000e+00
   0.0000000e+00
   0.0000000e+00
   0.0000000e+00
   0.0000000e+00
   0.0000000e+00
   0.0000000e+00
   4.8066434e-02
   5.6680772e-03
  -1.7019778e-02
  -9.2079245e-03
   3.1323130e-02
   2.4550166e-02
   0.0000000e+00
  -0.0000000e+00
  -5.3749808e-03
   6.0796517e-03
   1.0991070e-03
  -9.7054458e-04
  -3.0833189e-03
  -6.5091019e-03
  -1.0560111e-02
  -1.4685884e-02
  -1.8436909e-02
  -2.0928061e-02
  -2.1006590e-02
  -1.7974194e-02
  -1.2139888e-02
  -5.1956968e-03
   4.9085607e-04
   3.9061150e-03
   5.4853419e-03
   5.4422496e-03
   3.6125421e-03
  -7.0232071e-04
  -1.0579429e-02
  -4.6462003e-02
  -7.3874652e-02
  -5.6103893e-02
   0.0000000e+00
  -3.8649285e-02
  -4.2269358e-02
  -4.6870895e-02
  -4.4406913e-02
  -3.7848737e-02
  -2.5208883e-02
  -9.2726733e-03
   0.0000000e+00
   0.0000000e+00
   0.0000000e+00
   0.0000000e+00
   0.0000000e+00
   0.0000000e+00
   0.0000000e+00
   0.0000000e+00
   7.4084322e-02
   1.4209848e-02
  -1.9772647e-02
  -2.5498662e-02
   3.7878422e-02
   3.0198298e-02
   0.0000000e+00
  -0.0000000e+00
  -3.6372475e-03
   5.9815003e-03
  -2.7818896e-03
  -4.9178735e-03
  -8.3544673e-03
  -1.3879968e-02
  -2.0199304e-02
  -2.6577039e-02
  -3.2832462e-02
  -3.8245790e-02
  -4.1682422e-02
  -4.1780565e-02
  -3.7432157e-02
  -2.9134247e-02
  -1.9501125e-02
  -1.1293517e-02
  -5.0065275e-03
  -2.0333205e-04
   3.0784025e-03
   3.6476995e-03
   5.9625757e-04
  -3.1865750e-02
  -7.3387338e-02
  -4.8786351e-02
  -2.1027196e-02
  -3.4942331e-02
  -4.5709740e-02
  -5.3371843e-02
  -5.3161588e-02
  -5.0001193e-02
  -3.7294809e-02
  -0.0000000e+00
   0.0000000e+00
   0.0000000e+00
   0.0000000e+00
   0.0000000e+00
   0.0000000e+00
   0.0000000e+00
   0.0000000e+00
   0.0000000e+00
   8.7903308e-02
   2.8160553e-02
  -1.8410895e-02
  -0.0000000e+00
   2.5433652e-02
   3.0298160e-02
   0.0000000e+00
   0.0000000e+00
  -1.4814288e-04
   6.4658455e-03
  -4.6980258e-03
  -5.9372983e-03
  -8.9983894e-03
  -1.5600421e-02
  -2.3562275e-02
  -3.1680934e-02
  -3.9899834e-02
  -4.7817782e-02
  -5.4515336e-02
  -5.8647312e-02
  -5.8345184e-02
  -5.2561175e-02
  -4.2686075e-02
  -3.2105688e-02
  -2.2734817e-02
  -1.4022996e-02
  -6.3607879e-03
  -2.1620835e-03
  -6.3910298e-04
   0.0000000e+00
  -5.1205196e-02
  -4.1049611e-02
  -2.2395629e-02
  -3.1966008e-02
  -4.5546912e-02
  -5.3396799e-02
  -5.7261538e-02
  -6.0240183e-02
  -5.1537432e-02
  -0.0000000e+00
   0.0000000e+00
   0.0000000e+00
   0.0000000e+00
   0.0000000e+00
   0.0000000e+00
   0.0000000e+00
   0.0000000e+00
   0.0000000e+00
   7.5303459e-02
   3.6563513e-02
  -1.1824275e-02
   0.0000000e+00
   1.4950838e-02
   2.6234822e-02
   0.0000000e+00
   0.0000000e+00
  -3.5901534e-03
   1.7448239e-03
  -3.9918785e-03
  -4.1856440e-03
  -5.0918809e-03
  -1.0982940e-02
  -1.9434396e-02
  -2.8513923e-02
  -3.8049001e-02
  -4.7668166e-02
  -5.6442909e-02
  -6.3433006e-02
  -6.6875100e-02
  -6.4812422e-02
  -5.7281189e-02
  -4.6777550e-02
  -3.6092445e-02
  -2.4879482e-02
  -1.2989977e-02
  -4.6430551e-03
  -4.0364118e-03
   0.0000000e+00
  -3.1384714e-02
  -3.1715609e-02
  -2.2790236e-02
  -2.8281126e-02
  -3.9748613e-02
  -5.0451100e-02
  -6.0663931e-02
  -7.1721308e-02
  -7.1797363e-02
  -0.0000000e+00
   0.0000000e+00
   0.0000000e+00
   0.0000000e+00
   0.0000000e+00
   0.0000000e+00
   0.0000000e+00
   0.0000000e+00
   0.0000000e+00
   0.0000000e+00
   4.4301771e-02
  -2.3698841e-03
   0.0000000e+00
   0.0000000e+00
   0.0000000e+00
   0.0000000e+00
   0.0000000e+00
  -1.0085230e-02
  -1.8132511e-02
  -9.6203183e-03
  -4.0914468e-03
  -5.0065957e-04
  -3.6012442e-03
  -1.1152441e-02
  -2.0319071e-02
  -3.0572016e-02
  -4.1240454e-02
  -5.1221754e-02
  -5.9644923e-02
  -6.5096684e-02
  -6.5915793e-02
  -6.1657809e-02
  -5.3432129e-02
  -4.3355871e-02
  -3.1835392e-02
  -1.7132284e-02
  -4.8538332e-03
  -0.0000000e+00
  -0.0000000e+00
  -1.8631188e-02
  -1.7243968e-02
  -1.3809114e-02
  -1.9189971e-02
  -2.9715836e-02
  -4.2874429e-02
  -5.9994876e-02
  -8.0964126e-02
  -9.2518866e-02
  -0.0000000e+00
   0.0000000e+00
   0.0000000e+00
   0.0000000e+00
   0.0000000e+00
   0.0000000e+00
   0.0000000e+00
   0.0000000e+00
   0.0000000e+00
   0.0000000e+00
   5.1594693e-02
   7.5701538e-03
   0.0000000e+00
   0.0000000e+00
   0.0000000e+00
   0.0000000e+00
   0.0000000e+00
  -2.3569875e-02
  -3.2420371e-02
  -1.5910707e-02
  -7.0041921e-03
   1.4753325e-03
   2.9195314e-03
  -1.6923883e-03
  -9.7854268e-03
  -1.9867087e-02
  -3.0790327e-02
  -4.1239802e-02
  -5.0275635e-02
  -5.6462377e-02
  -5.8985844e-02
  -5.7644650e-02
  -5.2778270e-02
  -4.5030542e-02
  -3.5948686e-02
  -2.1823090e-02
  -7.6092464e-03
   0.0000000e+00
  -1.8993608e-03
  -1.2651869e-02
  -1.1071317e-02
  -7.1338620e-03
  -1.0336916e-02
  -1.8639894e-02
  -3.1348079e-02
  -5.0941486e-02
  -7.9319440e-02
  -1.0499175e-01
  -0.0000000e+00
   0.0000000e+00
   0.0000000e+00
   0.0000000e+00
   0.0000000e+00
   0.0000000e+00
   0.0000000e+00
   0.0000000e+00
   0.0000000e+00
   0.0000000e+00
   0.0000000e+00
   0.0000000e+00
   0.0000000e+00
   0.0000000e+00
   0.0000000e+00
   0.0000000e+00
   0.0000000e+00
  -0.0000000e+00
  -4.7290413e-02
  -2.8567484e-02
  -1.2261869e-02
   3.3136213e-04
   5.6063100e-03
   6.9322949e-03
   1.7736362e-03
  -7.0323949e-03
  -1.7497675e-02
  -2.8088445e-02
  -3.7523385e-02
  -4.4229168e-02
  -4.7606282e-02
  -4.7825024e-02
  -4.5881350e-02
  -4.2087421e-02
  -3.8042307e-02
  -2.7550890e-02
  -0.0000000e+00
   0.0000000e+00
   4.1199329e-03
  -1.0759069e-02
  -9.6833948e-03
  -4.9088378e-03
  -5.3048790e-03
  -1.0243635e-02
  -2.0086531e-02
  -3.7425373e-02
  -6.6738538e-02
  -1.0267271e-01
  -1.1242461e-01
   0.0000000e+00
   0.0000000e+00
   0.0000000e+00
   0.0000000e+00
   0.0000000e+00
   0.0000000e+00
   0.0000000e+00
   0.0000000e+00
   0.0000000e+00
   0.0000000e+00
   0.0000000e+00
   0.0000000e+00
   0.0000000e+00
   0.0000000e+00
   0.0000000e+00
   0.0000000e+00
   0.0000000e+00
  -6.7188630e-02
  -4.2240618e-02
  -1.8326815e-02
  -1.5217603e-03
   5.9707899e-03
   1.2446533e-02
   1.2009257e-02
   5.4487021e-03
  -4.1418280e-03
  -1.4917658e-02
  -2.4971635e-02
  -3.2559328e-02
  -3.6602064e-02
  -3.8105509e-02
  -3.8714415e-02
  -3.9161059e-02
  -4.0206431e-02
  -3.5191213e-02
   0.0000000e+00
   0.0000000e+00
   1.4807994e-02
  -7.0417371e-03
  -8.7178563e-03
  -4.7933733e-03
  -3.8074786e-03
  -6.0613851e-03
  -1.2847657e-02
  -2.7106962e-02
  -5.3660193e-02
  -9.2922058e-02
  -1.0725009e-01
   0.0000000e+00
   0.0000000e+00
   0.0000000e+00
   0.0000000e+00
   0.0000000e+00
   0.0000000e+00
   0.0000000e+00
   0.0000000e+00
   0.0000000e+00
   0.0000000e+00
   0.0000000e+00
   0.0000000e+00
   0.0000000e+00
   0.0000000e+00
   0.0000000e+00
   0.0000000e+00
   0.0000000e+00
  -0.0000000e+00
  -5.0249511e-02
  -2.8689142e-02
  -2.0051987e-02
   6.3006953e-03
   1.4467676e-02
   1.8730450e-02
   1.4665746e-02
   5.9211277e-03
  -5.3292802e-03
  -1.6112944e-02
  -2.4262331e-02
  -2.8539725e-02
  -3.0997097e-02
  -3.4026105e-02
  -3.8781039e-02
  -4.3244325e-02
  -3.4770620e-02
   0.0000000e+00
   0.0000000e+00
   2.0391667e-02
  -3.8912836e-03
  -5.2917449e-03
  -3.3818171e-03
  -2.3819276e-03
  -4.0686009e-03
  -8.4298449e-03
  -1.9620648e-02
  -4.2897407e-02
  -8.0797777e-02
  -1.0312036e-01
   0.0000000e+00
   0.0000000e+00
   0.0000000e+00
   0.0000000e+00
   0.0000000e+00
   0.0000000e+00
   0.0000000e+00
   0.0000000e+00
   0.0000000e+00
   0.0000000e+00
   0.0000000e+00
   0.0000000e+00
   0.0000000e+00
   0.0000000e+00
   0.0000000e+00
   0.0000000e+00
   0.0000000e+00
   0.0000000e+00
  -4.9179937e-02
  -4.1464693e-02
  -2.6478309e-02
   2.8704541e-03
   1.6312478e-02
   2.3591886e-02
   2.1503096e-02
   1.3435423e-02
   1.7338894e-03
  -1.0013024e-02
  -1.8641811e-02
  -2.2685963e-02
  -2.4763494e-02
  -2.9360831e-02
  -3.9420701e-02
  -4.5524901e-02
  -3.3879038e-02
   0.0000000e+00
   0.0000000e+00
   0.0000000e+00
   0.0000000e+00
   1.9196758e-03
   1.9053316e-03
   1.5098892e-03
  -7.1880003e-04
  -4.1930540e-03
  -1.2638443e-02
  -3.1681877e-02
  -6.6314466e-02
  -9.4675105e-02
   0.0000000e+00
   0.0000000e+00
   0.0000000e+00
   0.0000000e+00
   0.0000000e+00
  -2.4885158e-02
   0.0000000e+00
   0.0000000e+00
   0.0000000e+00
   0.0000000e+00
   0.0000000e+00
   0.0000000e+00
   0.0000000e+00
   0.0000000e+00
   0.0000000e+00
   0.0000000e+00
   0.0000000e+00
   0.0000000e+00
  -4.7603215e-02
  -4.5391355e-02
  -3.3246465e-02
  -1.7173844e-03
   1.9948537e-02
   3.0261036e-02
   2.9273644e-02
   2.1059940e-02
   8.4721344e-03
  -4.6704533e-03
  -1.4122075e-02
  -1.7524410e-02
  -1.8045973e-02
  -2.2851635e-02
  -3.9897751e-02
  -4.7553855e-02
  -0.0000000e+00
   0.0000000e+00
   0.0000000e+00
   0.0000000e+00
   0.0000000e+00
   0.0000000e+00
   1.3467720e-02
   9.2171915e-03
   5.6116548e-03
   2.1848059e-03
  -4.9097235e-03
  -2.0664632e-02
  -5.0280247e-02
  -7.5765994e-02
  -6.3873805e-02
   0.0000000e+00
   0.0000000e+00
  -1.3205517e-02
  -1.7799086e-02
  -1.7751647e-02
   0.0000000e+00
   0.0000000e+00
   0.0000000e+00
   0.0000000e+00
   0.0000000e+00
   0.0000000e+00
   0.0000000e+00
   0.0000000e+00
   0.0000000e+00
   0.0000000e+00
   0.0000000e+00
   0.0000000e+00
   0.0000000e+00
  -4.4241370e-02
  -4.2057718e-02
  -1.2191858e-02
   2.1523261e-02
   3.7495930e-02
   3.8240947e-02
   2.9878769e-02
   1.5793957e-02
   6.6241185e-04
  -9.7553506e-03
  -1.2150101e-02
  -1.0396905e-02
  -1.3683782e-02
  -3.7651125e-02
  -4.5239611e-02
   0.0000000e+00
   0.0000000e+00
   0.0000000e+00
   0.0000000e+00
   0.0000000e+00
   0.0000000e+00
   1.8826685e-02
   1.8567510e-02
   1.3696074e-02
   9.8771974e-03
   3.3138287e-03
  -1.0163963e-02
  -3.4960296e-02
  -6.2467190e-02
  -6.3873805e-02
   0.0000000e+00
   0.0000000e+00
  -1.7065763e-02
  -1.2525843e-02
  -1.4255787e-02
   0.0000000e+00
   0.0000000e+00
   0.0000000e+00
   0.0000000e+00
   0.0000000e+00
   0.0000000e+00
   0.0000000e+00
   0.0000000e+00
   0.0000000e+00
   0.0000000e+00
   0.0000000e+00
   0.0000000e+00
   0.0000000e+00
  -4.1769792e-02
  -4.8577196e-02
  -2.4068389e-02
   1.8645421e-02
   4.0138688e-02
   4.3138493e-02
   3.5764791e-02
   2.1649845e-02
   5.7461634e-03
  -4.5699868e-03
  -6.0046278e-03
  -1.3443603e-03
  -1.3165225e-03
  -2.7486812e-02
  -0.0000000e+00
   0.0000000e+00
   0.0000000e+00
   0.0000000e+00
   0.0000000e+00
   0.0000000e+00
   0.0000000e+00
   1.4687792e-02
   1.7256097e-02
   2.0483376e-02
   1.6066080e-02
   1.0066483e-02
  -2.7925801e-04
  -1.9238144e-02
  -4.1955263e-02
  -2.3820546e-02
  -3.1067071e-02
  -2.1161791e-02
  -1.2437425e-02
  -0.0000000e+00
   0.0000000e+00
   0.0000000e+00
  -0.0000000e+00
  -0.0000000e+00
   0.0000000e+00
   0.0000000e+00
   0.0000000e+00
   0.0000000e+00
   0.0000000e+00
   0.0000000e+00
   0.0000000e+00
   0.0000000e+00
   0.0000000e+00
   0.0000000e+00
  -3.9611872e-02
  -4.1451722e-02
  -3.0511767e-02
   8.9643970e-03
   3.2074865e-02
   3.9064884e-02
   3.5115942e-02
   2.4228439e-02
   1.0517329e-02
   2.1091402e-03
   1.4600519e-03
   8.5969046e-03
   1.2458606e-02
  -3.7691784e-03
  -0.0000000e+00
   0.0000000e+00
   0.0000000e+00
   0.0000000e+00
   0.0000000e+00
   0.0000000e+00
   0.0000000e+00
   0.0000000e+00
   0.0000000e+00
   1.6932199e-02
   1.6271043e-02
   1.3638739e-02
   7.3316200e-03
  -5.4383921e-03
  -2.1829534e-02
  -2.1741107e-02
   0.0000000e+00
  -0.0000000e+00
  -0.0000000e+00
   0.0000000e+00
  -0.0000000e+00
  -0.0000000e+00
  -0.0000000e+00
  -0.0000000e+00
   0.0000000e+00
   0.0000000e+00
   0.0000000e+00
   0.0000000e+00
   0.0000000e+00
   0.0000000e+00
   0.0000000e+00
   0.0000000e+00
   0.0000000e+00
   0.0000000e+00
  -0.0000000e+00
  -2.7433512e-02
  -2.4209071e-02
   4.0017818e-03
   2.6879061e-02
   3.8461525e-02
   3.7884429e-02
   2.9126149e-02
   1.6284268e-02
   8.1982743e-03
   9.0713771e-03
   1.7835423e-02
   2.4036910e-02
   1.6432099e-02
   0.0000000e+00
   0.0000000e+00
   0.0000000e+00
   0.0000000e+00
   0.0000000e+00
   0.0000000e+00
   0.0000000e+00
   0.0000000e+00
   0.0000000e+00
   0.0000000e+00
   8.3676211e-03
   1.3264066e-02
   1.1394443e-02
   3.4595779e-03
  -9.7582638e-03
  -1.0071830e-02
   0.0000000e+00
   0.0000000e+00
   0.0000000e+00
   0.0000000e+00
  -0.0000000e+00
  -0.0000000e+00
   0.0000000e+00
   0.0000000e+00
   0.0000000e+00
   0.0000000e+00
   0.0000000e+00
   0.0000000e+00
   0.0000000e+00
   0.0000000e+00
   0.0000000e+00
   0.0000000e+00
   0.0000000e+00
   0.0000000e+00
   0.0000000e+00
  -2.6452723e-02
  -1.4293728e-02
   6.1217141e-03
   2.6113439e-02
   4.1537516e-02
   4.2278886e-02
   3.3617586e-02
   2.0281995e-02
   1.1897748e-02
   1.5621081e-02
   2.6643479e-02
   3.4159537e-02
   2.9294074e-02
   0.0000000e+00
   0.0000000e+00
   0.0000000e+00
   0.0000000e+00
   0.0000000e+00
   0.0000000e+00
   0.0000000e+00
   0.0000000e+00
   0.0000000e+00
   0.0000000e+00
  -1.1433015e-02
   7.5718286e-03
   1.4218934e-02
   1.0818053e-02
   1.2594866e-03
  -0.0000000e+00
   0.0000000e+00
   0.0000000e+00
   0.0000000e+00
   0.0000000e+00
  -0.0000000e+00
   0.0000000e+00
   0.0000000e+00
   0.0000000e+00
   0.0000000e+00
   0.0000000e+00
   0.0000000e+00
   0.0000000e+00
   0.0000000e+00
   0.0000000e+00
   0.0000000e+00
   0.0000000e+00
   0.0000000e+00
   0.0000000e+00
   0.0000000e+00
  -5.8279818e-02
  -1.8067809e-02
  -1.5799544e-03
   6.9764968e-03
   3.1085730e-02
   3.4481976e-02
   2.8676445e-02
   1.7246872e-02
   8.5732592e-03
   1.5933292e-02
   3.0455491e-02
   4.2585053e-02
   4.3290873e-02
   0.0000000e+00
   0.0000000e+00
   0.0000000e+00
   0.0000000e+00
   0.0000000e+00
   0.0000000e+00
   0.0000000e+00
   0.0000000e+00
   0.0000000e+00
  -3.3755245e-02
  -2.3254938e-02
  -1.1888407e-03
   1.4181094e-02
   1.7183643e-02
   1.8977366e-02
   0.0000000e+00
  -0.0000000e+00
   0.0000000e+00
   0.0000000e+00
   0.0000000e+00
   0.0000000e+00
   0.0000000e+00
   0.0000000e+00
   0.0000000e+00
   0.0000000e+00
   0.0000000e+00
   0.0000000e+00
   0.0000000e+00
   0.0000000e+00
   0.0000000e+00
   0.0000000e+00
   0.0000000e+00
   0.0000000e+00
   0.0000000e+00
   0.0000000e+00
  -3.9474312e-02
  -1.1704328e-02
   1.0712580e-02
  -4.4271738e-02
  -3.9402302e-03
   9.8428670e-03
   1.8166961e-02
   1.4118807e-02
   0.0000000e+00
   7.0099837e-03
   2.2816385e-02
   4.3458679e-02
   0.0000000e+00
   0.0000000e+00
   0.0000000e+00
   0.0000000e+00
   0.0000000e+00
   0.0000000e+00
   0.0000000e+00
   0.0000000e+00
   0.0000000e+00
   0.0000000e+00
  -3.0812168e-02
  -2.5057313e-02
  -1.7134388e-02
   2.6090862e-03
   1.3377949e-02
   1.1289573e-02
   1.2346990e-02
  -1.1442603e-02
   0.0000000e+00
   0.0000000e+00
   0.0000000e+00
   0.0000000e+00
   0.0000000e+00
   0.0000000e+00
   0.0000000e+00
   0.0000000e+00
   0.0000000e+00
   0.0000000e+00
   0.0000000e+00
   0.0000000e+00
   0.0000000e+00
   0.0000000e+00
   0.0000000e+00
   0.0000000e+00
   0.0000000e+00
   0.0000000e+00
  -0.0000000e+00
  -0.0000000e+00
  -0.0000000e+00
  -0.0000000e+00
  -3.9962998e-02
  -2.4483854e-02
   0.0000000e+00
   0.0000000e+00
   0.0000000e+00
   0.0000000e+00
   0.0000000e+00
   0.0000000e+00
   0.0000000e+00
   0.0000000e+00
   0.0000000e+00
   0.0000000e+00
   0.0000000e+00
   0.0000000e+00
   0.0000000e+00
   0.0000000e+00
   0.0000000e+00
  -0.0000000e+00
  -1.8118236e-02
  -0.0000000e+00
  -0.0000000e+00
  -1.9310947e-02
   3.5654497e-03
  -4.8795419e-03
  -6.4430447e-03
  -5.2372595e-03
   0.0000000e+00
   0.0000000e+00
   0.0000000e+00
   0.0000000e+00
   0.0000000e+00
   0.0000000e+00
   0.0000000e+00
   0.0000000e+00
   0.0000000e+00
   0.0000000e+00
   0.0000000e+00
   0.0000000e+00
   0.0000000e+00
   0.0000000e+00
   0.0000000e+00
   0.0000000e+00
   0.0000000e+00
   0.0000000e+00
   0.0000000e+00
   0.0000000e+00
   0.0000000e+00
   0.0000000e+00
   0.0000000e+00
   0.0000000e+00
   0.0000000e+00
   0.0000000e+00
   0.0000000e+00
   0.0000000e+00
   0.0000000e+00
   0.0000000e+00
   0.0000000e+00
   0.0000000e+00
   0.0000000e+00
   0.0000000e+00
   0.0000000e+00
   0.0000000e+00
   0.0000000e+00
   0.0000000e+00
   0.0000000e+00
  -0.0000000e+00
  -0.0000000e+00
   0.0000000e+00
   0.0000000e+00
  -0.0000000e+00
  -0.0000000e+00
  -2.5154002e-02
  -1.2747962e-02
  -2.2165810e-02
  -9.8193854e-03
   0.0000000e+00
   0.0000000e+00
   0.0000000e+00
   0.0000000e+00
   0.0000000e+00
   0.0000000e+00
   0.0000000e+00
   0.0000000e+00
   0.0000000e+00
   0.0000000e+00
   0.0000000e+00
   0.0000000e+00
   0.0000000e+00
  -7.1740856e-03
  -4.8969893e-03
  -2.2953968e-04
   0.0000000e+00
   0.0000000e+00
   0.0000000e+00
  -1.0197146e-02
  -2.3993087e-02
  -2.0715292e-02
  -1.3539058e-02
  -1.8442780e-02
  -2.7998493e-02
  -2.8516323e-02
  -1.5891772e-02
  -1.3154617e-02
  -8.6339845e-03
  -8.3988635e-03
  -1.3701616e-02
  -2.4797483e-02
  -3.5978124e-02
   0.0000000e+00
   0.0000000e+00
   0.0000000e+00
   0.0000000e+00
  -0.0000000e+00
  -0.0000000e+00
  -0.0000000e+00
   0.0000000e+00
   0.0000000e+00
   0.0000000e+00
   0.0000000e+00
  -2.4933251e-02
  -1.1713500e-02
  -6.4245242e-03
  -1.7277258e-02
  -0.0000000e+00
   0.0000000e+00
   0.0000000e+00
   0.0000000e+00
   0.0000000e+00
   0.0000000e+00
   0.0000000e+00
   0.0000000e+00
   0.0000000e+00
   0.0000000e+00
   0.0000000e+00
   0.0000000e+00
