   0.0000000e+00
   0.0000000e+00
   0.0000000e+00
   0.0000000e+00
   0.0000000e+00
   0.0000000e+00
   0.0000000e+00
   0.0000000e+00
   5.1068918e-02
   4.4223987e-02
   2.7544898e-02
   1.8812452e-02
   1.1976896e-02
   7.9141297e-03
   0.0000000e+00
   0.0000000e+00
   0.0000000e+00
   0.0000000e+00
  -0.0000000e+00
  -0.0000000e+00
   0.0000000e+00
   0.0000000e+00
   0.0000000e+00
   0.0000000e+00
   0.0000000e+00
   0.0000000e+00
   0.0000000e+00
   3.5018735e-02
   2.1573160e-02
   9.2620616e-03
   9.7712073e-03
   0.0000000e+00
   0.0000000e+00
   0.0000000e+00
   0.0000000e+00
   0.0000000e+00
   0.0000000e+00
   0.0000000e+00
   0.0000000e+00
   0.0000000e+00
   0.0000000e+00
   0.0000000e+00
   0.0000000e+00
   0.0000000e+00
   0.0000000e+00
   0.0000000e+00
   0.0000000e+00
   0.0000000e+00
   0.0000000e+00
   0.0000000e+00
   0.0000000e+00
   0.0000000e+00
   0.0000000e+00
   0.0000000e+00
   0.0000000e+00
   2.9858291e-02
   3.4965363e-02
   2.8852822e-02
   2.5469296e-02
   2.2631917e-02
   1.9484963e-02
   1.7398126e-02
   1.3473728e-02
   8.2756793e-03
   4.2192475e-03
   2.5564788e-03
  -1.4829936e-03
  -1.7781474e-03
  -5.3223560e-03
  -1.1256770e-02
  -1.5861494e-02
  -3.6071850e-02
  -3.9439403e-02
   0.0000000e+00
   1.4257162e-02
   2.6718207e-04
   2.0375946e-03
   1.0704162e-02
   1.1431461e-02
   1.0581040e-02
   1.3123524e-02
   8.1595736e-03
   5.4533850e-03
   6.2328940e-03
   0.0000000e+00
   0.0000000e+00
   0.0000000e+00
   0.0000000e+00
   0.0000000e+00
   0.0000000e+00
   0.0000000e+00
   0.0000000e+00
   0.0000000e+00
   0.0000000e+00
   0.0000000e+00
   0.0000000e+00
  -2.4472817e-03
  -5.4710068e-03
  -5.2895387e-03
  -3.3365802e-03
  -1.3468282e-03
   0.0000000e+00
   7.3930508e-03
   1.4562415e-02
   1.8870005e-02
   1.7835271e-02
   1.5920023e-02
   1.4972540e-02
   1.3446867e-02
   1.1947195e-02
   8.9590698e-03
   6.4335554e-03
   1.4829608e-03
  -2.4764021e-03
  -6.1042677e-03
  -9.1069583e-03
  -1.2337239e-02
  -1.9506443e-02
  -2.6035951e-02
  -3.4335524e-02
  -3.6754239e-02
  -3.5195065e-02
  -1.4809697e-02
  -1.0494935e-02
  -3.4396718e-03
   4.7735889e-03
   9.4608264e-03
   1.1455365e-02
   1.3180839e-02
   9.2335213e-03
   8.3768787e-03
   4.8423354e-03
   4.3443916e-03
   5.1351305e-04
   4.7856744e-03
   7.7308933e-03
   1.4279677e-02
   1.5394612e-02
   1.4332349e-02
   1.0784125e-02
   1.6186532e-04
  -8.0620319e-05
   2.8059511e-03
   3.5424067e-03
  -1.6293090e-02
  -1.1762448e-02
  -9.1291037e-03
  -8.6252163e-03
  -7.6330339e-03
   0.0000000e+00
   1.5932380e-02
   1.4639846e-02
   1.4168089e-02
   1.0425240e-02
   8.4400503e-03
   9.4915949e-03
   7.3773954e-03
   4.7509382e-03
   1.5929764e-03
  -2.3629719e-03
  -7.6141721e-03
  -1.1764309e-02
  -1.6147954e-02
  -1.8433172e-02
  -2.0197300e-02
  -2.5211003e-02
  -3.0101506e-02
  -3.8259227e-02
  -5.5935726e-02
  -4.9920203e-02
  -8.4956233e-03
   2.2961715e-03
   6.8548989e-03
   7.5934171e-03
   7.9725962e-03
   7.2848252e-03
   3.1151029e-03
  -1.3033662e-03
  -4.9078595e-03
  -7.1496512e-03
  -7.6708901e-03
  -7.7285217e-03
  -3.9270441e-03
   4.7835764e-03
   1.3757508e-02
   1.4797743e-02
   1.2612883e-02
   9.7402753e-03
   2.2055784e-03
  -5.5922330e-03
  -1.2741226e-02
  -1.7673688e-02
  -2.7176692e-02
  -1.6032960e-02
  -1.1914961e-02
   0.0000000e+00
   0.0000000e+00
   0.0000000e+00
   0.0000000e+00
   1.3430064e-02
   7.4436576e-03
   2.6987151e-03
  -2.0431851e-03
   5.7814525e-03
   3.6899474e-03
   1.8097120e-03
  -2.9889012e-03
  -9.0581737e-03
  -1.4636590e-02
  -1.9523282e-02
  -2.4067374e-02
  -2.4660297e-02
  -2.5814086e-02
  -2.8797572e-02
  -2.9144483e-02
  -3.7048597e-02
  -6.3733466e-02
  -9.4483011e-02
   0.0000000e+00
   5.0410481e-03
   7.2580566e-03
   5.9967455e-03
   3.4930508e-03
   8.2233222e-04
  -4.1279262e-03
  -1.0208837e-02
  -1.5303279e-02
  -1.5863188e-02
  -1.4407759e-02
  -1.3646827e-02
  -1.0188386e-02
  -3.1915335e-03
   5.1440611e-03
   1.2312720e-02
   1.3329770e-02
   7.7907732e-03
  -9.5692370e-04
  -1.2374500e-02
  -2.5922284e-02
  -3.4195849e-02
   0.0000000e+00
   0.0000000e+00
   0.0000000e+00
   0.0000000e+00
   0.0000000e+00
   0.0000000e+00
   0.0000000e+00
   1.0790409e-02
   1.0305075e-04
  -5.6848123e-03
  -1.0886312e-02
  -1.5888259e-02
  -5.5231908e-03
  -4.6492448e-03
  -8.8586063e-03
  -1.5461655e-02
  -2.2302109e-02
  -2.7017809e-02
  -2.9279273e-02
  -3.0093800e-02
  -2.9396735e-02
  -2.7272483e-02
  -2.5567376e-02
  -2.8859719e-02
  -4.2077319e-02
  -6.3306563e-02
   0.0000000e+00
   6.6887102e-03
  -9.0628210e-04
  -1.4629824e-03
  -3.4619190e-03
  -6.5662859e-03
  -1.1097633e-02
  -1.7547118e-02
  -1.9186857e-02
  -1.3884454e-02
  -9.8093778e-03
  -7.6563209e-03
  -7.9153739e-03
  -6.6752707e-03
  -1.4603215e-04
   8.2406179e-03
   1.1487888e-02
   5.6239024e-03
  -4.4392492e-03
  -1.5850503e-02
  -2.6614040e-02
  -3.3950496e-02
   0.0000000e+00
   0.0000000e+00
   0.0000000e+00
   0.0000000e+00
   0.0000000e+00
   0.0000000e+00
   0.0000000e+00
   6.4334366e-03
  -3.6024295e-03
  -9.0461569e-03
  -1.1902796e-02
  -1.3372600e-02
  -1.0640798e-02
  -1.0143669e-02
  -1.4044817e-02
  -2.1259304e-02
  -2.7308041e-02
  -3.0878162e-02
  -3.2102179e-02
  -3.1616792e-02
  -2.8596066e-02
  -2.4557170e-02
  -2.1132132e-02
  -1.8961364e-02
  -1.7628040e-02
  -2.9424511e-02
   0.0000000e+00
   3.5074066e-03
  -8.5328221e-03
  -8.2710069e-03
  -1.0303346e-02
  -1.2352144e-02
  -1.6084908e-02
  -1.9481556e-02
  -1.3710475e-02
  -5.5460869e-03
  -4.1068792e-03
  -4.0845224e-03
  -6.8948832e-03
  -6.7842323e-03
  -6.8683026e-04
   6.7119175e-03
   9.3121827e-03
   3.0501685e-03
  -6.7005390e-03
  -1.5186789e-02
  -1.8475868e-02
  -1.9140879e-02
   0.0000000e+00
   0.0000000e+00
   0.0000000e+00
   0.0000000e+00
   0.0000000e+00
   0.0000000e+00
   0.0000000e+00
  -2.9277124e-03
  -1.1822107e-02
  -1.6732097e-02
  -1.8373886e-02
  -1.6673986e-02
  -1.4827044e-02
  -1.4929124e-02
  -1.8474044e-02
  -2.3949215e-02
  -2.8128104e-02
  -3.0616306e-02
  -3.0391540e-02
  -2.8254539e-02
  -2.4113562e-02
  -1.8802568e-02
  -1.3132317e-02
  -6.0344543e-03
   9.2694527e-03
   7.1909581e-03
   0.0000000e+00
   0.0000000e+00
  -1.3907850e-02
  -1.7169135e-02
  -1.7934173e-02
  -1.8430412e-02
  -1.8666143e-02
  -1.4232140e-02
  -4.3805831e-04
   4.2259204e-03
   1.2698078e-04
  -4.8245443e-03
  -1.2516702e-02
  -9.7799776e-03
   3.8549211e-04
   7.1352767e-03
   7.8263674e-03
   1.5939035e-03
  -6.6100219e-03
  -1.0997424e-02
  -4.8643998e-03
   1.9527925e-03
   0.0000000e+00
   0.0000000e+00
   0.0000000e+00
   0.0000000e+00
   0.0000000e+00
   0.0000000e+00
   2.7964562e-03
  -8.3258348e-03
  -1.8207038e-02
  -2.2842905e-02
  -2.3162736e-02
  -2.0537185e-02
  -1.7729189e-02
  -1.6261909e-02
  -1.8489085e-02
  -2.1994842e-02
  -2.4225175e-02
  -2.5602749e-02
  -2.4848580e-02
  -2.2290288e-02
  -1.7915867e-02
  -1.1977165e-02
  -4.7520492e-03
   5.0156135e-03
   2.7685091e-02
   2.8421238e-02
   0.0000000e+00
   0.0000000e+00
  -2.0856528e-02
  -2.5392054e-02
  -2.3419227e-02
  -2.1293502e-02
  -1.6838415e-02
  -5.0513460e-03
   1.7229464e-02
   1.0946057e-02
   4.1365351e-04
  -6.3373608e-03
  -1.5384171e-02
  -9.0781534e-03
   4.8885273e-04
   4.4647725e-03
   4.5793159e-03
   2.2175137e-04
  -4.5051323e-03
  -5.1398780e-03
   5.6362161e-03
   1.7633807e-02
   1.4544914e-02
   0.0000000e+00
   0.0000000e+00
   0.0000000e+00
   0.0000000e+00
   3.3315722e-03
   1.4283525e-03
  -1.2642425e-02
  -2.1428522e-02
  -2.4061078e-02
  -2.3016214e-02
  -1.9784266e-02
  -1.5816690e-02
  -1.3554372e-02
  -1.4739669e-02
  -1.6474312e-02
  -1.7739069e-02
  -1.8816749e-02
  -1.8273449e-02
  -1.5744325e-02
  -1.1238348e-02
  -4.8250826e-03
   3.2602588e-03
   1.4502089e-02
   3.6802657e-02
   3.3777851e-02
   0.0000000e+00
   0.0000000e+00
  -0.0000000e+00
  -3.1200049e-02
  -2.8827295e-02
  -2.2588152e-02
  -1.2303608e-02
   7.4352985e-03
   4.2279243e-02
   5.4023052e-02
   0.0000000e+00
  -0.0000000e+00
  -1.7413924e-02
  -9.0399655e-03
  -3.6884265e-03
  -7.3117367e-04
   1.8227774e-03
   1.1042777e-03
   2.5578990e-04
   2.7970297e-03
   1.3736986e-02
   2.2122506e-02
   2.0258118e-02
   0.0000000e+00
   0.0000000e+00
   0.0000000e+00
   0.0000000e+00
   2.9982733e-03
  -3.8102791e-03
  -1.5319863e-02
  -2.0083889e-02
  -2.0529862e-02
  -1.8770487e-02
  -1.5296867e-02
  -1.1184785e-02
  -8.9092670e-03
  -9.1076806e-03
  -1.0171683e-02
  -1.1407417e-02
  -1.2646053e-02
  -1.2250376e-02
  -9.6777925e-03
  -5.0391753e-03
   1.4760790e-03
   9.9073692e-03
   2.1837944e-02
   4.2021013e-02
   4.5471962e-02
   0.0000000e+00
   0.0000000e+00
  -0.0000000e+00
  -3.5717487e-02
  -3.6666094e-02
  -2.2781740e-02
  -5.3755099e-03
   2.1590208e-02
   5.3149443e-02
   5.4282370e-02
   0.0000000e+00
  -0.0000000e+00
  -2.0251754e-02
  -8.3323052e-03
  -9.2460407e-03
  -2.7132828e-03
   3.3106594e-03
   5.4120276e-03
   7.1088271e-03
   1.1397689e-02
   2.0120872e-02
   2.4351075e-02
   2.2264343e-02
   1.4043086e-02
   0.0000000e+00
   0.0000000e+00
   0.0000000e+00
  -8.2696264e-05
  -7.2608809e-03
  -1.2728764e-02
  -1.5360306e-02
  -1.5634982e-02
  -1.3852807e-02
  -1.0636777e-02
  -6.8635517e-03
  -4.6990486e-03
  -4.6637231e-03
  -5.6146118e-03
  -6.9474569e-03
  -8.1246505e-03
  -7.4349716e-03
  -4.6639452e-03
   1.3310753e-05
   6.4890883e-03
   1.5209113e-02
   2.7493857e-02
   4.6822175e-02
   5.3703249e-02
   0.0000000e+00
   0.0000000e+00
   0.0000000e+00
  -3.6572723e-02
  -4.8689917e-02
  -2.1850308e-02
   2.8421632e-03
   3.5293370e-02
   6.7611888e-02
   5.1764831e-02
   0.0000000e+00
  -0.0000000e+00
  -2.2954579e-02
  -1.0029322e-02
  -1.1488026e-02
   6.0261250e-04
   8.8323308e-03
   1.2516921e-02
   1.5769852e-02
   2.0292252e-02
   2.4980392e-02
   2.4939820e-02
   2.3052286e-02
   1.6739227e-02
   1.1265120e-02
   8.6590991e-03
   5.4687216e-03
  -1.6659701e-03
  -5.7058190e-03
  -8.6484253e-03
  -1.1809518e-02
  -1.2206547e-02
  -1.0189157e-02
  -7.1052457e-03
  -3.7294265e-03
  -1.9968397e-03
  -1.9815674e-03
  -2.8660861e-03
  -4.2833006e-03
  -4.9413964e-03
  -3.6275850e-03
  -3.7379688e-04
   4.4474537e-03
   1.1234100e-02
   2.0488560e-02
   3.3325169e-02
   5.1124770e-02
   5.2259561e-02
   0.0000000e+00
   0.0000000e+00
   0.0000000e+00
  -0.0000000e+00
  -6.1920588e-02
  -1.8159807e-02
   1.2379218e-02
   4.9951106e-02
   8.1370312e-02
   0.0000000e+00
   0.0000000e+00
   0.0000000e+00
  -3.5114033e-02
  -3.1439400e-02
  -7.7490456e-03
   8.5141128e-03
   1.7589513e-02
   2.2491142e-02
   2.6023261e-02
   2.8166892e-02
   2.7536498e-02
   2.5465572e-02
   2.4373000e-02
   1.9682905e-02
   1.5916156e-02
   1.0321173e-02
   5.4915729e-03
  -1.7289863e-03
  -3.7572589e-03
  -7.5614844e-03
  -1.1064474e-02
  -1.0765559e-02
  -8.1143053e-03
  -5.0027766e-03
  -1.9706974e-03
  -6.2894030e-04
  -5.6953618e-04
  -1.4734967e-03
  -2.7606734e-03
  -2.7449185e-03
  -6.4778648e-04
   3.0141326e-03
   8.2566803e-03
   1.5579383e-02
   2.5575660e-02
   3.9108321e-02
   5.3961173e-02
   4.4906970e-02
   0.0000000e+00
   0.0000000e+00
   0.0000000e+00
   0.0000000e+00
  -6.6444948e-02
  -1.1164524e-02
   2.1119088e-02
   6.0829975e-02
   8.8703773e-02
   0.0000000e+00
   0.0000000e+00
   0.0000000e+00
  -0.0000000e+00
  -5.0717783e-02
   6.0322330e-03
   1.7128773e-02
   2.5922397e-02
   3.1135079e-02
   3.3479139e-02
   3.2506045e-02
   2.9016456e-02
   2.6919587e-02
   2.6727322e-02
   2.2523135e-02
   1.7842079e-02
   1.3526709e-02
   4.6230298e-03
  -1.8915017e-03
  -4.2395424e-03
  -9.2163831e-03
  -1.1540894e-02
  -9.8494636e-03
  -6.6839452e-03
  -3.5090724e-03
  -9.1678096e-04
   3.3470849e-05
   1.4770450e-04
  -9.4580342e-04
  -1.7953371e-03
  -7.9853804e-04
   1.9598212e-03
   6.0612503e-03
   1.1945196e-02
   1.9822344e-02
   3.0482838e-02
   4.5124251e-02
   5.7278913e-02
   3.4772834e-02
   0.0000000e+00
   0.0000000e+00
   0.0000000e+00
   0.0000000e+00
  -5.5213654e-02
  -1.9001833e-03
   2.9314013e-02
   6.6999733e-02
   8.2853674e-02
   0.0000000e+00
   0.0000000e+00
   0.0000000e+00
  -0.0000000e+00
  -5.7886408e-02
   1.9918705e-02
   2.4955619e-02
   3.2942582e-02
   3.8008042e-02
   3.8826305e-02
   3.5529774e-02
   3.1317551e-02
   2.9337624e-02
   2.8721279e-02
   2.4489670e-02
   1.9182831e-02
   1.1566525e-02
   4.8129773e-04
  -4.0038163e-03
  -7.3485016e-03
  -1.1383955e-02
  -1.1376466e-02
  -8.6395861e-03
  -5.2133164e-03
  -2.4118367e-03
  -6.2467732e-04
  -7.2309622e-05
  -3.1198499e-04
  -1.3310613e-03
  -1.0678560e-03
   1.0081504e-03
   4.3467120e-03
   9.2143433e-03
   1.5772272e-02
   2.4171487e-02
   3.5478238e-02
   5.1887938e-02
   6.0604229e-02
   5.0116351e-02
   0.0000000e+00
   0.0000000e+00
   0.0000000e+00
   0.0000000e+00
  -3.4211449e-02
   7.9448037e-03
   3.6256305e-02
   6.7182689e-02
   7.1460019e-02
   0.0000000e+00
   0.0000000e+00
   0.0000000e+00
   0.0000000e+00
   5.4374243e-03
   2.9350021e-02
   3.1370439e-02
   3.8536578e-02
   4.2891698e-02
   4.2382228e-02
   3.8351915e-02
   3.4379195e-02
   3.1829700e-02
   2.7747093e-02
   2.2266760e-02
   1.4870546e-02
   4.2298706e-03
  -4.5456034e-03
  -7.3018754e-03
  -1.0154634e-02
  -1.1545297e-02
  -9.7879814e-03
  -6.7903623e-03
  -3.7362846e-03
  -1.8590665e-03
  -8.7219081e-04
  -6.7110552e-04
  -1.1430429e-03
  -1.2131176e-03
   5.3031428e-04
   3.5726957e-03
   7.6561258e-03
   1.3343247e-02
   2.0398544e-02
   2.9403536e-02
   4.1601710e-02
   5.9855141e-02
   6.5094361e-02
   0.0000000e+00
   0.0000000e+00
   0.0000000e+00
   0.0000000e+00
   0.0000000e+00
  -1.4028807e-02
   1.7571842e-02
   4.1237876e-02
   6.1243605e-02
   5.4559840e-02
   0.0000000e+00
   0.0000000e+00
   0.0000000e+00
   0.0000000e+00
   8.0505852e-03
   3.2009695e-02
   3.5975050e-02
   4.2093214e-02
   4.5265928e-02
   4.4320516e-02
   4.0886976e-02
   3.6394410e-02
   3.2185860e-02
   1.9656559e-02
   1.3002079e-02
   5.0888546e-03
  -3.8333861e-03
  -8.2551120e-03
  -9.4696805e-03
  -1.0271235e-02
  -9.3412288e-03
  -6.9553815e-03
  -4.1955719e-03
  -1.9861078e-03
  -8.8884711e-04
  -2.7998295e-04
  -3.4783538e-05
   2.9691975e-04
   1.8077074e-03
   4.7223931e-03
   8.4455805e-03
   1.3204259e-02
   1.9236453e-02
   2.6399327e-02
   3.5477899e-02
   4.7448967e-02
   5.9845176e-02
   4.4633658e-02
   0.0000000e+00
   0.0000000e+00
   0.0000000e+00
   0.0000000e+00
   0.0000000e+00
   0.0000000e+00
   2.5905179e-02
   4.2649508e-02
   5.1355556e-02
   3.7151687e-02
   0.0000000e+00
   0.0000000e+00
   0.0000000e+00
   0.0000000e+00
   1.8111107e-02
   3.2614551e-02
   3.8531862e-02
   4.2775955e-02
   4.4794101e-02
   4.4014193e-02
   4.0188178e-02
   3.3161849e-02
   2.6102850e-02
   5.2359784e-03
   5.3889380e-04
  -4.4067809e-03
  -8.8593308e-03
  -1.0127028e-02
  -9.8053869e-03
  -8.6064776e-03
  -6.2542404e-03
  -3.3992017e-03
  -6.7313510e-04
   1.2255952e-03
   2.3168814e-03
   3.2438505e-03
   4.2755236e-03
   5.8857808e-03
   8.5470453e-03
   1.1980979e-02
   1.6112480e-02
   2.1133011e-02
   2.6849303e-02
   3.3054411e-02
   4.0007159e-02
   4.8755318e-02
   5.3308185e-02
   4.9582053e-02
   0.0000000e+00
   0.0000000e+00
   0.0000000e+00
   0.0000000e+00
   0.0000000e+00
   0.0000000e+00
   3.2470439e-02
   4.0488124e-02
   4.0992640e-02
   2.3670460e-02
   0.0000000e+00
   0.0000000e+00
   0.0000000e+00
   0.0000000e+00
   2.0590923e-02
   3.1280663e-02
   3.7689742e-02
   3.9596468e-02
   4.0338807e-02
   3.8502324e-02
   3.1026091e-02
   2.0284189e-02
   1.1322621e-02
  -5.3891878e-03
  -7.6209190e-03
  -9.4861571e-03
  -1.1196059e-02
  -1.1491799e-02
  -1.0615840e-02
  -8.4266900e-03
  -5.1816603e-03
  -1.6083640e-03
   1.7598233e-03
   4.3542341e-03
   6.3689895e-03
   8.3312863e-03
   1.0422992e-02
   1.2901539e-02
   1.6031013e-02
   1.9705224e-02
   2.4009512e-02
   2.8832747e-02
   3.3618109e-02
   3.7871192e-02
   4.1677641e-02
   4.5226711e-02
   3.9372923e-02
   2.9682238e-02
   0.0000000e+00
   0.0000000e+00
   0.0000000e+00
   0.0000000e+00
   0.0000000e+00
   0.0000000e+00
   3.7817086e-02
   3.8150451e-02
   3.3708507e-02
   1.6113990e-02
   0.0000000e+00
   0.0000000e+00
   0.0000000e+00
   0.0000000e+00
   2.0482609e-02
   2.6226770e-02
   3.2934191e-02
   3.2059228e-02
   3.2102635e-02
   2.8471475e-02
   1.6696827e-02
   4.9541558e-03
  -1.9001327e-03
  -9.4536344e-03
  -1.1645170e-02
  -1.2390150e-02
  -1.3614833e-02
  -1.4345076e-02
  -1.3844738e-02
  -1.1785676e-02
  -8.4078866e-03
  -4.4477641e-03
  -3.9323433e-04
   3.2962418e-03
   6.7853368e-03
   1.0206538e-02
   1.3511667e-02
   1.6885099e-02
   2.0525624e-02
   2.4451213e-02
   2.8707003e-02
   3.3071423e-02
   3.6954290e-02
   3.9689338e-02
   4.0853864e-02
   3.9780533e-02
   2.8369982e-02
   1.7963529e-02
   0.0000000e+00
   0.0000000e+00
   0.0000000e+00
   0.0000000e+00
   0.0000000e+00
   0.0000000e+00
   4.2701735e-02
   3.7020503e-02
   3.0346248e-02
   2.5033329e-02
   0.0000000e+00
   0.0000000e+00
   0.0000000e+00
   0.0000000e+00
   1.6523177e-02
   1.7876332e-02
   2.5541402e-02
   2.2082770e-02
   2.4143496e-02
   1.9726365e-02
   5.5093638e-03
  -3.8697787e-03
  -7.3165078e-03
  -9.1342838e-03
  -1.4138310e-02
  -1.5189515e-02
  -1.6536702e-02
  -1.8088793e-02
  -1.8482092e-02
  -1.7307953e-02
  -1.4834292e-02
  -1.1450305e-02
  -7.3300572e-03
  -2.9756948e-03
   1.5651035e-03
   6.0804914e-03
   1.0493133e-02
   1.4867417e-02
   1.9162596e-02
   2.3309713e-02
   2.7226634e-02
   3.0702490e-02
   3.3554757e-02
   3.5432102e-02
   3.5499057e-02
   3.2460077e-02
   2.3562345e-02
   1.9267930e-02
   0.0000000e+00
   0.0000000e+00
   0.0000000e+00
   0.0000000e+00
   0.0000000e+00
   5.7466915e-02
   4.2962662e-02
   3.3311071e-02
   2.5789467e-02
   2.0114177e-02
   0.0000000e+00
   0.0000000e+00
   0.0000000e+00
   0.0000000e+00
   1.2712531e-02
   9.1034198e-03
   1.6090064e-02
   1.0801010e-02
   2.0862198e-02
   1.6101257e-02
  -4.1821785e-04
  -6.7459046e-03
  -7.1461331e-03
  -4.0513724e-03
  -1.2486918e-02
  -1.2850787e-02
  -1.3729805e-02
  -1.5424298e-02
  -1.6742911e-02
  -1.7116675e-02
  -1.6416941e-02
  -1.4499938e-02
  -1.1465780e-02
  -7.6054931e-03
  -3.1215181e-03
   1.6905746e-03
   6.6299383e-03
   1.1419473e-02
   1.5817458e-02
   1.9700900e-02
   2.3001339e-02
   2.5252100e-02
   2.6458649e-02
   2.6883166e-02
   2.6476774e-02
   2.4165686e-02
   2.1465141e-02
   2.0415248e-02
   0.0000000e+00
   0.0000000e+00
   0.0000000e+00
  -0.0000000e+00
   2.2347845e-02
   4.7137752e-02
   3.5691768e-02
   2.5535217e-02
   2.0649502e-02
   1.6414272e-02
   0.0000000e+00
   0.0000000e+00
   0.0000000e+00
   0.0000000e+00
   0.0000000e+00
   2.2362678e-03
   4.0176208e-03
  -6.6089366e-05
   3.5537176e-02
   1.6941898e-02
  -2.9255392e-03
  -6.0339104e-03
  -3.1496640e-03
   1.7285985e-03
  -8.2034692e-03
  -2.8553227e-03
  -1.7701072e-03
  -2.9897581e-03
  -4.5708254e-03
  -5.8953881e-03
  -6.4020559e-03
  -5.7291782e-03
  -4.1581369e-03
  -1.7165845e-03
   1.2953309e-03
   4.6697449e-03
   8.1695905e-03
   1.1590571e-02
   1.4852589e-02
   1.7706215e-02
   1.9962266e-02
   2.1463969e-02
   2.2153773e-02
   2.1944390e-02
   2.0908048e-02
   1.9562002e-02
   1.7071748e-02
   9.3443415e-03
   0.0000000e+00
   0.0000000e+00
   0.0000000e+00
  -0.0000000e+00
   1.3860972e-02
   4.0905482e-02
   2.4638851e-02
   1.6160257e-02
   1.3435978e-02
   1.1492324e-02
   0.0000000e+00
   0.0000000e+00
   0.0000000e+00
   0.0000000e+00
   0.0000000e+00
  -3.3380615e-03
  -6.4402606e-03
  -9.7800062e-03
   0.0000000e+00
   1.8054627e-02
  -3.1752895e-03
  -3.8847064e-03
   5.8655713e-04
   6.9260871e-04
  -1.2280170e-02
   2.6801386e-03
   8.2373498e-03
   7.7318503e-03
   6.5288038e-03
   5.2609493e-03
   4.6104048e-03
   4.9817607e-03
   6.0908000e-03
   7.8284601e-03
   9.9231524e-03
   1.2249504e-02
   1.4785268e-02
   1.7634395e-02
   2.0842393e-02
   2.4109707e-02
   2.6664731e-02
   2.7589906e-02
   2.6671455e-02
   2.3638464e-02
   1.8253809e-02
   1.4252030e-02
   9.6480267e-03
   2.5327835e-03
   0.0000000e+00
   0.0000000e+00
   0.0000000e+00
   0.0000000e+00
   1.7752578e-02
   3.1831354e-02
   2.1160917e-02
   0.0000000e+00
   0.0000000e+00
   0.0000000e+00
   0.0000000e+00
   0.0000000e+00
   0.0000000e+00
   0.0000000e+00
   0.0000000e+00
  -8.2837345e-03
  -1.3796753e-02
  -1.3849720e-02
   0.0000000e+00
   1.3069123e-02
  -3.0535118e-03
  -1.2275433e-03
   3.4317661e-04
   6.9260871e-04
  -0.0000000e+00
   4.3643971e-03
   5.7529151e-03
   5.9555704e-03
   5.2900268e-03
   4.2182906e-03
   3.5756300e-03
   3.9138035e-03
   5.0183842e-03
   6.5422072e-03
   8.2818065e-03
   1.0425191e-02
   1.3207921e-02
   1.6760018e-02
   2.0820523e-02
   2.5050167e-02
   2.8648078e-02
   3.0099556e-02
   2.8732395e-02
   2.3659416e-02
   1.2266185e-02
   1.4667690e-03
  -1.7667544e-04
  -4.4353528e-03
   0.0000000e+00
   0.0000000e+00
   0.0000000e+00
   3.1732840e-03
   1.2605284e-02
   1.9877588e-02
   1.3874196e-02
   0.0000000e+00
   0.0000000e+00
   0.0000000e+00
   0.0000000e+00
   0.0000000e+00
   0.0000000e+00
   0.0000000e+00
   0.0000000e+00
  -1.1862449e-02
  -1.9495757e-02
  -1.5121875e-02
   0.0000000e+00
   2.2779184e-03
  -1.4349001e-03
  -6.4730051e-04
   1.6760542e-03
   0.0000000e+00
   0.0000000e+00
   8.8207184e-04
  -2.5376540e-03
  -5.5671278e-03
  -8.6327856e-03
  -1.1708334e-02
  -1.4085849e-02
  -1.5240024e-02
  -1.5300055e-02
  -1.4529794e-02
  -1.3192256e-02
  -1.1149968e-02
  -8.2025146e-03
  -4.5087757e-03
  -3.2161712e-05
   5.5366065e-03
   1.1973175e-02
   1.7593730e-02
   1.9815754e-02
   1.6611561e-02
   3.8969805e-03
  -1.4550205e-02
  -9.6131321e-03
  -8.0328529e-03
  -2.3847905e-02
   0.0000000e+00
  -1.3453060e-02
  -5.0763088e-03
  -6.0550339e-04
   5.4055960e-03
   8.3507808e-03
   0.0000000e+00
   0.0000000e+00
   0.0000000e+00
   0.0000000e+00
   0.0000000e+00
   0.0000000e+00
   0.0000000e+00
  -0.0000000e+00
  -1.6047326e-02
  -2.3825081e-02
  -1.7689077e-02
   0.0000000e+00
   0.0000000e+00
  -1.0311144e-03
   2.0838817e-04
   3.6891534e-03
   0.0000000e+00
   0.0000000e+00
   2.4435861e-03
  -8.3376952e-03
  -1.4727358e-02
  -2.1123260e-02
  -2.7157295e-02
  -3.1993244e-02
  -3.5541981e-02
  -3.8035050e-02
  -3.9803330e-02
  -4.0966298e-02
  -4.1370310e-02
  -4.0532529e-02
  -3.8169887e-02
  -3.4073703e-02
  -2.7944520e-02
  -1.9436385e-02
  -8.9599434e-03
   1.0168474e-03
   6.4368295e-03
   1.6485918e-03
  -2.5172608e-02
  -1.8106505e-02
  -1.7411325e-02
  -2.2327419e-02
  -1.9933093e-02
  -1.7060019e-02
  -1.3510375e-02
  -1.4186221e-02
  -8.2718227e-03
  -4.6676855e-03
   0.0000000e+00
   0.0000000e+00
   0.0000000e+00
   0.0000000e+00
   0.0000000e+00
   0.0000000e+00
   0.0000000e+00
  -0.0000000e+00
  -2.2998923e-02
  -2.8139103e-02
  -2.1201374e-02
   0.0000000e+00
  -0.0000000e+00
  -2.5020158e-03
  -1.0984177e-03
   4.4627570e-03
   0.0000000e+00
   0.0000000e+00
   3.9816883e-03
  -8.8501922e-03
  -1.6892889e-02
  -2.4345252e-02
  -3.1207744e-02
  -3.6865628e-02
  -4.1531912e-02
  -4.5584674e-02
  -4.9402601e-02
  -5.2801202e-02
  -5.5376660e-02
  -5.6515049e-02
  -5.5613245e-02
  -5.2916578e-02
  -4.8704471e-02
  -4.2235887e-02
  -3.2278767e-02
  -1.8721278e-02
  -5.2102505e-03
   3.3734377e-03
  -3.4754383e-02
  -1.9431555e-02
  -2.2139301e-02
  -2.5104368e-02
  -2.2767290e-02
  -1.9699746e-02
  -1.9741311e-02
  -2.3818602e-02
  -1.7845717e-02
  -1.1384010e-02
   0.0000000e+00
   0.0000000e+00
   0.0000000e+00
   0.0000000e+00
   0.0000000e+00
   0.0000000e+00
   0.0000000e+00
  -0.0000000e+00
  -3.0305752e-02
  -3.4235658e-02
  -2.8557565e-02
   0.0000000e+00
  -0.0000000e+00
  -5.3299510e-03
  -6.0753274e-03
   0.0000000e+00
   0.0000000e+00
   1.2653746e-02
   9.8024254e-03
  -4.2463876e-03
  -1.1289076e-02
  -1.7330276e-02
  -2.2891791e-02
  -2.7843519e-02
  -3.2218356e-02
  -3.6034051e-02
  -3.9663459e-02
  -4.3265900e-02
  -4.6592070e-02
  -4.9163239e-02
  -5.0236975e-02
  -4.9818532e-02
  -4.8178935e-02
  -4.4640912e-02
  -3.8088347e-02
  -2.7476702e-02
  -1.2462810e-02
  -1.9609306e-03
  -3.4479268e-02
  -1.7135372e-02
  -2.2004024e-02
  -2.4792221e-02
  -2.3386710e-02
  -2.1673185e-02
  -2.4481987e-02
  -3.1120107e-02
  -2.9751282e-02
  -2.4273584e-02
   0.0000000e+00
   0.0000000e+00
   0.0000000e+00
   0.0000000e+00
   0.0000000e+00
   0.0000000e+00
   0.0000000e+00
  -0.0000000e+00
  -3.5051535e-02
  -4.1102382e-02
  -3.7622953e-02
   0.0000000e+00
  -0.0000000e+00
  -6.2020721e-03
  -7.1246755e-03
   0.0000000e+00
   0.0000000e+00
   2.2212007e-02
   1.4871202e-02
   2.8252101e-03
  -2.2232500e-03
  -6.7066508e-03
  -1.1195214e-02
  -1.5450140e-02
  -1.9289065e-02
  -2.2555076e-02
  -2.5522130e-02
  -2.8516989e-02
  -3.1733066e-02
  -3.5176765e-02
  -3.8466882e-02
  -4.1010372e-02
  -4.2374291e-02
  -4.1119114e-02
  -3.6161527e-02
  -2.7622327e-02
  -1.4307996e-02
  -6.3950107e-03
  -0.0000000e+00
  -1.3244973e-02
  -2.0185387e-02
  -2.3364291e-02
  -2.2799660e-02
  -2.2358976e-02
  -2.6451908e-02
  -3.5907336e-02
  -4.1963380e-02
  -3.9003558e-02
   0.0000000e+00
   0.0000000e+00
   0.0000000e+00
   0.0000000e+00
   0.0000000e+00
   0.0000000e+00
   0.0000000e+00
  -0.0000000e+00
  -3.7920255e-02
  -4.6186529e-02
  -4.2574863e-02
   0.0000000e+00
  -9.3309336e-03
  -2.1468881e-03
  -2.6112566e-03
   0.0000000e+00
   0.0000000e+00
   0.0000000e+00
   2.0825544e-02
   9.6685151e-03
   6.5505356e-03
   3.0889062e-03
  -1.4362342e-03
  -6.0336939e-03
  -1.0120321e-02
  -1.3419994e-02
  -1.6060686e-02
  -1.8266050e-02
  -2.0500669e-02
  -2.3337204e-02
  -2.7184013e-02
  -3.1849418e-02
  -3.6557592e-02
  -3.8548626e-02
  -3.5585083e-02
  -2.8211391e-02
  -1.6757095e-02
  -9.6209295e-03
   0.0000000e+00
  -6.8655284e-03
  -1.6970476e-02
  -2.1189459e-02
  -2.1637708e-02
  -2.1789309e-02
  -2.6107276e-02
  -3.7193403e-02
  -5.1763546e-02
  -5.3623587e-02
   0.0000000e+00
   0.0000000e+00
   0.0000000e+00
   0.0000000e+00
   0.0000000e+00
   0.0000000e+00
   0.0000000e+00
  -0.0000000e+00
  -4.0006366e-02
  -5.1267076e-02
  -5.0320363e-02
  -2.3008008e-02
  -3.6690409e-03
   4.0049236e-03
   2.6877688e-03
   0.0000000e+00
   0.0000000e+00
   0.0000000e+00
   2.5093923e-02
   1.5009607e-02
   1.3405529e-02
   1.1295867e-02
   6.5429552e-03
   7.6885105e-04
  -4.7021279e-03
  -9.2645491e-03
  -1.2795875e-02
  -1.5294706e-02
  -1.7104612e-02
  -1.8934598e-02
  -2.1563967e-02
  -2.5795960e-02
  -3.1872634e-02
  -3.7045094e-02
  -3.7223048e-02
  -3.1549972e-02
  -1.6405340e-02
   0.0000000e+00
   0.0000000e+00
  -4.0167612e-04
  -1.2408791e-02
  -1.7340174e-02
  -1.9170392e-02
  -2.0303903e-02
  -2.4770778e-02
  -3.5165470e-02
  -5.3793338e-02
  -6.1080285e-02
   0.0000000e+00
   0.0000000e+00
   0.0000000e+00
   0.0000000e+00
   0.0000000e+00
   0.0000000e+00
   0.0000000e+00
  -0.0000000e+00
  -3.9066317e-02
  -5.5540592e-02
  -5.8943006e-02
  -2.8892843e-02
  -2.3409080e-03
   5.4013186e-03
   3.8120661e-03
   0.0000000e+00
   0.0000000e+00
   0.0000000e+00
   2.2881370e-02
   1.8551966e-02
   1.8001150e-02
   1.7925484e-02
   1.3762488e-02
   7.2834129e-03
   4.6594755e-04
  -5.7312865e-03
  -1.0975368e-02
  -1.4982340e-02
  -1.7444661e-02
  -1.8971954e-02
  -2.0544166e-02
  -2.3751806e-02
  -3.0043179e-02
  -3.7599225e-02
  -4.0818214e-02
  -3.6421508e-02
  -2.5277717e-02
   0.0000000e+00
   0.0000000e+00
   3.4925826e-03
  -7.8491634e-03
  -1.2160811e-02
  -1.4858843e-02
  -1.7320644e-02
  -2.2101765e-02
  -3.1432930e-02
  -4.6893544e-02
  -5.4722206e-02
   0.0000000e+00
  -0.0000000e+00
  -0.0000000e+00
   0.0000000e+00
   0.0000000e+00
   0.0000000e+00
  -5.0330859e-03
  -1.2521695e-02
  -3.5265159e-02
  -5.9633683e-02
  -6.5237577e-02
  -4.6737452e-02
   0.0000000e+00
   0.0000000e+00
   0.0000000e+00
   0.0000000e+00
   0.0000000e+00
   0.0000000e+00
   2.2984140e-02
   2.1260208e-02
   2.1861333e-02
   2.3737567e-02
   2.0741927e-02
   1.4271012e-02
   6.7654187e-03
  -4.7876849e-04
  -7.0119356e-03
  -1.2597377e-02
  -1.6475249e-02
  -1.8748732e-02
  -2.0248797e-02
  -2.2742998e-02
  -2.8884569e-02
  -3.8737707e-02
  -4.6506714e-02
  -3.8562361e-02
  -2.9577584e-02
   0.0000000e+00
   0.0000000e+00
   5.7775769e-03
  -3.9284728e-03
  -7.1390378e-03
  -9.9474918e-03
  -1.3013963e-02
  -1.7609855e-02
  -2.6346598e-02
  -4.0139183e-02
  -4.8222547e-02
  -4.4961855e-02
  -0.0000000e+00
  -0.0000000e+00
  -1.6520533e-02
  -1.6034210e-02
  -1.0314913e-02
  -4.1064833e-03
  -1.2834414e-02
  -3.0682210e-02
  -6.4510778e-02
  -7.4536021e-02
  -5.7088919e-02
   0.0000000e+00
   0.0000000e+00
   0.0000000e+00
   0.0000000e+00
   0.0000000e+00
   0.0000000e+00
   1.7284127e-02
   2.3186462e-02
   2.7906964e-02
   3.0578488e-02
   2.8368793e-02
   2.1797495e-02
   1.3546862e-02
   5.3661810e-03
  -2.1139339e-03
  -8.7876674e-03
  -1.3762896e-02
  -1.6718382e-02
  -1.8597884e-02
  -2.0921528e-02
  -2.7012143e-02
  -3.9019443e-02
  -5.3485844e-02
  -3.7173722e-02
  -1.9543487e-02
   0.0000000e+00
   0.0000000e+00
   5.0409100e-03
   1.0900175e-03
  -1.3725082e-03
  -5.6553921e-03
  -8.2293376e-03
  -1.1902022e-02
  -1.9742092e-02
  -3.2658201e-02
  -4.4731203e-02
  -4.6083957e-02
   0.0000000e+00
  -0.0000000e+00
  -1.2217959e-02
  -1.0863833e-02
  -6.5629743e-03
  -6.0484288e-03
  -1.4384169e-02
  -2.2430175e-02
  -9.0071678e-02
  -8.0240812e-02
   0.0000000e+00
   0.0000000e+00
   0.0000000e+00
   0.0000000e+00
   0.0000000e+00
   0.0000000e+00
   0.0000000e+00
   0.0000000e+00
   1.9393958e-02
   3.2614857e-02
   4.1048467e-02
   3.9331425e-02
   3.1906456e-02
   2.1894313e-02
   1.2039425e-02
   2.8183369e-03
  -5.3011514e-03
  -1.1101362e-02
  -1.4428169e-02
  -1.6102206e-02
  -1.7728940e-02
  -2.4028812e-02
  -3.8504206e-02
  -5.9899315e-02
  -4.7145928e-02
   0.0000000e+00
   0.0000000e+00
   0.0000000e+00
   0.0000000e+00
   0.0000000e+00
   1.3064221e-02
   1.6190046e-03
  -2.9781484e-03
  -5.2072606e-03
  -1.1732843e-02
  -2.4326818e-02
  -3.5905018e-02
  -2.8980068e-02
   9.5235882e-03
   4.4881128e-03
  -1.0674295e-03
  -9.0724602e-03
  -5.1638088e-03
  -6.2041471e-03
  -1.2362929e-02
  -1.1181709e-02
  -1.1315501e-01
  -7.3474440e-02
   0.0000000e+00
   0.0000000e+00
   0.0000000e+00
   0.0000000e+00
   0.0000000e+00
   0.0000000e+00
   0.0000000e+00
   0.0000000e+00
   1.6764314e-02
   2.8985398e-02
   4.7543372e-02
   5.1624562e-02
   4.3910472e-02
   3.2136353e-02
   1.9723694e-02
   8.1034000e-03
  -2.1206396e-03
  -9.3261456e-03
  -1.3091465e-02
  -1.4203750e-02
  -1.4330485e-02
  -1.9726719e-02
  -3.6872922e-02
  -6.2682811e-02
  -7.0827298e-02
   0.0000000e+00
   0.0000000e+00
   0.0000000e+00
   0.0000000e+00
   0.0000000e+00
   1.5058629e-02
   8.0269608e-03
   2.4537019e-03
   1.0155709e-03
  -3.9349038e-03
  -1.5977575e-02
  -3.0049274e-02
  -2.8784578e-02
   0.0000000e+00
   1.3263066e-02
   2.4252289e-03
  -8.9594839e-03
  -7.0099345e-03
  -1.0628588e-02
  -1.0329893e-02
   0.0000000e+00
  -1.0390216e-01
  -1.0390216e-01
   0.0000000e+00
   0.0000000e+00
   0.0000000e+00
   0.0000000e+00
   0.0000000e+00
   0.0000000e+00
   0.0000000e+00
   0.0000000e+00
   1.5502579e-02
   1.5893551e-02
   4.1542124e-02
   5.6923151e-02
   5.4484010e-02
   4.3742243e-02
   2.9838549e-02
   1.5470111e-02
   2.6036103e-03
  -6.9398875e-03
  -1.1656381e-02
  -1.2083828e-02
  -1.0461916e-02
  -1.3580831e-02
  -3.2465145e-02
  -5.6575377e-02
  -5.5330780e-02
   0.0000000e+00
   0.0000000e+00
   0.0000000e+00
   0.0000000e+00
   0.0000000e+00
   0.0000000e+00
   8.8520263e-03
   7.4508893e-03
   7.0320219e-03
   3.5149874e-03
  -6.3569811e-03
  -2.4493435e-02
  -2.5245247e-02
   0.0000000e+00
   1.7170610e-02
   7.3308866e-03
  -7.5374125e-03
  -8.7326185e-03
  -5.7111289e-03
  -7.9302636e-03
  -0.0000000e+00
  -3.9797110e-02
   0.0000000e+00
   0.0000000e+00
   0.0000000e+00
   0.0000000e+00
   0.0000000e+00
   0.0000000e+00
   0.0000000e+00
   0.0000000e+00
   0.0000000e+00
   0.0000000e+00
   4.1680596e-03
   2.6249882e-02
   4.9610756e-02
   5.6131709e-02
   5.0703242e-02
   3.8540825e-02
   2.3166873e-02
   7.7047180e-03
  -4.5080576e-03
  -1.0499638e-02
  -9.7732786e-03
  -6.0036434e-03
  -5.9023164e-03
  -2.2847384e-02
  -4.8827798e-02
  -4.2653231e-02
   0.0000000e+00
   0.0000000e+00
   0.0000000e+00
   0.0000000e+00
   0.0000000e+00
   0.0000000e+00
   0.0000000e+00
   1.0628863e-02
   9.4298283e-03
   8.6411787e-03
   3.7763815e-03
  -1.3704682e-02
  -1.6176482e-02
   0.0000000e+00
   0.0000000e+00
   1.4351427e-02
  -5.7318379e-03
  -5.0804751e-03
  -6.2783201e-03
  -6.2481629e-03
  -1.6994330e-02
  -3.0325081e-02
  -2.5511642e-02
   0.0000000e+00
   0.0000000e+00
   0.0000000e+00
   0.0000000e+00
   0.0000000e+00
   0.0000000e+00
   0.0000000e+00
   0.0000000e+00
   0.0000000e+00
  -0.0000000e+00
   1.8267070e-04
   2.9346697e-02
   4.3306269e-02
   4.5579016e-02
   3.8128823e-02
   2.4626981e-02
   8.6582862e-03
  -4.5258207e-03
  -1.0475961e-02
  -7.6610027e-03
  -7.1363407e-04
   2.9475261e-03
  -8.2230773e-03
  -2.8942233e-02
   0.0000000e+00
   0.0000000e+00
   0.0000000e+00
   0.0000000e+00
   0.0000000e+00
   0.0000000e+00
   0.0000000e+00
   0.0000000e+00
   0.0000000e+00
   9.2928533e-03
   1.3252846e-02
   1.3296090e-02
  -3.1538389e-04
   3.9971731e-04
   0.0000000e+00
   0.0000000e+00
   1.0861479e-02
  -4.7716459e-03
  -1.0449871e-02
  -8.6632747e-03
  -7.2741071e-03
  -1.2081445e-02
  -1.9651461e-02
  -1.9944410e-02
   0.0000000e+00
   0.0000000e+00
   0.0000000e+00
   0.0000000e+00
   0.0000000e+00
   0.0000000e+00
   0.0000000e+00
   0.0000000e+00
   0.0000000e+00
  -0.0000000e+00
  -3.5262755e-02
  -5.2182043e-03
   1.3840333e-02
   2.3295558e-02
   2.3076373e-02
   1.4703724e-02
   3.1678969e-03
  -6.2322210e-03
  -9.6680748e-03
  -4.7342541e-03
   6.1837014e-03
   1.4498493e-02
   1.0126304e-02
  -1.5130562e-03
   0.0000000e+00
   0.0000000e+00
   0.0000000e+00
   0.0000000e+00
   0.0000000e+00
   0.0000000e+00
   0.0000000e+00
   0.0000000e+00
   0.0000000e+00
  -0.0000000e+00
   1.1431102e-02
   2.1848240e-02
   1.2590798e-02
   5.9784635e-03
   0.0000000e+00
   0.0000000e+00
   0.0000000e+00
  -4.7716461e-03
  -1.0355526e-02
  -1.0487506e-02
  -9.6740669e-03
  -8.8486198e-03
  -9.0973648e-03
  -1.1166803e-02
   0.0000000e+00
   0.0000000e+00
   0.0000000e+00
   0.0000000e+00
   0.0000000e+00
   0.0000000e+00
   0.0000000e+00
   0.0000000e+00
   0.0000000e+00
   0.0000000e+00
  -4.9661763e-02
  -3.0398373e-02
  -1.1624663e-02
   2.3264135e-03
   9.3785683e-03
   7.0191361e-03
   6.7866879e-04
  -6.0160579e-03
  -8.6443061e-03
  -2.0376260e-03
   1.2333030e-02
   2.4320640e-02
   2.4666723e-02
   1.1354720e-02
   0.0000000e+00
   0.0000000e+00
   0.0000000e+00
   0.0000000e+00
   0.0000000e+00
   0.0000000e+00
   0.0000000e+00
   0.0000000e+00
   0.0000000e+00
  -1.8125953e-02
   6.2406487e-03
   2.3527604e-02
   2.0762125e-02
   0.0000000e+00
   0.0000000e+00
   0.0000000e+00
   0.0000000e+00
   0.0000000e+00
  -0.0000000e+00
  -1.1151749e-02
  -1.0716991e-02
  -7.2191027e-03
  -4.2191870e-03
   0.0000000e+00
   0.0000000e+00
   0.0000000e+00
   0.0000000e+00
   0.0000000e+00
   0.0000000e+00
   0.0000000e+00
   0.0000000e+00
   0.0000000e+00
   0.0000000e+00
   0.0000000e+00
  -5.5111350e-02
  -3.7651011e-02
  -2.4208685e-02
  -9.1121132e-03
   1.7359247e-03
   3.7216276e-03
   3.1263824e-04
  -4.7139749e-03
  -8.6359130e-03
  -2.5644805e-03
   1.7807238e-02
   3.4338858e-02
   3.9869529e-02
   3.5840917e-02
   0.0000000e+00
   0.0000000e+00
   0.0000000e+00
   0.0000000e+00
   0.0000000e+00
   0.0000000e+00
   0.0000000e+00
   0.0000000e+00
  -0.0000000e+00
  -2.6258682e-02
  -9.4224973e-04
   1.3982412e-02
   0.0000000e+00
   0.0000000e+00
  -0.0000000e+00
  -0.0000000e+00
   0.0000000e+00
   0.0000000e+00
   0.0000000e+00
   0.0000000e+00
   0.0000000e+00
   0.0000000e+00
   0.0000000e+00
   0.0000000e+00
   0.0000000e+00
   0.0000000e+00
   0.0000000e+00
   0.0000000e+00
   0.0000000e+00
   0.0000000e+00
   0.0000000e+00
   0.0000000e+00
   0.0000000e+00
   0.0000000e+00
  -4.7438360e-02
  -2.6946955e-02
  -2.8590078e-02
  -1.7767405e-02
  -1.0024829e-02
  -1.6647682e-03
   1.7074604e-03
   2.5064820e-04
  -5.8710230e-03
  -5.0315175e-03
   1.3185156e-02
   3.7382274e-02
   5.2903116e-02
   0.0000000e+00
   0.0000000e+00
   0.0000000e+00
   0.0000000e+00
   0.0000000e+00
   0.0000000e+00
   0.0000000e+00
   0.0000000e+00
   0.0000000e+00
  -0.0000000e+00
  -0.0000000e+00
   0.0000000e+00
   0.0000000e+00
   0.0000000e+00
  -0.0000000e+00
   0.0000000e+00
   0.0000000e+00
   0.0000000e+00
   0.0000000e+00
   0.0000000e+00
   0.0000000e+00
   0.0000000e+00
   0.0000000e+00
  -0.0000000e+00
   7.6274063e-04
   2.7481195e-03
   5.8071099e-04
   0.0000000e+00
   0.0000000e+00
   0.0000000e+00
   0.0000000e+00
   0.0000000e+00
   0.0000000e+00
   0.0000000e+00
   0.0000000e+00
  -0.0000000e+00
  -0.0000000e+00
   0.0000000e+00
  -0.0000000e+00
  -3.5626491e-02
  -7.0722283e-03
   4.9334349e-03
   5.5198222e-03
   0.0000000e+00
   0.0000000e+00
   0.0000000e+00
   0.0000000e+00
   0.0000000e+00
   0.0000000e+00
   0.0000000e+00
   0.0000000e+00
   0.0000000e+00
   0.0000000e+00
   0.0000000e+00
   0.0000000e+00
   0.0000000e+00
   0.0000000e+00
  -0.0000000e+00
  -0.0000000e+00
   0.0000000e+00
   0.0000000e+00
   0.0000000e+00
  -0.0000000e+00
  -1.0335315e-02
   3.6387132e-03
   0.0000000e+00
   0.0000000e+00
   0.0000000e+00
   0.0000000e+00
   0.0000000e+00
   0.0000000e+00
  -0.0000000e+00
  -4.2230571e-03
   1.5638665e-03
   1.4764236e-02
   0.0000000e+00
   0.0000000e+00
   0.0000000e+00
   0.0000000e+00
   0.0000000e+00
   0.0000000e+00
   0.0000000e+00
   0.0000000e+00
   0.0000000e+00
   0.0000000e+00
   0.0000000e+00
   0.0000000e+00
   0.0000000e+00
   0.0000000e+00
   0.0000000e+00
   0.0000000e+00
   0.0000000e+00
   0.0000000e+00
   0.0000000e+00
   0.0000000e+00
   0.0000000e+00
   0.0000000e+00
   0.0000000e+00
   0.0000000e+00
   0.0000000e+00
   0.0000000e+00
   0.0000000e+00
   0.0000000e+00
   0.0000000e+00
   0.0000000e+00
  -0.0000000e+00
  -0.0000000e+00
   0.0000000e+00
   0.0000000e+00
   0.0000000e+00
  -0.0000000e+00
  -3.7272716e-02
  -1.3902503e-02
   0.0000000e+00
   0.0000000e+00
   0.0000000e+00
   0.0000000e+00
   0.0000000e+00
  -0.0000000e+00
  -0.0000000e+00
  -2.1356266e-02
   3.0598955e-03
   1.7561120e-02
   0.0000000e+00
   0.0000000e+00
   0.0000000e+00
   0.0000000e+00
   0.0000000e+00
   0.0000000e+00
   0.0000000e+00
   0.0000000e+00
   0.0000000e+00
   0.0000000e+00
  -9.5251338e-04
  -2.4486805e-04
   2.1359894e-03
   3.7205947e-03
   2.3796206e-04
  -2.9209713e-03
  -3.6383008e-03
   1.3831109e-03
   3.0335588e-03
   2.8511012e-03
   4.3143490e-03
   3.3613540e-03
  -4.0100051e-03
  -1.3496097e-02
  -2.0889782e-02
  -2.3777376e-02
  -2.1858613e-02
  -1.7357049e-02
  -0.0000000e+00
  -0.0000000e+00
  -0.0000000e+00
  -0.0000000e+00
  -0.0000000e+00
  -0.0000000e+00
  -0.0000000e+00
  -9.1747060e-03
  -4.7059149e-03
  -1.7127550e-03
  -0.0000000e+00
  -0.0000000e+00
  -0.0000000e+00
  -0.0000000e+00
  -0.0000000e+00
  -0.0000000e+00
  -1.3885671e-02
  -6.6199919e-03
   3.0414359e-03
   0.0000000e+00
  -0.0000000e+00
  -0.0000000e+00
  -0.0000000e+00
