   0.0000000e+00
   0.0000000e+00
   0.0000000e+00
   0.0000000e+00
   0.0000000e+00
   0.0000000e+00
   0.0000000e+00
   0.0000000e+00
   1.1618604e-02
   0.0000000e+00
   0.0000000e+00
   0.0000000e+00
   0.0000000e+00
   0.0000000e+00
   0.0000000e+00
   0.0000000e+00
   0.0000000e+00
   0.0000000e+00
   0.0000000e+00
   0.0000000e+00
   0.0000000e+00
   0.0000000e+00
   0.0000000e+00
   0.0000000e+00
   0.0000000e+00
   0.0000000e+00
   0.0000000e+00
   4.2279121e-03
   0.0000000e+00
   0.0000000e+00
   0.0000000e+00
   0.0000000e+00
   0.0000000e+00
   0.0000000e+00
   0.0000000e+00
   0.0000000e+00
   0.0000000e+00
   0.0000000e+00
   0.0000000e+00
   0.0000000e+00
   0.0000000e+00
   0.0000000e+00
   0.0000000e+00
   0.0000000e+00
   0.0000000e+00
   0.0000000e+00
   0.0000000e+00
   0.0000000e+00
   0.0000000e+00
   0.0000000e+00
   0.0000000e+00
   0.0000000e+00
   0.0000000e+00
   0.0000000e+00
   0.0000000e+00
  -1.4142619e-02
  -6.7644294e-03
   7.0815791e-03
   7.4688914e-03
   4.2482819e-03
   1.4538776e-03
  -4.4892659e-03
  -1.0526854e-02
  -1.9059336e-02
  -2.7718745e-02
  -3.1414783e-02
  -3.1816578e-02
  -3.5140381e-02
  -4.2018247e-02
  -4.1859738e-02
  -2.9009127e-02
  -3.3505137e-02
  -3.9111696e-02
   0.0000000e+00
  -4.6642381e-03
  -1.7564781e-03
   3.7561612e-04
   7.9276135e-03
   6.0763642e-03
   6.5113308e-03
   5.7226446e-03
   1.2873218e-03
  -1.2756230e-02
  -1.9917628e-02
   0.0000000e+00
   0.0000000e+00
   0.0000000e+00
   0.0000000e+00
   0.0000000e+00
   0.0000000e+00
   0.0000000e+00
   0.0000000e+00
   0.0000000e+00
   0.0000000e+00
   0.0000000e+00
   0.0000000e+00
   0.0000000e+00
   0.0000000e+00
   0.0000000e+00
   0.0000000e+00
  -6.0758019e-04
   0.0000000e+00
  -1.1722926e-03
  -6.6293828e-03
  -5.5261352e-03
   4.2592568e-05
   4.8319907e-03
   5.4131541e-03
   8.9596948e-03
   8.7685352e-03
   8.5218931e-03
   7.3491000e-03
   4.8404196e-03
   3.2847512e-03
   2.4227286e-03
   1.5760229e-03
   2.6327944e-03
   9.3566824e-04
  -8.4206089e-04
   5.6542642e-04
  -1.1440382e-02
   3.7118053e-03
   4.3711457e-03
   1.8047733e-02
   1.6884323e-02
   2.0996718e-02
   1.7556816e-02
   1.8404564e-02
   1.5447360e-02
   1.4085970e-02
   7.4185245e-03
   1.1447122e-02
   1.0795868e-02
   5.1826345e-03
   5.7363780e-03
   2.6189023e-02
   1.8788128e-02
   0.0000000e+00
  -1.0584094e-02
  -1.2418288e-02
  -1.7475639e-02
  -2.6356662e-02
   0.0000000e+00
   0.0000000e+00
   6.0022969e-03
   1.8745042e-02
   2.6218201e-02
   2.8614859e-02
   2.1145660e-02
   0.0000000e+00
   1.2207943e-02
   6.9510392e-03
   7.9693357e-03
   1.4369834e-02
   2.1451604e-02
   2.6486216e-02
   3.0728644e-02
   3.4545586e-02
   3.8627736e-02
   4.0086415e-02
   4.1763753e-02
   4.3723933e-02
   4.6695601e-02
   4.9580012e-02
   5.1400919e-02
   5.1228106e-02
   4.8774518e-02
   4.4048414e-02
   4.0599961e-02
   4.9279161e-02
   6.1751532e-02
   5.2238449e-02
   4.3071896e-02
   3.5316393e-02
   3.1814359e-02
   3.1380650e-02
   3.2444179e-02
   3.5981525e-02
   3.8547438e-02
   4.2720944e-02
   4.5031935e-02
   4.5903191e-02
   4.1929707e-02
   4.3186612e-02
   4.6957838e-02
   5.3172711e-02
   3.6778986e-02
   2.6711471e-02
   1.5629999e-02
   5.6784411e-03
  -7.9551260e-03
  -8.3908146e-03
   4.7623512e-02
   4.4590838e-02
   4.2466668e-02
   0.0000000e+00
   0.0000000e+00
   0.0000000e+00
   0.0000000e+00
   1.4726012e-02
   1.9956792e-02
   3.2083981e-02
   3.7581138e-02
   4.2418987e-02
   4.9872408e-02
   5.7754461e-02
   6.6594578e-02
   7.2359242e-02
   7.5641148e-02
   7.8267969e-02
   8.2490601e-02
   8.7091528e-02
   9.0152420e-02
   9.0833768e-02
   8.7433562e-02
   7.9250477e-02
   7.0672825e-02
   6.4651794e-02
   0.0000000e+00
   3.6765746e-02
   3.8148746e-02
   3.4485713e-02
   3.8283445e-02
   4.4387031e-02
   4.9531084e-02
   5.4322898e-02
   5.9642676e-02
   6.4853467e-02
   6.9752127e-02
   7.3263325e-02
   7.4377090e-02
   7.2003566e-02
   7.3698692e-02
   8.1189737e-02
   8.3754614e-02
   7.8138009e-02
   7.0484430e-02
   6.3183092e-02
   5.5643894e-02
   5.0090929e-02
   0.0000000e+00
   0.0000000e+00
   0.0000000e+00
   0.0000000e+00
   0.0000000e+00
   0.0000000e+00
   0.0000000e+00
   2.0137542e-02
   2.7936740e-02
   4.4362310e-02
   5.5668363e-02
   5.7017176e-02
   6.2900214e-02
   7.4587800e-02
   8.5588649e-02
   9.2197165e-02
   9.4830386e-02
   9.8013990e-02
   1.0253248e-01
   1.0617952e-01
   1.1016954e-01
   1.1139301e-01
   1.0554260e-01
   9.5888928e-02
   8.0195427e-02
   4.6296144e-02
   0.0000000e+00
   1.3142729e-02
   1.8018283e-02
   2.8915828e-02
   3.8971253e-02
   5.0708532e-02
   6.0868751e-02
   6.6875674e-02
   7.1710765e-02
   7.4716024e-02
   7.5110741e-02
   7.4617527e-02
   7.4633047e-02
   7.8891903e-02
   8.4532388e-02
   9.2739165e-02
   1.0127936e-01
   1.0253853e-01
   9.9041589e-02
   9.6426368e-02
   9.1487385e-02
   8.2320703e-02
   0.0000000e+00
   0.0000000e+00
   0.0000000e+00
   0.0000000e+00
   0.0000000e+00
   0.0000000e+00
   0.0000000e+00
   2.2317603e-02
   3.1156603e-02
   4.7441091e-02
   6.1440457e-02
   6.4581953e-02
   7.9283999e-02
   8.9601815e-02
   9.6288919e-02
   9.9053085e-02
   1.0040691e-01
   1.0313844e-01
   1.0643250e-01
   1.0942027e-01
   1.1114040e-01
   1.1032070e-01
   1.0584366e-01
   9.6027032e-02
   7.4912362e-02
   4.0173886e-02
   0.0000000e+00
   7.2979105e-03
   1.2069313e-02
   2.7284980e-02
   3.9014433e-02
   5.2258350e-02
   6.4487912e-02
   7.2132505e-02
   7.4232578e-02
   7.1970500e-02
   6.6603258e-02
   6.1230179e-02
   5.6631576e-02
   5.8509387e-02
   7.2562657e-02
   8.7579049e-02
   1.0106843e-01
   1.0743743e-01
   1.0846232e-01
   1.0716700e-01
   1.0109036e-01
   8.6921515e-02
   0.0000000e+00
   0.0000000e+00
   0.0000000e+00
   0.0000000e+00
   0.0000000e+00
   0.0000000e+00
   0.0000000e+00
   3.0075836e-02
   3.5337172e-02
   4.5611918e-02
   5.7500150e-02
   6.5165594e-02
   7.6070942e-02
   8.6483277e-02
   9.0164907e-02
   9.2128910e-02
   9.2954099e-02
   9.4399683e-02
   9.6627049e-02
   9.8359659e-02
   9.8682471e-02
   9.7574875e-02
   9.3627281e-02
   8.4036805e-02
   6.3831702e-02
   3.3156581e-02
   0.0000000e+00
   0.0000000e+00
   1.2280439e-02
   2.3741264e-02
   3.4389440e-02
   4.8712458e-02
   6.1373685e-02
   6.7147851e-02
   6.6317007e-02
   5.9666056e-02
   4.8814438e-02
   4.3477278e-02
   4.2237606e-02
   4.1917522e-02
   5.2712910e-02
   6.7961171e-02
   8.5034706e-02
   9.6384317e-02
   1.0059205e-01
   9.9963658e-02
   9.3558349e-02
   8.1304855e-02
   0.0000000e+00
   0.0000000e+00
   0.0000000e+00
   0.0000000e+00
   0.0000000e+00
   0.0000000e+00
   2.8943467e-02
   3.5122909e-02
   3.8054146e-02
   4.3018948e-02
   5.0043602e-02
   5.7030264e-02
   6.5838128e-02
   7.3083110e-02
   7.5439431e-02
   7.6194935e-02
   7.6564245e-02
   7.6486252e-02
   7.6891385e-02
   7.7882104e-02
   7.7942677e-02
   7.7062301e-02
   7.3920012e-02
   6.5460034e-02
   4.8956644e-02
   2.7125257e-02
   0.0000000e+00
   0.0000000e+00
   4.1953495e-03
   1.3492867e-02
   2.5512706e-02
   3.9434589e-02
   5.1497914e-02
   5.4255705e-02
   4.9696304e-02
   3.4043476e-02
   2.5273133e-02
   2.7227605e-02
   2.6639946e-02
   2.7068295e-02
   3.6157493e-02
   4.8056137e-02
   6.3858882e-02
   7.6816276e-02
   8.2668163e-02
   8.2081363e-02
   7.6701023e-02
   7.0479722e-02
   4.3887640e-02
   0.0000000e+00
   0.0000000e+00
   0.0000000e+00
   0.0000000e+00
   1.4297311e-02
   2.7767852e-02
   3.2592494e-02
   3.4476288e-02
   3.5542946e-02
   3.7540980e-02
   4.1002057e-02
   4.5763951e-02
   4.9705405e-02
   5.2109182e-02
   5.2891988e-02
   5.2190118e-02
   5.0777789e-02
   4.9813922e-02
   4.9658254e-02
   4.9506523e-02
   4.8523396e-02
   4.5833636e-02
   3.9558601e-02
   2.8682161e-02
   2.1878716e-02
   0.0000000e+00
   0.0000000e+00
  -0.0000000e+00
   1.9006788e-03
   1.2171320e-02
   2.5908899e-02
   3.6102988e-02
   3.4827095e-02
   2.4256349e-02
   5.5542315e-03
   0.0000000e+00
   0.0000000e+00
   8.5451080e-04
   5.4050088e-03
   1.6115757e-02
   2.7408548e-02
   4.0030923e-02
   5.0138775e-02
   5.4529913e-02
   5.3650156e-02
   4.9782522e-02
   4.9904592e-02
   2.9074509e-02
   2.8506070e-02
   0.0000000e+00
   0.0000000e+00
   0.0000000e+00
   1.0911563e-02
   1.8374437e-02
   2.4134176e-02
   2.5121659e-02
   2.3407770e-02
   2.1936564e-02
   2.1817779e-02
   2.3140142e-02
   2.5411705e-02
   2.7604403e-02
   2.7888719e-02
   2.7131524e-02
   2.6020221e-02
   2.4726896e-02
   2.3434967e-02
   2.2258459e-02
   2.0481085e-02
   1.8120417e-02
   1.4020495e-02
   8.6253555e-03
   9.1988994e-03
   0.0000000e+00
   0.0000000e+00
   0.0000000e+00
  -1.3169575e-02
  -5.4328162e-03
   1.1268910e-02
   1.9435214e-02
   1.3799221e-02
   3.4348894e-04
  -1.0044835e-02
   0.0000000e+00
   0.0000000e+00
  -1.7877514e-02
  -1.3166811e-02
  -2.2012237e-03
   9.8639615e-03
   1.7373202e-02
   2.1696728e-02
   2.2949062e-02
   2.1701941e-02
   2.0098645e-02
   2.4222836e-02
   8.4501840e-03
   1.0497159e-02
   1.1275720e-02
   0.0000000e+00
   0.0000000e+00
   4.8052066e-03
   1.0195770e-02
   1.4550478e-02
   1.3455233e-02
   1.0552275e-02
   7.9079140e-03
   5.8507128e-03
   5.4825880e-03
   6.6312966e-03
   8.0615161e-03
   8.3652167e-03
   7.6834057e-03
   6.5679974e-03
   4.8320480e-03
   2.4826420e-03
   8.4604369e-05
  -2.3435822e-03
  -4.5996234e-03
  -7.0533771e-03
  -8.6221332e-03
  -4.5074848e-03
  -0.0000000e+00
   0.0000000e+00
   0.0000000e+00
  -3.1609598e-02
  -2.5719147e-02
  -2.6722383e-03
   2.7888652e-03
  -5.2612964e-03
  -1.5229161e-02
  -8.7782856e-03
   0.0000000e+00
   0.0000000e+00
  -3.0274230e-02
  -2.4590460e-02
  -1.4756361e-02
  -7.5140321e-03
  -5.1020123e-03
  -5.3180112e-03
  -6.6806776e-03
  -8.1974724e-03
  -7.5604375e-03
  -1.1244954e-03
  -1.2368184e-02
  -6.2197079e-04
  -1.8353393e-03
  -3.6640389e-03
  -8.6187615e-03
  -3.8649859e-03
   5.5956211e-04
   3.2871872e-03
   2.0890361e-03
  -3.1498321e-04
  -3.1813845e-03
  -5.7965859e-03
  -7.0699631e-03
  -6.7572902e-03
  -5.9157333e-03
  -5.6976082e-03
  -6.5464151e-03
  -8.1211840e-03
  -1.0689540e-02
  -1.4088160e-02
  -1.7592419e-02
  -2.0791241e-02
  -2.3457889e-02
  -2.5270092e-02
  -2.4594611e-02
  -1.4845851e-02
  -0.0000000e+00
   0.0000000e+00
   0.0000000e+00
  -0.0000000e+00
  -4.2316433e-02
  -1.4805569e-02
  -1.3336722e-02
  -2.2485857e-02
  -2.9870700e-02
  -0.0000000e+00
   0.0000000e+00
   0.0000000e+00
  -4.0771221e-02
  -2.8486185e-02
  -1.8031595e-02
  -2.2774049e-02
  -2.6616952e-02
  -3.0665286e-02
  -3.4132506e-02
  -3.5351049e-02
  -3.2398280e-02
  -2.4123869e-02
  -3.0914247e-02
  -1.9112853e-02
  -1.2511221e-02
  -1.0893973e-02
  -1.3613846e-02
  -1.2101142e-02
  -7.7566043e-03
  -5.3658355e-03
  -5.5047129e-03
  -7.2143497e-03
  -1.0281583e-02
  -1.3253553e-02
  -1.5451378e-02
  -1.5976181e-02
  -1.5648309e-02
  -1.5888546e-02
  -1.6876033e-02
  -1.9057292e-02
  -2.2667542e-02
  -2.7167544e-02
  -3.1704739e-02
  -3.6012802e-02
  -3.9473951e-02
  -4.1222662e-02
  -3.8878411e-02
  -2.1668697e-02
  -0.0000000e+00
   0.0000000e+00
   0.0000000e+00
   0.0000000e+00
  -4.1525496e-02
  -2.4155505e-02
  -2.7993644e-02
  -3.6245562e-02
  -3.6811814e-02
  -0.0000000e+00
   0.0000000e+00
   0.0000000e+00
  -0.0000000e+00
  -2.9228433e-02
  -2.1346164e-02
  -3.6222022e-02
  -4.5290723e-02
  -5.1927209e-02
  -5.6497924e-02
  -5.6969535e-02
  -5.2270401e-02
  -4.3090455e-02
  -4.6107013e-02
  -3.4632180e-02
  -2.7205586e-02
  -2.6639517e-02
  -2.0145145e-02
  -1.7352410e-02
  -1.2727417e-02
  -9.9006705e-03
  -9.2297746e-03
  -1.1312430e-02
  -1.5027217e-02
  -1.8580891e-02
  -2.1406844e-02
  -2.2636287e-02
  -2.3107266e-02
  -2.3858026e-02
  -2.5019936e-02
  -2.7908048e-02
  -3.2597534e-02
  -3.7878074e-02
  -4.3298095e-02
  -4.8472907e-02
  -5.2498378e-02
  -5.3797454e-02
  -4.9967866e-02
  -2.8544553e-02
  -0.0000000e+00
   0.0000000e+00
   0.0000000e+00
   0.0000000e+00
  -2.7159128e-02
  -3.2032587e-02
  -4.0015522e-02
  -4.5164805e-02
  -3.5769679e-02
  -0.0000000e+00
   0.0000000e+00
   0.0000000e+00
   0.0000000e+00
  -3.2893710e-02
  -3.1640524e-02
  -4.7684748e-02
  -5.8777340e-02
  -6.6116437e-02
  -7.0918776e-02
  -7.1329042e-02
  -6.6771694e-02
  -5.7955936e-02
  -5.6638069e-02
  -4.5283079e-02
  -3.6820393e-02
  -3.0844472e-02
  -2.2862967e-02
  -1.8158028e-02
  -1.3944131e-02
  -1.1186365e-02
  -1.1772042e-02
  -1.5460678e-02
  -2.0078599e-02
  -2.4134323e-02
  -2.6824838e-02
  -2.7981365e-02
  -2.8969565e-02
  -2.9993011e-02
  -3.1929974e-02
  -3.5987414e-02
  -4.1431636e-02
  -4.7152154e-02
  -5.2976824e-02
  -5.8216870e-02
  -6.1711699e-02
  -6.1860174e-02
  -5.8958456e-02
  -4.4230175e-02
  -0.0000000e+00
   0.0000000e+00
   0.0000000e+00
   0.0000000e+00
  -2.5191563e-02
  -3.8196437e-02
  -4.8137415e-02
  -4.9057454e-02
  -2.9874146e-02
  -0.0000000e+00
   0.0000000e+00
   0.0000000e+00
   0.0000000e+00
  -3.4449610e-02
  -4.5577519e-02
  -5.6097656e-02
  -6.5961324e-02
  -7.2676115e-02
  -7.7067390e-02
  -7.8448996e-02
  -7.5907521e-02
  -6.8172440e-02
  -6.0714886e-02
  -4.8796467e-02
  -3.7921686e-02
  -2.8510263e-02
  -1.9465428e-02
  -1.5996451e-02
  -1.3976847e-02
  -1.3955854e-02
  -1.7409761e-02
  -2.2350302e-02
  -2.7130134e-02
  -3.0668240e-02
  -3.2650571e-02
  -3.3611532e-02
  -3.4724981e-02
  -3.6435768e-02
  -3.9923411e-02
  -4.5051273e-02
  -5.0637167e-02
  -5.6146916e-02
  -6.1264761e-02
  -6.5423019e-02
  -6.7702308e-02
  -6.7554094e-02
  -6.1632756e-02
  -5.2765357e-02
   0.0000000e+00
   0.0000000e+00
   0.0000000e+00
   0.0000000e+00
  -2.8980281e-02
  -4.2110771e-02
  -5.2662909e-02
  -4.8616908e-02
  -2.1112124e-02
  -0.0000000e+00
   0.0000000e+00
   0.0000000e+00
   0.0000000e+00
  -4.7523245e-02
  -5.7533802e-02
  -5.9702944e-02
  -6.6687196e-02
  -7.2010286e-02
  -7.5520366e-02
  -7.8592561e-02
  -7.8644454e-02
  -7.1964480e-02
  -5.5450238e-02
  -4.2675085e-02
  -2.9833322e-02
  -1.9563526e-02
  -1.4160539e-02
  -1.4608895e-02
  -1.6891779e-02
  -2.1194873e-02
  -2.7076814e-02
  -3.2392584e-02
  -3.6441457e-02
  -3.8950775e-02
  -4.0546868e-02
  -4.1965399e-02
  -4.3904383e-02
  -4.7061376e-02
  -5.1659655e-02
  -5.6579866e-02
  -6.1232537e-02
  -6.5310463e-02
  -6.8373777e-02
  -7.0459560e-02
  -7.0964701e-02
  -6.7411348e-02
  -4.6691366e-02
  -0.0000000e+00
   0.0000000e+00
   0.0000000e+00
   0.0000000e+00
   0.0000000e+00
  -0.0000000e+00
  -4.5405461e-02
  -5.3603716e-02
  -4.4073090e-02
  -1.2604620e-02
   0.0000000e+00
   0.0000000e+00
   0.0000000e+00
   0.0000000e+00
  -4.8524781e-02
  -5.5810589e-02
  -5.7117507e-02
  -6.0965173e-02
  -6.4154632e-02
  -6.6941693e-02
  -7.1532741e-02
  -7.2910145e-02
  -6.6575550e-02
  -3.8699590e-02
  -2.7808350e-02
  -1.7458538e-02
  -1.1301958e-02
  -1.1496590e-02
  -1.6270475e-02
  -2.2968734e-02
  -3.0835235e-02
  -3.8527232e-02
  -4.4375021e-02
  -4.8109561e-02
  -5.0450515e-02
  -5.2527562e-02
  -5.4910682e-02
  -5.7953808e-02
  -6.1878063e-02
  -6.6027336e-02
  -6.9628842e-02
  -7.2542720e-02
  -7.4271359e-02
  -7.4381560e-02
  -7.2680771e-02
  -6.8701528e-02
  -5.8798499e-02
  -3.7319337e-02
  -0.0000000e+00
   0.0000000e+00
   0.0000000e+00
   0.0000000e+00
   0.0000000e+00
   0.0000000e+00
  -4.3370638e-02
  -5.0138094e-02
  -3.6412034e-02
  -7.1434034e-03
   0.0000000e+00
   0.0000000e+00
   0.0000000e+00
   0.0000000e+00
  -4.2457210e-02
  -4.7838304e-02
  -4.8966832e-02
  -4.9151812e-02
  -4.9367588e-02
  -5.0995272e-02
  -5.4899707e-02
  -5.5189539e-02
  -4.8670769e-02
  -2.0790355e-02
  -1.4949506e-02
  -1.0032466e-02
  -9.1857668e-03
  -1.3110179e-02
  -2.0023976e-02
  -2.8764028e-02
  -3.8262811e-02
  -4.7112796e-02
  -5.3944960e-02
  -5.8510959e-02
  -6.1847609e-02
  -6.4879030e-02
  -6.7960575e-02
  -7.1246505e-02
  -7.4596390e-02
  -7.7418916e-02
  -7.9509199e-02
  -8.0278322e-02
  -7.9156309e-02
  -7.5637117e-02
  -6.9292814e-02
  -5.9741110e-02
  -4.2870618e-02
  -1.9722866e-02
   0.0000000e+00
   0.0000000e+00
   0.0000000e+00
   0.0000000e+00
   0.0000000e+00
   0.0000000e+00
  -3.9069250e-02
  -4.3370459e-02
  -2.7784100e-02
  -4.2443452e-03
   0.0000000e+00
   0.0000000e+00
   0.0000000e+00
   0.0000000e+00
  -3.4466016e-02
  -3.6595892e-02
  -3.6102258e-02
  -3.2683473e-02
  -2.8980223e-02
  -2.9210849e-02
  -3.1406362e-02
  -3.0450134e-02
  -2.6200730e-02
  -1.2729324e-02
  -1.2449938e-02
  -1.1690065e-02
  -1.4216105e-02
  -1.9720875e-02
  -2.6827894e-02
  -3.4727328e-02
  -4.2971410e-02
  -5.0858766e-02
  -5.7443969e-02
  -6.2557563e-02
  -6.6823974e-02
  -7.0462115e-02
  -7.3595986e-02
  -7.6312959e-02
  -7.8455850e-02
  -7.9829037e-02
  -8.0292605e-02
  -7.8940347e-02
  -7.5458445e-02
  -6.9283344e-02
  -5.9947360e-02
  -4.6603363e-02
  -2.6116177e-02
  -7.9507455e-03
   0.0000000e+00
   0.0000000e+00
   0.0000000e+00
   0.0000000e+00
   0.0000000e+00
   0.0000000e+00
  -3.5766976e-02
  -3.5501599e-02
  -2.0320434e-02
  -3.9988410e-03
   0.0000000e+00
   0.0000000e+00
   0.0000000e+00
   0.0000000e+00
  -2.9406523e-02
  -2.4797745e-02
  -2.1085087e-02
  -1.5048229e-02
  -6.6086347e-03
  -6.4396998e-03
  -9.2628924e-03
  -9.8081082e-03
  -1.1175540e-02
  -1.4590523e-02
  -1.9759249e-02
  -2.1013917e-02
  -2.5746213e-02
  -3.2926425e-02
  -4.0170830e-02
  -4.6338588e-02
  -5.1713645e-02
  -5.6532741e-02
  -6.0451392e-02
  -6.3722037e-02
  -6.6703260e-02
  -6.9086693e-02
  -7.0948452e-02
  -7.2240949e-02
  -7.2704986e-02
  -7.2303087e-02
  -7.0884489e-02
  -6.7634188e-02
  -6.2643483e-02
  -5.5432145e-02
  -4.5284718e-02
  -3.0993847e-02
  -1.1508022e-02
  -2.0924752e-03
   0.0000000e+00
   0.0000000e+00
   0.0000000e+00
   0.0000000e+00
   0.0000000e+00
   0.0000000e+00
  -3.1382152e-02
  -2.6849538e-02
  -1.3579314e-02
  -2.0979961e-03
   0.0000000e+00
   0.0000000e+00
   0.0000000e+00
   0.0000000e+00
  -2.2648792e-02
  -1.3579398e-02
  -7.0362575e-03
   1.2238416e-03
   1.4893394e-02
   1.3004275e-02
   6.2905070e-03
   2.4625205e-03
  -5.5050915e-03
  -1.9802123e-02
  -3.1464972e-02
  -3.3631846e-02
  -4.0410314e-02
  -5.0163168e-02
  -5.8474835e-02
  -6.4069033e-02
  -6.7307383e-02
  -6.8792775e-02
  -6.8799607e-02
  -6.8218865e-02
  -6.7654058e-02
  -6.6726588e-02
  -6.5627113e-02
  -6.4264894e-02
  -6.2340457e-02
  -5.9880428e-02
  -5.6832839e-02
  -5.2354097e-02
  -4.6691310e-02
  -3.9378911e-02
  -2.9557891e-02
  -1.6264565e-02
   6.0617138e-05
   4.8222932e-03
   0.0000000e+00
   0.0000000e+00
   0.0000000e+00
   0.0000000e+00
   0.0000000e+00
  -4.9704011e-02
  -2.6543994e-02
  -1.6263988e-02
  -5.3935959e-03
   9.8430135e-04
   0.0000000e+00
   0.0000000e+00
   0.0000000e+00
   0.0000000e+00
  -0.0000000e+00
  -1.3450746e-03
   4.5095636e-03
   1.3259429e-02
   2.3236839e-02
   2.0949669e-02
   1.4840911e-02
   8.6796125e-03
  -4.0201121e-03
  -2.1206411e-02
  -4.0280757e-02
  -4.1920313e-02
  -4.9957401e-02
  -6.1605327e-02
  -7.0561961e-02
  -7.6392958e-02
  -7.9194302e-02
  -7.9209538e-02
  -7.6804841e-02
  -7.3238680e-02
  -6.9346451e-02
  -6.4982504e-02
  -6.0623109e-02
  -5.6450929e-02
  -5.2407286e-02
  -4.8540430e-02
  -4.4773774e-02
  -4.0148419e-02
  -3.4744706e-02
  -2.7993101e-02
  -1.8960096e-02
  -6.7264814e-03
   7.2213904e-03
   1.5722175e-02
   0.0000000e+00
   0.0000000e+00
   0.0000000e+00
   0.0000000e+00
  -2.8649308e-02
  -4.1707094e-02
  -1.8327402e-02
  -4.1417787e-03
   7.0457350e-03
   9.0964568e-03
   0.0000000e+00
   0.0000000e+00
   0.0000000e+00
   0.0000000e+00
   0.0000000e+00
   8.5649060e-03
   1.1888017e-02
   1.5145980e-02
   0.0000000e+00
   1.8148358e-02
   1.8052835e-02
   1.2230081e-02
  -1.2805342e-03
  -1.2080943e-02
  -4.3161205e-02
  -4.0953331e-02
  -4.9892017e-02
  -6.2524654e-02
  -7.1781828e-02
  -7.8221744e-02
  -8.1622270e-02
  -8.1903202e-02
  -7.9390539e-02
  -7.5123979e-02
  -7.0038199e-02
  -6.4093090e-02
  -5.7913039e-02
  -5.1995744e-02
  -4.6609810e-02
  -4.1942726e-02
  -3.7970136e-02
  -3.3542484e-02
  -2.8419450e-02
  -2.2216185e-02
  -1.4341347e-02
  -2.9533504e-03
   9.3840964e-03
   1.6890500e-02
   0.0000000e+00
   0.0000000e+00
   0.0000000e+00
   0.0000000e+00
  -2.7402383e-02
  -2.8856224e-02
  -7.3583602e-03
   1.8252419e-03
   1.4126335e-02
   1.4801200e-02
   0.0000000e+00
   0.0000000e+00
   0.0000000e+00
   0.0000000e+00
   0.0000000e+00
   1.5236689e-02
   1.4016965e-02
   9.3755173e-03
   0.0000000e+00
   1.3530935e-02
   1.9376749e-02
   1.5391865e-02
   4.4340370e-03
   2.2564144e-03
   0.0000000e+00
  -3.5302755e-02
  -4.3378042e-02
  -5.5456027e-02
  -6.4572461e-02
  -7.1405136e-02
  -7.5338849e-02
  -7.6133655e-02
  -7.4329072e-02
  -7.0668497e-02
  -6.6047781e-02
  -6.0311332e-02
  -5.3955368e-02
  -4.7470106e-02
  -4.1222737e-02
  -3.5581038e-02
  -3.0979451e-02
  -2.6679111e-02
  -2.2235743e-02
  -1.7430766e-02
  -1.2643979e-02
  -4.7591618e-03
   5.6883360e-03
   7.9385499e-03
   4.7232467e-03
   0.0000000e+00
   0.0000000e+00
  -3.3483039e-02
  -2.4631653e-02
  -1.5481668e-02
   2.2648038e-03
   0.0000000e+00
   0.0000000e+00
   0.0000000e+00
   0.0000000e+00
   0.0000000e+00
   0.0000000e+00
   0.0000000e+00
   0.0000000e+00
   1.2279461e-02
   1.1820778e-02
   5.2484799e-03
   0.0000000e+00
   1.2015404e-02
   2.1775344e-02
   1.8701816e-02
   1.0668333e-02
   0.0000000e+00
   0.0000000e+00
  -3.0278585e-02
  -3.9456520e-02
  -5.0291598e-02
  -5.8975190e-02
  -6.5756619e-02
  -6.9699936e-02
  -7.0484132e-02
  -6.8910964e-02
  -6.5709099e-02
  -6.1562974e-02
  -5.6235768e-02
  -4.9947321e-02
  -4.3028820e-02
  -3.5719618e-02
  -2.8331935e-02
  -2.1815736e-02
  -1.6601592e-02
  -1.2805247e-02
  -1.0649652e-02
  -1.1679573e-02
  -1.2777140e-02
  -4.0085656e-03
  -5.7901060e-03
  -1.8005981e-02
  -2.2941504e-02
  -4.0321796e-02
  -3.5603203e-02
  -2.1918152e-02
  -5.5724652e-03
   8.2724496e-03
   0.0000000e+00
   0.0000000e+00
   0.0000000e+00
   0.0000000e+00
   0.0000000e+00
   0.0000000e+00
   0.0000000e+00
   0.0000000e+00
  -4.8596563e-03
   7.0862230e-03
   4.2596457e-03
   0.0000000e+00
   0.0000000e+00
   2.4165790e-02
   2.1005765e-02
   1.5550649e-02
   0.0000000e+00
   0.0000000e+00
  -3.4227182e-02
  -4.5156270e-02
  -5.7558008e-02
  -6.7866862e-02
  -7.6000936e-02
  -8.0727056e-02
  -8.2000941e-02
  -8.0922663e-02
  -7.8353934e-02
  -7.4770100e-02
  -6.9780827e-02
  -6.3259006e-02
  -5.5434912e-02
  -4.6274208e-02
  -3.5953764e-02
  -2.5490027e-02
  -1.5835036e-02
  -8.3851870e-03
  -5.0993627e-03
  -9.0527022e-03
  -2.2005139e-02
  -1.5875749e-02
  -2.0635517e-02
  -2.8352285e-02
  -4.4097692e-02
  -4.4520600e-02
  -3.7414398e-02
  -2.0465275e-02
  -1.9267208e-03
   1.1061708e-02
   0.0000000e+00
   0.0000000e+00
   0.0000000e+00
   0.0000000e+00
   0.0000000e+00
   0.0000000e+00
   0.0000000e+00
   0.0000000e+00
  -1.5967897e-02
   6.3935324e-04
   4.1334006e-03
   0.0000000e+00
   0.0000000e+00
   2.0902892e-02
   2.0596791e-02
   1.9441235e-02
   0.0000000e+00
   0.0000000e+00
  -4.4433602e-02
  -5.6625180e-02
  -7.2486743e-02
  -8.6209834e-02
  -9.7288214e-02
  -1.0432332e-01
  -1.0756312e-01
  -1.0827392e-01
  -1.0749745e-01
  -1.0547385e-01
  -1.0143675e-01
  -9.4994269e-02
  -8.6161196e-02
  -7.4824847e-02
  -6.1560426e-02
  -4.7107887e-02
  -3.1604942e-02
  -1.6497804e-02
  -5.0194757e-03
  -1.4511871e-03
  -2.2868397e-02
  -2.3787403e-02
  -3.3676028e-02
  -4.3732326e-02
  -5.1556446e-02
  -4.8039109e-02
  -3.9463535e-02
  -2.2433497e-02
  -3.6764173e-03
   1.1542894e-02
   0.0000000e+00
   0.0000000e+00
   0.0000000e+00
   0.0000000e+00
   0.0000000e+00
   0.0000000e+00
   0.0000000e+00
   0.0000000e+00
  -2.3275368e-02
  -7.6062717e-03
   6.2733331e-04
   0.0000000e+00
   0.0000000e+00
   1.3072806e-02
   1.6428310e-02
   0.0000000e+00
   0.0000000e+00
  -6.9709335e-02
  -6.1072666e-02
  -6.4513527e-02
  -8.1040367e-02
  -9.6059382e-02
  -1.0825964e-01
  -1.1672533e-01
  -1.2167456e-01
  -1.2407833e-01
  -1.2472457e-01
  -1.2371951e-01
  -1.2026396e-01
  -1.1379339e-01
  -1.0405415e-01
  -9.1464624e-02
  -7.7372745e-02
  -6.2119525e-02
  -4.4901162e-02
  -2.5758239e-02
  -6.6007851e-03
   7.3755286e-03
   9.0606638e-03
  -2.8021785e-02
  -4.3878861e-02
  -5.2541364e-02
  -5.5095755e-02
  -5.1050059e-02
  -4.1925274e-02
  -2.7657550e-02
  -9.5707644e-03
   8.3515968e-03
   0.0000000e+00
   0.0000000e+00
   0.0000000e+00
   0.0000000e+00
   0.0000000e+00
   0.0000000e+00
   0.0000000e+00
   0.0000000e+00
  -2.8128224e-02
  -1.7011525e-02
  -6.7925942e-03
   0.0000000e+00
   0.0000000e+00
   9.3645491e-03
   1.0894713e-02
   0.0000000e+00
   0.0000000e+00
  -6.9709331e-02
  -6.3841314e-02
  -6.3442558e-02
  -7.7152774e-02
  -9.0587042e-02
  -1.0192075e-01
  -1.1055043e-01
  -1.1629196e-01
  -1.1946163e-01
  -1.2048709e-01
  -1.1961514e-01
  -1.1665619e-01
  -1.1109142e-01
  -1.0248091e-01
  -9.1140755e-02
  -7.7956475e-02
  -6.2719323e-02
  -4.4841073e-02
  -2.4681859e-02
  -3.3763861e-03
   8.8008319e-03
   0.0000000e+00
  -3.3483916e-02
  -5.1781733e-02
  -5.6619029e-02
  -5.6913044e-02
  -5.2956559e-02
  -4.5013584e-02
  -3.4350667e-02
  -1.9440304e-02
  -1.3908696e-03
   0.0000000e+00
   0.0000000e+00
   0.0000000e+00
   0.0000000e+00
   0.0000000e+00
   0.0000000e+00
   0.0000000e+00
   0.0000000e+00
  -3.2953710e-02
  -2.6103666e-02
  -1.5311740e-02
   0.0000000e+00
   2.6435765e-02
   1.3326364e-02
   7.5713219e-03
   0.0000000e+00
   0.0000000e+00
   0.0000000e+00
  -5.1777714e-02
  -5.4097328e-02
  -6.3458741e-02
  -7.4783780e-02
  -8.5485287e-02
  -9.4306499e-02
  -1.0072751e-01
  -1.0457800e-01
  -1.0620478e-01
  -1.0593396e-01
  -1.0408790e-01
  -1.0055283e-01
  -9.5110632e-02
  -8.7330177e-02
  -7.6835707e-02
  -6.2288616e-02
  -4.3109994e-02
  -2.0751607e-02
   1.6379403e-03
   8.7722504e-03
   0.0000000e+00
  -3.8689053e-02
  -5.5620003e-02
  -5.7047814e-02
  -5.6367680e-02
  -5.2617520e-02
  -4.6632137e-02
  -3.9852224e-02
  -3.1090325e-02
  -1.6857598e-02
   0.0000000e+00
   0.0000000e+00
   0.0000000e+00
   0.0000000e+00
   0.0000000e+00
   0.0000000e+00
   0.0000000e+00
   0.0000000e+00
  -4.0198949e-02
  -3.4607105e-02
  -1.9210091e-02
   3.1476073e-02
   3.5824806e-02
   1.9841436e-02
   5.7692484e-03
   0.0000000e+00
   0.0000000e+00
  -0.0000000e+00
  -3.8398614e-02
  -3.9981350e-02
  -4.5506883e-02
  -5.4874904e-02
  -6.5504089e-02
  -7.4952953e-02
  -8.2307696e-02
  -8.7321900e-02
  -8.9961916e-02
  -9.0379611e-02
  -8.9075141e-02
  -8.6398177e-02
  -8.2902148e-02
  -7.8294784e-02
  -7.1357273e-02
  -5.9156612e-02
  -4.0304344e-02
  -1.7400313e-02
   3.7555620e-03
   0.0000000e+00
   0.0000000e+00
  -4.3696498e-02
  -5.2611321e-02
  -5.2709080e-02
  -5.2140001e-02
  -4.9317732e-02
  -4.5903005e-02
  -4.3171007e-02
  -4.1629732e-02
  -3.5045161e-02
   0.0000000e+00
   0.0000000e+00
   0.0000000e+00
   0.0000000e+00
   0.0000000e+00
   0.0000000e+00
   0.0000000e+00
   0.0000000e+00
  -4.7629779e-02
  -4.1155122e-02
  -2.3782300e-02
   3.4261922e-02
   4.3577176e-02
   2.3839257e-02
   5.0454423e-03
   0.0000000e+00
   0.0000000e+00
  -0.0000000e+00
  -2.8948018e-02
  -2.5754768e-02
  -2.8031664e-02
  -3.5269868e-02
  -4.5709562e-02
  -5.6343440e-02
  -6.5291703e-02
  -7.2025612e-02
  -7.6402433e-02
  -7.8159735e-02
  -7.7766664e-02
  -7.5674273e-02
  -7.2745390e-02
  -6.9312915e-02
  -6.4390972e-02
  -5.4369215e-02
  -3.6157709e-02
  -1.2926854e-02
   4.1465295e-03
   0.0000000e+00
  -0.0000000e+00
  -4.4250543e-02
  -4.2822156e-02
  -4.2705595e-02
  -4.2927507e-02
  -4.2185154e-02
  -4.2229459e-02
  -4.3341067e-02
  -4.6014093e-02
  -4.6060296e-02
  -4.1781717e-02
   0.0000000e+00
  -0.0000000e+00
   0.0000000e+00
   0.0000000e+00
   0.0000000e+00
  -1.0402478e-01
  -7.8468147e-02
  -4.8701093e-02
  -4.1869551e-02
  -1.9702289e-02
   3.4753171e-02
   0.0000000e+00
   0.0000000e+00
   0.0000000e+00
   0.0000000e+00
   0.0000000e+00
   0.0000000e+00
  -1.7927247e-02
  -1.3461040e-02
  -1.2962206e-02
  -1.8399108e-02
  -2.8153049e-02
  -3.9537623e-02
  -5.0038239e-02
  -5.8479056e-02
  -6.4344212e-02
  -6.7164726e-02
  -6.7178502e-02
  -6.5084032e-02
  -6.2135078e-02
  -5.9280474e-02
  -5.6054485e-02
  -4.8634318e-02
  -3.1594399e-02
  -6.5812992e-03
   5.2033921e-03
   0.0000000e+00
  -0.0000000e+00
  -3.4957649e-02
  -2.6914171e-02
  -2.7501379e-02
  -2.9612871e-02
  -3.1304564e-02
  -3.4364789e-02
  -3.8767668e-02
  -4.3365660e-02
  -4.4110103e-02
  -3.3655136e-02
   0.0000000e+00
  -0.0000000e+00
  -5.0097054e-02
  -6.9328504e-02
  -7.5826857e-02
  -8.6264706e-02
  -7.0663824e-02
  -4.3417694e-02
  -3.7878475e-02
  -8.7024662e-03
   2.6556659e-02
   0.0000000e+00
   0.0000000e+00
  -0.0000000e+00
   0.0000000e+00
   0.0000000e+00
   0.0000000e+00
  -2.9422365e-03
  -3.4142879e-04
   1.9156593e-03
  -3.3637562e-03
  -1.2794985e-02
  -2.4048317e-02
  -3.4996077e-02
  -4.4092052e-02
  -5.0547652e-02
  -5.3785540e-02
  -5.3823814e-02
  -5.1602088e-02
  -4.8557200e-02
  -4.5992825e-02
  -4.4007774e-02
  -3.9336760e-02
  -2.5031103e-02
   1.9586938e-03
   8.9795012e-03
   0.0000000e+00
   0.0000000e+00
  -2.2660459e-02
  -5.8283166e-03
  -7.4159410e-03
  -1.3869545e-02
  -1.7717892e-02
  -2.2410940e-02
  -2.8974600e-02
  -3.5414290e-02
  -3.6987439e-02
  -2.8860152e-02
   0.0000000e+00
  -0.0000000e+00
  -5.0097058e-02
  -6.2481470e-02
  -6.7072622e-02
  -6.5926157e-02
  -4.9499795e-02
  -3.3351168e-02
  -3.3007414e-02
   3.6519989e-03
   0.0000000e+00
   0.0000000e+00
   0.0000000e+00
  -0.0000000e+00
   0.0000000e+00
   0.0000000e+00
   0.0000000e+00
   0.0000000e+00
   1.4008158e-02
   1.7971884e-02
   1.2600206e-02
   2.2525712e-03
  -9.0407001e-03
  -1.9715245e-02
  -2.8503973e-02
  -3.4893341e-02
  -3.7955302e-02
  -3.7431809e-02
  -3.4709286e-02
  -3.1332869e-02
  -2.8976001e-02
  -2.8437091e-02
  -2.6824181e-02
  -1.5928348e-02
   9.9230946e-03
   1.2114146e-02
   0.0000000e+00
   0.0000000e+00
   0.0000000e+00
   8.5490608e-03
   9.2408627e-03
   5.9368096e-03
  -8.1197535e-04
  -6.9699191e-03
  -1.4905354e-02
  -2.3123059e-02
  -2.6825958e-02
  -2.8813718e-02
  -4.1064732e-02
   0.0000000e+00
  -4.1840301e-02
  -4.4681851e-02
  -4.4949236e-02
  -4.2115639e-02
  -3.1894419e-02
  -2.2433925e-02
  -2.3267553e-02
   2.0360872e-02
   0.0000000e+00
   0.0000000e+00
   0.0000000e+00
   0.0000000e+00
   0.0000000e+00
   0.0000000e+00
   0.0000000e+00
   0.0000000e+00
   2.8075127e-02
   3.0575817e-02
   2.8024897e-02
   1.8488357e-02
   7.0749801e-03
  -3.1900867e-03
  -1.1667890e-02
  -1.7483762e-02
  -1.9724872e-02
  -1.8349152e-02
  -1.4876599e-02
  -1.0967874e-02
  -8.6890599e-03
  -9.7087873e-03
  -1.1613218e-02
  -4.9903388e-03
   1.2237452e-02
   0.0000000e+00
   0.0000000e+00
   0.0000000e+00
   0.0000000e+00
   0.0000000e+00
   2.2276150e-02
   2.4773158e-02
   1.9984260e-02
   1.1929162e-02
   2.2806840e-03
  -8.2489830e-03
  -1.4693227e-02
  -1.9619635e-02
  -0.0000000e+00
  -3.4629000e-02
  -3.2952497e-02
  -2.9311173e-02
  -2.4180088e-02
  -2.8068791e-02
  -1.6516399e-02
  -1.2250103e-02
   0.0000000e+00
   1.9706413e-02
   0.0000000e+00
   0.0000000e+00
   0.0000000e+00
   0.0000000e+00
   0.0000000e+00
   0.0000000e+00
   0.0000000e+00
   0.0000000e+00
   3.1946149e-02
   2.8528698e-02
   3.1233402e-02
   2.9174278e-02
   2.2609780e-02
   1.5288199e-02
   8.5986601e-03
   4.0349858e-03
   3.1851847e-03
   5.4699448e-03
   9.8342383e-03
   1.4108412e-02
   1.5555894e-02
   1.2638321e-02
   6.6084871e-03
   7.3670205e-03
   1.4398771e-02
   0.0000000e+00
   0.0000000e+00
   0.0000000e+00
   0.0000000e+00
   0.0000000e+00
   0.0000000e+00
   3.4842599e-02
   3.8559902e-02
   3.1905498e-02
   2.0879379e-02
   7.8974394e-03
  -3.0982313e-03
  -5.0883822e-03
   0.0000000e+00
  -2.3451811e-02
  -1.6407980e-02
  -1.4106993e-02
  -1.0501350e-02
  -1.3496133e-02
  -7.2659703e-03
  -0.0000000e+00
   0.0000000e+00
   1.3632939e-02
   0.0000000e+00
   0.0000000e+00
   0.0000000e+00
   0.0000000e+00
   0.0000000e+00
   0.0000000e+00
   0.0000000e+00
   0.0000000e+00
   0.0000000e+00
   2.0065698e-02
   2.0525725e-02
   2.5888763e-02
   3.1501785e-02
   3.4212679e-02
   3.4412876e-02
   3.4072630e-02
   3.5336915e-02
   3.8515065e-02
   4.2993587e-02
   4.6496946e-02
   4.5848899e-02
   4.0200479e-02
   2.9540999e-02
   1.9585339e-02
   1.8040207e-02
   0.0000000e+00
   0.0000000e+00
   0.0000000e+00
   0.0000000e+00
   0.0000000e+00
   0.0000000e+00
   0.0000000e+00
   4.8975698e-02
   4.6265609e-02
   3.7488345e-02
   2.4312695e-02
   8.0416584e-03
  -3.0773464e-03
   0.0000000e+00
  -0.0000000e+00
   4.5115161e-03
   1.3025299e-03
   4.7597680e-04
   1.9939874e-03
   3.9970595e-03
   2.8136155e-02
   1.3081005e-02
   1.0262468e-02
   0.0000000e+00
   0.0000000e+00
   0.0000000e+00
   0.0000000e+00
   0.0000000e+00
   0.0000000e+00
   0.0000000e+00
   0.0000000e+00
   0.0000000e+00
   0.0000000e+00
  -2.4737936e-03
   9.4091520e-03
   2.8381661e-02
   4.5606807e-02
   5.7323556e-02
   6.4889416e-02
   7.0502423e-02
   7.5154044e-02
   7.9016678e-02
   8.0738850e-02
   7.7757701e-02
   6.9047272e-02
   5.4184753e-02
   3.0874619e-02
   0.0000000e+00
   0.0000000e+00
   0.0000000e+00
   0.0000000e+00
   0.0000000e+00
   0.0000000e+00
   0.0000000e+00
   0.0000000e+00
   0.0000000e+00
   4.4136696e-02
   4.5976673e-02
   3.7608448e-02
   2.0566344e-02
   7.0125912e-03
   0.0000000e+00
   0.0000000e+00
   4.7137747e-03
   0.0000000e+00
   1.7731416e-02
   1.9022033e-02
   2.2340365e-02
   3.1537816e-02
   3.1270646e-02
   2.0398790e-02
   0.0000000e+00
   0.0000000e+00
   0.0000000e+00
   0.0000000e+00
   0.0000000e+00
   0.0000000e+00
   0.0000000e+00
   0.0000000e+00
   0.0000000e+00
   0.0000000e+00
  -2.2965792e-02
  -8.0703385e-03
   1.8769300e-02
   4.5677360e-02
   6.7327492e-02
   8.2879350e-02
   9.3782112e-02
   1.0031933e-01
   1.0393991e-01
   1.0420187e-01
   9.9634178e-02
   8.8875741e-02
   7.0905589e-02
   4.2828407e-02
   0.0000000e+00
   0.0000000e+00
   0.0000000e+00
   0.0000000e+00
   0.0000000e+00
   0.0000000e+00
   0.0000000e+00
   0.0000000e+00
   0.0000000e+00
   0.0000000e+00
   4.8920075e-02
   4.5524608e-02
   2.9233998e-02
   1.5989909e-02
   0.0000000e+00
   0.0000000e+00
  -0.0000000e+00
   1.8546129e-02
   2.6154330e-02
   2.9635239e-02
   3.6408320e-02
   4.3889936e-02
   4.2711649e-02
   3.4066889e-02
   0.0000000e+00
   0.0000000e+00
   0.0000000e+00
   0.0000000e+00
   0.0000000e+00
   0.0000000e+00
   0.0000000e+00
   0.0000000e+00
   0.0000000e+00
   0.0000000e+00
  -2.6314124e-02
  -1.3667349e-02
   1.3328806e-02
   4.4630799e-02
   7.2462603e-02
   9.2591859e-02
   1.0698451e-01
   1.1531214e-01
   1.1792121e-01
   1.1580680e-01
   1.0886363e-01
   9.5562458e-02
   7.5253196e-02
   4.6668188e-02
   0.0000000e+00
   0.0000000e+00
   0.0000000e+00
   0.0000000e+00
   0.0000000e+00
   0.0000000e+00
   0.0000000e+00
   0.0000000e+00
   0.0000000e+00
   5.4984959e-02
   5.1413794e-02
   4.5327295e-02
   3.1330321e-02
   0.0000000e+00
   0.0000000e+00
   0.0000000e+00
   0.0000000e+00
   0.0000000e+00
   0.0000000e+00
   3.4202188e-02
   3.9190352e-02
   4.4823468e-02
   4.1755840e-02
   0.0000000e+00
   0.0000000e+00
   0.0000000e+00
   0.0000000e+00
   0.0000000e+00
   0.0000000e+00
   0.0000000e+00
   0.0000000e+00
   0.0000000e+00
   0.0000000e+00
   0.0000000e+00
   4.1777863e-03
   4.0875743e-03
   2.6197085e-02
   5.4463379e-02
   7.8145623e-02
   9.8383047e-02
   1.1027248e-01
   1.1210972e-01
   1.0877315e-01
   1.0523443e-01
   9.6843950e-02
   7.8799650e-02
   5.5744812e-02
   3.2476678e-02
   0.0000000e+00
   0.0000000e+00
   0.0000000e+00
   0.0000000e+00
   0.0000000e+00
   0.0000000e+00
   0.0000000e+00
   0.0000000e+00
   0.0000000e+00
   4.8998549e-02
   4.3818481e-02
   3.3162996e-02
   2.8586522e-02
   0.0000000e+00
   0.0000000e+00
   0.0000000e+00
   0.0000000e+00
   0.0000000e+00
   0.0000000e+00
   0.0000000e+00
   0.0000000e+00
   0.0000000e+00
   0.0000000e+00
   0.0000000e+00
   0.0000000e+00
   0.0000000e+00
   0.0000000e+00
   0.0000000e+00
   0.0000000e+00
   0.0000000e+00
   0.0000000e+00
   0.0000000e+00
   0.0000000e+00
   0.0000000e+00
   4.0497941e-02
   2.9960398e-02
   3.0989628e-02
   4.6695080e-02
   6.0963571e-02
   7.4295104e-02
   7.7443779e-02
   7.1668446e-02
   6.2295072e-02
   6.5973937e-02
   4.5468574e-02
   3.1172808e-02
   9.1331247e-03
   0.0000000e+00
   0.0000000e+00
   0.0000000e+00
   0.0000000e+00
   0.0000000e+00
   0.0000000e+00
   0.0000000e+00
   0.0000000e+00
   0.0000000e+00
   0.0000000e+00
   0.0000000e+00
   0.0000000e+00
   0.0000000e+00
  -0.0000000e+00
   0.0000000e+00
  -0.0000000e+00
   0.0000000e+00
   0.0000000e+00
   0.0000000e+00
   0.0000000e+00
   0.0000000e+00
   0.0000000e+00
   0.0000000e+00
   0.0000000e+00
   4.8028359e-03
  -5.5291201e-04
  -1.4885213e-03
   0.0000000e+00
   0.0000000e+00
   0.0000000e+00
   0.0000000e+00
   0.0000000e+00
   0.0000000e+00
   0.0000000e+00
   0.0000000e+00
   0.0000000e+00
   0.0000000e+00
   0.0000000e+00
   0.0000000e+00
   1.2701575e-02
   1.9880788e-02
   2.0248122e-02
   1.5482949e-02
   0.0000000e+00
   0.0000000e+00
   0.0000000e+00
  -0.0000000e+00
  -0.0000000e+00
  -0.0000000e+00
   0.0000000e+00
   0.0000000e+00
   0.0000000e+00
   0.0000000e+00
   0.0000000e+00
   0.0000000e+00
   0.0000000e+00
   0.0000000e+00
   0.0000000e+00
   0.0000000e+00
   0.0000000e+00
   0.0000000e+00
  -0.0000000e+00
   0.0000000e+00
  -9.2055586e-03
  -4.2361439e-03
   0.0000000e+00
   0.0000000e+00
   0.0000000e+00
   0.0000000e+00
   0.0000000e+00
   0.0000000e+00
  -0.0000000e+00
  -8.0249810e-05
  -3.0258049e-03
  -3.0751224e-03
  -0.0000000e+00
   0.0000000e+00
   0.0000000e+00
   0.0000000e+00
   0.0000000e+00
   0.0000000e+00
   0.0000000e+00
   0.0000000e+00
   0.0000000e+00
   0.0000000e+00
   0.0000000e+00
   0.0000000e+00
  -0.0000000e+00
  -0.0000000e+00
  -0.0000000e+00
   0.0000000e+00
   0.0000000e+00
   0.0000000e+00
   0.0000000e+00
   0.0000000e+00
   0.0000000e+00
   0.0000000e+00
   0.0000000e+00
   0.0000000e+00
   0.0000000e+00
   0.0000000e+00
   0.0000000e+00
   0.0000000e+00
   0.0000000e+00
   0.0000000e+00
   0.0000000e+00
   0.0000000e+00
   0.0000000e+00
   0.0000000e+00
   0.0000000e+00
   0.0000000e+00
  -1.0286117e-02
  -8.2580235e-03
  -0.0000000e+00
   0.0000000e+00
   0.0000000e+00
   0.0000000e+00
   0.0000000e+00
   0.0000000e+00
  -0.0000000e+00
  -1.2205662e-02
  -5.3496659e-03
  -7.7716265e-03
  -0.0000000e+00
   0.0000000e+00
   0.0000000e+00
   0.0000000e+00
   0.0000000e+00
   0.0000000e+00
   0.0000000e+00
   0.0000000e+00
   0.0000000e+00
   0.0000000e+00
  -4.0024024e-03
  -6.8304122e-03
  -4.1575291e-02
  -4.3736333e-02
  -3.3976054e-02
  -3.5138111e-02
  -4.2136533e-02
  -4.7416687e-02
  -5.5612620e-02
  -5.6621869e-02
  -5.4483828e-02
  -4.0386319e-02
  -2.1646752e-02
  -1.1821497e-02
  -7.6617974e-03
   0.0000000e+00
   0.0000000e+00
   0.0000000e+00
   0.0000000e+00
   0.0000000e+00
   0.0000000e+00
   0.0000000e+00
   0.0000000e+00
   0.0000000e+00
   0.0000000e+00
   0.0000000e+00
  -5.5890986e-03
  -1.3719442e-02
  -0.0000000e+00
   0.0000000e+00
   0.0000000e+00
   0.0000000e+00
   0.0000000e+00
   0.0000000e+00
   1.0811716e-03
  -3.4924209e-03
  -8.4063309e-03
  -0.0000000e+00
   0.0000000e+00
   0.0000000e+00
   0.0000000e+00
