   4.1115685e+00
   7.2565732e+00
   1.0343216e+01
   1.1738441e+01
   1.0651874e+01
   6.9546437e+00
   3.5390861e+00
   1.5395919e+00
   3.0815521e-01
  -4.9175096e-01
  -1.7298759e+00
  -3.1487737e+00
  -4.1194425e+00
  -3.3965223e+00
  -2.1499689e+00
  -6.6389847e-01
   1.1218827e+00
   1.6622455e+00
   7.6870245e-01
  -3.7416276e-01
  -1.1830047e+00
  -2.0960822e+00
  -3.4296956e+00
  -4.9288721e+00
  -6.3255506e+00
  -7.4059534e+00
  -5.8840771e+00
  -3.1519508e+00
  -1.3629441e+00
  -5.7811046e-01
   6.7338866e-01
   2.1501350e+00
   7.1843332e-01
  -1.9944391e+00
  -2.2436049e+00
   1.1083612e+00
  -3.4803987e+00
  -2.3351407e+00
  -2.1452732e+00
   1.0657527e+00
   3.6092358e+00
   2.6283066e+00
   1.5507703e+00
   1.1753402e+00
   1.3383189e+00
   1.3465132e+00
   1.1673709e+00
   6.0105973e-01
  -3.9470680e-01
  -1.0915383e+00
  -9.5606530e-01
  -1.5185063e+00
  -1.8713777e+00
  -1.6646421e+00
  -2.1892950e+00
  -4.7734213e-01
   1.2804389e-01
  -2.1740464e-01
  -3.3995661e-01
  -1.5231714e+00
  -3.6458395e+00
  -5.2660542e+00
  -5.1278758e+00
  -4.7093319e+00
  -4.9249582e+00
  -5.1151681e+00
  -5.9074247e+00
   7.9103774e-01
   2.4013364e+00
  -4.7823695e+00
  -7.4299235e+00
  -5.0248256e+00
  -4.2609043e+00
  -3.8904488e+00
  -4.1055851e+00
  -3.4977692e+00
  -1.8103621e+00
  -1.6465719e+00
  -4.1030053e-01
   8.7199944e-01
   2.1752696e+00
   2.7184784e+00
   2.7230256e+00
   2.4903102e+00
   2.3062832e+00
   2.0896680e+00
   1.9201530e+00
   1.7299069e+00
   1.6327864e+00
   1.5553019e+00
   8.8491048e-01
   3.7476432e-01
   9.6268630e-01
   1.2760712e+00
   1.1035193e+00
   7.3012048e-01
   1.3669772e-02
  -1.0737094e+00
  -2.1515267e+00
  -2.3184149e+00
  -2.4386089e+00
  -3.0159521e+00
  -4.4914412e+00
  -4.0133696e+00
  -1.7058054e+00
  -2.0946846e+00
  -4.1404061e+00
  -4.2912335e+00
  -1.3825507e+00
  -1.3177998e+00
  -9.3392909e-01
  -6.5353030e-01
   3.3675164e-01
   1.7452898e+00
   2.6672263e+00
   3.2561746e+00
   3.8149047e+00
   3.9253402e+00
   3.7144423e+00
   3.3514328e+00
   3.1139557e+00
   2.9242909e+00
   2.7875104e+00
   2.7105596e+00
   2.7796385e+00
   2.9214020e+00
   2.8168714e+00
   2.6067500e+00
   2.6261497e+00
   2.8372931e+00
   2.8381481e+00
   2.5369446e+00
   2.1850717e+00
   1.9244123e+00
   1.6155198e+00
   1.4395278e+00
   1.5042263e+00
   1.3447990e+00
   5.9103656e-01
  -7.4464548e-01
  -7.3277271e-01
  -2.0860124e-01
  -2.1042138e-01
  -8.9714921e-01
   2.3968506e+00
   2.3518684e+00
   2.6338980e+00
   3.1311858e+00
   3.5854928e+00
   4.1384592e+00
   4.6017876e+00
   4.8334484e+00
   5.0232654e+00
   4.8518438e+00
   4.4496870e+00
   4.0760913e+00
   3.8579266e+00
   3.7428374e+00
   3.6060090e+00
   3.6564817e+00
   3.8198118e+00
   4.1437378e+00
   4.4430428e+00
   4.3933611e+00
   4.2200189e+00
   4.3117580e+00
   4.4832258e+00
   4.4372435e+00
   4.3146849e+00
   4.2631907e+00
   4.3667626e+00
   4.4784198e+00
   4.5899081e+00
   4.6476812e+00
   4.5010772e+00
   4.1767225e+00
   3.6111436e+00
   3.0461466e+00
   2.8673213e+00
   2.6660833e+00
   4.6093502e+00
   4.4752560e+00
   4.6068716e+00
   4.8289204e+00
   4.9848986e+00
   5.1648283e+00
   5.2766705e+00
   5.2537594e+00
   5.3277164e+00
   5.1095810e+00
   4.7259197e+00
   4.4285836e+00
   4.3395562e+00
   4.3482952e+00
   4.3088036e+00
   4.3864341e+00
   4.5501471e+00
   4.8454428e+00
   5.0476055e+00
   5.2069511e+00
   4.9771614e+00
   5.1963396e+00
   5.5109472e+00
   5.6810112e+00
   5.7572823e+00
   5.8168907e+00
   6.0354981e+00
   6.2629805e+00
   6.4187274e+00
   6.5652194e+00
   6.5981007e+00
   6.5135956e+00
   6.0630722e+00
   5.4925308e+00
   5.2044320e+00
   4.8746405e+00
   6.3386288e+00
   6.1781006e+00
   6.1043372e+00
   6.0335560e+00
   5.8716049e+00
   5.6356502e+00
   5.3924127e+00
   5.0386620e+00
   5.0869694e+00
   4.9803996e+00
   4.8113880e+00
   4.6628752e+00
   4.6884475e+00
   4.7767262e+00
   4.8278980e+00
   4.8856225e+00
   5.0238314e+00
   5.1674395e+00
   3.5988069e+00
   4.5055513e+00
   4.9985352e+00
   5.6052570e+00
   6.1355095e+00
   6.4917722e+00
   6.7032137e+00
   6.8742661e+00
   7.1430087e+00
   7.3715353e+00
   7.5918536e+00
   7.7134628e+00
   7.7661619e+00
   7.8517275e+00
   7.6094050e+00
   7.2586927e+00
   7.0302048e+00
   6.5791922e+00
   7.7159114e+00
   7.5049949e+00
   7.1964235e+00
   6.7897859e+00
   6.2337136e+00
   5.4742579e+00
   5.0661464e+00
   4.3935604e+00
   4.2725921e+00
   4.4588795e+00
   4.6219997e+00
   4.7249188e+00
   4.8434811e+00
   4.9781237e+00
   5.0675616e+00
   5.1405659e+00
   5.2323866e+00
   5.1899562e+00
   2.4026055e+00
   3.5722663e+00
   4.3874812e+00
   5.4762540e+00
   6.1926994e+00
   6.8121858e+00
   7.2201734e+00
   7.4930215e+00
   7.7359157e+00
   7.9447098e+00
   8.1325092e+00
   8.0337820e+00
   7.9302158e+00
   8.1905155e+00
   8.3003750e+00
   8.3751307e+00
   8.2753286e+00
   7.9052968e+00
   8.4374371e+00
   8.1015339e+00
   7.4948707e+00
   6.6974773e+00
   5.6472402e+00
   4.8717203e+00
   3.0113068e+00
   2.3457401e+00
   3.3944364e+00
   3.8341241e+00
   4.2876258e+00
   4.6123986e+00
   4.7624760e+00
   4.8707557e+00
   4.9809117e+00
   5.0563269e+00
   5.0860105e+00
   5.0040421e+00
   2.8101261e+00
   3.7046824e+00
   4.0075049e+00
   5.0761523e+00
   5.8684940e+00
   6.6346531e+00
   7.1990361e+00
   7.5640273e+00
   7.7886252e+00
   7.9278531e+00
   7.9181576e+00
   7.4723606e+00
   7.2405567e+00
   7.6926599e+00
   8.1707687e+00
   8.6627331e+00
   8.7034903e+00
   8.5352592e+00
   8.5475311e+00
   7.9572215e+00
   6.9940271e+00
   5.9114666e+00
   3.5591998e+00
   3.9002054e+00
   2.2559054e+00
   1.7705063e+00
   2.8328435e+00
   3.3353417e+00
   3.9380155e+00
   4.3222237e+00
   4.5044775e+00
   4.5648713e+00
   4.6103039e+00
   4.6811938e+00
   4.6904607e+00
   4.5862017e+00
   3.0024116e+00
   2.8011718e+00
   3.1486759e+00
   4.3559265e+00
   5.2720709e+00
   6.1620131e+00
   6.7944570e+00
   7.1899261e+00
   7.3750801e+00
   7.3373041e+00
   7.1245589e+00
   6.5103121e+00
   6.2279472e+00
   6.7556038e+00
   7.5649505e+00
   8.3327866e+00
   8.6081524e+00
   8.6686697e+00
   7.9439898e+00
   6.9807386e+00
   5.7679977e+00
   4.5587854e+00
   2.7489414e+00
   2.9470201e+00
   2.5572171e+00
   1.5627588e+00
   2.6193669e+00
   3.0384688e+00
   3.5779901e+00
   3.9527302e+00
   4.0696106e+00
   4.0445151e+00
   3.9824781e+00
   4.0444288e+00
   4.1153150e+00
   3.9991539e+00
   2.3173862e+00
   2.1710279e+00
   2.2665393e+00
   3.3989229e+00
   4.3867950e+00
   5.4454603e+00
   6.0966706e+00
   6.4586530e+00
   6.5581198e+00
   6.2103090e+00
   5.8271298e+00
   5.4557118e+00
   5.2244692e+00
   5.6975403e+00
   6.6844978e+00
   7.6017957e+00
   8.1240749e+00
   8.2832165e+00
   6.6442471e+00
   5.3320568e+00
   4.0177267e+00
   2.8306065e+00
   1.4875047e+00
   1.7397204e+00
   2.1110435e+00
   1.5966041e+00
   2.4774722e+00
   2.6788154e+00
   3.0721604e+00
   3.3724510e+00
   3.4125891e+00
   3.2890725e+00
   3.1465101e+00
   3.2191117e+00
   3.3845751e+00
   3.2226302e+00
   1.7877785e+00
   1.3547852e+00
   1.1092598e+00
   2.2423809e+00
   3.3104825e+00
   4.5152538e+00
   5.1511803e+00
   5.4632595e+00
   5.3621219e+00
   4.5620193e+00
   4.2118137e+00
   4.2381938e+00
   4.0272379e+00
   4.4354031e+00
   5.5001348e+00
   6.4731579e+00
   7.0939340e+00
   7.2307109e+00
   4.8344062e+00
   3.3404891e+00
   2.0467531e+00
   1.3403282e+00
   5.7989368e-01
   9.7726506e-01
   1.3309643e+00
   1.3880165e+00
   2.0520502e+00
   2.0874246e+00
   2.3632001e+00
   2.5508238e+00
   2.5118174e+00
   2.3451027e+00
   2.1822955e+00
   2.2893776e+00
   2.5186760e+00
   2.3086108e+00
   1.1601401e+00
   8.4289723e-01
   2.2521840e-02
   1.0165743e+00
   2.1885115e+00
   3.3965153e+00
   4.0025418e+00
   4.2229064e+00
   3.8282215e+00
   2.5645672e+00
   2.6700970e+00
   2.5915703e+00
   2.4153413e+00
   2.8688134e+00
   3.9893520e+00
   4.9424174e+00
   5.5436853e+00
   5.6033958e+00
   2.7201872e+00
   1.2779492e+00
  -3.2695971e-02
   1.8706119e-01
   3.0319545e-01
   5.0690597e-01
   5.9814310e-01
   1.2381579e+00
   1.3600886e+00
   1.2842917e+00
   1.4238963e+00
   1.5150652e+00
   1.4292123e+00
   1.2590829e+00
   1.1747806e+00
   1.3292390e+00
   1.5130066e+00
   1.2656792e+00
   7.2354174e-01
   3.5799649e-01
  -6.7204499e-01
  -1.5078096e-01
   1.1078446e+00
   2.2026656e+00
   2.7388771e+00
   2.7920718e+00
   1.9959391e+00
   5.4277676e-01
   2.9748014e-01
   5.7760549e-01
   7.9615998e-01
   1.3897982e+00
   2.4329925e+00
   3.1992104e+00
   3.6702886e+00
   3.6205943e+00
   5.9468277e-01
  -3.8476005e-01
  -1.5687194e+00
  -7.8499770e-01
  -4.6273562e-01
  -2.2232617e-01
  -1.4193201e-01
   2.1762014e-01
   3.2448431e-01
   2.4772103e-01
   3.0375236e-01
   3.3414051e-01
   2.4775960e-01
   1.1420065e-01
   1.3977893e-01
   3.3996517e-01
   4.1851035e-01
   1.9182651e-01
   1.4721962e-01
  -4.4011182e-01
  -1.1140259e+00
  -1.1935717e+00
   6.3830486e-02
   1.0423265e+00
   1.4081926e+00
   1.1757543e+00
  -4.4870302e-02
  -5.4568271e-01
   1.2669951e-01
  -8.5652955e-01
  -7.5682090e-01
  -9.1552050e-02
   7.5313558e-01
   1.2599267e+00
   1.5467387e+00
   1.3914220e+00
  -1.5023097e+00
  -1.4641450e+00
  -2.1837997e+00
  -1.2180840e+00
  -8.4105207e-01
  -9.5949960e-01
  -1.1159356e+00
  -1.0300083e+00
  -1.0986323e+00
  -1.2428721e+00
  -1.1861694e+00
  -1.1421443e+00
  -1.1213245e+00
  -1.1175922e+00
  -9.3006147e-01
  -7.5661352e-01
  -8.9236654e-01
  -1.0593419e+00
  -1.2340326e-01
  -3.5225417e-01
  -1.0806130e+00
  -2.1335940e+00
  -1.0120912e+00
  -2.3074968e-01
  -2.1666007e-01
  -8.4793200e-01
  -2.0249112e+00
  -6.7297534e-01
  -3.2756483e-01
  -1.3803707e+00
  -2.3308119e+00
  -1.5298178e+00
  -1.2104157e+00
  -1.0453743e+00
  -9.7367770e-01
  -1.1604918e+00
  -2.8413713e+00
  -1.9248343e+00
  -1.6494062e+00
  -1.1470162e+00
  -6.2855577e-01
  -1.3863571e+00
  -2.1154735e+00
  -2.1952016e+00
  -2.3858216e+00
  -2.5427599e+00
  -2.4354362e+00
  -2.2830400e+00
  -2.0917501e+00
  -1.8878005e+00
  -1.6054530e+00
  -1.6115124e+00
  -2.0228076e+00
  -2.0467002e+00
  -8.7386012e-02
  -4.3687880e-01
  -1.0586202e+00
  -2.2966213e+00
  -1.7379987e+00
  -1.2508816e+00
  -1.6251110e+00
  -2.5084662e+00
  -3.4096699e+00
  -1.1297339e+00
  -3.9851981e-01
  -1.5703133e+00
  -2.6280515e+00
  -2.4862096e+00
  -2.6765769e+00
  -2.7763064e+00
  -2.8754976e+00
  -3.0127723e+00
  -3.7761478e+00
  -1.9575636e+00
  -1.7805687e+00
  -1.1113880e+00
  -5.2006066e-01
  -2.0294099e+00
  -3.0396528e+00
  -3.1860495e+00
  -3.4094324e+00
  -3.5556412e+00
  -3.4278882e+00
  -3.1493263e+00
  -2.7768264e+00
  -2.3646967e+00
  -2.1213181e+00
  -2.4349928e+00
  -3.0661619e+00
  -2.8984640e+00
  -3.7579650e-01
  -1.6964945e-01
  -1.0231949e+00
  -1.6384858e+00
  -2.3776877e+00
  -2.2644277e+00
  -2.9509511e+00
  -3.8435318e+00
  -4.1341076e+00
  -1.4064288e+00
  -9.8389065e-01
  -1.5954423e+00
  -1.9867679e+00
  -3.2970762e+00
  -3.8477511e+00
  -4.1443405e+00
  -4.3770652e+00
  -4.4357352e+00
  -4.3351669e+00
  -1.8521713e+00
  -1.6594943e+00
  -1.1145288e+00
  -5.6418788e-01
  -2.8124812e+00
  -3.7576103e+00
  -3.9107900e+00
  -4.1158972e+00
  -4.2428746e+00
  -4.1070161e+00
  -3.7006705e+00
  -3.1676300e+00
  -2.6247046e+00
  -2.5933144e+00
  -3.2534521e+00
  -3.9828818e+00
  -3.6513700e+00
  -8.0559355e-01
   1.1114878e-01
  -8.5295868e-01
  -1.0364437e+00
  -2.8018417e+00
  -3.2978253e+00
  -4.1243348e+00
  -4.8053975e+00
  -4.4154058e+00
  -1.2565151e+00
  -1.3698208e+00
  -1.5956038e+00
  -2.0417149e+00
  -4.0895534e+00
  -4.7809014e+00
  -5.2140326e+00
  -5.5106487e+00
  -5.4418955e+00
  -4.5556316e+00
  -1.6618328e+00
  -1.1539460e+00
  -1.0409204e+00
  -9.2970384e-01
  -3.6208029e+00
  -4.2181616e+00
  -4.3470296e+00
  -4.4934940e+00
  -4.5869774e+00
  -4.4376897e+00
  -3.9169090e+00
  -3.2760423e+00
  -2.7609676e+00
  -3.1014253e+00
  -4.0554614e+00
  -4.7555565e+00
  -4.3063349e+00
  -1.3104868e+00
   2.4560151e-01
  -5.7992493e-01
  -7.7102735e-01
  -3.1201855e+00
  -4.3162307e+00
  -5.0966118e+00
  -5.4110916e+00
  -4.2412133e+00
  -9.1402478e-01
  -1.3720529e+00
  -1.5200319e+00
  -2.3313644e+00
  -4.6811690e+00
  -5.5229595e+00
  -6.0233929e+00
  -6.3082020e+00
  -6.0688989e+00
  -4.4748802e+00
  -1.3644394e+00
  -4.0866506e-01
  -7.9156425e-01
  -1.7652712e+00
  -4.3387527e+00
  -4.4055080e+00
  -4.4963408e+00
  -4.5476260e+00
  -4.5848049e+00
  -4.4032135e+00
  -3.7958629e+00
  -3.1268748e+00
  -2.8566175e+00
  -3.6943679e+00
  -4.8183969e+00
  -5.3774800e+00
  -4.8500352e+00
  -1.8361721e+00
   1.7224634e-01
  -2.7830487e-01
  -8.7330426e-01
  -3.4827681e+00
  -5.2707710e+00
  -5.8385952e+00
  -5.6987872e+00
  -3.5682178e+00
  -6.7158238e-01
  -1.0330358e+00
  -1.2919557e+00
  -1.9600685e+00
  -4.8727236e+00
  -6.1086779e+00
  -6.5971395e+00
  -6.7986164e+00
  -6.3574581e+00
  -3.8701143e+00
  -7.9405691e-01
  -7.0257794e-02
  -9.3126958e-01
  -3.5259106e+00
  -4.3153372e+00
  -4.0069415e+00
  -3.9373558e+00
  -3.9063886e+00
  -3.8749871e+00
  -3.5958426e+00
  -3.0911132e+00
  -2.6905330e+00
  -3.1945812e+00
  -4.5900497e+00
  -5.5768598e+00
  -5.8317199e+00
  -5.1046369e+00
  -1.0690910e+00
   2.8891735e-02
  -1.3009151e-01
  -1.1489374e+00
  -4.1042621e+00
  -6.1363785e+00
  -6.3147479e+00
  -5.5723627e+00
  -2.6278300e+00
   1.5024992e-01
  -1.2958606e+00
  -1.2037016e+00
  -1.1327353e+00
  -5.1556765e+00
  -6.5515789e+00
  -6.8752746e+00
  -6.8495804e+00
  -6.0819157e+00
  -3.1033370e+00
  -5.1458955e-01
   1.6233549e-01
  -1.2619328e+00
  -3.7619596e+00
  -3.7110195e+00
  -3.1066017e+00
  -2.8909209e+00
  -2.9511287e+00
  -2.9568655e+00
  -2.7021365e+00
  -2.4333148e+00
  -2.5776911e+00
  -3.7239575e+00
  -5.2043843e+00
  -5.9378276e+00
  -5.9399118e+00
  -4.6213875e+00
  -5.5075014e-01
  -4.5018211e-02
  -3.9938283e-01
  -1.3055484e+00
  -4.6191001e+00
  -6.4089532e+00
  -6.2938914e+00
  -5.1772394e+00
  -2.1530657e+00
  -6.2514946e-02
  -9.9953216e-01
  -1.4732311e+00
  -1.9987074e+00
  -5.4230289e+00
  -6.5655727e+00
  -6.6753273e+00
  -6.3825912e+00
  -5.4160128e+00
  -2.2404676e+00
  -3.6028016e-01
  -2.1940921e-01
  -1.9820703e+00
  -4.7196217e+00
  -2.9631562e+00
  -2.2234290e+00
  -1.9616896e+00
  -2.1390643e+00
  -2.1973496e+00
  -2.0185556e+00
  -2.0528486e+00
  -2.7504734e+00
  -4.2451963e+00
  -5.6242280e+00
  -6.1181910e+00
  -5.8506718e+00
  -4.1223726e+00
  -4.2601000e-01
  -3.9203808e-01
  -6.7785358e-01
  -1.4787884e+00
  -4.3315220e+00
  -6.4791422e+00
  -6.1006529e+00
  -4.6973271e+00
  -1.7216458e+00
   2.9977824e-02
  -7.1265888e-01
  -1.5349985e+00
  -3.3610217e+00
  -5.7058454e+00
  -6.3452730e+00
  -6.2361725e+00
  -5.6740031e+00
  -4.5448856e+00
  -1.3020352e+00
  -2.9523340e-01
  -1.0195923e+00
  -2.6987247e+00
  -4.7482018e+00
  -2.2719278e+00
  -1.5399969e+00
  -1.3057845e+00
  -1.5594077e+00
  -1.6480782e+00
  -1.5821738e+00
  -1.9514828e+00
  -3.0985415e+00
  -4.6920533e+00
  -5.8606491e+00
  -6.1234226e+00
  -5.5811200e+00
  -3.5468638e+00
  -4.5888680e-01
  -8.2733715e-01
  -9.7648573e-01
  -1.5594356e+00
  -3.8169789e+00
  -6.3861837e+00
  -5.7843938e+00
  -4.1542859e+00
  -1.3017662e+00
   3.4902686e-01
  -4.6945313e-01
  -1.5580245e+00
  -4.4680934e+00
  -5.7588162e+00
  -5.9027519e+00
  -5.5644341e+00
  -4.7384577e+00
  -3.4612305e+00
  -1.9097620e-01
  -3.1445950e-01
  -2.2813932e+00
  -3.0054288e+00
  -1.4234452e+00
  -1.8418907e+00
  -1.3106706e+00
  -1.1845150e+00
  -1.3803739e+00
  -1.4242684e+00
  -1.5190915e+00
  -2.2589677e+00
  -3.6073750e+00
  -4.9892203e+00
  -5.8582831e+00
  -5.8747056e+00
  -5.0390491e+00
  -2.7329831e+00
  -4.4773321e-01
  -1.2126433e+00
  -1.3451831e+00
  -1.3789309e+00
  -3.6051805e+00
  -6.0886159e+00
  -5.3152897e+00
  -3.4941191e+00
  -8.2326219e-01
   9.4040553e-01
  -3.1026275e-01
  -1.7272677e+00
  -4.3969275e+00
  -5.1810937e+00
  -5.1036508e+00
  -4.4935220e+00
  -3.3979238e+00
  -1.9545337e+00
   7.5077246e-01
  -8.0789139e-02
  -2.0133826e+00
  -1.6916452e+00
  -8.2377105e-01
  -2.0903438e+00
  -2.1303688e+00
  -2.2820188e+00
  -2.3436295e+00
  -2.3195421e+00
  -2.4816891e+00
  -3.1730902e+00
  -4.1880143e+00
  -5.1139568e+00
  -5.5290979e+00
  -5.1752699e+00
  -3.9674585e+00
  -1.3986303e+00
  -5.5211994e-01
  -1.1327987e+00
  -2.2520791e+00
  -1.0072957e+00
  -3.6030919e+00
  -5.4986509e+00
  -4.5835083e+00
  -2.6484830e+00
   8.2024251e-02
   1.4318386e+00
  -2.3390568e-02
  -2.0316585e+00
  -4.0796683e+00
  -4.1088474e+00
  -3.6340120e+00
  -2.5788175e+00
  -1.1692292e+00
   2.2938777e-01
   8.5932052e-01
   2.0733987e-01
  -1.3284190e+00
  -7.8353643e-01
  -1.6030294e+00
  -2.8548722e+00
  -3.2464461e+00
  -3.5550060e+00
  -3.5824254e+00
  -3.5276318e+00
  -3.6193922e+00
  -4.0399303e+00
  -4.6261425e+00
  -5.1426520e+00
  -5.2462158e+00
  -4.6576018e+00
  -3.1778181e+00
  -3.2362083e-01
  -4.7364938e-01
  -9.0071326e-01
  -3.9180589e+00
  -1.4303337e+00
  -4.2466631e+00
  -4.7419820e+00
  -3.8282571e+00
  -1.8624566e+00
   3.6865908e-01
   1.3618308e+00
   1.0051992e-01
  -2.0568113e+00
  -3.6390748e+00
  -3.2080019e+00
  -2.4384136e+00
  -1.0525494e+00
   5.7010692e-01
   1.4793017e+00
   7.8789745e-01
   3.0483990e-01
  -8.0883508e-01
  -3.9912372e-01
  -2.6829845e+00
  -3.7139547e+00
  -4.3417356e+00
  -4.7194245e+00
  -4.7307456e+00
  -4.6375134e+00
  -4.6110604e+00
  -4.7350681e+00
  -4.9208501e+00
  -5.0740145e+00
  -4.9406174e+00
  -4.2151344e+00
  -2.5550851e+00
   4.8493937e-01
  -4.0231060e-01
  -6.3140795e-01
  -5.0411180e+00
  -2.3380021e+00
  -4.7600129e+00
  -3.8229556e+00
  -2.9390907e+00
  -9.6679282e-01
   7.4354969e-01
   1.1782096e+00
   2.3047028e-01
  -2.1134883e+00
  -3.2324311e+00
  -2.4107236e+00
  -1.3862031e+00
   2.4798092e-01
   2.0165674e+00
   2.3732959e+00
   5.9703784e-01
   1.4877319e-01
  -5.7213061e-01
  -6.4364372e-01
  -3.9307509e+00
  -4.5970663e+00
  -5.3340944e+00
  -5.6821597e+00
  -5.6880963e+00
  -5.5430863e+00
  -5.3593243e+00
  -5.1931122e+00
  -5.0407766e+00
  -4.8960275e+00
  -4.6107034e+00
  -3.8605101e+00
  -2.1304960e+00
   9.5900333e-01
  -3.6617090e-01
  -3.4367104e-01
  -5.3345579e+00
  -3.7295454e+00
  -5.0060018e+00
  -2.7503783e+00
  -1.9131105e+00
   4.5222843e-02
   1.2978625e+00
   9.2859156e-01
   3.8464875e-01
  -2.2444675e+00
  -2.8991763e+00
  -1.7511586e+00
  -5.1811409e-01
   1.2654868e+00
   3.1023260e+00
   2.9028479e+00
   8.1039890e-01
   1.4415701e-01
  -1.4187593e+00
  -4.0575647e+00
  -4.9721078e+00
  -5.0696343e+00
  -5.6480453e+00
  -5.8807862e+00
  -5.9288981e+00
  -5.8464010e+00
  -5.6566322e+00
  -5.4031876e+00
  -5.0633477e+00
  -4.6238436e+00
  -4.0727262e+00
  -3.2439135e+00
  -1.8731487e+00
   4.8045400e-01
  -7.1684340e-01
  -1.0037047e+00
  -3.1838380e+00
  -5.6002591e+00
  -3.8613436e+00
  -1.2418276e+00
   4.8807451e-02
   1.9749330e+00
   2.2339472e+00
   8.2072004e-01
   5.0132382e-01
  -2.6212553e+00
  -2.8031966e+00
  -8.9176954e-01
   3.6530908e-01
   2.0364521e+00
   3.6881128e+00
   3.2541820e+00
   9.1610270e-01
   1.0619248e-01
  -1.9719833e+00
  -4.1919649e+00
  -4.9807995e+00
  -5.3415330e+00
  -5.8808774e+00
  -6.0437988e+00
  -5.9671720e+00
  -5.7788375e+00
  -5.5250834e+00
  -5.2175039e+00
  -4.7900584e+00
  -4.1498039e+00
  -3.3515625e+00
  -2.6403586e+00
  -2.1841539e+00
  -1.2509356e-01
  -5.6619504e-01
  -1.8678101e+00
  -2.7730319e+00
  -5.3312591e+00
  -3.3762252e+00
  -3.8179173e-01
   1.2895352e+00
   2.5979241e+00
   2.5961765e+00
   5.7425872e-01
   3.7613171e-01
  -2.8346800e+00
  -2.4775342e+00
  -2.3340730e-01
   8.0062472e-01
   2.3478576e+00
   3.7146342e+00
   3.1293392e+00
   1.0128548e+00
   1.0508492e-01
  -2.0890784e+00
  -4.3050814e+00
  -5.1039000e+00
  -5.7498827e+00
  -6.3194475e+00
  -6.4812365e+00
  -6.3118582e+00
  -5.9579606e+00
  -5.4911385e+00
  -4.9662447e+00
  -4.3761153e+00
  -3.5811739e+00
  -2.7119467e+00
  -2.2862434e+00
  -2.5348983e+00
  -1.2245692e+00
  -7.6216894e-01
  -3.3003149e+00
  -3.3432667e+00
  -5.2395587e+00
  -3.0923438e+00
   1.3318034e-01
   1.9483939e+00
   2.3231356e+00
   2.2628865e+00
   4.3516314e-01
   2.4658011e-01
  -2.4151554e+00
  -1.6842527e+00
   3.2358101e-01
   1.1347020e+00
   2.7327414e+00
   3.8107350e+00
   2.8794188e+00
   1.1103252e+00
   8.0007394e-02
  -1.9020996e+00
  -4.3924477e+00
  -5.3231829e+00
  -6.2630915e+00
  -6.9200210e+00
  -7.1416034e+00
  -6.9290542e+00
  -6.3993172e+00
  -5.6389278e+00
  -4.7747705e+00
  -3.9423981e+00
  -3.0172607e+00
  -2.2222361e+00
  -2.2018188e+00
  -2.8054096e+00
  -2.6670295e+00
  -1.2917957e+00
  -5.2321575e+00
  -4.7500065e+00
  -5.3401502e+00
  -3.0849311e+00
   2.7240048e-01
   2.1204273e+00
   1.3828305e+00
   1.4224614e+00
   3.7766667e-01
   1.1380953e-01
  -1.5238050e+00
  -5.6092558e-01
   8.0115502e-01
   1.3977681e+00
   3.1514194e+00
   3.9166663e+00
   2.5769889e+00
   1.3102662e+00
  -4.6740545e-01
  -2.1205997e+00
  -4.4208046e+00
  -5.6396274e+00
  -6.8653944e+00
  -7.6457018e+00
  -7.9966014e+00
  -7.9578167e+00
  -7.5685326e+00
  -6.8164463e+00
  -5.6135834e+00
  -4.2907700e+00
  -3.0789552e+00
  -2.4090132e+00
  -2.7538329e+00
  -2.0705437e+00
  -3.9686837e+00
  -2.4853630e+00
  -8.0803060e+00
  -6.9753215e+00
  -5.9421565e+00
  -4.1730082e+00
  -4.8845707e-01
   2.1677034e+00
   7.4739548e-01
   8.6917322e-01
   2.5720494e-01
  -5.1916360e-02
  -7.6060889e-01
   4.1496966e-01
   1.4295237e+00
   1.8334704e+00
   3.4386699e+00
   3.6068836e+00
   2.6570301e+00
   1.0262610e+00
  -7.6955408e-01
  -2.9248841e+00
  -4.3855062e+00
  -5.7219172e+00
  -6.9894485e+00
  -7.7656698e+00
  -8.1648121e+00
  -8.2330132e+00
  -8.0191717e+00
  -7.5210791e+00
  -6.5126371e+00
  -5.0707531e+00
  -3.6579275e+00
  -2.8375797e+00
  -3.1069458e+00
  -9.4160110e-01
  -3.1949980e+00
  -5.9090705e+00
  -7.8228359e+00
  -7.2886167e+00
  -6.7826643e+00
  -5.3302193e+00
  -1.7184325e+00
   2.1686594e+00
   3.9738372e-01
   4.8754308e-01
   7.1060702e-02
   1.1210920e-01
  -4.4954479e-01
   3.8633668e-01
   1.5533960e+00
   2.2541239e+00
   2.5962515e+00
   2.9109485e+00
   2.7644477e+00
   7.3580739e-01
  -1.1152776e+00
  -3.0646396e+00
  -4.3107481e+00
  -5.6557355e+00
  -6.9169841e+00
  -7.6794133e+00
  -8.1105223e+00
  -8.2483406e+00
  -8.1154757e+00
  -7.7427063e+00
  -6.9328728e+00
  -5.5942280e+00
  -4.1183290e+00
  -3.0460777e+00
  -3.1705729e+00
  -1.6277571e+00
  -2.9886966e+00
  -7.9350018e+00
  -7.8101950e+00
  -7.4583669e+00
  -7.0772370e+00
  -5.8590398e+00
  -2.6286407e+00
   1.6597081e+00
   9.3146577e-02
   2.0222367e-01
  -6.9681630e-02
  -4.8021950e-02
  -3.0195859e-01
   4.8526570e-01
   1.9915352e+00
   2.6718168e+00
   2.0237131e+00
   2.3183596e+00
   2.3101346e+00
   4.5309216e-01
  -1.4845726e+00
  -2.9975328e+00
  -4.1922355e+00
  -5.4706268e+00
  -6.7007508e+00
  -7.4493446e+00
  -7.9024639e+00
  -8.1012783e+00
  -8.0219288e+00
  -7.7260213e+00
  -7.0997252e+00
  -5.9600024e+00
  -4.4830108e+00
  -3.0693588e+00
  -2.4939957e+00
  -2.2767329e+00
  -3.0845015e+00
  -8.7985487e+00
  -7.7636995e+00
  -7.4336705e+00
  -7.0799203e+00
  -6.1060257e+00
  -3.3739095e+00
   8.0149484e-01
  -2.7899125e-01
  -2.3634110e-02
  -2.0627490e-01
  -3.5126275e-01
  -2.2428939e-01
   7.5049818e-01
   2.4397113e+00
   3.0932863e+00
   1.6681974e+00
   1.7943456e+00
   1.7088264e+00
   2.1508055e-01
  -1.8442801e+00
  -3.0113318e+00
  -4.0140642e+00
  -5.1475233e+00
  -6.3313911e+00
  -7.0752204e+00
  -7.5391839e+00
  -7.8056596e+00
  -7.7910861e+00
  -7.5613890e+00
  -7.0662717e+00
  -6.1466107e+00
  -4.6970951e+00
  -2.8448760e+00
  -3.9133608e-01
  -1.2706569e+00
  -3.3998211e+00
  -8.0670335e+00
  -7.4370776e+00
  -7.0793145e+00
  -6.8614321e+00
  -6.2058034e+00
  -3.9475273e+00
  -3.7638311e-01
  -8.1911452e-01
  -1.7496110e-01
  -3.6093883e-01
  -6.9266614e-01
  -1.7802270e-01
   1.2752431e+00
   2.6142676e+00
   3.4942111e+00
   1.6176851e+00
   1.3826362e+00
   1.2817266e+00
   2.0949663e-02
  -2.4117815e+00
  -2.9496312e+00
  -3.6890047e+00
  -4.5192862e+00
  -5.6039138e+00
  -6.4042761e+00
  -6.8798556e+00
  -7.1437235e+00
  -7.1924768e+00
  -7.0675831e+00
  -6.7249365e+00
  -6.0028117e+00
  -4.5829315e+00
  -2.2380579e+00
   1.8959419e-01
  -1.8352306e+00
  -7.1490102e+00
  -6.6243483e+00
  -6.4143810e+00
  -6.3712802e+00
  -6.3604390e+00
  -6.0755129e+00
  -4.5001526e+00
  -1.6968038e+00
  -1.0597106e+00
  -2.8279418e-01
  -1.0748945e+00
  -1.0079479e+00
   1.6363204e-02
   2.0999150e+00
   2.1295037e+00
   3.8842044e+00
   1.5444239e+00
   4.1145104e-01
   3.3151487e-01
   7.8629604e-02
  -2.3827245e+00
  -2.8878138e+00
  -3.3334220e+00
  -3.9002593e+00
  -4.8281078e+00
  -5.6732500e+00
  -6.1992569e+00
  -6.4737921e+00
  -6.5258996e+00
  -6.4448495e+00
  -6.2103043e+00
  -5.5702417e+00
  -4.1168556e+00
  -1.3530923e+00
   1.2425944e-01
  -2.7807293e+00
  -6.1280804e+00
  -5.6123159e+00
  -5.6273828e+00
  -5.6285367e+00
  -5.7376879e+00
  -5.6740909e+00
  -4.5810356e+00
  -1.7482580e+00
  -2.7681983e-01
  -3.4102941e-01
  -1.5271113e+00
  -1.4186889e+00
  -1.7632568e-01
   1.5815520e+00
   1.1931195e+00
   2.9887660e+00
   1.0975147e+00
   1.0405578e-01
   2.3514727e-01
   1.7896995e-01
  -1.5541825e+00
  -2.7128649e+00
  -2.8437915e+00
  -3.1330686e+00
  -3.8504348e+00
  -4.6903930e+00
  -5.2916260e+00
  -5.6152849e+00
  -5.7024474e+00
  -5.6589704e+00
  -5.5093899e+00
  -4.9348187e+00
  -3.3738761e+00
  -5.1244682e-01
  -8.4441312e-02
  -3.6558356e+00
  -4.8992524e+00
  -4.4724131e+00
  -4.6430697e+00
  -4.6910453e+00
  -4.8927159e+00
  -5.0395689e+00
  -4.3754659e+00
  -1.5022213e+00
   7.5736225e-01
  -2.8840360e-01
  -1.7680166e+00
  -1.6009716e+00
   1.7102818e-01
   1.1199696e+00
   4.8766142e-01
   1.6265815e+00
   1.0500021e+00
   1.6821942e-01
   2.8274947e-01
   3.0341005e-01
  -6.3805842e-01
  -2.2506089e+00
  -2.2358506e+00
  -2.2188177e+00
  -2.7049806e+00
  -3.4768896e+00
  -4.1355395e+00
  -4.5295773e+00
  -4.6783824e+00
  -4.6840196e+00
  -4.6078963e+00
  -4.0973582e+00
  -2.3802638e+00
   1.4848445e-01
  -5.7274896e-01
  -3.8181906e+00
  -3.3454676e+00
  -3.1676648e+00
  -3.4539900e+00
  -3.5968978e+00
  -3.8694503e+00
  -4.1852751e+00
  -3.8785996e+00
  -1.0527178e+00
   1.7882886e+00
  -4.8061728e-02
  -1.9263147e+00
  -1.4204991e+00
   6.1020672e-01
   1.0406098e+00
   2.9706380e-01
   6.7778003e-01
   1.2810056e+00
   3.4315306e-01
   3.8008958e-01
   3.7316114e-01
  -3.5743892e-01
  -1.5662820e+00
  -1.6084141e+00
  -1.2368082e+00
  -1.4694608e+00
  -2.0981238e+00
  -2.7512996e+00
  -3.2052126e+00
  -3.4198432e+00
  -3.4950271e+00
  -3.4947257e+00
  -3.0600226e+00
  -1.1903530e+00
   5.9172499e-01
  -1.3507735e+00
  -2.8253672e+00
  -1.4860908e+00
  -1.7029356e+00
  -2.0990396e+00
  -2.4078681e+00
  -2.7379003e+00
  -3.1560128e+00
  -3.1107581e+00
  -5.1089263e-01
   2.3586631e+00
   2.2093518e-01
  -2.0712276e+00
  -8.4656590e-01
   7.8452849e-01
   1.4575113e+00
   7.1037483e-01
   6.3344693e-01
   1.4197605e+00
   3.7761500e-01
   4.9390635e-01
   1.4435719e-01
  -7.2706268e-01
  -1.5170937e+00
  -1.2602144e+00
  -4.6606619e-01
  -2.9422101e-01
  -6.9352595e-01
  -1.2639219e+00
  -1.7169170e+00
  -1.9476507e+00
  -2.0841815e+00
  -2.1678250e+00
  -1.8198385e+00
   1.0447248e-01
   1.1085442e+00
  -1.9350902e+00
  -1.2701360e+00
  -2.1284119e-01
  -1.9378804e-01
  -7.1004263e-01
  -1.1989950e+00
  -1.5810354e+00
  -2.0552611e+00
  -2.1411943e+00
   3.9083059e-03
   1.6137114e+00
  -3.4019210e-01
  -1.9588685e+00
  -1.8191146e-01
   1.1366676e+00
   1.7590648e+00
   1.1461787e+00
   1.7636211e-01
   6.3870691e-01
   3.0568158e-01
   8.0275073e-01
   3.0764308e-01
  -9.5933316e-01
  -2.0270968e+00
  -1.4967572e+00
  -9.6870428e-03
   7.0704533e-01
   7.0243435e-01
   3.5830482e-01
  -4.3939013e-02
  -2.2880891e-01
  -3.5320242e-01
  -5.3610232e-01
  -3.0071670e-01
   1.5311812e+00
   7.3497061e-01
  -1.4188802e+00
  -3.8639048e-01
   2.6374979e-01
   1.2738122e+00
   6.7254118e-01
   1.5875736e-01
  -2.5746527e-01
  -7.4730155e-01
  -1.0963465e+00
  -3.5202517e-01
   8.2877845e-01
  -1.2668430e+00
  -2.0856336e+00
   8.5188070e-01
   1.5049871e+00
   1.5013095e+00
   1.6749053e+00
   2.0863176e-02
  -3.4763452e-01
   8.5995125e-01
   1.1820698e+00
   1.0220017e+00
  -8.1831276e-01
  -1.5955623e+00
  -5.2304047e-01
   4.6307981e-01
   1.1837224e+00
   1.4945927e+00
   1.4533197e+00
   1.2081001e+00
   1.0805329e+00
   1.0171827e+00
   8.0040663e-01
   8.7723923e-01
   1.8221356e+00
  -7.0896506e-02
  -9.6694946e-01
   9.3162805e-03
   5.1465201e-01
   1.3212955e+00
   1.4852300e+00
   1.1699417e+00
   8.0673933e-01
   3.5944402e-01
  -1.1967298e-01
  -1.3738829e-01
   4.6771216e-01
  -2.5214818e-01
  -5.4961377e-01
   1.9867277e+00
   2.2604079e+00
   4.0622678e-01
   1.3458796e+00
  -1.3726364e-01
  -3.0084518e-01
   1.2425811e+00
   1.2396250e+00
   1.1911329e+00
  -5.9732721e-01
  -1.1697499e+00
   3.7196318e-02
   8.8973396e-01
   1.3737145e+00
   1.9597164e+00
   2.1999322e+00
   2.1874586e+00
   2.1720826e+00
   2.1890763e+00
   1.9835913e+00
   1.8059832e+00
   1.7092074e+00
   2.7764364e-01
  -3.2342573e-01
   1.3155363e-01
   7.5509451e-01
   1.3470939e+00
   2.0232264e+00
   1.9279864e+00
   1.7111490e+00
   1.3670631e+00
   7.7867948e-01
   8.2849436e-01
   7.0151488e-01
   4.6982640e-01
   1.0314088e+00
   1.2644242e+00
   6.3650737e-01
  -4.7857469e-01
   3.2106878e-02
  -4.4215343e-02
   7.5718944e-02
   1.0189373e+00
   9.2460185e-01
   1.2725836e+00
  -2.5173868e-01
  -7.1854465e-01
   3.1888072e-01
   1.0604854e+00
   1.0794054e+00
   2.0062258e+00
   2.5709094e+00
   2.8263900e+00
   3.0223552e+00
   3.1440112e+00
   2.8868849e+00
   2.3986636e+00
   1.3926593e+00
   5.0452700e-01
   7.3024535e-02
   2.5126834e-01
   7.0675187e-01
   9.3763911e-01
   1.9884390e+00
   2.2845563e+00
   2.4076994e+00
   2.2327405e+00
   1.5545495e+00
   1.1833000e+00
   3.8972019e-01
   1.1665960e+00
   2.3536511e+00
  -2.4312094e-01
  -3.0979734e-01
  -7.5386635e-01
  -7.0368449e-01
  -7.6533310e-01
   8.4542845e-01
   5.6446049e-01
   1.3236084e+00
   1.4545264e+00
   2.6921633e-01
  -2.1023476e-01
   4.1396368e-01
   1.0776099e+00
   9.9186873e-01
   2.0193596e+00
   2.7413371e+00
   3.1985688e+00
   3.5621200e+00
   3.7376323e+00
   3.4722357e+00
   2.7085173e+00
   9.8977244e-01
   4.9330094e-01
   2.8961021e-01
   2.0827734e-01
   4.9246264e-01
   7.7344579e-01
   1.6371557e+00
   2.3356607e+00
   2.8218739e+00
   2.8999529e+00
   2.1370630e+00
   1.0549588e+00
   1.1879873e-01
   1.8490998e+00
   1.1011803e+00
  -6.4429718e-01
  -8.4031589e-02
  -9.0046287e-01
  -3.1881649e+00
  -1.5220518e+00
   1.1356608e+00
   1.1562959e+00
   2.1001468e+00
   1.5454161e+00
   6.2939906e-01
   1.8267202e-01
   2.8276017e-01
   6.1929572e-01
   1.1292310e+00
   2.0224800e+00
   2.6659462e+00
   3.1872766e+00
   3.6790111e+00
   3.9044874e+00
   3.6460769e+00
   2.7397344e+00
   9.8431617e-01
   3.2975414e-01
   5.7475728e-01
   4.2519927e-02
   3.8526785e-01
   1.1072706e+00
   1.0175508e+00
   2.1874254e+00
   2.9017866e+00
   3.2703257e+00
   2.6024766e+00
   8.1240678e-01
   2.3269880e-01
   1.0427582e+00
  -4.2048833e-01
  -2.7486479e-01
  -3.7389171e-01
  -9.4919980e-01
  -3.4022520e+00
  -5.4343832e-01
   7.5889885e-01
   2.6037140e+00
   1.6386236e+00
   1.1309272e+00
   1.0624933e+00
   2.8572497e-01
   9.6162635e-01
   6.1426914e-01
   9.2974412e-01
   1.5983768e+00
   2.0910769e+00
   2.6913331e+00
   3.3475678e+00
   3.6781621e+00
   3.3928056e+00
   2.5895040e+00
   9.2221391e-01
   4.0130717e-01
   3.3302689e-01
  -3.2946575e-01
   5.6513220e-01
   1.1551822e+00
   9.7370756e-01
   1.5604314e+00
   2.9213479e+00
   3.4997547e+00
   2.8725941e+00
   1.1689922e+00
   6.7067748e-01
   3.7628114e-02
  -6.8009233e-01
  -1.4238161e-01
  -2.1945271e+00
  -2.2822833e+00
  -2.0906966e+00
  -4.4203064e-01
   7.7913934e-01
   1.9949355e+00
   1.1195505e+00
   8.8651879e-01
   1.3633437e+00
   5.7589125e-01
   9.6703023e-01
   9.1209854e-01
   3.7277947e-01
   6.5423940e-01
   8.6431702e-01
   1.5803457e+00
   2.4925579e+00
   3.0151986e+00
   2.7261767e+00
   1.9686930e+00
   4.4341759e-01
   4.6744067e-01
  -2.4559857e-01
  -3.0400156e-01
   4.3154971e-01
   9.1859371e-01
   1.3513724e+00
   1.3380844e+00
   3.0070831e+00
   3.5861445e+00
   2.9936129e+00
   1.6864198e+00
   5.3224593e-01
  -3.2355606e-01
   1.2043819e+00
  -8.1793872e-02
  -2.4266552e+00
  -2.2804505e+00
  -8.8878186e-01
  -2.7210539e-01
   1.0638591e+00
   1.0304003e+00
   5.4099661e-01
   5.6820232e-01
   1.2003897e+00
   3.7724873e-01
   8.3035415e-01
   1.1822348e+00
  -1.0419388e-01
  -6.9324052e-01
  -9.5111752e-01
  -1.1100859e-01
   9.7084874e-01
   1.7603871e+00
   1.6241683e+00
   7.9248518e-01
  -2.9643932e-01
   8.4344804e-01
  -6.5548813e-01
  -4.6485442e-01
   2.5671417e-01
   7.4566114e-01
   1.0999465e+00
   1.6185791e+00
   2.9934196e+00
   3.3216610e+00
   2.7909265e+00
   1.7793021e+00
   2.6940938e-02
  -1.1574293e-01
   2.9841772e-01
  -9.4070566e-01
  -1.1537889e+00
  -5.8533043e-01
   9.1507003e-02
   8.7052482e-01
   1.0664144e+00
   7.4945801e-01
   1.0677435e+00
   6.7889577e-01
   1.0043459e+00
   2.8029916e-01
   9.0473247e-01
   6.2841344e-01
  -7.2508335e-01
  -1.1198756e+00
  -2.4363074e+00
  -1.5797533e+00
  -4.3015483e-01
   5.1722997e-01
   2.8045827e-01
  -7.4627805e-01
   2.8533283e-01
   3.3516091e-01
  -8.6140639e-01
  -3.3938301e-01
   4.4244722e-01
   8.4033316e-01
   1.0988916e+00
   1.9715754e+00
   2.5953450e+00
   2.6385458e+00
   2.1782970e+00
   1.3619939e+00
   2.6105048e-02
  -4.5760661e-01
  -9.3110448e-01
  -5.4189456e-01
  -2.2299852e-02
   5.1005632e-01
   8.5972548e-01
   1.1418713e+00
   1.2867535e+00
   1.0276210e+00
   1.2004470e+00
   7.5438327e-01
   1.2008466e+00
   1.1439248e+00
   4.5460579e-01
  -8.3461636e-01
  -7.2675639e-01
  -1.0719101e+00
  -3.1287131e+00
  -2.0844901e+00
  -1.0898017e+00
  -1.1972815e+00
  -2.1295455e+00
  -1.6899295e+00
   1.8948100e+00
  -7.1055698e-01
  -6.8593836e-01
  -1.5561855e-01
   5.3755689e-01
   8.8366342e-01
   1.3793833e+00
   1.7191353e+00
   1.0353440e+00
   1.4611573e+00
   9.4301134e-01
   2.2276838e-01
   6.4575978e-02
  -7.9541576e-01
  -1.6675177e-01
  -9.6331589e-02
   4.0789333e-01
   6.7611444e-01
   5.5913264e-01
   1.0872407e+00
   7.8674704e-01
   7.4811506e-01
   7.8694731e-01
  -2.9270393e-01
   5.9703445e-01
   1.2647973e-01
  -9.6525228e-01
   8.3148128e-01
  -7.7236938e-01
  -9.6762073e-01
  -2.8697291e-01
  -1.5000168e+00
  -2.0761073e-01
  -1.4138836e+00
  -2.2963285e-03
  -6.5734112e-01
   6.8259495e-01
  -9.5903587e-01
  -4.2913118e-01
   1.0788996e-01
   5.2966523e-01
   9.6298671e-01
   1.0400523e+00
  -5.9990659e-02
  -1.5447595e+00
  -1.0791920e+00
  -1.6835581e+00
  -1.5168043e+00
  -7.2772503e-01
  -2.9444733e-01
   4.6822983e-01
  -2.6436168e-01
   4.7816703e-01
   5.4413217e-01
   4.5612895e-01
   7.0080876e-01
   1.3203834e-01
   2.3676538e-01
   6.5180346e-02
  -4.0057011e-01
   1.5376231e-01
  -9.6970719e-01
   2.1274086e-01
   1.6321390e+00
  -1.2524478e-01
  -2.7668824e-01
   1.2879192e+00
   8.5102722e-02
  -2.2877299e-02
  -6.5880930e-01
   6.3890958e-01
  -4.1985352e-01
  -5.6485361e-01
  -6.2500381e-01
  -1.2566666e-01
   2.1115957e-01
   4.6401277e-01
  -8.9984883e-02
   5.0653601e-01
  -8.2018423e-01
  -2.1588263e+00
  -1.4558847e+00
  -1.8832659e+00
  -4.7687480e-01
  -8.7809616e-01
  -1.1875010e-01
   3.2625084e-01
   5.4419845e-01
   8.6243182e-01
   4.5072777e-01
   3.6510524e-01
   4.2581862e-01
   6.2310293e-02
  -2.3161279e-01
  -5.7875687e-01
  -3.7129743e-01
   1.8338853e-01
   1.0736199e-01
  -3.4464142e-03
  -5.8264762e-01
  -6.2800443e-01
  -9.9361855e-01
  -8.5370225e-01
  -8.6035627e-01
  -1.1584482e+00
  -1.4190065e+00
  -1.4358593e+00
  -1.4072794e+00
  -1.1231377e+00
  -3.3715943e-01
   7.7652460e-02
   4.8713666e-01
   3.7150037e-01
   1.2033676e+00
   1.3276050e+00
  -2.2270229e+00
  -2.6190268e+00
   1.5386434e+00
  -8.7878630e-02
  -1.0781786e+00
  -9.0359360e-01
  -5.4515940e-01
  -2.5642976e-01
   3.3946103e-01
   1.6953161e-01
  -1.5175949e-01
  -1.4347693e-01
  -1.9737317e-01
  -1.2793997e-01
  -4.5313257e-01
  -5.1052940e-01
  -6.9073832e-01
  -9.5575869e-01
  -1.1824588e+00
  -9.9245441e-01
  -6.9503212e-01
  -3.9979488e-01
  -1.5560135e-01
  -1.0854218e-02
   4.7357306e-02
   2.3434624e-02
  -1.9805677e-02
   8.4307104e-02
   2.3425338e-01
   3.8103926e-01
   5.8277291e-01
   6.0835159e-01
   4.9603683e-01
   3.5725427e-01
  -1.9051482e-01
  -1.3890722e+00
  -1.9480516e+00
  -6.9423974e-02
   2.1700404e+00
   1.1535311e+00
  -5.7220504e-02
  -7.8215206e-01
  -7.9922515e-01
  -6.9972610e-01
  -7.4698514e-01
  -6.0523492e-01
  -5.4149777e-01
  -6.3704908e-01
  -7.0660233e-01
  -8.8843030e-01
  -1.0768058e+00
  -8.0795562e-01
