   0.0000000e+00
   0.0000000e+00
   0.0000000e+00
   0.0000000e+00
   0.0000000e+00
   0.0000000e+00
   0.0000000e+00
   0.0000000e+00
   0.0000000e+00
   0.0000000e+00
   0.0000000e+00
   0.0000000e+00
   0.0000000e+00
   0.0000000e+00
   0.0000000e+00
   0.0000000e+00
   0.0000000e+00
   0.0000000e+00
   0.0000000e+00
   0.0000000e+00
   0.0000000e+00
   0.0000000e+00
   0.0000000e+00
   0.0000000e+00
   0.0000000e+00
   0.0000000e+00
   0.0000000e+00
   0.0000000e+00
   0.0000000e+00
   0.0000000e+00
   0.0000000e+00
   0.0000000e+00
   0.0000000e+00
   0.0000000e+00
   0.0000000e+00
   0.0000000e+00
   0.0000000e+00
   0.0000000e+00
   0.0000000e+00
   0.0000000e+00
   0.0000000e+00
   0.0000000e+00
   0.0000000e+00
   7.4183438e-02
   3.5998285e-02
   1.6837316e-02
   3.1543330e-03
  -5.4752277e-03
  -9.7645639e-03
  -1.1757390e-02
  -9.9622651e-03
  -1.1258904e-02
   2.5586133e-03
  -9.3654048e-03
   0.0000000e+00
   0.0000000e+00
   3.7537047e-02
   2.1388423e-02
   1.3123941e-02
   4.9002090e-04
   1.1322879e-02
   0.0000000e+00
   0.0000000e+00
   0.0000000e+00
   0.0000000e+00
   0.0000000e+00
   0.0000000e+00
   0.0000000e+00
   0.0000000e+00
   0.0000000e+00
   0.0000000e+00
   0.0000000e+00
   2.4804762e-02
   1.4001233e-02
   3.9386749e-03
   1.4878460e-02
   3.1901937e-02
   2.5432951e-02
   3.7055165e-02
   2.5338835e-02
   1.5111242e-02
   7.7209799e-03
  -1.7403841e-04
  -3.3665523e-03
  -6.8648569e-03
  -9.7295956e-03
  -1.2913475e-02
  -1.0675358e-02
  -6.7575831e-03
  -7.4731400e-03
  -7.5693508e-03
   0.0000000e+00
   1.9876728e-02
   2.1234894e-02
   2.3061899e-02
   2.0456810e-02
   1.6877379e-02
   1.2806777e-02
   1.6069695e-02
   2.0076336e-02
   7.5792715e-03
  -8.8567761e-03
   3.7232793e-04
   5.0147431e-02
   5.2130000e-02
   1.3987926e-02
   2.2804786e-02
   2.6832123e-02
   1.0917353e-02
  -7.4949145e-05
  -9.2125107e-03
  -6.8199188e-03
  -1.1528304e-02
  -1.1517493e-02
  -5.5715134e-03
  -8.6018897e-04
   5.5816784e-03
   5.7298932e-03
   1.1785172e-03
  -1.4170979e-03
  -4.6233484e-03
  -8.8699209e-03
  -1.1533332e-02
  -1.2672256e-02
  -9.6863946e-03
  -8.3770938e-03
  -5.0770813e-03
   3.7892822e-03
   1.2047188e-02
   1.7147033e-02
   2.1229366e-02
   2.2083417e-02
   1.7500078e-02
   1.0759459e-02
   6.9381394e-03
   2.4474924e-03
  -2.7390625e-03
  -5.5994773e-03
  -1.7482834e-03
   1.8735528e-02
   2.5875583e-02
   2.2335345e-02
   2.1243334e-02
   1.8349823e-02
  -1.1193909e-02
  -2.6010711e-02
  -3.5857193e-02
  -4.1768920e-02
  -4.0757861e-02
  -3.1203205e-02
  -2.2807041e-02
  -1.2771440e-02
  -2.4342140e-04
   5.0825858e-03
   2.7751755e-03
   8.4537989e-04
  -3.1173248e-03
  -9.6491287e-03
  -1.5628494e-02
  -1.9132553e-02
  -1.7829265e-02
  -1.6917888e-02
  -9.7564515e-03
   1.6552480e-03
   7.3781759e-03
   1.0644865e-02
   1.4340060e-02
   1.3581074e-02
   6.3844621e-03
  -3.1881864e-04
  -6.9987946e-03
  -1.5924159e-02
  -1.9581992e-02
  -1.7486276e-02
  -1.0101386e-02
  -1.8335595e-03
   4.7161495e-03
   1.2437497e-02
   1.3959776e-02
   5.1959762e-03
  -2.2047229e-02
  -3.9692998e-02
  -4.9576197e-02
  -5.4531015e-02
  -4.9764290e-02
  -3.8649723e-02
  -2.7730960e-02
  -1.2937923e-02
   9.9943974e-04
   6.6901222e-03
   3.8687384e-03
   9.8927843e-04
  -4.8514814e-03
  -1.4548051e-02
  -2.2910679e-02
  -2.6095778e-02
  -2.5947222e-02
  -3.0684818e-02
  -1.2419058e-02
  -1.5078278e-03
  -7.2614383e-04
   2.7553802e-03
   6.0627670e-03
   3.6135945e-03
  -4.3841205e-03
  -1.1457579e-02
  -1.9578785e-02
  -2.9266732e-02
  -3.2225072e-02
  -2.7885091e-02
  -1.9349281e-02
  -9.9258292e-03
  -3.7617055e-03
   5.6426874e-03
   9.0994379e-03
  -1.9704809e-03
  -3.0961674e-02
  -4.8985973e-02
  -5.7446729e-02
  -6.0210451e-02
  -5.0751198e-02
  -3.9802745e-02
  -2.4712222e-02
  -6.4157248e-03
   5.4458822e-03
   8.5755615e-03
   4.1307393e-03
  -1.0342767e-03
  -9.6075479e-03
  -2.1455083e-02
  -2.9389830e-02
  -3.1238625e-02
  -3.1306289e-02
  -3.6568312e-02
   3.0594526e-03
  -2.1531247e-03
  -7.8203380e-03
  -3.8953628e-03
  -2.1099036e-03
  -5.8554159e-03
  -1.3565329e-02
  -2.1088768e-02
  -3.0175889e-02
  -3.8990885e-02
  -3.9628100e-02
  -3.3783048e-02
  -2.4964886e-02
  -1.4366686e-02
  -6.9417437e-03
   7.0590759e-03
   7.2300825e-03
  -8.3624460e-03
  -4.0115859e-02
  -5.4887671e-02
  -6.1556499e-02
  -5.8394521e-02
  -4.2355657e-02
  -3.3878371e-02
  -1.5636234e-02
   5.1872153e-03
   1.0052809e-02
   8.8454084e-03
   3.1644856e-03
  -4.5578014e-03
  -1.5687509e-02
  -2.7310679e-02
  -3.2699909e-02
  -3.3095740e-02
  -3.1881750e-02
  -2.9757690e-02
   0.0000000e+00
  -8.7989919e-03
  -1.1594505e-02
  -7.7899420e-03
  -9.0092858e-03
  -1.4339131e-02
  -2.1216324e-02
  -2.8764192e-02
  -3.7919410e-02
  -4.3477409e-02
  -3.7747867e-02
  -3.0728716e-02
  -2.3403030e-02
  -1.3561183e-02
  -3.3001902e-03
   1.4012242e-02
   5.3600296e-03
  -1.6263144e-02
  -4.5756891e-02
  -5.4496046e-02
  -5.7230473e-02
  -4.8075922e-02
  -2.9698583e-02
  -2.1762181e-02
   1.2740913e-02
   9.0074413e-03
   1.0775819e-02
   6.9671427e-03
   1.5315419e-03
  -7.0118578e-03
  -1.9190021e-02
  -2.8484471e-02
  -3.1731930e-02
  -3.1102352e-02
  -2.8729144e-02
  -2.2023051e-02
   0.0000000e+00
  -1.3748630e-02
  -1.3433516e-02
  -1.0961398e-02
  -1.3803921e-02
  -1.9404346e-02
  -2.4937369e-02
  -3.2058079e-02
  -3.9485317e-02
  -3.8256511e-02
  -2.4181752e-02
  -1.8238710e-02
  -1.4854700e-02
  -7.1278904e-03
   4.7254679e-03
   1.7952273e-02
  -2.3252258e-04
  -2.4297979e-02
  -4.3750819e-02
  -4.5546919e-02
  -4.3580323e-02
  -3.1448935e-02
  -1.3230401e-02
  -7.2146640e-03
  -1.9810119e-03
   8.0902343e-03
   7.7234581e-03
   3.6661900e-03
  -5.7054823e-04
  -8.4846821e-03
  -1.9546412e-02
  -2.6426623e-02
  -2.7908199e-02
  -2.7259624e-02
  -2.4117684e-02
  -1.7757896e-02
   0.0000000e+00
  -1.0640377e-02
  -1.3261150e-02
  -1.2929339e-02
  -1.6635902e-02
  -2.1169601e-02
  -2.5554048e-02
  -3.1190755e-02
  -3.4472268e-02
  -2.3336930e-02
  -5.1268400e-03
  -4.2773508e-03
  -5.2794684e-03
   7.1868405e-04
   1.0746457e-02
   1.3341944e-02
  -9.3263816e-03
  -3.0011581e-02
  -3.1898808e-02
  -2.9307073e-02
  -2.5244720e-02
  -1.8017034e-02
  -2.8830594e-03
   2.1204138e-03
  -1.6204337e-04
   5.5856868e-03
   8.1964675e-04
  -1.8211632e-03
  -3.0156698e-03
  -9.3448870e-03
  -1.7638996e-02
  -2.2247601e-02
  -2.3333183e-02
  -2.2838183e-02
  -1.8972246e-02
  -7.9982784e-03
   0.0000000e+00
  -0.0000000e+00
  -1.2889624e-02
  -1.3428462e-02
  -1.7448436e-02
  -2.0769952e-02
  -2.3657620e-02
  -2.6500050e-02
  -2.3526426e-02
  -5.1988298e-03
   4.9693845e-03
  -1.8863390e-03
  -5.3069103e-03
  -6.8111869e-04
   5.8723046e-03
   1.1416593e-03
  -1.7001547e-02
  -2.9455675e-02
  -1.2769338e-02
  -1.1531550e-02
  -8.1056724e-03
  -3.0347456e-03
   0.0000000e+00
   5.7013397e-03
   2.5649687e-03
   2.1091987e-04
  -5.5450414e-03
  -5.1380967e-03
  -4.1362252e-03
  -8.4382124e-03
  -1.4078434e-02
  -1.7038291e-02
  -1.8834635e-02
  -1.8863549e-02
  -1.3688129e-02
   3.2194103e-03
   0.0000000e+00
  -0.0000000e+00
  -1.1900939e-02
  -1.3420238e-02
  -1.7582620e-02
  -1.9316045e-02
  -2.0044669e-02
  -1.9100359e-02
  -8.8532237e-03
   5.1949018e-03
   4.0954198e-03
  -6.1293588e-03
  -9.2950096e-03
  -7.2613126e-03
  -3.3768019e-03
  -8.1874696e-03
  -1.7278578e-02
  -2.0679376e-02
   7.4438450e-03
   4.3562027e-05
   4.8445751e-03
   0.0000000e+00
   0.0000000e+00
   6.8226503e-03
   3.9850018e-03
  -7.6547890e-04
  -7.6606707e-03
  -5.5888461e-03
  -3.2552653e-03
  -5.3965765e-03
  -8.9529432e-03
  -1.1377304e-02
  -1.4776145e-02
  -1.5744758e-02
  -8.2430844e-03
   1.5054055e-02
   0.0000000e+00
   0.0000000e+00
  -1.1065945e-02
  -1.4810959e-02
  -1.7968820e-02
  -1.6981504e-02
  -1.5164004e-02
  -1.0140695e-02
   7.1267252e-03
   6.3089843e-03
   4.2782288e-03
  -4.6084214e-03
  -8.0026067e-03
  -1.0391160e-02
  -7.2681601e-03
  -8.2560447e-03
  -9.4526267e-03
  -5.7032726e-03
   3.0848240e-02
   0.0000000e+00
   1.8146735e-02
   0.0000000e+00
   0.0000000e+00
   6.7316382e-03
   4.8366725e-03
   4.9884815e-04
  -7.2953571e-03
  -3.4570659e-03
  -3.6477493e-04
  -4.9496983e-04
  -2.6025728e-03
  -5.9309793e-03
  -1.1473914e-02
  -1.2858340e-02
  -2.4089590e-03
   2.6533229e-02
   0.0000000e+00
   0.0000000e+00
  -0.0000000e+00
  -1.8679744e-02
  -1.8642731e-02
  -1.3994390e-02
  -9.5373318e-03
  -3.4686949e-04
   2.6186517e-02
   0.0000000e+00
   3.9387279e-03
  -8.0398645e-04
  -6.7775170e-03
  -1.1407260e-02
  -5.6193061e-03
  -1.9211940e-03
   1.7299723e-03
   1.1134168e-02
   5.0405572e-02
   0.0000000e+00
   0.0000000e+00
   0.0000000e+00
   0.0000000e+00
   6.8213364e-03
   6.5893630e-03
   1.2310949e-03
  -4.3865732e-03
   4.9516517e-04
   4.2305651e-03
   5.6454457e-03
   3.9421613e-03
  -1.1943509e-03
  -8.6999869e-03
  -9.9350519e-03
   3.5178522e-03
   3.7075530e-02
   0.0000000e+00
   0.0000000e+00
  -0.0000000e+00
  -2.3616086e-02
  -1.9006818e-02
  -1.0703077e-02
  -3.6181307e-03
   9.9372644e-03
   4.6503904e-02
   0.0000000e+00
  -0.0000000e+00
   2.5057735e-03
  -6.5999750e-03
  -8.7829458e-03
   4.7409691e-04
   6.9856535e-03
   1.3459305e-02
   2.7379247e-02
   6.6494465e-02
   0.0000000e+00
   0.0000000e+00
   0.0000000e+00
   0.0000000e+00
   9.0804918e-03
   9.2749100e-03
   3.5085129e-03
   1.7060465e-03
   6.7108200e-03
   1.1044184e-02
   1.3234083e-02
   1.1013293e-02
   2.8389898e-03
  -6.8412643e-03
  -6.7251792e-03
   1.0203657e-02
   4.6091536e-02
   0.0000000e+00
   0.0000000e+00
  -0.0000000e+00
  -3.0592116e-02
  -1.8996905e-02
  -6.7463574e-03
   2.8226130e-03
   2.2005824e-02
   5.7976801e-02
   0.0000000e+00
   0.0000000e+00
   7.9925144e-03
  -8.6714634e-03
  -2.5453239e-03
   8.6809349e-03
   1.6469145e-02
   2.4957479e-02
   4.2848455e-02
   7.4258889e-02
   0.0000000e+00
   0.0000000e+00
   0.0000000e+00
   0.0000000e+00
   1.3949867e-02
   1.3134224e-02
   7.7773570e-03
   7.5224633e-03
   1.2194273e-02
   1.6895568e-02
   1.8803356e-02
   1.5064096e-02
   3.6688708e-03
  -6.7473720e-03
  -3.6298111e-03
   1.5784556e-02
   4.7084484e-02
   1.8234076e-02
   0.0000000e+00
  -0.0000000e+00
  -3.5554003e-02
  -1.8935982e-02
  -3.9994814e-03
   7.8905942e-03
   3.2825466e-02
   6.9308878e-02
   0.0000000e+00
   0.0000000e+00
   1.1868421e-02
  -1.1373579e-02
   2.3865656e-03
   1.3656295e-02
   2.2225007e-02
   3.2235090e-02
   5.2825540e-02
   7.8544766e-02
   0.0000000e+00
   0.0000000e+00
   0.0000000e+00
   0.0000000e+00
   1.9232389e-02
   1.6563892e-02
   1.1898852e-02
   1.2234950e-02
   1.6836502e-02
   2.1714240e-02
   2.2592120e-02
   1.6239485e-02
   2.1491251e-03
  -7.0525212e-03
  -4.7190231e-05
   2.0621140e-02
   4.6613939e-02
   2.2044639e-02
   0.0000000e+00
   0.0000000e+00
  -4.1224573e-02
  -1.8614942e-02
  -1.4735686e-03
   1.3369834e-02
   4.4074528e-02
   7.9679853e-02
   0.0000000e+00
   0.0000000e+00
   0.0000000e+00
  -9.9632457e-03
   6.4253970e-03
   1.7363504e-02
   2.6933858e-02
   3.8940739e-02
   6.1008673e-02
   7.9080855e-02
   0.0000000e+00
   0.0000000e+00
   0.0000000e+00
   0.0000000e+00
   2.3737317e-02
   1.9372286e-02
   1.5374170e-02
   1.5936352e-02
   2.0706255e-02
   2.5122050e-02
   2.4248235e-02
   1.4445365e-02
  -9.3913492e-04
  -6.7403726e-03
   4.1317716e-03
   2.5463806e-02
   4.6091445e-02
   2.3559764e-02
   0.0000000e+00
   0.0000000e+00
  -0.0000000e+00
  -1.6933899e-02
   1.8948144e-03
   1.9838933e-02
   5.4182831e-02
   8.5339153e-02
   0.0000000e+00
   0.0000000e+00
   0.0000000e+00
  -5.8904417e-03
   1.0011102e-02
   2.1096680e-02
   3.2256208e-02
   4.6310987e-02
   6.8198666e-02
   7.3145383e-02
   3.7811630e-02
   0.0000000e+00
   0.0000000e+00
   0.0000000e+00
   2.7107541e-02
   2.1410345e-02
   1.7846295e-02
   1.8594915e-02
   2.3478976e-02
   2.6658539e-02
   2.3377045e-02
   1.0154435e-02
  -4.3755560e-03
  -5.2206794e-03
   8.9436917e-03
   3.0619210e-02
   4.5235289e-02
   2.3246152e-02
   0.0000000e+00
   0.0000000e+00
  -0.0000000e+00
  -1.3201131e-02
   6.6915607e-03
   2.7192235e-02
   6.1636694e-02
   8.3315543e-02
   0.0000000e+00
   0.0000000e+00
   0.0000000e+00
  -1.1279489e-03
   1.3733672e-02
   2.5646836e-02
   3.8747157e-02
   5.4523242e-02
   7.3946944e-02
   6.2198393e-02
   3.5733791e-02
   0.0000000e+00
   0.0000000e+00
   0.0000000e+00
   2.9295549e-02
   2.2555681e-02
   1.9072195e-02
   2.0127948e-02
   2.4774201e-02
   2.5955145e-02
   1.9720918e-02
   3.9987690e-03
  -7.0635873e-03
  -2.1979897e-03
   1.4377625e-02
   3.6198761e-02
   4.3696376e-02
   0.0000000e+00
   0.0000000e+00
   0.0000000e+00
  -0.0000000e+00
  -7.0996369e-03
   1.3172905e-02
   3.5084952e-02
   6.5347574e-02
   7.0309281e-02
   0.0000000e+00
   0.0000000e+00
   0.0000000e+00
   0.0000000e+00
   1.8122511e-02
   3.1413995e-02
   4.6436511e-02
   6.3289888e-02
   7.7494897e-02
   4.8798574e-02
   1.1719975e-02
   0.0000000e+00
   0.0000000e+00
   3.8739187e-02
   2.8969754e-02
   2.0907303e-02
   1.7073881e-02
   1.8226931e-02
   2.1627493e-02
   1.9480803e-02
   1.0049426e-02
  -4.0401591e-03
  -6.7897888e-03
   4.0663576e-03
   2.2356204e-02
   4.4636208e-02
   6.0042451e-02
   0.0000000e+00
   0.0000000e+00
   0.0000000e+00
  -0.0000000e+00
   2.8891081e-03
   2.3553517e-02
   4.3675109e-02
   6.2756937e-02
   5.1097016e-02
   0.0000000e+00
   0.0000000e+00
   0.0000000e+00
   2.5384483e-02
   2.7248185e-02
   3.9405844e-02
   5.5870252e-02
   7.0710216e-02
   7.3412932e-02
   3.3815470e-02
  -1.2489818e-03
   0.0000000e+00
   0.0000000e+00
   3.6180539e-02
   2.5558347e-02
   1.5600301e-02
   1.1663224e-02
   1.3186663e-02
   1.5513259e-02
   1.1623965e-02
   2.0651771e-03
  -7.2279111e-03
  -3.9771232e-03
   9.5293168e-03
   2.8433820e-02
   4.9680956e-02
   5.2830243e-02
   0.0000000e+00
   0.0000000e+00
   0.0000000e+00
  -0.0000000e+00
   1.0594955e-02
   3.0251477e-02
   4.6729919e-02
   5.7290338e-02
   4.2999983e-02
   0.0000000e+00
   0.0000000e+00
  -0.0000000e+00
   3.2928776e-02
   3.3412237e-02
   4.4074047e-02
   5.8970459e-02
   6.9380879e-02
   6.2476769e-02
   2.0833459e-02
  -5.0514167e-03
  -9.5242910e-03
   0.0000000e+00
   2.8954493e-02
   1.9411482e-02
   8.2168002e-03
   4.8768838e-03
   6.7336080e-03
   8.1469193e-03
   3.9296756e-03
  -3.7849674e-03
  -7.7212993e-03
  -1.3833087e-04
   1.4778196e-02
   3.3020262e-02
   5.0492475e-02
   4.4943216e-02
   0.0000000e+00
   0.0000000e+00
   0.0000000e+00
   0.0000000e+00
   1.8497836e-02
   3.4965362e-02
   4.7509693e-02
   5.1703660e-02
   3.6267528e-02
   0.0000000e+00
   0.0000000e+00
   0.0000000e+00
   3.2335160e-02
   3.8176899e-02
   4.6793800e-02
   5.8959614e-02
   6.4038746e-02
   4.9171615e-02
   1.2054787e-02
  -5.8771821e-03
   6.2792289e-04
   2.0569794e-02
   2.1675397e-02
   1.1371081e-02
   4.1976164e-05
  -2.5073816e-03
  -6.5773062e-04
   4.6435394e-05
  -3.4141110e-03
  -7.9388153e-03
  -6.5015862e-03
   4.1455128e-03
   1.9483829e-02
   3.5794362e-02
   4.8011158e-02
   3.9243594e-02
   0.0000000e+00
   0.0000000e+00
   0.0000000e+00
   0.0000000e+00
   2.6557228e-02
   3.8325503e-02
   4.6893287e-02
   4.6280704e-02
   3.0694425e-02
   0.0000000e+00
   0.0000000e+00
   0.0000000e+00
   3.3727724e-02
   4.1463178e-02
   4.7663726e-02
   5.6413502e-02
   5.5543538e-02
   3.4872666e-02
   1.0251625e-02
  -3.5417429e-03
   1.0207844e-02
   0.0000000e+00
   1.0426751e-02
   7.9030031e-04
  -8.5135709e-03
  -1.0519006e-02
  -9.5464109e-03
  -9.2592140e-03
  -1.0672842e-02
  -1.0462268e-02
  -3.7913486e-03
   8.7844814e-03
   2.3410841e-02
   3.5734331e-02
   4.1522959e-02
   4.0405279e-02
   0.0000000e+00
   0.0000000e+00
   0.0000000e+00
   0.0000000e+00
   3.2463334e-02
   4.0724064e-02
   4.5190594e-02
   4.0952090e-02
   2.6101509e-02
   0.0000000e+00
   0.0000000e+00
   0.0000000e+00
   4.1812283e-02
   4.2748330e-02
   4.5973469e-02
   5.0547993e-02
   4.2611529e-02
   1.9447001e-02
   1.0251626e-02
  -2.2543420e-03
   1.1389393e-02
   0.0000000e+00
   0.0000000e+00
  -9.4242763e-03
  -1.7581736e-02
  -1.9691612e-02
  -1.9502935e-02
  -1.9064474e-02
  -1.7813425e-02
  -1.3031778e-02
  -2.8138661e-03
   9.9352297e-03
   2.2126879e-02
   3.0026665e-02
   3.1401580e-02
   2.8125206e-02
   0.0000000e+00
   0.0000000e+00
   0.0000000e+00
   0.0000000e+00
   4.1386850e-02
   3.9723153e-02
   4.1819918e-02
   3.4987817e-02
   2.0231912e-02
   0.0000000e+00
   0.0000000e+00
   0.0000000e+00
   4.2808859e-02
   3.9421710e-02
   3.9396422e-02
   3.9711634e-02
   2.6891440e-02
   8.6239588e-03
   0.0000000e+00
  -1.7038323e-03
   7.2070903e-03
   0.0000000e+00
   1.2847521e-03
  -1.4935954e-02
  -2.1706874e-02
  -2.4075065e-02
  -2.4524659e-02
  -2.3852769e-02
  -2.0827545e-02
  -1.3759326e-02
  -2.4392889e-03
   9.4367424e-03
   1.9421415e-02
   2.4514757e-02
   2.3001999e-02
   1.7229671e-02
   0.0000000e+00
   0.0000000e+00
   0.0000000e+00
   0.0000000e+00
   4.0989748e-02
   3.6070801e-02
   3.7596896e-02
   3.0174572e-02
   1.9015289e-02
   0.0000000e+00
   0.0000000e+00
   0.0000000e+00
   3.8042303e-02
   3.3587150e-02
   3.2613300e-02
   3.1522237e-02
   1.8328570e-02
   3.7649267e-03
   0.0000000e+00
  -0.0000000e+00
   1.2175969e-03
   0.0000000e+00
  -1.9201352e-04
  -1.6562925e-02
  -2.1909335e-02
  -2.4524210e-02
  -2.5600470e-02
  -2.4936769e-02
  -2.0961133e-02
  -1.2866235e-02
  -1.5280217e-03
   9.0789586e-03
   1.7048863e-02
   1.9750172e-02
   1.5408361e-02
   8.6201867e-03
   0.0000000e+00
   0.0000000e+00
   0.0000000e+00
   0.0000000e+00
   3.6276854e-02
   3.2295549e-02
   3.3771617e-02
   2.6008181e-02
   1.5475792e-02
   0.0000000e+00
   0.0000000e+00
   0.0000000e+00
   3.4092913e-02
   2.8655508e-02
   2.6731977e-02
   2.4530043e-02
   1.2246311e-02
  -1.9991130e-03
   0.0000000e+00
  -0.0000000e+00
  -2.5592321e-03
   4.6437577e-03
  -2.2821095e-03
  -1.3785943e-02
  -1.7740030e-02
  -2.0558303e-02
  -2.2243411e-02
  -2.1906403e-02
  -1.7949093e-02
  -1.0175113e-02
   1.1391488e-04
   9.1261145e-03
   1.5367135e-02
   1.6079366e-02
   8.8846487e-03
   3.0473730e-03
   0.0000000e+00
   0.0000000e+00
   0.0000000e+00
   1.8548198e-02
   2.8533539e-02
   2.8837443e-02
   3.0696910e-02
   2.2663203e-02
   9.9218960e-03
   0.0000000e+00
   0.0000000e+00
   0.0000000e+00
   3.2067682e-02
   2.5371133e-02
   2.2232250e-02
   1.8966367e-02
   8.6152515e-03
  -3.4434002e-03
  -1.5702523e-03
  -0.0000000e+00
  -4.5701604e-03
   8.7266690e-04
  -3.2989893e-03
  -8.6561617e-03
  -1.1506090e-02
  -1.3599089e-02
  -1.4838448e-02
  -1.4544871e-02
  -1.1519576e-02
  -4.8035582e-03
   5.4042198e-03
   1.5057332e-02
   2.0860956e-02
   1.6211476e-02
   2.6305184e-03
  -3.9897347e-03
   0.0000000e+00
   0.0000000e+00
  -0.0000000e+00
   5.3314341e-03
   2.0941832e-02
   2.7121511e-02
   2.7686984e-02
   2.0911775e-02
   1.2928228e-02
   0.0000000e+00
   0.0000000e+00
   0.0000000e+00
   2.3095421e-02
   2.1996443e-02
   1.6069148e-02
   1.0662255e-02
   6.9221408e-03
  -4.0707654e-04
  -1.4970071e-03
  -0.0000000e+00
  -5.2389929e-03
  -1.7271562e-03
  -6.3953240e-03
  -1.2674699e-02
  -1.7158699e-02
  -1.9374631e-02
  -1.9516011e-02
  -1.7470992e-02
  -1.3056298e-02
  -5.4276430e-03
   5.3647173e-03
   1.4706102e-02
   1.7805823e-02
   1.0433648e-02
  -3.1377316e-03
  -7.9491119e-03
   0.0000000e+00
   0.0000000e+00
  -0.0000000e+00
  -1.8765855e-03
   1.0327961e-02
   1.8299128e-02
   2.2063303e-02
   2.1174269e-02
   1.2928227e-02
   0.0000000e+00
   0.0000000e+00
   0.0000000e+00
   0.0000000e+00
   1.8365444e-02
   9.6426947e-03
   5.9939696e-03
   7.7181365e-03
   4.2026369e-03
  -2.8693008e-03
  -5.6970526e-04
  -5.5006849e-03
  -4.4426518e-03
  -1.0205843e-02
  -1.8016744e-02
  -2.4860865e-02
  -2.8532451e-02
  -2.8913504e-02
  -2.5967993e-02
  -2.0298474e-02
  -1.1944773e-02
  -1.1855017e-03
   7.6693734e-03
   9.8836431e-03
   4.0130503e-03
  -6.8685701e-03
  -1.4185856e-02
   0.0000000e+00
   0.0000000e+00
  -0.0000000e+00
  -1.2532406e-02
  -3.2248320e-03
   8.7742498e-03
   1.5370337e-02
   2.1330472e-02
   0.0000000e+00
   0.0000000e+00
   0.0000000e+00
   0.0000000e+00
   0.0000000e+00
   1.5425702e-02
   4.1381679e-03
   4.1019381e-03
   1.0179795e-02
   7.4386606e-03
  -3.5995684e-03
  -1.4903188e-03
  -5.5233201e-03
  -7.0749595e-03
  -1.4221113e-02
  -2.3909717e-02
  -3.3607746e-02
  -3.9895179e-02
  -4.1890687e-02
  -3.9143717e-02
  -3.2666029e-02
  -2.3857735e-02
  -1.3493126e-02
  -4.9269137e-03
  -1.5567794e-03
  -2.7420287e-03
  -8.1277074e-03
  -2.3007133e-02
   0.0000000e+00
  -0.0000000e+00
  -2.5030742e-02
  -2.5594102e-02
  -1.8858615e-02
  -1.1833453e-03
   0.0000000e+00
   0.0000000e+00
   0.0000000e+00
   0.0000000e+00
   0.0000000e+00
   0.0000000e+00
   0.0000000e+00
   1.4228310e-02
  -3.2436620e-04
   4.9061558e-03
   1.4659509e-02
   9.2729277e-03
   1.4941686e-03
  -1.4903188e-03
  -6.6208229e-03
  -8.7222400e-03
  -1.5756082e-02
  -2.6436178e-02
  -3.8879173e-02
  -4.9313232e-02
  -5.6207106e-02
  -5.7680298e-02
  -5.3424767e-02
  -4.5184781e-02
  -3.4012097e-02
  -2.2558984e-02
  -1.2192977e-02
  -9.5543708e-03
  -8.4945607e-04
   0.0000000e+00
   0.0000000e+00
  -0.0000000e+00
  -2.9886530e-02
  -3.8592127e-02
  -3.5941266e-02
  -1.2542528e-02
   0.0000000e+00
   0.0000000e+00
   0.0000000e+00
   0.0000000e+00
   0.0000000e+00
   0.0000000e+00
   0.0000000e+00
   2.4091657e-02
  -3.1190631e-03
   2.6604841e-02
   2.6834511e-02
   9.0729111e-03
   4.7591714e-03
  -8.6153558e-04
  -7.6431288e-03
  -9.0673845e-03
  -1.4098124e-02
  -2.3268092e-02
  -3.4683745e-02
  -4.5519408e-02
  -5.4836381e-02
  -6.0514160e-02
  -6.0143411e-02
  -5.4635167e-02
  -4.4196106e-02
  -3.0994471e-02
  -1.4698960e-02
  -1.2782030e-02
  -4.7644389e-03
   0.0000000e+00
   0.0000000e+00
  -0.0000000e+00
  -3.1695254e-02
  -4.3066312e-02
  -4.6879739e-02
  -3.2284841e-02
   0.0000000e+00
   0.0000000e+00
   0.0000000e+00
   0.0000000e+00
   0.0000000e+00
   0.0000000e+00
   0.0000000e+00
   4.2328291e-02
   1.5144558e-03
   2.3761597e-02
   3.0896381e-02
   1.2734851e-02
   0.0000000e+00
   1.7047940e-04
  -8.5215615e-03
  -9.5753130e-03
  -1.2547842e-02
  -1.9987632e-02
  -2.9715585e-02
  -3.9643967e-02
  -4.9260799e-02
  -5.6801666e-02
  -5.9596911e-02
  -5.7382990e-02
  -4.9112309e-02
  -3.5803039e-02
  -1.5595492e-02
  -1.3251103e-02
  -1.1666858e-02
  -3.1860437e-02
  -0.0000000e+00
  -1.6157375e-02
  -2.9581349e-02
  -4.2541463e-02
  -5.3121189e-02
  -5.1566702e-02
   0.0000000e+00
   0.0000000e+00
   0.0000000e+00
   0.0000000e+00
   0.0000000e+00
   0.0000000e+00
   0.0000000e+00
   5.3633532e-02
   7.7052459e-03
   0.0000000e+00
   2.8972781e-02
   1.3705023e-02
   0.0000000e+00
   1.2585045e-03
  -9.1108372e-03
  -1.0129902e-02
  -1.1183279e-02
  -1.6736574e-02
  -2.4534298e-02
  -3.2911342e-02
  -4.1742809e-02
  -4.9841538e-02
  -5.5223480e-02
  -5.6628704e-02
  -5.1432405e-02
  -3.8956940e-02
  -1.6262380e-02
  -1.2875436e-02
  -3.1469060e-02
  -0.0000000e+00
  -2.5946356e-03
  -1.3474283e-02
  -2.5758786e-02
  -3.9744090e-02
  -5.6867003e-02
  -6.5810042e-02
   0.0000000e+00
   0.0000000e+00
   0.0000000e+00
   0.0000000e+00
   0.0000000e+00
   0.0000000e+00
   0.0000000e+00
   6.0918659e-02
   1.3595583e-02
   0.0000000e+00
   2.3730942e-02
   0.0000000e+00
   0.0000000e+00
   1.7937190e-03
  -8.8904127e-03
  -1.0614744e-02
  -1.0262939e-02
  -1.3893150e-02
  -1.9895750e-02
  -2.6438262e-02
  -3.3800277e-02
  -4.1343230e-02
  -4.8372890e-02
  -5.3407698e-02
  -5.1957200e-02
  -4.1065834e-02
  -1.7693026e-02
   0.0000000e+00
   0.0000000e+00
  -1.8049043e-02
  -3.0231253e-03
  -1.1027568e-02
  -2.1539643e-02
  -3.6064167e-02
  -5.8465518e-02
  -7.7577601e-02
   0.0000000e+00
   0.0000000e+00
   0.0000000e+00
   0.0000000e+00
   0.0000000e+00
   0.0000000e+00
   0.0000000e+00
   6.4576070e-02
   1.9367437e-02
   0.0000000e+00
   1.6510447e-02
   0.0000000e+00
   0.0000000e+00
  -1.3055038e-03
  -7.8422753e-03
  -9.8093776e-03
  -8.8151618e-03
  -1.0586221e-02
  -1.5553216e-02
  -2.0742609e-02
  -2.6236162e-02
  -3.2209381e-02
  -3.9117358e-02
  -4.7299176e-02
  -5.1061876e-02
  -4.3120923e-02
  -2.7099222e-02
   0.0000000e+00
   0.0000000e+00
  -4.3872943e-03
  -5.2202409e-03
  -8.7809003e-03
  -1.7930400e-02
  -3.1934123e-02
  -5.7324924e-02
  -8.6701584e-02
   0.0000000e+00
   0.0000000e+00
   0.0000000e+00
   0.0000000e+00
   0.0000000e+00
   0.0000000e+00
   0.0000000e+00
   0.0000000e+00
   0.0000000e+00
   0.0000000e+00
   0.0000000e+00
   0.0000000e+00
   0.0000000e+00
  -7.6628559e-03
  -6.9580153e-03
  -8.2822843e-03
  -6.6449578e-03
  -7.1682236e-03
  -1.1757457e-02
  -1.6971771e-02
  -2.2375025e-02
  -2.7497280e-02
  -3.3420447e-02
  -4.2263992e-02
  -4.9158439e-02
  -4.4383360e-02
  -2.8136960e-02
   0.0000000e+00
  -0.0000000e+00
  -3.1868785e-03
  -3.7427782e-03
  -6.7084601e-03
  -1.4476356e-02
  -2.7933352e-02
  -5.3272889e-02
  -8.7042687e-02
   0.0000000e+00
   0.0000000e+00
   0.0000000e+00
   0.0000000e+00
   0.0000000e+00
   0.0000000e+00
   0.0000000e+00
   0.0000000e+00
   0.0000000e+00
   0.0000000e+00
   0.0000000e+00
   0.0000000e+00
   0.0000000e+00
  -1.2107596e-02
  -7.2178370e-03
  -5.9984205e-03
  -3.6622770e-03
  -2.8920672e-03
  -6.8965773e-03
  -1.2353333e-02
  -1.8315608e-02
  -2.3542387e-02
  -2.8920460e-02
  -3.7915740e-02
  -4.7293853e-02
  -4.5091316e-02
  -2.7901176e-02
   0.0000000e+00
  -4.2670885e-03
  -2.8375890e-03
  -1.3607158e-03
  -4.3734508e-03
  -1.0381243e-02
  -2.2875348e-02
  -4.7238097e-02
  -8.2019520e-02
   0.0000000e+00
   0.0000000e+00
   0.0000000e+00
   0.0000000e+00
   0.0000000e+00
   0.0000000e+00
   0.0000000e+00
   0.0000000e+00
   0.0000000e+00
   0.0000000e+00
   0.0000000e+00
   0.0000000e+00
   0.0000000e+00
  -0.0000000e+00
  -8.2056820e-03
  -3.6109001e-03
  -3.1095038e-05
   1.9220231e-03
  -1.3002765e-03
  -6.9530467e-03
  -1.3582777e-02
  -1.9512331e-02
  -2.4871763e-02
  -3.4006447e-02
  -4.5950219e-02
  -4.5103449e-02
  -2.8844022e-02
   0.0000000e+00
  -3.2492608e-03
  -2.7503309e-03
   1.5299409e-03
  -1.4980480e-03
  -6.1802035e-03
  -1.7284598e-02
  -3.9953843e-02
  -7.3508245e-02
   0.0000000e+00
   0.0000000e+00
   0.0000000e+00
   0.0000000e+00
   0.0000000e+00
   0.0000000e+00
   0.0000000e+00
   0.0000000e+00
   0.0000000e+00
   0.0000000e+00
   0.0000000e+00
   0.0000000e+00
   0.0000000e+00
  -0.0000000e+00
  -1.0271453e-02
  -2.6476269e-03
   3.6219417e-03
   6.9186748e-03
   4.5933090e-03
  -1.0859569e-03
  -8.0159940e-03
  -1.4652249e-02
  -2.0357843e-02
  -2.9989913e-02
  -4.5364846e-02
  -4.4264688e-02
  -3.6195769e-02
   0.0000000e+00
  -9.3306623e-04
  -2.0998406e-03
   4.4989428e-03
   2.1293478e-03
  -2.3126733e-03
  -1.1799190e-02
  -3.2434352e-02
  -6.5545609e-02
   0.0000000e+00
   0.0000000e+00
   0.0000000e+00
   0.0000000e+00
   0.0000000e+00
   0.0000000e+00
   0.0000000e+00
   0.0000000e+00
   0.0000000e+00
   0.0000000e+00
   0.0000000e+00
   0.0000000e+00
   0.0000000e+00
  -0.0000000e+00
  -1.6515622e-02
  -6.4393624e-03
   5.5845192e-03
   1.2007438e-02
   1.0507562e-02
   4.5463735e-03
  -2.4828638e-03
  -9.0585471e-03
  -1.4747642e-02
  -2.4904535e-02
  -4.4827165e-02
  -4.2149813e-02
   0.0000000e+00
   0.0000000e+00
   0.0000000e+00
  -1.0495240e-03
   7.2062920e-03
   6.3125782e-03
   1.5695726e-03
  -6.7852942e-03
  -2.5764222e-02
  -6.5897092e-02
   0.0000000e+00
   0.0000000e+00
   0.0000000e+00
   0.0000000e+00
   0.0000000e+00
   0.0000000e+00
   0.0000000e+00
   0.0000000e+00
   0.0000000e+00
   0.0000000e+00
   0.0000000e+00
   0.0000000e+00
   0.0000000e+00
  -0.0000000e+00
  -1.9345515e-02
  -1.4576309e-02
   2.0735077e-03
   1.6425233e-02
   1.7055424e-02
   1.1152136e-02
   3.2509996e-03
  -3.2643942e-03
  -7.9387790e-03
  -1.8225046e-02
  -4.2844844e-02
  -4.0495645e-02
   0.0000000e+00
   0.0000000e+00
   0.0000000e+00
   0.0000000e+00
   7.4280046e-03
   1.0335047e-02
   6.7502607e-03
  -9.6487718e-04
  -1.8578059e-02
  -6.0804859e-02
  -8.6192158e-02
   0.0000000e+00
   0.0000000e+00
   0.0000000e+00
   0.0000000e+00
   0.0000000e+00
   0.0000000e+00
   0.0000000e+00
   0.0000000e+00
   0.0000000e+00
   0.0000000e+00
   0.0000000e+00
   0.0000000e+00
  -0.0000000e+00
  -1.9345514e-02
  -2.2637717e-02
  -5.4787099e-03
   1.6986061e-02
   2.0508077e-02
   1.6168443e-02
   7.8502987e-03
   1.0008928e-03
  -2.7914201e-03
  -1.2337171e-02
  -3.9685562e-02
  -4.4776257e-02
   0.0000000e+00
   0.0000000e+00
   0.0000000e+00
   0.0000000e+00
   8.8713095e-03
   1.1052980e-02
   1.0547182e-02
   3.6093320e-03
  -1.2165747e-02
  -5.4909196e-02
  -8.0369890e-02
   0.0000000e+00
   0.0000000e+00
  -2.2747525e-02
  -9.6995911e-03
   0.0000000e+00
   0.0000000e+00
   0.0000000e+00
   0.0000000e+00
   0.0000000e+00
   0.0000000e+00
   0.0000000e+00
   0.0000000e+00
   0.0000000e+00
   0.0000000e+00
  -0.0000000e+00
  -1.6109872e-02
   1.2104706e-02
   2.0378744e-02
   1.8359927e-02
   1.1190205e-02
   4.6909361e-03
   1.7587066e-03
  -6.1412970e-03
  -3.3907445e-02
  -3.5989499e-02
   0.0000000e+00
   0.0000000e+00
   0.0000000e+00
   0.0000000e+00
   5.6686600e-03
   8.7258951e-03
   1.1558089e-02
   6.8006832e-03
  -5.9777167e-03
  -4.7575547e-02
  -6.5659806e-02
   0.0000000e+00
  -0.0000000e+00
  -2.0514744e-02
  -1.4239095e-02
   0.0000000e+00
   0.0000000e+00
   0.0000000e+00
   0.0000000e+00
   0.0000000e+00
   0.0000000e+00
   0.0000000e+00
   0.0000000e+00
   0.0000000e+00
  -0.0000000e+00
  -5.9792537e-02
  -3.2578036e-02
  -4.7143552e-06
   1.5120180e-02
   1.7212903e-02
   1.2791632e-02
   7.7389018e-03
   5.9688699e-03
   3.9818693e-04
  -2.7273150e-02
  -3.3087021e-02
   0.0000000e+00
   0.0000000e+00
   0.0000000e+00
   0.0000000e+00
  -4.8067529e-03
   1.3045521e-03
   8.4802178e-03
   7.4653812e-03
  -1.6307419e-04
  -3.8796904e-02
  -6.1928367e-02
  -2.8716686e-02
  -1.8711442e-02
  -1.5646019e-02
  -2.1361604e-02
   0.0000000e+00
   0.0000000e+00
   0.0000000e+00
   0.0000000e+00
   0.0000000e+00
   0.0000000e+00
   0.0000000e+00
   0.0000000e+00
   0.0000000e+00
  -0.0000000e+00
  -3.8150453e-02
  -3.7791889e-02
  -8.0835456e-03
   1.1102844e-02
   1.6847651e-02
   1.3834513e-02
   9.6018501e-03
   9.3880156e-03
   7.1247406e-03
  -1.4606585e-02
   0.0000000e+00
   0.0000000e+00
   0.0000000e+00
   0.0000000e+00
   0.0000000e+00
  -0.0000000e+00
  -9.7757028e-03
   2.3509767e-03
   4.4932030e-03
   4.3937876e-03
  -2.8658684e-02
  -4.9006124e-02
  -0.0000000e+00
  -1.6547808e-02
  -1.1224857e-02
   0.0000000e+00
   0.0000000e+00
   0.0000000e+00
   0.0000000e+00
   0.0000000e+00
   0.0000000e+00
   0.0000000e+00
   0.0000000e+00
   0.0000000e+00
   0.0000000e+00
  -0.0000000e+00
  -3.7365925e-02
  -3.2789085e-02
  -8.8215116e-03
   1.0890207e-02
   1.7404355e-02
   1.3263332e-02
   9.5124943e-03
   1.1332635e-02
   1.2772563e-02
  -1.5412706e-04
   0.0000000e+00
   0.0000000e+00
   0.0000000e+00
   0.0000000e+00
   0.0000000e+00
  -0.0000000e+00
  -1.4413171e-02
  -5.6571239e-03
   2.1661594e-04
   6.7959963e-03
  -1.4783462e-02
  -2.9171072e-02
  -0.0000000e+00
  -0.0000000e+00
   0.0000000e+00
  -0.0000000e+00
  -0.0000000e+00
   0.0000000e+00
   0.0000000e+00
   0.0000000e+00
   0.0000000e+00
   0.0000000e+00
   0.0000000e+00
   0.0000000e+00
   0.0000000e+00
   0.0000000e+00
  -0.0000000e+00
  -3.3107501e-02
  -1.4425716e-02
   8.5733477e-03
   1.5025731e-02
   9.4739264e-03
   6.3709402e-03
   1.1606251e-02
   1.6933093e-02
   1.1598796e-02
   0.0000000e+00
   0.0000000e+00
   0.0000000e+00
   0.0000000e+00
   0.0000000e+00
   0.0000000e+00
  -0.0000000e+00
  -1.1106287e-02
  -1.0724349e-03
   8.0967601e-03
   1.4973624e-03
  -5.6632988e-03
  -2.2121736e-03
   0.0000000e+00
   0.0000000e+00
  -0.0000000e+00
  -0.0000000e+00
   0.0000000e+00
   0.0000000e+00
   0.0000000e+00
   0.0000000e+00
   0.0000000e+00
   0.0000000e+00
   0.0000000e+00
   0.0000000e+00
   0.0000000e+00
  -0.0000000e+00
  -3.3260193e-02
  -3.0419384e-02
   7.2233277e-04
   6.0648846e-03
  -2.9249369e-04
  -6.0278385e-04
   9.9889447e-03
   1.9535703e-02
   1.8238777e-02
   0.0000000e+00
   0.0000000e+00
   0.0000000e+00
   0.0000000e+00
   0.0000000e+00
   0.0000000e+00
   0.0000000e+00
  -1.8358338e-02
  -9.0426370e-04
   1.0910767e-02
   1.4937447e-02
   8.3324279e-04
  -2.4254897e-03
   0.0000000e+00
   0.0000000e+00
   0.0000000e+00
   0.0000000e+00
   0.0000000e+00
   0.0000000e+00
   0.0000000e+00
   0.0000000e+00
   0.0000000e+00
   0.0000000e+00
   0.0000000e+00
   0.0000000e+00
   0.0000000e+00
   0.0000000e+00
  -1.3897412e-02
  -5.9909158e-02
  -1.8231314e-02
  -1.2707679e-02
  -1.9562157e-02
  -1.5177288e-02
   5.8576311e-03
   2.0653056e-02
   2.4820611e-02
   0.0000000e+00
   0.0000000e+00
   0.0000000e+00
   0.0000000e+00
   0.0000000e+00
   0.0000000e+00
   0.0000000e+00
  -3.0373593e-02
  -3.4850428e-03
   1.3236059e-02
   2.4381021e-02
   1.9823836e-02
   0.0000000e+00
   0.0000000e+00
   0.0000000e+00
   0.0000000e+00
   0.0000000e+00
   0.0000000e+00
   0.0000000e+00
   0.0000000e+00
   0.0000000e+00
   0.0000000e+00
   0.0000000e+00
   0.0000000e+00
   0.0000000e+00
   0.0000000e+00
  -0.0000000e+00
  -6.3102628e-03
   0.0000000e+00
  -3.4746557e-02
  -4.0800575e-02
  -4.6076193e-02
  -3.1295918e-02
   3.5360363e-03
   1.9003079e-02
   0.0000000e+00
   0.0000000e+00
   0.0000000e+00
   0.0000000e+00
   0.0000000e+00
  -0.0000000e+00
   0.0000000e+00
  -0.0000000e+00
  -4.1516756e-02
  -1.1263301e-02
   1.1163639e-02
   2.8311841e-02
   2.9908569e-02
  -8.2910487e-04
   1.0189188e-02
   0.0000000e+00
   0.0000000e+00
   0.0000000e+00
   0.0000000e+00
   0.0000000e+00
   0.0000000e+00
   0.0000000e+00
   0.0000000e+00
   0.0000000e+00
   0.0000000e+00
   0.0000000e+00
   0.0000000e+00
  -0.0000000e+00
  -1.0927974e-02
   0.0000000e+00
  -3.3989433e-02
  -7.3358226e-02
  -7.2152560e-02
  -4.8772880e-02
   0.0000000e+00
   0.0000000e+00
   0.0000000e+00
   0.0000000e+00
   0.0000000e+00
   0.0000000e+00
  -0.0000000e+00
  -0.0000000e+00
  -0.0000000e+00
  -5.7460509e-02
  -4.8031637e-02
  -2.7547094e-02
   3.4971845e-03
   2.4046406e-02
   2.6574726e-02
   6.5215522e-03
   1.0189189e-02
  -1.0643796e-02
   0.0000000e+00
   0.0000000e+00
   0.0000000e+00
   0.0000000e+00
   0.0000000e+00
   0.0000000e+00
   0.0000000e+00
   0.0000000e+00
   0.0000000e+00
   0.0000000e+00
   0.0000000e+00
   0.0000000e+00
   0.0000000e+00
   0.0000000e+00
   0.0000000e+00
  -0.0000000e+00
  -8.6726495e-02
   0.0000000e+00
   0.0000000e+00
   0.0000000e+00
   0.0000000e+00
   0.0000000e+00
   0.0000000e+00
   0.0000000e+00
  -0.0000000e+00
  -0.0000000e+00
  -4.2005516e-02
  -5.1741322e-02
  -1.8804528e-02
  -6.2505302e-02
  -2.0384865e-02
   1.1283626e-02
   8.1259036e-03
   1.5506946e-02
   0.0000000e+00
   0.0000000e+00
   0.0000000e+00
   0.0000000e+00
   0.0000000e+00
   0.0000000e+00
   0.0000000e+00
   0.0000000e+00
   0.0000000e+00
   0.0000000e+00
   0.0000000e+00
   0.0000000e+00
   0.0000000e+00
   0.0000000e+00
   0.0000000e+00
   0.0000000e+00
   0.0000000e+00
  -0.0000000e+00
  -6.8943946e-02
   0.0000000e+00
   0.0000000e+00
   0.0000000e+00
   0.0000000e+00
   0.0000000e+00
   0.0000000e+00
   0.0000000e+00
   0.0000000e+00
  -0.0000000e+00
   0.0000000e+00
  -5.4609016e-02
  -3.0093160e-03
  -0.0000000e+00
  -3.4737217e-02
  -1.3386637e-02
   8.3136995e-03
   6.3422655e-03
   1.7477768e-02
   0.0000000e+00
   0.0000000e+00
  -0.0000000e+00
   0.0000000e+00
   0.0000000e+00
   0.0000000e+00
   0.0000000e+00
   0.0000000e+00
   0.0000000e+00
   0.0000000e+00
  -0.0000000e+00
   0.0000000e+00
   0.0000000e+00
   0.0000000e+00
  -1.9818405e-03
  -1.3335878e-02
  -1.1919550e-02
  -3.5041190e-02
  -3.5679984e-02
  -1.4885255e-02
  -2.7686970e-03
  -3.8011021e-03
  -7.0820570e-03
  -0.0000000e+00
  -2.3954059e-02
  -2.3213175e-02
   0.0000000e+00
  -4.9668532e-02
  -3.3921651e-02
   0.0000000e+00
   0.0000000e+00
   0.0000000e+00
  -0.0000000e+00
  -4.7996901e-03
   5.3489891e-03
   1.9217066e-03
   4.0076661e-03
   2.5560815e-03
  -1.0227735e-02
  -1.3016691e-02
  -1.4849122e-02
  -1.3653927e-02
  -0.0000000e+00
   0.0000000e+00
   0.0000000e+00
   1.3853811e-02
   9.7325375e-03
   1.3076518e-02
   1.3344049e-02
   1.2297554e-02
   9.1655809e-03
   4.5080831e-03
   3.0387805e-04
  -2.8914370e-03
  -4.7739727e-03
  -5.2801100e-03
  -6.5518264e-03
  -8.7505335e-03
  -1.2878405e-02
  -1.9091602e-02
  -2.4812052e-02
  -3.0619078e-02
  -2.7091389e-02
  -3.4984780e-02
  -1.3615658e-02
  -0.0000000e+00
  -0.0000000e+00
  -0.0000000e+00
  -0.0000000e+00
  -1.7449685e-02
   1.3536764e-03
   7.7086310e-03
   1.0447970e-02
   1.0452061e-02
   6.9412009e-03
   1.5822951e-03
  -1.1436426e-03
  -3.5106512e-03
   1.5440433e-03
   7.7681605e-03
   1.5474231e-02
