   0.0000000e+00
   0.0000000e+00
   0.0000000e+00
   0.0000000e+00
   0.0000000e+00
   0.0000000e+00
   0.0000000e+00
   0.0000000e+00
   0.0000000e+00
   0.0000000e+00
   0.0000000e+00
   0.0000000e+00
   0.0000000e+00
   0.0000000e+00
   0.0000000e+00
   0.0000000e+00
   0.0000000e+00
   0.0000000e+00
   0.0000000e+00
   0.0000000e+00
   0.0000000e+00
  -0.0000000e+00
   0.0000000e+00
   0.0000000e+00
   0.0000000e+00
   0.0000000e+00
   0.0000000e+00
   0.0000000e+00
   0.0000000e+00
   0.0000000e+00
   0.0000000e+00
   0.0000000e+00
   0.0000000e+00
   0.0000000e+00
   0.0000000e+00
   0.0000000e+00
   0.0000000e+00
   0.0000000e+00
   0.0000000e+00
   0.0000000e+00
   0.0000000e+00
   0.0000000e+00
  -0.0000000e+00
   2.4226078e-02
   3.1739205e-02
   2.9728961e-02
   2.1824466e-02
   1.4762540e-02
   1.8277613e-02
   5.8608763e-03
   4.0422937e-03
   1.9137547e-02
  -1.5923742e-02
  -2.1639177e-02
   0.0000000e+00
  -0.0000000e+00
  -4.7858871e-03
  -7.9244107e-03
  -1.7604577e-02
  -2.8675198e-02
  -6.1638718e-02
  -0.0000000e+00
  -0.0000000e+00
  -0.0000000e+00
  -0.0000000e+00
   0.0000000e+00
   0.0000000e+00
   0.0000000e+00
   0.0000000e+00
   0.0000000e+00
   0.0000000e+00
   0.0000000e+00
  -9.1096569e-02
  -7.7136511e-02
  -7.4567524e-02
  -5.7661283e-02
  -5.0671436e-02
  -2.1599053e-02
   4.2487564e-03
   4.2898162e-02
   6.1876860e-02
   6.4734444e-02
   5.6330302e-02
   4.9814243e-02
   4.3840762e-02
   3.9563673e-02
   3.4920540e-02
   3.2096010e-02
   2.9008957e-02
   2.5423778e-02
   2.8045497e-02
   0.0000000e+00
   2.6825337e-02
   2.3770573e-02
   1.7738972e-02
   4.9834857e-03
  -1.5621760e-02
  -4.1505581e-02
  -5.3383047e-02
  -5.4768160e-02
  -5.0896651e-02
  -7.5370276e-02
  -6.8370052e-02
  -7.9699067e-02
  -5.2831528e-02
  -5.0631570e-02
  -6.9594966e-02
  -9.0388243e-02
  -4.0696535e-02
  -3.1784900e-02
  -2.4376804e-02
  -8.1393868e-03
   2.6146805e-02
   5.3377252e-02
   6.9494717e-02
   8.1525326e-02
   8.9469224e-02
   8.4802605e-02
   7.5507745e-02
   6.7094609e-02
   6.1081495e-02
   5.7122976e-02
   5.4058179e-02
   5.2968867e-02
   5.5351056e-02
   5.5527717e-02
   5.2891122e-02
   5.5949310e-02
   5.7976354e-02
   5.7020016e-02
   5.1727280e-02
   4.4238515e-02
   3.7519813e-02
   3.1922802e-02
   2.6975617e-02
   2.6568927e-02
   2.7264372e-02
   1.8523548e-02
  -1.1999332e-02
  -2.6336260e-02
  -1.0958747e-02
  -8.9181578e-03
  -2.4829036e-02
  -3.8374435e-02
   4.9281262e-02
   5.2126404e-02
   6.1774109e-02
   7.4345149e-02
   8.5035719e-02
   9.8171934e-02
   1.0508880e-01
   1.1016035e-01
   1.1170527e-01
   1.0166118e-01
   9.0975806e-02
   8.3801456e-02
   7.9706326e-02
   7.6282553e-02
   7.3995151e-02
   7.4813090e-02
   7.9680525e-02
   8.7136388e-02
   8.9755826e-02
   7.9753913e-02
   8.0070280e-02
   8.4615670e-02
   8.7689959e-02
   8.5519910e-02
   8.2903042e-02
   8.4121823e-02
   8.7799162e-02
   9.1403931e-02
   9.5836341e-02
   9.6978381e-02
   9.1973089e-02
   8.2949571e-02
   7.1129814e-02
   6.4234972e-02
   6.1822481e-02
   5.4198381e-02
   9.9162914e-02
   9.9395737e-02
   1.0384464e-01
   1.0843164e-01
   1.0948633e-01
   1.1338200e-01
   1.1252360e-01
   1.1394954e-01
   1.1526334e-01
   1.0643192e-01
   9.7479910e-02
   9.3552463e-02
   9.2819840e-02
   9.1679022e-02
   9.0182491e-02
   9.0966173e-02
   9.4955534e-02
   1.0631514e-01
   1.0783635e-01
   9.6035950e-02
   9.3928143e-02
   1.0460997e-01
   1.1415099e-01
   1.1827160e-01
   1.1990981e-01
   1.2379589e-01
   1.3200063e-01
   1.3838200e-01
   1.4409977e-01
   1.4674884e-01
   1.4744894e-01
   1.4342277e-01
   1.2915945e-01
   1.1854683e-01
   1.1213715e-01
   1.0407248e-01
   1.4172797e-01
   1.3767326e-01
   1.3516723e-01
   1.3007051e-01
   1.2149882e-01
   1.1532778e-01
   1.0650113e-01
   1.0237992e-01
   1.0579591e-01
   1.0391662e-01
   1.0002464e-01
   9.8947495e-02
   1.0110701e-01
   1.0184713e-01
   1.0108189e-01
   1.0157641e-01
   1.0382118e-01
   1.0553748e-01
   8.5698649e-02
   8.4006198e-02
   9.6213862e-02
   1.1687935e-01
   1.3244607e-01
   1.4313141e-01
   1.4861763e-01
   1.5449733e-01
   1.6342658e-01
   1.7041950e-01
   1.7510170e-01
   1.7587860e-01
   1.7983161e-01
   1.8250595e-01
   1.7266169e-01
   1.6681372e-01
   1.5666360e-01
   1.4736712e-01
   1.7649385e-01
   1.6684324e-01
   1.5601932e-01
   1.3952437e-01
   1.1966649e-01
   1.0132419e-01
   9.3277722e-02
   7.6331988e-02
   8.4977649e-02
   9.2511281e-02
   9.6435718e-02
   9.8723903e-02
   1.0240220e-01
   1.0376406e-01
   1.0400453e-01
   1.0449593e-01
   1.0343268e-01
   9.6747696e-02
   0.0000000e+00
   5.7480726e-02
   8.6242504e-02
   1.1530936e-01
   1.3667257e-01
   1.5465616e-01
   1.6519023e-01
   1.7206320e-01
   1.7864743e-01
   1.8282987e-01
   1.8202136e-01
   1.7516503e-01
   1.8095091e-01
   1.9356254e-01
   1.9616559e-01
   2.0440528e-01
   1.9291447e-01
   1.8314795e-01
   1.9129260e-01
   1.7465599e-01
   1.5390168e-01
   1.3003541e-01
   1.0449341e-01
   7.9348251e-02
   4.0048178e-02
   4.8217189e-02
   6.5804459e-02
   7.8867629e-02
   8.8333830e-02
   9.3186580e-02
   9.6518070e-02
   9.7744003e-02
   9.8815009e-02
   9.8691635e-02
   9.5597193e-02
   8.5487796e-02
   0.0000000e+00
   5.1006790e-02
   7.5337611e-02
   1.0457609e-01
   1.2851286e-01
   1.4965230e-01
   1.6370559e-01
   1.7076658e-01
   1.7422207e-01
   1.7339396e-01
   1.6643742e-01
   1.5166312e-01
   1.5876126e-01
   1.7988503e-01
   1.9718674e-01
   2.1706244e-01
   2.0716812e-01
   2.0046023e-01
   1.8499459e-01
   1.6020861e-01
   1.3179708e-01
   1.0738825e-01
   7.1297131e-02
   5.9314728e-02
   3.8951481e-02
   3.8142146e-02
   5.2437074e-02
   6.7338683e-02
   7.8343868e-02
   8.4323347e-02
   8.6350404e-02
   8.6138472e-02
   8.7018818e-02
   8.7041080e-02
   8.3662540e-02
   6.9480471e-02
   0.0000000e+00
   3.7147874e-02
   6.0088128e-02
   8.8132538e-02
   1.1330151e-01
   1.3508689e-01
   1.4948334e-01
   1.5460545e-01
   1.5405969e-01
   1.4951657e-01
   1.4313228e-01
   1.2615788e-01
   1.3237971e-01
   1.5608686e-01
   1.8383929e-01
   2.0793270e-01
   2.0415260e-01
   1.9993287e-01
   1.5816961e-01
   1.2779860e-01
   9.9034362e-02
   8.1689783e-02
   5.0655536e-02
   4.4919718e-02
   3.8222721e-02
   3.9447878e-02
   4.5645457e-02
   5.8600791e-02
   6.8240941e-02
   7.3567986e-02
   7.3493630e-02
   7.1211517e-02
   7.0970386e-02
   7.2018847e-02
   6.9735177e-02
   5.6225210e-02
   0.0000000e+00
   0.0000000e+00
   4.4225238e-02
   6.8196438e-02
   9.3461148e-02
   1.1478322e-01
   1.2638584e-01
   1.2866990e-01
   1.2341772e-01
   1.1882703e-01
   1.1747728e-01
   1.0452098e-01
   1.0878038e-01
   1.3022529e-01
   1.6019209e-01
   1.8402551e-01
   1.8617932e-01
   1.7990722e-01
   1.1910736e-01
   8.8031538e-02
   6.4127792e-02
   5.6169356e-02
   0.0000000e+00
   3.0577699e-02
   3.4229023e-02
   3.6955500e-02
   3.9997312e-02
   4.9314897e-02
   5.6714110e-02
   6.0653847e-02
   5.8924958e-02
   5.4699656e-02
   5.3235359e-02
   5.5769793e-02
   5.4778744e-02
   4.0449268e-02
   0.0000000e+00
   0.0000000e+00
   2.8013561e-02
   4.7576639e-02
   7.1754865e-02
   9.0912444e-02
   9.9338180e-02
   9.8391920e-02
   8.9124491e-02
   8.3018665e-02
   8.9472547e-02
   7.9987367e-02
   8.1962903e-02
   1.0047585e-01
   1.2785227e-01
   1.4898416e-01
   1.5251543e-01
   1.4305375e-01
   7.9114675e-02
   5.8373026e-02
   3.4735443e-02
   0.0000000e+00
   0.0000000e+00
   1.9579626e-02
   2.2570570e-02
   2.7829179e-02
   3.1276876e-02
   3.7485356e-02
   4.2985744e-02
   4.5405376e-02
   4.2328710e-02
   3.7454324e-02
   3.6141279e-02
   3.9513516e-02
   3.9150829e-02
   2.6051242e-02
   0.0000000e+00
   0.0000000e+00
   1.3728897e-02
   2.8139816e-02
   4.9848612e-02
   6.5500397e-02
   7.1252186e-02
   6.7350652e-02
   5.3192995e-02
   5.5049541e-02
   6.1861123e-02
   4.7660801e-02
   4.8783778e-02
   6.6097412e-02
   8.8788470e-02
   1.0520107e-01
   1.0823532e-01
   9.8872720e-02
   3.9146587e-02
   0.0000000e+00
   4.1070700e-03
   0.0000000e+00
   0.0000000e+00
   9.7504407e-03
   1.2299131e-02
   1.8148638e-02
   1.9813031e-02
   2.3170959e-02
   2.6677942e-02
   2.7804723e-02
   2.4370080e-02
   2.0410597e-02
   2.0313183e-02
   2.3624014e-02
   2.2772698e-02
   1.1531051e-02
   0.0000000e+00
   0.0000000e+00
  -0.0000000e+00
   1.0332135e-02
   2.9503644e-02
   4.1240830e-02
   4.4487376e-02
   3.7461732e-02
   1.8088350e-02
   0.0000000e+00
   1.6162794e-02
   1.6674394e-02
   1.8935470e-02
   3.5020240e-02
   5.0736036e-02
   6.1640039e-02
   6.4065523e-02
   5.6302194e-02
   4.1362719e-03
   0.0000000e+00
   0.0000000e+00
   0.0000000e+00
   0.0000000e+00
  -2.0730905e-04
   7.8330657e-04
   4.3433401e-03
   5.1076615e-03
   6.6058944e-03
   8.4937095e-03
   8.8138796e-03
   6.1563950e-03
   3.8701203e-03
   5.3394143e-03
   8.3872701e-03
   6.6061352e-03
  -4.2540465e-04
   0.0000000e+00
   0.0000000e+00
  -0.0000000e+00
  -6.2059875e-03
   1.2021318e-02
   2.0243987e-02
   2.0354897e-02
   9.9935879e-03
  -1.0195963e-02
   0.0000000e+00
  -0.0000000e+00
  -6.7934067e-03
  -5.7235361e-03
   7.4399761e-03
   1.6797405e-02
   2.3770630e-02
   2.5204624e-02
   1.8439919e-02
  -2.3405225e-02
   0.0000000e+00
   0.0000000e+00
   0.0000000e+00
  -0.0000000e+00
  -1.1192868e-02
  -1.2984000e-02
  -1.2853994e-02
  -1.5066475e-02
  -1.4985797e-02
  -1.3644076e-02
  -1.3321997e-02
  -1.3854630e-02
  -1.2866536e-02
  -9.1996685e-03
  -7.4026180e-03
  -1.0723596e-02
  -1.0896200e-02
   0.0000000e+00
   0.0000000e+00
  -0.0000000e+00
  -2.1469183e-02
  -4.0018801e-03
   1.1805836e-04
  -3.5114508e-03
  -1.6821321e-02
  -2.6799519e-02
   0.0000000e+00
  -0.0000000e+00
  -2.5303761e-02
  -2.3959280e-02
  -1.7164580e-02
  -1.3777919e-02
  -1.0567345e-02
  -1.1484190e-02
  -1.8183060e-02
  -3.7253854e-02
   0.0000000e+00
   0.0000000e+00
   0.0000000e+00
  -0.0000000e+00
  -2.2950843e-02
  -2.6412353e-02
  -2.8107706e-02
  -3.1672858e-02
  -3.2182969e-02
  -3.0603245e-02
  -2.9146828e-02
  -2.6431832e-02
  -2.2077717e-02
  -1.8163092e-02
  -1.9468229e-02
  -2.4458762e-02
  -1.5193153e-02
   1.6516324e-03
   0.0000000e+00
  -0.0000000e+00
  -2.9441938e-02
  -1.4043391e-02
  -1.3839038e-02
  -2.0830980e-02
  -3.6276992e-02
  -4.4330236e-02
   0.0000000e+00
  -0.0000000e+00
  -3.0211407e-02
  -2.9427156e-02
  -3.2039713e-02
  -3.3283867e-02
  -3.3535521e-02
  -3.6648907e-02
  -4.1892078e-02
  -4.4964463e-02
   0.0000000e+00
   0.0000000e+00
   0.0000000e+00
  -0.0000000e+00
  -3.3779979e-02
  -3.7847903e-02
  -4.0310238e-02
  -4.4079583e-02
  -4.5119315e-02
  -4.3166593e-02
  -3.9756928e-02
  -3.3475906e-02
  -2.7064573e-02
  -2.5204014e-02
  -3.0448511e-02
  -3.6123104e-02
  -2.0936210e-02
  -1.4260711e-03
   0.0000000e+00
   0.0000000e+00
  -3.2228001e-02
  -2.2209072e-02
  -2.5854189e-02
  -3.5796501e-02
  -5.1005710e-02
  -5.3685087e-02
   0.0000000e+00
   0.0000000e+00
  -0.0000000e+00
  -3.3995277e-02
  -4.3036144e-02
  -4.7798626e-02
  -5.1424585e-02
  -5.6428630e-02
  -5.9071481e-02
  -4.8273514e-02
   0.0000000e+00
   0.0000000e+00
   0.0000000e+00
  -0.0000000e+00
  -4.2027991e-02
  -4.6124697e-02
  -4.8847768e-02
  -5.2149873e-02
  -5.3417221e-02
  -5.0739992e-02
  -4.4986635e-02
  -3.5798885e-02
  -2.9488273e-02
  -3.1669412e-02
  -4.0411398e-02
  -4.5974668e-02
  -2.7971355e-02
  -3.9668487e-03
   0.0000000e+00
   0.0000000e+00
  -0.0000000e+00
  -2.9885542e-02
  -3.7089378e-02
  -4.8618108e-02
  -6.0613498e-02
  -5.3959399e-02
   0.0000000e+00
   0.0000000e+00
  -0.0000000e+00
  -3.8419187e-02
  -5.1309802e-02
  -5.9154786e-02
  -6.5855175e-02
  -7.1986079e-02
  -7.1275420e-02
  -4.5538933e-02
  -1.6656634e-02
   0.0000000e+00
   0.0000000e+00
  -0.0000000e+00
  -4.7533048e-02
  -5.0896739e-02
  -5.3549015e-02
  -5.5992198e-02
  -5.6952283e-02
  -5.3173409e-02
  -4.5130121e-02
  -3.4639615e-02
  -3.1051887e-02
  -3.8201290e-02
  -4.9338797e-02
  -5.4265865e-02
  -3.6252092e-02
  -5.1374761e-03
   0.0000000e+00
   0.0000000e+00
  -0.0000000e+00
  -3.7882260e-02
  -4.8022756e-02
  -5.9258901e-02
  -6.4770609e-02
  -4.6648444e-02
   0.0000000e+00
   0.0000000e+00
  -0.0000000e+00
  -4.2430587e-02
  -5.7773870e-02
  -6.8592019e-02
  -7.7483436e-02
  -8.3848139e-02
  -7.8794299e-02
  -3.7676953e-02
  -1.5286438e-02
   0.0000000e+00
   0.0000000e+00
  -0.0000000e+00
  -5.0566282e-02
  -5.2154269e-02
  -5.4437717e-02
  -5.5808987e-02
  -5.5784248e-02
  -5.0589663e-02
  -4.0704679e-02
  -3.1214671e-02
  -3.3111375e-02
  -4.5075916e-02
  -5.7191156e-02
  -6.1186191e-02
  -4.5538867e-02
   0.0000000e+00
   0.0000000e+00
   0.0000000e+00
  -0.0000000e+00
  -4.6576107e-02
  -5.8779631e-02
  -6.7606233e-02
  -6.3407369e-02
  -3.1282288e-02
   0.0000000e+00
   0.0000000e+00
   0.0000000e+00
  -0.0000000e+00
  -6.3126840e-02
  -7.6851279e-02
  -8.6519532e-02
  -9.2195865e-02
  -8.1528246e-02
  -2.7440566e-02
   5.4905353e-04
   0.0000000e+00
   0.0000000e+00
  -5.6811623e-02
  -4.7578022e-02
  -4.5986156e-02
  -4.7177766e-02
  -4.7406556e-02
  -4.5723316e-02
  -3.9126648e-02
  -3.0132774e-02
  -2.7375169e-02
  -3.9017425e-02
  -5.4198604e-02
  -6.4704717e-02
  -6.6732761e-02
  -5.3495879e-02
   0.0000000e+00
   0.0000000e+00
   0.0000000e+00
  -0.0000000e+00
  -5.6379232e-02
  -7.0349514e-02
  -7.2018725e-02
  -5.4332814e-02
  -1.6430838e-02
   0.0000000e+00
   0.0000000e+00
   0.0000000e+00
  -5.8131587e-02
  -7.0232674e-02
  -8.2947387e-02
  -9.0693849e-02
  -9.2208099e-02
  -7.3895328e-02
  -1.6990392e-02
   5.7220016e-03
   0.0000000e+00
   0.0000000e+00
  -5.1768363e-02
  -3.9687779e-02
  -3.5069093e-02
  -3.5722271e-02
  -3.6562480e-02
  -3.4483157e-02
  -2.8468795e-02
  -2.3224959e-02
  -2.8504400e-02
  -4.5273691e-02
  -6.0181193e-02
  -6.8037480e-02
  -6.5591045e-02
  -4.0780085e-02
   0.0000000e+00
   0.0000000e+00
   0.0000000e+00
  -0.0000000e+00
  -6.0525510e-02
  -7.3865578e-02
  -6.8951778e-02
  -4.5354635e-02
  -1.2163983e-02
   0.0000000e+00
   0.0000000e+00
  -0.0000000e+00
  -6.1606713e-02
  -7.2125189e-02
  -8.1966534e-02
  -8.5162140e-02
  -8.2112066e-02
  -6.0482860e-02
  -8.0611873e-03
   4.0124547e-03
  -3.7976845e-03
  -0.0000000e+00
  -4.5523189e-02
  -3.0573128e-02
  -2.3944488e-02
  -2.4650608e-02
  -2.6310718e-02
  -2.4574943e-02
  -2.0569657e-02
  -2.0426061e-02
  -3.2261793e-02
  -5.0908955e-02
  -6.4297110e-02
  -6.8623424e-02
  -6.0323670e-02
  -3.0766815e-02
   0.0000000e+00
   0.0000000e+00
   0.0000000e+00
  -0.0000000e+00
  -6.2276753e-02
  -7.3446900e-02
  -6.3217402e-02
  -3.6987663e-02
  -9.0128183e-03
   0.0000000e+00
   0.0000000e+00
  -0.0000000e+00
  -6.1790508e-02
  -7.1036623e-02
  -7.7098839e-02
  -7.5334683e-02
  -6.8341003e-02
  -4.5541108e-02
  -1.7321703e-03
  -6.2210323e-04
  -1.9776788e-02
  -6.6101734e-02
  -3.8517049e-02
  -2.1734983e-02
  -1.4572727e-02
  -1.5512534e-02
  -1.7613024e-02
  -1.6712708e-02
  -1.5697703e-02
  -2.0918285e-02
  -3.7217341e-02
  -5.5397157e-02
  -6.6250570e-02
  -6.6414259e-02
  -5.2375726e-02
  -2.4689672e-02
   0.0000000e+00
   0.0000000e+00
   0.0000000e+00
   0.0000000e+00
  -6.2123175e-02
  -7.0231013e-02
  -5.5802375e-02
  -2.9158928e-02
  -6.1807986e-03
   0.0000000e+00
   0.0000000e+00
  -0.0000000e+00
  -6.1037995e-02
  -6.7134731e-02
  -6.8853229e-02
  -6.2309071e-02
  -5.1932342e-02
  -2.9703284e-02
   2.8968899e-03
  -1.0452896e-02
  -3.4855136e-02
   0.0000000e+00
  -1.7477716e-02
  -1.4305139e-02
  -9.3097475e-03
  -1.0283195e-02
  -1.1595958e-02
  -1.2043483e-02
  -1.5218099e-02
  -2.5382033e-02
  -4.2696747e-02
  -5.7952223e-02
  -6.4804592e-02
  -5.9783499e-02
  -4.1443417e-02
  -2.6473824e-02
   0.0000000e+00
   0.0000000e+00
   0.0000000e+00
   0.0000000e+00
  -5.9439995e-02
  -6.3915964e-02
  -4.6393541e-02
  -2.1339635e-02
  -2.6177767e-03
   0.0000000e+00
   0.0000000e+00
  -0.0000000e+00
  -5.9057067e-02
  -5.8889628e-02
  -5.5439191e-02
  -4.4655264e-02
  -3.1354112e-02
  -1.1859544e-02
   2.8968898e-03
  -9.8617084e-03
  -2.8659707e-02
   0.0000000e+00
  -0.0000000e+00
  -1.6282528e-02
  -1.6727458e-02
  -1.7936315e-02
  -1.8028136e-02
  -1.9035313e-02
  -2.3618131e-02
  -3.2923920e-02
  -4.5198298e-02
  -5.4188940e-02
  -5.5236272e-02
  -4.5546784e-02
  -2.4727882e-02
  -8.7920055e-03
   0.0000000e+00
   0.0000000e+00
   0.0000000e+00
   0.0000000e+00
  -5.2209721e-02
  -5.2298180e-02
  -3.4485949e-02
  -1.2696569e-02
   4.9889107e-03
   0.0000000e+00
   0.0000000e+00
  -0.0000000e+00
  -4.7766893e-02
  -4.3514310e-02
  -3.5481217e-02
  -2.1268909e-02
  -7.0219403e-03
   4.1831541e-03
   0.0000000e+00
  -9.6773400e-03
  -1.9200861e-02
   0.0000000e+00
  -2.1535546e-02
  -2.4394087e-02
  -2.8467681e-02
  -3.0046007e-02
  -2.9668521e-02
  -2.9892800e-02
  -3.2467607e-02
  -3.7580363e-02
  -4.3885961e-02
  -4.8102304e-02
  -4.6171892e-02
  -3.5135590e-02
  -1.4421255e-02
  -1.7056242e-05
   0.0000000e+00
   0.0000000e+00
   0.0000000e+00
   0.0000000e+00
  -4.5233301e-02
  -4.1017156e-02
  -2.4976162e-02
  -6.4398274e-03
   4.9481597e-03
   0.0000000e+00
   0.0000000e+00
  -0.0000000e+00
  -3.7313204e-02
  -3.1113919e-02
  -2.1122685e-02
  -5.1567326e-03
   8.1363684e-03
   1.0670081e-02
   0.0000000e+00
  -0.0000000e+00
  -8.6297587e-03
  -0.0000000e+00
  -2.7652922e-02
  -3.2912215e-02
  -3.9006347e-02
  -4.0717921e-02
  -4.0001503e-02
  -3.9034581e-02
  -3.8962855e-02
  -3.9931348e-02
  -4.1332352e-02
  -4.1938512e-02
  -3.8265745e-02
  -2.6892101e-02
  -7.0364885e-03
   5.7422686e-03
   0.0000000e+00
   0.0000000e+00
   0.0000000e+00
  -0.0000000e+00
  -3.7422223e-02
  -3.0048476e-02
  -1.5917416e-02
  -3.4600501e-04
   4.9593379e-03
   0.0000000e+00
   0.0000000e+00
  -0.0000000e+00
  -2.8316283e-02
  -2.0507937e-02
  -9.1762744e-03
   8.0516697e-03
   1.9962906e-02
   1.9024475e-02
   0.0000000e+00
  -0.0000000e+00
  -4.9210819e-03
  -3.2578744e-02
  -3.4826118e-02
  -4.0859992e-02
  -4.7087239e-02
  -4.8608823e-02
  -4.7634477e-02
  -4.5170466e-02
  -4.2171171e-02
  -3.9632666e-02
  -3.7777077e-02
  -3.6190997e-02
  -3.2047029e-02
  -2.1206293e-02
  -2.8077046e-03
   8.6052547e-03
   0.0000000e+00
   0.0000000e+00
   0.0000000e+00
  -5.7152194e-02
  -2.9865308e-02
  -1.9816560e-02
  -7.4396232e-03
   5.6360837e-03
   7.5837937e-03
   0.0000000e+00
   0.0000000e+00
   0.0000000e+00
  -2.1382584e-02
  -1.2175635e-02
   9.2072867e-07
   1.8036151e-02
   2.8313121e-02
   2.3253170e-02
   1.7942231e-04
  -0.0000000e+00
  -1.7862035e-02
  -3.9636719e-02
  -4.0701303e-02
  -4.4462947e-02
  -4.8753561e-02
  -5.0397368e-02
  -5.0050752e-02
  -4.7771776e-02
  -4.4283113e-02
  -4.0660857e-02
  -3.6488234e-02
  -3.2402515e-02
  -2.6636232e-02
  -1.6695198e-02
  -4.6853902e-03
   4.0056948e-03
   0.0000000e+00
   0.0000000e+00
  -0.0000000e+00
  -4.6525693e-02
  -1.8304275e-02
  -6.7485498e-03
   7.2683581e-03
   1.6462963e-02
   1.2063037e-02
   0.0000000e+00
   0.0000000e+00
   0.0000000e+00
  -1.0071116e-02
  -3.1362077e-03
   8.5502499e-03
   2.6306479e-02
   3.3347271e-02
   2.1506827e-02
   2.1583744e-03
  -0.0000000e+00
  -2.3569744e-02
  -4.1792738e-02
  -4.4891617e-02
  -5.1235992e-02
  -5.6217473e-02
  -5.6989718e-02
  -5.5169142e-02
  -5.1396995e-02
  -4.6814344e-02
  -4.2062598e-02
  -3.5864579e-02
  -2.8736841e-02
  -2.1343532e-02
  -1.5459566e-02
  -1.1378756e-02
   3.7688019e-03
   0.0000000e+00
   0.0000000e+00
  -0.0000000e+00
  -4.2927849e-02
  -1.3467749e-02
   1.6291027e-03
   1.1047737e-02
   2.4964225e-02
   1.2063037e-02
   0.0000000e+00
   0.0000000e+00
   0.0000000e+00
  -0.0000000e+00
   2.9574623e-03
   1.2745155e-02
   3.1465428e-02
   3.6393429e-02
   2.4485257e-02
   3.2129153e-03
  -9.9040511e-03
  -2.8523042e-02
  -4.4444274e-02
  -5.1016580e-02
  -6.0954917e-02
  -6.8186209e-02
  -6.9219090e-02
  -6.5951057e-02
  -5.9474126e-02
  -5.1935084e-02
  -4.4510197e-02
  -3.5559095e-02
  -2.5736677e-02
  -1.8134346e-02
  -1.5682623e-02
  -1.8392269e-02
  -2.8663460e-03
   0.0000000e+00
   0.0000000e+00
  -0.0000000e+00
  -4.2212389e-02
  -1.2742982e-02
   7.2163776e-03
   1.5545725e-02
   3.0023071e-02
   0.0000000e+00
   0.0000000e+00
   0.0000000e+00
   0.0000000e+00
   0.0000000e+00
   8.9398241e-03
   1.6796280e-02
   3.9022792e-02
   4.0927142e-02
   2.7048046e-02
   3.1517585e-03
  -1.3529021e-02
  -3.4061514e-02
  -4.7557692e-02
  -5.8654159e-02
  -7.2867353e-02
  -8.3596734e-02
  -8.6062608e-02
  -8.1821298e-02
  -7.2130215e-02
  -6.0408518e-02
  -4.9003515e-02
  -3.6508540e-02
  -2.4154098e-02
  -1.7305757e-02
  -1.7165302e-02
  -2.4159948e-02
  -1.3383221e-02
   0.0000000e+00
  -0.0000000e+00
  -5.9051152e-02
  -4.4958773e-02
  -1.6336371e-02
   1.0138515e-02
   0.0000000e+00
   0.0000000e+00
   0.0000000e+00
   0.0000000e+00
   0.0000000e+00
   0.0000000e+00
   0.0000000e+00
   1.5490034e-02
   2.0984319e-02
   4.7905001e-02
   4.6905781e-02
   2.9276433e-02
   5.7046826e-04
  -1.3529021e-02
  -3.8642180e-02
  -5.2110211e-02
  -6.7901174e-02
  -8.6252320e-02
  -1.0134298e-01
  -1.0812337e-01
  -1.0699534e-01
  -9.7711734e-02
  -8.3320502e-02
  -6.6260055e-02
  -4.7304159e-02
  -3.0608301e-02
  -2.2988792e-02
  -1.9853069e-02
  -1.6020003e-02
   0.0000000e+00
   0.0000000e+00
  -0.0000000e+00
  -7.2197510e-02
  -5.9381057e-02
  -3.0540927e-02
   9.8528142e-03
   0.0000000e+00
   0.0000000e+00
   0.0000000e+00
   0.0000000e+00
   0.0000000e+00
   0.0000000e+00
   0.0000000e+00
   3.0121751e-02
   2.8729423e-02
   6.9636742e-02
   5.6857851e-02
   3.0410453e-02
  -5.6647490e-03
  -2.4610110e-02
  -4.0690012e-02
  -5.4765332e-02
  -7.1208715e-02
  -8.9666173e-02
  -1.0536227e-01
  -1.1405417e-01
  -1.1606185e-01
  -1.1082070e-01
  -9.8834418e-02
  -8.0966100e-02
  -5.8000721e-02
  -3.6811076e-02
  -2.5341267e-02
  -2.4549058e-02
  -3.6864163e-03
   0.0000000e+00
   0.0000000e+00
  -0.0000000e+00
  -8.3583355e-02
  -7.3044643e-02
  -4.5147493e-02
  -3.6947290e-03
   0.0000000e+00
   0.0000000e+00
   0.0000000e+00
   0.0000000e+00
   0.0000000e+00
   0.0000000e+00
   0.0000000e+00
   4.6633076e-02
   3.3364006e-02
   5.7272945e-02
   5.5939682e-02
   3.3276379e-02
  -0.0000000e+00
  -2.8043273e-02
  -4.2296518e-02
  -5.6033079e-02
  -7.1854764e-02
  -8.9410543e-02
  -1.0459774e-01
  -1.1403502e-01
  -1.1743307e-01
  -1.1444002e-01
  -1.0491461e-01
  -8.8513285e-02
  -6.4638928e-02
  -4.0423506e-02
  -2.3664519e-02
  -2.9698282e-02
  -6.8831206e-03
  -9.5355509e-02
  -0.0000000e+00
  -8.9126630e-02
  -8.8306479e-02
  -7.9333305e-02
  -5.5039263e-02
  -1.7348079e-02
   0.0000000e+00
   0.0000000e+00
   0.0000000e+00
   0.0000000e+00
   0.0000000e+00
   0.0000000e+00
   0.0000000e+00
   6.2476099e-02
   4.2957810e-02
   0.0000000e+00
   4.9796773e-02
   3.4035663e-02
  -0.0000000e+00
  -3.1217618e-02
  -4.3713208e-02
  -5.6249090e-02
  -7.0767745e-02
  -8.6902604e-02
  -1.0097086e-01
  -1.1051631e-01
  -1.1453000e-01
  -1.1294851e-01
  -1.0585027e-01
  -9.2036948e-02
  -6.8897940e-02
  -4.2288814e-02
  -1.9468335e-02
  -3.3498411e-02
  -4.1584582e-02
  -0.0000000e+00
  -1.1770018e-01
  -8.8090152e-02
  -8.8650167e-02
  -8.1704296e-02
  -6.2668025e-02
  -2.8265539e-02
   0.0000000e+00
   0.0000000e+00
   0.0000000e+00
   0.0000000e+00
   0.0000000e+00
   0.0000000e+00
   0.0000000e+00
   7.5018933e-02
   5.2159686e-02
   0.0000000e+00
   3.9757131e-02
   0.0000000e+00
  -0.0000000e+00
  -3.5315703e-02
  -4.4522923e-02
  -5.5167203e-02
  -6.7965173e-02
  -8.2424022e-02
  -9.4973583e-02
  -1.0411527e-01
  -1.0835976e-01
  -1.0764238e-01
  -1.0266310e-01
  -9.1941927e-02
  -7.0706683e-02
  -4.2123696e-02
  -1.3109557e-02
   0.0000000e+00
   0.0000000e+00
  -8.4503428e-02
  -1.0436743e-01
  -8.3692374e-02
  -8.4372839e-02
  -8.0970345e-02
  -6.8411864e-02
  -3.8721050e-02
   0.0000000e+00
   0.0000000e+00
   0.0000000e+00
   0.0000000e+00
   0.0000000e+00
   0.0000000e+00
   0.0000000e+00
   8.0150131e-02
   5.7932984e-02
   0.0000000e+00
   2.6578003e-02
   0.0000000e+00
  -0.0000000e+00
  -4.1652615e-02
  -4.4148251e-02
  -5.0833043e-02
  -6.1056212e-02
  -7.3576629e-02
  -8.4684238e-02
  -9.2676308e-02
  -9.6567772e-02
  -9.6622176e-02
  -9.3662556e-02
  -8.6333454e-02
  -6.8043150e-02
  -3.8014173e-02
  -1.1850274e-02
   0.0000000e+00
  -0.0000000e+00
  -7.2353970e-02
  -7.9219751e-02
  -7.3740250e-02
  -7.5546347e-02
  -7.6522335e-02
  -7.2268686e-02
  -5.1599717e-02
   0.0000000e+00
   0.0000000e+00
   0.0000000e+00
   0.0000000e+00
   0.0000000e+00
   0.0000000e+00
   0.0000000e+00
   0.0000000e+00
   0.0000000e+00
   0.0000000e+00
   0.0000000e+00
   0.0000000e+00
  -0.0000000e+00
  -4.5294886e-02
  -4.2760029e-02
  -4.5590810e-02
  -5.2895420e-02
  -6.3395575e-02
  -7.3784612e-02
  -8.1338627e-02
  -8.5257806e-02
  -8.5775547e-02
  -8.4053372e-02
  -7.8364290e-02
  -6.1327089e-02
  -3.1436760e-02
  -4.9683499e-03
   0.0000000e+00
  -0.0000000e+00
  -6.1644800e-02
  -6.5380797e-02
  -6.3744314e-02
  -6.5389641e-02
  -6.8943322e-02
  -6.9549709e-02
  -5.6719494e-02
   0.0000000e+00
   0.0000000e+00
   0.0000000e+00
   0.0000000e+00
   0.0000000e+00
   0.0000000e+00
   0.0000000e+00
   0.0000000e+00
   0.0000000e+00
   0.0000000e+00
   0.0000000e+00
   0.0000000e+00
   0.0000000e+00
  -4.3710200e-02
  -3.9700489e-02
  -3.8471814e-02
  -4.2794917e-02
  -5.0691132e-02
  -6.0039863e-02
  -6.7180410e-02
  -7.1390316e-02
  -7.2718956e-02
  -7.2429977e-02
  -6.8489008e-02
  -5.2160732e-02
  -2.2981120e-02
   5.4677059e-04
  -0.0000000e+00
  -4.9190858e-02
  -4.8886228e-02
  -5.1592194e-02
  -5.1579863e-02
  -5.3040966e-02
  -5.8355711e-02
  -6.2517673e-02
  -5.6453788e-02
   0.0000000e+00
   0.0000000e+00
   0.0000000e+00
   0.0000000e+00
   0.0000000e+00
   0.0000000e+00
   0.0000000e+00
   0.0000000e+00
   0.0000000e+00
   0.0000000e+00
   0.0000000e+00
   0.0000000e+00
   0.0000000e+00
  -0.0000000e+00
  -3.4449093e-02
  -2.9318238e-02
  -3.0575864e-02
  -3.5762750e-02
  -4.3667387e-02
  -5.0317504e-02
  -5.4778710e-02
  -5.6930549e-02
  -5.8064848e-02
  -5.6230433e-02
  -4.0815491e-02
  -1.2999499e-02
   3.5530063e-03
  -0.0000000e+00
  -4.1911635e-02
  -3.8102584e-02
  -3.7212834e-02
  -3.7738621e-02
  -3.9380644e-02
  -4.5545246e-02
  -5.1885799e-02
  -5.0905830e-02
   0.0000000e+00
   0.0000000e+00
   0.0000000e+00
   0.0000000e+00
   0.0000000e+00
   0.0000000e+00
   0.0000000e+00
   0.0000000e+00
   0.0000000e+00
   0.0000000e+00
   0.0000000e+00
   0.0000000e+00
   0.0000000e+00
  -0.0000000e+00
  -2.7800182e-02
  -1.8978300e-02
  -1.6200731e-02
  -1.8911907e-02
  -2.5019744e-02
  -3.1079140e-02
  -3.5525132e-02
  -3.8112909e-02
  -4.0357403e-02
  -4.1038040e-02
  -2.7488526e-02
  -2.1136314e-03
   4.2621125e-03
  -0.0000000e+00
  -2.8397781e-02
  -2.1247429e-02
  -2.1678185e-02
  -2.2826411e-02
  -2.5276203e-02
  -3.1487051e-02
  -3.8866252e-02
  -3.8906063e-02
   0.0000000e+00
   0.0000000e+00
   0.0000000e+00
   0.0000000e+00
   0.0000000e+00
   0.0000000e+00
   0.0000000e+00
   0.0000000e+00
   0.0000000e+00
   0.0000000e+00
   0.0000000e+00
   0.0000000e+00
   0.0000000e+00
  -0.0000000e+00
  -2.4404895e-02
  -1.1037869e-02
  -8.2169388e-05
  -2.4137797e-05
  -4.3605277e-03
  -9.9665101e-03
  -1.4398881e-02
  -1.6837196e-02
  -1.9559027e-02
  -2.2570050e-02
  -1.1927681e-02
   1.0167666e-02
   0.0000000e+00
   0.0000000e+00
   0.0000000e+00
  -2.2319926e-03
  -4.6105435e-03
  -7.1408493e-03
  -1.0709214e-02
  -1.6816283e-02
  -2.5126622e-02
  -2.3960137e-02
   0.0000000e+00
   0.0000000e+00
   0.0000000e+00
   0.0000000e+00
   0.0000000e+00
   0.0000000e+00
   0.0000000e+00
   0.0000000e+00
   0.0000000e+00
   0.0000000e+00
   0.0000000e+00
   0.0000000e+00
   0.0000000e+00
  -0.0000000e+00
  -2.6552158e-02
  -8.2803041e-03
   1.6963084e-02
   2.2577943e-02
   2.0948564e-02
   1.5674503e-02
   1.1007639e-02
   8.8594597e-03
   5.5887081e-03
   2.4992890e-06
   6.4253979e-03
   2.3378700e-02
   0.0000000e+00
   0.0000000e+00
   0.0000000e+00
   0.0000000e+00
   1.4737471e-02
   1.2060912e-02
   7.2114220e-03
   9.8057448e-04
  -8.4850265e-03
  -1.3214683e-02
  -5.7148553e-03
   0.0000000e+00
   0.0000000e+00
   0.0000000e+00
   0.0000000e+00
   0.0000000e+00
   0.0000000e+00
   0.0000000e+00
   0.0000000e+00
   0.0000000e+00
   0.0000000e+00
   0.0000000e+00
   0.0000000e+00
  -0.0000000e+00
  -2.6552156e-02
   8.1815886e-03
   2.7128682e-02
   3.7556443e-02
   3.9647248e-02
   3.6431964e-02
   3.1974744e-02
   2.9828086e-02
   2.6366562e-02
   1.8400837e-02
   1.8815761e-02
   2.3048960e-02
   0.0000000e+00
   0.0000000e+00
   0.0000000e+00
   0.0000000e+00
   2.5341516e-02
   2.6323933e-02
   2.2380579e-02
   1.6396442e-02
   6.6173021e-03
  -1.3942220e-03
  -7.2989849e-03
   0.0000000e+00
   0.0000000e+00
   7.9012474e-04
   2.2676402e-02
   0.0000000e+00
   0.0000000e+00
   0.0000000e+00
   0.0000000e+00
   0.0000000e+00
   0.0000000e+00
   0.0000000e+00
   0.0000000e+00
   0.0000000e+00
   0.0000000e+00
   0.0000000e+00
   3.2775646e-02
   4.4801648e-02
   5.3099032e-02
   5.2556782e-02
   4.9919824e-02
   4.8438489e-02
   4.5113052e-02
   3.4997111e-02
   2.8345452e-02
   2.8072268e-02
   0.0000000e+00
   0.0000000e+00
   0.0000000e+00
   0.0000000e+00
   2.8376920e-02
   3.6213285e-02
   3.4241786e-02
   3.1302562e-02
   2.1181533e-02
   1.0180275e-02
   1.0222616e-02
   0.0000000e+00
   0.0000000e+00
   1.1754086e-02
   1.5692936e-02
   0.0000000e+00
   0.0000000e+00
   0.0000000e+00
   0.0000000e+00
   0.0000000e+00
   0.0000000e+00
   0.0000000e+00
   0.0000000e+00
   0.0000000e+00
   0.0000000e+00
   3.3561740e-02
   3.0393762e-02
   4.1918303e-02
   5.8289107e-02
   6.2224183e-02
   6.3309085e-02
   6.3725736e-02
   6.0626257e-02
   4.8709481e-02
   3.2324632e-02
   2.9432455e-02
   0.0000000e+00
   0.0000000e+00
   0.0000000e+00
   0.0000000e+00
   2.5915405e-02
   3.8066131e-02
   4.1462394e-02
   4.4677365e-02
   3.5143298e-02
   1.9857680e-02
   1.3630298e-02
   2.3562900e-02
   3.9059420e-02
   1.8699756e-02
   4.7358369e-03
   0.0000000e+00
   0.0000000e+00
   0.0000000e+00
   0.0000000e+00
   0.0000000e+00
   0.0000000e+00
   0.0000000e+00
   0.0000000e+00
   0.0000000e+00
   0.0000000e+00
   2.5411216e-02
   2.8018367e-02
   3.8533203e-02
   5.8272384e-02
   6.6847801e-02
   7.1426466e-02
   7.4214563e-02
   7.0919752e-02
   5.7014517e-02
   3.3175742e-02
   0.0000000e+00
   0.0000000e+00
   0.0000000e+00
   0.0000000e+00
   0.0000000e+00
   0.0000000e+00
   3.3776309e-02
   4.3833546e-02
   5.5077489e-02
   4.7650240e-02
   2.7171291e-02
   8.1036041e-03
   0.0000000e+00
   3.0242484e-02
   2.4281645e-02
   0.0000000e+00
   0.0000000e+00
   0.0000000e+00
   0.0000000e+00
   0.0000000e+00
   0.0000000e+00
   0.0000000e+00
   0.0000000e+00
   0.0000000e+00
   0.0000000e+00
   0.0000000e+00
   1.1845660e-02
   2.0277595e-02
   3.4337096e-02
   5.2825980e-02
   6.3589208e-02
   7.1428373e-02
   7.6637141e-02
   7.3364936e-02
   5.8391817e-02
   3.2302419e-02
   0.0000000e+00
   0.0000000e+00
   0.0000000e+00
   0.0000000e+00
   0.0000000e+00
   0.0000000e+00
   3.0925871e-02
   4.2304948e-02
   6.0806505e-02
   5.7456352e-02
   3.1990945e-02
   4.1071776e-04
   0.0000000e+00
   0.0000000e+00
   0.0000000e+00
  -0.0000000e+00
  -0.0000000e+00
   0.0000000e+00
   0.0000000e+00
   0.0000000e+00
   0.0000000e+00
   0.0000000e+00
   0.0000000e+00
   0.0000000e+00
   0.0000000e+00
   0.0000000e+00
   0.0000000e+00
   8.8025630e-03
   1.9135091e-02
   3.7394531e-02
   4.7929149e-02
   6.0151335e-02
   6.9280438e-02
   6.7373186e-02
   5.2331809e-02
   3.0327988e-02
   0.0000000e+00
   0.0000000e+00
   0.0000000e+00
   0.0000000e+00
   0.0000000e+00
   0.0000000e+00
   0.0000000e+00
   4.2700670e-02
   6.5456167e-02
   6.4205095e-02
   3.8135011e-02
   1.1171933e-02
   1.4655104e-02
   0.0000000e+00
   0.0000000e+00
  -0.0000000e+00
  -0.0000000e+00
   0.0000000e+00
   0.0000000e+00
   0.0000000e+00
   0.0000000e+00
   0.0000000e+00
   0.0000000e+00
   0.0000000e+00
   0.0000000e+00
   0.0000000e+00
   0.0000000e+00
  -5.2004511e-03
  -1.0718758e-02
   8.9093427e-03
   1.8603135e-02
   3.7330396e-02
   5.2614295e-02
   5.3288804e-02
   3.8514766e-02
   1.9416969e-02
   0.0000000e+00
   0.0000000e+00
   0.0000000e+00
   0.0000000e+00
   0.0000000e+00
   0.0000000e+00
   0.0000000e+00
   4.7889031e-02
   6.8703025e-02
   6.7893303e-02
   4.4012511e-02
   1.6923482e-02
   7.7523234e-03
   0.0000000e+00
   0.0000000e+00
   0.0000000e+00
   0.0000000e+00
   0.0000000e+00
   0.0000000e+00
   0.0000000e+00
   0.0000000e+00
   0.0000000e+00
   0.0000000e+00
   0.0000000e+00
   0.0000000e+00
   0.0000000e+00
   0.0000000e+00
   1.0679979e-03
  -3.2660465e-02
  -3.4659754e-02
  -2.1815192e-02
   3.6529163e-03
   2.7056534e-02
   3.2094423e-02
   1.9295072e-02
   4.8109033e-03
   0.0000000e+00
   0.0000000e+00
   0.0000000e+00
   0.0000000e+00
   0.0000000e+00
   0.0000000e+00
   0.0000000e+00
   5.5667033e-02
   6.5416574e-02
   6.2811323e-02
   4.2900953e-02
   2.9182027e-02
   0.0000000e+00
   0.0000000e+00
   0.0000000e+00
   0.0000000e+00
   0.0000000e+00
   0.0000000e+00
   0.0000000e+00
   0.0000000e+00
   0.0000000e+00
   0.0000000e+00
   0.0000000e+00
   0.0000000e+00
   0.0000000e+00
   0.0000000e+00
  -0.0000000e+00
   2.8760610e-03
   0.0000000e+00
  -6.8730049e-02
  -6.2174156e-02
  -2.8674860e-02
   4.0445955e-03
   7.0848603e-03
  -8.7962382e-04
   0.0000000e+00
   0.0000000e+00
   0.0000000e+00
   0.0000000e+00
   0.0000000e+00
   0.0000000e+00
   0.0000000e+00
   0.0000000e+00
   5.3004634e-02
   5.0719328e-02
   4.7162119e-02
   3.0847969e-02
   1.7413910e-02
  -3.2325390e-03
  -9.6090027e-03
   0.0000000e+00
   0.0000000e+00
   0.0000000e+00
   0.0000000e+00
   0.0000000e+00
   0.0000000e+00
   0.0000000e+00
   0.0000000e+00
   0.0000000e+00
   0.0000000e+00
   0.0000000e+00
   0.0000000e+00
  -0.0000000e+00
  -7.6837398e-03
   0.0000000e+00
  -8.1176312e-02
  -8.4705367e-02
  -4.7349259e-02
  -1.8390520e-02
  -0.0000000e+00
  -0.0000000e+00
   0.0000000e+00
   0.0000000e+00
   0.0000000e+00
   0.0000000e+00
   0.0000000e+00
   0.0000000e+00
   0.0000000e+00
   3.8369666e-02
   2.5190720e-02
   1.7726520e-02
   1.9396387e-02
   3.8378374e-03
  -1.8460948e-03
  -4.2238264e-03
  -9.6090017e-03
   2.3777401e-03
   0.0000000e+00
   0.0000000e+00
   0.0000000e+00
   0.0000000e+00
   0.0000000e+00
   0.0000000e+00
   0.0000000e+00
   0.0000000e+00
   0.0000000e+00
   0.0000000e+00
   0.0000000e+00
   0.0000000e+00
   0.0000000e+00
   0.0000000e+00
   0.0000000e+00
  -0.0000000e+00
  -5.4898102e-02
   0.0000000e+00
   0.0000000e+00
   0.0000000e+00
   0.0000000e+00
   0.0000000e+00
   0.0000000e+00
   0.0000000e+00
   0.0000000e+00
   0.0000000e+00
   1.6154146e-02
   1.8447706e-02
  -4.8771398e-03
  -3.5737575e-02
  -3.6799472e-02
  -4.6729114e-02
  -2.4855990e-02
  -4.2383362e-03
   0.0000000e+00
   0.0000000e+00
   0.0000000e+00
   0.0000000e+00
   0.0000000e+00
   0.0000000e+00
   0.0000000e+00
   0.0000000e+00
   0.0000000e+00
   0.0000000e+00
   0.0000000e+00
   0.0000000e+00
   0.0000000e+00
   0.0000000e+00
   0.0000000e+00
   0.0000000e+00
   0.0000000e+00
  -0.0000000e+00
  -7.5934400e-03
   0.0000000e+00
   0.0000000e+00
   0.0000000e+00
   0.0000000e+00
   0.0000000e+00
   0.0000000e+00
   0.0000000e+00
   0.0000000e+00
   0.0000000e+00
   0.0000000e+00
   6.9261854e-03
  -2.5453589e-02
  -0.0000000e+00
  -6.2691793e-02
  -4.0427969e-02
  -2.0933536e-02
  -1.0787416e-02
   5.6825501e-03
   0.0000000e+00
   0.0000000e+00
   0.0000000e+00
   0.0000000e+00
   0.0000000e+00
   0.0000000e+00
   0.0000000e+00
   0.0000000e+00
   0.0000000e+00
   0.0000000e+00
  -0.0000000e+00
  -0.0000000e+00
  -0.0000000e+00
  -0.0000000e+00
  -2.1777159e-02
  -2.8710062e-02
  -2.1342204e-02
  -2.3476785e-02
  -5.2660256e-02
  -5.8402178e-02
  -3.3033466e-02
  -2.5724383e-02
   9.6764097e-05
   0.0000000e+00
   8.5207464e-03
   9.2422655e-03
   0.0000000e+00
   4.1911904e-02
   1.3530338e-02
   0.0000000e+00
   0.0000000e+00
   0.0000000e+00
  -0.0000000e+00
  -2.8257081e-02
  -1.8071592e-02
  -1.0702268e-02
  -1.3670765e-02
  -4.2894230e-03
  -2.5515703e-03
  -4.6850130e-03
  -7.9968535e-03
  -1.5359233e-02
  -0.0000000e+00
  -0.0000000e+00
   0.0000000e+00
  -1.6521197e-02
  -1.8933807e-02
  -1.8559661e-02
  -1.3973698e-02
  -8.7634035e-03
  -4.0979499e-03
  -2.0348711e-03
  -1.4498213e-03
  -2.0332073e-03
  -4.3231074e-03
  -4.1576808e-03
   5.1933654e-04
   4.5364998e-03
   8.7637762e-03
   1.1314086e-02
   9.2402321e-03
  -2.5744420e-03
  -1.5562235e-02
  -8.5264673e-03
  -1.4351085e-02
  -0.0000000e+00
  -0.0000000e+00
  -0.0000000e+00
  -0.0000000e+00
  -1.3713014e-02
  -2.0716509e-02
  -2.0215223e-02
  -1.8946562e-02
  -1.5900114e-02
  -1.1138209e-02
  -1.1225104e-02
  -1.2661084e-02
  -1.4853861e-02
  -1.7550961e-02
  -1.6632733e-02
  -1.3215840e-02
