-START-OF-DATA-
0	0.00027
10	0.00026992
20	0.00026984
30	0.00026976
40	0.00026968
50	0.0002696
60	0.00026952
70	0.00026944
80	0.00026936
90	0.00026928
100	0.0002692
110	0.00026912
120	0.00026904
130	0.00026896
140	0.00026888
150	0.0002688
160	0.00026872
170	0.00026864
180	0.00026856
190	0.00026848
200	0.0002684
210	0.00026832
220	0.00026824
230	0.00026816
240	0.00026808
250	0.000268
260	0.00026792
270	0.00026784
280	0.00026776
290	0.00026768
300	0.0002676
310	0.00026752
320	0.00026744
330	0.00026736
340	0.00026728
350	0.0002672
360	0.00026712
370	0.00026704
380	0.00026696
390	0.00026688
400	0.0002668
410	0.00026672
420	0.00026664
430	0.00026656
440	0.00026648
450	0.0002664
460	0.00026632
470	0.00026624
480	0.00026616
490	0.00026608
500	0.000266
510	0.00026592
520	0.00026584
530	0.00026576
540	0.00026568
550	0.0002656
560	0.00026552
570	0.00026544
580	0.00026536
590	0.00026528
600	0.0002652
610	0.00026512
620	0.00026504
630	0.00026496
640	0.00026488
650	0.0002648
660	0.00026472
670	0.00026464
680	0.00026456
690	0.00026448
700	0.0002644
710	0.00026432
720	0.00026424
730	0.00026416
740	0.00026408
750	0.000264
760	0.00026392
770	0.00026384
780	0.00026376
790	0.00026368
800	0.0002636
810	0.00026352
820	0.00026344
830	0.00026336
840	0.00026328
850	0.0002632
860	0.00026312
870	0.00026304
880	0.00026296
890	0.00026288
900	0.0002628
910	0.00026272
920	0.00026264
930	0.00026256
940	0.00026248
950	0.0002624
960	0.00026232
970	0.00026224
980	0.00026216
990	0.00026208
1000	0.000262
1010	0.00026192
1020	0.00026184
1030	0.00026176
1040	0.00026168
1050	0.0002616
1060	0.00026152
1070	0.00026144
1080	0.00026136
1090	0.00026128
1100	0.0002612
1110	0.00026112
1120	0.00026104
1130	0.00026096
1140	0.00026088
1150	0.0002608
1160	0.00026072
1170	0.00026064
1180	0.00026056
1190	0.00026048
1200	0.0002604
1210	0.00026032
1220	0.00026024
1230	0.00026016
1240	0.00026008
1250	0.00026
1260	0.00025992
1270	0.00025984
1280	0.00025976
1290	0.00025968
1300	0.0002596
1310	0.00025952
1320	0.00025944
1330	0.00025936
1340	0.00025928
1350	0.0002592
1360	0.00025912
1370	0.00025904
1380	0.00025896
1390	0.00025888
1400	0.0002588
1410	0.00025872
1420	0.00025864
1430	0.00025856
1440	0.00025848
1450	0.0002584
1460	0.00025832
1470	0.00025824
1480	0.00025816
1490	0.00025808
1500	0.000258
1510	0.00025792
1520	0.00025784
1530	0.00025776
1540	0.00025768
1550	0.0002576
1560	0.00025752
1570	0.00025744
1580	0.00025736
1590	0.00025728
1600	0.0002572
1610	0.00025712
1620	0.00025704
1630	0.00025696
1640	0.00025688
1650	0.0002568
1660	0.00025672
1670	0.00025664
1680	0.00025656
1690	0.00025648
1700	0.0002564
1710	0.00025632
1720	0.00025624
1730	0.00025616
1740	0.00025608
1750	0.000256
1760	0.00025592
1770	0.00025584
1780	0.00025576
1790	0.00025568
1800	0.0002556
1810	0.00025552
1820	0.00025544
1830	0.00025536
1840	0.00025528
1850	0.0002552
1860	0.00025512
1870	0.00025504
1880	0.00025496
1890	0.00025488
1900	0.0002548
1910	0.00025472
1920	0.00025464
1930	0.00025456
1940	0.00025448
1950	0.0002544
1960	0.00025432
1970	0.00025424
1980	0.00025416
1990	0.00025408
2000	0.000254
2010	0.00025392
2020	0.00025384
2030	0.00025376
2040	0.00025368
2050	0.0002536
2060	0.00025352
2070	0.00025344
2080	0.00025336
2090	0.00025328
2100	0.0002532
2110	0.00025312
2120	0.00025304
2130	0.00025296
2140	0.00025288
2150	0.0002528
2160	0.00025272
2170	0.00025264
2180	0.00025256
2190	0.00025248
2200	0.0002524
2210	0.00025232
2220	0.00025224
2230	0.00025216
2240	0.00025208
2250	0.000252
2260	0.00025192
2270	0.00025184
2280	0.00025176
2290	0.00025168
2300	0.0002516
2310	0.00025152
2320	0.00025144
2330	0.00025136
2340	0.00025128
2350	0.0002512
2360	0.00025112
2370	0.00025104
2380	0.00025096
2390	0.00025088
2400	0.0002508
2410	0.00025072
2420	0.00025064
2430	0.00025056
2440	0.00025048
2450	0.0002504
2460	0.00025032
2470	0.00025024
2480	0.00025016
2490	0.00025008
2500	0.00025
2510	0.00024992
2520	0.00024984
2530	0.00024976
2540	0.00024968
2550	0.0002496
2560	0.00024952
2570	0.00024944
2580	0.00024936
2590	0.00024928
2600	0.0002492
2610	0.00024912
2620	0.00024904
2630	0.00024896
2640	0.00024888
2650	0.0002488
2660	0.00024872
2670	0.00024864
2680	0.00024856
2690	0.00024848
2700	0.0002484
2710	0.00024832
2720	0.00024824
2730	0.00024816
2740	0.00024808
2750	0.000248
2760	0.00024792
2770	0.00024784
2780	0.00024776
2790	0.00024768
2800	0.0002476
2810	0.00024752
2820	0.00024744
2830	0.00024736
2840	0.00024728
2850	0.0002472
2860	0.00024712
2870	0.00024704
2880	0.00024696
2890	0.00024688
2900	0.0002468
2910	0.00024672
2920	0.00024664
2930	0.00024656
2940	0.00024648
2950	0.0002464
2960	0.00024632
2970	0.00024624
2980	0.00024616
2990	0.00024608
3000	0.000246
3010	0.00024592
3020	0.00024584
3030	0.00024576
3040	0.00024568
3050	0.0002456
3060	0.00024552
3070	0.00024544
3080	0.00024536
3090	0.00024528
3100	0.0002452
3110	0.00024512
3120	0.00024504
3130	0.00024496
3140	0.00024488
3150	0.0002448
3160	0.00024472
3170	0.00024464
3180	0.00024456
3190	0.00024448
3200	0.0002444
3210	0.00024432
3220	0.00024424
3230	0.00024416
3240	0.00024408
3250	0.000244
3260	0.00024392
3270	0.00024384
3280	0.00024376
3290	0.00024368
3300	0.0002436
3310	0.00024352
3320	0.00024344
3330	0.00024336
3340	0.00024328
3350	0.0002432
3360	0.00024312
3370	0.00024304
3380	0.00024296
3390	0.00024288
3400	0.0002428
3410	0.00024272
3420	0.00024264
3430	0.00024256
3440	0.00024248
3450	0.0002424
3460	0.00024232
3470	0.00024224
3480	0.00024216
3490	0.00024208
3500	0.000242
3510	0.00024192
3520	0.00024184
3530	0.00024176
3540	0.00024168
3550	0.0002416
3560	0.00024152
3570	0.00024144
3580	0.00024136
3590	0.00024128
3600	0.0002412
3610	0.00024112
3620	0.00024104
3630	0.00024096
3640	0.00024088
3650	0.0002408
3660	0.00024072
3670	0.00024064
3680	0.00024056
3690	0.00024048
3700	0.0002404
3710	0.00024032
3720	0.00024024
3730	0.00024016
3740	0.00024008
3750	0.00024
3760	0.00023992
3770	0.00023984
3780	0.00023976
3790	0.00023968
3800	0.0002396
3810	0.00023952
3820	0.00023944
3830	0.00023936
3840	0.00023928
3850	0.0002392
3860	0.00023912
3870	0.00023904
3880	0.00023896
3890	0.00023888
3900	0.0002388
3910	0.00023872
3920	0.00023864
3930	0.00023856
3940	0.00023848
3950	0.0002384
3960	0.00023832
3970	0.00023824
3980	0.00023816
3990	0.00023808
4000	0.000238
4010	0.00023792
4020	0.00023784
4030	0.00023776
4040	0.00023768
4050	0.0002376
4060	0.00023752
4070	0.00023744
4080	0.00023736
4090	0.00023728
4100	0.0002372
4110	0.00023712
4120	0.00023704
4130	0.00023696
4140	0.00023688
4150	0.0002368
4160	0.00023672
4170	0.00023664
4180	0.00023656
4190	0.00023648
4200	0.0002364
4210	0.00023632
4220	0.00023624
4230	0.00023616
4240	0.00023608
4250	0.000236
4260	0.00023592
4270	0.00023584
4280	0.00023576
4290	0.00023568
4300	0.0002356
4310	0.00023552
4320	0.00023544
4330	0.00023536
4340	0.00023528
4350	0.0002352
4360	0.00023512
4370	0.00023504
4380	0.00023496
4390	0.00023488
4400	0.0002348
4410	0.00023472
4420	0.00023464
4430	0.00023456
4440	0.00023448
4450	0.0002344
4460	0.00023432
4470	0.00023424
4480	0.00023416
4490	0.00023408
4500	0.000234
4510	0.00023392
4520	0.00023384
4530	0.00023376
4540	0.00023368
4550	0.0002336
4560	0.00023352
4570	0.00023344
4580	0.00023336
4590	0.00023328
4600	0.0002332
4610	0.00023312
4620	0.00023304
4630	0.00023296
4640	0.00023288
4650	0.0002328
4660	0.00023272
4670	0.00023264
4680	0.00023256
4690	0.00023248
4700	0.0002324
4710	0.00023232
4720	0.00023224
4730	0.00023216
4740	0.00023208
4750	0.000232
4760	0.00023192
4770	0.00023184
4780	0.00023176
4790	0.00023168
4800	0.0002316
4810	0.00023152
4820	0.00023144
4830	0.00023136
4840	0.00023128
4850	0.0002312
4860	0.00023112
4870	0.00023104
4880	0.00023096
4890	0.00023088
4900	0.0002308
4910	0.00023072
4920	0.00023064
4930	0.00023056
4940	0.00023048
4950	0.0002304
4960	0.00023032
4970	0.00023024
4980	0.00023016
4990	0.00023008
5000	0.00023
5010	0.00022992
5020	0.00022984
5030	0.00022976
5040	0.00022968
5050	0.0002296
5060	0.00022952
5070	0.00022944
5080	0.00022936
5090	0.00022928
5100	0.0002292
5110	0.00022912
5120	0.00022904
5130	0.00022896
5140	0.00022888
5150	0.0002288
5160	0.00022872
5170	0.00022864
5180	0.00022856
5190	0.00022848
5200	0.0002284
5210	0.00022832
5220	0.00022824
5230	0.00022816
5240	0.00022808
5250	0.000228
5260	0.00022792
5270	0.00022784
5280	0.00022776
5290	0.00022768
5300	0.0002276
5310	0.00022752
5320	0.00022744
5330	0.00022736
5340	0.00022728
5350	0.0002272
5360	0.00022712
5370	0.00022704
5380	0.00022696
5390	0.00022688
5400	0.0002268
5410	0.00022672
5420	0.00022664
5430	0.00022656
5440	0.00022648
5450	0.0002264
5460	0.00022632
5470	0.00022624
5480	0.00022616
5490	0.00022608
5500	0.000226
5510	0.00022592
5520	0.00022584
5530	0.00022576
5540	0.00022568
5550	0.0002256
5560	0.00022552
5570	0.00022544
5580	0.00022536
5590	0.00022528
5600	0.0002252
5610	0.00022512
5620	0.00022504
5630	0.00022496
5640	0.00022488
5650	0.0002248
5660	0.00022472
5670	0.00022464
5680	0.00022456
5690	0.00022448
5700	0.0002244
5710	0.00022432
5720	0.00022424
5730	0.00022416
5740	0.00022408
5750	0.000224
5760	0.00022392
5770	0.00022384
5780	0.00022376
5790	0.00022368
5800	0.0002236
5810	0.00022352
5820	0.00022344
5830	0.00022336
5840	0.00022328
5850	0.0002232
5860	0.00022312
5870	0.00022304
5880	0.00022296
5890	0.00022288
5900	0.0002228
5910	0.00022272
5920	0.00022264
5930	0.00022256
5940	0.00022248
5950	0.0002224
5960	0.00022232
5970	0.00022224
5980	0.00022216
5990	0.00022208
6000	0.000222
6010	0.00022192
6020	0.00022184
6030	0.00022176
6040	0.00022168
6050	0.0002216
6060	0.00022152
6070	0.00022144
6080	0.00022136
6090	0.00022128
6100	0.0002212
6110	0.00022112
6120	0.00022104
6130	0.00022096
6140	0.00022088
6150	0.0002208
6160	0.00022072
6170	0.00022064
6180	0.00022056
6190	0.00022048
6200	0.0002204
6210	0.00022032
6220	0.00022024
6230	0.00022016
6240	0.00022008
6250	0.00022
6260	0.00021992
6270	0.00021984
6280	0.00021976
6290	0.00021968
6300	0.0002196
6310	0.00021952
6320	0.00021944
6330	0.00021936
6340	0.00021928
6350	0.0002192
6360	0.00021912
6370	0.00021904
6380	0.00021896
6390	0.00021888
6400	0.0002188
6410	0.00021872
6420	0.00021864
6430	0.00021856
6440	0.00021848
6450	0.0002184
6460	0.00021832
6470	0.00021824
6480	0.00021816
6490	0.00021808
6500	0.000218
6510	0.00021792
6520	0.00021784
6530	0.00021776
6540	0.00021768
6550	0.0002176
6560	0.00021752
6570	0.00021744
6580	0.00021736
6590	0.00021728
6600	0.0002172
6610	0.00021712
6620	0.00021704
6630	0.00021696
6640	0.00021688
6650	0.0002168
6660	0.00021672
6670	0.00021664
6680	0.00021656
6690	0.00021648
6700	0.0002164
6710	0.00021632
6720	0.00021624
6730	0.00021616
6740	0.00021608
6750	0.000216
6760	0.00021592
6770	0.00021584
6780	0.00021576
6790	0.00021568
6800	0.0002156
6810	0.00021552
6820	0.00021544
6830	0.00021536
6840	0.00021528
6850	0.0002152
6860	0.00021512
6870	0.00021504
6880	0.00021496
6890	0.00021488
6900	0.0002148
6910	0.00021472
6920	0.00021464
6930	0.00021456
6940	0.00021448
6950	0.0002144
6960	0.00021432
6970	0.00021424
6980	0.00021416
6990	0.00021408
7000	0.000214
7010	0.00021392
7020	0.00021384
7030	0.00021376
7040	0.00021368
7050	0.0002136
7060	0.00021352
7070	0.00021344
7080	0.00021336
7090	0.00021328
7100	0.0002132
7110	0.00021312
7120	0.00021304
7130	0.00021296
7140	0.00021288
7150	0.0002128
7160	0.00021272
7170	0.00021264
7180	0.00021256
7190	0.00021248
7200	0.0002124
7210	0.00021232
7220	0.00021224
7230	0.00021216
7240	0.00021208
7250	0.000212
7260	0.00021192
7270	0.00021184
7280	0.00021176
7290	0.00021168
7300	0.0002116
7310	0.00021152
7320	0.00021144
7330	0.00021136
7340	0.00021128
7350	0.0002112
7360	0.00021112
7370	0.00021104
7380	0.00021096
7390	0.00021088
7400	0.0002108
7410	0.00021072
7420	0.00021064
7430	0.00021056
7440	0.00021048
7450	0.0002104
7460	0.00021032
7470	0.00021024
7480	0.00021016
7490	0.00021008
7500	0.00021
7510	0.00020992
7520	0.00020984
7530	0.00020976
7540	0.00020968
7550	0.0002096
7560	0.00020952
7570	0.00020944
7580	0.00020936
7590	0.00020928
7600	0.0002092
7610	0.00020912
7620	0.00020904
7630	0.00020896
7640	0.00020888
7650	0.0002088
7660	0.00020872
7670	0.00020864
7680	0.00020856
7690	0.00020848
7700	0.0002084
7710	0.00020832
7720	0.00020824
7730	0.00020816
7740	0.00020808
7750	0.000208
7760	0.00020792
7770	0.00020784
7780	0.00020776
7790	0.00020768
7800	0.0002076
7810	0.00020752
7820	0.00020744
7830	0.00020736
7840	0.00020728
7850	0.0002072
7860	0.00020712
7870	0.00020704
7880	0.00020696
7890	0.00020688
7900	0.0002068
7910	0.00020672
7920	0.00020664
7930	0.00020656
7940	0.00020648
7950	0.0002064
7960	0.00020632
7970	0.00020624
7980	0.00020616
7990	0.00020608
8000	0.000206
8010	0.00020592
8020	0.00020584
8030	0.00020576
8040	0.00020568
8050	0.0002056
8060	0.00020552
8070	0.00020544
8080	0.00020536
8090	0.00020528
8100	0.0002052
8110	0.00020512
8120	0.00020504
8130	0.00020496
8140	0.00020488
8150	0.0002048
8160	0.00020472
8170	0.00020464
8180	0.00020456
8190	0.00020448
8200	0.0002044
8210	0.00020432
8220	0.00020424
8230	0.00020416
8240	0.00020408
8250	0.000204
8260	0.00020392
8270	0.00020384
8280	0.00020376
8290	0.00020368
8300	0.0002036
8310	0.00020352
8320	0.00020344
8330	0.00020336
8340	0.00020328
8350	0.0002032
8360	0.00020312
8370	0.00020304
8380	0.00020296
8390	0.00020288
8400	0.0002028
8410	0.00020272
8420	0.00020264
8430	0.00020256
8440	0.00020248
8450	0.0002024
8460	0.00020232
8470	0.00020224
8480	0.00020216
8490	0.00020208
8500	0.000202
8510	0.00020192
8520	0.00020184
8530	0.00020176
8540	0.00020168
8550	0.0002016
8560	0.00020152
8570	0.00020144
8580	0.00020136
8590	0.00020128
8600	0.0002012
8610	0.00020112
8620	0.00020104
8630	0.00020096
8640	0.00020088
8650	0.0002008
8660	0.00020072
8670	0.00020064
8680	0.00020056
8690	0.00020048
8700	0.0002004
8710	0.00020032
8720	0.00020024
8730	0.00020016
8740	0.00020008
8750	2.00E-04
8760	0.00019992
8770	0.00019984
8780	0.00019976
8790	0.00019968
8800	0.0001996
8810	0.00019952
8820	0.00019944
8830	0.00019936
8840	0.00019928
8850	0.0001992
8860	0.00019912
8870	0.00019904
8880	0.00019896
8890	0.00019888
8900	0.0001988
8910	0.00019872
8920	0.00019864
8930	0.00019856
8940	0.00019848
8950	0.0001984
8960	0.00019832
8970	0.00019824
8980	0.00019816
8990	0.00019808
9000	0.000198
9010	0.00019792
9020	0.00019784
9030	0.00019776
9040	0.00019768
9050	0.0001976
9060	0.00019752
9070	0.00019744
9080	0.00019736
9090	0.00019728
9100	0.0001972
9110	0.00019712
9120	0.00019704
9130	0.00019696
9140	0.00019688
9150	0.0001968
9160	0.00019672
9170	0.00019664
9180	0.00019656
9190	0.00019648
9200	0.0001964
9210	0.00019632
9220	0.00019624
9230	0.00019616
9240	0.00019608
9250	0.000196
9260	0.00019592
9270	0.00019584
9280	0.00019576
9290	0.00019568
9300	0.0001956
9310	0.00019552
9320	0.00019544
9330	0.00019536
9340	0.00019528
9350	0.0001952
9360	0.00019512
9370	0.00019504
9380	0.00019496
9390	0.00019488
9400	0.0001948
9410	0.00019472
9420	0.00019464
9430	0.00019456
9440	0.00019448
9450	0.0001944
9460	0.00019432
9470	0.00019424
9480	0.00019416
9490	0.00019408
9500	0.000194
9510	0.00019392
9520	0.00019384
9530	0.00019376
9540	0.00019368
9550	0.0001936
9560	0.00019352
9570	0.00019344
9580	0.00019336
9590	0.00019328
9600	0.0001932
9610	0.00019312
9620	0.00019304
9630	0.00019296
9640	0.00019288
9650	0.0001928
9660	0.00019272
9670	0.00019264
9680	0.00019256
9690	0.00019248
9700	0.0001924
9710	0.00019232
9720	0.00019224
9730	0.00019216
9740	0.00019208
9750	0.000192
9760	0.00019192
9770	0.00019184
9780	0.00019176
9790	0.00019168
9800	0.0001916
9810	0.00019152
9820	0.00019144
9830	0.00019136
9840	0.00019128
9850	0.0001912
9860	0.00019112
9870	0.00019104
9880	0.00019096
9890	0.00019088
9900	0.0001908
9910	0.00019072
9920	0.00019064
9930	0.00019056
9940	0.00019048
9950	0.0001904
9960	0.00019032
9970	0.00019024
9980	0.00019016
9990	0.00019008
10000	0.00019
-END-OF-DATA-