   0.0000000e+00
   0.0000000e+00
   0.0000000e+00
   0.0000000e+00
   0.0000000e+00
   0.0000000e+00
   0.0000000e+00
   0.0000000e+00
   0.0000000e+00
   0.0000000e+00
   0.0000000e+00
   0.0000000e+00
   0.0000000e+00
   0.0000000e+00
   0.0000000e+00
   0.0000000e+00
   0.0000000e+00
   0.0000000e+00
   0.0000000e+00
   0.0000000e+00
   0.0000000e+00
   0.0000000e+00
   0.0000000e+00
   0.0000000e+00
   0.0000000e+00
   0.0000000e+00
   2.4572790e-02
   0.0000000e+00
   0.0000000e+00
   0.0000000e+00
   0.0000000e+00
   0.0000000e+00
   0.0000000e+00
   0.0000000e+00
   0.0000000e+00
   0.0000000e+00
   0.0000000e+00
   0.0000000e+00
   0.0000000e+00
   0.0000000e+00
   0.0000000e+00
   0.0000000e+00
   0.0000000e+00
   0.0000000e+00
   0.0000000e+00
   0.0000000e+00
   0.0000000e+00
   0.0000000e+00
   0.0000000e+00
   0.0000000e+00
   0.0000000e+00
   0.0000000e+00
   0.0000000e+00
   0.0000000e+00
   0.0000000e+00
   0.0000000e+00
   1.1924105e-01
   9.6132266e-02
   5.4871064e-02
   2.4539871e-02
   1.2051766e-02
   5.1604331e-03
  -7.3462265e-04
  -7.6002748e-03
  -7.7685865e-03
  -4.0674485e-03
   1.4015030e-04
   3.4560406e-03
  -6.2102270e-04
  -5.2698087e-03
   6.2197365e-05
  -1.2291529e-02
  -3.9936374e-02
   0.0000000e+00
   4.2630677e-02
   3.6489334e-02
   1.9564353e-02
   1.4936418e-02
   1.3236833e-02
   6.2669869e-03
   3.0188902e-03
   1.1700508e-02
   4.2051703e-03
   2.1526291e-03
   7.4068854e-03
   3.4158644e-03
   4.3296384e-03
   0.0000000e+00
   0.0000000e+00
   0.0000000e+00
   0.0000000e+00
   0.0000000e+00
   0.0000000e+00
   0.0000000e+00
   0.0000000e+00
   0.0000000e+00
   0.0000000e+00
   0.0000000e+00
   0.0000000e+00
   0.0000000e+00
   0.0000000e+00
   1.1956262e-02
   1.0281910e-02
   1.5564202e-02
   2.9329164e-02
   2.8251678e-02
   1.1646681e-02
   5.8516259e-03
  -2.8974393e-03
  -5.0192401e-03
  -5.6336368e-03
  -6.2467279e-03
  -6.6037690e-03
  -8.6297365e-03
  -5.0056181e-03
  -2.9467910e-03
   3.1872472e-04
  -4.0617497e-03
  -6.6415630e-03
  -1.4979312e-02
  -2.8531562e-02
  -2.8579073e-02
   2.3148845e-02
   7.6051137e-04
  -1.3342367e-03
   4.3253507e-03
   9.0096984e-03
   1.4294616e-02
   1.4935168e-02
   1.4312597e-02
   1.0445200e-02
   5.0595771e-03
   5.8119656e-03
   1.3061576e-03
   8.5141937e-04
  -5.9269592e-03
  -8.7309696e-03
  -1.9927920e-03
   2.2732088e-02
   4.9103257e-02
   2.7306421e-02
   5.4152042e-03
   0.0000000e+00
   0.0000000e+00
  -6.1216747e-03
  -1.4563930e-02
  -1.9866351e-02
  -2.0685022e-02
  -1.8276271e-02
  -9.8573426e-03
  -5.7211397e-03
  -3.9885328e-03
  -7.4084126e-04
  -3.1387021e-03
  -9.0870056e-03
  -1.3722024e-02
  -1.5668295e-02
  -1.4598548e-02
  -1.0777564e-02
  -1.2580478e-02
  -1.6327141e-02
  -1.6837470e-02
  -1.5529547e-02
  -1.2782033e-02
  -9.8902965e-03
  -1.0642147e-02
  -1.3320501e-02
  -2.0988651e-02
  -3.1110171e-02
  -3.2371110e-02
  -8.7584891e-03
  -1.2909755e-03
   2.6372558e-04
   2.8837824e-03
   7.5933011e-03
   1.0236330e-02
   1.0918396e-02
   8.4938388e-03
   4.0476923e-03
  -2.0879393e-03
  -7.5705410e-03
  -1.2261370e-02
  -1.3552188e-02
  -1.3487048e-02
  -9.8287743e-03
  -2.1888688e-03
   1.0439395e-02
   2.3207901e-02
   1.8399216e-02
   9.4823182e-03
   5.1996362e-03
   9.5670017e-04
  -3.1069882e-02
  -3.8354199e-02
  -3.8452104e-02
  -3.3797909e-02
  -3.2057784e-02
  -3.0303168e-02
  -1.5049675e-02
  -1.0419403e-02
  -1.1416531e-02
  -1.4653490e-02
  -1.7989112e-02
  -1.8600749e-02
  -1.6757909e-02
  -1.2806019e-02
  -9.4290311e-03
  -1.5493792e-02
  -2.3293843e-02
  -2.5154913e-02
  -2.5256079e-02
  -2.2268604e-02
  -1.9214528e-02
  -1.9085301e-02
  -1.8714119e-02
  -2.7420279e-02
  -4.6908762e-02
  -5.3415739e-02
  -5.6690789e-03
   5.9225438e-03
   4.9071955e-03
   2.1436829e-03
   2.8322830e-03
   2.2717502e-03
  -9.5639960e-04
  -5.1491894e-03
  -1.1302124e-02
  -1.7939545e-02
  -2.4318634e-02
  -2.9552244e-02
  -3.0232882e-02
  -2.6848217e-02
  -1.9451195e-02
  -8.5651092e-03
   1.3979444e-03
   7.1628727e-03
   5.5761198e-03
   6.0592867e-03
   1.5906771e-05
  -1.6086746e-02
  -4.7217529e-02
  -4.6914935e-02
  -3.8028106e-02
  -3.2741141e-02
  -3.1533027e-02
  -0.0000000e+00
  -3.4642003e-03
  -5.7331705e-03
  -1.1451313e-02
  -1.3047992e-02
  -1.6253065e-02
  -1.3750462e-02
  -9.2461240e-03
  -5.2820556e-03
  -7.2071282e-03
  -1.7892461e-02
  -2.7507823e-02
  -3.1018358e-02
  -3.0607685e-02
  -2.7263723e-02
  -2.3708176e-02
  -2.1292230e-02
  -1.9305760e-02
  -2.5227761e-02
  -4.2402420e-02
  -0.0000000e+00
   0.0000000e+00
   3.5898490e-03
  -2.3532073e-03
  -3.2573070e-03
  -4.6349801e-03
  -9.0251081e-03
  -1.2388488e-02
  -1.7761752e-02
  -2.3731891e-02
  -2.9573692e-02
  -3.5489857e-02
  -3.8210697e-02
  -3.6128234e-02
  -2.9852204e-02
  -2.0646602e-02
  -9.6641500e-03
   2.0935801e-03
   4.8163710e-03
   5.0743954e-04
   6.1579500e-03
  -6.2561403e-03
  -3.1511769e-02
  -4.6264880e-02
  -0.0000000e+00
  -2.5972528e-02
  -2.1054683e-02
  -0.0000000e+00
   0.0000000e+00
   0.0000000e+00
   1.8804954e-03
  -6.1729001e-03
  -8.1789540e-03
  -1.0749651e-02
  -9.1078326e-03
  -2.5415032e-03
  -2.8688239e-03
  -1.1281520e-02
  -2.1505531e-02
  -2.8673159e-02
  -3.0466378e-02
  -2.9949490e-02
  -2.8063739e-02
  -2.3464361e-02
  -1.9469285e-02
  -1.7064944e-02
  -1.7485458e-02
  -2.3904396e-02
  -0.0000000e+00
   0.0000000e+00
   1.4713378e-03
  -7.0142522e-03
  -8.7946309e-03
  -1.2100862e-02
  -1.7161975e-02
  -2.0605061e-02
  -2.4690097e-02
  -2.8031582e-02
  -3.1920243e-02
  -3.4776684e-02
  -3.4199756e-02
  -2.8650433e-02
  -1.9050349e-02
  -1.1920324e-02
  -2.5340954e-03
   9.1878222e-03
   6.4940508e-03
   4.5612203e-03
   6.8827574e-03
  -1.6895618e-02
  -4.0622972e-02
  -2.7352164e-02
   0.0000000e+00
  -0.0000000e+00
  -0.0000000e+00
   0.0000000e+00
   0.0000000e+00
   0.0000000e+00
   8.5673440e-03
  -1.4071465e-03
  -5.9144697e-03
  -1.0895484e-02
  -1.4186813e-02
  -2.4588999e-03
  -7.5104106e-03
  -1.5502670e-02
  -2.1353673e-02
  -2.4771890e-02
  -2.6607402e-02
  -2.7166195e-02
  -2.5672348e-02
  -2.1627270e-02
  -1.7532075e-02
  -1.2874345e-02
  -8.1407242e-03
  -3.9394246e-03
  -0.0000000e+00
   0.0000000e+00
  -2.1008710e-03
  -1.1717135e-02
  -1.2262181e-02
  -1.6728694e-02
  -2.1861112e-02
  -2.4721824e-02
  -2.5874071e-02
  -2.5168763e-02
  -2.4838256e-02
  -2.3331765e-02
  -2.1187237e-02
  -1.3117193e-02
  -3.3571669e-03
  -2.0269349e-03
   4.6167755e-03
   1.1259638e-02
   6.8303142e-03
   5.3251372e-03
  -4.0643085e-03
  -2.4890840e-02
  -3.3387039e-02
   1.5817061e-04
   0.0000000e+00
   0.0000000e+00
   0.0000000e+00
   0.0000000e+00
   0.0000000e+00
   0.0000000e+00
   1.4442838e-02
  -9.2479924e-05
  -5.4139607e-03
  -9.2487782e-03
  -8.7529381e-03
  -3.3171089e-03
  -9.0218615e-03
  -1.4037807e-02
  -1.7283473e-02
  -1.9918410e-02
  -2.2201790e-02
  -2.3580499e-02
  -2.3377990e-02
  -1.9948637e-02
  -1.5150279e-02
  -8.4399618e-03
  -5.9241685e-04
   1.2157405e-02
   0.0000000e+00
   0.0000000e+00
  -0.0000000e+00
  -1.4063538e-02
  -1.4894993e-02
  -1.9808449e-02
  -2.4621479e-02
  -2.5928831e-02
  -2.3597311e-02
  -1.7266046e-02
  -1.0697303e-02
  -8.7671131e-03
  -6.5826941e-03
  -1.2122160e-03
  -3.2987638e-04
  -5.2865320e-03
  -1.3436109e-03
   2.6697828e-03
   1.3687521e-03
  -1.6138062e-03
  -1.1740196e-02
  -1.9750753e-02
  -1.3739849e-02
   2.8469549e-02
   0.0000000e+00
   0.0000000e+00
   0.0000000e+00
   0.0000000e+00
   0.0000000e+00
   0.0000000e+00
   1.4586328e-02
  -8.5328298e-04
  -5.5497987e-03
  -7.8369360e-03
  -6.3294591e-03
  -5.0178673e-03
  -8.2169529e-03
  -1.0008158e-02
  -1.2146319e-02
  -1.5027817e-02
  -1.7168382e-02
  -1.9562213e-02
  -2.0449469e-02
  -1.7308522e-02
  -1.1363281e-02
  -3.3698305e-03
   6.3129170e-03
   2.7688826e-02
   3.2988344e-02
   0.0000000e+00
   0.0000000e+00
  -2.1229666e-02
  -2.5106071e-02
  -3.0417085e-02
  -3.0460559e-02
  -2.5230356e-02
  -1.6509390e-02
  -3.6976337e-03
   1.6890027e-02
   0.0000000e+00
  -0.0000000e+00
   6.3077803e-04
  -9.0397438e-03
  -1.3562807e-02
  -9.4387960e-03
  -4.0493603e-03
  -2.0315100e-03
  -3.7580098e-03
  -6.8419380e-03
  -4.2356509e-03
   1.1349635e-02
   4.3931811e-02
   0.0000000e+00
   0.0000000e+00
   0.0000000e+00
   0.0000000e+00
   0.0000000e+00
   1.9826780e-02
   1.5117762e-02
  -5.6790415e-04
  -3.9180068e-03
  -5.9440918e-03
  -5.1804571e-03
  -5.0280085e-03
  -4.8755785e-03
  -5.0657634e-03
  -6.8733185e-03
  -9.8462757e-03
  -1.2205301e-02
  -1.5597706e-02
  -1.6982587e-02
  -1.3909517e-02
  -7.0121922e-03
   1.3203184e-03
   1.2438370e-02
   3.5419323e-02
   3.2930253e-02
   0.0000000e+00
   0.0000000e+00
  -0.0000000e+00
  -3.2170778e-02
  -3.9729342e-02
  -3.3317842e-02
  -2.0265583e-02
  -6.2793558e-03
   1.3081877e-02
   4.6209633e-02
   0.0000000e+00
   0.0000000e+00
  -1.0929420e-02
  -1.5415070e-02
  -1.4746510e-02
  -9.8268250e-03
  -3.1808480e-03
   7.3410926e-04
   2.3223304e-03
   5.1087723e-03
   1.2195998e-02
   2.9238667e-02
   4.4250247e-02
   2.0134105e-02
   0.0000000e+00
   0.0000000e+00
   0.0000000e+00
   0.0000000e+00
   2.0532026e-02
   1.6618569e-02
   9.2112229e-03
  -2.2825370e-03
  -4.3441514e-03
  -3.7036971e-03
  -2.3083156e-03
  -1.9919858e-04
  -3.3778197e-06
  -1.8835398e-03
  -5.4250578e-03
  -9.3562566e-03
  -1.3108497e-02
  -1.4065060e-02
  -1.0423942e-02
  -3.1544417e-03
   5.3259977e-03
   1.7635016e-02
   3.9607719e-02
   4.2959633e-02
   0.0000000e+00
   0.0000000e+00
   0.0000000e+00
  -3.7089728e-02
  -4.8160344e-02
  -3.0303605e-02
  -1.1940232e-02
   4.1552773e-03
   3.0034902e-02
   5.8866164e-02
   0.0000000e+00
   0.0000000e+00
  -1.5640599e-02
  -1.4862449e-02
  -1.2474636e-02
  -7.5485166e-03
   1.3333937e-03
   7.3661390e-03
   1.1984093e-02
   1.7351141e-02
   2.4356768e-02
   3.7603773e-02
   4.0721922e-02
   2.3916836e-02
   0.0000000e+00
   0.0000000e+00
   0.0000000e+00
   2.3501166e-02
   2.4280849e-02
   1.7697235e-02
   3.6130015e-04
  -4.6568812e-04
  -2.2623492e-03
  -1.1119913e-03
   1.4757326e-03
   3.9268872e-03
   3.8948497e-03
   1.4748262e-03
  -3.4277177e-03
  -8.7677677e-03
  -1.1913065e-02
  -1.1694341e-02
  -7.1616774e-03
   1.7531520e-04
   9.0540162e-03
   2.2522760e-02
   4.4855995e-02
   5.4146010e-02
   0.0000000e+00
   0.0000000e+00
   0.0000000e+00
  -4.4051602e-02
  -5.7857935e-02
  -2.5167267e-02
  -4.2456407e-03
   1.3552058e-02
   4.7118956e-02
   7.9798659e-02
   0.0000000e+00
   0.0000000e+00
  -1.1054733e-02
  -1.0565397e-02
  -1.0815208e-02
  -5.0864242e-03
   7.8993030e-03
   1.5798574e-02
   2.1875373e-02
   2.7095370e-02
   3.2112472e-02
   4.0318998e-02
   4.0042251e-02
   2.5983696e-02
   1.7735799e-02
   0.0000000e+00
   0.0000000e+00
   2.6753224e-02
   2.5400691e-02
   1.2845698e-02
   4.8787752e-03
   1.9709885e-03
  -1.3768149e-04
   1.2672856e-03
   4.2580557e-03
   6.4381319e-03
   5.8165845e-03
   2.1371625e-03
  -4.1585998e-03
  -9.7230403e-03
  -1.1458864e-02
  -9.6390564e-03
  -4.1231434e-03
   3.5172440e-03
   1.3257124e-02
   2.8099030e-02
   5.0840084e-02
   5.5161409e-02
   0.0000000e+00
   0.0000000e+00
   0.0000000e+00
  -0.0000000e+00
  -6.4236300e-02
  -1.9460749e-02
   1.8697211e-03
   2.2226728e-02
   6.1406862e-02
   8.8167940e-02
   0.0000000e+00
   0.0000000e+00
  -7.2208054e-03
  -8.4643858e-03
  -8.0926420e-03
  -9.7297718e-05
   1.4609924e-02
   2.3311621e-02
   2.9979210e-02
   3.4573574e-02
   3.8129676e-02
   4.2368706e-02
   3.8899049e-02
   2.4997735e-02
   1.3506549e-02
   0.0000000e+00
   1.7378708e-02
   2.5475341e-02
   2.2545476e-02
   1.2572586e-02
   6.9150147e-03
   2.5479095e-03
   1.0596103e-03
   2.5867396e-03
   5.4630609e-03
   6.9489479e-03
   4.8628375e-03
  -5.9807760e-04
  -7.1495855e-03
  -1.1101174e-02
  -1.0682358e-02
  -7.0000128e-03
  -6.3123077e-04
   7.5573768e-03
   1.8475924e-02
   3.4795627e-02
   5.4886930e-02
   4.2719218e-02
   0.0000000e+00
   0.0000000e+00
   0.0000000e+00
   0.0000000e+00
  -6.1705534e-02
  -1.3263480e-02
   7.5455243e-03
   3.0167978e-02
   6.7783386e-02
   8.0567449e-02
   0.0000000e+00
   0.0000000e+00
  -0.0000000e+00
  -1.3230743e-02
  -5.8253960e-03
   9.7417179e-03
   2.1027669e-02
   3.0101245e-02
   3.7684012e-02
   4.2337876e-02
   4.4713560e-02
   4.4859644e-02
   3.6531255e-02
   2.3584124e-02
   1.2147239e-02
   8.5312858e-03
   2.0161873e-02
   2.3850787e-02
   1.9606620e-02
   1.2485861e-02
   6.0859122e-03
   1.4217091e-03
   6.1209116e-04
   2.5688512e-03
   4.6951445e-03
   4.7298279e-03
   6.7565101e-04
  -5.2879592e-03
  -1.0045106e-02
  -1.1009804e-02
  -8.2781361e-03
  -3.0788537e-03
   3.9000623e-03
   1.2740970e-02
   2.4914542e-02
   4.2545378e-02
   5.9379298e-02
   4.4778944e-02
   0.0000000e+00
   0.0000000e+00
   0.0000000e+00
   0.0000000e+00
  -4.6694673e-02
  -6.5132817e-03
   1.3814793e-02
   3.6667395e-02
   6.6858053e-02
   6.7031257e-02
   0.0000000e+00
   0.0000000e+00
   0.0000000e+00
  -1.4860805e-02
  -1.1803034e-02
   2.1531240e-02
   2.7499259e-02
   3.7045777e-02
   4.5799755e-02
   5.0663043e-02
   5.0702866e-02
   4.5633186e-02
   3.2284513e-02
   2.0931322e-02
   1.1941079e-02
   1.2032633e-02
   2.0227944e-02
   2.0661952e-02
   1.5272955e-02
   8.5312370e-03
   1.6996280e-03
  -2.1366528e-03
  -1.8339854e-03
   4.5783122e-04
   1.5400114e-03
   1.2438319e-04
  -4.4280919e-03
  -8.5446257e-03
  -1.0117496e-02
  -8.1610288e-03
  -3.7025495e-03
   2.4041738e-03
   9.7526107e-03
   1.9191345e-02
   3.2192390e-02
   5.0257012e-02
   5.5526204e-02
   0.0000000e+00
   0.0000000e+00
   0.0000000e+00
   0.0000000e+00
   0.0000000e+00
  -2.6856038e-02
   1.6499319e-03
   2.1115283e-02
   4.1989669e-02
   6.2427990e-02
   5.5858918e-02
   0.0000000e+00
   0.0000000e+00
   0.0000000e+00
  -1.1526554e-02
  -1.1526554e-02
   3.3565189e-02
   3.3583492e-02
   4.3022919e-02
   5.2811742e-02
   5.7220820e-02
   5.3386122e-02
   4.3022919e-02
   2.6296765e-02
   1.7265407e-02
   1.0762453e-02
   1.3410518e-02
   1.8787563e-02
   1.4631809e-02
   7.5432085e-03
   6.5572502e-04
  -4.7618086e-03
  -6.9892821e-03
  -5.4122219e-03
  -2.8792575e-03
  -2.1807835e-03
  -3.7935278e-03
  -6.5911165e-03
  -7.6679327e-03
  -6.2597739e-03
  -2.4187076e-03
   2.7977226e-03
   9.0763727e-03
   1.6355272e-02
   2.5774449e-02
   3.8548183e-02
   5.5760279e-02
   5.8964628e-02
   0.0000000e+00
   0.0000000e+00
   0.0000000e+00
   0.0000000e+00
   0.0000000e+00
  -2.8148415e-03
   1.1914172e-02
   2.9021952e-02
   4.5448743e-02
   5.6565002e-02
   4.7009092e-02
   0.0000000e+00
   0.0000000e+00
   0.0000000e+00
  -6.8663424e-03
  -6.8663424e-03
   4.0214595e-02
   3.7778441e-02
   4.6406053e-02
   5.5829562e-02
   5.8125339e-02
   4.9120598e-02
   3.5688214e-02
   1.7159961e-02
   1.0920006e-02
   6.6847350e-03
   1.0072394e-02
   1.1771459e-02
   4.0298519e-03
  -3.2901084e-03
  -7.7683460e-03
  -1.0208870e-02
  -1.0492036e-02
  -7.8937635e-03
  -5.0948965e-03
  -3.9023929e-03
  -4.1580987e-03
  -4.1919542e-03
  -2.6045388e-03
   5.6425261e-04
   5.0943340e-03
   1.0241305e-02
   1.5946670e-02
   2.2390466e-02
   3.0797623e-02
   4.1729860e-02
   5.3465452e-02
   4.7010242e-02
   0.0000000e+00
   0.0000000e+00
   0.0000000e+00
   0.0000000e+00
   0.0000000e+00
   1.3577441e-02
   2.3083428e-02
   3.5378020e-02
   4.5324426e-02
   4.9070753e-02
   3.8634005e-02
   0.0000000e+00
   0.0000000e+00
   0.0000000e+00
   6.7986180e-03
   1.6704577e-02
   4.0289605e-02
   3.9037429e-02
   4.5214593e-02
   5.1767513e-02
   5.0121807e-02
   3.6285046e-02
   2.3222566e-02
   5.4500825e-03
   1.3251924e-03
  -1.5159396e-03
   2.1410594e-03
   7.2006357e-04
  -7.5063538e-03
  -1.2014618e-02
  -1.2983500e-02
  -1.3109282e-02
  -1.2245154e-02
  -9.5687993e-03
  -6.7061209e-03
  -4.4930726e-03
  -2.6194537e-03
  -1.1515028e-04
   3.3128741e-03
   7.4795932e-03
   1.2220569e-02
   1.7203592e-02
   2.2323309e-02
   2.7677726e-02
   3.3940092e-02
   4.0870301e-02
   4.4713289e-02
   4.0001459e-02
   0.0000000e+00
   0.0000000e+00
   0.0000000e+00
   0.0000000e+00
   0.0000000e+00
   2.9079607e-02
   3.2125324e-02
   3.8515933e-02
   4.2333737e-02
   4.0551536e-02
   2.5808058e-02
   0.0000000e+00
   0.0000000e+00
   0.0000000e+00
   1.8454557e-02
   2.4159456e-02
   3.8379934e-02
   3.7160512e-02
   3.9435409e-02
   4.2096943e-02
   3.6742255e-02
   2.0310946e-02
   8.8193277e-03
  -3.5470305e-03
  -6.2818835e-03
  -9.9813575e-03
  -5.4354956e-03
  -7.7138976e-03
  -1.4179341e-02
  -1.6271390e-02
  -1.5840309e-02
  -1.5492124e-02
  -1.4793851e-02
  -1.2954534e-02
  -1.0604672e-02
  -7.8663491e-03
  -4.4657453e-03
  -1.2375653e-04
   4.8958566e-03
   1.0141288e-02
   1.5311076e-02
   2.0451227e-02
   2.5621241e-02
   3.0317597e-02
   3.4191556e-02
   3.6331844e-02
   3.3428244e-02
   0.0000000e+00
   0.0000000e+00
   0.0000000e+00
   0.0000000e+00
   0.0000000e+00
   0.0000000e+00
   4.2766679e-02
   3.9122827e-02
   3.9861236e-02
   3.9601181e-02
   3.4150116e-02
   2.2983579e-02
   0.0000000e+00
   0.0000000e+00
   0.0000000e+00
   2.7371420e-02
   2.6125899e-02
   3.3388857e-02
   3.2681283e-02
   3.1895641e-02
   3.1905361e-02
   2.4500133e-02
   7.0202341e-03
  -3.0929672e-03
  -6.6277804e-03
  -8.8156406e-03
  -1.5995387e-02
  -1.0066223e-02
  -1.2174414e-02
  -1.7241746e-02
  -1.9372633e-02
  -1.9978125e-02
  -2.0612845e-02
  -2.0816039e-02
  -2.0046346e-02
  -1.8468896e-02
  -1.5808996e-02
  -1.1819115e-02
  -6.5071913e-03
  -4.5181325e-04
   5.5739912e-03
   1.1068063e-02
   1.6123824e-02
   2.0740338e-02
   2.4222516e-02
   2.6135311e-02
   2.5416406e-02
   2.2785336e-02
   2.1249443e-02
   0.0000000e+00
   0.0000000e+00
   0.0000000e+00
   0.0000000e+00
   0.0000000e+00
   5.1720247e-02
   4.3897919e-02
   4.0563364e-02
   3.8482361e-02
   3.0536821e-02
   0.0000000e+00
   0.0000000e+00
   0.0000000e+00
   0.0000000e+00
   3.2389984e-02
   2.2024198e-02
   2.4528878e-02
   2.6700120e-02
   2.4619296e-02
   2.4781333e-02
   1.7289331e-02
  -1.1626715e-03
  -1.0302139e-02
  -4.6799169e-03
  -6.7478362e-03
  -1.9792486e-02
  -1.2055775e-02
  -1.3348402e-02
  -1.7516047e-02
  -2.0380631e-02
  -2.2297394e-02
  -2.3851428e-02
  -2.4887705e-02
  -2.5057444e-02
  -2.4287635e-02
  -2.2044765e-02
  -1.8168917e-02
  -1.2929077e-02
  -7.0207897e-03
  -1.3087548e-03
   3.6071641e-03
   7.5983419e-03
   1.0322724e-02
   1.1326057e-02
   1.0781925e-02
   8.9654820e-03
   9.2836544e-03
   1.0390746e-03
   0.0000000e+00
   0.0000000e+00
   0.0000000e+00
   0.0000000e+00
   2.0737745e-02
   4.5729608e-02
   4.2886116e-02
   3.7572294e-02
   3.5402846e-02
   2.6785087e-02
   0.0000000e+00
   0.0000000e+00
   0.0000000e+00
   0.0000000e+00
   0.0000000e+00
   1.5188787e-02
   1.4750999e-02
   1.9250976e-02
   1.6742541e-02
   2.3124369e-02
   1.7077275e-02
  -3.8296371e-03
  -1.3175918e-02
  -3.9487587e-03
  -5.1678476e-03
  -2.1046117e-02
  -1.0379944e-02
  -9.8756265e-03
  -1.2372663e-02
  -1.4530552e-02
  -1.6206050e-02
  -1.7600851e-02
  -1.8693354e-02
  -1.9148335e-02
  -1.8874336e-02
  -1.7352555e-02
  -1.4440205e-02
  -1.0516270e-02
  -6.1292106e-03
  -1.9288013e-03
   1.4032430e-03
   3.3919820e-03
   3.6827337e-03
   2.1189959e-03
  -1.3334156e-03
  -5.3744797e-03
  -6.0171287e-03
  -8.7200422e-03
   0.0000000e+00
   0.0000000e+00
   0.0000000e+00
  -1.7952402e-02
   1.1524324e-02
   4.0188030e-02
   3.5723828e-02
   2.9112560e-02
   2.8703965e-02
   2.1625819e-02
   0.0000000e+00
   0.0000000e+00
   0.0000000e+00
   0.0000000e+00
   0.0000000e+00
   1.0320856e-02
   8.2965429e-03
   9.8504129e-03
   7.0716801e-03
   2.8415248e-02
   2.3660733e-02
  -2.0049128e-03
  -1.3063194e-02
  -0.0000000e+00
   0.0000000e+00
  -1.9285407e-02
  -6.4040145e-03
  -4.4573345e-03
  -5.2956769e-03
  -6.1324837e-03
  -6.7624647e-03
  -7.2869785e-03
  -7.6075588e-03
  -7.4924026e-03
  -6.9130353e-03
  -5.6159946e-03
  -3.4383720e-03
  -5.8649881e-04
   2.5579228e-03
   5.5459261e-03
   7.6924465e-03
   8.0621503e-03
   6.2742701e-03
   2.3178160e-03
  -4.4799600e-03
  -1.2198714e-02
  -1.6428076e-02
  -1.6840066e-02
   0.0000000e+00
   0.0000000e+00
   0.0000000e+00
  -1.3426419e-02
   8.4866499e-03
   3.0960789e-02
   2.5801751e-02
   2.0002711e-02
   2.4803773e-02
   1.8904527e-02
   0.0000000e+00
   0.0000000e+00
   0.0000000e+00
   0.0000000e+00
   0.0000000e+00
   1.2842989e-02
   6.4819159e-03
  -1.0008802e-04
  -6.6665131e-03
   5.0767835e-02
   3.5281986e-02
   2.3713388e-03
  -1.1673025e-02
   0.0000000e+00
   0.0000000e+00
  -1.5718810e-02
  -4.8455956e-03
  -2.8782213e-03
  -3.3200310e-03
  -3.7898077e-03
  -3.9558252e-03
  -3.7162960e-03
  -2.8965751e-03
  -1.4678779e-03
   5.9041912e-04
   3.1408913e-03
   6.1066251e-03
   9.4221767e-03
   1.2745934e-02
   1.5670482e-02
   1.7425670e-02
   1.6566320e-02
   1.2584145e-02
   5.8194397e-03
  -4.7901637e-03
  -1.7008655e-02
  -2.3770868e-02
  -2.3604198e-02
   0.0000000e+00
   0.0000000e+00
   0.0000000e+00
  -1.0677527e-02
   2.9513257e-03
   1.6692991e-02
   1.5393568e-02
   1.3356275e-02
   0.0000000e+00
   0.0000000e+00
   0.0000000e+00
   0.0000000e+00
   0.0000000e+00
   0.0000000e+00
   0.0000000e+00
   0.0000000e+00
   6.5009538e-03
  -1.0234483e-02
  -1.4336013e-02
   6.2195726e-02
   4.6644954e-02
   7.5295809e-03
  -7.5029786e-03
   0.0000000e+00
   0.0000000e+00
  -1.2461842e-02
  -8.0580087e-03
  -7.8383116e-03
  -9.3686115e-03
  -1.1027217e-02
  -1.2212872e-02
  -1.2552401e-02
  -1.1561910e-02
  -9.1204699e-03
  -5.2042860e-03
  -3.7735602e-04
   4.8121493e-03
   9.9163009e-03
   1.4347960e-02
   1.7837249e-02
   1.9907525e-02
   1.9165607e-02
   1.4858716e-02
   7.2813886e-03
  -5.3865812e-03
  -2.3840720e-02
  -3.1744335e-02
  -3.2298355e-02
   0.0000000e+00
   0.0000000e+00
  -2.5814014e-02
  -1.6691590e-02
  -1.0099056e-02
  -6.6270970e-04
   5.7941461e-03
   0.0000000e+00
   0.0000000e+00
   0.0000000e+00
   0.0000000e+00
   0.0000000e+00
   0.0000000e+00
   0.0000000e+00
   0.0000000e+00
   0.0000000e+00
   8.9945825e-03
  -1.6991360e-02
  -0.0000000e+00
   0.0000000e+00
   5.0825700e-02
   1.1988319e-02
  -3.2046726e-03
   0.0000000e+00
   0.0000000e+00
  -7.7743630e-03
  -1.2601043e-02
  -1.5625207e-02
  -1.8971782e-02
  -2.3012683e-02
  -2.6941018e-02
  -3.0129757e-02
  -3.1585239e-02
  -3.0661231e-02
  -2.7206510e-02
  -2.1725848e-02
  -1.4961068e-02
  -7.9938760e-03
  -1.9799657e-03
   2.8877757e-03
   7.1478575e-03
   1.0465983e-02
   1.1439329e-02
   8.3113648e-03
  -1.6898790e-03
  -2.6917076e-02
  -3.7780061e-02
  -3.5339418e-02
  -5.6619012e-02
  -2.0359258e-02
  -2.5168980e-02
  -2.6551249e-02
  -2.5319157e-02
  -1.7216234e-02
  -3.3217123e-03
   0.0000000e+00
   0.0000000e+00
   0.0000000e+00
   0.0000000e+00
   0.0000000e+00
   0.0000000e+00
   0.0000000e+00
   0.0000000e+00
   0.0000000e+00
   7.7682128e-03
  -1.9568028e-02
  -0.0000000e+00
   0.0000000e+00
   4.6602747e-02
   1.5185593e-02
   0.0000000e+00
   0.0000000e+00
   3.8084181e-03
   1.7805254e-03
  -1.4114286e-02
  -1.9237744e-02
  -2.3447389e-02
  -2.9480465e-02
  -3.6272638e-02
  -4.3001194e-02
  -4.8481368e-02
  -5.1665056e-02
  -5.2185148e-02
  -4.9855568e-02
  -4.4971649e-02
  -3.8277071e-02
  -3.1149834e-02
  -2.4381667e-02
  -1.6942538e-02
  -7.8759659e-03
   2.0270543e-03
   7.6492461e-03
   6.0649826e-03
  -2.2416503e-02
  -4.2173259e-02
  -3.4606267e-02
  -4.7126331e-02
  -2.0941891e-02
  -2.6826512e-02
  -3.4946878e-02
  -3.7207995e-02
  -3.0799709e-02
  -1.7600721e-02
   0.0000000e+00
   0.0000000e+00
   0.0000000e+00
   0.0000000e+00
   0.0000000e+00
   0.0000000e+00
   0.0000000e+00
   0.0000000e+00
   0.0000000e+00
  -2.1727519e-03
  -2.2341972e-02
  -0.0000000e+00
   0.0000000e+00
   3.3510496e-02
   1.8596367e-02
   0.0000000e+00
   0.0000000e+00
   5.5938526e-03
   7.2350530e-03
  -1.3067741e-02
  -1.7396277e-02
  -2.0494675e-02
  -2.6874609e-02
  -3.4644678e-02
  -4.2822812e-02
  -5.0552860e-02
  -5.6988221e-02
  -6.1653901e-02
  -6.4053416e-02
  -6.3968644e-02
  -6.0977507e-02
  -5.5480786e-02
  -4.8701953e-02
  -4.0204234e-02
  -2.8642397e-02
  -1.2548617e-02
   1.8643185e-03
   9.9842346e-03
   1.5158468e-02
  -4.2480295e-02
  -3.5608806e-02
  -3.2162219e-02
  -2.2568770e-02
  -3.1170461e-02
  -3.9720662e-02
  -4.5195516e-02
  -4.4263873e-02
  -3.1656050e-02
   0.0000000e+00
   0.0000000e+00
   0.0000000e+00
   0.0000000e+00
   0.0000000e+00
   0.0000000e+00
   0.0000000e+00
   0.0000000e+00
   0.0000000e+00
  -0.0000000e+00
  -2.2649259e-02
  -0.0000000e+00
   0.0000000e+00
   0.0000000e+00
   0.0000000e+00
   0.0000000e+00
   0.0000000e+00
   1.2981834e-02
   8.1202295e-03
  -1.0687075e-02
  -1.4130823e-02
  -1.4064969e-02
  -1.8570451e-02
  -2.5083361e-02
  -3.2409400e-02
  -4.0045027e-02
  -4.7361728e-02
  -5.3690501e-02
  -5.8791470e-02
  -6.2732413e-02
  -6.4922854e-02
  -6.4253703e-02
  -6.0658332e-02
  -5.4107491e-02
  -4.3241046e-02
  -2.6145622e-02
  -6.9742259e-03
   1.7686169e-03
   0.0000000e+00
  -3.0061824e-02
  -2.6625864e-02
  -2.4719788e-02
  -2.4101973e-02
  -3.0639103e-02
  -4.0125202e-02
  -5.0037563e-02
  -5.9308581e-02
  -5.2969206e-02
   0.0000000e+00
   0.0000000e+00
   0.0000000e+00
   0.0000000e+00
   0.0000000e+00
   0.0000000e+00
   0.0000000e+00
   0.0000000e+00
   0.0000000e+00
   0.0000000e+00
  -2.6097564e-02
   0.0000000e+00
   0.0000000e+00
   0.0000000e+00
   0.0000000e+00
   0.0000000e+00
   0.0000000e+00
   2.0594834e-02
   8.1963083e-03
  -7.1677690e-03
  -1.0610807e-02
  -7.5908611e-03
  -8.3105825e-03
  -1.2435665e-02
  -1.8363249e-02
  -2.5351577e-02
  -3.2559957e-02
  -3.8995929e-02
  -4.4469103e-02
  -4.9326591e-02
  -5.3649686e-02
  -5.6821551e-02
  -5.8181025e-02
  -5.6734420e-02
  -4.9634937e-02
  -3.3905696e-02
  -1.2009203e-02
  -2.2846083e-03
   0.0000000e+00
  -1.5133461e-02
  -1.7640604e-02
  -1.7108647e-02
  -1.9288493e-02
  -2.6278736e-02
  -3.7066810e-02
  -5.0888326e-02
  -7.0339411e-02
  -7.8037343e-02
   0.0000000e+00
   0.0000000e+00
   0.0000000e+00
   0.0000000e+00
   0.0000000e+00
   0.0000000e+00
   0.0000000e+00
   0.0000000e+00
   0.0000000e+00
  -1.7987127e-02
  -2.3686772e-02
   0.0000000e+00
   0.0000000e+00
   0.0000000e+00
   0.0000000e+00
   0.0000000e+00
   0.0000000e+00
   1.6747106e-02
   3.0110176e-03
   1.8788612e-04
  -6.1742251e-03
  -3.5681799e-03
  -3.6772454e-04
  -1.8953814e-03
  -6.6348044e-03
  -1.3232821e-02
  -2.0553119e-02
  -2.7103538e-02
  -3.2403283e-02
  -3.6724735e-02
  -4.0406242e-02
  -4.3641113e-02
  -4.6893876e-02
  -4.9758893e-02
  -4.8856877e-02
  -3.8269024e-02
  -1.4490332e-02
  -0.0000000e+00
   0.0000000e+00
  -4.1456739e-03
  -1.2019050e-02
  -1.0987753e-02
  -1.3652363e-02
  -2.0692309e-02
  -3.1493384e-02
  -4.6685599e-02
  -7.0787013e-02
  -9.1287556e-02
   0.0000000e+00
   0.0000000e+00
   0.0000000e+00
   0.0000000e+00
   0.0000000e+00
   0.0000000e+00
   0.0000000e+00
   0.0000000e+00
   0.0000000e+00
  -1.4756661e-02
  -1.8240922e-02
   0.0000000e+00
   0.0000000e+00
   0.0000000e+00
   0.0000000e+00
   0.0000000e+00
   0.0000000e+00
   0.0000000e+00
  -6.8997311e-03
  -9.1668781e-03
  -4.3292037e-03
  -1.3151829e-03
   4.1221557e-03
   5.4597198e-03
   2.0478303e-03
  -4.3795761e-03
  -1.2263363e-02
  -1.9471101e-02
  -2.5039768e-02
  -2.9114144e-02
  -3.1818181e-02
  -3.3687584e-02
  -3.6510240e-02
  -4.1558858e-02
  -4.5719568e-02
  -4.2282347e-02
  -2.0857977e-02
   0.0000000e+00
   3.3293293e-02
   3.6538297e-03
  -7.8944536e-03
  -6.8740593e-03
  -8.8461116e-03
  -1.4823616e-02
  -2.4412993e-02
  -3.8814165e-02
  -6.1675511e-02
  -8.5568819e-02
  -8.0813536e-02
   0.0000000e+00
   0.0000000e+00
   0.0000000e+00
   0.0000000e+00
   0.0000000e+00
   0.0000000e+00
   0.0000000e+00
  -2.8063894e-03
  -1.0805175e-02
  -1.9274261e-02
   0.0000000e+00
   0.0000000e+00
   0.0000000e+00
   0.0000000e+00
   0.0000000e+00
   0.0000000e+00
   0.0000000e+00
  -1.2733209e-02
  -9.4785837e-03
  -1.6196378e-03
   1.8400221e-03
   7.2281459e-03
   1.1104379e-02
   9.5228951e-03
   3.5888816e-03
  -4.8979240e-03
  -1.3189666e-02
  -1.9703876e-02
  -2.4318552e-02
  -2.7146789e-02
  -2.8827558e-02
  -3.1467471e-02
  -3.7846751e-02
  -4.5689514e-02
  -4.6368243e-02
  -0.0000000e+00
   0.0000000e+00
   3.5272732e-02
   7.5230874e-03
  -4.2280908e-03
  -3.6903066e-03
  -4.6973702e-03
  -9.6381845e-03
  -1.7665954e-02
  -3.0525768e-02
  -5.0946081e-02
  -7.4078931e-02
  -7.1604553e-02
   0.0000000e+00
   0.0000000e+00
   0.0000000e+00
  -3.0020000e-02
  -3.0020000e-02
   0.0000000e+00
   0.0000000e+00
  -2.3265634e-03
  -9.5242604e-03
  -1.3543513e-02
   0.0000000e+00
   0.0000000e+00
   0.0000000e+00
   0.0000000e+00
   0.0000000e+00
   0.0000000e+00
   0.0000000e+00
  -1.2598221e-02
  -9.8890951e-03
   1.4843005e-03
   7.4250284e-03
   1.2163159e-02
   1.6745936e-02
   1.6591528e-02
   1.1562254e-02
   2.9453321e-03
  -6.4500016e-03
  -1.4152742e-02
  -1.9589175e-02
  -2.2846038e-02
  -2.5047693e-02
  -2.8384918e-02
  -3.6453571e-02
  -4.8182584e-02
  -4.6995491e-02
  -0.0000000e+00
   0.0000000e+00
   0.0000000e+00
   8.5571418e-03
   4.2028633e-05
   8.6904905e-04
  -7.0483243e-04
  -5.0539998e-03
  -1.1707262e-02
  -2.2330889e-02
  -4.0767461e-02
  -6.6978157e-02
  -6.9608602e-02
   0.0000000e+00
   0.0000000e+00
   0.0000000e+00
  -2.5725826e-02
  -2.7261418e-02
  -3.3516848e-02
   2.0046885e-04
  -4.4833856e-03
  -1.0266619e-02
  -0.0000000e+00
   0.0000000e+00
   0.0000000e+00
   0.0000000e+00
   0.0000000e+00
   0.0000000e+00
   0.0000000e+00
   0.0000000e+00
  -0.0000000e+00
  -1.1378752e-02
   4.4054631e-03
   1.4690647e-02
   2.1360462e-02
   2.5518366e-02
   2.4740781e-02
   1.9663026e-02
   1.0841268e-02
   1.7033114e-04
  -8.9028607e-03
  -1.5239875e-02
  -1.8679812e-02
  -2.0926304e-02
  -2.4809872e-02
  -3.4921228e-02
  -5.0655553e-02
  -4.9906651e-02
  -0.0000000e+00
   0.0000000e+00
   0.0000000e+00
   0.0000000e+00
   0.0000000e+00
   1.0129221e-02
   4.4163083e-03
  -7.6764563e-04
  -6.3450250e-03
  -1.4482972e-02
  -2.9814925e-02
  -5.8285721e-02
  -6.1049399e-02
  -0.0000000e+00
   0.0000000e+00
   0.0000000e+00
  -1.3815293e-02
  -2.4007379e-02
  -2.2714429e-02
  -1.0262455e-02
  -8.2129979e-03
  -0.0000000e+00
   0.0000000e+00
   0.0000000e+00
   0.0000000e+00
   0.0000000e+00
   0.0000000e+00
   0.0000000e+00
   0.0000000e+00
   0.0000000e+00
   0.0000000e+00
  -1.3900839e-02
   4.6564825e-03
   1.7363166e-02
   3.0990848e-02
   3.8304068e-02
   3.6572199e-02
   2.9819561e-02
   1.9683145e-02
   7.1644629e-03
  -4.0000584e-03
  -1.1709637e-02
  -1.5448879e-02
  -1.7134313e-02
  -2.0573281e-02
  -3.2462507e-02
  -5.1715039e-02
  -4.7563985e-02
   0.0000000e+00
   0.0000000e+00
   0.0000000e+00
   0.0000000e+00
   0.0000000e+00
   2.1697964e-02
   1.5386232e-02
   4.8916116e-03
  -1.0457879e-03
  -7.2108335e-03
  -1.9393647e-02
  -4.8734710e-02
  -5.9861949e-02
  -0.0000000e+00
   0.0000000e+00
  -1.3568045e-03
  -9.0386072e-03
  -1.9497007e-02
  -1.5796742e-02
  -1.2563795e-02
  -7.9473225e-03
   0.0000000e+00
   0.0000000e+00
   0.0000000e+00
   0.0000000e+00
   0.0000000e+00
   0.0000000e+00
   0.0000000e+00
   0.0000000e+00
   0.0000000e+00
   0.0000000e+00
  -0.0000000e+00
   5.0111596e-03
   8.9151431e-03
   3.1465422e-02
   4.7073800e-02
   4.9223863e-02
   4.2485811e-02
   3.0745141e-02
   1.5957728e-02
   1.6749541e-03
  -8.5373102e-03
  -1.2843258e-02
  -1.3695030e-02
  -1.5531436e-02
  -2.8286604e-02
  -5.0774794e-02
  -4.6964592e-02
   0.0000000e+00
   0.0000000e+00
   0.0000000e+00
   0.0000000e+00
   0.0000000e+00
   2.0901151e-02
   1.9126995e-02
   1.1886711e-02
   4.7790250e-03
  -6.3414651e-04
  -8.8911476e-03
  -3.7038092e-02
  -6.1274728e-02
   0.0000000e+00
  -7.7630395e-03
  -1.3009601e-03
  -4.0963384e-03
  -1.8257872e-02
  -0.0000000e+00
  -1.6935172e-02
  -4.0120089e-03
   0.0000000e+00
   0.0000000e+00
   0.0000000e+00
   0.0000000e+00
   0.0000000e+00
   0.0000000e+00
   0.0000000e+00
   0.0000000e+00
   0.0000000e+00
   0.0000000e+00
   0.0000000e+00
   0.0000000e+00
  -1.0618279e-02
   1.7304281e-02
   4.1720778e-02
   5.3616051e-02
   5.2245628e-02
   4.1179296e-02
   2.5538353e-02
   8.3871149e-03
  -4.8006848e-03
  -1.0071932e-02
  -9.6645234e-03
  -9.0970788e-03
  -2.0522680e-02
  -4.2315119e-02
  -0.0000000e+00
   0.0000000e+00
   0.0000000e+00
   0.0000000e+00
   0.0000000e+00
   0.0000000e+00
   0.0000000e+00
   1.4684857e-02
   1.2184764e-02
   1.0687336e-02
   5.3684081e-03
   1.6071099e-03
  -2.1379430e-02
  -4.4688645e-02
   0.0000000e+00
  -0.0000000e+00
  -0.0000000e+00
  -0.0000000e+00
   0.0000000e+00
   0.0000000e+00
  -0.0000000e+00
  -1.3362209e-02
  -5.8635939e-03
  -1.1454795e-02
   0.0000000e+00
   0.0000000e+00
   0.0000000e+00
   0.0000000e+00
   0.0000000e+00
   0.0000000e+00
   0.0000000e+00
   0.0000000e+00
   0.0000000e+00
   0.0000000e+00
  -5.4510861e-02
  -1.6241707e-02
   1.8851794e-02
   4.1667294e-02
   4.9218871e-02
   4.3559078e-02
   3.0700050e-02
   1.3630354e-02
  -7.2609633e-04
  -6.4557767e-03
  -4.6365894e-03
  -9.7608985e-04
  -7.4809040e-03
  -2.9935008e-02
   0.0000000e+00
   0.0000000e+00
   0.0000000e+00
   0.0000000e+00
   0.0000000e+00
   0.0000000e+00
   0.0000000e+00
   0.0000000e+00
   0.0000000e+00
   0.0000000e+00
   1.0458758e-02
   1.0342612e-02
  -3.7011337e-03
  -1.7546529e-02
  -0.0000000e+00
   0.0000000e+00
   0.0000000e+00
   0.0000000e+00
   0.0000000e+00
  -2.1385807e-02
  -1.4187341e-02
  -7.8892931e-03
  -5.1473556e-03
  -0.0000000e+00
   0.0000000e+00
   0.0000000e+00
   0.0000000e+00
   0.0000000e+00
   0.0000000e+00
   0.0000000e+00
   0.0000000e+00
   0.0000000e+00
   0.0000000e+00
   0.0000000e+00
  -7.8065153e-02
  -4.1590702e-02
  -1.7409459e-03
   2.6958015e-02
   4.1781757e-02
   4.1713756e-02
   3.2516692e-02
   1.7200550e-02
   2.7949989e-03
  -2.5969779e-03
   2.6853877e-04
   6.6052186e-03
   5.8380892e-03
  -4.1985580e-03
   0.0000000e+00
   0.0000000e+00
   0.0000000e+00
   0.0000000e+00
   0.0000000e+00
   0.0000000e+00
   0.0000000e+00
   0.0000000e+00
   0.0000000e+00
   0.0000000e+00
   5.2653509e-03
   1.3642970e-02
   7.8565590e-03
  -4.0486264e-03
  -0.0000000e+00
   0.0000000e+00
   0.0000000e+00
   0.0000000e+00
   0.0000000e+00
  -2.1777348e-02
  -1.4216009e-02
  -7.3544794e-03
  -0.0000000e+00
   0.0000000e+00
   0.0000000e+00
   0.0000000e+00
   0.0000000e+00
   0.0000000e+00
   0.0000000e+00
   0.0000000e+00
   0.0000000e+00
   0.0000000e+00
   0.0000000e+00
   0.0000000e+00
  -8.3191748e-02
  -5.4641135e-02
  -1.4176914e-02
   1.8592700e-02
   3.8850993e-02
   4.1599508e-02
   3.4036614e-02
   1.9895922e-02
   5.0126319e-03
  -5.7098118e-04
   4.0866453e-03
   1.3503287e-02
   1.7104950e-02
   1.2178589e-02
   0.0000000e+00
   0.0000000e+00
   0.0000000e+00
   0.0000000e+00
   0.0000000e+00
   0.0000000e+00
   0.0000000e+00
   0.0000000e+00
   0.0000000e+00
  -2.9806115e-02
  -1.1011623e-02
   1.2170142e-02
   1.4513587e-02
   5.0261565e-03
  -0.0000000e+00
   0.0000000e+00
   0.0000000e+00
   0.0000000e+00
   0.0000000e+00
  -0.0000000e+00
  -0.0000000e+00
  -0.0000000e+00
   0.0000000e+00
   0.0000000e+00
   0.0000000e+00
   0.0000000e+00
   0.0000000e+00
   0.0000000e+00
   0.0000000e+00
   0.0000000e+00
   0.0000000e+00
   0.0000000e+00
   0.0000000e+00
   0.0000000e+00
  -6.7818457e-02
  -6.1958585e-02
  -2.6063636e-02
   9.6741337e-03
   3.5396874e-02
   4.0718067e-02
   3.3190299e-02
   1.9586150e-02
   4.9068071e-03
  -1.1694935e-03
   6.2113144e-03
   1.8361120e-02
   2.6600577e-02
   0.0000000e+00
   0.0000000e+00
   0.0000000e+00
   0.0000000e+00
   0.0000000e+00
   0.0000000e+00
   0.0000000e+00
   0.0000000e+00
   0.0000000e+00
   0.0000000e+00
  -2.5950891e-02
  -1.2116650e-02
   7.0108445e-03
   1.4206972e-02
   2.0541867e-02
   0.0000000e+00
  -0.0000000e+00
   0.0000000e+00
   0.0000000e+00
   0.0000000e+00
   0.0000000e+00
   0.0000000e+00
   0.0000000e+00
   0.0000000e+00
   0.0000000e+00
   0.0000000e+00
   0.0000000e+00
   0.0000000e+00
   0.0000000e+00
   0.0000000e+00
   0.0000000e+00
   0.0000000e+00
   0.0000000e+00
   0.0000000e+00
   0.0000000e+00
  -9.3678600e-02
  -5.8516749e-02
  -0.0000000e+00
  -1.7151405e-02
   2.3258267e-02
   3.1468052e-02
   2.7780423e-02
   1.7121004e-02
   2.1440819e-03
  -7.7447178e-03
   2.4328646e-03
   1.8830933e-02
   3.3506790e-02
   0.0000000e+00
   0.0000000e+00
   0.0000000e+00
   0.0000000e+00
   0.0000000e+00
   0.0000000e+00
   0.0000000e+00
   0.0000000e+00
   0.0000000e+00
  -0.0000000e+00
  -0.0000000e+00
  -0.0000000e+00
   2.5061259e-04
   1.1827567e-02
   1.7750665e-02
   0.0000000e+00
  -0.0000000e+00
   0.0000000e+00
   0.0000000e+00
   0.0000000e+00
   0.0000000e+00
   0.0000000e+00
   0.0000000e+00
   0.0000000e+00
   0.0000000e+00
   0.0000000e+00
   0.0000000e+00
   0.0000000e+00
   0.0000000e+00
   0.0000000e+00
   0.0000000e+00
   0.0000000e+00
   0.0000000e+00
   0.0000000e+00
   0.0000000e+00
  -0.0000000e+00
  -0.0000000e+00
   0.0000000e+00
  -0.0000000e+00
  -4.7693806e-03
   9.1845606e-03
   2.5834293e-02
   0.0000000e+00
   0.0000000e+00
  -0.0000000e+00
  -0.0000000e+00
   0.0000000e+00
   0.0000000e+00
   0.0000000e+00
   0.0000000e+00
   0.0000000e+00
   0.0000000e+00
   0.0000000e+00
   0.0000000e+00
   0.0000000e+00
   0.0000000e+00
   0.0000000e+00
  -0.0000000e+00
  -0.0000000e+00
   0.0000000e+00
  -0.0000000e+00
   0.0000000e+00
  -1.4834941e-02
  -1.4675116e-02
  -5.1473436e-03
   0.0000000e+00
   0.0000000e+00
   0.0000000e+00
   0.0000000e+00
   0.0000000e+00
   0.0000000e+00
   0.0000000e+00
   0.0000000e+00
   0.0000000e+00
   0.0000000e+00
   0.0000000e+00
   0.0000000e+00
   0.0000000e+00
   0.0000000e+00
   0.0000000e+00
   0.0000000e+00
   0.0000000e+00
   0.0000000e+00
   0.0000000e+00
   0.0000000e+00
   0.0000000e+00
   0.0000000e+00
   0.0000000e+00
  -0.0000000e+00
   0.0000000e+00
   0.0000000e+00
   0.0000000e+00
   0.0000000e+00
   0.0000000e+00
   0.0000000e+00
   0.0000000e+00
   0.0000000e+00
   0.0000000e+00
   0.0000000e+00
   0.0000000e+00
   0.0000000e+00
   0.0000000e+00
   0.0000000e+00
   0.0000000e+00
   0.0000000e+00
  -0.0000000e+00
  -0.0000000e+00
   0.0000000e+00
   0.0000000e+00
   0.0000000e+00
  -0.0000000e+00
  -2.8509792e-02
  -1.4760152e-02
   5.4561688e-03
   0.0000000e+00
   0.0000000e+00
   0.0000000e+00
   0.0000000e+00
   0.0000000e+00
   0.0000000e+00
   0.0000000e+00
   0.0000000e+00
   0.0000000e+00
   0.0000000e+00
   0.0000000e+00
   0.0000000e+00
   0.0000000e+00
   0.0000000e+00
   0.0000000e+00
   0.0000000e+00
   0.0000000e+00
   0.0000000e+00
   0.0000000e+00
   0.0000000e+00
   0.0000000e+00
   0.0000000e+00
  -2.3196871e-03
  -3.7185271e-04
  -5.6123786e-03
  -1.4813649e-02
  -1.7994702e-02
  -2.5795906e-03
   2.8159077e-03
   1.9138387e-03
  -6.5903692e-03
  -1.5817184e-02
  -2.0810597e-02
  -1.9182751e-02
   0.0000000e+00
   0.0000000e+00
   0.0000000e+00
   0.0000000e+00
   0.0000000e+00
  -0.0000000e+00
  -0.0000000e+00
   0.0000000e+00
   0.0000000e+00
   0.0000000e+00
   0.0000000e+00
  -0.0000000e+00
  -0.0000000e+00
   0.0000000e+00
   0.0000000e+00
   0.0000000e+00
   0.0000000e+00
   0.0000000e+00
   0.0000000e+00
   0.0000000e+00
   0.0000000e+00
   0.0000000e+00
   0.0000000e+00
   0.0000000e+00
   0.0000000e+00
   0.0000000e+00
