  4.348869e-01
  3.646131e-01
  3.690427e-01
  3.651393e-01
  3.613309e-01
  3.538934e-01
  3.428657e-01
  3.327159e-01
  3.211914e-01
  2.987593e-01
  2.786085e-01
  2.692525e-01
  2.615711e-01
  2.566825e-01
  2.539495e-01
  2.498508e-01
  2.521993e-01
  2.594666e-01
  2.614929e-01
  2.594039e-01
  2.555451e-01
  2.483375e-01
  2.385050e-01
  2.248725e-01
  2.148488e-01
  2.172371e-01
  2.289626e-01
  2.409896e-01
  2.458801e-01
  2.437120e-01
  2.405220e-01
  2.371418e-01
  2.339900e-01
  2.333083e-01
  2.316613e-01
  2.334148e-01
  2.395422e-01
  2.477879e-01
  2.621452e-01
  2.862943e-01
  3.096287e-01
  3.378418e-01
  3.702936e-01
  3.977831e-01
  4.253456e-01
  4.495629e-01
  5.305292e-01
  5.769534e-01
