   2.6188059e+00
   4.1981497e+00
   5.8298020e+00
   7.4590325e+00
   7.9617286e+00
   7.0319848e+00
   5.9625473e+00
   4.2074480e+00
   2.3331523e+00
   1.3678045e+00
   4.6231627e-01
  -1.5294549e-01
  -6.3132572e-01
  -1.0336416e+00
  -1.6697896e+00
  -2.1168520e+00
  -1.0095168e+00
  -1.4489877e-01
  -6.1117893e-01
  -1.6387526e+00
  -2.1339135e+00
  -1.8195405e+00
  -1.3279020e+00
  -1.0437248e+00
  -6.4065421e-01
  -7.3293690e-04
  -1.5465969e-01
  -6.2568784e-01
  -1.0065070e+00
  -9.4452173e-01
  -1.8482348e+00
  -3.0011873e+00
  -3.4571586e+00
  -3.6151443e+00
  -4.3230395e+00
  -5.3251958e+00
  -5.2873149e+00
  -4.3278356e+00
  -3.6486936e+00
  -3.7573874e+00
  -3.4444325e+00
  -6.5243411e-01
   1.9354736e+00
  -1.6535257e-01
  -3.1761458e+00
  -4.2464619e+00
  -1.2222672e+00
   1.0974749e+00
  -1.4453739e+00
  -1.9123102e+00
  -3.1032581e+00
  -1.8257387e+00
   9.9117112e-01
   1.2737756e+00
   4.2530420e-01
   8.5267985e-01
   1.1399475e+00
   1.0707912e+00
   1.4437573e+00
   1.8050926e+00
   1.8026979e+00
   1.8673629e+00
   1.8595327e+00
   1.5458128e+00
   1.3100623e+00
   1.0555204e+00
   7.8714567e-01
   7.6118481e-01
   5.4242402e-01
   1.2349834e-01
   6.5602809e-02
  -4.6533439e-01
  -1.2860250e+00
   1.1912307e-01
   8.3143026e-01
  -7.6535195e-02
   5.1655960e-01
   1.0265714e+00
   1.0225116e+00
   9.3055969e-01
   7.6845288e-02
  -6.3729507e-01
  -2.1141932e+00
  -3.6185932e+00
  -4.0085468e+00
  -4.4706373e+00
  -4.7332397e+00
  -4.1585932e+00
  -5.1515703e+00
  -5.2714510e+00
   1.4547703e+00
   1.6038076e+00
  -2.9849682e+00
  -7.2802339e+00
  -5.4017286e+00
  -2.7306263e+00
  -1.9150981e+00
  -9.8032349e-01
  -3.8266602e-01
  -5.3792775e-01
   1.2672099e-01
   8.9609468e-01
   1.6906048e+00
   2.0604012e+00
   2.5596654e+00
   3.0351171e+00
   3.2307081e+00
   3.3967707e+00
   3.6039112e+00
   3.7147732e+00
   3.8662019e+00
   3.6522746e+00
   3.6278968e+00
   3.4977708e+00
   3.5131638e+00
   3.4228594e+00
   3.3832629e+00
   3.2639496e+00
   3.0207989e+00
   2.7557921e+00
   2.2954812e+00
   1.3805693e+00
   2.1416602e+00
   2.7620146e+00
   2.6427133e+00
   2.6054237e+00
   2.5046403e+00
   2.4398212e+00
   2.3195579e+00
   2.2187235e+00
   2.1248212e+00
   1.9767418e+00
   1.8133826e+00
   1.6650929e+00
   1.5571306e+00
   1.3861166e+00
   5.7547230e-01
  -8.6657411e-01
  -1.6525944e+00
  -1.0113370e+00
  -2.3581223e-01
  -1.3023036e+00
  -1.9899993e+00
  -2.5012116e+00
   3.1294899e+00
   3.3930113e+00
   3.9406209e+00
   4.7234030e+00
   4.8175254e+00
   4.8011289e+00
   4.6940222e+00
   4.6225858e+00
   4.5839362e+00
   4.5692496e+00
   4.4433918e+00
   4.3866215e+00
   4.4733281e+00
   4.5873470e+00
   4.7087603e+00
   4.5863338e+00
   4.4969053e+00
   4.6067410e+00
   4.7615304e+00
   4.8828826e+00
   4.9974046e+00
   5.0050178e+00
   4.9206872e+00
   4.7247810e+00
   4.6303596e+00
   4.8530984e+00
   4.8396015e+00
   4.2855592e+00
   3.8125038e+00
   3.5418344e+00
   3.5602899e+00
   3.6004312e+00
   3.6744668e+00
   3.8515019e+00
   4.0702753e+00
   4.3199973e+00
   4.5753222e+00
   4.8178244e+00
   5.0477886e+00
   5.1748996e+00
   5.1393476e+00
   4.9722295e+00
   4.6608014e+00
   4.3051400e+00
   4.0849800e+00
   4.0393414e+00
   3.5226252e+00
   3.0808506e+00
   5.6855168e+00
   5.6878982e+00
   5.5418725e+00
   5.9109597e+00
   5.9058328e+00
   5.0307460e+00
   4.1168094e+00
   5.0414495e+00
   4.8136873e+00
   4.7494593e+00
   4.6309834e+00
   4.4414835e+00
   4.4046288e+00
   4.4702578e+00
   4.5452824e+00
   4.4997087e+00
   4.5656948e+00
   4.7802510e+00
   5.0613408e+00
   5.3844523e+00
   5.5432453e+00
   5.6256366e+00
   5.7050233e+00
   5.4084835e+00
   4.9696469e+00
   2.6646576e+00
   2.5384705e+00
   2.2889292e+00
   3.4576356e+00
   3.8097942e+00
   4.1631718e+00
   4.4236565e+00
   4.6922975e+00
   4.9869218e+00
   5.2988558e+00
   5.6477203e+00
   5.9764328e+00
   6.2629156e+00
   6.5336895e+00
   6.7100539e+00
   6.8283954e+00
   6.8771138e+00
   6.8505530e+00
   6.5372729e+00
   6.1580400e+00
   6.3334274e+00
   6.0695705e+00
   5.6962504e+00
   6.4672249e+00
   5.3740331e+00
   5.4645492e+00
   4.9857608e+00
   3.6910336e+00
   2.1289153e+00
   3.4892310e+00
   4.0790954e+00
   3.9896216e+00
   4.1955729e+00
   2.7513016e+00
   3.4941708e+00
   3.9506564e+00
   3.8874063e+00
   3.9467781e+00
   4.0460458e+00
   4.1606684e+00
   4.3978472e+00
   4.7347408e+00
   5.0295731e+00
   5.3112837e+00
   5.6117756e+00
   5.6878073e+00
   5.3715712e+00
   4.6526028e+00
   2.3664017e+00
   2.0672600e+00
   2.3682814e+00
   2.8482247e+00
   3.6164257e+00
   4.2999559e+00
   4.8105966e+00
   5.2494918e+00
   5.6417586e+00
   5.9519570e+00
   6.1764248e+00
   6.3231466e+00
   6.4107683e+00
   6.4555805e+00
   6.4771865e+00
   6.5895446e+00
   6.8532542e+00
   7.2176746e+00
   7.0660805e+00
   6.9857510e+00
   7.3620538e+00
   7.1422066e+00
   6.8192633e+00
   5.4389815e+00
   2.4393651e+00
   3.5811453e+00
   2.7816441e+00
   1.4006805e+00
   1.0972261e+00
   2.0382740e+00
   2.9743710e+00
   2.9713950e+00
   3.3203082e+00
   2.6654263e+00
   2.0797956e+00
   3.3651307e+00
   3.4826627e+00
   3.5501883e+00
   3.6381807e+00
   3.7016060e+00
   3.8015666e+00
   4.0241899e+00
   4.3508458e+00
   4.7525902e+00
   5.0799079e+00
   5.2031517e+00
   5.0243492e+00
   4.2072515e+00
   1.7775271e+00
   2.3475776e+00
   1.3052768e+00
   2.1602890e+00
   3.1685796e+00
   3.9641013e+00
   4.6571589e+00
   5.2101860e+00
   5.6063571e+00
   5.8766580e+00
   5.9113674e+00
   5.7126145e+00
   5.4387608e+00
   5.2740812e+00
   5.1560745e+00
   5.2456555e+00
   5.8384933e+00
   6.5083733e+00
   6.5974736e+00
   6.8777709e+00
   7.2839022e+00
   7.2145963e+00
   6.8302279e+00
   3.9697752e+00
   1.6457238e+00
   1.4695628e+00
   1.0518277e+00
   8.0822986e-01
   7.8710210e-01
   1.0131865e+00
   1.9154764e+00
   1.7570662e+00
   2.1224329e+00
   2.4461913e+00
   1.8562384e+00
   2.7386210e+00
   2.8037016e+00
   2.7883494e+00
   2.7697704e+00
   2.7647190e+00
   2.7994924e+00
   2.9312904e+00
   3.2379436e+00
   3.6848538e+00
   4.0985723e+00
   4.3382883e+00
   4.2750978e+00
   3.5402696e+00
   1.4691808e+00
   2.1446192e+00
   9.6502465e-01
   1.4063281e+00
   2.3302183e+00
   3.0917475e+00
   3.9929891e+00
   4.6642599e+00
   5.0867472e+00
   5.2044544e+00
   4.6951261e+00
   3.7340906e+00
   2.9994886e+00
   3.0318451e+00
   3.1993279e+00
   3.4798026e+00
   4.3166151e+00
   5.1397109e+00
   5.5899234e+00
   6.0765228e+00
   6.3660235e+00
   6.2760015e+00
   5.6795454e+00
   2.5843399e+00
   8.9882171e-01
   5.6207299e-01
   7.1417445e-01
   5.2608031e-01
   5.1321650e-01
   6.8948191e-01
   1.1720691e+00
   1.0008636e+00
   1.2774343e+00
   1.5329860e+00
   1.8327010e+00
   2.0527205e+00
   2.0275242e+00
   1.9769189e+00
   1.9065690e+00
   1.8647802e+00
   1.8556086e+00
   1.9271871e+00
   2.1652732e+00
   2.5791388e+00
   3.0057559e+00
   3.2577655e+00
   3.2565277e+00
   2.7743881e+00
   1.4660126e+00
   2.0037327e+00
   9.1252625e-01
   6.0966092e-01
   1.6512139e+00
   2.2979612e+00
   3.1442349e+00
   3.8092573e+00
   4.1324067e+00
   3.9982004e+00
   2.8143070e+00
   1.4143748e+00
   8.9379996e-01
   1.0272087e+00
   1.7319832e+00
   2.3132010e+00
   3.1188164e+00
   3.8476174e+00
   4.3548117e+00
   4.7475405e+00
   4.8857470e+00
   4.6767926e+00
   4.0203433e+00
   1.4309711e+00
   3.2546636e-01
  -8.6258814e-02
   1.5525195e-01
   2.6490563e-01
   2.4548762e-01
   3.2418367e-01
   4.6260354e-01
   2.7980584e-01
   4.7722623e-01
   5.7978523e-01
   8.4014386e-01
   1.1216116e+00
   1.1808764e+00
   1.1237209e+00
   1.0459874e+00
   9.4452298e-01
   8.8308519e-01
   9.2536622e-01
   1.0907410e+00
   1.4055697e+00
   1.7338711e+00
   1.9274955e+00
   1.9601285e+00
   1.9089917e+00
   1.7012169e+00
   1.8587022e+00
   3.5746658e-01
   7.1109727e-02
   8.9331430e-01
   1.6355715e+00
   2.3556969e+00
   2.7730145e+00
   2.7727361e+00
   2.2212057e+00
   6.5165770e-01
  -8.6798899e-02
  -1.1011583e-01
  -4.1257280e-01
   2.8454688e-01
   9.3569785e-01
   1.6283978e+00
   2.2517354e+00
   2.6918020e+00
   2.9320791e+00
   2.9091229e+00
   2.5955868e+00
   2.1120141e+00
   5.9803954e-01
   1.7974400e-01
  -2.4862376e-01
  -3.6227696e-01
  -1.3832475e-01
  -5.9029557e-02
  -1.5860441e-01
  -2.9509418e-01
  -2.2412874e-01
  -4.8310193e-01
  -4.5316076e-01
  -1.8761004e-01
   7.3759739e-02
   1.6466702e-01
   1.7102547e-01
   9.0049198e-02
  -4.2962792e-02
  -6.2347878e-02
   8.4674755e-03
   8.1676697e-02
   1.8648466e-01
   3.0663951e-01
   4.1822391e-01
   4.6213841e-01
   8.0693202e-01
   1.2157332e+00
   1.3069642e+00
  -2.5553156e-01
  -3.7986621e-01
  -3.4140887e-01
   6.6614679e-01
   1.3436728e+00
   1.4784385e+00
   1.1209325e+00
   2.3300584e-01
  -5.4141853e-01
   4.4527396e-01
  -8.5057353e-02
  -7.2633330e-01
  -1.0472016e+00
  -7.0348052e-01
  -2.9436977e-02
   4.9424314e-01
   7.3747741e-01
   7.6083879e-01
   5.7623461e-01
   2.7674641e-01
   1.6512210e-01
  -3.1456596e-01
   2.1404043e-01
  -3.2346943e-01
  -6.6227156e-01
  -5.3619611e-01
  -6.5515494e-01
  -1.0273347e+00
  -8.2854271e-01
  -6.7853326e-01
  -1.3783841e+00
  -1.4582454e+00
  -1.2691259e+00
  -1.0565852e+00
  -8.6949682e-01
  -7.4127728e-01
  -7.7779925e-01
  -8.4499973e-01
  -7.8611833e-01
  -7.4581480e-01
  -8.2913709e-01
  -9.6549344e-01
  -1.0808150e+00
  -1.1272615e+00
  -1.1298780e+00
  -7.4629122e-01
  -1.8601617e-01
   6.3551706e-01
  -5.5213290e-01
  -5.7824844e-01
  -1.7218498e+00
  -4.1792458e-01
   2.2939356e-01
   1.9020434e-02
  -6.3920492e-01
  -1.6311932e+00
  -1.7931788e+00
   1.1738710e+00
  -1.5235589e-01
  -8.5308117e-01
  -2.3462179e+00
  -2.4521585e+00
  -1.7526624e+00
  -1.4369116e+00
  -1.4514184e+00
  -1.5919013e+00
  -1.7878582e+00
  -1.9119964e+00
  -1.6093194e+00
  -1.8184135e+00
  -5.3358090e-01
  -4.0480649e-01
  -8.5898954e-01
  -9.9020374e-01
  -1.7598130e+00
  -2.3648646e+00
  -1.7263465e+00
  -1.8313031e+00
  -2.4418609e+00
  -2.3744464e+00
  -2.2021859e+00
  -2.0224128e+00
  -1.7805780e+00
  -1.5733869e+00
  -1.4525751e+00
  -1.3826231e+00
  -1.3210082e+00
  -1.3990774e+00
  -1.6958005e+00
  -2.0981145e+00
  -2.4660084e+00
  -2.7382104e+00
  -2.8140724e+00
  -2.3391194e+00
  -9.9836975e-01
  -2.1848187e-02
  -9.5677435e-01
  -6.4905602e-01
  -2.4106433e+00
  -1.4684405e+00
  -9.5072961e-01
  -1.6233740e+00
  -2.4614873e+00
  -3.1574118e+00
  -2.5364666e+00
  -1.6399911e-01
  -8.6942130e-01
  -1.5368601e+00
  -3.3877285e+00
  -3.9971445e+00
  -3.2322690e+00
  -3.3184581e+00
  -3.5379496e+00
  -3.7387898e+00
  -3.8653970e+00
  -3.8268816e+00
  -3.2756059e+00
  -3.0680242e+00
  -1.6635960e+00
  -6.8234807e-01
  -1.0351765e+00
  -2.2012284e+00
  -2.6890776e+00
  -2.9169877e+00
  -2.6938083e+00
  -2.9909728e+00
  -3.0159235e+00
  -2.9493549e+00
  -2.7981911e+00
  -2.5962057e+00
  -2.3496957e+00
  -2.0844576e+00
  -1.8022513e+00
  -1.6344157e+00
  -1.6916625e+00
  -2.0032482e+00
  -2.5376229e+00
  -3.1342440e+00
  -3.6582091e+00
  -4.0356393e+00
  -4.0948391e+00
  -3.3597558e+00
  -9.0792024e-01
  -2.6008461e-02
  -9.6918023e-01
  -5.0370353e-01
  -1.2209797e+00
  -1.9260495e+00
  -2.1530683e+00
  -3.0728712e+00
  -3.7860637e+00
  -3.5850561e+00
  -1.3380740e+00
  -3.4016341e-01
  -1.0444598e+00
  -2.2601192e+00
  -3.6911149e+00
  -3.2429123e+00
  -3.8499284e+00
  -4.5476980e+00
  -4.8446336e+00
  -5.0871735e+00
  -5.2347884e+00
  -5.1570306e+00
  -4.4841371e+00
  -3.9249866e+00
  -2.6395090e+00
  -1.5770007e+00
  -1.5062025e+00
  -3.1155770e+00
  -3.9645536e+00
  -3.2308483e+00
  -2.9489915e+00
  -3.0963550e+00
  -3.2315691e+00
  -3.2576172e+00
  -3.1678994e+00
  -2.9330051e+00
  -2.6276948e+00
  -2.2771707e+00
  -1.9633543e+00
  -1.9165663e+00
  -2.2490029e+00
  -2.8461313e+00
  -3.5407887e+00
  -4.1865773e+00
  -4.7022443e+00
  -5.0401616e+00
  -4.9846883e+00
  -3.9849699e+00
  -8.1234026e-01
   5.8700371e-01
  -1.7533527e-01
  -2.4929021e-01
  -5.2680010e-01
  -2.3608885e+00
  -3.3641479e+00
  -4.2522192e+00
  -4.5415173e+00
  -3.3697038e+00
  -8.9852333e-02
   2.9945043e-01
  -7.3217672e-01
  -1.5633409e+00
  -2.9668322e+00
  -1.4339283e+00
  -4.0110536e+00
  -5.3510776e+00
  -5.6758814e+00
  -5.9367609e+00
  -6.0960298e+00
  -5.9646039e+00
  -5.2327662e+00
  -4.3115182e+00
  -3.2239943e+00
  -2.6507794e+00
  -2.5076980e+00
  -3.0880839e+00
  -3.7964111e+00
  -3.1567744e+00
  -2.7799832e+00
  -2.8248126e+00
  -3.0587214e+00
  -3.2374917e+00
  -3.2458809e+00
  -3.0544327e+00
  -2.7265324e+00
  -2.3910238e+00
  -2.2684550e+00
  -2.5599486e+00
  -3.1932693e+00
  -3.9308596e+00
  -4.6043371e+00
  -5.1481975e+00
  -5.5264886e+00
  -5.6938551e+00
  -5.4519637e+00
  -4.2996406e+00
  -2.3740879e-01
   6.9525263e-01
   2.2533627e-01
  -1.1554925e-01
  -5.7956438e-01
  -3.1709732e+00
  -4.4058814e+00
  -5.0564293e+00
  -4.7835750e+00
  -2.8766674e+00
   5.3204715e-01
   7.0893291e-01
  -3.5727383e-01
  -1.1207977e+00
  -1.8172182e+00
  -1.3213416e+00
  -4.3511519e+00
  -5.7359474e+00
  -6.0511696e+00
  -6.2430851e+00
  -6.3701798e+00
  -6.1888892e+00
  -5.4601796e+00
  -4.1752267e+00
  -3.2743039e+00
  -2.8283157e+00
  -3.0466645e+00
  -3.4106131e+00
  -3.1815290e+00
  -2.5457394e+00
  -2.0494919e+00
  -2.0494761e+00
  -2.4360323e+00
  -2.8360295e+00
  -3.0158286e+00
  -3.0073087e+00
  -2.8588808e+00
  -2.8084104e+00
  -3.0799267e+00
  -3.6593621e+00
  -4.3790407e+00
  -5.0439420e+00
  -5.5501065e+00
  -5.8942771e+00
  -6.0618224e+00
  -5.9930921e+00
  -5.4854670e+00
  -4.0166354e+00
   6.5206039e-01
   5.9096599e-01
   7.0090614e-02
  -1.7990625e-01
  -7.8826934e-01
  -3.4041116e+00
  -5.1901126e+00
  -5.4797459e+00
  -4.7000270e+00
  -2.3630915e+00
   9.3142885e-01
   8.9624476e-01
  -4.0407324e-01
  -9.5150900e-01
  -8.5560060e-01
  -1.6359431e+00
  -4.7472005e+00
  -5.7162743e+00
  -5.9381089e+00
  -5.9846849e+00
  -6.0328279e+00
  -5.8326402e+00
  -5.1524315e+00
  -3.4647386e+00
  -2.7721808e+00
  -2.4020185e+00
  -2.4480333e+00
  -2.4763021e+00
  -2.1436067e+00
  -1.4820757e+00
  -9.4285589e-01
  -9.9063396e-01
  -1.5900637e+00
  -2.2585878e+00
  -2.7336600e+00
  -3.0459316e+00
  -3.2763138e+00
  -3.6314807e+00
  -4.1928296e+00
  -4.8330941e+00
  -5.4396205e+00
  -5.9300613e+00
  -6.2352881e+00
  -6.3644495e+00
  -6.2943149e+00
  -5.9735065e+00
  -5.1762018e+00
  -2.8623958e+00
   4.2025045e-01
   2.0978510e-01
  -1.9091086e-01
  -3.6586469e-01
  -1.1671145e+00
  -4.0331964e+00
  -5.6344833e+00
  -5.5541372e+00
  -4.3744140e+00
  -1.8780419e+00
   1.0554221e+00
   7.3817545e-01
  -4.1941530e-01
  -9.8443979e-01
  -1.3448906e+00
  -2.7343817e+00
  -4.7368679e+00
  -5.2602262e+00
  -5.3130398e+00
  -5.1346788e+00
  -5.0344915e+00
  -4.8092504e+00
  -4.2250543e+00
  -2.2082856e+00
  -1.8347603e+00
  -1.5839701e+00
  -1.4665540e+00
  -1.2728349e+00
  -8.9560747e-01
  -3.8764390e-01
  -9.7746924e-02
  -3.7324664e-01
  -1.1153953e+00
  -1.9322952e+00
  -2.6740127e+00
  -3.3092678e+00
  -3.8836930e+00
  -4.4667869e+00
  -5.0519977e+00
  -5.6056852e+00
  -6.0802817e+00
  -6.4228148e+00
  -6.5826721e+00
  -6.5278864e+00
  -6.2205095e+00
  -5.5722523e+00
  -4.1826715e+00
  -1.1971860e+00
  -5.0675828e-02
  -2.5663164e-01
  -5.7459742e-01
  -6.2128091e-01
  -1.6750745e+00
  -4.8670511e+00
  -5.7217355e+00
  -5.3208151e+00
  -3.9017661e+00
  -1.4470177e+00
   1.6169025e+00
   1.2649193e+00
  -6.5732741e-01
  -1.4946971e+00
  -2.3197114e+00
  -3.9373705e+00
  -4.2836466e+00
  -4.3837409e+00
  -4.1618085e+00
  -3.6802769e+00
  -3.3921180e+00
  -3.1791651e+00
  -2.7150145e+00
  -7.0152209e-01
  -7.4494104e-01
  -6.1522440e-01
  -4.4714126e-01
  -2.5167115e-01
  -1.0818435e-01
  -1.0618698e-01
  -2.8896235e-01
  -7.3810469e-01
  -1.3756357e+00
  -2.0917362e+00
  -2.8644137e+00
  -3.6239059e+00
  -4.3318007e+00
  -4.9246338e+00
  -5.4151538e+00
  -5.8452614e+00
  -6.2052339e+00
  -6.4410428e+00
  -6.4944123e+00
  -6.3007702e+00
  -5.7830356e+00
  -4.7942522e+00
  -3.1223509e+00
  -1.2139985e-01
  -4.1516496e-02
  -5.8093718e-01
  -1.0358862e+00
  -9.5525455e-01
  -1.9781613e+00
  -4.7941421e+00
  -5.4285320e+00
  -4.8766854e+00
  -3.3829379e+00
  -1.0140689e+00
   2.3337707e+00
   1.9399319e+00
  -6.2347773e-01
  -1.8035427e+00
  -2.8312475e+00
  -3.3652849e+00
  -3.1565284e+00
  -3.0995004e+00
  -2.5513639e+00
  -1.7230302e+00
  -1.3019955e+00
  -1.2395924e+00
  -9.4444388e-01
   5.3017888e-01
  -7.5456721e-02
  -5.3847260e-02
  -2.0026372e-02
  -1.6265884e-01
  -5.3851059e-01
  -1.0927554e+00
  -1.5903759e+00
  -2.0091826e+00
  -2.4105019e+00
  -2.8506419e+00
  -3.3888194e+00
  -3.9904163e+00
  -4.5855425e+00
  -5.0670250e+00
  -5.4192127e+00
  -5.6839312e+00
  -5.8975719e+00
  -6.0088815e+00
  -5.9382795e+00
  -5.5894421e+00
  -4.8329585e+00
  -3.4800641e+00
  -1.4449010e+00
   4.8436519e-01
   3.7272160e-01
  -8.2466619e-01
  -1.8555758e+00
  -1.6604520e+00
  -1.8533254e+00
  -4.5413735e+00
  -4.9389570e+00
  -4.3047731e+00
  -2.7996365e+00
  -6.6746239e-01
   2.5130726e+00
   2.3070468e+00
  -1.7021670e-01
  -1.3559389e+00
  -2.7534496e+00
  -2.4610747e+00
  -1.6707247e+00
  -1.4486971e+00
  -6.0979316e-01
   5.2552691e-01
   9.5240622e-01
   6.7219500e-01
   6.2831984e-01
   1.2351248e+00
  -1.0453102e-01
  -2.4454218e-01
  -5.7539264e-01
  -1.2348479e+00
  -2.0875536e+00
  -2.9197683e+00
  -3.4950728e+00
  -3.8650253e+00
  -4.1323154e+00
  -4.3573201e+00
  -4.6130927e+00
  -4.9171775e+00
  -5.2372049e+00
  -5.5036496e+00
  -5.6590127e+00
  -5.7198833e+00
  -5.7193135e+00
  -5.5987905e+00
  -5.2961696e+00
  -4.7161491e+00
  -3.6910949e+00
  -2.0037581e+00
   2.6274283e-01
   2.0175093e+00
   1.5739434e+00
  -8.4617191e-01
  -2.7366006e+00
  -3.2466297e+00
  -2.0665995e+00
  -4.2854908e+00
  -4.2061861e+00
  -3.5889606e+00
  -2.1296064e+00
  -4.2670494e-01
   1.5078315e+00
   1.4257290e+00
   1.2377200e-01
  -9.1295742e-01
  -2.4164356e+00
  -1.8214539e+00
  -1.3979270e-01
   2.9055916e-01
   1.3476801e+00
   2.6732487e+00
   2.9118974e+00
   2.1893069e+00
   1.7289684e+00
   1.5020999e+00
  -5.2877933e-01
  -9.3303353e-01
  -1.8387640e+00
  -2.8725910e+00
  -3.8797185e+00
  -4.7443914e+00
  -5.3357677e+00
  -5.7248268e+00
  -5.9839272e+00
  -6.1638966e+00
  -6.3170047e+00
  -6.4596801e+00
  -6.5753751e+00
  -6.6154103e+00
  -6.5592475e+00
  -6.4261560e+00
  -6.2421579e+00
  -5.9222918e+00
  -5.4433637e+00
  -4.7290602e+00
  -3.5301747e+00
  -1.5588523e+00
   1.2823892e+00
   3.6857145e+00
   1.5492922e+00
  -4.5532972e-01
  -2.6109021e+00
  -4.0227017e+00
  -3.3462253e+00
  -4.0346365e+00
  -3.0673749e+00
  -2.4500847e+00
  -1.0856181e+00
  -4.1163869e-02
   1.0972956e+00
   7.8211379e-01
   8.2987614e-02
  -9.4544709e-01
  -1.9737929e+00
  -7.1789986e-01
   9.6273303e-01
   1.7691487e+00
   3.1931999e+00
   4.5300670e+00
   4.1884208e+00
   3.0607259e+00
   2.3139997e+00
   1.4727352e+00
  -5.0649452e-01
  -1.6330247e+00
  -3.0760075e+00
  -4.1599483e+00
  -5.0473384e+00
  -5.7922333e+00
  -6.3122093e+00
  -6.6741149e+00
  -6.9197770e+00
  -7.0932032e+00
  -7.2223159e+00
  -7.2884599e+00
  -7.2874165e+00
  -7.2037946e+00
  -7.0355474e+00
  -6.8155223e+00
  -6.5740363e+00
  -6.2169487e+00
  -5.7455347e+00
  -5.0985540e+00
  -4.0247240e+00
  -2.2477205e+00
   4.9065936e-01
   2.0402622e+00
   3.0421882e-01
  -4.5981128e-01
  -2.2509377e+00
  -2.7219342e+00
  -3.5382810e+00
  -2.4704244e+00
  -1.3664392e+00
  -6.5918485e-01
   7.9987022e-01
   1.3233447e+00
   1.3036599e+00
   5.6601941e-01
   3.6840881e-03
  -1.0391781e+00
  -1.7976465e+00
  -1.6192883e-01
   1.4609632e+00
   2.7177250e+00
   3.7893031e+00
   3.8428245e+00
   4.4568643e+00
   3.3568185e+00
   2.6310419e+00
   6.6987554e-01
  -1.8202976e-01
  -1.8619918e+00
  -3.8277166e+00
  -4.7248577e+00
  -5.3551963e+00
  -5.8622620e+00
  -6.2326371e+00
  -6.5166084e+00
  -6.7109367e+00
  -6.8509098e+00
  -6.9626137e+00
  -7.0202218e+00
  -7.0320541e+00
  -6.9731633e+00
  -6.8356687e+00
  -6.6567899e+00
  -6.4766828e+00
  -6.1906564e+00
  -5.7841385e+00
  -5.2903336e+00
  -4.5954727e+00
  -3.2676421e+00
  -1.2392484e+00
   5.9030776e-01
   3.9779491e-01
  -1.7150038e+00
  -2.2630741e+00
  -2.1266842e+00
  -2.8866462e+00
  -9.2797006e-01
   4.9029520e-01
   9.4864071e-01
   8.5364892e-01
   8.8331248e-01
   9.6501351e-01
   4.1122399e-01
   1.3180460e-01
  -5.0309950e-01
  -5.7808148e-01
  -5.2073741e-03
   1.7049129e+00
   2.9873465e+00
   4.6734075e+00
   3.5369392e+00
   4.0655975e+00
   3.2600416e+00
   1.7496480e+00
   4.4655010e-01
  -3.0897912e-01
  -1.9925504e+00
  -4.0631390e+00
  -4.7790847e+00
  -5.2484360e+00
  -5.5967498e+00
  -5.8275695e+00
  -5.9914246e+00
  -6.0788913e+00
  -6.1274467e+00
  -6.1665859e+00
  -6.1807775e+00
  -6.1915264e+00
  -6.1482801e+00
  -6.0140390e+00
  -5.8491454e+00
  -5.7717080e+00
  -5.7037110e+00
  -5.5900564e+00
  -5.5171289e+00
  -5.4720221e+00
  -4.8586287e+00
  -3.6223593e+00
  -1.5407882e+00
   2.1866232e-02
  -2.6214030e+00
  -2.5775568e+00
  -3.2195225e+00
  -2.2611823e+00
   5.3178608e-02
   1.5880045e+00
   1.1548235e+00
   2.9162443e-01
   3.6779702e-01
   5.2733052e-01
   5.6812143e-01
   3.1812689e-01
  -1.1936291e-01
  -4.3096028e-02
  -7.7011716e-01
   1.2314773e+00
   2.5427604e+00
   2.8988304e+00
   3.0943866e+00
   3.4555163e+00
   3.1270595e+00
   1.9705935e+00
   3.9178973e-01
  -1.4505784e-01
  -1.7037408e+00
  -4.2596502e+00
  -5.0150356e+00
  -5.5413508e+00
  -5.9288030e+00
  -6.1580725e+00
  -6.2467041e+00
  -6.1820331e+00
  -5.9796638e+00
  -5.6892471e+00
  -5.3381910e+00
  -4.9760461e+00
  -4.6491609e+00
  -4.3550892e+00
  -4.1628876e+00
  -4.2301068e+00
  -4.5516953e+00
  -5.1128564e+00
  -5.8583207e+00
  -6.6447711e+00
  -6.7291989e+00
  -5.5395880e+00
  -4.0116305e+00
  -2.7265472e+00
  -3.7862320e+00
  -4.3972678e+00
  -3.9283104e+00
  -2.0216122e+00
   3.1497145e-01
   2.4287632e+00
   1.2905185e+00
  -5.0636813e-02
   6.4440876e-02
   2.9895642e-01
   6.7396736e-01
   3.2738894e-01
   3.5803646e-01
  -2.3305994e-01
  -1.1516138e+00
   3.9100966e-01
   2.2496128e+00
   2.1005518e+00
   1.2927520e+00
   2.8200130e+00
   3.0258226e+00
   1.8186274e+00
   2.7209106e-01
  -3.7123471e-01
  -2.4168248e+00
  -4.6761341e+00
  -5.5840263e+00
  -6.3138852e+00
  -6.8876681e+00
  -7.2826414e+00
  -7.4943914e+00
  -7.5145059e+00
  -7.3399620e+00
  -6.9976206e+00
  -6.5001593e+00
  -5.8678164e+00
  -5.1797037e+00
  -4.5419793e+00
  -4.0664387e+00
  -3.8669052e+00
  -4.0067143e+00
  -4.6345134e+00
  -5.7132092e+00
  -6.8952928e+00
  -7.6710176e+00
  -6.3453345e+00
  -6.7815371e+00
  -7.5852909e+00
  -7.2850885e+00
  -5.5485668e+00
  -4.2118840e+00
  -2.4244249e+00
  -1.8290173e-01
   2.1664796e+00
   1.1364156e+00
  -2.1367756e-01
  -3.2355604e-01
  -5.9204895e-02
   2.0972405e-01
   2.7184770e-01
   5.8558351e-01
  -1.9581777e-01
  -1.0502639e+00
  -7.6226339e-02
   2.0012116e+00
   1.8245116e+00
   4.7255951e-01
   1.7539297e+00
   2.7844899e+00
   1.2271330e+00
   1.4402754e-01
  -3.3372624e+00
  -4.9758356e+00
  -5.1103008e+00
  -6.0422496e+00
  -6.9276137e+00
  -7.6377830e+00
  -8.1460271e+00
  -8.4755502e+00
  -8.6229501e+00
  -8.6035314e+00
  -8.4427867e+00
  -8.1490903e+00
  -7.7093396e+00
  -7.1223645e+00
  -6.4454078e+00
  -5.7574094e+00
  -5.1471670e+00
  -4.6711905e+00
  -4.3947113e+00
  -4.3793624e+00
  -4.5473416e+00
  -6.4155687e+00
  -6.6012105e+00
  -7.5261812e+00
  -8.2977081e+00
  -7.4091587e+00
  -6.0110849e+00
  -4.8046883e+00
  -3.3877461e+00
  -1.2746036e+00
   1.5187647e+00
   9.7485703e-01
  -1.6062913e-01
  -7.0037119e-01
  -4.7750375e-01
  -2.5726019e-01
   2.9535251e-01
   4.6450209e-01
  -3.6419543e-02
  -3.8357296e-01
   4.0676855e-01
   2.4965705e+00
   1.8297818e+00
   3.9922812e-01
   1.3349840e+00
   2.4594471e+00
   8.3322482e-01
  -1.3221124e-01
  -4.3535008e+00
  -5.5229209e+00
  -5.3392437e+00
  -6.1640379e+00
  -7.0942098e+00
  -7.8630376e+00
  -8.4084348e+00
  -8.7785634e+00
  -8.9718484e+00
  -9.0199069e+00
  -8.9579581e+00
  -8.8156280e+00
  -8.6025571e+00
  -8.3022909e+00
  -7.8526917e+00
  -7.2283045e+00
  -6.4556319e+00
  -5.4916590e+00
  -4.2278685e+00
  -2.6319813e+00
  -7.4202857e-01
  -2.9358009e+00
  -5.7836187e+00
  -7.4294530e+00
  -7.9469891e+00
  -7.4003988e+00
  -6.5196277e+00
  -5.6812413e+00
  -4.6017203e+00
  -2.7617344e+00
   7.0600781e-01
   9.5951069e-01
  -8.1336094e-02
  -5.8098774e-01
  -4.1001509e-01
  -3.9034779e-01
   3.3687337e-01
   3.6984758e-01
   2.1659598e-01
  -5.4600304e-01
   2.1607134e-01
   1.6817381e+00
   1.2930772e+00
   4.7280836e-01
   9.1433478e-01
   1.2212919e+00
   5.5869406e-01
  -6.7063606e-01
  -4.5099359e+00
  -5.3369050e+00
  -5.4852161e+00
  -5.9721684e+00
  -6.7494864e+00
  -7.5180831e+00
  -8.1066656e+00
  -8.5256653e+00
  -8.7828178e+00
  -8.8817844e+00
  -8.8580456e+00
  -8.7610703e+00
  -8.6260376e+00
  -8.4499168e+00
  -8.1708679e+00
  -7.7135534e+00
  -6.9939437e+00
  -5.7744870e+00
  -3.7392442e+00
  -1.1808593e+00
   5.1194149e-01
  -1.5654242e+00
  -5.0388699e+00
  -7.0400620e+00
  -7.3436570e+00
  -7.1842780e+00
  -6.7508011e+00
  -6.3048859e+00
  -5.5835295e+00
  -4.2232790e+00
  -8.5987818e-01
   6.2626225e-01
  -2.6424074e-01
  -2.7634829e-01
  -4.2748532e-01
  -5.7055384e-01
  -8.5658476e-02
   2.0927177e-01
  -5.1639155e-02
  -1.0208865e+00
  -7.4294311e-01
   3.4039742e-01
   5.8467001e-01
   9.5451748e-01
   6.6464698e-01
   2.8111443e-01
   4.6724868e-01
  -1.4760144e+00
  -4.6575871e+00
  -4.4898424e+00
  -3.3050671e+00
  -5.0444670e+00
  -5.9378896e+00
  -6.6451316e+00
  -7.3323903e+00
  -7.8802977e+00
  -8.2601633e+00
  -8.4524155e+00
  -8.4833450e+00
  -8.4359398e+00
  -8.3454103e+00
  -8.2053089e+00
  -7.9702864e+00
  -7.5476103e+00
  -6.7919555e+00
  -5.4163957e+00
  -2.8280499e+00
  -1.4100859e-01
   5.5419362e-01
  -2.1510866e+00
  -5.0605359e+00
  -6.3437676e+00
  -6.5945535e+00
  -6.6627073e+00
  -6.5751514e+00
  -6.4387274e+00
  -6.0562491e+00
  -5.1547451e+00
  -2.6595578e+00
  -2.0586029e-01
  -5.0538391e-01
  -2.8478914e-01
  -7.1113950e-01
  -8.0079049e-01
  -3.8258347e-01
   3.2778725e-01
  -1.4731258e-01
  -1.6886132e+00
  -1.9635402e+00
  -1.6356185e-01
   1.1735523e+00
   1.9287043e+00
   6.9040346e-01
  -4.1682646e-02
   5.3853565e-01
  -1.4503664e+00
  -3.6819694e+00
  -3.9458036e+00
  -2.4471731e+00
  -4.1939816e+00
  -4.8054542e+00
  -5.4087980e+00
  -6.1907661e+00
  -6.9196678e+00
  -7.4675718e+00
  -7.7936392e+00
  -7.9099455e+00
  -7.8979368e+00
  -7.8158908e+00
  -7.6645523e+00
  -7.4262849e+00
  -7.0281359e+00
  -6.2223232e+00
  -4.6477684e+00
  -1.7634497e+00
   2.9623854e-01
   1.0741621e-01
  -2.7192387e+00
  -4.7809667e+00
  -5.3715452e+00
  -5.6289137e+00
  -5.8413799e+00
  -6.0041592e+00
  -6.1131747e+00
  -6.0139000e+00
  -5.5266193e+00
  -4.1118765e+00
  -1.0903629e+00
  -4.9776003e-01
  -6.7712907e-01
  -1.1730948e+00
  -1.6578324e+00
  -8.7850083e-01
   5.0310111e-01
  -2.1382595e-01
  -2.6583375e+00
  -2.2369225e+00
  -6.6616676e-03
   2.9501609e+00
   2.4468669e+00
   1.1601982e-01
  -2.2172395e-01
   7.0470992e-01
  -1.0831269e+00
  -1.9880612e+00
  -3.2657712e+00
  -3.2058070e+00
  -3.2105038e+00
  -3.3717096e+00
  -3.8804240e+00
  -4.6933370e+00
  -5.5991578e+00
  -6.3538799e+00
  -6.8529172e+00
  -7.0873895e+00
  -7.1153536e+00
  -7.0100489e+00
  -6.8189187e+00
  -6.5670609e+00
  -6.2119050e+00
  -5.4567313e+00
  -3.7345376e+00
  -8.7942851e-01
   7.9185688e-01
  -1.1471317e-01
  -3.2765112e+00
  -3.8838210e+00
  -3.9226511e+00
  -4.3238368e+00
  -4.7060394e+00
  -5.0283875e+00
  -5.3320169e+00
  -5.5036483e+00
  -5.3066468e+00
  -4.4077454e+00
  -1.4568708e+00
  -4.9950489e-01
  -1.5034697e+00
  -2.3231413e+00
  -3.6593230e+00
  -2.5853708e+00
  -6.6095436e-01
  -8.8130140e-01
  -2.4938681e+00
  -3.3148807e-01
   1.3556178e+00
   3.6738775e+00
   1.6542797e+00
   3.6475319e-01
   2.9815593e-01
   1.0343724e+00
  -9.7743547e-01
  -1.0781832e+00
  -1.9944508e+00
  -2.0326319e+00
  -1.5754039e+00
  -1.6356603e+00
  -2.1116307e+00
  -2.9241400e+00
  -3.9111662e+00
  -4.8371959e+00
  -5.5368919e+00
  -5.9100657e+00
  -5.9887094e+00
  -5.8483429e+00
  -5.6230989e+00
  -5.3585930e+00
  -5.0349140e+00
  -4.3466659e+00
  -2.6465697e+00
   1.7577639e-01
   6.8206322e-01
  -4.4394678e-01
  -2.8850060e+00
  -2.1336746e+00
  -1.6927909e+00
  -2.4257865e+00
  -3.1132610e+00
  -3.6212814e+00
  -4.0816078e+00
  -4.5039978e+00
  -4.6879902e+00
  -4.0852695e+00
  -1.5994949e+00
  -5.1295257e-01
  -2.2426498e+00
  -3.6008132e+00
  -3.9435000e+00
  -3.2833457e+00
  -2.5748005e+00
  -1.9490302e+00
  -1.0251465e+00
   1.8624763e+00
   2.3718145e+00
   2.4958787e+00
   1.4022672e+00
   1.6669137e+00
   8.8940418e-01
   8.6108410e-01
  -1.3462336e+00
  -4.5802253e-01
  -3.5804442e-01
  -3.2995477e-02
   3.6302030e-01
   2.5846413e-01
  -3.1827003e-01
  -1.1550946e+00
  -2.0941334e+00
  -3.0249465e+00
  -3.8430226e+00
  -4.3316889e+00
  -4.4699540e+00
  -4.3264718e+00
  -4.0676861e+00
  -3.8009365e+00
  -3.5146945e+00
  -2.8991108e+00
  -1.3178716e+00
   1.1544310e+00
   8.8556981e-01
  -1.0020752e+00
  -1.4944286e+00
  -1.1464749e-01
   2.2890097e-01
  -2.0614117e-01
  -1.0678204e+00
  -1.7327586e+00
  -2.3353481e+00
  -2.9457834e+00
  -3.4560673e+00
  -3.2255764e+00
  -1.8341169e+00
  -2.5565603e-01
  -9.9297011e-01
  -2.9286559e+00
  -2.5711520e+00
  -1.6557766e+00
  -2.1505513e+00
  -2.2865982e+00
   2.5517896e-01
   1.6214765e+00
   7.3929882e-01
   1.0576824e+00
   2.9689679e+00
   2.3147657e+00
   1.1488706e+00
  -1.9915862e-02
  -8.6496460e-01
  -1.5236326e-02
   4.1576746e-01
   1.6853279e+00
   2.1502960e+00
   2.0717263e+00
   1.4655620e+00
   5.8545256e-01
  -2.7407032e-01
  -1.0562500e+00
  -1.7939885e+00
  -2.2926681e+00
  -2.4509785e+00
  -2.3284557e+00
  -2.0749319e+00
  -1.8226264e+00
  -1.6233847e+00
  -1.1495585e+00
   2.6509196e-01
   9.8310554e-01
   5.8016872e-01
  -1.6734374e+00
  -8.7313205e-01
   2.6025411e-01
   6.7957795e-01
   1.5555757e+00
   1.1614474e+00
   6.1907309e-01
   2.3086090e-02
  -7.4480933e-01
  -1.6507852e+00
  -1.8518020e+00
  -4.9557218e-01
  -2.2095693e-02
  -6.5228224e-02
  -7.5220460e-01
  -6.0838121e-01
   4.1454461e-01
  -5.8529091e-01
  -9.6626961e-01
   8.2442872e-03
   4.4487250e-01
   7.5526059e-02
   5.9639364e-01
   1.9707383e+00
   3.6253355e+00
   1.8999866e+00
  -3.7344077e-01
  -3.4372433e-01
  -2.9334973e-01
   4.9383810e-01
   2.0877374e+00
   2.5632218e+00
   2.5733143e+00
   2.4092814e+00
   1.8163923e+00
   1.1750084e+00
   5.8367941e-01
   7.0211757e-02
  -3.0538898e-01
  -4.4123158e-01
  -3.2325842e-01
  -9.4218975e-02
   1.0291624e-01
   1.7419479e-01
   4.1836044e-01
   1.5134104e+00
   1.0463617e+00
   3.2982345e-01
  -1.4593373e+00
  -5.2657202e-01
   2.8426378e-01
   6.3727532e-01
   1.5695216e+00
   2.7278036e+00
   2.5737387e+00
   2.1164585e+00
   1.3851460e+00
   1.9333207e-01
  -6.3722382e-01
   6.7058023e-02
  -3.5626077e-01
  -2.1856755e-01
   4.2312639e-01
   9.5427781e-01
   1.0548171e+00
   6.1949930e-01
  -2.9280584e-01
  -2.7899109e-01
  -6.6499431e-02
  -5.0571474e-01
  -8.0839007e-01
  -2.6517131e-01
   1.1270908e+00
   1.6098525e+00
   1.2408673e-01
  -4.2524490e-01
  -3.2189986e-01
   2.8378212e-01
   9.9215746e-01
   1.5973631e+00
   1.9017386e+00
   2.1846836e+00
   2.2091632e+00
   2.1216123e+00
   1.9199530e+00
   1.7148329e+00
   1.5455419e+00
   1.4937663e+00
   1.6235940e+00
   1.8277938e+00
   1.9399579e+00
   1.8497133e+00
   1.7596542e+00
   2.2399468e+00
   1.1318110e+00
   8.6785424e-01
  -4.6899879e-01
  -7.7554192e-03
   6.4763272e-01
   8.6318880e-01
   1.1451820e+00
   2.8539710e+00
   3.6607866e+00
   3.5270689e+00
   3.0043907e+00
   1.7858279e+00
   5.3053164e-01
  -1.8677603e-01
  -2.1628149e-01
   3.4905970e-01
   6.4992613e-01
   9.4102734e-01
   3.5270706e-01
   1.0169959e-01
  -7.9376304e-01
  -3.9945966e-01
  -1.2280985e+00
  -7.5307095e-01
   3.7013179e-01
   3.0953053e-01
   8.9281332e-01
   7.3019016e-01
   1.2471224e+00
  -1.2187421e-01
   4.0482739e-01
   3.1362695e-01
   1.2520263e+00
   8.2185405e-01
   4.2378590e-01
   1.0769190e+00
   1.8385243e+00
   2.4522846e+00
   2.7208617e+00
   2.8543928e+00
   2.9578497e+00
   3.0977066e+00
   3.2726734e+00
   3.4447889e+00
   3.4810045e+00
   3.2340827e+00
   2.7562003e+00
   2.1089175e+00
   1.0460970e+00
   1.4775453e+00
  -2.1616371e-01
   1.9295105e-01
   7.0591342e-01
   1.0240463e+00
   9.9020898e-01
   1.5465397e+00
   2.7921224e+00
   3.1184793e+00
   3.6131358e+00
   2.7953348e+00
   1.4485201e+00
  -7.5949639e-02
   1.3207886e-01
   5.2346998e-01
   2.2599073e-01
   1.9914302e-01
   3.5340302e-02
   1.8943331e-01
  -4.6981174e-02
  -8.9589983e-01
  -1.5109613e+00
   1.2725726e-01
   4.2379856e-01
   6.8413061e-01
   1.0929856e+00
   6.2551773e-01
   1.6235883e+00
   4.8156211e-01
   7.4742520e-01
   9.8294032e-01
   2.1931736e+00
   2.2807958e+00
  -4.2227876e-01
   1.8481188e-01
   1.3825957e+00
   2.3827972e+00
   3.0378735e+00
   3.5077116e+00
   3.8721387e+00
   4.1922312e+00
   4.4647160e+00
   4.6263456e+00
   4.5375319e+00
   4.1133399e+00
   3.3199918e+00
   1.5277216e+00
   7.6647115e-01
   7.2690839e-01
  -5.6649101e-01
  -2.0601681e-02
   4.9997449e-01
   8.9622951e-01
   1.1914924e+00
   1.0992876e+00
   9.2513287e-01
   1.4538642e+00
   3.2511256e+00
   3.1079657e+00
   2.1261568e+00
   1.0341681e+00
   7.7301276e-01
   2.4926178e-01
   5.3173524e-01
  -1.4765981e-02
   2.8553036e-01
  -3.4678203e-01
   3.0780733e-01
  -1.2631205e-01
   4.9628747e-01
   1.0649170e+00
   5.9204209e-01
   4.3213099e-01
  -7.3331982e-02
   8.5798812e-01
   1.2905085e+00
   6.6803499e-01
   1.2282777e+00
   1.3793240e+00
   1.3416833e+00
   3.5590815e+00
   8.0257950e-01
   6.3936760e-01
   1.7793601e+00
   2.6520203e+00
   3.3421137e+00
   3.9192557e+00
   4.3592282e+00
   4.6823970e+00
   4.9441386e+00
   5.0193917e+00
   4.7565094e+00
   4.1475692e+00
   3.2099625e+00
   1.5020308e+00
   8.3213125e-01
   6.0627599e-01
  -3.9203449e-01
  -1.5711594e-01
   3.1770060e-01
   6.2770446e-01
   9.3223726e-01
   1.1932189e+00
   1.1404749e+00
   1.3623252e+00
   2.2384918e+00
   2.5342351e+00
   2.1174734e+00
   1.5199196e+00
   4.6254459e-01
   2.0358323e-01
   3.9913358e-01
   3.9694858e-02
   5.3357041e-01
  -1.6135194e-01
   1.1043645e-01
   1.0035291e+00
   6.4736398e-01
   2.4258757e-01
   1.8482763e-01
   4.6632370e-01
   8.9319562e-01
   8.6555372e-01
   7.3096022e-01
   7.9856610e-01
   1.3544524e+00
   9.0918195e-01
   3.7147421e-01
   2.9713378e+00
   1.3868527e+00
   1.2702714e+00
   2.2612412e+00
   2.9288726e+00
   3.3745058e+00
   3.6811090e+00
   3.9289455e+00
   4.2098627e+00
   4.3554215e+00
   4.2274251e+00
   3.8530128e+00
   3.2498970e+00
   2.3870635e+00
   6.0000104e-01
   7.4733663e-01
   5.4015958e-01
  -3.9541784e-01
  -1.3406351e-01
   2.3407696e-01
   5.3892660e-01
   7.6452178e-01
   8.3378673e-01
   8.9948940e-01
   1.4587187e+00
   1.9233409e+00
   1.6758155e+00
   1.5597159e+00
   6.8511850e-01
   4.8954748e-02
   3.6511222e-01
   8.9666021e-01
   1.0031494e+00
   5.9844100e-01
   1.1980334e-01
   3.2851830e-01
   1.0486129e-01
  -3.7603129e-02
  -1.4292741e-01
   1.5216702e-01
   4.2686668e-01
   3.2330927e-01
   6.3407415e-01
   8.0664188e-01
   4.9022904e-01
   9.2843831e-01
   7.7720666e-01
   1.7110299e-02
   2.3568101e+00
   1.8279523e+00
   1.5922971e+00
   1.4860601e+00
   2.0227919e+00
   2.0863013e+00
   2.1511221e+00
   2.2611778e+00
   2.2698510e+00
   2.0729153e+00
   1.9136821e+00
   1.6108489e+00
   1.1483630e+00
   2.8798056e-01
  -1.5678289e+00
   1.4077500e+00
  -4.5991689e-02
  -3.9847356e-01
  -2.3738267e-01
   2.0820341e-01
   5.5220348e-01
   6.3522100e-01
   6.3861609e-01
   1.2545935e+00
   1.8146195e+00
   8.6660260e-01
   5.8052844e-01
   7.7553642e-01
   5.3660065e-01
   1.4144629e-01
   1.3770263e-01
   2.1956009e-01
   7.3564672e-01
  -5.0241459e-02
  -1.9558716e-01
   2.1449480e-02
  -3.2021083e-02
   5.3593099e-02
   2.9423669e-02
   4.6389338e-01
   2.2298568e-01
   4.8626572e-01
   6.4722639e-01
   1.1274618e+00
   4.4542775e-01
   2.9146472e-01
   9.1226655e-01
   1.5316665e-01
   2.0049858e+00
   3.1719604e+00
   1.1926801e+00
  -3.0683115e-02
  -1.0179169e-01
  -5.5810076e-01
  -9.4391562e-02
  -2.6836163e-01
  -8.8613760e-01
  -9.9137849e-01
  -6.0939991e-01
  -1.0068631e+00
  -1.0602914e+00
  -2.1344941e+00
  -1.0037072e+00
   1.6194504e+00
  -3.6109191e-01
  -5.4426455e-01
  -9.2907332e-02
   4.0362626e-01
   7.0351136e-01
   6.1862636e-01
   4.8469624e-01
   1.3130486e+00
   1.0604440e+00
  -5.1513028e-01
  -2.8075969e-01
  -8.8968080e-01
  -7.6235777e-01
  -6.9616026e-01
  -6.6599619e-01
   1.8137172e-01
   5.6371808e-01
  -4.4424105e-01
  -2.8057766e-01
  -8.9160427e-02
  -4.3119982e-01
  -3.6002249e-01
  -1.8804321e-02
  -3.5865933e-01
   2.8704740e-03
   4.0690795e-01
   5.5825233e-01
   1.8509844e-01
   5.5060804e-01
   2.0832573e-01
   5.3070939e-01
   2.3511158e-01
  -1.6329195e-01
   1.1460379e+00
  -3.6932668e-01
  -1.7167825e-01
  -6.8473792e-01
  -1.2156669e+00
  -1.1812125e+00
  -1.8644880e+00
  -2.2321608e+00
  -7.7788395e-01
  -4.9671069e-01
  -1.0161942e+00
  -1.8949134e+00
  -1.9413620e+00
   1.5706193e+00
   8.7930417e-01
  -6.4340848e-01
  -3.2368115e-01
   3.9416260e-01
   8.1313604e-01
   9.5265824e-01
   4.0500355e-01
  -1.0286537e-01
   5.7180977e-01
  -4.2626518e-01
  -9.3523306e-01
  -7.7520597e-01
  -7.9456073e-01
  -5.0249702e-01
  -1.4171407e+00
  -6.6143525e-01
  -3.8716629e-01
   2.8194776e-01
   5.2522528e-01
   3.6809519e-01
  -1.7433554e-01
  -6.2293988e-01
  -2.6701826e-01
  -4.4798017e-01
  -4.3282843e-01
  -6.8809435e-02
  -3.5499167e-01
  -2.8349444e-01
  -3.1202948e-01
   5.6200778e-01
   1.5218996e-01
  -5.4167992e-01
  -5.0765967e-01
   1.2261671e-01
   2.6592308e-01
  -1.0171764e-01
  -4.2245793e-01
  -5.1186180e-01
  -3.2417920e-01
  -7.9046816e-01
  -8.8661659e-01
   2.8152847e-01
   2.0097049e-01
  -7.4705064e-01
  -9.7043365e-02
   8.1087595e-01
   8.6741501e-01
   4.4858330e-01
  -5.7317537e-01
  -8.9035615e-02
   1.1456939e+00
   1.0486535e+00
   6.1956745e-01
   3.5484776e-01
  -1.3447288e-01
   3.0412576e-01
   3.8914898e-01
  -5.7968324e-01
  -1.0102850e+00
  -1.0835462e+00
   3.2045994e-02
   1.1622174e+00
   1.5970391e-01
  -1.7176291e-01
  -5.9082347e-01
  -5.4645509e-01
   5.0674987e-01
   4.1687730e-01
  -1.1252461e-01
  -3.6737615e-01
   4.0477309e-02
   3.1762731e-01
   1.3314718e-01
  -1.7127042e-01
  -4.3271351e-01
  -4.1562763e-01
   3.1226756e-02
  -2.6964447e-01
  -5.1805127e-01
  -8.7950528e-01
  -9.3983597e-01
  -7.9782128e-01
  -8.4709859e-01
  -8.8625473e-01
  -7.9973710e-01
  -7.7318120e-01
  -8.1987417e-01
  -8.5089904e-01
  -1.0021912e+00
  -1.2571901e+00
  -1.3887287e+00
  -1.3104701e+00
  -1.2844541e+00
  -1.2464826e+00
  -9.4836718e-01
  -5.1189405e-01
  -1.9162084e-01
  -1.2314112e-01
  -2.4533245e-01
  -3.6585665e-01
  -3.4898618e-01
  -3.0009842e-01
  -3.9890993e-01
  -7.4396843e-01
  -7.3028934e-01
  -6.8266064e-01
  -6.9911242e-01
  -5.9908080e-01
  -1.5400834e-01
   3.5465547e-01
   9.4391361e-02
  -5.2281231e-01
  -9.1949522e-01
  -5.1427305e-01
   8.4076203e-02
   1.7144501e-01
  -1.3222759e-02
  -1.4430583e-01
  -2.4463768e-01
  -3.9635435e-01
  -6.5212232e-01
  -8.1570143e-01
  -8.0870318e-01
  -6.3178331e-01
  -3.8715410e-01
