   0.0000000e+00
   0.0000000e+00
   0.0000000e+00
   0.0000000e+00
   0.0000000e+00
   0.0000000e+00
   0.0000000e+00
   0.0000000e+00
   0.0000000e+00
   0.0000000e+00
   0.0000000e+00
   0.0000000e+00
   0.0000000e+00
   0.0000000e+00
  -0.0000000e+00
  -0.0000000e+00
   0.0000000e+00
   0.0000000e+00
   0.0000000e+00
   0.0000000e+00
   0.0000000e+00
   0.0000000e+00
   0.0000000e+00
   0.0000000e+00
   0.0000000e+00
   0.0000000e+00
   4.9822996e-02
   3.7926870e-02
   1.8958457e-02
   1.1293627e-02
   7.8790773e-03
  -0.0000000e+00
   0.0000000e+00
   0.0000000e+00
   0.0000000e+00
   0.0000000e+00
   0.0000000e+00
   0.0000000e+00
   0.0000000e+00
   0.0000000e+00
   0.0000000e+00
   0.0000000e+00
   0.0000000e+00
   0.0000000e+00
   0.0000000e+00
   0.0000000e+00
   0.0000000e+00
   0.0000000e+00
   0.0000000e+00
   0.0000000e+00
   0.0000000e+00
   0.0000000e+00
   0.0000000e+00
   0.0000000e+00
   0.0000000e+00
   0.0000000e+00
   7.9852259e-02
   4.7088038e-02
   2.3667444e-02
   1.2705599e-02
   2.9709253e-03
   5.3621142e-04
  -4.4990862e-03
  -5.8923946e-03
  -6.2510293e-03
  -4.2317487e-03
  -2.1106010e-04
   1.8648682e-03
  -2.1441937e-03
  -4.6946452e-03
  -6.3584690e-03
  -2.7457523e-02
  -3.3439526e-02
   0.0000000e+00
   2.5858569e-02
   8.4297620e-03
   9.6770609e-03
   1.1895740e-02
   1.3258246e-02
   1.0483505e-02
   1.2064365e-02
   1.1597863e-02
   3.7104317e-03
   6.3009871e-03
   4.8960815e-03
   2.9037792e-03
   4.1295175e-04
  -0.0000000e+00
   0.0000000e+00
   0.0000000e+00
   0.0000000e+00
   0.0000000e+00
   0.0000000e+00
   0.0000000e+00
   0.0000000e+00
   0.0000000e+00
  -3.0671335e-03
  -1.0614125e-02
  -1.5829943e-02
  -1.5463584e-02
  -3.2536936e-03
   4.1844739e-03
   4.1080717e-03
   8.6541185e-03
   1.0582455e-02
   3.9626546e-03
  -2.6832717e-03
  -7.6697138e-03
  -1.1515286e-02
  -9.6555389e-03
  -9.1320341e-03
  -1.0058216e-02
  -1.2636105e-02
  -1.0933484e-02
  -9.4284667e-03
  -5.1682666e-03
  -4.9194908e-03
  -6.6500939e-03
  -1.2971045e-02
  -1.9659886e-02
  -2.8712718e-02
  -2.0966521e-02
  -4.2394338e-03
  -5.0849076e-03
  -1.0043365e-03
   4.8724134e-03
   1.0287919e-02
   1.3896932e-02
   1.4248734e-02
   1.2402873e-02
   7.1846549e-03
   2.1577836e-03
  -1.6801686e-03
  -4.4687735e-03
  -5.4636486e-03
  -8.9893091e-03
  -5.6227713e-03
   5.9670558e-03
   3.0231076e-02
   3.4875222e-02
   1.3236726e-02
   6.4972453e-03
   5.5957367e-03
   4.0435793e-03
  -2.2938792e-02
  -2.8845306e-02
  -2.8554343e-02
  -2.6785385e-02
  -2.4293393e-02
  -1.7982409e-02
  -1.0635979e-02
  -8.0785509e-03
  -7.8564985e-03
  -1.3348350e-02
  -1.7405238e-02
  -1.8476434e-02
  -1.7278736e-02
  -1.2073615e-02
  -1.1925050e-02
  -1.7611682e-02
  -2.1226620e-02
  -2.1274433e-02
  -1.9215478e-02
  -1.6747190e-02
  -1.4870578e-02
  -1.5633136e-02
  -2.1041464e-02
  -3.0144906e-02
  -4.8363106e-02
  -2.1980889e-02
   2.8400247e-04
   5.1674849e-03
   3.3540903e-03
   5.1470022e-03
   6.7234091e-03
   6.3584256e-03
   4.1711451e-03
  -9.6838805e-04
  -6.5783514e-03
  -1.3401668e-02
  -1.9335097e-02
  -2.2469608e-02
  -2.2500638e-02
  -1.8301575e-02
  -1.0117332e-02
  -5.1704957e-04
   8.6565930e-03
   1.1994024e-02
   9.5834723e-03
   6.9373697e-03
  -1.6636796e-03
  -1.2101592e-02
  -4.4088237e-02
  -4.4002246e-02
  -3.7645709e-02
  -3.4814041e-02
  -3.3339744e-02
  -3.2891001e-02
  -9.9899887e-03
  -1.0808623e-02
  -1.4079082e-02
  -1.6829311e-02
  -1.7118418e-02
  -1.4798803e-02
  -1.1416511e-02
  -7.6575414e-03
  -1.1304561e-02
  -2.1266624e-02
  -2.8281774e-02
  -2.8600706e-02
  -2.6927967e-02
  -2.4606032e-02
  -1.9923391e-02
  -2.0045167e-02
  -2.4425279e-02
  -2.9681137e-02
  -6.5012140e-02
   0.0000000e+00
   4.8985971e-03
   1.9805924e-03
   1.5287216e-04
  -6.5140484e-04
  -1.6882756e-03
  -4.6742777e-03
  -9.1511579e-03
  -1.4962108e-02
  -2.0743677e-02
  -2.8188132e-02
  -3.3308007e-02
  -3.5514276e-02
  -3.3462591e-02
  -2.5868008e-02
  -1.6156640e-02
  -5.1743956e-03
   5.0799688e-03
   3.2768429e-03
   2.7784780e-03
   3.9978200e-03
  -1.4028038e-02
  -3.2937247e-02
  -5.0578888e-02
  -3.8443624e-02
  -2.7949394e-02
  -2.7623475e-02
  -2.7669797e-02
   0.0000000e+00
   2.2381755e-03
  -5.1572585e-03
  -1.0163211e-02
  -1.0551619e-02
  -1.4950105e-02
  -8.6458438e-03
  -2.5262226e-03
  -4.8320662e-03
  -1.4079828e-02
  -2.4954540e-02
  -3.0844603e-02
  -3.1291906e-02
  -3.0260054e-02
  -2.5762652e-02
  -2.1467735e-02
  -2.0660824e-02
  -1.9537855e-02
  -2.0627143e-02
  -4.9345899e-02
   0.0000000e+00
   0.0000000e+00
  -1.3088891e-03
  -5.1080036e-03
  -7.5674373e-03
  -1.1533451e-02
  -1.5495311e-02
  -1.9772009e-02
  -2.4909196e-02
  -2.9575161e-02
  -3.4948610e-02
  -3.7611780e-02
  -3.6400546e-02
  -2.9819496e-02
  -2.1248887e-02
  -1.2234454e-02
   1.8643276e-05
   7.8041423e-03
   1.3956213e-03
   6.6743212e-03
   1.6353801e-03
  -2.6102747e-02
  -4.5245388e-02
  -4.0406732e-02
  -0.0000000e+00
  -1.6880780e-02
  -1.8409815e-02
   0.0000000e+00
   0.0000000e+00
   0.0000000e+00
   6.2976655e-04
  -5.9978776e-03
  -9.0772330e-03
  -1.3030129e-02
  -3.6542081e-03
  -1.9549569e-03
  -9.4823260e-03
  -1.8292572e-02
  -2.5204109e-02
  -2.8791411e-02
  -2.9385956e-02
  -2.8273080e-02
  -2.4441281e-02
  -2.1042384e-02
  -1.7871888e-02
  -1.3478294e-02
  -1.0109380e-02
  -2.4700076e-02
   0.0000000e+00
   0.0000000e+00
  -5.6234696e-03
  -9.7779548e-03
  -1.2214053e-02
  -1.7277466e-02
  -2.1307912e-02
  -2.4376616e-02
  -2.6867019e-02
  -2.8765701e-02
  -3.0849395e-02
  -3.0439667e-02
  -2.7217001e-02
  -1.6626099e-02
  -8.7880250e-03
  -3.0147689e-03
   7.7977278e-03
   1.0974157e-02
   5.2970801e-03
   8.2270587e-03
  -9.0487646e-03
  -3.3649039e-02
  -4.0572912e-02
  -1.1177361e-02
   0.0000000e+00
  -0.0000000e+00
   0.0000000e+00
   0.0000000e+00
   0.0000000e+00
   0.0000000e+00
   6.2497798e-03
  -3.4431608e-03
  -7.3976759e-03
  -1.1836936e-02
  -3.9673870e-03
  -5.2569997e-03
  -1.2244632e-02
  -1.7391378e-02
  -2.0637840e-02
  -2.3287771e-02
  -2.4707554e-02
  -2.5017513e-02
  -2.2712646e-02
  -1.8801626e-02
  -1.3575532e-02
  -6.6155880e-03
   2.4292087e-03
   3.3770033e-03
   0.0000000e+00
   0.0000000e+00
  -1.0088117e-02
  -1.3924786e-02
  -1.5212374e-02
  -2.1129675e-02
  -2.5002502e-02
  -2.5889587e-02
  -2.3409881e-02
  -1.9272201e-02
  -1.6146528e-02
  -1.3851007e-02
  -1.0648871e-02
   2.7327021e-04
  -1.1586999e-03
  -3.0318031e-04
   6.1552157e-03
   6.5325378e-03
   3.2107374e-03
  -2.4342570e-03
  -1.8375231e-02
  -2.5975613e-02
  -1.5967874e-02
   1.7498498e-02
   0.0000000e+00
   0.0000000e+00
   0.0000000e+00
   0.0000000e+00
   0.0000000e+00
   0.0000000e+00
   7.1747052e-03
  -4.0670857e-03
  -7.1766106e-03
  -8.7208403e-03
  -4.9459296e-03
  -6.0330713e-03
  -1.0644512e-02
  -1.3359600e-02
  -1.5813418e-02
  -1.8605817e-02
  -2.0507460e-02
  -2.2144601e-02
  -2.0686213e-02
  -1.6218584e-02
  -9.5714480e-03
  -1.2420805e-03
   1.1619077e-02
   2.3514378e-02
   0.0000000e+00
   0.0000000e+00
  -0.0000000e+00
  -1.8479356e-02
  -2.2049993e-02
  -2.6685137e-02
  -2.7022982e-02
  -2.3699423e-02
  -1.5694199e-02
  -4.2818021e-03
   3.6199390e-03
  -4.2876900e-03
  -1.5957552e-03
   3.4844963e-04
  -8.9193806e-03
  -8.8407286e-03
  -3.7414399e-03
  -1.0553505e-03
  -2.0137834e-03
  -7.1681268e-03
  -1.2713580e-02
  -8.5410494e-03
   1.0893373e-02
   3.8709712e-02
   0.0000000e+00
   0.0000000e+00
   0.0000000e+00
   0.0000000e+00
   0.0000000e+00
   0.0000000e+00
   6.4521013e-03
  -4.0640752e-03
  -5.9855166e-03
  -6.7468216e-03
  -5.0138412e-03
  -6.2333629e-03
  -7.2482494e-03
  -8.7187309e-03
  -1.1173386e-02
  -1.3767918e-02
  -1.6141141e-02
  -1.8647846e-02
  -1.7846208e-02
  -1.2918520e-02
  -5.2602207e-03
   3.4938187e-03
   1.9108370e-02
   3.5785710e-02
   2.6624484e-02
   0.0000000e+00
   0.0000000e+00
  -2.4324295e-02
  -3.2794219e-02
  -3.4968607e-02
  -2.8288629e-02
  -1.8206285e-02
  -4.7247661e-03
   1.6782293e-02
   4.1116525e-02
   0.0000000e+00
   0.0000000e+00
  -7.6504178e-03
  -1.5090305e-02
  -1.2892784e-02
  -6.9921119e-03
  -2.2295283e-03
  -1.1796678e-03
  -1.9914454e-03
  -1.1965079e-05
   1.0032828e-02
   3.1894524e-02
   4.7312778e-02
   0.0000000e+00
   0.0000000e+00
   0.0000000e+00
   0.0000000e+00
   0.0000000e+00
   1.9185474e-02
   9.7592177e-03
  -2.2092743e-03
  -4.3313203e-03
  -5.2231465e-03
  -4.4268065e-03
  -3.5382551e-03
  -2.5020213e-03
  -3.4346729e-03
  -6.0537838e-03
  -8.9502936e-03
  -1.2572024e-02
  -1.5381520e-02
  -1.4627031e-02
  -9.1233268e-03
  -1.0779917e-03
   8.1060580e-03
   2.5139475e-02
   4.0238897e-02
   3.3430264e-02
   0.0000000e+00
   0.0000000e+00
  -0.0000000e+00
  -4.1288326e-02
  -3.9403337e-02
  -2.4308540e-02
  -9.3878737e-03
   7.8640864e-03
   3.7379755e-02
   5.5958818e-02
   0.0000000e+00
   0.0000000e+00
  -1.6130731e-02
  -1.4916010e-02
  -1.1881402e-02
  -5.1739126e-03
   1.1560540e-03
   4.7888936e-03
   8.2441620e-03
   1.3893258e-02
   2.4679871e-02
   4.2812022e-02
   2.9057685e-02
   1.6518253e-02
   0.0000000e+00
   0.0000000e+00
   0.0000000e+00
   0.0000000e+00
   2.0753108e-02
   1.6261312e-02
  -2.4184739e-03
  -2.9362892e-03
  -3.2775188e-03
  -1.7495984e-03
   8.8102958e-04
   2.3207273e-03
   1.3940483e-03
  -1.8590791e-03
  -6.3268635e-03
  -1.0903060e-02
  -1.3147850e-02
  -1.1455227e-02
  -5.4300390e-03
   2.4970183e-03
   1.2498448e-02
   2.9786130e-02
   4.8378047e-02
   4.8015045e-02
   0.0000000e+00
   0.0000000e+00
  -0.0000000e+00
  -5.0596099e-02
  -4.1660614e-02
  -1.6897645e-02
  -2.3455638e-04
   2.0341529e-02
   5.7785675e-02
   6.9481377e-02
   0.0000000e+00
   0.0000000e+00
  -1.3834128e-02
  -1.1135734e-02
  -1.0836191e-02
  -8.2266261e-04
   8.0049848e-03
   1.4032347e-02
   1.9582067e-02
   2.5177246e-02
   3.3126045e-02
   4.4308450e-02
   3.3146184e-02
   2.3871124e-02
   0.0000000e+00
   0.0000000e+00
   0.0000000e+00
   2.6257003e-02
   2.1189904e-02
   1.0826911e-02
   1.8477093e-03
  -4.8466379e-04
  -6.1085052e-04
   1.7154999e-03
   4.7117965e-03
   5.7443818e-03
   4.2884960e-03
  -1.8417789e-04
  -6.4058821e-03
  -1.0724645e-02
  -1.1568111e-02
  -8.5292803e-03
  -1.9812179e-03
   6.1036851e-03
   1.7345605e-02
   3.5474677e-02
   5.6524195e-02
   5.7037173e-02
   0.0000000e+00
   0.0000000e+00
   0.0000000e+00
  -6.5857241e-02
  -4.2493712e-02
  -9.5719798e-03
   7.7361334e-03
   3.3371922e-02
   7.8432582e-02
   9.1511482e-02
   0.0000000e+00
   0.0000000e+00
  -9.9535807e-03
  -6.9212590e-03
  -1.0515310e-02
   4.9428418e-03
   1.6281724e-02
   2.3536284e-02
   2.9150127e-02
   3.3164036e-02
   3.8086995e-02
   4.3022651e-02
   3.3086706e-02
   1.9526270e-02
   1.0849524e-02
   0.0000000e+00
   2.0330423e-02
   2.7570459e-02
   1.7843518e-02
   7.4196951e-03
   4.9880431e-03
   9.3961123e-04
   1.1852283e-03
   3.6048803e-03
   6.4635463e-03
   6.9132005e-03
   4.0550143e-03
  -1.9432175e-03
  -8.4633688e-03
  -1.1313305e-02
  -1.0281553e-02
  -5.7808394e-03
   1.3784909e-03
   1.0168944e-02
   2.2751532e-02
   4.2206377e-02
   5.5405892e-02
   4.6923703e-02
   0.0000000e+00
   0.0000000e+00
   0.0000000e+00
  -0.0000000e+00
  -3.8897436e-02
  -4.0602023e-03
   1.4298447e-02
   4.3887347e-02
   8.2521483e-02
   8.5977447e-02
   0.0000000e+00
   0.0000000e+00
  -1.0250697e-02
  -4.4920116e-03
   1.7188229e-03
   1.0984463e-02
   2.2810623e-02
   3.0692764e-02
   3.6489394e-02
   3.9972618e-02
   4.2803295e-02
   4.3060575e-02
   3.1540126e-02
   1.7374408e-02
   9.9228170e-03
   8.4307445e-03
   2.0755142e-02
   2.5044098e-02
   1.6723121e-02
   9.7503699e-03
   4.4855680e-03
   1.2097810e-03
   1.6689433e-03
   4.1507194e-03
   6.2596169e-03
   5.2356967e-03
   3.2339426e-04
  -6.0252510e-03
  -1.0767963e-02
  -1.0956079e-02
  -7.7991914e-03
  -2.0675440e-03
   5.5298214e-03
   1.5283105e-02
   2.9315801e-02
   4.9454167e-02
   5.0174946e-02
   3.0038244e-02
   0.0000000e+00
   0.0000000e+00
   0.0000000e+00
  -0.0000000e+00
  -3.0712400e-02
   1.4110138e-03
   2.0959128e-02
   5.0239295e-02
   7.5979851e-02
   7.1074642e-02
   0.0000000e+00
   0.0000000e+00
  -0.0000000e+00
  -1.2504328e-02
   1.5412902e-02
   1.8680297e-02
   2.9130796e-02
   3.8081292e-02
   4.4693880e-02
   4.7699772e-02
   4.7443356e-02
   4.2673163e-02
   2.8683368e-02
   1.6472896e-02
   9.6410483e-03
   1.3406005e-02
   2.2291768e-02
   2.0790522e-02
   1.4476346e-02
   7.5829514e-03
   1.7180762e-03
  -6.2580801e-04
   6.3765839e-04
   2.8311868e-03
   3.5252031e-03
   7.5754340e-04
  -4.7954441e-03
  -9.3282916e-03
  -1.0832024e-02
  -8.4131210e-03
  -3.6126417e-03
   2.9004208e-03
   1.0929951e-02
   2.1643178e-02
   3.6783601e-02
   5.6419329e-02
   5.6985725e-02
   0.0000000e+00
   0.0000000e+00
   0.0000000e+00
   0.0000000e+00
  -0.0000000e+00
  -1.9008975e-02
   7.9668574e-03
   2.7683670e-02
   5.2880855e-02
   6.5984189e-02
   5.6675886e-02
   0.0000000e+00
   0.0000000e+00
   0.0000000e+00
  -1.2476894e-02
   3.1542570e-02
   2.6659025e-02
   3.5504382e-02
   4.5300590e-02
   5.2773123e-02
   5.4383864e-02
   4.9310906e-02
   3.9956472e-02
   2.4435136e-02
   1.4594596e-02
   1.1078934e-02
   1.6643621e-02
   2.0175412e-02
   1.5014684e-02
   8.6958762e-03
   1.5978620e-03
  -3.4331072e-03
  -4.4021565e-03
  -2.2684638e-03
  -4.7281405e-04
  -8.3167042e-04
  -4.0434655e-03
  -7.7471752e-03
  -9.1331992e-03
  -7.5611728e-03
  -3.3487626e-03
   2.3166144e-03
   9.1451127e-03
   1.7394818e-02
   2.8569927e-02
   4.3896552e-02
   5.9873715e-02
   4.4884487e-02
   0.0000000e+00
   0.0000000e+00
   0.0000000e+00
   0.0000000e+00
   0.0000000e+00
  -3.0691667e-03
   1.6096475e-02
   3.4408186e-02
   5.3256944e-02
   5.7047352e-02
   4.7549412e-02
   0.0000000e+00
   0.0000000e+00
   0.0000000e+00
  -9.7299963e-03
   4.3697998e-02
   3.4012467e-02
   4.0294778e-02
   5.0438538e-02
   5.7965830e-02
   5.6749422e-02
   4.6350211e-02
   3.4509871e-02
   1.8599667e-02
   1.1066608e-02
   9.8225353e-03
   1.5538115e-02
   1.4095023e-02
   6.0941777e-03
  -6.5936183e-04
  -6.0220575e-03
  -8.8236798e-03
  -8.2606282e-03
  -5.4254737e-03
  -3.5754505e-03
  -3.7694545e-03
  -5.4686964e-03
  -6.1881901e-03
  -4.7296253e-03
  -1.2408147e-03
   3.6575468e-03
   9.3583837e-03
   1.5827540e-02
   2.3678992e-02
   3.4180660e-02
   4.8109986e-02
   5.9113316e-02
   5.6209343e-02
   0.0000000e+00
   0.0000000e+00
   0.0000000e+00
   0.0000000e+00
   0.0000000e+00
   9.8513710e-03
   2.5157511e-02
   3.9658587e-02
   5.0816096e-02
   4.8708387e-02
   3.9393887e-02
   0.0000000e+00
   0.0000000e+00
   0.0000000e+00
   5.3809244e-05
   4.0510836e-02
   3.7643671e-02
   4.2358525e-02
   5.1164504e-02
   5.6720864e-02
   5.1019132e-02
   3.6466964e-02
   2.5821934e-02
   9.4795302e-03
   4.2468263e-03
   4.5414669e-03
   8.1198476e-03
   2.9416922e-03
  -5.6045037e-03
  -9.8176142e-03
  -1.1646475e-02
  -1.2132904e-02
  -1.0353889e-02
  -7.2103296e-03
  -4.9303216e-03
  -3.8700288e-03
  -3.0685370e-03
  -1.1226037e-03
   2.0813830e-03
   6.3362741e-03
   1.1222790e-02
   1.6442101e-02
   2.1993784e-02
   2.8597040e-02
   3.7056558e-02
   4.7109943e-02
   4.6285547e-02
   3.7010810e-02
   0.0000000e+00
   0.0000000e+00
   0.0000000e+00
   0.0000000e+00
   0.0000000e+00
   2.3980114e-02
   3.2810323e-02
   4.1418444e-02
   4.5649774e-02
   3.9170440e-02
   3.0096343e-02
   0.0000000e+00
   0.0000000e+00
   0.0000000e+00
   1.3823729e-02
   3.3111144e-02
   3.7987821e-02
   4.0631171e-02
   4.5767903e-02
   4.7623217e-02
   3.7165642e-02
   2.1136034e-02
   1.3619596e-02
  -8.5362925e-04
  -5.3842844e-03
  -3.9847207e-03
  -1.7792332e-03
  -8.0962428e-03
  -1.4079350e-02
  -1.4847454e-02
  -1.4395819e-02
  -1.3871133e-02
  -1.2104573e-02
  -9.3951333e-03
  -6.7421397e-03
  -4.1133494e-03
  -9.9250284e-04
   2.8927896e-03
   7.3475279e-03
   1.2124415e-02
   1.7074497e-02
   2.2099258e-02
   2.7056422e-02
   3.2068098e-02
   3.7059917e-02
   4.0622259e-02
   3.7567011e-02
   0.0000000e+00
   0.0000000e+00
   0.0000000e+00
   0.0000000e+00
   0.0000000e+00
   0.0000000e+00
   3.5516337e-02
   3.7439349e-02
   4.0488916e-02
   4.0178193e-02
   2.8806876e-02
   1.7401157e-02
   0.0000000e+00
   0.0000000e+00
   0.0000000e+00
   2.2645279e-02
   3.4202835e-02
   3.5426995e-02
   3.5546983e-02
   3.6655998e-02
   3.5312230e-02
   2.2131096e-02
   6.2266052e-03
   9.5000560e-04
  -6.0735376e-03
  -1.2328068e-02
  -1.0783245e-02
  -8.2904236e-03
  -1.3554358e-02
  -1.7362100e-02
  -1.7534276e-02
  -1.7256488e-02
  -1.7173878e-02
  -1.6362832e-02
  -1.4659272e-02
  -1.2316785e-02
  -9.0347245e-03
  -4.5856846e-03
   7.9131911e-04
   6.5868659e-03
   1.2149722e-02
   1.7400594e-02
   2.2611817e-02
   2.7439208e-02
   3.1116476e-02
   3.2806283e-02
   3.1042317e-02
   2.5707620e-02
   0.0000000e+00
   0.0000000e+00
   0.0000000e+00
   0.0000000e+00
   0.0000000e+00
   0.0000000e+00
   4.5273892e-02
   4.0441474e-02
   3.9759798e-02
   3.6672907e-02
   2.7977560e-02
   0.0000000e+00
   0.0000000e+00
   0.0000000e+00
   0.0000000e+00
   2.6839831e-02
   2.7772659e-02
   3.0090267e-02
   2.9129352e-02
   2.8066471e-02
   2.5567572e-02
   1.1242816e-02
  -4.5870326e-03
  -7.4443528e-03
  -5.0787417e-03
  -1.5609027e-02
  -1.4641286e-02
  -1.1480408e-02
  -1.5859471e-02
  -1.9560174e-02
  -2.1323026e-02
  -2.2614574e-02
  -2.3645473e-02
  -2.3858346e-02
  -2.3123586e-02
  -2.1327566e-02
  -1.8049128e-02
  -1.3217578e-02
  -7.2140963e-03
  -8.9480192e-04
   4.9551556e-03
   1.0065563e-02
   1.4540924e-02
   1.7879411e-02
   1.9684485e-02
   1.9544429e-02
   1.7580141e-02
   1.6545886e-02
  -4.3361274e-03
   0.0000000e+00
   0.0000000e+00
   0.0000000e+00
   0.0000000e+00
   0.0000000e+00
   5.0222496e-02
   4.1484444e-02
   3.9236961e-02
   3.4994936e-02
   2.4442969e-02
   0.0000000e+00
   0.0000000e+00
   0.0000000e+00
   0.0000000e+00
   2.6494841e-02
   1.7271509e-02
   2.2417543e-02
   2.2453777e-02
   2.1572243e-02
   2.1341385e-02
   6.2126577e-03
  -1.0335631e-02
  -1.0397759e-02
  -4.9614456e-04
  -1.6142969e-02
  -1.6516857e-02
  -1.1809313e-02
  -1.4839787e-02
  -1.8335124e-02
  -2.0940805e-02
  -2.2965614e-02
  -2.4523834e-02
  -2.5491508e-02
  -2.5580632e-02
  -2.4478463e-02
  -2.1612279e-02
  -1.7271092e-02
  -1.1934214e-02
  -6.4736558e-03
  -1.6074181e-03
   2.2157372e-03
   4.6822042e-03
   5.2527431e-03
   4.0085372e-03
   1.6892897e-03
   4.5919107e-04
   6.0358382e-04
  -4.8200245e-03
   0.0000000e+00
   0.0000000e+00
   0.0000000e+00
  -0.0000000e+00
   3.0438963e-02
   4.6936005e-02
   3.6380298e-02
   3.3905387e-02
   3.0478163e-02
   2.0010641e-02
   0.0000000e+00
   0.0000000e+00
   0.0000000e+00
   0.0000000e+00
   0.0000000e+00
   8.8644654e-03
   1.3889458e-02
   1.3629919e-02
   1.7190857e-02
   2.5110671e-02
   7.3884893e-03
  -1.1639707e-02
  -9.4714801e-03
   0.0000000e+00
  -2.5737539e-02
  -1.3905375e-02
  -7.0248596e-03
  -7.6445947e-03
  -9.1915492e-03
  -1.0393545e-02
  -1.1464934e-02
  -1.2477130e-02
  -1.3136766e-02
  -1.3266201e-02
  -1.2705105e-02
  -1.1004977e-02
  -8.3277327e-03
  -5.0755058e-03
  -1.6923517e-03
   1.2322494e-03
   2.9320555e-03
   2.9291612e-03
   1.2275433e-03
  -2.4862473e-03
  -8.1346882e-03
  -1.2596744e-02
  -1.3662374e-02
  -1.4661414e-02
   0.0000000e+00
   0.0000000e+00
   0.0000000e+00
  -8.5265403e-03
   2.7708911e-02
   3.6555591e-02
   2.6595109e-02
   2.3831160e-02
   2.3567404e-02
   1.5285491e-02
   0.0000000e+00
   0.0000000e+00
   0.0000000e+00
   0.0000000e+00
   0.0000000e+00
   7.2218966e-03
   5.9864728e-03
   1.9216719e-03
  -1.6691713e-03
   3.7391786e-02
   1.3175174e-02
  -1.0045837e-02
  -1.0170947e-02
   0.0000000e+00
  -0.0000000e+00
  -9.4606846e-03
  -2.4896089e-03
  -1.9005083e-03
  -2.3301809e-03
  -2.5262355e-03
  -2.6073530e-03
  -2.5105676e-03
  -2.0735583e-03
  -1.2754536e-03
  -3.8147012e-05
   1.7387128e-03
   4.1780146e-03
   7.0257374e-03
   9.9046777e-03
   1.2330679e-02
   1.3367897e-02
   1.1915827e-02
   7.9918047e-03
   1.0233326e-03
  -8.9297237e-03
  -1.7165962e-02
  -2.0141044e-02
  -1.8812155e-02
   0.0000000e+00
   0.0000000e+00
   0.0000000e+00
  -3.1046197e-03
   1.9611168e-02
   2.4021045e-02
   1.6253242e-02
   1.3317066e-02
   0.0000000e+00
   0.0000000e+00
   0.0000000e+00
   0.0000000e+00
   0.0000000e+00
   0.0000000e+00
   0.0000000e+00
   1.3191907e-02
   5.3551915e-04
  -1.0489336e-02
  -1.3504031e-02
   5.5890309e-02
   2.2174527e-02
  -5.9033383e-03
  -1.1970608e-02
   0.0000000e+00
  -0.0000000e+00
  -9.5934160e-03
  -4.1625500e-03
  -4.1884915e-03
  -5.0149662e-03
  -5.4283133e-03
  -5.3255446e-03
  -4.3536867e-03
  -2.4564860e-03
   3.1749756e-04
   3.8709270e-03
   7.6840692e-03
   1.1671047e-02
   1.5605114e-02
   1.9134954e-02
   2.1679034e-02
   2.1852491e-02
   1.8248096e-02
   1.1348469e-02
   1.0807274e-03
  -1.3739641e-02
  -2.5548780e-02
  -2.8877562e-02
  -2.7652208e-02
   0.0000000e+00
   0.0000000e+00
  -0.0000000e+00
  -8.0895964e-03
   3.6419830e-03
   9.5032193e-03
   1.0055176e-02
   1.3317066e-02
   0.0000000e+00
   0.0000000e+00
   0.0000000e+00
   0.0000000e+00
   0.0000000e+00
   0.0000000e+00
   0.0000000e+00
   0.0000000e+00
  -6.4905556e-03
  -1.9384928e-02
  -1.3504030e-02
   6.2048481e-02
   2.9765997e-02
  -7.1252626e-04
  -5.1999396e-03
   0.0000000e+00
  -0.0000000e+00
  -1.0048808e-02
  -1.1709781e-02
  -1.3618819e-02
  -1.6516227e-02
  -1.9161491e-02
  -2.1191610e-02
  -2.1778846e-02
  -2.0388048e-02
  -1.6789950e-02
  -1.1332229e-02
  -4.8880274e-03
   1.7466863e-03
   7.6035131e-03
   1.2102962e-02
   1.5421437e-02
   1.7164923e-02
   1.6073650e-02
   1.1458796e-02
   2.8349317e-03
  -1.5366424e-02
  -3.4499262e-02
  -3.5506085e-02
  -3.7776851e-02
   0.0000000e+00
   0.0000000e+00
  -2.3922667e-02
  -2.0832591e-02
  -1.4681227e-02
  -5.0845728e-03
   5.9656341e-03
   0.0000000e+00
   0.0000000e+00
   0.0000000e+00
   0.0000000e+00
   0.0000000e+00
   0.0000000e+00
   0.0000000e+00
   0.0000000e+00
   0.0000000e+00
  -6.1818385e-03
  -2.0071959e-02
   0.0000000e+00
   0.0000000e+00
   3.2725159e-02
   4.0746164e-03
  -4.8670278e-03
   0.0000000e+00
   0.0000000e+00
  -9.5143902e-03
  -1.7192964e-02
  -2.0642240e-02
  -2.5496252e-02
  -3.1088281e-02
  -3.6748443e-02
  -4.1469324e-02
  -4.4018421e-02
  -4.3806139e-02
  -4.0724911e-02
  -3.5118684e-02
  -2.7945681e-02
  -2.0565612e-02
  -1.4125780e-02
  -8.0613988e-03
  -1.4421789e-03
   5.3368527e-03
   9.0378514e-03
   7.0464341e-03
  -8.5718399e-03
  -4.0564723e-02
  -3.2594845e-02
  -4.5291734e-02
  -6.2363202e-02
  -2.1450242e-02
  -2.8900269e-02
  -3.2825895e-02
  -2.9511094e-02
  -1.7241664e-02
  -4.6743473e-03
   0.0000000e+00
   0.0000000e+00
   0.0000000e+00
   0.0000000e+00
   0.0000000e+00
   0.0000000e+00
   0.0000000e+00
   0.0000000e+00
   0.0000000e+00
  -1.6558588e-02
  -1.8094435e-02
   0.0000000e+00
   0.0000000e+00
   2.9473306e-02
   7.6031438e-03
   0.0000000e+00
   0.0000000e+00
   8.3381103e-03
  -4.5525395e-03
  -1.7431376e-02
  -2.0268242e-02
  -2.5714976e-02
  -3.3018069e-02
  -4.0948606e-02
  -4.8653129e-02
  -5.4942864e-02
  -5.9206638e-02
  -6.0982197e-02
  -5.9948806e-02
  -5.6017208e-02
  -4.9587782e-02
  -4.2420647e-02
  -3.4770889e-02
  -2.5344604e-02
  -1.2550455e-02
   1.0849307e-03
   8.4610614e-03
   9.1082591e-03
  -4.9599402e-02
  -3.7381327e-02
  -4.0122891e-02
  -2.6909458e-02
  -2.4534120e-02
  -3.4542410e-02
  -4.0738592e-02
  -4.0890942e-02
  -2.9698323e-02
  -2.0846680e-02
   0.0000000e+00
   0.0000000e+00
   0.0000000e+00
   0.0000000e+00
   0.0000000e+00
   0.0000000e+00
   0.0000000e+00
   0.0000000e+00
   0.0000000e+00
  -1.7757843e-02
  -1.7874685e-02
   0.0000000e+00
   0.0000000e+00
   2.7033936e-02
   1.5321283e-02
   0.0000000e+00
   0.0000000e+00
   1.1481734e-02
  -3.1544052e-03
  -1.5586106e-02
  -1.5833719e-02
  -1.9927598e-02
  -2.6723052e-02
  -3.4402582e-02
  -4.2329768e-02
  -4.9861462e-02
  -5.6384184e-02
  -6.1425690e-02
  -6.4808435e-02
  -6.6249631e-02
  -6.4768880e-02
  -6.0256005e-02
  -5.3417706e-02
  -4.3669576e-02
  -2.9577093e-02
  -1.1043861e-02
   2.2176883e-03
   9.0906262e-03
  -4.2957785e-02
  -3.1374235e-02
  -3.1400897e-02
  -2.5073726e-02
  -2.7451346e-02
  -3.6115351e-02
  -4.4557790e-02
  -5.1177011e-02
  -4.7129331e-02
  -3.7795981e-02
   0.0000000e+00
   0.0000000e+00
   0.0000000e+00
   0.0000000e+00
   0.0000000e+00
   0.0000000e+00
   0.0000000e+00
   0.0000000e+00
   0.0000000e+00
  -0.0000000e+00
  -2.1826132e-02
   0.0000000e+00
   0.0000000e+00
   0.0000000e+00
   0.0000000e+00
   0.0000000e+00
   0.0000000e+00
   1.6063012e-02
  -9.2542963e-04
  -1.2764215e-02
  -1.0910338e-02
  -1.1319369e-02
  -1.5624917e-02
  -2.1656068e-02
  -2.8657133e-02
  -3.6038447e-02
  -4.2928569e-02
  -4.8820537e-02
  -5.3838048e-02
  -5.8162998e-02
  -6.1106402e-02
  -6.1731104e-02
  -5.9647314e-02
  -5.3206373e-02
  -4.0119965e-02
  -1.9939136e-02
  -3.4927267e-03
   5.8666941e-05
  -2.4045207e-02
  -2.1193193e-02
  -2.1479296e-02
  -2.0630959e-02
  -2.4573304e-02
  -3.3620168e-02
  -4.4707038e-02
  -5.8672652e-02
  -6.8731681e-02
  -6.5262323e-02
   0.0000000e+00
   0.0000000e+00
   0.0000000e+00
   0.0000000e+00
   0.0000000e+00
   0.0000000e+00
   0.0000000e+00
   0.0000000e+00
   0.0000000e+00
  -0.0000000e+00
  -2.6912243e-02
   0.0000000e+00
   0.0000000e+00
   0.0000000e+00
   0.0000000e+00
   0.0000000e+00
   0.0000000e+00
   1.3054326e-02
   2.8635216e-03
  -8.8918417e-03
  -6.8917992e-03
  -3.8743762e-03
  -4.8403833e-03
  -9.1071231e-03
  -1.5252622e-02
  -2.2373678e-02
  -2.9290587e-02
  -3.5158202e-02
  -4.0063590e-02
  -4.4443458e-02
  -4.8306663e-02
  -5.1491797e-02
  -5.3644661e-02
  -5.2708469e-02
  -4.4702642e-02
  -2.4423217e-02
  -6.8902133e-03
  -1.0600473e-03
   0.0000000e+00
  -1.3940055e-02
  -1.4012141e-02
  -1.4536475e-02
  -1.9368492e-02
  -2.8722685e-02
  -4.1371692e-02
  -5.9644502e-02
  -8.2974106e-02
  -8.8097694e-02
   0.0000000e+00
   0.0000000e+00
   0.0000000e+00
   0.0000000e+00
   0.0000000e+00
   0.0000000e+00
   0.0000000e+00
   0.0000000e+00
   0.0000000e+00
  -1.8392129e-02
  -1.8867842e-02
   0.0000000e+00
   0.0000000e+00
   0.0000000e+00
   0.0000000e+00
   0.0000000e+00
   0.0000000e+00
   2.5971166e-03
  -4.9177567e-03
  -6.0885655e-03
  -4.5849727e-03
   2.0933862e-04
   2.7368810e-03
   3.1316899e-04
  -5.2021265e-03
  -1.2446175e-02
  -1.9808558e-02
  -2.5848000e-02
  -3.0501412e-02
  -3.4025132e-02
  -3.6616977e-02
  -3.9176426e-02
  -4.2935430e-02
  -4.6529075e-02
  -4.5469461e-02
  -2.7792706e-02
  -1.0745285e-02
   0.0000000e+00
   0.0000000e+00
  -8.3989603e-03
  -9.2575409e-03
  -9.4121367e-03
  -1.3968521e-02
  -2.2381769e-02
  -3.4755550e-02
  -5.3224535e-02
  -8.2537716e-02
  -9.5572158e-02
   0.0000000e+00
   0.0000000e+00
   0.0000000e+00
   0.0000000e+00
   0.0000000e+00
   0.0000000e+00
   0.0000000e+00
   0.0000000e+00
  -0.0000000e+00
  -1.7273627e-02
  -2.1885032e-02
   0.0000000e+00
   0.0000000e+00
   0.0000000e+00
   0.0000000e+00
   0.0000000e+00
   0.0000000e+00
  -0.0000000e+00
  -1.1179239e-02
  -5.2700571e-03
  -1.8712926e-03
   2.6020515e-03
   7.6370034e-03
   7.6209824e-03
   2.9478266e-03
  -4.5918277e-03
  -1.2879577e-02
  -1.9744275e-02
  -2.4864739e-02
  -2.8296351e-02
  -3.0281918e-02
  -3.1968527e-02
  -3.6045913e-02
  -4.2367555e-02
  -4.7081221e-02
  -3.8811052e-02
  -1.3808852e-02
   0.0000000e+00
   2.2992473e-02
  -4.0659131e-03
  -5.9925811e-03
  -5.4776790e-03
  -9.0919845e-03
  -1.6096815e-02
  -2.7162759e-02
  -4.4333246e-02
  -6.9472201e-02
  -8.0807678e-02
   0.0000000e+00
   0.0000000e+00
   0.0000000e+00
   0.0000000e+00
   0.0000000e+00
   0.0000000e+00
   0.0000000e+00
   0.0000000e+00
  -5.8906520e-03
  -1.3504708e-02
  -1.6832244e-02
   0.0000000e+00
   0.0000000e+00
   0.0000000e+00
   0.0000000e+00
   0.0000000e+00
   0.0000000e+00
  -0.0000000e+00
  -1.2839982e-02
  -4.3431194e-03
   2.1392796e-03
   6.1444957e-03
   1.1619735e-02
   1.3934190e-02
   1.0671610e-02
   3.3644186e-03
  -5.7664532e-03
  -1.3773658e-02
  -1.9847834e-02
  -2.3805857e-02
  -2.6247468e-02
  -2.8249625e-02
  -3.3069506e-02
  -4.1750122e-02
  -5.0712340e-02
  -4.1229629e-02
   0.0000000e+00
   0.0000000e+00
   2.2129752e-02
  -2.7849188e-04
  -2.4684388e-03
  -2.0405750e-03
  -4.7556804e-03
  -1.0662915e-02
  -1.9968234e-02
  -3.5304192e-02
  -5.9610575e-02
  -7.2390380e-02
  -6.4326493e-02
   0.0000000e+00
   0.0000000e+00
   0.0000000e+00
  -3.0020001e-02
   0.0000000e+00
   0.0000000e+00
   0.0000000e+00
  -7.7782940e-03
  -9.0809682e-03
  -1.5371739e-02
   0.0000000e+00
   0.0000000e+00
   0.0000000e+00
   0.0000000e+00
   0.0000000e+00
   0.0000000e+00
  -0.0000000e+00
  -1.2761788e-02
  -3.5320239e-03
   7.8703212e-03
   1.3148198e-02
   1.7940044e-02
   2.0496218e-02
   1.8034998e-02
   1.1316244e-02
   1.5908139e-03
  -7.6883836e-03
  -1.4843527e-02
  -1.9278493e-02
  -2.1956662e-02
  -2.4553634e-02
  -3.0543711e-02
  -4.2359270e-02
  -5.4502361e-02
  -3.4651977e-02
   0.0000000e+00
   0.0000000e+00
   0.0000000e+00
   2.3069429e-04
   5.3637888e-03
   2.6197990e-03
  -6.4907048e-04
  -5.7551851e-03
  -1.3222674e-02
  -2.5592674e-02
  -4.8564270e-02
  -7.1693003e-02
  -7.1023155e-02
   0.0000000e+00
   0.0000000e+00
   0.0000000e+00
  -2.2698401e-02
  -3.1221499e-02
  -3.4431017e-02
  -1.9991050e-03
  -1.1267852e-02
  -8.1865157e-03
   0.0000000e+00
   0.0000000e+00
   0.0000000e+00
   0.0000000e+00
   0.0000000e+00
   0.0000000e+00
   0.0000000e+00
   0.0000000e+00
  -0.0000000e+00
  -5.0187409e-03
   1.2591428e-02
   2.2950752e-02
   3.0508470e-02
   3.1915516e-02
   2.7898492e-02
   2.0466944e-02
   9.6226381e-03
  -1.5483103e-03
  -1.0111783e-02
  -1.5267246e-02
  -1.7756281e-02
  -2.0126194e-02
  -2.6966121e-02
  -4.2862937e-02
  -5.4840352e-02
  -5.2801010e-02
   0.0000000e+00
   0.0000000e+00
   0.0000000e+00
   0.0000000e+00
   0.0000000e+00
   1.3640960e-02
   4.6182661e-03
  -7.4844679e-04
  -6.6665001e-03
  -1.5764784e-02
  -3.6471404e-02
  -6.3974462e-02
  -3.8633699e-02
   0.0000000e+00
   0.0000000e+00
  -0.0000000e+00
  -1.7258296e-02
  -1.9218277e-02
  -1.5399704e-02
  -9.8728755e-03
  -1.0124644e-02
   0.0000000e+00
   0.0000000e+00
   0.0000000e+00
   0.0000000e+00
   0.0000000e+00
   0.0000000e+00
   0.0000000e+00
   0.0000000e+00
   0.0000000e+00
  -0.0000000e+00
  -4.3336711e-03
   8.8987980e-03
   2.3419603e-02
   4.0387186e-02
   4.5447196e-02
   4.0819472e-02
   3.1540366e-02
   1.8836814e-02
   4.9943121e-03
  -6.0536623e-03
  -1.2464828e-02
  -1.4743905e-02
  -1.5922057e-02
  -2.2294985e-02
  -4.1979099e-02
  -5.0037326e-02
  -3.8186255e-02
   0.0000000e+00
   0.0000000e+00
   0.0000000e+00
   0.0000000e+00
   0.0000000e+00
   2.5035138e-02
   1.3624585e-02
   5.3093534e-03
  -7.9991231e-04
  -6.9108405e-03
  -2.4982150e-02
  -5.8860510e-02
  -6.5747613e-02
   0.0000000e+00
  -3.6649150e-03
  -2.6631545e-03
  -1.4331131e-02
  -1.7773507e-02
  -1.7515509e-02
  -8.1070749e-03
   0.0000000e+00
   0.0000000e+00
   0.0000000e+00
   0.0000000e+00
   0.0000000e+00
   0.0000000e+00
   0.0000000e+00
   0.0000000e+00
   0.0000000e+00
   0.0000000e+00
   0.0000000e+00
   0.0000000e+00
  -6.0288626e-04
   1.1234287e-02
   3.7543260e-02
   5.1271603e-02
   5.1907871e-02
   4.3408733e-02
   2.9380558e-02
   1.3010085e-02
  -1.4269896e-03
  -9.8599605e-03
  -1.1823058e-02
  -1.1433943e-02
  -1.5802883e-02
  -3.8182091e-02
  -4.7306253e-02
   0.0000000e+00
   0.0000000e+00
   0.0000000e+00
   0.0000000e+00
   0.0000000e+00
   0.0000000e+00
   1.8768240e-02
   1.5089710e-02
   1.0910848e-02
   4.8032082e-03
   1.1243068e-03
  -1.2297420e-02
  -4.6326935e-02
  -5.5575039e-02
   0.0000000e+00
  -3.6649148e-03
  -3.5390930e-03
  -1.5890186e-03
   0.0000000e+00
  -0.0000000e+00
  -2.0134584e-02
  -1.0556417e-02
  -6.9707822e-03
  -1.4748235e-02
   0.0000000e+00
   0.0000000e+00
   0.0000000e+00
   0.0000000e+00
   0.0000000e+00
   0.0000000e+00
   0.0000000e+00
   0.0000000e+00
   0.0000000e+00
  -0.0000000e+00
  -1.6807210e-02
   1.8926399e-02
   4.2544570e-02
   5.2590925e-02
   4.8918411e-02
   3.6407668e-02
   1.9821122e-02
   3.2001303e-03
  -6.8239202e-03
  -8.4621580e-03
  -6.2166126e-03
  -7.3303618e-03
  -2.9425213e-02
  -3.8980335e-02
   0.0000000e+00
   0.0000000e+00
   0.0000000e+00
   0.0000000e+00
   0.0000000e+00
   0.0000000e+00
   0.0000000e+00
   1.2460504e-02
   1.2393586e-02
   8.5423348e-03
   8.0236318e-03
   1.1477730e-04
  -2.6839344e-02
  -3.3586257e-02
   0.0000000e+00
   0.0000000e+00
  -0.0000000e+00
   0.0000000e+00
   0.0000000e+00
   0.0000000e+00
   0.0000000e+00
  -8.6997278e-03
  -5.8710738e-03
  -1.4748237e-02
   0.0000000e+00
   0.0000000e+00
   0.0000000e+00
   0.0000000e+00
   0.0000000e+00
   0.0000000e+00
   0.0000000e+00
   0.0000000e+00
   0.0000000e+00
  -0.0000000e+00
  -5.3491611e-02
  -9.3152216e-03
   2.2465901e-02
   4.1839182e-02
   4.5532066e-02
   3.7816491e-02
   2.3715068e-02
   7.0487214e-03
  -3.0906978e-03
  -4.0566484e-03
   1.6160151e-04
   2.8090738e-03
  -1.1477445e-02
  -2.0460096e-02
   0.0000000e+00
   0.0000000e+00
   0.0000000e+00
   0.0000000e+00
   0.0000000e+00
   0.0000000e+00
   0.0000000e+00
   0.0000000e+00
   0.0000000e+00
   0.0000000e+00
   1.1359856e-02
   9.9595794e-03
  -7.1492214e-03
  -8.0041819e-03
   0.0000000e+00
   0.0000000e+00
   0.0000000e+00
   0.0000000e+00
  -0.0000000e+00
  -1.7339698e-02
  -1.1353309e-02
  -4.5992244e-03
  -3.1565165e-03
   0.0000000e+00
   0.0000000e+00
   0.0000000e+00
   0.0000000e+00
   0.0000000e+00
   0.0000000e+00
   0.0000000e+00
   0.0000000e+00
   0.0000000e+00
   0.0000000e+00
  -0.0000000e+00
  -6.8574131e-02
  -2.8802540e-02
   7.2875390e-03
   3.2930024e-02
   4.1880266e-02
   3.8392247e-02
   2.7168553e-02
   1.0938484e-02
  -9.7236666e-05
   1.0656816e-04
   6.9236317e-03
   1.3794984e-02
   8.7303744e-03
   7.0278644e-03
   0.0000000e+00
   0.0000000e+00
   0.0000000e+00
   0.0000000e+00
   0.0000000e+00
   0.0000000e+00
   0.0000000e+00
   0.0000000e+00
   0.0000000e+00
  -0.0000000e+00
   5.5971208e-03
   1.5525906e-02
   6.3009252e-03
  -1.5622281e-03
   0.0000000e+00
   0.0000000e+00
   0.0000000e+00
   0.0000000e+00
  -0.0000000e+00
  -1.9960546e-02
  -7.9522410e-03
  -4.8862720e-03
   0.0000000e+00
   0.0000000e+00
   0.0000000e+00
   0.0000000e+00
   0.0000000e+00
   0.0000000e+00
   0.0000000e+00
   0.0000000e+00
   0.0000000e+00
   0.0000000e+00
   0.0000000e+00
  -0.0000000e+00
  -6.9178411e-02
  -4.1272264e-02
  -8.9979335e-04
   2.9543852e-02
   4.1315310e-02
   3.8800940e-02
   2.8188650e-02
   1.2468383e-02
   6.1061129e-04
   1.4528292e-03
   1.0849503e-02
   2.0569012e-02
   1.9105619e-02
   1.4108767e-02
   0.0000000e+00
   0.0000000e+00
   0.0000000e+00
   0.0000000e+00
   0.0000000e+00
   0.0000000e+00
   0.0000000e+00
   0.0000000e+00
   0.0000000e+00
  -2.2745535e-02
   3.6605436e-04
   1.4830576e-02
   1.5057246e-02
   0.0000000e+00
   0.0000000e+00
   0.0000000e+00
   0.0000000e+00
   0.0000000e+00
   0.0000000e+00
   0.0000000e+00
  -0.0000000e+00
  -0.0000000e+00
   0.0000000e+00
   0.0000000e+00
   0.0000000e+00
   0.0000000e+00
   0.0000000e+00
   0.0000000e+00
   0.0000000e+00
   0.0000000e+00
   0.0000000e+00
   0.0000000e+00
   0.0000000e+00
   0.0000000e+00
  -6.9114470e-02
  -4.8261479e-02
  -1.5804850e-02
   1.9002281e-02
   3.5324823e-02
   3.5879958e-02
   2.4717236e-02
   1.0608334e-02
  -2.4789425e-03
  -7.4941851e-04
   1.2501680e-02
   2.6779016e-02
   2.9998110e-02
   0.0000000e+00
   0.0000000e+00
   0.0000000e+00
   0.0000000e+00
   0.0000000e+00
   0.0000000e+00
   0.0000000e+00
   0.0000000e+00
   0.0000000e+00
  -0.0000000e+00
  -1.8230719e-02
  -3.6590109e-03
   1.0124119e-02
   1.6165019e-02
   2.3115968e-02
  -0.0000000e+00
  -0.0000000e+00
   0.0000000e+00
   0.0000000e+00
   0.0000000e+00
   0.0000000e+00
   0.0000000e+00
   0.0000000e+00
   0.0000000e+00
   0.0000000e+00
   0.0000000e+00
   0.0000000e+00
   0.0000000e+00
   0.0000000e+00
   0.0000000e+00
   0.0000000e+00
   0.0000000e+00
   0.0000000e+00
   0.0000000e+00
   0.0000000e+00
  -8.1449500e-02
  -3.4878052e-02
  -0.0000000e+00
  -1.0657633e-02
   1.6925922e-02
   2.6773030e-02
   2.1911355e-02
   1.1518063e-02
  -5.7598424e-03
  -8.4837280e-03
   5.2184431e-03
   2.7552226e-02
   3.8420453e-02
   0.0000000e+00
   0.0000000e+00
   0.0000000e+00
   0.0000000e+00
   0.0000000e+00
   0.0000000e+00
   0.0000000e+00
   0.0000000e+00
   0.0000000e+00
  -0.0000000e+00
  -0.0000000e+00
  -0.0000000e+00
   5.1346071e-03
   1.1013548e-02
   1.9793105e-02
  -0.0000000e+00
  -0.0000000e+00
   0.0000000e+00
   0.0000000e+00
   0.0000000e+00
   0.0000000e+00
   0.0000000e+00
   0.0000000e+00
   0.0000000e+00
   0.0000000e+00
   0.0000000e+00
   0.0000000e+00
   0.0000000e+00
   0.0000000e+00
   0.0000000e+00
   0.0000000e+00
   0.0000000e+00
   0.0000000e+00
   0.0000000e+00
   0.0000000e+00
   0.0000000e+00
   0.0000000e+00
   0.0000000e+00
  -0.0000000e+00
  -6.9415080e-03
   1.1203904e-02
   2.7112940e-02
   0.0000000e+00
   0.0000000e+00
   0.0000000e+00
  -0.0000000e+00
   0.0000000e+00
   0.0000000e+00
   0.0000000e+00
   0.0000000e+00
   0.0000000e+00
   0.0000000e+00
   0.0000000e+00
   0.0000000e+00
   0.0000000e+00
   0.0000000e+00
   0.0000000e+00
  -0.0000000e+00
  -0.0000000e+00
   0.0000000e+00
   0.0000000e+00
   0.0000000e+00
  -2.7027243e-02
  -1.5604498e-02
  -3.6580145e-03
   0.0000000e+00
   0.0000000e+00
   0.0000000e+00
   0.0000000e+00
   0.0000000e+00
   0.0000000e+00
   0.0000000e+00
   0.0000000e+00
   0.0000000e+00
   0.0000000e+00
   0.0000000e+00
   0.0000000e+00
   0.0000000e+00
   0.0000000e+00
   0.0000000e+00
   0.0000000e+00
   0.0000000e+00
   0.0000000e+00
   0.0000000e+00
   0.0000000e+00
   0.0000000e+00
   0.0000000e+00
   0.0000000e+00
   0.0000000e+00
   0.0000000e+00
   0.0000000e+00
   0.0000000e+00
   0.0000000e+00
   0.0000000e+00
   0.0000000e+00
   0.0000000e+00
  -0.0000000e+00
  -0.0000000e+00
   0.0000000e+00
   0.0000000e+00
   0.0000000e+00
   0.0000000e+00
   0.0000000e+00
   0.0000000e+00
  -0.0000000e+00
  -0.0000000e+00
   0.0000000e+00
   0.0000000e+00
   0.0000000e+00
   0.0000000e+00
  -0.0000000e+00
  -3.0414385e-02
  -3.5294964e-03
   1.2817910e-02
   0.0000000e+00
   0.0000000e+00
   0.0000000e+00
   0.0000000e+00
   0.0000000e+00
   0.0000000e+00
   0.0000000e+00
   0.0000000e+00
   0.0000000e+00
   0.0000000e+00
   0.0000000e+00
   0.0000000e+00
   0.0000000e+00
   0.0000000e+00
   0.0000000e+00
   0.0000000e+00
   0.0000000e+00
   7.9210496e-03
   6.2853175e-03
   5.2263100e-03
   4.9657330e-03
   5.6778875e-03
   3.7418411e-03
   4.2653596e-03
  -1.7163944e-03
  -7.1585300e-03
  -3.7189065e-03
  -1.5676552e-03
  -1.9889670e-03
  -6.2438302e-03
  -1.3861284e-02
  -1.8027904e-02
  -1.9040376e-02
  -2.1911546e-02
  -2.5400067e-02
  -0.0000000e+00
  -0.0000000e+00
  -0.0000000e+00
  -0.0000000e+00
  -0.0000000e+00
  -0.0000000e+00
  -0.0000000e+00
  -0.0000000e+00
  -0.0000000e+00
  -0.0000000e+00
  -0.0000000e+00
  -0.0000000e+00
  -0.0000000e+00
  -0.0000000e+00
  -0.0000000e+00
  -0.0000000e+00
  -0.0000000e+00
  -0.0000000e+00
  -0.0000000e+00
  -0.0000000e+00
   0.0000000e+00
   0.0000000e+00
   0.0000000e+00
   0.0000000e+00
   0.0000000e+00
