  5.283342e-01
  5.001774e-01
  4.645531e-01
  4.290915e-01
  4.145299e-01
  4.030069e-01
  3.872504e-01
  3.831739e-01
  3.750688e-01
  3.718141e-01
  3.658741e-01
  3.644579e-01
  3.541781e-01
  3.413383e-01
  3.288668e-01
  3.179357e-01
  3.050219e-01
  3.014086e-01
  2.949954e-01
  2.848459e-01
  2.737074e-01
  2.681124e-01
  2.633324e-01
  2.613128e-01
  2.550689e-01
  2.498011e-01
  2.423714e-01
  2.389137e-01
  2.363942e-01
  2.462263e-01
  2.513771e-01
  2.570372e-01
  2.520300e-01
  2.468516e-01
  2.382242e-01
  2.323173e-01
  2.321065e-01
  2.372422e-01
  2.411203e-01
  2.436988e-01
  2.488034e-01
  2.483090e-01
  2.478590e-01
  2.508107e-01
  2.526605e-01
  2.548952e-01
  2.555493e-01
  2.546218e-01
  2.533134e-01
  2.547501e-01
  2.559830e-01
  2.573705e-01
  2.601247e-01
  2.637098e-01
  2.678092e-01
  2.729095e-01
  2.853144e-01
  2.987268e-01
  3.160188e-01
  3.359299e-01
  3.557829e-01
  3.742500e-01
  3.925682e-01
  4.038877e-01
  4.118658e-01
  4.169733e-01
  4.223401e-01
  4.348190e-01
  4.584477e-01
  5.362979e-01
  6.193969e-01
  6.976197e-01
