  4.583931e-01
  3.933532e-01
  3.751103e-01
  3.661400e-01
  3.531605e-01
  3.309204e-01
  3.059362e-01
  2.793468e-01
  2.567446e-01
  2.472032e-01
  2.396146e-01
  2.357314e-01
  2.312523e-01
  2.329116e-01
  2.315484e-01
  2.342477e-01
  2.277496e-01
  2.105707e-01
  2.120116e-01
  2.253794e-01
  2.334559e-01
  2.294334e-01
  2.324085e-01
  2.300412e-01
  2.272815e-01
  2.284251e-01
  2.348000e-01
  2.477215e-01
  2.731524e-01
  3.079138e-01
  3.469692e-01
  3.855090e-01
  4.109820e-01
  4.198013e-01
  4.718539e-01
  5.936780e-01
