  -0.0000000e+00
  -6.5896373e-02
   0.0000000e+00
  -0.0000000e+00
  -6.6352613e-02
  -0.0000000e+00
  -3.4637917e-02
  -3.8888241e-02
  -4.5197023e-02
  -4.3403304e-02
  -3.6904149e-02
  -2.3617028e-02
  -2.1997404e-02
  -0.0000000e+00
  -5.3768305e-02
  -7.5979154e-02
  -5.7180614e-02
  -4.5770848e-02
  -1.2261443e-01
  -0.0000000e+00
  -5.2524364e-02
  -7.5342468e-02
  -9.1028165e-02
  -0.0000000e+00
   0.0000000e+00
   0.0000000e+00
   0.0000000e+00
   0.0000000e+00
   0.0000000e+00
   0.0000000e+00
   0.0000000e+00
   0.0000000e+00
   0.0000000e+00
   0.0000000e+00
   0.0000000e+00
   0.0000000e+00
  -4.6065512e-02
  -1.8923008e-02
  -1.3022554e-02
  -1.6753746e-02
   2.1461187e-03
   1.1842172e-02
   1.7591803e-02
   2.4693286e-02
   3.0199610e-02
   3.2936320e-02
   3.2759253e-02
   3.0503899e-02
   2.6209271e-02
   2.5189800e-02
   2.4065524e-02
   2.3900555e-02
   2.3521539e-02
   2.3451122e-02
   3.0897082e-02
   3.5705087e-02
   2.0286478e-02
   1.4719405e-02
   3.8510901e-03
  -1.8003425e-02
  -3.5344522e-02
  -5.6118396e-02
  -5.9399124e-02
  -6.5903658e-02
  -6.5052869e-02
  -6.7394838e-02
  -7.5656398e-02
  -6.6321776e-02
  -6.8798982e-02
  -7.3890406e-02
  -1.1173795e-01
  -1.0437821e-01
   3.9969292e-02
   5.5673514e-02
   6.5254778e-02
   7.4028268e-02
   7.9171151e-02
   8.1025809e-02
   8.0487706e-02
   7.5847708e-02
   7.5129844e-02
   8.2627930e-02
   9.1457538e-02
   9.3720481e-02
   9.1818199e-02
   9.1683134e-02
   9.3052387e-02
   9.4731875e-02
   9.5610410e-02
   9.6648745e-02
   9.3306987e-02
   8.8455707e-02
   7.7216968e-02
   7.5038567e-02
   7.6981492e-02
   6.9136143e-02
   6.1015442e-02
   5.7354283e-02
   5.6183767e-02
   5.7459380e-02
   5.9360020e-02
   5.7729341e-02
   5.3735897e-02
   5.0983291e-02
   4.8968155e-02
   4.1272044e-02
   2.6947692e-02
   2.4625754e-02
   1.3307142e-01
   1.3706508e-01
   1.3794243e-01
   1.3715027e-01
   1.2690547e-01
   1.1643222e-01
   1.1389380e-01
   1.0795196e-01
   1.0032421e-01
   1.1269918e-01
   1.2431926e-01
   1.3066375e-01
   1.3203162e-01
   1.3530123e-01
   1.4007606e-01
   1.4455152e-01
   1.4658378e-01
   1.4843117e-01
   1.4493434e-01
   1.2103779e-01
   1.1079556e-01
   1.0909230e-01
   1.2300466e-01
   1.2344114e-01
   1.2043597e-01
   1.2360934e-01
   1.2935631e-01
   1.3290580e-01
   1.3892455e-01
   1.4312217e-01
   1.4972468e-01
   1.5373760e-01
   1.4512277e-01
   1.4657485e-01
   1.4104663e-01
   1.3229193e-01
   1.7866936e-01
   1.6564083e-01
   1.5044740e-01
   1.4583152e-01
   1.0493691e-01
   9.5958561e-02
   9.5140636e-02
   9.2244647e-02
   9.2379101e-02
   1.0904458e-01
   1.1983168e-01
   1.2661247e-01
   1.3100655e-01
   1.3608766e-01
   1.4109272e-01
   1.4631663e-01
   1.4903717e-01
   1.4735389e-01
   1.3029922e-01
   0.0000000e+00
   1.0083827e-01
   1.1969186e-01
   1.3751987e-01
   1.4479926e-01
   1.4920758e-01
   1.5491387e-01
   1.5979940e-01
   1.5959449e-01
   1.5945920e-01
   1.5714534e-01
   1.6832532e-01
   1.8421368e-01
   1.8577495e-01
   1.9820389e-01
   1.9548404e-01
   1.8360765e-01
   1.7283610e-01
   1.4852576e-01
   1.2166068e-01
   0.0000000e+00
   0.0000000e+00
   6.6647511e-02
   6.5019228e-02
   7.6721068e-02
   8.0792864e-02
   8.7058579e-02
   9.4155449e-02
   9.8837419e-02
   1.0162703e-01
   1.0468193e-01
   1.0874885e-01
   1.1462519e-01
   1.1750043e-01
   1.1238404e-01
   9.0694199e-02
   0.0000000e+00
   6.7890920e-02
   9.7126035e-02
   1.1656029e-01
   1.2953893e-01
   1.3838003e-01
   1.4394829e-01
   1.4273378e-01
   1.3539069e-01
   1.2949747e-01
   1.1839423e-01
   1.3060520e-01
   1.5295028e-01
   1.6964457e-01
   1.8664154e-01
   1.8969756e-01
   1.8069472e-01
   1.0957331e-01
   0.0000000e+00
   0.0000000e+00
   0.0000000e+00
   0.0000000e+00
   4.7155954e-02
   4.6190929e-02
   5.4350767e-02
   5.6633715e-02
   5.8531448e-02
   6.1740935e-02
   6.2766977e-02
   6.2773600e-02
   6.4215653e-02
   6.7519777e-02
   7.2933398e-02
   7.5549662e-02
   6.8215102e-02
   4.8352237e-02
   0.0000000e+00
   0.0000000e+00
   5.9066940e-02
   7.4453823e-02
   9.1611028e-02
   1.0243375e-01
   1.0458648e-01
   9.4021417e-02
   8.0590710e-02
   8.4441453e-02
   7.7000402e-02
   8.3665140e-02
   1.0271999e-01
   1.2313347e-01
   1.3608900e-01
   1.3907808e-01
   1.3062714e-01
   9.0282001e-02
   0.0000000e+00
   0.0000000e+00
   0.0000000e+00
   0.0000000e+00
   2.8064266e-02
   2.3974309e-02
   2.3015861e-02
   2.2093700e-02
   2.2825971e-02
   2.4082054e-02
   2.4027657e-02
   2.3076482e-02
   2.3655067e-02
   2.7247986e-02
   3.2204017e-02
   3.3097468e-02
   2.5060762e-02
   1.3679826e-02
   0.0000000e+00
   0.0000000e+00
   2.3317762e-02
   3.3315528e-02
   4.7105644e-02
   5.3759128e-02
   4.9553571e-02
   2.6776869e-02
   4.2044963e-02
   4.0937585e-02
   2.8427841e-02
   2.8832590e-02
   4.2061529e-02
   5.6025192e-02
   6.5840952e-02
   6.8310409e-02
   6.0762379e-02
   0.0000000e+00
   0.0000000e+00
   0.0000000e+00
   0.0000000e+00
   0.0000000e+00
   6.3198735e-03
  -6.7934376e-04
  -5.0149411e-03
  -6.9981478e-03
  -6.4738784e-03
  -5.1354840e-03
  -3.7662112e-03
  -3.2712985e-03
  -1.7130929e-03
   2.1759612e-03
   4.9101012e-03
   2.7782854e-03
  -5.5460189e-03
  -7.6579408e-03
   0.0000000e+00
   0.0000000e+00
  -3.7502276e-03
   7.4388725e-03
   1.5005385e-02
   1.5710531e-02
   6.0594068e-03
  -1.4674617e-02
   0.0000000e+00
  -0.0000000e+00
  -8.7050432e-03
  -1.0441540e-02
  -1.8524403e-03
   6.3265874e-03
   1.3441719e-02
   1.5504846e-02
   1.2267688e-02
  -6.7759186e-03
  -8.9043001e-03
   0.0000000e+00
   0.0000000e+00
  -0.0000000e+00
  -2.4342390e-02
  -3.0244607e-02
  -3.4940355e-02
  -3.6584329e-02
  -3.5569675e-02
  -3.2620817e-02
  -2.8323088e-02
  -2.4152301e-02
  -2.0436438e-02
  -1.8189248e-02
  -2.0920863e-02
  -2.8244480e-02
  -3.3459723e-02
  -1.3504024e-02
   0.0000000e+00
   0.0000000e+00
  -0.0000000e+00
  -1.6588081e-02
  -1.5842069e-02
  -2.1405069e-02
  -3.6134921e-02
  -4.7869056e-02
   0.0000000e+00
  -0.0000000e+00
  -3.4051644e-02
  -3.7907305e-02
  -3.7240125e-02
  -3.5627175e-02
  -3.3291932e-02
  -3.2465201e-02
  -2.6606446e-02
  -1.8773224e-02
  -1.3385948e-02
   0.0000000e+00
   0.0000000e+00
  -0.0000000e+00
  -4.2866334e-02
  -4.7082953e-02
  -5.1155061e-02
  -5.2603379e-02
  -5.1158790e-02
  -4.6456568e-02
  -4.0390424e-02
  -3.3193398e-02
  -2.9005211e-02
  -3.0915994e-02
  -3.9213192e-02
  -4.9055777e-02
  -4.7221079e-02
  -1.0413709e-02
   0.0000000e+00
   0.0000000e+00
  -0.0000000e+00
  -2.7625732e-02
  -3.4042053e-02
  -4.4726968e-02
  -5.6024380e-02
  -4.2494392e-02
   0.0000000e+00
  -0.0000000e+00
  -3.6661732e-02
  -4.5554715e-02
  -5.3968176e-02
  -5.7827950e-02
  -5.9749398e-02
  -5.8593381e-02
  -4.6130665e-02
  -3.3734564e-02
  -2.5113704e-02
  -4.2630965e-02
  -6.7179267e-02
  -0.0000000e+00
  -0.0000000e+00
  -5.6221955e-02
  -5.9881229e-02
  -6.0868781e-02
  -5.8349624e-02
  -5.2530184e-02
  -4.4505488e-02
  -3.7430957e-02
  -3.8145550e-02
  -4.6768401e-02
  -5.8167711e-02
  -6.5515064e-02
  -5.5838853e-02
  -1.7333845e-02
   0.0000000e+00
   0.0000000e+00
  -0.0000000e+00
  -3.7182660e-02
  -5.0519686e-02
  -6.3146852e-02
  -6.2020302e-02
  -4.0868712e-02
   0.0000000e+00
  -0.0000000e+00
  -2.8829880e-02
  -5.2090723e-02
  -6.5101534e-02
  -7.3991768e-02
  -7.8976199e-02
  -7.7015162e-02
  -6.0905028e-02
  -4.0378973e-02
  -3.2544885e-02
  -3.8409072e-02
   0.0000000e+00
  -0.0000000e+00
  -5.1488679e-02
  -5.4116149e-02
  -5.6030773e-02
  -5.5392854e-02
  -5.2030720e-02
  -4.6841782e-02
  -4.1634411e-02
  -4.2586535e-02
  -5.1780012e-02
  -6.3283272e-02
  -7.1955785e-02
  -7.2441220e-02
  -5.9888743e-02
  -3.9958704e-02
   0.0000000e+00
   0.0000000e+00
   0.0000000e+00
  -4.6405869e-02
  -6.2342398e-02
  -7.0266530e-02
  -5.5652775e-02
  -3.2002728e-02
   0.0000000e+00
   0.0000000e+00
   0.0000000e+00
  -5.8714944e-02
  -7.1357116e-02
  -8.2317896e-02
  -8.7205678e-02
  -8.3705276e-02
  -6.5852106e-02
  -3.7818912e-02
  -2.7839435e-02
  -2.0958155e-02
   0.0000000e+00
  -3.9599644e-02
  -4.1575070e-02
  -4.0185858e-02
  -3.8070273e-02
  -3.6603540e-02
  -3.5821803e-02
  -3.6526948e-02
  -4.1392140e-02
  -5.3113673e-02
  -6.5899052e-02
  -7.4209549e-02
  -7.6039910e-02
  -6.9428191e-02
  -4.5870110e-02
   0.0000000e+00
   0.0000000e+00
   0.0000000e+00
   0.0000000e+00
  -5.2045286e-02
  -6.6026233e-02
  -6.4730301e-02
  -4.0004615e-02
  -1.4437697e-02
   0.0000000e+00
   0.0000000e+00
  -0.0000000e+00
  -6.3855618e-02
  -7.2310954e-02
  -8.1408411e-02
  -8.3361268e-02
  -7.7786550e-02
  -6.0689975e-02
  -2.8080705e-02
  -1.5089533e-02
  -8.1437839e-03
  -2.8985658e-02
  -2.9372018e-02
  -2.3870522e-02
  -1.7488219e-02
  -1.3986387e-02
  -1.5167989e-02
  -2.0784974e-02
  -3.0842558e-02
  -4.6436675e-02
  -6.4325348e-02
  -7.5573765e-02
  -7.8036480e-02
  -7.1360506e-02
  -5.6732100e-02
  -3.1604121e-02
   0.0000000e+00
   0.0000000e+00
   0.0000000e+00
   0.0000000e+00
  -0.0000000e+00
  -5.9829295e-02
  -4.8931703e-02
  -2.1203186e-02
   4.8160405e-03
   0.0000000e+00
   0.0000000e+00
  -0.0000000e+00
  -5.5014894e-02
  -6.4886130e-02
  -6.9469459e-02
  -6.7457557e-02
  -6.0156122e-02
  -4.5904256e-02
  -2.4110115e-02
  -0.0000000e+00
  -1.2528146e-02
  -3.0316768e-02
  -1.8808713e-02
  -1.2286630e-02
  -1.0783753e-02
  -1.2633041e-02
  -1.7164018e-02
  -2.4868894e-02
  -3.6285583e-02
  -5.0690528e-02
  -6.3920729e-02
  -6.9984056e-02
  -6.7323379e-02
  -5.5125955e-02
  -3.6135510e-02
  -1.3588430e-02
   0.0000000e+00
   0.0000000e+00
   0.0000000e+00
   0.0000000e+00
  -0.0000000e+00
  -4.5599390e-02
  -3.0763013e-02
  -8.1209820e-03
   4.6703042e-03
   0.0000000e+00
   0.0000000e+00
  -0.0000000e+00
  -4.9415894e-02
  -5.0350867e-02
  -4.9381863e-02
  -4.3637887e-02
  -3.6834072e-02
  -3.0675454e-02
   0.0000000e+00
  -0.0000000e+00
  -1.2398906e-02
  -2.1443222e-02
  -1.6136890e-02
  -1.9294707e-02
  -2.6153998e-02
  -3.2952566e-02
  -3.9672304e-02
  -4.7069278e-02
  -5.4136440e-02
  -5.9482701e-02
  -6.1309129e-02
  -5.8123004e-02
  -4.9247120e-02
  -3.4398559e-02
  -1.6673692e-02
  -8.7725576e-04
   0.0000000e+00
   0.0000000e+00
   0.0000000e+00
   0.0000000e+00
  -0.0000000e+00
  -2.7580261e-02
  -1.4382079e-02
   1.3804527e-03
   7.7001224e-03
   0.0000000e+00
   0.0000000e+00
  -0.0000000e+00
  -3.6252894e-02
  -3.3737544e-02
  -2.9061213e-02
  -2.0484285e-02
  -1.6318232e-02
  -1.2546726e-02
   0.0000000e+00
  -0.0000000e+00
  -9.9155435e-03
  -1.8161224e-02
  -2.3039782e-02
  -3.1368881e-02
  -4.0098972e-02
  -4.7590000e-02
  -5.4716294e-02
  -6.1422132e-02
  -6.5296039e-02
  -6.5130792e-02
  -6.0565412e-02
  -5.2458008e-02
  -4.1027522e-02
  -2.5278019e-02
  -8.3900047e-03
   5.5872577e-03
   0.0000000e+00
   0.0000000e+00
   0.0000000e+00
  -0.0000000e+00
  -2.2913225e-02
  -8.4132980e-03
   1.2952113e-03
   1.0465981e-02
   1.1153097e-02
   0.0000000e+00
   0.0000000e+00
  -0.0000000e+00
  -2.3690545e-02
  -1.8631791e-02
  -1.2879026e-02
  -3.2855129e-03
  -1.4012362e-03
  -1.9388570e-03
   0.0000000e+00
  -0.0000000e+00
  -9.8910190e-03
  -2.0964702e-02
  -2.9112747e-02
  -3.5777877e-02
  -4.1086352e-02
  -4.5578869e-02
  -5.0779024e-02
  -5.6239066e-02
  -5.9645374e-02
  -6.0233336e-02
  -5.7904069e-02
  -5.2629625e-02
  -4.3351056e-02
  -2.8600024e-02
  -1.2172775e-02
  -2.8350652e-03
   0.0000000e+00
   0.0000000e+00
   0.0000000e+00
  -3.5675409e-02
  -9.6277117e-03
   9.9475353e-03
   1.8892746e-02
   2.1722974e-02
   1.9225043e-02
   0.0000000e+00
   0.0000000e+00
   0.0000000e+00
  -1.3430594e-02
  -5.2229570e-03
   1.8153215e-03
   1.1176906e-02
   7.6426841e-03
   5.8272749e-03
   0.0000000e+00
  -0.0000000e+00
  -1.3902961e-02
  -2.6103729e-02
  -3.5307970e-02
  -4.1389830e-02
  -4.4455554e-02
  -4.5725755e-02
  -4.7868848e-02
  -5.1061645e-02
  -5.2734055e-02
  -5.1841844e-02
  -4.9984057e-02
  -4.9904663e-02
  -4.9936596e-02
  -4.6200573e-02
  -2.9420983e-02
  -1.1010684e-02
   0.0000000e+00
   0.0000000e+00
  -0.0000000e+00
  -3.9175782e-02
  -6.7080315e-03
   1.9121515e-02
   2.8002908e-02
   0.0000000e+00
   0.0000000e+00
   0.0000000e+00
   0.0000000e+00
   0.0000000e+00
   0.0000000e+00
   4.0008435e-03
   9.1258056e-03
   1.8580599e-02
   1.0286704e-02
   4.9775760e-03
  -0.0000000e+00
  -1.7382881e-02
  -2.1883702e-02
  -3.4987420e-02
  -4.6664536e-02
  -5.4768153e-02
  -5.9118606e-02
  -6.0487326e-02
  -6.1507016e-02
  -6.3021697e-02
  -6.3417658e-02
  -6.1249379e-02
  -5.7018265e-02
  -5.4617565e-02
  -5.7978999e-02
  -6.8934754e-02
  -6.3046119e-02
  -1.5194440e-02
   0.0000000e+00
   0.0000000e+00
  -6.9830685e-02
  -5.2228156e-02
  -1.7884444e-02
   1.6977403e-02
   0.0000000e+00
   0.0000000e+00
   0.0000000e+00
   0.0000000e+00
   0.0000000e+00
   0.0000000e+00
   0.0000000e+00
   1.4066141e-02
   1.8157242e-02
   2.1286229e-02
   1.4697150e-02
   5.2920794e-03
  -0.0000000e+00
  -2.5346903e-02
  -3.0978357e-02
  -4.4253770e-02
  -5.8222942e-02
  -6.8910591e-02
  -7.6392256e-02
  -8.1438757e-02
  -8.5673846e-02
  -9.0184815e-02
  -9.3434155e-02
  -9.3030781e-02
  -8.5852593e-02
  -7.0956834e-02
  -5.4145705e-02
  -5.0940420e-02
  -8.6876142e-02
  -7.1354911e-02
  -1.3160359e-01
  -8.2220896e-02
  -8.4198342e-02
  -7.1407549e-02
  -3.7625458e-02
   1.8085444e-03
   0.0000000e+00
   0.0000000e+00
   0.0000000e+00
   0.0000000e+00
   0.0000000e+00
   0.0000000e+00
   0.0000000e+00
   3.4630012e-02
   3.2096946e-02
   0.0000000e+00
   2.9016274e-02
   5.9981432e-03
  -0.0000000e+00
  -3.9684415e-02
  -3.9649773e-02
  -4.9539611e-02
  -6.2782839e-02
  -7.4203290e-02
  -8.3172932e-02
  -8.9760497e-02
  -9.5404319e-02
  -1.0241700e-01
  -1.0882062e-01
  -1.1088174e-01
  -1.0150997e-01
  -7.6033235e-02
  -4.0585220e-02
  -1.9840215e-02
  -1.8958404e-03
  -1.1900697e-01
  -1.2204771e-01
  -8.2786828e-02
  -9.0508185e-02
  -8.5239947e-02
  -5.9994359e-02
  -2.1107006e-02
   0.0000000e+00
   0.0000000e+00
   0.0000000e+00
   0.0000000e+00
   0.0000000e+00
   0.0000000e+00
   0.0000000e+00
   6.2849415e-02
   6.0262889e-02
   0.0000000e+00
   0.0000000e+00
   0.0000000e+00
  -0.0000000e+00
  -5.1332455e-02
  -4.8004374e-02
  -5.2560877e-02
  -6.2036861e-02
  -7.2399579e-02
  -8.1293002e-02
  -8.6670138e-02
  -9.0393499e-02
  -9.5734403e-02
  -1.0286082e-01
  -1.0737050e-01
  -9.7626865e-02
  -6.7559555e-02
  -2.6199311e-02
  -2.4275524e-02
   0.0000000e+00
  -7.3814936e-02
  -8.3968572e-02
  -7.2396368e-02
  -8.1302688e-02
  -8.6133823e-02
  -7.6984569e-02
  -4.5428848e-02
   0.0000000e+00
   0.0000000e+00
   0.0000000e+00
   0.0000000e+00
   0.0000000e+00
   0.0000000e+00
   0.0000000e+00
   6.3421547e-02
   7.7657357e-02
   0.0000000e+00
   0.0000000e+00
   0.0000000e+00
  -0.0000000e+00
  -5.4418405e-02
  -5.2021921e-02
  -5.2894324e-02
  -5.7388265e-02
  -6.4688511e-02
  -7.1495391e-02
  -7.4312657e-02
  -7.4818932e-02
  -7.6883398e-02
  -8.3566666e-02
  -8.9329600e-02
  -8.1402101e-02
  -5.2094858e-02
  -1.2767830e-02
   0.0000000e+00
  -0.0000000e+00
  -4.7066961e-02
  -5.1273748e-02
  -5.2035768e-02
  -6.0811568e-02
  -7.2362497e-02
  -7.9597831e-02
  -6.4699042e-02
   0.0000000e+00
   0.0000000e+00
   0.0000000e+00
   0.0000000e+00
   0.0000000e+00
   0.0000000e+00
   0.0000000e+00
   0.0000000e+00
   0.0000000e+00
   0.0000000e+00
   0.0000000e+00
   0.0000000e+00
   0.0000000e+00
  -0.0000000e+00
  -4.2054325e-02
  -4.3312818e-02
  -4.5017704e-02
  -4.8671395e-02
  -5.1906038e-02
  -5.2043267e-02
  -5.0478060e-02
  -5.1222865e-02
  -5.7384048e-02
  -6.4449243e-02
  -6.0435247e-02
  -3.3339739e-02
  -3.4967657e-03
   0.0000000e+00
  -0.0000000e+00
  -2.9853964e-02
  -2.6995067e-02
  -3.0777525e-02
  -3.7892185e-02
  -5.0184920e-02
  -6.6262677e-02
  -6.7976171e-02
   0.0000000e+00
   0.0000000e+00
   0.0000000e+00
   0.0000000e+00
   0.0000000e+00
   0.0000000e+00
   0.0000000e+00
   0.0000000e+00
   0.0000000e+00
   0.0000000e+00
   0.0000000e+00
   0.0000000e+00
   0.0000000e+00
  -0.0000000e+00
  -1.8662155e-02
  -1.8616468e-02
  -2.0204933e-02
  -2.2621963e-02
  -2.3670368e-02
  -2.2484235e-02
  -2.1375114e-02
  -2.3595825e-02
  -3.0716481e-02
  -3.9453018e-02
  -3.8502362e-02
  -1.3767367e-02
   8.3930160e-03
   0.0000000e+00
  -0.0000000e+00
  -1.3511168e-02
   4.9445929e-04
  -8.2598533e-03
  -1.5584464e-02
  -2.4983719e-02
  -4.0245742e-02
  -5.0840020e-02
   0.0000000e+00
   0.0000000e+00
   0.0000000e+00
   0.0000000e+00
   0.0000000e+00
   0.0000000e+00
   0.0000000e+00
   0.0000000e+00
   0.0000000e+00
   0.0000000e+00
   0.0000000e+00
   0.0000000e+00
   0.0000000e+00
   0.0000000e+00
   1.4284555e-02
   2.9043667e-02
   3.0615926e-02
   2.6817175e-02
   2.5200045e-02
   2.4267420e-02
   2.1773579e-02
   1.5055254e-02
   4.3631727e-03
  -6.9467742e-03
  -9.6535524e-03
   8.3693905e-03
   0.0000000e+00
   0.0000000e+00
   0.0000000e+00
   0.0000000e+00
   3.8205337e-02
   3.2257546e-02
   2.1705313e-02
   1.2584092e-02
   1.7924896e-03
  -1.5601183e-02
  -0.0000000e+00
   0.0000000e+00
   0.0000000e+00
   1.6660176e-02
   2.7310247e-02
   0.0000000e+00
   0.0000000e+00
   0.0000000e+00
   0.0000000e+00
   0.0000000e+00
   0.0000000e+00
   0.0000000e+00
   0.0000000e+00
   0.0000000e+00
   3.4056577e-02
   6.3489822e-02
   6.8834773e-02
   6.4870350e-02
   6.4107805e-02
   6.1593261e-02
   5.6087352e-02
   4.5540150e-02
   3.2495927e-02
   1.9632081e-02
   1.2993563e-02
   2.0485196e-02
   0.0000000e+00
   0.0000000e+00
   0.0000000e+00
   0.0000000e+00
   0.0000000e+00
   6.9172195e-02
   5.5312078e-02
   4.4799693e-02
   3.7172138e-02
   2.1331724e-02
   0.0000000e+00
   0.0000000e+00
   0.0000000e+00
   0.0000000e+00
   0.0000000e+00
   0.0000000e+00
   0.0000000e+00
   0.0000000e+00
   0.0000000e+00
   0.0000000e+00
   0.0000000e+00
   0.0000000e+00
   0.0000000e+00
   0.0000000e+00
   0.0000000e+00
   8.0861723e-02
   7.7215374e-02
   8.0499470e-02
   8.7122858e-02
   8.9141190e-02
   8.4079854e-02
   7.2183780e-02
   5.9449349e-02
   4.6824079e-02
   3.5698723e-02
   2.8648779e-02
   0.0000000e+00
   0.0000000e+00
   0.0000000e+00
   0.0000000e+00
   0.0000000e+00
   8.5496834e-02
   7.4863926e-02
   7.1188621e-02
   7.1027547e-02
   5.9687681e-02
   3.9904376e-02
   0.0000000e+00
   0.0000000e+00
   0.0000000e+00
   0.0000000e+00
   0.0000000e+00
   0.0000000e+00
   0.0000000e+00
   0.0000000e+00
   0.0000000e+00
   0.0000000e+00
   0.0000000e+00
   0.0000000e+00
   0.0000000e+00
   0.0000000e+00
   5.8991143e-02
   7.0219540e-02
   7.9640210e-02
   8.7283038e-02
   9.2612494e-02
   8.9155726e-02
   7.9328604e-02
   6.9490851e-02
   6.0380157e-02
   4.8715882e-02
   4.0072414e-02
   0.0000000e+00
   0.0000000e+00
   0.0000000e+00
   0.0000000e+00
   0.0000000e+00
   0.0000000e+00
   6.8523347e-02
   7.6268241e-02
   8.4412861e-02
   8.0101065e-02
   6.2238059e-02
   0.0000000e+00
   0.0000000e+00
   0.0000000e+00
   0.0000000e+00
   0.0000000e+00
   0.0000000e+00
   0.0000000e+00
   0.0000000e+00
   0.0000000e+00
   0.0000000e+00
   0.0000000e+00
   0.0000000e+00
   0.0000000e+00
   0.0000000e+00
   0.0000000e+00
   4.3729447e-02
   4.8559991e-02
   6.1364938e-02
   6.6634029e-02
   6.6854558e-02
   6.2794298e-02
   5.9013616e-02
   5.5937682e-02
   4.7099446e-02
   4.0747255e-02
   0.0000000e+00
   0.0000000e+00
   0.0000000e+00
   0.0000000e+00
   0.0000000e+00
   0.0000000e+00
   5.2204705e-02
   6.4038910e-02
   7.5469323e-02
   7.6678796e-02
   6.8220796e-02
   0.0000000e+00
   0.0000000e+00
   0.0000000e+00
   0.0000000e+00
   0.0000000e+00
   0.0000000e+00
   0.0000000e+00
   0.0000000e+00
   0.0000000e+00
   0.0000000e+00
   0.0000000e+00
   0.0000000e+00
   0.0000000e+00
   0.0000000e+00
   0.0000000e+00
   2.1206139e-03
   1.6925509e-02
   7.2625191e-03
   1.5078624e-02
   1.9632511e-02
   2.5794127e-02
   2.8941152e-02
   3.1960778e-02
   2.4589447e-02
   0.0000000e+00
   0.0000000e+00
   0.0000000e+00
   0.0000000e+00
   0.0000000e+00
   0.0000000e+00
   0.0000000e+00
   0.0000000e+00
   2.7773969e-02
   4.1561103e-02
   4.4276241e-02
   1.4516143e-02
   0.0000000e+00
   0.0000000e+00
   0.0000000e+00
   0.0000000e+00
   0.0000000e+00
   0.0000000e+00
   0.0000000e+00
   0.0000000e+00
   0.0000000e+00
   0.0000000e+00
   0.0000000e+00
   0.0000000e+00
   0.0000000e+00
   0.0000000e+00
  -0.0000000e+00
  -0.0000000e+00
   0.0000000e+00
  -3.9971384e-02
  -3.7288243e-02
  -2.7158651e-02
  -3.6476212e-03
   0.0000000e+00
   1.0424617e-03
  -4.4206827e-03
   0.0000000e+00
   0.0000000e+00
   0.0000000e+00
   0.0000000e+00
   0.0000000e+00
   0.0000000e+00
   0.0000000e+00
  -1.0283031e-02
  -1.8071636e-02
  -1.3851436e-02
  -1.3235571e-02
  -1.5024574e-02
  -6.5597634e-03
   0.0000000e+00
   0.0000000e+00
   0.0000000e+00
   0.0000000e+00
   0.0000000e+00
   0.0000000e+00
   0.0000000e+00
   0.0000000e+00
   0.0000000e+00
   0.0000000e+00
   0.0000000e+00
   0.0000000e+00
   0.0000000e+00
   0.0000000e+00
   0.0000000e+00
   0.0000000e+00
   0.0000000e+00
   0.0000000e+00
  -0.0000000e+00
   0.0000000e+00
   0.0000000e+00
   0.0000000e+00
   0.0000000e+00
   0.0000000e+00
   0.0000000e+00
   0.0000000e+00
   0.0000000e+00
   0.0000000e+00
   0.0000000e+00
   0.0000000e+00
  -5.0595902e-03
   0.0000000e+00
  -0.0000000e+00
  -5.3183727e-02
  -3.1463873e-02
  -1.7525581e-02
  -1.5485823e-02
   0.0000000e+00
  -0.0000000e+00
  -0.0000000e+00
  -0.0000000e+00
   0.0000000e+00
   0.0000000e+00
   0.0000000e+00
   0.0000000e+00
   0.0000000e+00
  -0.0000000e+00
  -0.0000000e+00
  -0.0000000e+00
  -0.0000000e+00
  -0.0000000e+00
  -0.0000000e+00
  -0.0000000e+00
  -0.0000000e+00
  -0.0000000e+00
  -0.0000000e+00
  -0.0000000e+00
  -0.0000000e+00
  -0.0000000e+00
  -0.0000000e+00
  -0.0000000e+00
  -0.0000000e+00
  -0.0000000e+00
  -0.0000000e+00
   0.0000000e+00
  -1.0050188e-03
  -2.9980860e-03
  -0.0000000e+00
  -0.0000000e+00
  -0.0000000e+00
  -7.7299777e-03
  -1.2186701e-02
  -1.5867810e-02
  -1.5816243e-02
  -1.0838055e-02
  -9.7702405e-03
  -8.9008133e-03
  -8.9563867e-03
  -1.1449602e-02
  -1.3289103e-02
  -1.1377104e-02
  -0.0000000e+00
