   0.0000000e+00
   0.0000000e+00
   0.0000000e+00
   0.0000000e+00
   0.0000000e+00
   0.0000000e+00
   0.0000000e+00
   0.0000000e+00
   0.0000000e+00
   0.0000000e+00
   0.0000000e+00
   0.0000000e+00
   0.0000000e+00
   0.0000000e+00
   0.0000000e+00
   0.0000000e+00
   0.0000000e+00
   0.0000000e+00
   0.0000000e+00
   0.0000000e+00
   0.0000000e+00
   0.0000000e+00
   0.0000000e+00
   0.0000000e+00
   0.0000000e+00
   0.0000000e+00
   0.0000000e+00
   0.0000000e+00
   0.0000000e+00
   0.0000000e+00
   0.0000000e+00
   0.0000000e+00
   0.0000000e+00
   0.0000000e+00
   0.0000000e+00
   0.0000000e+00
   0.0000000e+00
   0.0000000e+00
   0.0000000e+00
   0.0000000e+00
   0.0000000e+00
   0.0000000e+00
   0.0000000e+00
  -0.0000000e+00
  -0.0000000e+00
   0.0000000e+00
   0.0000000e+00
   0.0000000e+00
   0.0000000e+00
   0.0000000e+00
   0.0000000e+00
   0.0000000e+00
   0.0000000e+00
   0.0000000e+00
   0.0000000e+00
   0.0000000e+00
   0.0000000e+00
   0.0000000e+00
   0.0000000e+00
   0.0000000e+00
   0.0000000e+00
   0.0000000e+00
   0.0000000e+00
   0.0000000e+00
   0.0000000e+00
   0.0000000e+00
   0.0000000e+00
   0.0000000e+00
   0.0000000e+00
   0.0000000e+00
   0.0000000e+00
   0.0000000e+00
   0.0000000e+00
   0.0000000e+00
   0.0000000e+00
   0.0000000e+00
   0.0000000e+00
   0.0000000e+00
   0.0000000e+00
   0.0000000e+00
   0.0000000e+00
   0.0000000e+00
   0.0000000e+00
   0.0000000e+00
   0.0000000e+00
   1.2515387e-01
   1.1969123e-01
   9.0710215e-02
   5.9238131e-02
   3.4428723e-02
   2.6676757e-02
   2.2423756e-02
   1.2073308e-02
  -4.5909181e-04
  -1.0526658e-02
  -1.2675476e-02
  -6.8453056e-03
  -5.4465408e-03
  -5.6540812e-03
  -6.3886442e-03
  -4.1123285e-03
  -2.0385741e-03
  -8.6367288e-03
  -1.7917507e-02
  -1.2890710e-02
   3.7141165e-03
   7.3412164e-03
  -2.3453375e-02
  -4.1537392e-02
   0.0000000e+00
   0.0000000e+00
   0.0000000e+00
   5.0291333e-02
   3.1044569e-02
   1.5603144e-02
   9.1386940e-03
   4.5147354e-03
  -1.6910034e-03
  -4.4311929e-03
  -1.0897912e-02
  -1.3517595e-02
   0.0000000e+00
   0.0000000e+00
   0.0000000e+00
   0.0000000e+00
   0.0000000e+00
   0.0000000e+00
   0.0000000e+00
   0.0000000e+00
   0.0000000e+00
   0.0000000e+00
   0.0000000e+00
   0.0000000e+00
   0.0000000e+00
   0.0000000e+00
   0.0000000e+00
   0.0000000e+00
   0.0000000e+00
   0.0000000e+00
   0.0000000e+00
   0.0000000e+00
   0.0000000e+00
   0.0000000e+00
   0.0000000e+00
   0.0000000e+00
   0.0000000e+00
   0.0000000e+00
   0.0000000e+00
   0.0000000e+00
   0.0000000e+00
   0.0000000e+00
   0.0000000e+00
   0.0000000e+00
   6.2112338e-02
   4.2529028e-02
   5.5603758e-02
   6.8728546e-02
   7.8409857e-02
   6.7569606e-02
   4.6865175e-02
   2.7881166e-02
   1.8442612e-02
   1.6697328e-02
   1.2309374e-02
   5.6840503e-03
   3.6536793e-03
   2.8401387e-03
  -1.3990992e-03
  -5.5732138e-03
  -7.3593156e-03
  -8.3957789e-03
  -1.1608692e-02
  -1.4781892e-02
  -1.3796187e-02
  -1.2884222e-02
  -1.6462147e-02
  -1.8535901e-02
  -1.1839845e-02
  -8.2975216e-03
  -2.4402546e-02
  -3.2691039e-02
  -2.3106132e-02
   0.0000000e+00
   0.0000000e+00
   2.9757701e-02
   1.3103765e-02
   9.4311766e-03
   1.4436860e-02
   1.7983191e-02
   1.6674317e-02
   1.5116528e-02
   1.2951951e-02
   1.2599567e-02
   1.3796735e-02
   1.7949601e-02
   2.2683126e-02
   2.5613438e-02
   3.2758074e-02
   4.0409173e-02
   3.8910425e-02
   2.4708301e-02
   8.3783044e-03
   2.6632737e-03
  -2.2240832e-02
  -3.1971746e-02
   0.0000000e+00
   0.0000000e+00
   0.0000000e+00
   8.1424837e-02
   5.4912341e-02
   2.4714572e-02
  -1.1396403e-03
   0.0000000e+00
   0.0000000e+00
   0.0000000e+00
   0.0000000e+00
   5.2391267e-02
   5.2552538e-02
   4.2250486e-02
   3.0918207e-02
   2.3348109e-02
   2.0687633e-02
   2.6242152e-02
   3.6964249e-02
   4.3072394e-02
   3.7124969e-02
   1.8579101e-02
   1.4860965e-02
   1.2800600e-02
   7.9283202e-03
   5.4203011e-03
   4.8950468e-03
   4.0462320e-03
   6.2461747e-03
   7.9862736e-03
   6.5682763e-03
   5.9250211e-03
   6.0624550e-03
   3.3825855e-03
  -7.8528957e-04
  -3.4595318e-03
  -6.8914345e-03
  -1.0794566e-02
  -1.2295265e-02
  -1.3753253e-02
  -1.6536651e-02
  -1.7557820e-02
  -1.7064368e-02
  -1.7490955e-02
  -1.8060943e-02
  -1.6418017e-02
  -1.4439371e-02
  -1.5478344e-02
  -1.2439089e-02
   0.0000000e+00
   3.8670907e-03
   4.8961872e-03
   4.5997109e-03
   6.7315437e-03
   1.1037829e-02
   1.6020767e-02
   1.8277470e-02
   1.9590050e-02
   2.2332491e-02
   2.3037726e-02
   2.1382114e-02
   2.1180794e-02
   2.1247834e-02
   1.8768683e-02
   1.7992549e-02
   1.9476578e-02
   1.5923413e-02
   7.2340583e-03
   3.2883929e-03
  -2.2420459e-03
  -1.5803395e-02
  -1.6946034e-02
  -1.3226410e-03
   2.7104848e-02
   5.5318284e-02
   6.0169850e-02
   4.5124371e-02
   2.9158030e-02
   1.4850110e-02
   2.3890198e-02
   3.2571201e-02
   4.1342103e-02
   4.7907680e-02
   2.2461160e-02
   1.6665313e-02
   6.4275460e-03
  -2.7544796e-03
  -1.1149746e-02
  -1.9062299e-02
  -2.1960615e-02
  -2.2099098e-02
  -2.3350501e-02
  -2.6962080e-02
  -2.9388644e-02
  -2.7447676e-02
  -2.4123908e-02
  -2.1027626e-02
  -1.6447898e-02
  -1.0989790e-02
  -4.4134613e-03
   3.4860680e-03
   7.8106457e-03
   9.4505977e-03
   9.5652295e-03
   8.4656933e-03
   5.7735094e-03
   1.0722756e-03
  -3.2998012e-03
  -6.9990852e-03
  -1.0589309e-02
  -1.3376422e-02
  -1.5542347e-02
  -1.7622814e-02
  -1.9561927e-02
  -2.0929627e-02
  -2.0809453e-02
  -1.9453216e-02
  -1.7577888e-02
  -1.4626992e-02
  -1.1938145e-02
  -8.6588077e-03
  -3.9870236e-03
  -1.9680748e-03
  -2.3059701e-03
   1.3001447e-03
   6.2428412e-03
   1.1359700e-02
   1.6110498e-02
   1.7935672e-02
   1.9158201e-02
   1.9879293e-02
   1.8863523e-02
   1.7327070e-02
   1.5531372e-02
   1.3153465e-02
   9.7221881e-03
   5.2243508e-03
   1.2615566e-03
  -2.9522874e-03
  -7.4416418e-03
  -1.1155902e-02
  -1.4216008e-02
  -1.5301595e-02
  -1.3616456e-02
  -8.3387373e-03
   3.5451702e-03
   1.2822898e-02
   1.8511325e-02
   2.2563430e-02
   2.4201495e-02
   2.5213838e-02
   2.7487261e-02
   2.8958809e-02
   2.8561426e-02
   2.5965398e-02
   2.2420564e-03
  -7.2084153e-03
  -1.8141314e-02
  -2.6725007e-02
  -3.4488611e-02
  -4.2446796e-02
  -4.7455106e-02
  -5.0767116e-02
  -5.2058082e-02
  -5.0758041e-02
  -4.7152102e-02
  -4.0391240e-02
  -3.4477107e-02
  -2.9186564e-02
  -2.2337951e-02
  -1.5164811e-02
  -6.5875221e-03
   2.8848653e-03
   7.7438224e-03
   1.0026868e-02
   1.0428890e-02
   8.5806241e-03
   5.0419574e-03
  -4.2006705e-04
  -5.6667067e-03
  -9.8320693e-03
  -1.4364023e-02
  -1.7971402e-02
  -2.0225549e-02
  -2.3085983e-02
  -2.5026066e-02
  -2.6402351e-02
  -2.6550660e-02
  -2.4444040e-02
  -2.3881804e-02
  -2.2738941e-02
  -2.1908700e-02
  -1.6598949e-02
  -6.7328791e-03
  -3.7816558e-03
  -2.6319372e-03
   3.1513024e-05
   4.9437457e-03
   9.9376915e-03
   1.5513750e-02
   1.7428603e-02
   1.8623035e-02
   1.7249841e-02
   1.3989268e-02
   1.1015071e-02
   6.6884020e-03
   2.8953389e-03
  -1.6266652e-03
  -7.8232614e-03
  -1.2663068e-02
  -1.7420594e-02
  -2.1527374e-02
  -2.4014376e-02
  -2.5331436e-02
  -2.4122814e-02
  -2.1066686e-02
  -1.5842063e-02
  -7.8423917e-03
  -1.5133126e-03
   3.3651723e-03
   8.6352862e-03
   1.3424549e-02
   1.7522121e-02
   2.0869097e-02
   2.0888051e-02
   1.7799225e-02
   1.0670987e-02
  -1.0865983e-02
  -2.1449033e-02
  -3.3086166e-02
  -4.1728981e-02
  -4.9739793e-02
  -5.7967614e-02
  -6.2845059e-02
  -6.5135345e-02
  -6.3978225e-02
  -6.0084492e-02
  -5.4461643e-02
  -4.6407480e-02
  -3.9885871e-02
  -3.3495627e-02
  -2.4560677e-02
  -1.6192008e-02
  -6.5487735e-03
   3.2009073e-03
   8.2232188e-03
   1.0499598e-02
   9.9678086e-03
   7.4291555e-03
   2.6342836e-03
  -3.1930739e-03
  -8.7596746e-03
  -1.3715335e-02
  -1.9139102e-02
  -2.3420764e-02
  -2.5260178e-02
  -2.8727880e-02
  -3.0054137e-02
  -3.1068448e-02
  -3.0984908e-02
  -2.9487412e-02
  -3.0795312e-02
  -3.2487534e-02
  -3.3979016e-02
  -3.1049611e-02
  -0.0000000e+00
  -9.3396585e-03
  -8.1072226e-03
  -6.2757386e-03
  -1.0156729e-03
   4.6005333e-03
   9.9565117e-03
   1.2421304e-02
   1.3332197e-02
   1.1897806e-02
   8.3898809e-03
   5.0155097e-03
  -5.2756420e-04
  -5.6659542e-03
  -1.0970910e-02
  -1.8184977e-02
  -2.3271181e-02
  -2.8237317e-02
  -3.1692080e-02
  -3.3296704e-02
  -3.3854734e-02
  -3.2061040e-02
  -2.8754808e-02
  -2.3184750e-02
  -1.5723474e-02
  -9.2722848e-03
  -4.1722134e-03
   2.7165809e-04
   4.8938361e-03
   9.6727405e-03
   1.3759948e-02
   1.3256886e-02
   9.0474598e-03
  -4.9819914e-04
  -1.8817339e-02
  -3.0344602e-02
  -4.2346872e-02
  -5.0974861e-02
  -5.9476238e-02
  -6.7098796e-02
  -7.1195588e-02
  -7.1762115e-02
  -6.8357013e-02
  -6.2206887e-02
  -5.5348337e-02
  -4.7671042e-02
  -4.1307569e-02
  -3.2554746e-02
  -2.1162314e-02
  -1.2336265e-02
  -3.1338278e-03
   5.9476076e-03
   1.0209085e-02
   1.1389233e-02
   9.6193375e-03
   5.6734607e-03
   1.0741188e-04
  -6.8808217e-03
  -1.2053885e-02
  -1.7837847e-02
  -2.3612466e-02
  -2.8042044e-02
  -2.9672585e-02
  -3.3291627e-02
  -3.3802122e-02
  -3.4682862e-02
  -3.4106940e-02
  -3.3536702e-02
  -3.6023244e-02
  -3.8644560e-02
  -4.8624229e-02
   0.0000000e+00
  -5.4547007e-03
  -1.0477277e-02
  -1.2973405e-02
  -1.2014736e-02
  -5.9273671e-03
  -1.5343903e-04
   4.1453545e-03
   6.2724729e-03
   6.0803634e-03
   4.4715223e-03
   1.1752814e-03
  -2.1163535e-03
  -7.7628479e-03
  -1.3103057e-02
  -1.8961847e-02
  -2.6024926e-02
  -3.1324107e-02
  -3.5398819e-02
  -3.7996210e-02
  -3.8452335e-02
  -3.8648166e-02
  -3.7044555e-02
  -3.3825472e-02
  -2.8547332e-02
  -2.1128543e-02
  -1.4960286e-02
  -9.6908547e-03
  -5.1403898e-03
   3.3121923e-04
   6.2114345e-03
   1.1322938e-02
   1.0076506e-02
   4.7233477e-03
  -7.1953260e-03
  -2.2897213e-02
  -3.5228025e-02
  -4.7346428e-02
  -5.6082641e-02
  -6.4066112e-02
  -7.0507273e-02
  -7.2786635e-02
  -7.1141340e-02
  -6.5089010e-02
  -5.7292671e-02
  -5.0131619e-02
  -4.4113684e-02
  -4.0317523e-02
  -2.6612587e-02
  -1.2112911e-02
  -5.2338180e-03
   2.4940907e-03
   9.1869682e-03
   1.2064635e-02
   1.1579793e-02
   8.4933480e-03
   3.0738987e-03
  -2.7835914e-03
  -1.0465527e-02
  -1.5518997e-02
  -2.1368906e-02
  -2.7241798e-02
  -3.1128764e-02
  -3.3076096e-02
  -3.5479065e-02
  -3.6123812e-02
  -3.5811141e-02
  -3.5778381e-02
  -3.4292455e-02
  -3.7763119e-02
  -3.8881868e-02
  -5.2791097e-02
   0.0000000e+00
  -5.8940835e-03
  -1.1618240e-02
  -1.5088294e-02
  -1.4377357e-02
  -7.5327829e-03
  -3.3718536e-03
   5.5063772e-04
   8.8993030e-04
   3.7532102e-04
  -2.4927477e-03
  -5.4209123e-03
  -9.2378780e-03
  -1.4504895e-02
  -1.9883342e-02
  -2.5376430e-02
  -3.2007396e-02
  -3.6319933e-02
  -3.9121807e-02
  -3.9043568e-02
  -3.8076545e-02
  -3.7265450e-02
  -3.6745187e-02
  -3.4027371e-02
  -3.0031120e-02
  -2.2840640e-02
  -1.7563944e-02
  -1.2074704e-02
  -6.8575907e-03
   1.3524479e-04
   7.0286365e-03
   1.2517367e-02
   1.0077739e-02
   3.2935222e-03
  -1.0455395e-02
  -2.6131224e-02
  -3.8523171e-02
  -4.9761273e-02
  -5.7553724e-02
  -6.3957922e-02
  -6.8172105e-02
  -6.8276546e-02
  -6.4045638e-02
  -5.6202434e-02
  -4.7263751e-02
  -4.1488305e-02
  -3.4718268e-02
  -3.6684959e-02
  -2.3409508e-02
  -2.9742655e-03
   7.4307868e-04
   7.9803439e-03
   1.1050678e-02
   1.2643818e-02
   1.0663831e-02
   6.5702680e-03
   5.9566570e-04
  -5.4176277e-03
  -1.2705407e-02
  -1.8045529e-02
  -2.2979999e-02
  -2.9011875e-02
  -3.1645998e-02
  -3.4245588e-02
  -3.4624439e-02
  -3.5877589e-02
  -3.3938687e-02
  -3.4814876e-02
  -3.1738359e-02
  -3.5573881e-02
  -3.3986583e-02
  -4.7934404e-02
   0.0000000e+00
  -0.0000000e+00
  -1.4457645e-02
  -1.6132073e-02
  -1.3980000e-02
  -7.6395935e-03
  -4.2616152e-03
  -1.8127246e-03
  -2.3922496e-03
  -3.7919199e-03
  -7.1443249e-03
  -1.0276266e-02
  -1.4146565e-02
  -1.9450005e-02
  -2.4446458e-02
  -2.9450290e-02
  -3.4926616e-02
  -3.7828720e-02
  -3.7916787e-02
  -3.3641946e-02
  -3.0200068e-02
  -2.8671937e-02
  -2.9604144e-02
  -2.8791528e-02
  -2.6481220e-02
  -2.0628860e-02
  -1.5933959e-02
  -1.0512602e-02
  -4.5142313e-03
   2.9889882e-03
   9.8201120e-03
   1.3634274e-02
   9.4136389e-03
   1.1776574e-03
  -1.3412284e-02
  -2.8576432e-02
  -3.9415479e-02
  -4.7784932e-02
  -5.3322256e-02
  -5.7731505e-02
  -5.9534896e-02
  -5.7818193e-02
  -5.1951617e-02
  -4.3744329e-02
  -3.4766663e-02
  -2.9874289e-02
  -2.2663170e-02
  -2.3402248e-02
   0.0000000e+00
   4.5622573e-04
   3.3009041e-03
   1.0784388e-02
   1.2147630e-02
   1.1877853e-02
   9.1023538e-03
   4.6206545e-03
  -1.1270799e-03
  -6.5833428e-03
  -1.3498603e-02
  -1.8256502e-02
  -2.2797944e-02
  -2.7554771e-02
  -2.9683933e-02
  -3.1884082e-02
  -3.1703889e-02
  -3.2579605e-02
  -3.0332906e-02
  -3.1129282e-02
  -2.7459113e-02
  -3.0422179e-02
  -2.6230630e-02
  -3.6932256e-02
   0.0000000e+00
  -0.0000000e+00
  -1.4408946e-02
  -1.5962169e-02
  -1.1607367e-02
  -5.9603741e-03
  -2.9611923e-03
  -2.9127889e-03
  -4.0134592e-03
  -6.5555298e-03
  -9.9599846e-03
  -1.3559124e-02
  -1.7198842e-02
  -2.2510609e-02
  -2.6750557e-02
  -3.0957304e-02
  -3.4679450e-02
  -3.5075627e-02
  -3.0148596e-02
  -2.1051204e-02
  -1.6161919e-02
  -1.5781669e-02
  -1.9272298e-02
  -2.0956697e-02
  -1.9743107e-02
  -1.5494885e-02
  -1.1075621e-02
  -6.1818771e-03
   2.5215052e-04
   6.9765276e-03
   1.2247816e-02
   1.2723029e-02
   6.6904249e-03
  -2.3840109e-03
  -1.6593888e-02
  -2.8207477e-02
  -3.5364218e-02
  -3.9586090e-02
  -4.2834688e-02
  -4.5997865e-02
  -4.6314035e-02
  -4.3444179e-02
  -3.8344797e-02
  -3.0444494e-02
  -2.2110816e-02
  -1.6514445e-02
  -1.1655482e-02
  -7.1739951e-03
  -1.8985326e-03
  -0.0000000e+00
   3.4026794e-03
   9.6224211e-03
   1.0353605e-02
   8.8511966e-03
   6.4597102e-03
   2.3530321e-03
  -2.2530584e-03
  -6.5902895e-03
  -1.2683341e-02
  -1.6445030e-02
  -2.0814393e-02
  -2.3686035e-02
  -2.5918508e-02
  -2.7090007e-02
  -2.7530074e-02
  -2.7512332e-02
  -2.6209574e-02
  -2.5943538e-02
  -2.2602942e-02
  -2.3535993e-02
  -1.7227558e-02
  -2.4217298e-02
   0.0000000e+00
  -0.0000000e+00
  -1.2234273e-02
  -1.3982609e-02
  -7.6980055e-03
  -2.1750024e-03
  -5.0673075e-04
  -3.1137646e-03
  -5.4709250e-03
  -8.5818712e-03
  -1.2469595e-02
  -1.5841078e-02
  -1.9458855e-02
  -2.3742104e-02
  -2.7118275e-02
  -2.9698223e-02
  -3.0952342e-02
  -2.6603231e-02
  -1.6640700e-02
  -6.4915121e-03
  -3.6337436e-03
  -6.0384525e-03
  -1.3256283e-02
  -1.6403833e-02
  -1.5485549e-02
  -1.2244035e-02
  -8.2867816e-03
  -3.9446699e-03
   2.4221833e-03
   7.7560674e-03
   1.0881636e-02
   8.7375632e-03
   2.1212867e-03
  -6.3535064e-03
  -1.8557109e-02
  -2.3851028e-02
  -2.5603736e-02
  -2.6127897e-02
  -2.8649675e-02
  -3.2116789e-02
  -3.1902630e-02
  -2.8466273e-02
  -2.7296113e-02
  -2.0484629e-02
  -1.1193464e-02
  -4.6041608e-03
  -2.7353901e-03
   2.4729100e-04
  -4.1183974e-04
   0.0000000e+00
   1.7857652e-03
   5.2327751e-03
   4.1773855e-03
   3.6285000e-03
   2.6435237e-03
  -4.0991490e-05
  -2.7991035e-03
  -6.0996986e-03
  -1.0333420e-02
  -1.3589282e-02
  -1.6931260e-02
  -1.9101867e-02
  -2.1073950e-02
  -2.1924097e-02
  -2.2559587e-02
  -2.2423813e-02
  -2.1952830e-02
  -2.0611092e-02
  -1.7423507e-02
  -1.5998697e-02
  -7.4000969e-03
  -1.2179008e-02
   0.0000000e+00
   0.0000000e+00
  -1.1433582e-02
  -1.1758058e-02
  -3.7124769e-03
   1.9406368e-03
   1.2650724e-03
  -4.0721949e-03
  -7.8422893e-03
  -1.1069993e-02
  -1.4988664e-02
  -1.7637454e-02
  -2.0621967e-02
  -2.3347102e-02
  -2.5166858e-02
  -2.5908601e-02
  -2.3029594e-02
  -1.3393397e-02
  -1.7465213e-03
   2.6934929e-03
   1.2568795e-03
  -4.1019456e-03
  -1.4574800e-02
  -1.7731989e-02
  -1.6714782e-02
  -1.4270836e-02
  -1.1172264e-02
  -7.1901265e-03
  -1.2191923e-03
   2.9195254e-03
   4.5196251e-03
   2.0566687e-03
  -3.3069819e-03
  -9.5813172e-03
  -1.8078865e-02
  -1.3176813e-02
  -8.9452333e-03
  -8.0397085e-03
  -1.3223440e-02
  -1.8434189e-02
  -1.8191316e-02
  -1.3956452e-02
  -1.1128829e-02
   0.0000000e+00
   1.3559974e-03
   3.8955690e-03
   3.0625665e-03
   3.9732618e-03
   1.8646240e-03
   0.0000000e+00
  -1.3909232e-03
  -8.9456764e-04
  -1.4223735e-03
  -1.0963439e-03
  -3.4077977e-04
  -5.2986140e-04
  -1.9741056e-03
  -4.2114250e-03
  -6.9642177e-03
  -9.3279103e-03
  -1.1570741e-02
  -1.3692857e-02
  -1.5614617e-02
  -1.6829005e-02
  -1.7494224e-02
  -1.7777890e-02
  -1.7346170e-02
  -1.4942593e-02
  -1.1365596e-02
  -7.6557156e-03
   4.0869602e-03
   2.1548794e-04
   0.0000000e+00
   0.0000000e+00
   0.0000000e+00
  -9.7947014e-03
  -9.5799761e-04
   3.5461426e-03
  -6.6178662e-04
  -8.0899142e-03
  -1.2161849e-02
  -1.4823367e-02
  -1.7071852e-02
  -1.8439316e-02
  -1.9733405e-02
  -2.0417106e-02
  -2.0192169e-02
  -1.8050533e-02
  -9.4467577e-03
   1.3531158e-03
   6.3712434e-03
   2.4820331e-03
  -1.1573368e-03
  -7.7169844e-03
  -1.8806308e-02
  -2.0448005e-02
  -1.9349290e-02
  -1.8580122e-02
  -1.6600588e-02
  -1.2995169e-02
  -7.4898395e-03
  -3.8720024e-03
  -2.4127113e-03
  -3.2502492e-03
  -5.9935250e-03
  -9.2708591e-03
  -1.2665643e-02
   4.9396590e-03
   1.2369618e-02
   5.9469477e-03
  -2.7877362e-03
  -7.8533133e-03
  -6.1203428e-03
  -3.7375750e-03
  -1.1128829e-02
   0.0000000e+00
   0.0000000e+00
   9.3234649e-03
   4.6233814e-03
   3.8880957e-03
   4.8564295e-03
   1.0758719e-03
   9.1402213e-04
  -1.4309416e-03
  -2.9489675e-03
  -1.4366216e-03
   5.0333817e-04
   1.6684026e-03
   1.1176880e-03
  -3.5647102e-04
  -2.1335734e-03
  -3.5474566e-03
  -5.3984439e-03
  -8.1083449e-03
  -1.0281996e-02
  -1.2066920e-02
  -1.3559069e-02
  -1.3669995e-02
  -1.2556344e-02
  -9.4193872e-03
  -4.9132770e-03
   1.1147773e-03
   1.6994275e-02
   1.4874980e-02
   0.0000000e+00
   0.0000000e+00
   0.0000000e+00
  -0.0000000e+00
  -2.1219063e-03
  -1.7144659e-03
  -7.6858448e-03
  -1.4515926e-02
  -1.6759828e-02
  -1.7538195e-02
  -1.7211223e-02
  -1.6420115e-02
  -1.5627574e-02
  -1.4118324e-02
  -1.1402721e-02
  -5.9867576e-03
   5.6028301e-03
   1.0886442e-02
   6.3128890e-03
   1.4320608e-03
   1.0847712e-03
  -4.3302705e-03
  -1.3429711e-02
  -1.3404104e-02
  -1.4795156e-02
  -1.7991133e-02
  -1.7114382e-02
  -1.3828366e-02
  -8.5969269e-03
  -4.8054969e-03
  -2.4558767e-03
  -1.4589413e-03
  -1.6320730e-03
  -1.7764653e-03
  -1.1868746e-04
   2.0612266e-02
   2.8592056e-02
   7.2393837e-03
  -1.8234259e-03
  -6.8755889e-03
   1.4964841e-03
  -1.8490257e-03
   0.0000000e+00
   0.0000000e+00
   0.0000000e+00
   1.0345178e-02
   5.8809360e-03
   4.8436630e-03
   5.9467638e-03
   3.3151337e-03
   1.5053557e-03
  -1.0859544e-03
  -1.2914762e-03
   8.4550929e-04
   3.1886436e-03
   4.9373754e-03
   4.8170323e-03
   3.7640026e-03
   2.5325445e-03
   1.2734404e-03
  -8.4307068e-04
  -4.1162269e-03
  -6.7489236e-03
  -9.1730943e-03
  -1.1019576e-02
  -1.0811185e-02
  -9.1694789e-03
  -5.4781260e-03
  -1.9808690e-04
   8.0021108e-03
   2.7424470e-02
   2.7150685e-02
   0.0000000e+00
   0.0000000e+00
   0.0000000e+00
   0.0000000e+00
  -2.0569061e-03
  -3.2472722e-03
  -1.0245815e-02
  -1.6280862e-02
  -1.7389812e-02
  -1.6793147e-02
  -1.4898539e-02
  -1.3080534e-02
  -1.1056601e-02
  -7.7429446e-03
  -3.0877015e-03
   4.6596904e-03
   2.0628667e-02
   2.3616504e-02
   6.3074964e-03
   1.3350383e-03
   2.0563553e-03
  -1.9578533e-03
  -7.3148147e-03
  -7.8488039e-03
  -1.2126834e-02
  -1.7131327e-02
  -1.5660483e-02
  -1.1549024e-02
  -5.9380457e-03
  -1.8864772e-03
   1.1181635e-03
   3.4353645e-03
   5.0423210e-03
   7.2696074e-03
   1.2576938e-02
   3.4573816e-02
   4.1758291e-02
   0.0000000e+00
   0.0000000e+00
   0.0000000e+00
   6.1898131e-03
   0.0000000e+00
   0.0000000e+00
   0.0000000e+00
   0.0000000e+00
   1.1418027e-02
   7.3152571e-03
   6.5115257e-03
   7.3275398e-03
   5.1718568e-03
   2.5271685e-03
   5.5053690e-04
   1.5388620e-03
   3.9881575e-03
   6.5007554e-03
   8.6177308e-03
   8.7431744e-03
   7.9262247e-03
   6.9131888e-03
   5.5283015e-03
   3.0249017e-03
  -7.6140917e-04
  -3.9521665e-03
  -6.9403332e-03
  -8.9073190e-03
  -8.3735865e-03
  -6.3042878e-03
  -1.9762148e-03
   4.1840696e-03
   1.4499043e-02
   3.6294330e-02
   3.7212200e-02
   0.0000000e+00
   0.0000000e+00
   0.0000000e+00
   0.0000000e+00
  -0.0000000e+00
  -4.3947091e-03
  -1.2395131e-02
  -1.7105252e-02
  -1.6914662e-02
  -1.5026207e-02
  -1.2080818e-02
  -9.4847279e-03
  -6.3949148e-03
  -1.3825066e-03
   5.2267760e-03
   1.5880402e-02
   3.6948141e-02
   4.5432702e-02
   0.0000000e+00
   0.0000000e+00
   0.0000000e+00
   4.2047829e-04
  -1.3864727e-03
  -3.2862085e-03
  -1.0076120e-02
  -1.5441961e-02
  -1.2786713e-02
  -7.7768061e-03
  -1.8676532e-03
   2.4135509e-03
   5.9720459e-03
   9.4544142e-03
   1.2530327e-02
   1.6678985e-02
   2.4738353e-02
   4.6810664e-02
   5.2206336e-02
   0.0000000e+00
   0.0000000e+00
   0.0000000e+00
   0.0000000e+00
   0.0000000e+00
   0.0000000e+00
   0.0000000e+00
   0.0000000e+00
   1.3108571e-02
   8.9095452e-03
   8.7091682e-03
   9.1300116e-03
   6.4072290e-03
   3.9829685e-03
   3.2785626e-03
   5.0983862e-03
   7.6118495e-03
   1.0144448e-02
   1.2491460e-02
   1.2727103e-02
   1.1998832e-02
   1.0931756e-02
   9.2361468e-03
   6.3041914e-03
   2.0623314e-03
  -1.7460296e-03
  -5.2066815e-03
  -7.1162128e-03
  -6.2736100e-03
  -3.8672346e-03
   1.1764528e-03
   8.3101498e-03
   2.0647282e-02
   4.3711262e-02
   4.5166191e-02
   0.0000000e+00
   0.0000000e+00
   0.0000000e+00
   0.0000000e+00
  -0.0000000e+00
  -5.5081263e-03
  -1.4532325e-02
  -1.7470128e-02
  -1.5790771e-02
  -1.2672320e-02
  -9.0925431e-03
  -5.8635725e-03
  -1.8082727e-03
   4.7983816e-03
   1.3379544e-02
   2.7499139e-02
   5.4082940e-02
   6.2660232e-02
   0.0000000e+00
   0.0000000e+00
   0.0000000e+00
   3.6499027e-03
   4.1479118e-03
   3.7049221e-04
  -8.4773626e-03
  -1.3039018e-02
  -8.8354333e-03
  -2.9904476e-03
   3.0701326e-03
   7.5382250e-03
   1.1564066e-02
   1.6085835e-02
   2.0376842e-02
   2.6047877e-02
   3.6079879e-02
   6.0864516e-02
   6.3022554e-02
   0.0000000e+00
   0.0000000e+00
   0.0000000e+00
   0.0000000e+00
   0.0000000e+00
   0.0000000e+00
   0.0000000e+00
   0.0000000e+00
   1.6054283e-02
   1.3614722e-02
   1.3806580e-02
   1.3049339e-02
   1.0038569e-02
   8.5915467e-03
   8.8561168e-03
   1.1034925e-02
   1.3415743e-02
   1.5882071e-02
   1.7942302e-02
   1.8115021e-02
   1.7360773e-02
   1.5893385e-02
   1.3515685e-02
   9.8593598e-03
   4.5068739e-03
  -2.0111952e-04
  -4.0495340e-03
  -5.4965978e-03
  -3.9807213e-03
  -6.6348177e-04
   5.8506029e-03
   1.4564223e-02
   2.8770238e-02
   5.1464953e-02
   5.2793548e-02
   0.0000000e+00
   0.0000000e+00
   0.0000000e+00
   0.0000000e+00
   0.0000000e+00
  -1.1850228e-02
  -1.8505225e-02
  -1.8878326e-02
  -1.4172492e-02
  -9.5960423e-03
  -5.0670845e-03
  -7.6340593e-04
   4.6822657e-03
   1.4003627e-02
   2.6730392e-02
   4.7129788e-02
   6.7707360e-02
   6.4101838e-02
   0.0000000e+00
   0.0000000e+00
   0.0000000e+00
   8.0358715e-03
   1.1498557e-02
   2.9067558e-03
  -9.7318050e-03
  -8.7061794e-03
  -1.7853209e-03
   4.4056582e-03
   1.0469863e-02
   1.5546717e-02
   2.0412425e-02
   2.6398618e-02
   3.2062747e-02
   3.9105058e-02
   5.0255649e-02
   6.6752433e-02
   6.5859295e-02
   0.0000000e+00
   0.0000000e+00
   0.0000000e+00
   0.0000000e+00
   0.0000000e+00
   0.0000000e+00
   0.0000000e+00
   0.0000000e+00
   1.9518074e-02
   1.7208971e-02
   1.6927667e-02
   1.5504111e-02
   1.2714566e-02
   1.1652329e-02
   1.2187187e-02
   1.4314994e-02
   1.6677115e-02
   1.9043284e-02
   2.0812355e-02
   2.0885728e-02
   1.9944925e-02
   1.7843721e-02
   1.4760583e-02
   1.0464924e-02
   4.3372284e-03
  -7.8686672e-04
  -4.4190725e-03
  -5.1610288e-03
  -2.8464032e-03
   1.3322418e-03
   8.9196386e-03
   1.8539613e-02
   3.2918368e-02
   5.1234186e-02
   3.6456368e-02
   1.6324108e-02
   0.0000000e+00
   0.0000000e+00
   0.0000000e+00
   0.0000000e+00
  -0.0000000e+00
  -2.1305349e-02
  -2.0011403e-02
  -1.3461087e-02
  -8.1451666e-03
  -2.8670465e-03
   2.2364373e-03
   8.7870006e-03
   2.0263474e-02
   3.6001324e-02
   6.0845360e-02
   8.0925423e-02
   6.4101838e-02
   0.0000000e+00
   0.0000000e+00
   0.0000000e+00
   8.0358714e-03
   1.4596463e-02
   2.9067559e-03
  -1.1822624e-02
  -6.5292837e-03
   1.4951177e-03
   7.7295848e-03
   1.4235754e-02
   1.9840251e-02
   2.5311951e-02
   3.2132655e-02
   3.8465458e-02
   4.5956332e-02
   5.7093225e-02
   7.1277156e-02
   6.6911571e-02
   0.0000000e+00
   0.0000000e+00
   0.0000000e+00
   0.0000000e+00
   0.0000000e+00
   0.0000000e+00
   0.0000000e+00
   0.0000000e+00
   2.2786781e-02
   2.0512642e-02
   1.9686613e-02
   1.7746886e-02
   1.5171449e-02
   1.4429843e-02
   1.5188223e-02
   1.7324260e-02
   1.9686542e-02
   2.1910859e-02
   2.3341818e-02
   2.3170881e-02
   2.1876460e-02
   1.9025963e-02
   1.5192223e-02
   1.0253509e-02
   3.4869371e-03
  -1.7726498e-03
  -4.9574403e-03
  -4.8353337e-03
  -1.6666268e-03
   3.3653646e-03
   1.1940506e-02
   2.2234574e-02
   3.6340225e-02
   5.0758302e-02
   3.2342486e-02
   1.8110860e-02
   0.0000000e+00
   0.0000000e+00
   0.0000000e+00
   0.0000000e+00
  -0.0000000e+00
  -2.3754755e-02
  -2.1025414e-02
  -1.2613034e-02
  -6.6234898e-03
  -5.6422828e-04
   5.3922688e-03
   1.3085341e-02
   2.6646985e-02
   4.5051374e-02
   7.3122092e-02
   9.2881620e-02
   0.0000000e+00
   0.0000000e+00
   0.0000000e+00
   0.0000000e+00
   0.0000000e+00
   1.6993976e-02
   0.0000000e+00
  -1.3141637e-02
  -4.7201584e-03
   4.4608517e-03
   1.0764512e-02
   1.7766334e-02
   2.3871852e-02
   2.9940981e-02
   3.7576482e-02
   4.4523593e-02
   5.2335400e-02
   6.3110791e-02
   7.4801263e-02
   6.4473926e-02
   0.0000000e+00
   0.0000000e+00
   0.0000000e+00
   0.0000000e+00
   0.0000000e+00
   0.0000000e+00
   0.0000000e+00
   0.0000000e+00
   2.7085540e-02
   2.4650040e-02
   2.2876611e-02
   2.0522963e-02
   1.8241669e-02
   1.7821800e-02
   1.8799952e-02
   2.1079383e-02
   2.3483741e-02
   2.5410187e-02
   2.6247471e-02
   2.5401096e-02
   2.3223964e-02
   1.9032459e-02
   1.4011893e-02
   8.1340376e-03
   7.4524366e-04
  -4.0876178e-03
  -6.1115269e-03
  -4.3857785e-03
   1.4211866e-04
   6.3915246e-03
   1.6206595e-02
   2.6960927e-02
   3.9681607e-02
   4.9525345e-02
   3.5387381e-02
   2.4663374e-02
   0.0000000e+00
   0.0000000e+00
   0.0000000e+00
   0.0000000e+00
   0.0000000e+00
  -2.7444462e-02
  -2.2229005e-02
  -1.1082077e-02
  -4.2635604e-03
   2.9974621e-03
   1.0306887e-02
   1.9737351e-02
   3.6162244e-02
   5.7661905e-02
   8.7700125e-02
   9.7608537e-02
   0.0000000e+00
   0.0000000e+00
   0.0000000e+00
   0.0000000e+00
   0.0000000e+00
   1.6617840e-02
   0.0000000e+00
  -1.1790893e-02
  -2.9176084e-03
   8.0554967e-03
   1.4516384e-02
   2.2354891e-02
   2.9126567e-02
   3.6041551e-02
   4.4812797e-02
   5.2528471e-02
   6.0521593e-02
   7.0001674e-02
   7.4030541e-02
   5.8103028e-02
   0.0000000e+00
   0.0000000e+00
   0.0000000e+00
   0.0000000e+00
   0.0000000e+00
   0.0000000e+00
   0.0000000e+00
   0.0000000e+00
   3.1614232e-02
   2.7703555e-02
   2.5162224e-02
   2.2633576e-02
   2.0490033e-02
   2.0266265e-02
   2.1372580e-02
   2.3771993e-02
   2.5974620e-02
   2.7458679e-02
   2.7339041e-02
   2.5293194e-02
   2.1770192e-02
   1.5950921e-02
   9.9085514e-03
   3.5817441e-03
  -3.1130479e-03
  -6.3612787e-03
  -6.5547679e-03
  -2.7602824e-03
   3.0069982e-03
   1.0191587e-02
   2.0841801e-02
   3.1915888e-02
   4.4151212e-02
   5.0519663e-02
   3.3802204e-02
   2.3935714e-02
   0.0000000e+00
   0.0000000e+00
   0.0000000e+00
   0.0000000e+00
   0.0000000e+00
  -2.7444462e-02
  -1.9094370e-02
  -7.6439520e-03
   5.1451675e-05
   8.6946018e-03
   1.7334985e-02
   2.8081542e-02
   4.5885536e-02
   6.6991672e-02
   9.0452237e-02
   8.7791688e-02
   0.0000000e+00
   0.0000000e+00
   0.0000000e+00
   0.0000000e+00
   0.0000000e+00
   1.1716531e-02
   0.0000000e+00
  -1.1790892e-02
   1.9635401e-03
   1.2139386e-02
   1.9140196e-02
   2.7884513e-02
   3.5531413e-02
   4.3428234e-02
   5.3249567e-02
   6.1235555e-02
   6.8331164e-02
   7.4468826e-02
   7.1448362e-02
   5.3074741e-02
   1.7286365e-02
   8.9228298e-03
   0.0000000e+00
   0.0000000e+00
   0.0000000e+00
   0.0000000e+00
   0.0000000e+00
   0.0000000e+00
   3.4213349e-02
   2.9076526e-02
   2.6088799e-02
   2.3372657e-02
   2.1262371e-02
   2.1151210e-02
   2.2286437e-02
   2.4631108e-02
   2.6571077e-02
   2.7603575e-02
   2.6632472e-02
   2.3730236e-02
   1.9341800e-02
   1.2665075e-02
   6.3435716e-03
   2.3930077e-04
  -5.3415339e-03
  -7.1935934e-03
  -6.0040506e-03
  -8.6827583e-04
   5.5800302e-03
   1.3233716e-02
   2.4252779e-02
   3.5385414e-02
   4.7416838e-02
   5.0009915e-02
   3.3237713e-02
   2.3726397e-02
   0.0000000e+00
   0.0000000e+00
   0.0000000e+00
   0.0000000e+00
   0.0000000e+00
   0.0000000e+00
  -1.6255181e-02
  -4.2119370e-03
   3.9253617e-03
   1.3404730e-02
   2.2650608e-02
   3.3789381e-02
   5.1389845e-02
   7.0613704e-02
   8.8485119e-02
   7.8259094e-02
   0.0000000e+00
   0.0000000e+00
   0.0000000e+00
   0.0000000e+00
   0.0000000e+00
   9.5803352e-03
   4.7917691e-03
   0.0000000e+00
   5.6537374e-03
   1.5680755e-02
   2.2786939e-02
   3.1988196e-02
   4.0158330e-02
   4.8747280e-02
   5.9163440e-02
   6.6914193e-02
   7.2757094e-02
   7.5771606e-02
   6.6260744e-02
   4.6051645e-02
   1.7286369e-02
   8.9228302e-03
   0.0000000e+00
   0.0000000e+00
   0.0000000e+00
   0.0000000e+00
   0.0000000e+00
   3.5164140e-02
   3.6350196e-02
   3.0163531e-02
   2.6680205e-02
   2.3662654e-02
   2.1538356e-02
   2.1550709e-02
   2.2668442e-02
   2.4816958e-02
   2.6307212e-02
   2.6626994e-02
   2.4389570e-02
   2.0363533e-02
   1.4923968e-02
   7.3918652e-03
   1.1028715e-03
  -4.2285085e-03
  -7.7999334e-03
  -7.5854000e-03
  -4.5135289e-03
   2.2621798e-03
   9.4236593e-03
   1.7517071e-02
   2.8818789e-02
   3.9877955e-02
   5.1768099e-02
   4.8261059e-02
   3.2760790e-02
   0.0000000e+00
   0.0000000e+00
   0.0000000e+00
   0.0000000e+00
   0.0000000e+00
   0.0000000e+00
   0.0000000e+00
  -1.1997160e-02
   1.1570824e-03
   9.7111832e-03
   2.0154553e-02
   2.9889721e-02
   4.1058461e-02
   5.7339785e-02
   7.2675714e-02
   8.2422167e-02
   6.3515319e-02
   0.0000000e+00
   0.0000000e+00
   0.0000000e+00
   0.0000000e+00
   0.0000000e+00
   0.0000000e+00
   4.7917694e-03
   0.0000000e+00
   1.0677911e-02
   2.0881862e-02
   2.7878299e-02
   3.7511129e-02
   4.6277876e-02
   5.5767244e-02
   6.6826809e-02
   7.3889666e-02
   7.7546913e-02
   7.5810690e-02
   5.6024507e-02
   3.7324943e-02
   1.4368219e-02
   6.0359083e-03
   0.0000000e+00
   0.0000000e+00
   0.0000000e+00
   0.0000000e+00
   0.0000000e+00
   3.5827228e-02
   3.4333561e-02
   2.7620777e-02
   2.3195871e-02
   1.9718595e-02
   1.7716749e-02
   1.7886694e-02
   1.9030454e-02
   2.0788953e-02
   2.1602591e-02
   2.0990498e-02
   1.7527990e-02
   1.2809911e-02
   7.2403904e-03
   3.4271582e-04
  -4.5193475e-03
  -7.5826249e-03
  -7.8016119e-03
  -4.9963057e-03
   3.2033306e-05
   8.1070112e-03
   1.5728338e-02
   2.3994545e-02
   3.5006143e-02
   4.5750143e-02
   5.8878209e-02
   5.9763701e-02
   3.2760789e-02
   0.0000000e+00
   0.0000000e+00
   0.0000000e+00
   0.0000000e+00
   0.0000000e+00
   0.0000000e+00
   0.0000000e+00
  -2.7666888e-03
   8.8526400e-03
   1.7785806e-02
   2.8259635e-02
   3.7400975e-02
   4.7272898e-02
   5.9976585e-02
   6.9735817e-02
   7.1806915e-02
   4.9847508e-02
   0.0000000e+00
   0.0000000e+00
   0.0000000e+00
   0.0000000e+00
   0.0000000e+00
   0.0000000e+00
   4.1516758e-03
   0.0000000e+00
   2.0836722e-02
   2.6395422e-02
   3.2977697e-02
   4.2924665e-02
   5.2398813e-02
   6.2256582e-02
   7.2391070e-02
   7.7099299e-02
   7.6852337e-02
   6.9109961e-02
   4.8268571e-02
   3.1455133e-02
   1.1815699e-02
   2.7177975e-03
  -2.1411474e-03
   0.0000000e+00
   0.0000000e+00
   0.0000000e+00
   0.0000000e+00
   3.3725234e-02
   3.0533532e-02
   2.3796234e-02
   1.8967268e-02
   1.5375206e-02
   1.3580819e-02
   1.3979930e-02
   1.5262730e-02
   1.6853131e-02
   1.7322836e-02
   1.6321193e-02
   1.2556214e-02
   7.9390905e-03
   2.7794400e-03
  -3.1358984e-03
  -6.7464765e-03
  -8.2746921e-03
  -6.6347248e-03
  -2.5707082e-03
   3.2991366e-03
   1.1863042e-02
   1.9616065e-02
   2.7870893e-02
   3.8715649e-02
   4.9124188e-02
   6.0569432e-02
   5.7238718e-02
   0.0000000e+00
   0.0000000e+00
   0.0000000e+00
   0.0000000e+00
   0.0000000e+00
   0.0000000e+00
   0.0000000e+00
   0.0000000e+00
   2.2692420e-03
   1.3287368e-02
   2.2471439e-02
   3.2524150e-02
   4.1009809e-02
   4.9820621e-02
   6.0193826e-02
   6.6955384e-02
   6.5701589e-02
   4.3486635e-02
   0.0000000e+00
   0.0000000e+00
   0.0000000e+00
   0.0000000e+00
   0.0000000e+00
   0.0000000e+00
   1.7264746e-03
   0.0000000e+00
   2.5326643e-02
   2.8992936e-02
   3.5261240e-02
   4.5049898e-02
   5.4360028e-02
   6.3628837e-02
   7.2383672e-02
   7.5248335e-02
   7.2515093e-02
   6.1905898e-02
   3.6249836e-02
   2.2804704e-02
   7.6553552e-03
  -1.9238796e-04
  -2.1411474e-03
   0.0000000e+00
   0.0000000e+00
   0.0000000e+00
   3.1673764e-02
   2.9055697e-02
   2.3281420e-02
   1.6730670e-02
   1.1461217e-02
   7.8314476e-03
   6.4273635e-03
   7.2474591e-03
   8.8173327e-03
   1.0223708e-02
   1.0261706e-02
   8.8463677e-03
   4.9882252e-03
   9.0281170e-04
  -3.3166249e-03
  -7.4086726e-03
  -8.9777195e-03
  -8.2372883e-03
  -4.1254471e-03
   1.4664123e-03
   8.2556400e-03
   1.7279817e-02
   2.5106856e-02
   3.3258648e-02
   4.3876665e-02
   5.3707330e-02
   6.0972047e-02
   4.4836685e-02
   0.0000000e+00
   0.0000000e+00
   0.0000000e+00
   0.0000000e+00
   0.0000000e+00
   0.0000000e+00
   0.0000000e+00
   0.0000000e+00
   8.8979720e-03
   1.9321610e-02
   2.8872702e-02
   3.8006281e-02
   4.5352387e-02
   5.2471771e-02
   5.9461842e-02
   6.2314979e-02
   5.7403635e-02
   3.6027365e-02
   0.0000000e+00
   0.0000000e+00
   0.0000000e+00
   0.0000000e+00
   0.0000000e+00
  -0.0000000e+00
  -3.1960385e-03
   0.0000000e+00
   3.0359462e-02
   3.2069822e-02
   3.7851488e-02
   4.7156991e-02
   5.5792824e-02
   6.3628033e-02
   6.9837635e-02
   6.9809733e-02
   6.3506961e-02
   4.9465908e-02
   2.2015234e-02
   1.4021202e-02
   4.9018636e-03
   1.6307996e-03
   5.4101106e-03
   1.3069493e-02
   0.0000000e+00
   2.6967197e-02
   2.2929764e-02
   1.6435126e-02
   1.1275058e-02
   5.8739744e-03
   1.2578050e-03
  -1.7299070e-03
  -2.7528282e-03
  -2.0675671e-03
  -8.4960612e-04
   2.4029482e-04
   1.4293782e-04
  -1.1780399e-03
  -4.0201610e-03
  -6.5190503e-03
  -8.6280424e-03
  -9.7210761e-03
  -8.6902631e-03
  -5.5644792e-03
   6.2254909e-04
   7.0646177e-03
   1.4065001e-02
   2.2805985e-02
   3.0140720e-02
   3.7624814e-02
   4.7004867e-02
   5.4149829e-02
   5.3110950e-02
   3.5677622e-02
   0.0000000e+00
   0.0000000e+00
   0.0000000e+00
   0.0000000e+00
   0.0000000e+00
   0.0000000e+00
   0.0000000e+00
   0.0000000e+00
   1.6874619e-02
   2.6452258e-02
   3.4513466e-02
   4.2173795e-02
   4.7723077e-02
   5.2610733e-02
   5.6358267e-02
   5.6028672e-02
   4.8450038e-02
   2.8364489e-02
   0.0000000e+00
   0.0000000e+00
   0.0000000e+00
   0.0000000e+00
   0.0000000e+00
  -0.0000000e+00
   2.2416783e-03
   1.9516079e-02
   3.5562273e-02
   3.3956077e-02
   3.8907766e-02
   4.6273667e-02
   5.2653752e-02
   5.7501867e-02
   5.9644286e-02
   5.5968277e-02
   4.6243992e-02
   3.1304076e-02
   1.4901882e-02
   9.9134973e-03
   3.8325461e-03
   2.6594189e-03
   6.8640215e-03
   1.4668764e-02
   2.1729748e-02
   2.6642971e-02
   2.2355060e-02
   1.1009457e-02
   4.9254585e-03
   3.1238424e-05
  -4.1361134e-03
  -6.7977886e-03
  -7.7452264e-03
  -7.2483257e-03
  -6.3030412e-03
  -5.4584004e-03
  -5.6073535e-03
  -6.7328009e-03
  -8.8058129e-03
  -1.0318492e-02
  -1.1223909e-02
  -1.0698399e-02
  -8.3087888e-03
  -3.9864851e-03
   3.1605800e-03
   9.9299466e-03
   1.6919247e-02
   2.5349958e-02
   3.2256093e-02
   3.9133894e-02
   4.7322585e-02
   5.2701481e-02
   4.9380507e-02
   3.3269674e-02
   0.0000000e+00
   0.0000000e+00
   0.0000000e+00
   0.0000000e+00
   0.0000000e+00
   0.0000000e+00
   0.0000000e+00
   0.0000000e+00
   0.0000000e+00
   2.9873285e-02
   3.6750635e-02
   4.3640046e-02
   4.8234105e-02
   5.1994640e-02
   5.4233532e-02
   5.2357141e-02
   4.3365418e-02
   2.4447704e-02
   0.0000000e+00
   0.0000000e+00
   0.0000000e+00
   0.0000000e+00
   0.0000000e+00
   0.0000000e+00
   5.1318477e-03
   2.1403621e-02
   3.6402351e-02
   3.4192692e-02
   3.8621588e-02
   4.4666088e-02
   4.9645867e-02
   5.2851084e-02
   5.2863448e-02
   4.7369733e-02
   3.6133202e-02
   2.1662315e-02
   4.8603912e-03
   4.5562106e-03
   2.8036334e-03
   4.2956463e-03
   9.7164797e-03
   1.8241651e-02
   2.1729750e-02
   2.3745566e-02
   0.0000000e+00
  -1.5470716e-03
  -4.5859872e-03
  -8.8707217e-03
  -1.2212757e-02
  -1.4406058e-02
  -1.5427146e-02
  -1.5385735e-02
  -1.4977096e-02
  -1.4615189e-02
  -1.4811835e-02
  -1.5428734e-02
  -1.6006428e-02
  -1.5823876e-02
  -1.4796873e-02
  -1.1798711e-02
  -7.3975886e-03
  -1.3791613e-03
   7.0024910e-03
   1.4080981e-02
   2.0871910e-02
   2.8600166e-02
   3.4615162e-02
   4.0209842e-02
   4.5819220e-02
   4.8040694e-02
   4.4424657e-02
   0.0000000e+00
   0.0000000e+00
   0.0000000e+00
   0.0000000e+00
   0.0000000e+00
   0.0000000e+00
   0.0000000e+00
   0.0000000e+00
   0.0000000e+00
   0.0000000e+00
   3.4479527e-02
   3.8997206e-02
   4.4743967e-02
   4.7899812e-02
   5.0050650e-02
   5.0334961e-02
   4.6343536e-02
   3.5231346e-02
   1.8781535e-02
   0.0000000e+00
   0.0000000e+00
   0.0000000e+00
   0.0000000e+00
   0.0000000e+00
   0.0000000e+00
   1.1611769e-02
   2.7026165e-02
   3.4830284e-02
   3.3420356e-02
   3.6941932e-02
   4.0569260e-02
   4.3144404e-02
   4.3795083e-02
   4.0647660e-02
   3.2596340e-02
   1.9534664e-02
   7.1648075e-03
   4.8603912e-03
   2.3770822e-03
   1.5056697e-03
   2.5379609e-03
   5.3506908e-03
   1.3156328e-02
   1.8292957e-02
   2.3745565e-02
   0.0000000e+00
  -0.0000000e+00
  -1.0644553e-02
  -1.5674917e-02
  -1.8882457e-02
  -2.0926107e-02
  -2.2000711e-02
  -2.2182588e-02
  -2.2076018e-02
  -2.1940358e-02
  -2.1871431e-02
  -2.1711459e-02
  -2.0938264e-02
  -1.9499132e-02
  -1.7161697e-02
  -1.2837115e-02
  -7.6973345e-03
  -1.2960630e-03
   7.1418779e-03
   1.4054496e-02
   2.0594541e-02
   2.7812567e-02
   3.3084195e-02
   3.7601553e-02
   4.1151036e-02
   4.1477967e-02
   3.5238966e-02
   0.0000000e+00
   0.0000000e+00
   0.0000000e+00
   0.0000000e+00
   0.0000000e+00
   0.0000000e+00
   0.0000000e+00
   0.0000000e+00
   0.0000000e+00
   0.0000000e+00
   3.6067843e-02
   3.7592344e-02
   4.2580251e-02
   4.5052301e-02
   4.6310678e-02
   4.5012910e-02
   3.8911134e-02
   2.7075617e-02
   1.4663411e-02
   0.0000000e+00
   0.0000000e+00
   0.0000000e+00
   0.0000000e+00
   0.0000000e+00
   0.0000000e+00
   1.3939264e-02
   2.3159318e-02
   2.8410278e-02
   2.9235248e-02
   3.2174204e-02
   3.4279402e-02
   3.5433911e-02
   3.4661345e-02
   2.9852442e-02
   2.0986535e-02
   8.1810448e-03
   1.1369303e-03
   0.0000000e+00
   1.1255901e-03
   9.4659599e-04
   1.7808705e-03
   3.0909259e-03
   9.8507237e-03
   1.3907929e-02
   0.0000000e+00
  -0.0000000e+00
  -1.0794981e-02
  -1.3522570e-02
  -1.8920032e-02
  -2.1977596e-02
  -2.3955416e-02
  -2.5123393e-02
  -2.5474442e-02
  -2.5553217e-02
  -2.5525875e-02
  -2.5297252e-02
  -2.4705911e-02
  -2.3192078e-02
  -2.1076359e-02
  -1.8057760e-02
  -1.3088778e-02
  -7.6573896e-03
  -1.1918719e-03
   7.1165278e-03
   1.3833059e-02
   2.0138880e-02
   2.6952254e-02
   3.1723827e-02
   3.5578806e-02
   3.8018536e-02
   3.7315875e-02
   3.0000404e-02
   0.0000000e+00
   0.0000000e+00
   0.0000000e+00
   0.0000000e+00
   0.0000000e+00
   0.0000000e+00
   0.0000000e+00
   0.0000000e+00
   0.0000000e+00
   0.0000000e+00
   3.6175519e-02
   3.5975669e-02
   4.0519398e-02
   4.2647105e-02
   4.3438975e-02
   4.1252326e-02
   3.4124881e-02
   2.2320099e-02
   1.2889607e-02
   0.0000000e+00
   0.0000000e+00
   0.0000000e+00
   0.0000000e+00
   0.0000000e+00
   0.0000000e+00
   1.5491120e-02
   1.9573815e-02
   2.3706362e-02
   2.6030637e-02
   2.8789558e-02
   3.0241156e-02
   3.0705912e-02
   2.9245408e-02
   2.3752768e-02
   1.4725368e-02
   2.3729641e-03
  -2.3249315e-03
   0.0000000e+00
   0.0000000e+00
   0.0000000e+00
   0.0000000e+00
  -7.8413282e-05
   2.8616805e-03
   4.9813170e-03
   0.0000000e+00
  -0.0000000e+00
  -7.4683729e-03
  -1.5204685e-02
  -2.0889983e-02
  -2.3370703e-02
  -2.5339933e-02
  -2.6948632e-02
  -2.7757137e-02
  -2.8182073e-02
  -2.8222845e-02
  -2.7710262e-02
  -2.6512612e-02
  -2.4003775e-02
  -2.1039876e-02
  -1.7289774e-02
  -1.1862863e-02
  -6.5979010e-03
  -7.6321513e-04
   6.5813923e-03
   1.2516785e-02
   1.8031926e-02
   2.3686647e-02
   2.7330990e-02
   2.9942959e-02
   3.0988315e-02
   2.8947281e-02
   2.1965965e-02
   0.0000000e+00
   0.0000000e+00
   0.0000000e+00
   0.0000000e+00
   0.0000000e+00
   0.0000000e+00
   0.0000000e+00
   0.0000000e+00
   0.0000000e+00
   0.0000000e+00
   3.2562761e-02
   2.9636132e-02
   3.3444639e-02
   3.5260177e-02
   3.5537507e-02
   3.2050898e-02
   2.4192217e-02
   1.4532687e-02
   0.0000000e+00
   0.0000000e+00
   0.0000000e+00
   0.0000000e+00
   0.0000000e+00
   0.0000000e+00
   0.0000000e+00
   1.8933825e-02
   7.5414252e-03
   1.1556858e-02
   1.7244465e-02
   2.0447817e-02
   2.1912134e-02
   2.1889031e-02
   1.9959156e-02
   1.4666515e-02
   6.8259341e-03
  -3.3784861e-03
   0.0000000e+00
   0.0000000e+00
   0.0000000e+00
   0.0000000e+00
   0.0000000e+00
  -3.5142265e-03
  -1.9093310e-03
  -1.7809069e-03
   0.0000000e+00
   1.4418975e-03
  -4.2851605e-03
  -1.0945886e-02
  -1.5161638e-02
  -1.7450597e-02
  -1.9345364e-02
  -2.1159785e-02
  -2.2302521e-02
  -2.3126990e-02
  -2.3586174e-02
  -2.3370788e-02
  -2.2434985e-02
  -2.0223841e-02
  -1.7504185e-02
  -1.4014744e-02
  -8.9746621e-03
  -4.2724214e-03
   7.1698060e-04
   6.8750139e-03
   1.1885017e-02
   1.6622772e-02
   2.1682585e-02
   2.5134616e-02
   2.7625553e-02
   2.8045412e-02
   2.4991062e-02
   1.9256746e-02
   0.0000000e+00
   0.0000000e+00
   0.0000000e+00
   0.0000000e+00
   0.0000000e+00
   0.0000000e+00
   0.0000000e+00
   0.0000000e+00
   7.4335741e-03
   2.4956871e-02
   2.7205536e-02
   2.6434619e-02
   3.0316737e-02
   3.2053813e-02
   3.1774029e-02
   2.7618218e-02
   2.0107087e-02
   1.1226689e-02
   0.0000000e+00
   0.0000000e+00
   0.0000000e+00
   0.0000000e+00
   0.0000000e+00
   0.0000000e+00
   0.0000000e+00
   1.5315854e-02
   3.6417674e-03
   6.5778680e-03
   1.2812147e-02
   1.5867054e-02
   1.7158706e-02
   1.6857771e-02
   1.4969963e-02
   1.0916847e-02
   4.8153484e-03
  -3.9270790e-03
   0.0000000e+00
   0.0000000e+00
   0.0000000e+00
   0.0000000e+00
   0.0000000e+00
  -6.1030071e-03
  -5.5041425e-03
  -6.8760365e-03
   0.0000000e+00
   2.8410596e-03
  -1.8867070e-03
  -7.7370116e-03
  -1.0845505e-02
  -1.2989976e-02
  -1.4828640e-02
  -1.6798064e-02
  -1.8192634e-02
  -1.9318139e-02
  -2.0092586e-02
  -2.0101124e-02
  -1.9362619e-02
  -1.7375778e-02
  -1.4840149e-02
  -1.1547110e-02
  -6.7984904e-03
  -2.5202434e-03
   1.8322631e-03
   7.0962491e-03
   1.1409000e-02
   1.5561020e-02
   2.0172589e-02
   2.3479719e-02
   2.5879461e-02
   2.5828026e-02
   2.2010170e-02
   1.7215434e-02
   0.0000000e+00
   0.0000000e+00
   0.0000000e+00
   0.0000000e+00
   0.0000000e+00
   0.0000000e+00
   0.0000000e+00
   0.0000000e+00
   7.4335740e-03
   2.2726659e-02
   2.3169033e-02
   2.4022380e-02
   2.7959954e-02
   2.9637910e-02
   2.8938361e-02
   2.4278328e-02
   1.7029064e-02
   8.7357219e-03
   0.0000000e+00
   0.0000000e+00
   0.0000000e+00
   0.0000000e+00
   0.0000000e+00
   0.0000000e+00
   0.0000000e+00
   9.8637920e-03
   7.0349418e-04
   2.8263521e-03
   9.4725303e-03
   1.2415592e-02
   1.3577145e-02
   1.3066867e-02
   1.1210761e-02
   8.0915876e-03
   3.3004340e-03
  -4.3404270e-03
   0.0000000e+00
  -0.0000000e+00
  -8.6824233e-03
   0.0000000e+00
  -0.0000000e+00
  -3.9161267e-03
  -6.4913854e-03
  -3.3984294e-03
   4.7416892e-03
   7.6743653e-03
   3.0489606e-03
   1.7570918e-04
  -2.5881452e-03
  -4.7028014e-03
  -6.6074594e-03
  -8.6757448e-03
  -1.0063976e-02
  -1.1122111e-02
  -1.1884945e-02
  -1.2028081e-02
  -1.1646821e-02
  -1.0271092e-02
  -8.2850568e-03
  -5.4793046e-03
  -9.9569990e-04
   3.3069190e-03
   7.7623171e-03
   1.3086298e-02
   1.7358020e-02
   2.1263588e-02
   2.5153840e-02
   2.7342565e-02
   2.7743217e-02
   2.3979887e-02
   1.8036697e-02
   1.1224832e-02
   0.0000000e+00
   0.0000000e+00
   0.0000000e+00
   0.0000000e+00
   0.0000000e+00
   0.0000000e+00
  -0.0000000e+00
  -7.6045999e-03
   5.7441723e-03
   1.5332395e-02
   1.7731436e-02
   2.1160316e-02
   2.4714556e-02
   2.5223842e-02
   2.3547553e-02
   1.9153979e-02
   1.3121119e-02
   6.6867610e-03
   0.0000000e+00
   0.0000000e+00
   0.0000000e+00
   0.0000000e+00
   0.0000000e+00
   0.0000000e+00
   0.0000000e+00
   0.0000000e+00
  -5.5019812e-03
  -3.2928472e-03
   3.2043036e-03
   4.6854443e-03
   4.6355776e-03
   3.9343527e-03
   3.2501649e-03
   3.4449263e-03
   2.1311869e-03
  -2.5136105e-03
   0.0000000e+00
  -0.0000000e+00
  -1.0906939e-02
   0.0000000e+00
  -0.0000000e+00
  -3.4060671e-03
  -5.5030673e-03
  -1.7757651e-03
   4.5595397e-03
   5.7928832e-03
   1.8168045e-03
  -1.0745688e-03
  -4.2354427e-03
  -6.6531384e-03
  -8.8361381e-03
  -1.1086111e-02
  -1.2506543e-02
  -1.3467245e-02
  -1.3904619e-02
  -1.3678065e-02
  -1.2917499e-02
  -1.1072208e-02
  -8.6727785e-03
  -5.5098021e-03
  -6.3676410e-04
   4.0266658e-03
   8.8086985e-03
   1.4321595e-02
   1.8494975e-02
   2.2052992e-02
   2.5054406e-02
   2.6085146e-02
   2.5175178e-02
   2.0186221e-02
   1.3759938e-02
   8.0499882e-03
  -6.2052397e-05
   0.0000000e+00
   0.0000000e+00
   0.0000000e+00
   0.0000000e+00
   0.0000000e+00
  -0.0000000e+00
  -7.8113927e-03
   2.8928667e-03
   1.0581803e-02
   1.2608967e-02
   1.5756102e-02
   1.9717813e-02
   2.0677330e-02
   2.2202962e-02
   1.9153977e-02
   1.2393822e-02
   7.2853769e-03
   0.0000000e+00
   0.0000000e+00
   0.0000000e+00
   0.0000000e+00
   0.0000000e+00
   0.0000000e+00
   0.0000000e+00
   0.0000000e+00
  -2.5271179e-03
  -4.3314067e-03
   8.2247885e-04
   7.7479857e-04
   6.4976618e-04
   4.7101273e-04
   1.0298544e-03
   2.5597669e-03
   2.0603922e-03
  -1.6902119e-03
   0.0000000e+00
  -0.0000000e+00
  -1.3859304e-02
   0.0000000e+00
  -0.0000000e+00
  -2.7291192e-03
  -4.1913779e-03
   3.7782459e-04
   4.3177925e-03
   3.2957926e-03
   1.8149480e-04
  -2.7339299e-03
  -6.4217254e-03
  -9.2416149e-03
  -1.1794027e-02
  -1.4285133e-02
  -1.5748300e-02
  -1.6579692e-02
  -1.6585118e-02
  -1.5867913e-02
  -1.4603936e-02
  -1.2135445e-02
  -9.1873609e-03
  -5.5502787e-03
  -1.6038721e-04
   4.9819094e-03
   1.0197450e-02
   1.5961076e-02
   2.0003935e-02
   2.3100684e-02
   2.4922437e-02
   2.4416308e-02
   2.1766901e-02
   1.5151299e-02
   8.0838520e-03
   3.8363570e-03
  -6.2052402e-05
   0.0000000e+00
   0.0000000e+00
   0.0000000e+00
   0.0000000e+00
   0.0000000e+00
  -1.1272349e-02
  -8.0858457e-03
  -8.9136779e-04
   4.2768479e-03
   5.8104620e-03
   8.5836629e-03
   1.3086169e-02
   1.4643225e-02
   1.5064834e-02
   0.0000000e+00
   1.0463292e-02
   1.0463292e-02
   0.0000000e+00
   0.0000000e+00
   0.0000000e+00
   0.0000000e+00
   0.0000000e+00
   0.0000000e+00
   0.0000000e+00
   0.0000000e+00
   1.4211018e-03
  -5.7097758e-03
  -2.3386642e-03
  -4.4153865e-03
  -4.6401775e-03
  -4.1255104e-03
  -1.9169279e-03
   1.3849894e-03
   1.9664340e-03
  -5.9740295e-04
   0.0000000e+00
  -0.0000000e+00
  -1.9271038e-02
   0.0000000e+00
  -0.0000000e+00
  -2.7291188e-03
  -1.0442737e-03
   4.0958921e-04
   3.6972103e-04
  -2.5087693e-03
  -6.1137374e-03
  -1.0129041e-02
  -1.5310172e-02
  -1.9616090e-02
  -2.3738742e-02
  -2.8034965e-02
  -3.0901533e-02
  -3.2968547e-02
  -3.3932626e-02
  -3.3388317e-02
  -3.1796422e-02
  -2.8462060e-02
  -2.4569450e-02
  -2.0021448e-02
  -1.3878291e-02
  -8.3180470e-03
  -2.5914595e-03
   4.0390771e-03
   8.7000653e-03
   1.1987329e-02
   1.3058849e-02
   1.1107143e-02
   7.5594587e-03
   2.6620345e-03
  -2.2108620e-03
  -4.7233878e-03
  -6.2052398e-05
   0.0000000e+00
   0.0000000e+00
   0.0000000e+00
   0.0000000e+00
   0.0000000e+00
  -1.4093459e-02
  -1.3498396e-02
  -1.2260083e-02
  -1.0606658e-02
  -9.5444657e-03
  -6.3065323e-03
   1.0425597e-03
   5.9094014e-03
   1.5064835e-02
   0.0000000e+00
   0.0000000e+00
   0.0000000e+00
   0.0000000e+00
   0.0000000e+00
   0.0000000e+00
   0.0000000e+00
   0.0000000e+00
   0.0000000e+00
   0.0000000e+00
   0.0000000e+00
   1.4211018e-03
  -8.6316764e-03
  -7.2544576e-03
  -1.0801726e-02
  -1.0737454e-02
  -8.1478031e-03
  -1.0000507e-03
   3.9331364e-03
   3.4148470e-03
  -1.0717149e-03
   0.0000000e+00
  -2.0908019e-02
  -1.9863735e-02
  -1.1119121e-02
  -8.4118331e-04
   0.0000000e+00
   9.0443922e-05
   3.7148903e-04
  -8.1104564e-04
  -4.1723987e-03
  -7.9875067e-03
  -1.2414552e-02
  -1.8230496e-02
  -2.3230996e-02
  -2.8175561e-02
  -3.3597991e-02
  -3.7480481e-02
  -4.0612590e-02
  -4.2854682e-02
  -4.3230616e-02
  -4.2353060e-02
  -3.9571024e-02
  -3.5877876e-02
  -3.1313241e-02
  -2.4971612e-02
  -1.9144738e-02
  -1.3024557e-02
  -5.5149170e-03
   2.2039190e-04
   4.5889867e-03
   6.5144706e-03
   4.6009202e-03
   9.1559585e-04
  -2.7033265e-03
  -5.7165362e-03
  -6.5116905e-03
   0.0000000e+00
   0.0000000e+00
   0.0000000e+00
   0.0000000e+00
   0.0000000e+00
  -1.5550144e-02
  -1.5428219e-02
  -1.6716903e-02
  -1.7399579e-02
  -1.7269526e-02
  -1.6424727e-02
  -1.3014479e-02
  -4.0694079e-03
   1.4711528e-03
   0.0000000e+00
   0.0000000e+00
   0.0000000e+00
   0.0000000e+00
   0.0000000e+00
   0.0000000e+00
   0.0000000e+00
   0.0000000e+00
   0.0000000e+00
   0.0000000e+00
   0.0000000e+00
   0.0000000e+00
   0.0000000e+00
  -3.1799895e-03
  -6.0371705e-03
  -1.2427045e-02
  -1.3151681e-02
  -9.8583946e-03
  -8.5375043e-04
   6.6019641e-03
   5.4733339e-03
   3.6459765e-05
   0.0000000e+00
   0.0000000e+00
  -2.1030172e-02
  -1.1119122e-02
  -8.4118347e-04
   0.0000000e+00
   1.5590035e-03
   2.7126742e-04
  -2.0897973e-03
  -5.8844462e-03
  -1.0005654e-02
  -1.4981168e-02
  -2.1717712e-02
  -2.7780281e-02
  -3.4051322e-02
  -4.1419689e-02
  -4.7140890e-02
  -5.2288034e-02
  -5.7142067e-02
  -5.9590416e-02
  -6.0492768e-02
  -5.9313806e-02
  -5.6433618e-02
  -5.2167816e-02
  -4.5644463e-02
  -3.9353392e-02
  -3.2508748e-02
  -2.3279298e-02
  -1.5278795e-02
  -8.4703238e-03
  -4.2843298e-03
  -5.5737818e-03
  -9.2458944e-03
  -1.0533100e-02
  -1.0041768e-02
  -1.0435063e-02
   0.0000000e+00
   0.0000000e+00
   0.0000000e+00
   0.0000000e+00
   0.0000000e+00
  -1.5550145e-02
  -1.8265765e-02
  -2.2184031e-02
  -2.5120078e-02
  -2.7224691e-02
  -2.6709961e-02
  -2.3071819e-02
  -1.1475988e-02
  -2.3619761e-03
   0.0000000e+00
   0.0000000e+00
   0.0000000e+00
   0.0000000e+00
   0.0000000e+00
   0.0000000e+00
   0.0000000e+00
   0.0000000e+00
   0.0000000e+00
   0.0000000e+00
   0.0000000e+00
   0.0000000e+00
   0.0000000e+00
   1.0559232e-02
  -1.3900331e-03
  -1.3834635e-02
  -1.6497908e-02
  -1.4821030e-02
   0.0000000e+00
   1.1854046e-02
   9.7158220e-03
   2.7849409e-03
   0.0000000e+00
   0.0000000e+00
  -2.1030173e-02
  -1.3313382e-02
  -1.2996554e-03
   0.0000000e+00
   3.3303797e-03
   6.7236723e-04
  -1.2567377e-03
  -4.3067022e-03
  -7.8506628e-03
  -1.2434513e-02
  -1.8883211e-02
  -2.4730397e-02
  -3.0820951e-02
  -3.8163564e-02
  -4.4193722e-02
  -5.0075843e-02
  -5.6492187e-02
  -6.0814112e-02
  -6.3961241e-02
  -6.5765862e-02
  -6.5432154e-02
  -6.3489255e-02
  -5.9170533e-02
  -5.4026477e-02
  -4.7627005e-02
  -3.8047729e-02
  -2.8669786e-02
  -1.8915626e-02
  -9.5125275e-03
  -7.6662586e-03
  -1.2545147e-02
  -1.5806676e-02
  -1.0452050e-02
  -1.0435063e-02
   0.0000000e+00
   0.0000000e+00
   0.0000000e+00
   0.0000000e+00
  -0.0000000e+00
  -1.5364594e-02
  -2.1610097e-02
  -2.5635738e-02
  -2.9434232e-02
  -3.3514204e-02
  -3.5036776e-02
  -3.3342561e-02
  -2.1987875e-02
  -2.3619758e-03
   0.0000000e+00
   0.0000000e+00
   0.0000000e+00
   0.0000000e+00
   0.0000000e+00
   0.0000000e+00
   0.0000000e+00
   0.0000000e+00
   0.0000000e+00
   0.0000000e+00
   0.0000000e+00
   0.0000000e+00
   0.0000000e+00
   2.3777645e-02
   1.1939015e-02
  -9.8234309e-03
  -1.9462656e-02
  -1.7244576e-02
   0.0000000e+00
   1.1937518e-02
   1.2717756e-02
   4.8828147e-03
   0.0000000e+00
   0.0000000e+00
   0.0000000e+00
  -1.5263650e-02
  -1.4535691e-03
   0.0000000e+00
   3.5735001e-03
   5.4838449e-04
  -9.0260047e-04
  -3.2448457e-03
  -6.1681962e-03
  -1.0237749e-02
  -1.6224382e-02
  -2.1716803e-02
  -2.7465213e-02
  -3.4485027e-02
  -4.0379400e-02
  -4.6293393e-02
  -5.3060032e-02
  -5.8000308e-02
  -6.2025160e-02
  -6.5204911e-02
  -6.6226512e-02
  -6.5705426e-02
  -6.2997043e-02
  -5.8988553e-02
  -5.3460438e-02
  -4.4468280e-02
  -3.4976746e-02
  -2.4171166e-02
  -1.1791402e-02
  -7.3510251e-03
  -1.2661703e-02
  -1.8634778e-02
  -1.0727523e-02
   0.0000000e+00
  -1.7561679e-02
  -1.1552219e-02
  -9.0663911e-03
  -7.6286966e-03
  -1.0424278e-02
  -1.5341624e-02
  -2.2603333e-02
  -2.6822335e-02
  -3.1127160e-02
  -3.6354907e-02
  -3.9337947e-02
  -3.9403714e-02
  -3.0393854e-02
   0.0000000e+00
   0.0000000e+00
   0.0000000e+00
   0.0000000e+00
   0.0000000e+00
   0.0000000e+00
   0.0000000e+00
   0.0000000e+00
   0.0000000e+00
   0.0000000e+00
   0.0000000e+00
   0.0000000e+00
   0.0000000e+00
   0.0000000e+00
   2.9052200e-02
   1.7381042e-02
  -7.3388885e-03
  -2.0389081e-02
  -1.8058184e-02
   0.0000000e+00
   1.2004487e-02
   1.4160553e-02
   6.3166274e-03
   0.0000000e+00
   0.0000000e+00
   0.0000000e+00
  -2.1418678e-02
   0.0000000e+00
   0.0000000e+00
   2.2363240e-03
  -4.3538405e-04
  -6.1933737e-04
  -1.2205550e-03
  -2.5204131e-03
  -5.1338626e-03
  -9.7305082e-03
  -1.4148543e-02
  -1.8826042e-02
  -2.4650912e-02
  -2.9634266e-02
  -3.4730979e-02
  -4.0835058e-02
  -4.5734915e-02
  -5.0231941e-02
  -5.4832419e-02
  -5.7757488e-02
  -5.9678274e-02
  -6.0280000e-02
  -5.9126160e-02
  -5.6343922e-02
  -5.0031692e-02
  -4.1867029e-02
  -3.0823605e-02
  -1.3783457e-02
  -3.4800210e-03
  -8.8921229e-03
  -2.3999025e-02
   0.0000000e+00
   0.0000000e+00
  -1.7561678e-02
  -1.1552219e-02
  -9.0663915e-03
  -7.6286957e-03
  -9.1593018e-03
  -1.5431959e-02
  -2.2110795e-02
  -2.6928163e-02
  -3.2057636e-02
  -3.9128769e-02
  -4.5065437e-02
  -4.9343347e-02
  -4.4470218e-02
   0.0000000e+00
   0.0000000e+00
   0.0000000e+00
   0.0000000e+00
   0.0000000e+00
   0.0000000e+00
   0.0000000e+00
   0.0000000e+00
   0.0000000e+00
   0.0000000e+00
   0.0000000e+00
   0.0000000e+00
   0.0000000e+00
   0.0000000e+00
   3.2235887e-02
   2.1060476e-02
  -3.0105165e-03
  -2.0039794e-02
   0.0000000e+00
   0.0000000e+00
   1.2152630e-02
   1.5815225e-02
   9.0915480e-03
   0.0000000e+00
   0.0000000e+00
   0.0000000e+00
  -2.7846411e-02
   0.0000000e+00
  -3.7441685e-03
  -2.5100568e-03
  -3.6709472e-03
  -2.4988228e-03
  -1.3994212e-03
  -1.0405348e-03
  -1.9193015e-03
  -4.7653252e-03
  -8.0885515e-03
  -1.1900966e-02
  -1.6847230e-02
  -2.1069018e-02
  -2.5321720e-02
  -3.0463677e-02
  -3.4734506e-02
  -3.8836692e-02
  -4.3527935e-02
  -4.7257945e-02
  -5.0695278e-02
  -5.3780086e-02
  -5.4928340e-02
  -5.4364115e-02
  -5.0472490e-02
  -4.4199668e-02
  -3.4936257e-02
  -1.7129932e-02
  -4.7238273e-03
  -8.8921235e-03
  -2.3999026e-02
   0.0000000e+00
   0.0000000e+00
  -1.5153507e-02
  -8.4472103e-03
  -9.0383599e-03
  -8.7460382e-03
  -9.5217479e-03
  -1.3773732e-02
  -1.9486206e-02
  -2.4850383e-02
  -3.0746408e-02
  -3.9178357e-02
  -4.7328562e-02
  -5.5189107e-02
  -5.4136748e-02
   0.0000000e+00
   0.0000000e+00
   0.0000000e+00
   0.0000000e+00
   0.0000000e+00
   0.0000000e+00
   0.0000000e+00
   0.0000000e+00
   0.0000000e+00
   0.0000000e+00
   0.0000000e+00
   0.0000000e+00
   0.0000000e+00
   0.0000000e+00
   3.5586773e-02
   2.7916614e-02
   1.9322750e-03
  -1.8230413e-02
   0.0000000e+00
   0.0000000e+00
   1.4817444e-02
   1.8141644e-02
   1.2440501e-02
   0.0000000e+00
   0.0000000e+00
  -3.3248735e-02
  -3.2341060e-02
  -3.2078469e-02
  -6.6274336e-03
  -5.9572635e-03
  -6.0408769e-03
  -4.0851729e-03
  -1.9368387e-03
  -5.2943185e-04
  -2.2949156e-04
  -1.7916607e-03
  -4.3237647e-03
  -7.5516296e-03
  -1.1944286e-02
  -1.5723357e-02
  -1.9467928e-02
  -2.3961052e-02
  -2.7747091e-02
  -3.1500384e-02
  -3.6092728e-02
  -4.0158897e-02
  -4.4374481e-02
  -4.8971362e-02
  -5.1697099e-02
  -5.2725259e-02
  -5.0543983e-02
  -4.5589088e-02
  -3.7684359e-02
  -1.9900000e-02
  -5.8809910e-03
   0.0000000e+00
   0.0000000e+00
   0.0000000e+00
  -1.0217879e-02
  -1.3767772e-02
  -7.0028518e-03
  -9.0253214e-03
  -8.9104334e-03
  -9.6133936e-03
  -1.2661346e-02
  -1.7676171e-02
  -2.3245399e-02
  -2.9564446e-02
  -3.8851801e-02
  -4.8458842e-02
  -5.8838833e-02
  -6.0681333e-02
   0.0000000e+00
   0.0000000e+00
   0.0000000e+00
   0.0000000e+00
   0.0000000e+00
   0.0000000e+00
   0.0000000e+00
   0.0000000e+00
   0.0000000e+00
   0.0000000e+00
   0.0000000e+00
   0.0000000e+00
   0.0000000e+00
   0.0000000e+00
   0.0000000e+00
   3.1061551e-02
   5.7778754e-03
  -1.5756833e-02
   0.0000000e+00
   0.0000000e+00
   0.0000000e+00
   1.9325773e-02
   1.8671837e-02
   0.0000000e+00
   0.0000000e+00
  -3.3248737e-02
  -3.7676179e-02
  -3.2078467e-02
  -1.6850746e-02
  -1.1816387e-02
  -1.0129547e-02
  -7.4515882e-03
  -4.0842059e-03
  -1.3676112e-03
   6.8999405e-04
   1.3475419e-03
   1.4792545e-04
  -2.2188608e-03
  -5.9264502e-03
  -9.2873043e-03
  -1.2485716e-02
  -1.6027280e-02
  -1.8904747e-02
  -2.1876884e-02
  -2.5802041e-02
  -2.9687248e-02
  -3.4247017e-02
  -4.0531710e-02
  -4.5652643e-02
  -4.9331171e-02
  -4.9912557e-02
  -4.7027929e-02
  -4.1632019e-02
  -2.7548641e-02
   0.0000000e+00
   0.0000000e+00
   0.0000000e+00
   0.0000000e+00
  -1.0217879e-02
  -1.2094032e-02
   0.0000000e+00
   0.0000000e+00
  -7.2304191e-03
  -9.2495829e-03
  -1.1049080e-02
  -1.4890861e-02
  -2.0226966e-02
  -2.6860129e-02
  -3.7198911e-02
  -4.8825456e-02
  -6.3237678e-02
  -7.0363519e-02
   0.0000000e+00
   0.0000000e+00
   0.0000000e+00
   0.0000000e+00
   0.0000000e+00
   0.0000000e+00
   0.0000000e+00
   0.0000000e+00
   0.0000000e+00
   0.0000000e+00
   0.0000000e+00
   0.0000000e+00
   0.0000000e+00
   0.0000000e+00
   0.0000000e+00
   3.0642359e-02
   1.3088524e-02
  -8.0417218e-03
   0.0000000e+00
   0.0000000e+00
   0.0000000e+00
   2.0289700e-02
   0.0000000e+00
   0.0000000e+00
   0.0000000e+00
  -3.3248735e-02
  -4.0934953e-02
  -4.1677917e-02
  -2.6664503e-02
  -1.3821963e-02
  -1.1650423e-02
  -9.0060801e-03
  -5.3389159e-03
  -2.3708089e-03
   1.9738204e-04
   2.1123348e-03
   2.1073033e-03
   5.0906790e-04
  -2.7925581e-03
  -6.2382693e-03
  -9.6841303e-03
  -1.3347387e-02
  -1.6066560e-02
  -1.8717723e-02
  -2.2161017e-02
  -2.5679615e-02
  -3.0009370e-02
  -3.6514870e-02
  -4.2440711e-02
  -4.7398994e-02
  -4.9642009e-02
  -4.7984281e-02
  -4.3012711e-02
  -2.8753944e-02
   0.0000000e+00
   0.0000000e+00
   0.0000000e+00
   0.0000000e+00
  -1.3809968e-02
  -1.2094032e-02
   0.0000000e+00
   0.0000000e+00
  -5.5775245e-03
  -7.8541134e-03
  -9.6243068e-03
  -1.2644518e-02
  -1.7447185e-02
  -2.3948167e-02
  -3.4600790e-02
  -4.6959875e-02
  -6.3311040e-02
  -7.5135583e-02
   0.0000000e+00
   0.0000000e+00
   0.0000000e+00
   0.0000000e+00
   0.0000000e+00
   0.0000000e+00
   0.0000000e+00
   0.0000000e+00
   0.0000000e+00
   0.0000000e+00
   0.0000000e+00
   0.0000000e+00
   0.0000000e+00
   0.0000000e+00
   0.0000000e+00
   0.0000000e+00
   1.2701569e-02
  -8.0417213e-03
   0.0000000e+00
   0.0000000e+00
   0.0000000e+00
   0.0000000e+00
   0.0000000e+00
   0.0000000e+00
   0.0000000e+00
   0.0000000e+00
  -0.0000000e+00
  -4.5845212e-02
  -3.3621984e-02
  -1.5909842e-02
  -1.2677126e-02
  -9.8182015e-03
  -5.8247814e-03
  -2.6801780e-03
   1.5775082e-04
   2.7537864e-03
   3.4902980e-03
   2.5129820e-03
  -3.9833263e-04
  -3.8531560e-03
  -7.4984496e-03
  -1.1380372e-02
  -1.4164915e-02
  -1.6734744e-02
  -1.9908433e-02
  -2.3190643e-02
  -2.7393535e-02
  -3.4140522e-02
  -4.0725714e-02
  -4.6655602e-02
  -4.9899168e-02
  -4.8647589e-02
  -4.3822425e-02
  -2.8393931e-02
   0.0000000e+00
   0.0000000e+00
  -0.0000000e+00
  -7.8740445e-03
  -1.5812028e-02
   0.0000000e+00
  -0.0000000e+00
  -4.4786881e-03
  -4.3227042e-03
  -6.5663433e-03
  -8.2504670e-03
  -1.0709827e-02
  -1.5024583e-02
  -2.1301483e-02
  -3.2029634e-02
  -4.4684040e-02
  -6.1892785e-02
  -7.7327069e-02
   0.0000000e+00
   0.0000000e+00
   0.0000000e+00
   0.0000000e+00
   0.0000000e+00
   0.0000000e+00
   0.0000000e+00
   0.0000000e+00
   0.0000000e+00
   0.0000000e+00
   0.0000000e+00
   0.0000000e+00
   0.0000000e+00
   0.0000000e+00
   0.0000000e+00
   0.0000000e+00
   1.1943885e-02
   0.0000000e+00
   0.0000000e+00
   0.0000000e+00
   0.0000000e+00
   0.0000000e+00
   0.0000000e+00
   0.0000000e+00
   0.0000000e+00
   0.0000000e+00
   0.0000000e+00
  -4.4450124e-02
  -4.2285155e-02
  -1.9995606e-02
  -1.3840568e-02
  -1.0182510e-02
  -5.5291075e-03
  -2.1687824e-03
   7.9920026e-04
   3.7739440e-03
   5.1987121e-03
   5.1642324e-03
   2.9676226e-03
  -3.8464865e-04
  -4.3318222e-03
  -8.7814127e-03
  -1.2043593e-02
  -1.4838409e-02
  -1.7837060e-02
  -2.0877417e-02
  -2.5003119e-02
  -3.2240322e-02
  -3.9844421e-02
  -4.7127660e-02
  -5.1221093e-02
  -4.9440711e-02
  -4.4453283e-02
  -2.5235834e-02
   0.0000000e+00
   0.0000000e+00
  -0.0000000e+00
  -7.8740448e-03
  -1.6770427e-02
   0.0000000e+00
  -7.3973767e-03
  -4.4786880e-03
  -2.5750693e-03
  -4.2969594e-03
  -5.7282337e-03
  -7.5374396e-03
  -1.0999848e-02
  -1.6706827e-02
  -2.7201125e-02
  -3.9723422e-02
  -5.6846375e-02
  -7.7396910e-02
   0.0000000e+00
   0.0000000e+00
   0.0000000e+00
   0.0000000e+00
   0.0000000e+00
   0.0000000e+00
   0.0000000e+00
   0.0000000e+00
   0.0000000e+00
   0.0000000e+00
   0.0000000e+00
   0.0000000e+00
   0.0000000e+00
   0.0000000e+00
   0.0000000e+00
   0.0000000e+00
   3.8563197e-03
   0.0000000e+00
   0.0000000e+00
   0.0000000e+00
   0.0000000e+00
   0.0000000e+00
   0.0000000e+00
   0.0000000e+00
   0.0000000e+00
   0.0000000e+00
   0.0000000e+00
  -0.0000000e+00
  -4.5849570e-02
  -2.8547429e-02
  -1.8540645e-02
  -1.1803601e-02
  -4.7216159e-03
  -1.3266978e-04
   3.2973576e-03
   6.4327102e-03
   7.7860747e-03
   8.0401730e-03
   6.4659026e-03
   3.4891176e-03
  -3.4668681e-04
  -4.9629137e-03
  -8.4559415e-03
  -1.1562933e-02
  -1.4744490e-02
  -1.7702570e-02
  -2.1803992e-02
  -2.9630944e-02
  -3.8756117e-02
  -4.8430447e-02
  -5.4035168e-02
  -4.9812526e-02
  -4.1341532e-02
  -2.5235833e-02
   0.0000000e+00
   0.0000000e+00
   0.0000000e+00
  -3.8090460e-03
  -1.5374269e-02
  -1.7975576e-02
  -1.0625133e-02
  -5.0822743e-03
  -1.4741187e-03
  -1.0715575e-03
  -2.1284940e-03
  -3.5995790e-03
  -6.0862284e-03
  -1.0716835e-02
  -2.0283815e-02
  -3.2193027e-02
  -4.8103176e-02
  -6.8837195e-02
  -7.3225495e-02
   0.0000000e+00
   0.0000000e+00
   0.0000000e+00
   0.0000000e+00
   0.0000000e+00
   0.0000000e+00
   0.0000000e+00
   0.0000000e+00
   0.0000000e+00
   0.0000000e+00
   0.0000000e+00
   0.0000000e+00
   0.0000000e+00
   0.0000000e+00
   0.0000000e+00
   0.0000000e+00
   0.0000000e+00
   0.0000000e+00
   0.0000000e+00
   0.0000000e+00
   0.0000000e+00
   0.0000000e+00
   0.0000000e+00
   0.0000000e+00
   0.0000000e+00
   0.0000000e+00
   0.0000000e+00
  -4.8041781e-02
  -3.4889657e-02
  -2.3598823e-02
  -1.5222467e-02
  -5.9333937e-03
   8.2180657e-04
   5.3990814e-03
   9.0667605e-03
   1.0401630e-02
   1.0637227e-02
   9.2811687e-03
   6.4437037e-03
   2.7188305e-03
  -1.8930373e-03
  -5.3739490e-03
  -8.5309390e-03
  -1.1763530e-02
  -1.4699116e-02
  -1.8821502e-02
  -2.7090454e-02
  -3.7410650e-02
  -4.9209736e-02
  -5.6407388e-02
  -4.8788273e-02
  -4.0195239e-02
   0.0000000e+00
   0.0000000e+00
   0.0000000e+00
   0.0000000e+00
  -2.7005944e-03
  -1.4993563e-02
  -1.7666420e-02
  -1.1500543e-02
  -4.9653091e-03
   1.2438593e-04
   1.5562129e-03
   8.2523644e-04
  -4.6726983e-04
  -2.4413326e-03
  -6.3570892e-03
  -1.5012216e-02
  -2.6162811e-02
  -4.1269619e-02
  -6.3062519e-02
  -7.0977985e-02
   0.0000000e+00
   0.0000000e+00
   0.0000000e+00
   0.0000000e+00
   0.0000000e+00
   0.0000000e+00
   0.0000000e+00
   0.0000000e+00
   0.0000000e+00
   0.0000000e+00
   0.0000000e+00
   0.0000000e+00
   0.0000000e+00
   0.0000000e+00
   0.0000000e+00
   0.0000000e+00
   0.0000000e+00
   0.0000000e+00
   0.0000000e+00
   0.0000000e+00
   0.0000000e+00
   0.0000000e+00
   0.0000000e+00
   0.0000000e+00
   0.0000000e+00
   0.0000000e+00
   0.0000000e+00
  -4.9522569e-02
  -4.1515328e-02
  -2.9838312e-02
  -2.0140668e-02
  -8.2992362e-03
   1.4814587e-03
   7.7460185e-03
   1.2220830e-02
   1.3557309e-02
   1.3632330e-02
   1.2356420e-02
   9.5799789e-03
   5.9882067e-03
   1.4586136e-03
  -1.8982786e-03
  -4.9972329e-03
  -8.2317358e-03
  -1.1167230e-02
  -1.5335191e-02
  -2.4068706e-02
  -3.5678018e-02
  -4.9910322e-02
  -5.9058886e-02
  -4.6928540e-02
  -3.8227346e-02
   0.0000000e+00
   0.0000000e+00
   0.0000000e+00
   0.0000000e+00
   0.0000000e+00
   0.0000000e+00
  -0.0000000e+00
  -1.2219790e-02
  -4.5001353e-03
   2.2693849e-03
   4.4446308e-03
   4.0835491e-03
   2.9337562e-03
   1.3669757e-03
  -1.8526507e-03
  -9.4190175e-03
  -1.9592457e-02
  -3.3918388e-02
  -5.6414016e-02
  -6.7264728e-02
   0.0000000e+00
   0.0000000e+00
   0.0000000e+00
   0.0000000e+00
   0.0000000e+00
   0.0000000e+00
   0.0000000e+00
   0.0000000e+00
   0.0000000e+00
   0.0000000e+00
   0.0000000e+00
   0.0000000e+00
   0.0000000e+00
   0.0000000e+00
   0.0000000e+00
   0.0000000e+00
   0.0000000e+00
   0.0000000e+00
   0.0000000e+00
   0.0000000e+00
   0.0000000e+00
   0.0000000e+00
   0.0000000e+00
   0.0000000e+00
   0.0000000e+00
   0.0000000e+00
   0.0000000e+00
  -4.4903394e-02
  -4.4475237e-02
  -3.2266163e-02
  -2.5297637e-02
  -2.1520302e-02
  -4.3796120e-03
   8.0420388e-03
   1.5845765e-02
   1.8371285e-02
   1.8905279e-02
   1.7951116e-02
   1.5261844e-02
   1.1681770e-02
   6.9549772e-03
   3.6655856e-03
   8.3688112e-04
  -2.0353321e-03
  -4.6159120e-03
  -8.6278921e-03
  -1.7905686e-02
  -3.1669328e-02
  -5.0416291e-02
  -6.0422959e-02
  -4.8116813e-02
   0.0000000e+00
   0.0000000e+00
   0.0000000e+00
   0.0000000e+00
   0.0000000e+00
   0.0000000e+00
   0.0000000e+00
  -0.0000000e+00
  -1.3824254e-02
  -5.7142265e-03
   5.0318194e-03
   8.7574439e-03
   9.3275519e-03
   8.6008061e-03
   7.1695984e-03
   4.4409446e-03
  -1.8681421e-03
  -1.0389499e-02
  -2.2699356e-02
  -4.3791337e-02
  -5.7654119e-02
  -5.9703918e-02
   0.0000000e+00
   0.0000000e+00
   0.0000000e+00
   0.0000000e+00
   0.0000000e+00
   0.0000000e+00
   0.0000000e+00
   0.0000000e+00
   0.0000000e+00
   0.0000000e+00
   0.0000000e+00
   0.0000000e+00
   0.0000000e+00
   0.0000000e+00
   0.0000000e+00
   0.0000000e+00
   0.0000000e+00
   0.0000000e+00
   0.0000000e+00
   0.0000000e+00
   0.0000000e+00
   0.0000000e+00
   0.0000000e+00
   0.0000000e+00
   0.0000000e+00
   0.0000000e+00
  -3.5602947e-02
  -3.7649487e-02
  -3.2266159e-02
  -2.5297636e-02
  -2.5199385e-02
  -9.1781989e-03
   6.8359440e-03
   1.6443508e-02
   1.9646745e-02
   2.0728003e-02
   2.0244753e-02
   1.8070737e-02
   1.4747988e-02
   1.0204781e-02
   6.9634132e-03
   4.4127982e-03
   1.9614801e-03
  -1.9480556e-04
  -3.8036769e-03
  -1.2878214e-02
  -2.7846906e-02
  -4.9791247e-02
  -6.2473142e-02
  -4.8116809e-02
   0.0000000e+00
   0.0000000e+00
   0.0000000e+00
   0.0000000e+00
   0.0000000e+00
   0.0000000e+00
   0.0000000e+00
  -0.0000000e+00
  -1.7386965e-02
  -1.0900518e-02
   3.5179113e-03
   9.4598969e-03
   1.1350588e-02
   1.1531474e-02
   1.0388229e-02
   7.9057552e-03
   2.1121101e-03
  -5.6646187e-03
  -1.6966233e-02
  -3.6867157e-02
  -5.1147901e-02
  -5.3206813e-02
   0.0000000e+00
   0.0000000e+00
   0.0000000e+00
   0.0000000e+00
  -0.0000000e+00
  -1.5809801e-02
  -1.5336080e-02
  -1.0439218e-02
  -6.2285515e-03
   0.0000000e+00
   0.0000000e+00
   0.0000000e+00
   0.0000000e+00
   0.0000000e+00
   0.0000000e+00
   0.0000000e+00
   0.0000000e+00
   0.0000000e+00
   0.0000000e+00
   0.0000000e+00
   0.0000000e+00
   0.0000000e+00
   0.0000000e+00
   0.0000000e+00
   0.0000000e+00
  -0.0000000e+00
  -2.8942789e-02
  -3.2902620e-02
   0.0000000e+00
   0.0000000e+00
  -2.9495720e-02
  -1.5606813e-02
   3.9078658e-03
   1.4961821e-02
   1.8811079e-02
   2.0651760e-02
   2.0845441e-02
   1.9342963e-02
   1.6662329e-02
   1.2722166e-02
   9.8350989e-03
   7.8066373e-03
   5.9833848e-03
   4.3455772e-03
   1.3191006e-03
  -7.2433939e-03
  -2.3002578e-02
  -4.7597833e-02
  -5.9667245e-02
   0.0000000e+00
   0.0000000e+00
   0.0000000e+00
   0.0000000e+00
   0.0000000e+00
   0.0000000e+00
   0.0000000e+00
   0.0000000e+00
   0.0000000e+00
  -0.0000000e+00
  -1.6218005e-02
   4.0178047e-04
   8.7479847e-03
   1.2320940e-02
   1.3640695e-02
   1.2922728e-02
   1.0795748e-02
   5.6191464e-03
  -1.3924208e-03
  -1.1629069e-02
  -2.9945565e-02
  -4.4052962e-02
  -4.6198346e-02
   0.0000000e+00
   0.0000000e+00
   0.0000000e+00
  -0.0000000e+00
  -1.6434952e-02
  -1.5082174e-02
  -1.3833606e-02
  -1.0439218e-02
  -6.2285522e-03
   0.0000000e+00
   0.0000000e+00
   0.0000000e+00
   0.0000000e+00
   0.0000000e+00
   0.0000000e+00
   0.0000000e+00
   0.0000000e+00
   0.0000000e+00
   0.0000000e+00
   0.0000000e+00
   0.0000000e+00
   0.0000000e+00
   0.0000000e+00
   0.0000000e+00
   0.0000000e+00
  -0.0000000e+00
  -1.8917678e-02
  -2.7381641e-02
  -2.7381641e-02
   0.0000000e+00
  -3.4093299e-02
  -2.3788761e-02
  -1.3489083e-03
   1.0813522e-02
   1.5321619e-02
   1.8162038e-02
   1.9310923e-02
   1.8671008e-02
   1.7069576e-02
   1.4255061e-02
   1.2082344e-02
   1.0864023e-02
   9.9244518e-03
   8.9342287e-03
   6.7150919e-03
  -9.5685059e-04
  -1.6883736e-02
  -4.3252751e-02
  -5.1851398e-02
   0.0000000e+00
   0.0000000e+00
   0.0000000e+00
   0.0000000e+00
   0.0000000e+00
   0.0000000e+00
   0.0000000e+00
   0.0000000e+00
   0.0000000e+00
  -0.0000000e+00
  -2.1394713e-02
  -4.7032977e-03
   6.1540022e-03
   1.1821628e-02
   1.4518451e-02
   1.4404238e-02
   1.2779254e-02
   8.3906893e-03
   2.2131924e-03
  -6.8997922e-03
  -2.3140777e-02
  -3.6561392e-02
  -3.8972691e-02
   0.0000000e+00
   0.0000000e+00
  -1.6038853e-02
  -1.6347226e-02
  -1.6358934e-02
  -1.3672430e-02
  -1.0133531e-02
   0.0000000e+00
   0.0000000e+00
   0.0000000e+00
   0.0000000e+00
   0.0000000e+00
   0.0000000e+00
   0.0000000e+00
   0.0000000e+00
   0.0000000e+00
   0.0000000e+00
   0.0000000e+00
   0.0000000e+00
   0.0000000e+00
   0.0000000e+00
   0.0000000e+00
   0.0000000e+00
   0.0000000e+00
   0.0000000e+00
   0.0000000e+00
   0.0000000e+00
  -0.0000000e+00
  -2.7381640e-02
   0.0000000e+00
  -4.3032930e-02
  -3.3864516e-02
  -1.2284726e-02
   1.7685362e-03
   7.5592891e-03
   1.1744817e-02
   1.4609655e-02
   1.5253405e-02
   1.5178978e-02
   1.4406440e-02
   1.3383314e-02
   1.3394611e-02
   1.3852333e-02
   1.3930258e-02
   1.3009687e-02
   6.8595460e-03
  -7.6449086e-03
  -3.3556322e-02
   0.0000000e+00
   0.0000000e+00
   0.0000000e+00
   0.0000000e+00
   0.0000000e+00
   0.0000000e+00
   0.0000000e+00
   0.0000000e+00
   0.0000000e+00
   0.0000000e+00
   0.0000000e+00
  -2.6467297e-02
  -1.3447699e-02
  -3.6489690e-04
   8.1133733e-03
   1.2411287e-02
   1.3332536e-02
   1.2601004e-02
   9.7806094e-03
   5.0982588e-03
  -2.6298098e-03
  -1.5662174e-02
  -2.9472908e-02
  -3.3128530e-02
   0.0000000e+00
   0.0000000e+00
  -1.6038851e-02
  -1.2778770e-02
  -1.1886089e-02
  -1.0823143e-02
   0.0000000e+00
   0.0000000e+00
   0.0000000e+00
   0.0000000e+00
   0.0000000e+00
   0.0000000e+00
   0.0000000e+00
   0.0000000e+00
   0.0000000e+00
   0.0000000e+00
   0.0000000e+00
   0.0000000e+00
   0.0000000e+00
   0.0000000e+00
   0.0000000e+00
   0.0000000e+00
   0.0000000e+00
   0.0000000e+00
   0.0000000e+00
   0.0000000e+00
   0.0000000e+00
  -0.0000000e+00
  -2.3708103e-02
  -2.3108333e-02
  -0.0000000e+00
  -3.2390974e-02
  -1.5621096e-02
  -3.0871457e-04
   5.5068163e-03
   9.8008532e-03
   1.2649896e-02
   1.3819044e-02
   1.3898795e-02
   1.3873207e-02
   1.3742544e-02
   1.4312249e-02
   1.6505720e-02
   1.7616479e-02
   1.7992884e-02
   1.3798368e-02
   2.7090260e-03
  -1.7284414e-02
   0.0000000e+00
   0.0000000e+00
   0.0000000e+00
   0.0000000e+00
   0.0000000e+00
   0.0000000e+00
   0.0000000e+00
   0.0000000e+00
   0.0000000e+00
   0.0000000e+00
   0.0000000e+00
  -2.6467295e-02
  -1.7756764e-02
  -6.2707611e-03
   4.7292337e-03
   9.7248536e-03
   1.1904114e-02
   1.2446661e-02
   1.0688993e-02
   7.1722674e-03
   1.0612363e-04
  -9.1628116e-03
  -2.0622272e-02
  -2.2348173e-02
   0.0000000e+00
   0.0000000e+00
  -1.9850485e-02
  -1.2778770e-02
  -1.1886088e-02
  -1.0823142e-02
   0.0000000e+00
   0.0000000e+00
   0.0000000e+00
   0.0000000e+00
   0.0000000e+00
   0.0000000e+00
   0.0000000e+00
   0.0000000e+00
   0.0000000e+00
   0.0000000e+00
   0.0000000e+00
   0.0000000e+00
   0.0000000e+00
   0.0000000e+00
   0.0000000e+00
   0.0000000e+00
   0.0000000e+00
   0.0000000e+00
   0.0000000e+00
   0.0000000e+00
   0.0000000e+00
   0.0000000e+00
  -0.0000000e+00
  -0.0000000e+00
  -0.0000000e+00
  -2.7196053e-02
  -1.2924129e-02
  -2.9358245e-04
   4.5869467e-03
   8.4778881e-03
   1.0918807e-02
   1.1982664e-02
   1.1717860e-02
   1.2405105e-02
   1.2872837e-02
   1.4223570e-02
   1.7497659e-02
   1.9919077e-02
   2.1741964e-02
   1.9689647e-02
   1.1849979e-02
  -2.8108619e-03
   0.0000000e+00
   0.0000000e+00
   0.0000000e+00
   0.0000000e+00
   0.0000000e+00
   0.0000000e+00
   0.0000000e+00
   0.0000000e+00
   0.0000000e+00
   0.0000000e+00
   0.0000000e+00
   0.0000000e+00
  -1.6404872e-02
  -7.6802326e-03
   3.1135981e-03
   7.9709105e-03
   1.1525988e-02
   1.3113263e-02
   1.2143271e-02
   8.9623844e-03
   2.7968520e-03
  -4.7102571e-03
  -1.2626695e-02
  -1.3078310e-02
   0.0000000e+00
   0.0000000e+00
  -2.0472803e-02
   0.0000000e+00
   0.0000000e+00
   0.0000000e+00
   0.0000000e+00
  -0.0000000e+00
  -0.0000000e+00
   0.0000000e+00
   0.0000000e+00
   0.0000000e+00
   0.0000000e+00
   0.0000000e+00
   0.0000000e+00
   0.0000000e+00
   0.0000000e+00
   0.0000000e+00
   0.0000000e+00
   0.0000000e+00
   0.0000000e+00
   0.0000000e+00
   0.0000000e+00
   0.0000000e+00
   0.0000000e+00
   0.0000000e+00
   0.0000000e+00
   0.0000000e+00
   0.0000000e+00
   0.0000000e+00
  -0.0000000e+00
  -2.4518637e-02
  -1.2456423e-02
  -2.9179389e-03
   1.8481803e-03
   4.8421933e-03
   8.1694638e-03
   8.2471035e-03
   8.4770191e-03
   8.7298127e-03
   1.0617439e-02
   1.2349291e-02
   1.7454235e-02
   2.0908147e-02
   2.4501268e-02
   2.4704693e-02
   2.0077059e-02
   9.7211106e-03
   0.0000000e+00
   0.0000000e+00
   0.0000000e+00
   0.0000000e+00
   0.0000000e+00
   0.0000000e+00
   0.0000000e+00
   0.0000000e+00
   0.0000000e+00
   0.0000000e+00
   0.0000000e+00
   0.0000000e+00
  -0.0000000e+00
  -1.1954092e-02
   2.6104391e-03
   6.6037006e-03
   1.1059127e-02
   1.4147272e-02
   1.3898363e-02
   1.1014288e-02
   5.6243874e-03
  -9.6638524e-04
  -5.2418755e-03
  -1.1918330e-03
  -2.1636966e-03
   0.0000000e+00
   0.0000000e+00
   0.0000000e+00
   0.0000000e+00
   0.0000000e+00
   0.0000000e+00
  -0.0000000e+00
  -0.0000000e+00
   0.0000000e+00
   0.0000000e+00
   0.0000000e+00
   0.0000000e+00
   0.0000000e+00
   0.0000000e+00
   0.0000000e+00
   0.0000000e+00
   0.0000000e+00
   0.0000000e+00
   0.0000000e+00
   0.0000000e+00
   0.0000000e+00
   0.0000000e+00
   0.0000000e+00
   0.0000000e+00
   0.0000000e+00
   0.0000000e+00
   0.0000000e+00
   0.0000000e+00
   0.0000000e+00
  -3.6247172e-02
  -2.4242376e-02
  -1.5390100e-02
  -8.3773807e-03
  -5.7945217e-03
  -2.0013424e-03
   1.3301646e-03
   1.7733705e-03
   1.9016345e-03
   2.6418129e-03
   5.3285759e-03
   8.5146436e-03
   1.5077109e-02
   2.0626285e-02
   2.5674850e-02
   2.9087700e-02
   2.6665379e-02
   2.0428091e-02
   0.0000000e+00
   0.0000000e+00
   0.0000000e+00
   0.0000000e+00
   0.0000000e+00
   0.0000000e+00
   0.0000000e+00
   0.0000000e+00
   0.0000000e+00
   0.0000000e+00
   0.0000000e+00
   0.0000000e+00
  -0.0000000e+00
  -0.0000000e+00
   0.0000000e+00
   1.7668610e-03
   9.1904819e-03
   1.4221862e-02
   1.5581623e-02
   1.3084291e-02
   8.3959289e-03
   2.5117847e-03
   2.1064602e-04
   1.1582926e-03
  -1.0691383e-03
   0.0000000e+00
   0.0000000e+00
   0.0000000e+00
   0.0000000e+00
   0.0000000e+00
   0.0000000e+00
   0.0000000e+00
   0.0000000e+00
   0.0000000e+00
   0.0000000e+00
   0.0000000e+00
   0.0000000e+00
   0.0000000e+00
   0.0000000e+00
   0.0000000e+00
   0.0000000e+00
   0.0000000e+00
   0.0000000e+00
   0.0000000e+00
   0.0000000e+00
   0.0000000e+00
   0.0000000e+00
   0.0000000e+00
   0.0000000e+00
   0.0000000e+00
   0.0000000e+00
   0.0000000e+00
   0.0000000e+00
   0.0000000e+00
  -3.7725609e-02
  -2.3726397e-02
  -1.7513611e-02
  -1.4123281e-02
  -1.8393388e-02
  -1.3746052e-02
  -9.7013526e-03
  -8.5671478e-03
  -8.4051779e-03
  -7.1668141e-03
  -3.4227432e-03
   1.3727483e-03
   1.0353358e-02
   1.8155338e-02
   2.5809223e-02
   3.2043457e-02
   3.1731356e-02
   2.7558461e-02
   0.0000000e+00
   0.0000000e+00
   0.0000000e+00
   0.0000000e+00
   0.0000000e+00
   0.0000000e+00
   0.0000000e+00
   0.0000000e+00
   0.0000000e+00
   0.0000000e+00
   0.0000000e+00
   0.0000000e+00
   0.0000000e+00
   0.0000000e+00
   0.0000000e+00
  -8.0545787e-03
   4.3065594e-03
   1.1760955e-02
   1.5934043e-02
   1.4321657e-02
   1.0569667e-02
   5.5877417e-03
   3.6273487e-03
   2.4873871e-03
   2.2608432e-04
   0.0000000e+00
   0.0000000e+00
   0.0000000e+00
   0.0000000e+00
   0.0000000e+00
   0.0000000e+00
   0.0000000e+00
   0.0000000e+00
   0.0000000e+00
   0.0000000e+00
   0.0000000e+00
   0.0000000e+00
   0.0000000e+00
   0.0000000e+00
   0.0000000e+00
   0.0000000e+00
   0.0000000e+00
   0.0000000e+00
   0.0000000e+00
   0.0000000e+00
   0.0000000e+00
   0.0000000e+00
   0.0000000e+00
   0.0000000e+00
   0.0000000e+00
   0.0000000e+00
   0.0000000e+00
   0.0000000e+00
   0.0000000e+00
  -3.3619642e-02
  -2.2324573e-02
  -1.5046573e-02
  -0.0000000e+00
  -2.9890705e-02
  -2.8139293e-02
  -2.3750478e-02
  -2.2682019e-02
  -2.2189647e-02
  -2.1100251e-02
  -1.5658142e-02
  -9.4720582e-03
   3.2744820e-03
   1.3067279e-02
   2.4558432e-02
   3.2678515e-02
   3.4618654e-02
   3.4883464e-02
   0.0000000e+00
   0.0000000e+00
   0.0000000e+00
   0.0000000e+00
   0.0000000e+00
   0.0000000e+00
   0.0000000e+00
   0.0000000e+00
   0.0000000e+00
   0.0000000e+00
   0.0000000e+00
   0.0000000e+00
   0.0000000e+00
   0.0000000e+00
   0.0000000e+00
  -1.9187104e-02
  -4.2994870e-03
   6.4131990e-03
   1.3319490e-02
   1.3913007e-02
   1.1147340e-02
   7.9397159e-03
   6.4849863e-03
   6.9882562e-03
   0.0000000e+00
   0.0000000e+00
   0.0000000e+00
   0.0000000e+00
   0.0000000e+00
   0.0000000e+00
   0.0000000e+00
   0.0000000e+00
   0.0000000e+00
   0.0000000e+00
   0.0000000e+00
   0.0000000e+00
   0.0000000e+00
   0.0000000e+00
   0.0000000e+00
   0.0000000e+00
   0.0000000e+00
   0.0000000e+00
   0.0000000e+00
   0.0000000e+00
   0.0000000e+00
   0.0000000e+00
   0.0000000e+00
   0.0000000e+00
   0.0000000e+00
   0.0000000e+00
   0.0000000e+00
   0.0000000e+00
   0.0000000e+00
   0.0000000e+00
  -2.7835634e-02
  -2.3480881e-02
  -1.9369042e-02
   0.0000000e+00
  -0.0000000e+00
  -3.8259678e-02
  -3.9536409e-02
  -4.1301228e-02
  -4.0500663e-02
  -3.8623367e-02
  -3.0821154e-02
  -2.0724662e-02
  -6.6094417e-03
   5.6179813e-03
   1.8608557e-02
   2.8930701e-02
   3.5253223e-02
   0.0000000e+00
   0.0000000e+00
   0.0000000e+00
   0.0000000e+00
   0.0000000e+00
   0.0000000e+00
   0.0000000e+00
   0.0000000e+00
   0.0000000e+00
   0.0000000e+00
  -2.7865436e-02
   0.0000000e+00
   0.0000000e+00
   0.0000000e+00
   0.0000000e+00
  -4.4520324e-02
  -2.8496087e-02
  -1.5012294e-02
  -2.0169865e-03
   7.2830324e-03
   1.0432924e-02
   9.0009430e-03
   7.7903396e-03
   7.6485532e-03
   1.2451390e-02
   0.0000000e+00
   0.0000000e+00
   9.7781502e-03
   0.0000000e+00
   0.0000000e+00
   0.0000000e+00
   0.0000000e+00
   0.0000000e+00
   0.0000000e+00
   0.0000000e+00
   0.0000000e+00
   0.0000000e+00
   0.0000000e+00
   0.0000000e+00
   0.0000000e+00
   0.0000000e+00
   0.0000000e+00
   0.0000000e+00
   0.0000000e+00
   0.0000000e+00
   0.0000000e+00
   0.0000000e+00
   0.0000000e+00
   0.0000000e+00
   0.0000000e+00
   0.0000000e+00
   0.0000000e+00
   0.0000000e+00
   0.0000000e+00
   0.0000000e+00
  -2.4650914e-02
  -2.5436957e-02
  -2.4586235e-02
   0.0000000e+00
  -0.0000000e+00
  -4.2614331e-02
  -4.9637545e-02
  -5.9922665e-02
  -5.9604459e-02
  -5.2852657e-02
  -4.3577050e-02
  -2.5521323e-02
  -1.1130990e-02
   1.4312319e-03
   1.4608258e-02
   2.4237146e-02
   0.0000000e+00
   0.0000000e+00
   0.0000000e+00
   0.0000000e+00
   0.0000000e+00
   0.0000000e+00
   0.0000000e+00
   0.0000000e+00
   0.0000000e+00
  -2.7394447e-02
  -3.0040129e-02
  -2.3756790e-02
   0.0000000e+00
   0.0000000e+00
   0.0000000e+00
  -4.5345819e-02
  -4.5817641e-02
  -3.1705301e-02
  -2.7656255e-02
  -2.1338455e-02
  -4.1212402e-03
   2.5998012e-03
   4.1849250e-03
   4.0204781e-03
   5.8900556e-03
   1.2318539e-02
   0.0000000e+00
   1.6217515e-02
   1.3331897e-02
   0.0000000e+00
   0.0000000e+00
   2.0768910e-03
   0.0000000e+00
   0.0000000e+00
   0.0000000e+00
   0.0000000e+00
   0.0000000e+00
   0.0000000e+00
   0.0000000e+00
   0.0000000e+00
   0.0000000e+00
   0.0000000e+00
   0.0000000e+00
   0.0000000e+00
   0.0000000e+00
   0.0000000e+00
   0.0000000e+00
   0.0000000e+00
   0.0000000e+00
   0.0000000e+00
   0.0000000e+00
   0.0000000e+00
   0.0000000e+00
   0.0000000e+00
   0.0000000e+00
   0.0000000e+00
   0.0000000e+00
   0.0000000e+00
   0.0000000e+00
   0.0000000e+00
   0.0000000e+00
  -0.0000000e+00
  -5.1788545e-02
  -6.7949465e-02
  -7.2673246e-02
  -6.5053552e-02
  -5.2999690e-02
   0.0000000e+00
   0.0000000e+00
   0.0000000e+00
   0.0000000e+00
   0.0000000e+00
   0.0000000e+00
   0.0000000e+00
   0.0000000e+00
   0.0000000e+00
   0.0000000e+00
   0.0000000e+00
   0.0000000e+00
   0.0000000e+00
   0.0000000e+00
  -2.4834857e-02
  -2.6132349e-02
  -2.2151474e-02
  -2.1754543e-02
   0.0000000e+00
  -0.0000000e+00
  -3.5890858e-02
  -2.2712028e-02
  -3.1600425e-02
  -3.2067697e-02
  -6.0941633e-02
  -3.6110170e-02
  -2.0357164e-02
  -1.6780324e-02
  -1.2838105e-02
  -6.9371089e-03
  -4.8855995e-04
   1.6805403e-03
   1.8107068e-02
   2.5444318e-02
   0.0000000e+00
   0.0000000e+00
   2.0768906e-03
   0.0000000e+00
   0.0000000e+00
   0.0000000e+00
   0.0000000e+00
   0.0000000e+00
   0.0000000e+00
   0.0000000e+00
   0.0000000e+00
   0.0000000e+00
   0.0000000e+00
   0.0000000e+00
   0.0000000e+00
   0.0000000e+00
   0.0000000e+00
   0.0000000e+00
   0.0000000e+00
   0.0000000e+00
   0.0000000e+00
   0.0000000e+00
   0.0000000e+00
   0.0000000e+00
   0.0000000e+00
   0.0000000e+00
   0.0000000e+00
   0.0000000e+00
   0.0000000e+00
   0.0000000e+00
   0.0000000e+00
   0.0000000e+00
   0.0000000e+00
   0.0000000e+00
  -0.0000000e+00
  -8.4179243e-02
  -7.2428251e-02
  -6.2390968e-02
   0.0000000e+00
   0.0000000e+00
   0.0000000e+00
   0.0000000e+00
   0.0000000e+00
   0.0000000e+00
   0.0000000e+00
   0.0000000e+00
   0.0000000e+00
   0.0000000e+00
   0.0000000e+00
   0.0000000e+00
   0.0000000e+00
   0.0000000e+00
   0.0000000e+00
   0.0000000e+00
  -2.1262988e-02
  -1.8506210e-02
   0.0000000e+00
  -0.0000000e+00
  -3.9404266e-02
  -6.8766806e-03
   0.0000000e+00
   0.0000000e+00
   0.0000000e+00
  -7.7969960e-02
  -6.0925405e-02
  -6.0934100e-02
  -5.5598341e-02
  -4.2799864e-02
  -2.7214712e-02
  -2.0406814e-02
  -8.2616350e-03
   6.2791848e-03
   2.6648797e-02
   0.0000000e+00
   0.0000000e+00
   0.0000000e+00
   0.0000000e+00
   0.0000000e+00
   0.0000000e+00
   0.0000000e+00
   0.0000000e+00
   0.0000000e+00
   0.0000000e+00
   0.0000000e+00
   0.0000000e+00
   0.0000000e+00
   0.0000000e+00
   0.0000000e+00
   0.0000000e+00
   0.0000000e+00
   0.0000000e+00
   0.0000000e+00
   0.0000000e+00
   0.0000000e+00
   0.0000000e+00
   0.0000000e+00
   0.0000000e+00
   0.0000000e+00
   0.0000000e+00
   0.0000000e+00
   0.0000000e+00
   0.0000000e+00
  -0.0000000e+00
  -0.0000000e+00
  -0.0000000e+00
  -0.0000000e+00
  -0.0000000e+00
  -0.0000000e+00
  -5.7471115e-02
  -6.0123131e-02
  -4.4112157e-02
   0.0000000e+00
   0.0000000e+00
  -0.0000000e+00
  -0.0000000e+00
  -0.0000000e+00
  -0.0000000e+00
   0.0000000e+00
   0.0000000e+00
   0.0000000e+00
   0.0000000e+00
   0.0000000e+00
  -0.0000000e+00
   0.0000000e+00
   0.0000000e+00
   0.0000000e+00
  -0.0000000e+00
  -1.3043978e-02
   0.0000000e+00
  -2.4819838e-02
  -2.1832537e-02
  -1.6333047e-02
   0.0000000e+00
   0.0000000e+00
   0.0000000e+00
   0.0000000e+00
  -0.0000000e+00
  -7.4414432e-02
  -8.6651436e-02
  -7.0383564e-02
  -4.5878019e-02
  -3.4596961e-02
  -3.2814775e-02
  -1.4733411e-02
   1.0402975e-02
   5.6515165e-03
   0.0000000e+00
   0.0000000e+00
   0.0000000e+00
  -0.0000000e+00
  -7.4961988e-03
  -1.0277533e-02
  -1.1638089e-02
  -1.2780087e-02
  -0.0000000e+00
  -0.0000000e+00
   0.0000000e+00
   0.0000000e+00
   0.0000000e+00
   0.0000000e+00
   0.0000000e+00
   0.0000000e+00
   0.0000000e+00
   0.0000000e+00
   0.0000000e+00
   0.0000000e+00
   0.0000000e+00
   0.0000000e+00
   1.1434483e-02
   7.5669430e-03
   6.8241640e-03
   6.7161741e-03
   5.2699216e-03
   2.6187229e-03
  -2.1135317e-03
  -6.2808781e-03
  -8.1398459e-03
  -1.1513961e-02
  -1.6839772e-02
  -2.3614489e-02
  -2.8761307e-02
  -2.9121038e-02
  -2.2759044e-02
  -1.6499136e-02
  -1.4140861e-02
  -1.4788097e-02
  -1.4250056e-02
  -9.8883677e-03
  -4.4233049e-03
  -9.4055174e-03
  -0.0000000e+00
  -0.0000000e+00
  -1.5176066e-02
  -1.1971797e-02
  -5.6566790e-03
   3.0003020e-03
   0.0000000e+00
   0.0000000e+00
   0.0000000e+00
  -2.1213349e-02
  -1.8341461e-02
  -8.5844509e-03
   1.5171173e-03
   5.2653008e-03
   0.0000000e+00
   0.0000000e+00
   0.0000000e+00
   0.0000000e+00
   0.0000000e+00
   0.0000000e+00
  -0.0000000e+00
  -7.0919909e-02
  -6.0889341e-02
  -4.3549221e-02
  -3.6419425e-02
  -3.0724602e-02
  -1.8036637e-02
  -4.9889716e-03
   2.3293961e-04
   6.6076291e-03
   7.1489280e-03
   1.1866171e-03
  -4.3924074e-03
  -6.8391366e-03
  -8.3538452e-03
  -9.5374705e-03
  -1.0909167e-02
  -1.2781667e-02
  -1.2129255e-02
  -6.3019368e-03
  -2.8832119e-03
   6.1582781e-03
   0.0000000e+00
   0.0000000e+00
   0.0000000e+00
   1.5927093e-02
   1.7169868e-02
   1.7917145e-02
   1.7416306e-02
   1.6527600e-02
   1.4706579e-02
   1.3191335e-02
   1.2589590e-02
   1.2993631e-02
   1.3507782e-02
   1.3470120e-02
   1.1890297e-02
   9.3984661e-03
   6.6041379e-03
   3.9587715e-03
   2.8493879e-03
   2.5442664e-03
   2.5983649e-03
   2.3412480e-03
   1.3166862e-03
  -7.4643036e-04
  -2.5195647e-03
  -4.0665097e-03
  -5.6642106e-03
  -7.3441821e-03
  -9.6274006e-03
  -1.2526316e-02
  -1.3585685e-02
  -1.2029665e-02
  -6.2457277e-03
   1.4196945e-04
   4.2804030e-03
   2.9923163e-03
  -2.5221902e-03
  -0.0000000e+00
  -0.0000000e+00
  -0.0000000e+00
  -1.0130768e-02
  -0.0000000e+00
   0.0000000e+00
   0.0000000e+00
   0.0000000e+00
  -0.0000000e+00
  -0.0000000e+00
  -0.0000000e+00
  -0.0000000e+00
  -0.0000000e+00
  -0.0000000e+00
  -3.1264419e-02
  -3.4925890e-02
  -3.3167567e-02
  -2.7905576e-02
  -2.1684336e-02
  -1.4039824e-02
  -8.8679813e-03
  -5.7936882e-03
  -4.8724586e-03
  -5.4032442e-03
  -5.9330110e-03
  -5.4132264e-03
  -3.8723882e-03
  -2.2594913e-03
  -1.7171325e-03
  -2.8879773e-03
  -4.7812171e-03
  -5.6743644e-03
  -4.2911865e-03
  -1.2443269e-03
   3.0735004e-03
   5.6928546e-03
   8.1618443e-03
   1.2757127e-02
