   0.0000000e+00
   0.0000000e+00
   0.0000000e+00
   0.0000000e+00
   0.0000000e+00
   0.0000000e+00
   0.0000000e+00
   0.0000000e+00
   0.0000000e+00
   9.6713543e-02
   5.9208197e-02
   1.9960748e-02
   1.1154238e-02
   0.0000000e+00
  -0.0000000e+00
  -0.0000000e+00
   0.0000000e+00
   0.0000000e+00
   0.0000000e+00
   0.0000000e+00
   0.0000000e+00
   0.0000000e+00
   0.0000000e+00
   0.0000000e+00
   0.0000000e+00
   0.0000000e+00
   6.6472265e-02
   6.4552480e-02
   3.0875800e-02
   6.5801753e-03
  -1.3801256e-03
  -0.0000000e+00
   0.0000000e+00
   0.0000000e+00
   0.0000000e+00
   0.0000000e+00
   0.0000000e+00
   0.0000000e+00
   0.0000000e+00
   0.0000000e+00
   0.0000000e+00
   0.0000000e+00
   0.0000000e+00
   0.0000000e+00
   0.0000000e+00
   0.0000000e+00
   0.0000000e+00
   0.0000000e+00
   0.0000000e+00
   0.0000000e+00
   0.0000000e+00
   0.0000000e+00
   0.0000000e+00
   0.0000000e+00
   0.0000000e+00
   0.0000000e+00
   6.7441801e-02
   5.7907909e-02
   3.2971803e-02
   1.9154873e-02
   1.0049671e-02
   2.4554988e-03
  -7.2468850e-03
  -1.0602868e-02
  -1.2783418e-02
  -1.1144052e-02
  -8.0527684e-03
  -2.0508638e-04
   7.4137179e-04
  -5.3478923e-03
   3.4353309e-03
  -1.6097630e-02
  -2.2454166e-02
   0.0000000e+00
   4.7406272e-02
   3.1471096e-02
   2.9902847e-02
   2.5759198e-02
   1.8629331e-02
   1.0446525e-02
   8.7682255e-03
   7.0735270e-03
   4.8223515e-03
   1.4201377e-02
   1.8058518e-02
   1.5077115e-02
   6.4814745e-04
  -0.0000000e+00
   0.0000000e+00
   0.0000000e+00
   0.0000000e+00
   0.0000000e+00
   0.0000000e+00
   0.0000000e+00
   0.0000000e+00
   0.0000000e+00
   1.0598370e-02
   2.0210267e-03
  -9.5441323e-03
  -2.0525061e-02
   1.8347125e-04
   3.0839613e-03
   2.3316531e-03
   1.1385102e-03
   3.5762000e-03
   1.2131754e-03
   1.1027482e-03
   3.4561208e-03
  -3.9888703e-04
  -8.9405999e-03
  -1.7802948e-02
  -1.9814186e-02
  -2.0465473e-02
  -1.9468358e-02
  -1.6897250e-02
  -1.2748487e-02
  -6.7513157e-03
  -6.9422470e-03
  -5.7295975e-03
  -8.3096512e-03
  -7.0131854e-03
   3.9498498e-03
   7.0552710e-03
   1.1934360e-02
   1.9070162e-02
   2.1344254e-02
   2.2099288e-02
   2.0736814e-02
   1.7407177e-02
   1.3015278e-02
   7.1722837e-03
   4.6289400e-03
   2.6924536e-03
   5.8351265e-04
  -4.0591867e-03
  -1.0985817e-02
  -7.4275428e-03
   8.4383736e-03
   3.2876896e-02
   4.0932303e-02
   2.0156436e-02
   1.2541419e-02
   4.6967424e-03
   7.6068866e-03
  -1.0797665e-02
  -2.3875587e-02
  -3.6388218e-02
  -4.1010235e-02
  -3.8919028e-02
  -3.2781322e-02
  -2.5637060e-02
  -1.8665027e-02
  -1.4973245e-02
  -1.2785159e-02
  -7.0411768e-03
   1.8945141e-04
  -1.3491035e-03
  -1.3083735e-02
  -2.1516856e-02
  -2.4524733e-02
  -2.4499504e-02
  -2.3611682e-02
  -2.2502601e-02
  -1.9100243e-02
  -1.4346865e-02
  -1.2869958e-02
  -1.5011216e-02
  -2.1420514e-02
  -2.2575240e-02
  -1.9458669e-04
   1.0896043e-02
   1.2873547e-02
   1.6000189e-02
   1.8839186e-02
   1.8547807e-02
   1.6673757e-02
   1.3038362e-02
   6.3937865e-03
  -1.8497026e-03
  -9.6205827e-03
  -1.5726905e-02
  -1.9478224e-02
  -2.0841885e-02
  -1.8483477e-02
  -1.2037500e-02
  -1.3941425e-03
   8.6146500e-03
   1.5174501e-02
   1.7443065e-02
   1.4406951e-02
   5.0593382e-03
  -3.0647139e-03
  -3.5235532e-02
  -4.8045252e-02
  -5.7358500e-02
  -5.9460942e-02
  -5.4078083e-02
  -4.3103889e-02
  -3.1407911e-02
  -2.3963315e-02
  -2.1318046e-02
  -1.3115162e-02
  -2.2244041e-03
   3.8876319e-03
   1.3216566e-03
  -1.1730446e-02
  -2.0188989e-02
  -2.2297107e-02
  -2.2767643e-02
  -2.2585921e-02
  -2.1359375e-02
  -1.9942142e-02
  -1.7054219e-02
  -1.5091359e-02
  -1.8873863e-02
  -3.7083894e-02
  -5.6482775e-02
   0.0000000e+00
   1.0943148e-02
   7.3127570e-03
   1.0302200e-02
   1.2924163e-02
   1.1883130e-02
   9.4447462e-03
   3.3116858e-03
  -5.7520131e-03
  -1.5510200e-02
  -2.5249874e-02
  -3.3419415e-02
  -3.7121736e-02
  -3.6678422e-02
  -3.0842075e-02
  -2.2121325e-02
  -1.1121028e-02
  -9.2540216e-04
   5.0390814e-03
   1.0662409e-02
   1.0403370e-02
  -3.0143617e-03
  -1.9974805e-02
  -4.9964821e-02
  -5.8417707e-02
  -6.1705608e-02
  -5.8385189e-02
  -4.8755871e-02
  -3.5301295e-02
  -2.4165901e-02
  -1.9581650e-02
  -2.4307077e-02
  -8.4279089e-03
   1.1387994e-02
   9.2399839e-03
   3.4442744e-03
  -9.4643144e-03
  -1.7472776e-02
  -1.9154158e-02
  -1.9505408e-02
  -1.9396374e-02
  -1.8752316e-02
  -1.9938829e-02
  -1.9124253e-02
  -1.6618766e-02
  -1.7796617e-02
  -3.2095179e-02
  -6.4448010e-02
  -0.0000000e+00
  -6.8100718e-03
  -3.3720233e-03
   2.2281504e-03
   4.2757346e-03
   2.1659895e-03
  -2.2609341e-03
  -9.9459135e-03
  -1.9540174e-02
  -2.9622843e-02
  -3.8898756e-02
  -4.6259979e-02
  -4.5733200e-02
  -3.9711096e-02
  -3.3102487e-02
  -2.4969871e-02
  -1.4035022e-02
  -2.8644357e-03
   4.0135351e-03
   1.3789465e-02
   1.2811498e-02
  -7.9774056e-03
  -3.2247186e-02
  -5.3343430e-02
  -5.5166084e-02
  -5.2104648e-02
  -4.6096358e-02
  -3.7231099e-02
  -2.4242459e-02
  -1.3580723e-02
  -1.1879755e-02
  -1.3332587e-02
   0.0000000e+00
   9.0602251e-03
   5.1174755e-03
   9.2119962e-04
  -9.4088167e-03
  -1.5965875e-02
  -1.6411960e-02
  -1.5755819e-02
  -1.6540490e-02
  -1.7344754e-02
  -1.9730121e-02
  -2.0157089e-02
  -1.7491611e-02
  -1.4165452e-02
  -1.7227132e-02
  -4.0695070e-02
  -0.0000000e+00
  -1.6620873e-02
  -1.0126880e-02
  -3.8838210e-03
  -3.1889880e-03
  -5.7893135e-03
  -1.1160109e-02
  -1.9699782e-02
  -2.7626310e-02
  -3.5562947e-02
  -4.2623043e-02
  -4.4971880e-02
  -3.6991015e-02
  -2.7183279e-02
  -2.3588195e-02
  -1.8404486e-02
  -8.1916098e-03
   3.0246330e-03
   1.1521211e-02
   2.2577321e-02
   1.3961157e-02
  -1.3822638e-02
  -3.9317433e-02
  -4.4825845e-02
  -4.1876012e-02
  -3.1478075e-02
  -2.7325853e-02
  -2.2766819e-02
  -2.1706770e-02
  -2.7504221e-03
  -3.3740078e-03
  -6.4423546e-04
   9.6772537e-04
  -2.4896077e-03
  -1.8322634e-03
  -4.5130863e-03
  -1.0400363e-02
  -1.2815858e-02
  -1.2324058e-02
  -1.1671280e-02
  -1.3282430e-02
  -1.6052062e-02
  -1.9537386e-02
  -2.0867679e-02
  -1.6656164e-02
  -9.1300840e-03
  -6.1014737e-04
  -1.1240578e-02
  -0.0000000e+00
  -2.0468187e-02
  -1.3920602e-02
  -7.1715456e-03
  -8.4239244e-03
  -1.3804509e-02
  -2.0116769e-02
  -2.6175993e-02
  -3.0221110e-02
  -3.2916557e-02
  -3.3254739e-02
  -2.7047856e-02
  -1.3145136e-02
  -4.3396973e-03
  -6.1345720e-03
  -4.6851863e-03
   4.4111349e-03
   1.4353346e-02
   2.0287080e-02
   1.9997513e-02
   1.2127927e-03
  -2.3921039e-02
  -4.0502585e-02
  -2.1603712e-02
   0.0000000e+00
  -1.4712341e-02
  -1.2724107e-02
   0.0000000e+00
   0.0000000e+00
   1.5167672e-03
   3.2324817e-03
   5.7721054e-03
   5.6828600e-03
   2.3654357e-03
  -3.2203221e-03
  -7.1109673e-03
  -9.3718348e-03
  -8.8118110e-03
  -7.7032992e-03
  -7.5393277e-03
  -1.0175319e-02
  -1.4507998e-02
  -1.8489327e-02
  -2.0207554e-02
  -1.5242219e-02
  -5.5430066e-03
   1.1634504e-02
   1.3988318e-02
   0.0000000e+00
  -1.6121419e-02
  -1.1744143e-02
  -7.6746726e-03
  -1.3653506e-02
  -2.1030603e-02
  -2.5437998e-02
  -2.6683535e-02
  -2.5611993e-02
  -2.2196418e-02
  -1.5531926e-02
  -8.6178239e-03
   1.5150432e-03
   4.2272066e-03
  -3.1317298e-03
  -3.1935379e-03
   3.6793470e-03
   9.7528389e-03
   1.1017501e-02
   4.4733435e-03
  -1.0673146e-02
  -2.4046505e-02
  -2.8569620e-02
   7.0592351e-03
   0.0000000e+00
  -0.0000000e+00
  -0.0000000e+00
   0.0000000e+00
   0.0000000e+00
   0.0000000e+00
   8.8631250e-03
   8.8642966e-03
   6.9110300e-03
   1.2404077e-03
  -4.4899634e-03
  -6.7273155e-03
  -5.6309206e-03
  -3.1561563e-03
  -1.7389966e-03
  -2.8646141e-03
  -6.7938641e-03
  -1.2166139e-02
  -1.7071482e-02
  -1.8563766e-02
  -1.3350885e-02
  -1.7640103e-03
   2.0714631e-02
   1.6118471e-02
   0.0000000e+00
   0.0000000e+00
  -9.8143501e-03
  -1.3588564e-02
  -2.4466135e-02
  -2.9019456e-02
  -2.7120370e-02
  -2.2006497e-02
  -1.5865702e-02
  -6.8406267e-03
   1.0663316e-02
   3.5407003e-03
   8.9494176e-03
   4.9650907e-03
  -7.4087027e-03
  -7.0227776e-03
  -3.6892714e-03
  -1.1337400e-04
   5.8335165e-05
  -3.8160083e-03
  -9.9681364e-03
  -1.2642903e-02
  -7.5597060e-03
   3.3662077e-02
   0.0000000e+00
   0.0000000e+00
   0.0000000e+00
   0.0000000e+00
   0.0000000e+00
   0.0000000e+00
   1.1069782e-02
   7.8904382e-03
   4.2457835e-03
  -1.0294599e-04
  -2.5228932e-03
  -1.9549873e-03
   8.4481702e-04
   4.0962056e-03
   4.8198074e-03
   1.9146636e-03
  -3.5161746e-03
  -9.7372193e-03
  -1.5545906e-02
  -1.6464866e-02
  -1.0523391e-02
   2.8486205e-03
   2.7071561e-02
   2.4594271e-02
   0.0000000e+00
  -6.4016751e-04
  -1.2891041e-02
  -2.3721534e-02
  -3.7580999e-02
  -3.3731284e-02
  -2.3485679e-02
  -1.3331399e-02
  -3.4888210e-03
   1.1570485e-02
   4.0816596e-02
   5.1838392e-02
   0.0000000e+00
  -4.1084121e-03
  -1.0508262e-02
  -8.7932894e-03
  -8.3996184e-03
  -4.2010539e-03
  -1.7121971e-03
  -9.8399661e-04
  -2.1138465e-04
   3.4808307e-03
   1.5918535e-02
   5.1206034e-02
   0.0000000e+00
   0.0000000e+00
   0.0000000e+00
   0.0000000e+00
   0.0000000e+00
   0.0000000e+00
   1.1654833e-02
   7.6991855e-03
   5.0719269e-03
   3.5254676e-03
   3.8223874e-03
   5.6861169e-03
   8.4591582e-03
   1.1319298e-02
   1.0423437e-02
   5.7284245e-03
  -3.5760901e-04
  -7.3898090e-03
  -1.3894728e-02
  -1.3684215e-02
  -6.4342134e-03
   8.1667490e-03
   3.3657562e-02
   4.2598806e-02
   0.0000000e+00
   4.5947302e-03
  -1.3848665e-02
  -3.2791656e-02
  -4.8804171e-02
  -3.2348521e-02
  -1.5990702e-02
  -3.8223690e-03
   8.7063555e-03
   3.1242499e-02
   5.9052565e-02
   5.8804735e-02
   0.0000000e+00
  -0.0000000e+00
  -1.0671071e-02
  -9.9839903e-03
  -9.0274867e-03
  -1.6217446e-03
   3.7650203e-03
   7.7677290e-03
   1.2173305e-02
   1.9189021e-02
   3.6010373e-02
   5.8444925e-02
   0.0000000e+00
   0.0000000e+00
   0.0000000e+00
   0.0000000e+00
   0.0000000e+00
   0.0000000e+00
   1.5848495e-02
   1.2809181e-02
   1.1349555e-02
   1.0856840e-02
   1.1629598e-02
   1.3094550e-02
   1.5103973e-02
   1.6683759e-02
   1.4335132e-02
   9.1294684e-03
   2.2884179e-03
  -6.5404922e-03
  -1.2384955e-02
  -1.0186248e-02
  -1.1968972e-03
   1.4472155e-02
   4.1577168e-02
   5.6926856e-02
   0.0000000e+00
   0.0000000e+00
   0.0000000e+00
  -3.8697669e-02
  -5.9433293e-02
  -2.7806016e-02
  -8.4024174e-03
   4.5143063e-03
   2.0452393e-02
   5.4484330e-02
   8.8123231e-02
   0.0000000e+00
   0.0000000e+00
  -0.0000000e+00
  -6.2041760e-03
  -1.1712110e-02
  -5.7339706e-03
   5.7395441e-03
   1.2876908e-02
   1.8657865e-02
   2.4345469e-02
   3.2383442e-02
   4.8543379e-02
   5.5169652e-02
   2.1612934e-02
   0.0000000e+00
   0.0000000e+00
   0.0000000e+00
   0.0000000e+00
   2.1617640e-02
   2.1311512e-02
   1.8825131e-02
   1.7298386e-02
   1.6555268e-02
   1.6847976e-02
   1.7829753e-02
   1.9470870e-02
   2.0152956e-02
   1.7055400e-02
   1.0959629e-02
   2.1573508e-03
  -7.6606646e-03
  -1.1234220e-02
  -6.5750531e-03
   4.2201746e-03
   2.0986630e-02
   4.7546472e-02
   5.8833068e-02
   0.0000000e+00
   0.0000000e+00
   0.0000000e+00
  -0.0000000e+00
  -6.5086415e-02
  -2.3396412e-02
  -3.0894608e-03
   1.1211319e-02
   3.2285042e-02
   7.4862778e-02
   9.1233107e-02
   0.0000000e+00
   0.0000000e+00
  -0.0000000e+00
  -5.9249010e-03
  -8.1691625e-03
   1.0543870e-04
   1.3040799e-02
   2.0723315e-02
   2.7215501e-02
   3.2955121e-02
   4.0613163e-02
   5.3436853e-02
   4.5932770e-02
   2.2502892e-02
   0.0000000e+00
   0.0000000e+00
   0.0000000e+00
   0.0000000e+00
   2.6832536e-02
   2.6763299e-02
   2.4053400e-02
   2.2024812e-02
   2.0858994e-02
   2.1094535e-02
   2.2029370e-02
   2.3300992e-02
   2.2594819e-02
   1.7935326e-02
   9.7379796e-03
  -8.8702230e-04
  -9.2554828e-03
  -9.2601115e-03
  -1.8101316e-03
   1.0497632e-02
   2.8347522e-02
   5.2187070e-02
   5.0436156e-02
   0.0000000e+00
   0.0000000e+00
   0.0000000e+00
   0.0000000e+00
  -6.0906088e-02
  -1.7818658e-02
   2.1693048e-03
   1.8583693e-02
   4.4125490e-02
   8.2880214e-02
   7.2226670e-02
   0.0000000e+00
   0.0000000e+00
  -0.0000000e+00
  -1.4061749e-02
   3.7145726e-03
   8.4022060e-03
   1.9519012e-02
   2.7698917e-02
   3.4692224e-02
   4.0615108e-02
   4.7549799e-02
   5.5141371e-02
   4.3745974e-02
   2.5164334e-02
   1.2981196e-02
   0.0000000e+00
   0.0000000e+00
   0.0000000e+00
   3.0564187e-02
   3.1386301e-02
   2.7861901e-02
   2.5357448e-02
   2.4257089e-02
   2.4474175e-02
   2.5134940e-02
   2.5401625e-02
   2.2691618e-02
   1.5606876e-02
   5.2866478e-03
  -5.0725917e-03
  -9.4298793e-03
  -5.3803844e-03
   4.3303314e-03
   1.7803352e-02
   3.6491948e-02
   5.6583122e-02
   3.9975177e-02
   0.0000000e+00
   0.0000000e+00
   0.0000000e+00
   0.0000000e+00
  -4.6034345e-02
  -1.0679100e-02
   8.6894230e-03
   2.6668501e-02
   5.3507672e-02
   8.8201661e-02
   9.4372172e-02
   0.0000000e+00
   0.0000000e+00
  -0.0000000e+00
  -2.0856663e-02
   1.8874423e-02
   1.6626784e-02
   2.5868646e-02
   3.4626565e-02
   4.2490563e-02
   4.9077308e-02
   5.4219873e-02
   5.5302531e-02
   4.0452272e-02
   2.1780876e-02
   1.2410474e-02
   0.0000000e+00
   3.3167379e-02
   1.7777647e-02
   3.2615141e-02
   3.4351200e-02
   2.9530702e-02
   2.6949447e-02
   2.5921438e-02
   2.5559781e-02
   2.5278989e-02
   2.3840103e-02
   1.8772276e-02
   9.6658636e-03
  -6.3348736e-04
  -7.3905266e-03
  -6.8429718e-03
   3.8220495e-04
   1.1354430e-02
   2.5855336e-02
   4.5396235e-02
   6.1808251e-02
   6.0297180e-02
   0.0000000e+00
   0.0000000e+00
   0.0000000e+00
   0.0000000e+00
  -0.0000000e+00
  -1.6999285e-03
   1.6673401e-02
   3.4814890e-02
   5.9392467e-02
   8.2655400e-02
   8.1481864e-02
   0.0000000e+00
   0.0000000e+00
   0.0000000e+00
   0.0000000e+00
   2.7879465e-02
   2.5244445e-02
   3.2237712e-02
   4.1472871e-02
   5.0175283e-02
   5.7092756e-02
   5.8623727e-02
   5.3331129e-02
   3.5927579e-02
   2.1354532e-02
   1.3534843e-02
   2.1721493e-02
   3.0036271e-02
   3.0438056e-02
   3.8659446e-02
   3.3927672e-02
   2.8094379e-02
   2.5054922e-02
   2.3547316e-02
   2.2365442e-02
   2.0866102e-02
   1.7679757e-02
   1.1025476e-02
   2.4525321e-03
  -4.3887072e-03
  -6.0154777e-03
  -1.4530096e-03
   7.4601891e-03
   1.8947469e-02
   3.3877399e-02
   5.3073678e-02
   6.0584849e-02
   4.9278000e-02
   0.0000000e+00
   0.0000000e+00
   0.0000000e+00
   0.0000000e+00
  -0.0000000e+00
   9.0873484e-03
   2.5116520e-02
   4.1216377e-02
   5.9354179e-02
   6.7053355e-02
   6.0048053e-02
   0.0000000e+00
   0.0000000e+00
   0.0000000e+00
   0.0000000e+00
   2.6874080e-02
   3.1674828e-02
   3.7718151e-02
   4.6396375e-02
   5.5168368e-02
   6.1092295e-02
   5.8100056e-02
   4.8463840e-02
   3.1053727e-02
   2.1969581e-02
   1.9202679e-02
   2.4133092e-02
   1.6009182e-02
   1.0561414e-02
   4.4866630e-02
   2.9066300e-02
   2.1811457e-02
   1.7481806e-02
   1.5006041e-02
   1.3070933e-02
   1.0910610e-02
   7.3948284e-03
   1.9158125e-03
  -2.8197523e-03
  -4.3367450e-03
  -1.3223548e-03
   5.7810177e-03
   1.5166957e-02
   2.6237607e-02
   3.9821763e-02
   5.6584857e-02
   6.2273208e-02
   0.0000000e+00
   0.0000000e+00
   0.0000000e+00
   0.0000000e+00
   0.0000000e+00
   0.0000000e+00
   1.8601057e-02
   3.1966340e-02
   4.3495867e-02
   5.3129148e-02
   5.1061779e-02
   4.2559835e-02
   0.0000000e+00
   0.0000000e+00
   0.0000000e+00
   0.0000000e+00
   3.2323863e-02
   3.5732374e-02
   4.0290151e-02
   4.7423247e-02
   5.4999650e-02
   5.8328327e-02
   5.1447224e-02
   4.0503856e-02
   2.5336804e-02
   2.1623283e-02
   1.9202526e-02
   1.8266789e-02
   6.1325486e-03
   1.3838466e-02
   3.9121507e-02
   1.8678419e-02
   9.3242522e-03
   4.1499415e-03
   9.4546907e-04
  -1.2314885e-03
  -2.7345830e-03
  -4.6366191e-03
  -6.7040063e-03
  -6.4885914e-03
  -3.2473513e-03
   3.3253671e-03
   1.2240588e-02
   2.1650446e-02
   3.1087145e-02
   4.0639373e-02
   5.0734903e-02
   4.5914470e-02
   1.8739547e-02
   1.8739547e-02
   0.0000000e+00
   0.0000000e+00
   0.0000000e+00
   0.0000000e+00
   2.7636219e-02
   3.6020076e-02
   4.2037888e-02
   4.4510572e-02
   3.4056889e-02
   2.3803478e-02
   0.0000000e+00
   0.0000000e+00
   0.0000000e+00
   0.0000000e+00
   3.4788968e-02
   3.7337533e-02
   3.9878337e-02
   4.4703762e-02
   4.9883719e-02
   4.9463428e-02
   3.9702466e-02
   2.9672952e-02
   1.7654854e-02
   1.6996420e-02
   1.4029574e-02
   1.0971226e-02
   5.9331659e-03
   2.1043416e-02
   2.4864731e-02
   3.4374350e-03
  -4.9458885e-03
  -9.0021711e-03
  -1.1647518e-02
  -1.3478789e-02
  -1.4728545e-02
  -1.5576373e-02
  -1.5236165e-02
  -1.2229840e-02
  -6.5248436e-03
   1.9356611e-03
   1.1911438e-02
   2.1225845e-02
   2.8800065e-02
   3.3738664e-02
   3.5238611e-02
   3.1289437e-02
   1.7763284e-02
   1.3838666e-02
   0.0000000e+00
   0.0000000e+00
   0.0000000e+00
   0.0000000e+00
   3.3655141e-02
   3.8206546e-02
   3.9652592e-02
   3.7593967e-02
   2.4074459e-02
   1.2118963e-02
   0.0000000e+00
   0.0000000e+00
   0.0000000e+00
   0.0000000e+00
   3.4026226e-02
   3.6355039e-02
   3.6893597e-02
   3.9241506e-02
   4.1959504e-02
   3.8131865e-02
   2.5921328e-02
   1.7200203e-02
   1.0692844e-02
   9.8755976e-03
   6.7723747e-03
   6.1915125e-03
   7.1573830e-03
   1.5328802e-02
   5.6431460e-03
  -9.5156605e-03
  -1.5454558e-02
  -1.8577107e-02
  -2.0822470e-02
  -2.2839415e-02
  -2.4436652e-02
  -2.5154201e-02
  -2.4223081e-02
  -2.1071122e-02
  -1.5626320e-02
  -8.0649858e-03
   2.6727568e-04
   7.7494858e-03
   1.3580179e-02
   1.7158126e-02
   1.8006715e-02
   1.9593042e-02
   0.0000000e+00
   5.3769039e-03
   0.0000000e+00
   0.0000000e+00
   0.0000000e+00
   0.0000000e+00
   3.9308414e-02
   3.9433977e-02
   3.8242089e-02
   3.4466060e-02
   2.2097369e-02
   1.2787148e-02
   0.0000000e+00
   0.0000000e+00
   0.0000000e+00
   0.0000000e+00
   2.9074969e-02
   3.2471599e-02
   3.1890309e-02
   3.2209834e-02
   3.3441955e-02
   2.7930058e-02
   1.3924857e-02
   6.4717076e-03
   0.0000000e+00
   3.5155125e-03
   1.8213218e-03
   3.3184788e-03
   4.3887426e-03
   3.2005131e-03
  -6.9658025e-03
  -1.4843655e-02
  -1.8396653e-02
  -2.0335298e-02
  -2.1667626e-02
  -2.2882875e-02
  -2.3974342e-02
  -2.4791576e-02
  -2.4625713e-02
  -2.2924813e-02
  -1.9775333e-02
  -1.5649086e-02
  -1.1528576e-02
  -8.3023943e-03
  -6.8311519e-03
  -5.5394038e-03
  -1.0022651e-03
  -1.1964526e-03
  -0.0000000e+00
   6.9506244e-04
   0.0000000e+00
  -0.0000000e+00
  -8.4103412e-03
   4.4249358e-02
   4.1962225e-02
   3.9134141e-02
   3.8122974e-02
   3.4697820e-02
   2.0702049e-02
   1.0799706e-02
   0.0000000e+00
   0.0000000e+00
   0.0000000e+00
   0.0000000e+00
   2.0237146e-02
   2.5765674e-02
   2.5415409e-02
   2.4666239e-02
   2.5803661e-02
   2.0542920e-02
   5.9398320e-03
   1.9681059e-04
   0.0000000e+00
   0.0000000e+00
  -5.6095036e-05
   1.5846049e-03
   1.0274255e-03
  -2.4978522e-03
  -7.6938500e-03
  -1.0983171e-02
  -1.2414603e-02
  -1.2366226e-02
  -1.1531406e-02
  -1.0767269e-02
  -1.0394363e-02
  -1.0524588e-02
  -1.0627366e-02
  -1.0301261e-02
  -9.4982160e-03
  -8.6149889e-03
  -8.4135262e-03
  -9.7887765e-03
  -1.3879740e-02
  -1.9630167e-02
  -1.9059807e-02
  -1.2856757e-02
  -1.8527679e-02
  -1.8527679e-02
   0.0000000e+00
  -0.0000000e+00
  -8.4103401e-03
   2.9809622e-02
   3.7149160e-02
   3.9745259e-02
   3.9938594e-02
   3.6404810e-02
   1.8743669e-02
   9.9469793e-03
   0.0000000e+00
   0.0000000e+00
   0.0000000e+00
   0.0000000e+00
   1.9801700e-02
   2.1435031e-02
   1.8425865e-02
   1.7220070e-02
   2.0498784e-02
   1.6950996e-02
   1.9658406e-03
  -2.5332218e-03
   0.0000000e+00
   0.0000000e+00
   3.3095778e-04
   1.1961196e-03
   5.0874328e-04
  -2.0996034e-03
  -4.7241150e-03
  -6.4930238e-03
  -7.0290110e-03
  -5.9222218e-03
  -3.6147836e-03
  -1.1097699e-03
   9.9310756e-04
   2.2604640e-03
   3.0336053e-03
   3.8441336e-03
   4.5127724e-03
   4.4241133e-03
   2.9185797e-03
  -8.8001102e-04
  -8.4930946e-03
  -2.0794048e-02
  -2.9769752e-02
  -2.2801146e-02
   0.0000000e+00
   0.0000000e+00
   0.0000000e+00
  -0.0000000e+00
   8.5042919e-04
   2.4539581e-02
   3.3470679e-02
   3.6321323e-02
   3.0601528e-02
   2.8600728e-02
   1.9579526e-02
   0.0000000e+00
   0.0000000e+00
   0.0000000e+00
   0.0000000e+00
   0.0000000e+00
   2.6958877e-02
   1.8019080e-02
   8.1771044e-03
   8.0053396e-03
   1.7440358e-02
   1.6774319e-02
   6.3683492e-04
  -4.3880421e-03
   0.0000000e+00
   0.0000000e+00
   2.1779127e-03
  -7.7822705e-04
  -1.5077854e-03
  -4.0571773e-03
  -6.5098954e-03
  -8.1641544e-03
  -8.4652407e-03
  -6.9498364e-03
  -3.4034264e-03
   1.5158659e-03
   6.5131029e-03
   1.0493162e-02
   1.3121152e-02
   1.5020452e-02
   1.5878549e-02
   1.4883082e-02
   1.1572375e-02
   5.3079347e-03
  -5.2204593e-03
  -2.3963567e-02
  -4.3809332e-02
  -4.2241498e-02
   0.0000000e+00
   0.0000000e+00
   0.0000000e+00
  -1.1380821e-02
  -2.2550644e-03
   1.2393713e-02
   1.8401418e-02
   1.9655075e-02
   2.0991914e-02
   2.8600730e-02
   1.9579525e-02
   0.0000000e+00
   0.0000000e+00
   0.0000000e+00
   0.0000000e+00
   0.0000000e+00
   0.0000000e+00
   2.1913109e-02
  -6.7542947e-04
  -1.4408652e-03
   1.7872041e-02
   2.1033362e-02
   3.1397942e-03
  -4.3880418e-03
   0.0000000e+00
   0.0000000e+00
   3.7632455e-04
  -4.6406207e-03
  -5.9505869e-03
  -9.2423316e-03
  -1.2701307e-02
  -1.5989829e-02
  -1.7930867e-02
  -1.7852027e-02
  -1.5063386e-02
  -9.5694447e-03
  -2.6408897e-03
   3.7830197e-03
   8.3790962e-03
   1.1519871e-02
   1.3293798e-02
   1.3279046e-02
   1.1213441e-02
   6.9262749e-03
  -3.0835695e-04
  -2.0232361e-02
  -5.4191988e-02
  -5.1597144e-02
   0.0000000e+00
   0.0000000e+00
  -0.0000000e+00
  -1.8580148e-02
  -1.6868997e-02
  -9.8286318e-03
  -4.4408375e-03
   2.8588949e-03
   1.8156908e-02
   0.0000000e+00
   0.0000000e+00
   0.0000000e+00
   0.0000000e+00
   0.0000000e+00
   0.0000000e+00
   0.0000000e+00
   0.0000000e+00
   2.7515924e-02
  -8.6171767e-03
  -1.4013206e-02
   4.1319225e-02
   3.4000605e-02
   6.5503166e-03
   0.0000000e+00
  -0.0000000e+00
   8.2403323e-04
   9.2136953e-04
  -8.7067103e-03
  -9.3535781e-03
  -1.3878484e-02
  -1.9127592e-02
  -2.4806302e-02
  -2.9606489e-02
  -3.2778744e-02
  -3.3493035e-02
  -3.0985972e-02
  -2.5278088e-02
  -1.8214911e-02
  -1.2297340e-02
  -8.1545217e-03
  -4.9702697e-03
  -2.0454652e-03
   3.4334688e-04
   9.2737848e-04
  -2.1877691e-04
  -9.3942480e-03
  -5.1434547e-02
  -4.9835796e-02
  -6.2494563e-02
  -2.6694637e-02
  -2.4052597e-02
  -2.8972704e-02
  -3.2814924e-02
  -3.0303206e-02
  -2.3155000e-02
  -1.0206356e-02
   0.0000000e+00
   0.0000000e+00
   0.0000000e+00
   0.0000000e+00
   0.0000000e+00
   0.0000000e+00
   0.0000000e+00
   0.0000000e+00
   0.0000000e+00
   4.4032160e-02
  -1.1921681e-02
  -1.9820508e-02
   0.0000000e+00
   4.4889309e-02
   1.3848422e-02
   0.0000000e+00
  -0.0000000e+00
   2.6912151e-03
  -9.2934625e-04
  -1.1633860e-02
  -1.0417515e-02
  -1.5015933e-02
  -2.1729091e-02
  -2.9393725e-02
  -3.6351839e-02
  -4.2009349e-02
  -4.5841108e-02
  -4.6869277e-02
  -4.4267590e-02
  -3.8530229e-02
  -3.2091880e-02
  -2.7129976e-02
  -2.3024218e-02
  -1.8114963e-02
  -1.1642372e-02
  -6.5645738e-03
  -5.4439719e-03
  -3.5497373e-03
  -5.0863222e-02
  -3.5715892e-02
  -3.1864115e-02
  -1.8828252e-02
  -2.6681145e-02
  -3.4285078e-02
  -4.0245714e-02
  -4.2438428e-02
  -3.8927315e-02
  -2.3272288e-02
   0.0000000e+00
   0.0000000e+00
   0.0000000e+00
   0.0000000e+00
   0.0000000e+00
   0.0000000e+00
   0.0000000e+00
   0.0000000e+00
   0.0000000e+00
   4.7187882e-02
  -1.0620736e-02
  -2.4373327e-02
   0.0000000e+00
   4.1704516e-02
   2.2030632e-02
   0.0000000e+00
  -0.0000000e+00
   1.4411871e-03
   1.2492930e-03
  -1.0953173e-02
  -9.3522163e-03
  -1.2516234e-02
  -1.9543712e-02
  -2.8356461e-02
  -3.6764059e-02
  -4.4117535e-02
  -4.9867114e-02
  -5.3278760e-02
  -5.3585985e-02
  -5.0402304e-02
  -4.4666695e-02
  -3.9529237e-02
  -3.5108353e-02
  -2.9273270e-02
  -1.9822791e-02
  -9.3485730e-03
  -6.3542511e-03
  -5.2792460e-03
   0.0000000e+00
  -2.7406846e-02
  -2.0442670e-02
  -1.7259989e-02
  -2.3778695e-02
  -3.1668022e-02
  -3.9776924e-02
  -4.7651628e-02
  -5.2647338e-02
  -4.1781330e-02
   0.0000000e+00
   0.0000000e+00
   0.0000000e+00
   0.0000000e+00
   0.0000000e+00
   0.0000000e+00
   0.0000000e+00
   0.0000000e+00
   0.0000000e+00
   5.4356912e-02
  -5.0051467e-03
  -2.1405420e-02
   0.0000000e+00
   3.2511053e-02
   2.3017952e-02
   0.0000000e+00
   0.0000000e+00
  -7.9557458e-03
  -1.1068733e-02
  -1.3501463e-02
  -8.0800420e-03
  -8.3072083e-03
  -1.4236260e-02
  -2.3278248e-02
  -3.2601792e-02
  -4.1245539e-02
  -4.8350062e-02
  -5.3119797e-02
  -5.5084255e-02
  -5.4077916e-02
  -4.9941428e-02
  -4.5359097e-02
  -4.1255116e-02
  -3.5851732e-02
  -2.6176367e-02
  -1.1462981e-02
  -3.8113534e-03
  -8.1892342e-03
  -0.0000000e+00
  -2.1940816e-02
  -1.4050822e-02
  -1.3537657e-02
  -1.8936213e-02
  -2.7321652e-02
  -3.7205838e-02
  -4.9555931e-02
  -6.3317776e-02
  -6.2328272e-02
   0.0000000e+00
   0.0000000e+00
   0.0000000e+00
   0.0000000e+00
   0.0000000e+00
   0.0000000e+00
   0.0000000e+00
   0.0000000e+00
   0.0000000e+00
   0.0000000e+00
   3.5341620e-03
  -1.6708073e-02
   0.0000000e+00
   0.0000000e+00
   0.0000000e+00
   0.0000000e+00
   0.0000000e+00
  -2.0614520e-02
  -2.6057442e-02
  -1.7170388e-02
  -9.0110386e-03
  -4.9477895e-03
  -8.3052758e-03
  -1.6279511e-02
  -2.5675574e-02
  -3.4951791e-02
  -4.3096855e-02
  -4.8611961e-02
  -5.1154025e-02
  -5.0822809e-02
  -4.7924660e-02
  -4.4583935e-02
  -4.1891035e-02
  -3.8226221e-02
  -3.0490935e-02
  -1.4015757e-02
  -4.3031288e-03
   0.0000000e+00
  -2.4228940e-02
  -2.0742223e-02
  -1.0411466e-02
  -9.7433114e-03
  -1.5001119e-02
  -2.3681283e-02
  -3.4783125e-02
  -4.9843282e-02
  -7.0672698e-02
  -7.9972223e-02
   0.0000000e+00
   0.0000000e+00
   0.0000000e+00
   0.0000000e+00
   0.0000000e+00
   0.0000000e+00
   0.0000000e+00
   0.0000000e+00
   0.0000000e+00
   0.0000000e+00
   2.1706734e-02
  -1.5667095e-02
   0.0000000e+00
   0.0000000e+00
   0.0000000e+00
   0.0000000e+00
   0.0000000e+00
  -3.1566560e-02
  -3.7375498e-02
  -2.2306501e-02
  -1.1844380e-02
  -4.1427258e-03
  -3.5943694e-03
  -9.0447868e-03
  -1.7327778e-02
  -2.6352393e-02
  -3.4994151e-02
  -4.0979880e-02
  -4.3722740e-02
  -4.3419844e-02
  -4.0899238e-02
  -3.8031808e-02
  -3.6705177e-02
  -3.5962354e-02
  -3.2358128e-02
  -1.9427621e-02
  -5.9689938e-03
  -0.0000000e+00
  -2.3056667e-02
  -2.0171014e-02
  -8.5701020e-03
  -6.2320579e-03
  -1.0537911e-02
  -1.9075704e-02
  -3.1149037e-02
  -4.8066398e-02
  -7.3766402e-02
  -9.2906971e-02
   0.0000000e+00
   0.0000000e+00
   0.0000000e+00
   0.0000000e+00
   0.0000000e+00
   0.0000000e+00
   0.0000000e+00
   0.0000000e+00
   0.0000000e+00
   0.0000000e+00
   0.0000000e+00
   0.0000000e+00
   0.0000000e+00
   0.0000000e+00
   0.0000000e+00
   0.0000000e+00
   0.0000000e+00
  -0.0000000e+00
  -4.8032684e-02
  -2.6674716e-02
  -1.4248222e-02
  -4.9461112e-03
  -8.0798916e-04
  -2.5626898e-03
  -8.5537629e-03
  -1.6515365e-02
  -2.4918407e-02
  -3.1216111e-02
  -3.4350306e-02
  -3.4357522e-02
  -3.2137115e-02
  -2.9768752e-02
  -2.9842239e-02
  -3.2605343e-02
  -3.3252660e-02
  -2.1170139e-02
   0.0000000e+00
  -0.0000000e+00
  -1.8220266e-02
  -1.7469700e-02
  -6.4982763e-03
  -1.9818619e-03
  -4.5077051e-03
  -1.2019061e-02
  -2.4211526e-02
  -4.2396374e-02
  -7.0816122e-02
  -9.9284657e-02
   0.0000000e+00
   0.0000000e+00
   0.0000000e+00
   0.0000000e+00
   0.0000000e+00
   0.0000000e+00
   0.0000000e+00
   0.0000000e+00
   0.0000000e+00
   0.0000000e+00
   0.0000000e+00
   0.0000000e+00
   0.0000000e+00
   0.0000000e+00
   0.0000000e+00
   0.0000000e+00
   0.0000000e+00
   0.0000000e+00
  -5.0140145e-02
  -2.9534984e-02
  -1.4728976e-02
  -4.7032628e-03
   1.2813194e-03
   3.0276682e-03
  -2.3324517e-04
  -6.6947760e-03
  -1.4552161e-02
  -2.0850712e-02
  -2.4298476e-02
  -2.4612693e-02
  -2.3013931e-02
  -2.2179306e-02
  -2.4823278e-02
  -3.1293411e-02
  -3.5123594e-02
  -2.8002101e-02
   0.0000000e+00
  -0.0000000e+00
  -1.3712648e-02
  -1.4017868e-02
  -5.0506033e-03
   1.8173940e-03
   1.0376100e-03
  -4.5364876e-03
  -1.5029229e-02
  -3.2437909e-02
  -6.1597843e-02
  -9.9567981e-02
  -1.1149999e-01
   0.0000000e+00
   0.0000000e+00
   0.0000000e+00
   0.0000000e+00
   0.0000000e+00
   0.0000000e+00
   0.0000000e+00
   0.0000000e+00
   0.0000000e+00
   0.0000000e+00
   0.0000000e+00
   0.0000000e+00
   0.0000000e+00
   0.0000000e+00
   0.0000000e+00
   0.0000000e+00
   0.0000000e+00
  -0.0000000e+00
  -3.2213073e-02
  -1.6182184e-02
  -2.7463997e-03
   5.1900758e-03
   8.7649599e-03
   7.3334142e-03
   1.6700635e-03
  -5.9089260e-03
  -1.1983817e-02
  -1.5159093e-02
  -1.5147588e-02
  -1.3798755e-02
  -1.4875717e-02
  -2.1125877e-02
  -3.1575054e-02
  -3.3679847e-02
  -2.6720842e-02
   0.0000000e+00
   0.0000000e+00
  -0.0000000e+00
  -9.4374085e-03
  -5.5109323e-03
   3.4119645e-03
   4.5797871e-03
   9.3631865e-04
  -6.9438852e-03
  -2.1466572e-02
  -4.8293069e-02
  -9.2275970e-02
  -1.1043362e-01
   0.0000000e+00
   0.0000000e+00
   0.0000000e+00
  -0.0000000e+00
  -0.0000000e+00
   0.0000000e+00
   0.0000000e+00
   0.0000000e+00
   0.0000000e+00
   0.0000000e+00
   0.0000000e+00
   0.0000000e+00
   0.0000000e+00
   0.0000000e+00
   0.0000000e+00
   0.0000000e+00
   0.0000000e+00
  -0.0000000e+00
  -2.6117283e-02
  -2.0625183e-02
  -3.8603796e-03
   1.0721847e-02
   1.7406216e-02
   1.6687285e-02
   1.0687606e-02
   2.5762359e-03
  -3.7959462e-03
  -6.1771935e-03
  -5.0027859e-03
  -3.2359413e-03
  -5.8471509e-03
  -1.7132891e-02
  -3.1801663e-02
  -3.5352738e-02
   0.0000000e+00
   0.0000000e+00
   0.0000000e+00
   0.0000000e+00
   0.0000000e+00
   1.0403692e-04
   4.4841599e-03
   6.8307058e-03
   5.1939674e-03
  -4.4075353e-04
  -1.1725785e-02
  -3.3884868e-02
  -7.3293976e-02
  -8.4820916e-02
  -2.8209293e-02
   0.0000000e+00
  -0.0000000e+00
  -1.1144303e-02
  -1.9328231e-02
  -1.4828491e-02
   0.0000000e+00
   0.0000000e+00
   0.0000000e+00
   0.0000000e+00
   0.0000000e+00
   0.0000000e+00
   0.0000000e+00
   0.0000000e+00
   0.0000000e+00
   0.0000000e+00
   0.0000000e+00
  -0.0000000e+00
  -1.8048690e-02
  -2.1659380e-02
  -1.1919870e-02
   1.1520275e-02
   2.3431116e-02
   2.3998251e-02
   1.7880921e-02
   9.8343889e-03
   2.7814321e-03
   1.5456435e-03
   4.5352343e-03
   7.5515383e-03
   4.4835576e-03
  -1.1829541e-02
  -3.1912832e-02
  -2.6901350e-02
   0.0000000e+00
   0.0000000e+00
   0.0000000e+00
   0.0000000e+00
   0.0000000e+00
   0.0000000e+00
   9.1909381e-03
   9.2126677e-03
   8.6669731e-03
   4.3156466e-03
  -4.4981649e-03
  -2.2737013e-02
  -5.8078311e-02
  -6.1545226e-02
  -2.8209292e-02
  -1.3703691e-02
  -8.7726861e-03
  -9.1242534e-03
  -1.3909556e-02
  -5.2391133e-03
   0.0000000e+00
   0.0000000e+00
   0.0000000e+00
   0.0000000e+00
   0.0000000e+00
   0.0000000e+00
   0.0000000e+00
   0.0000000e+00
   0.0000000e+00
   0.0000000e+00
   0.0000000e+00
   0.0000000e+00
  -2.9472266e-02
  -3.5195214e-02
  -2.1740481e-02
   6.7806588e-03
   2.1833323e-02
   2.3978544e-02
   1.9278916e-02
   1.3624376e-02
   7.8482796e-03
   8.2225883e-03
   1.3167220e-02
   1.8402932e-02
   1.6259754e-02
  -3.3953995e-03
  -3.0511173e-02
  -3.1104424e-02
   0.0000000e+00
   0.0000000e+00
   0.0000000e+00
   0.0000000e+00
   0.0000000e+00
   0.0000000e+00
   7.9196855e-03
   9.6463263e-03
   1.0812172e-02
   6.5613864e-03
  -1.4867273e-04
  -1.4113476e-02
  -4.2504106e-02
  -6.5186484e-02
   0.0000000e+00
  -1.4408358e-02
  -8.8834716e-03
  -4.3469656e-03
   0.0000000e+00
   0.0000000e+00
   0.0000000e+00
   0.0000000e+00
   0.0000000e+00
   0.0000000e+00
   0.0000000e+00
   0.0000000e+00
   0.0000000e+00
   0.0000000e+00
   0.0000000e+00
   0.0000000e+00
   0.0000000e+00
   0.0000000e+00
  -2.8883974e-02
  -3.7326901e-02
  -3.2308754e-02
  -3.7705956e-03
   1.4519414e-02
   2.0494631e-02
   1.9281309e-02
   1.6836645e-02
   1.3450654e-02
   1.4971918e-02
   2.0920105e-02
   2.7932175e-02
   2.8077953e-02
   8.9878757e-03
  -2.0114196e-02
   0.0000000e+00
   0.0000000e+00
   0.0000000e+00
   0.0000000e+00
   0.0000000e+00
   0.0000000e+00
   0.0000000e+00
   4.2239841e-03
   6.9845697e-03
   1.0436342e-02
   6.0341000e-03
   2.9229640e-04
  -9.3022473e-03
  -2.9171249e-02
  -4.7668631e-02
   0.0000000e+00
  -1.5511805e-02
  -3.8908436e-03
  -5.9035718e-04
   0.0000000e+00
   0.0000000e+00
  -1.4511982e-03
  -8.2112466e-03
  -1.3443211e-02
   0.0000000e+00
   0.0000000e+00
   0.0000000e+00
   0.0000000e+00
   0.0000000e+00
   0.0000000e+00
   0.0000000e+00
   0.0000000e+00
   0.0000000e+00
  -0.0000000e+00
  -3.3515201e-02
  -2.8765492e-02
  -1.9433086e-03
   1.8416118e-02
   2.8441628e-02
   2.9210830e-02
   2.5514077e-02
   2.0587387e-02
   2.1152399e-02
   2.7222551e-02
   3.5133004e-02
   3.7708741e-02
   2.2587935e-02
   3.4364962e-04
   0.0000000e+00
   0.0000000e+00
   0.0000000e+00
   0.0000000e+00
   0.0000000e+00
   0.0000000e+00
   0.0000000e+00
   0.0000000e+00
   0.0000000e+00
   6.1369825e-03
   4.7101011e-03
   1.3156490e-03
  -5.4530217e-03
  -1.8517265e-02
  -2.8135736e-02
  -2.2236948e-02
   0.0000000e+00
  -0.0000000e+00
  -5.4879017e-03
  -7.9924608e-03
   1.4076662e-03
   1.6673344e-03
  -6.6081531e-03
  -1.4643867e-02
   0.0000000e+00
   0.0000000e+00
   0.0000000e+00
   0.0000000e+00
   0.0000000e+00
   0.0000000e+00
   0.0000000e+00
   0.0000000e+00
   0.0000000e+00
   0.0000000e+00
  -0.0000000e+00
  -2.8929157e-02
  -1.1002410e-03
   1.6500874e-02
   3.0096480e-02
   3.4310621e-02
   3.0794293e-02
   2.4179372e-02
   2.2593590e-02
   2.9505977e-02
   3.8762298e-02
   4.3188178e-02
   3.2609016e-02
   1.9574180e-02
   0.0000000e+00
   0.0000000e+00
   0.0000000e+00
   0.0000000e+00
   0.0000000e+00
   0.0000000e+00
   0.0000000e+00
   0.0000000e+00
   0.0000000e+00
  -0.0000000e+00
   1.2702764e-04
   4.6184646e-03
   4.6158995e-04
  -8.6444599e-03
  -1.7879851e-02
  -1.5927193e-02
   0.0000000e+00
   0.0000000e+00
  -0.0000000e+00
  -1.5586180e-03
  -2.6664294e-03
   0.0000000e+00
   4.0748419e-03
   0.0000000e+00
   0.0000000e+00
   0.0000000e+00
   0.0000000e+00
   0.0000000e+00
   0.0000000e+00
   0.0000000e+00
   0.0000000e+00
   0.0000000e+00
   0.0000000e+00
   0.0000000e+00
  -0.0000000e+00
  -4.9659815e-02
  -1.1980269e-02
  -2.6708683e-03
   1.6716503e-02
   2.6217336e-02
   2.6985116e-02
   2.2501664e-02
   1.8399240e-02
   2.4941985e-02
   3.6274452e-02
   4.2481560e-02
   3.6665462e-02
   2.7339002e-02
   0.0000000e+00
   0.0000000e+00
   0.0000000e+00
   0.0000000e+00
   0.0000000e+00
   0.0000000e+00
   0.0000000e+00
   0.0000000e+00
   0.0000000e+00
  -0.0000000e+00
  -8.3400914e-03
   4.9293493e-03
   5.5341944e-03
   4.1769841e-04
  -7.4911839e-03
   0.0000000e+00
   0.0000000e+00
   0.0000000e+00
   0.0000000e+00
   0.0000000e+00
   0.0000000e+00
   0.0000000e+00
   0.0000000e+00
   0.0000000e+00
   0.0000000e+00
   0.0000000e+00
   0.0000000e+00
   0.0000000e+00
   0.0000000e+00
   0.0000000e+00
   0.0000000e+00
   0.0000000e+00
   0.0000000e+00
   0.0000000e+00
   0.0000000e+00
  -5.8684299e-02
  -1.8498855e-03
  -3.6909918e-02
  -9.0108877e-03
   8.0562346e-03
   1.6965510e-02
   1.5257502e-02
   8.6610146e-03
   7.3161762e-03
   1.9920662e-02
   3.5400134e-02
   4.1614096e-02
   3.0523715e-02
   0.0000000e+00
   0.0000000e+00
   0.0000000e+00
   0.0000000e+00
   0.0000000e+00
   0.0000000e+00
   0.0000000e+00
   0.0000000e+00
  -0.0000000e+00
  -2.7562273e-02
  -1.5961848e-02
  -1.5861770e-03
   9.1760568e-03
   3.6187647e-03
   8.3543837e-03
  -0.0000000e+00
  -0.0000000e+00
   0.0000000e+00
   0.0000000e+00
   0.0000000e+00
   0.0000000e+00
   0.0000000e+00
   0.0000000e+00
   0.0000000e+00
   0.0000000e+00
   0.0000000e+00
   0.0000000e+00
   0.0000000e+00
   0.0000000e+00
   0.0000000e+00
   0.0000000e+00
   0.0000000e+00
   0.0000000e+00
   0.0000000e+00
   0.0000000e+00
  -3.3777333e-02
  -1.1055000e-02
  -5.6040801e-02
  -3.6366150e-02
  -1.8928514e-02
   1.2945079e-02
   1.5945266e-02
   6.6388010e-03
  -0.0000000e+00
   1.4684529e-03
   2.1656536e-02
   3.9376088e-02
   0.0000000e+00
   0.0000000e+00
   0.0000000e+00
   0.0000000e+00
   0.0000000e+00
   0.0000000e+00
   0.0000000e+00
   0.0000000e+00
   0.0000000e+00
  -0.0000000e+00
  -1.1553195e-02
  -2.0514475e-02
  -2.7843812e-02
  -2.5823616e-03
  -1.1642854e-02
  -1.5903449e-03
  -4.6552821e-03
  -3.3203036e-03
   0.0000000e+00
   0.0000000e+00
   0.0000000e+00
   0.0000000e+00
   0.0000000e+00
   0.0000000e+00
   0.0000000e+00
   0.0000000e+00
   0.0000000e+00
   0.0000000e+00
   0.0000000e+00
   0.0000000e+00
   0.0000000e+00
   0.0000000e+00
   0.0000000e+00
   0.0000000e+00
   0.0000000e+00
   0.0000000e+00
   0.0000000e+00
   0.0000000e+00
   0.0000000e+00
   0.0000000e+00
  -0.0000000e+00
  -0.0000000e+00
   0.0000000e+00
   0.0000000e+00
   0.0000000e+00
   0.0000000e+00
   0.0000000e+00
   0.0000000e+00
   0.0000000e+00
   0.0000000e+00
   0.0000000e+00
   0.0000000e+00
   0.0000000e+00
   0.0000000e+00
   0.0000000e+00
   0.0000000e+00
   0.0000000e+00
  -0.0000000e+00
  -0.0000000e+00
   0.0000000e+00
  -0.0000000e+00
  -2.9194831e-02
   0.0000000e+00
  -1.9099892e-02
  -1.7998042e-02
  -9.7813299e-03
   0.0000000e+00
   0.0000000e+00
   0.0000000e+00
   0.0000000e+00
   0.0000000e+00
   0.0000000e+00
   0.0000000e+00
   0.0000000e+00
   0.0000000e+00
   0.0000000e+00
   0.0000000e+00
   0.0000000e+00
   0.0000000e+00
   0.0000000e+00
   0.0000000e+00
   0.0000000e+00
   0.0000000e+00
   0.0000000e+00
   0.0000000e+00
   0.0000000e+00
   0.0000000e+00
   0.0000000e+00
  -0.0000000e+00
  -0.0000000e+00
  -1.0176223e-02
  -1.9191878e-02
  -0.0000000e+00
  -0.0000000e+00
   0.0000000e+00
   0.0000000e+00
  -0.0000000e+00
  -0.0000000e+00
   0.0000000e+00
   0.0000000e+00
   0.0000000e+00
   0.0000000e+00
   0.0000000e+00
  -0.0000000e+00
  -0.0000000e+00
  -0.0000000e+00
   0.0000000e+00
   0.0000000e+00
   0.0000000e+00
   0.0000000e+00
  -0.0000000e+00
  -2.6699225e-02
  -2.4676941e-02
  -2.6285300e-02
  -1.7968985e-02
   0.0000000e+00
   0.0000000e+00
   0.0000000e+00
   0.0000000e+00
   0.0000000e+00
   0.0000000e+00
   0.0000000e+00
   0.0000000e+00
   0.0000000e+00
   0.0000000e+00
   0.0000000e+00
   0.0000000e+00
   2.9291969e-03
   8.0596644e-03
   1.3622984e-02
   1.5215270e-02
   1.5077348e-02
   1.2488139e-02
   7.3476077e-03
   9.3012373e-03
   6.5878799e-03
   5.7770636e-03
   4.3326092e-03
   7.1270708e-04
  -4.1379070e-03
  -1.8840214e-03
  -2.7616765e-03
  -1.9614733e-03
  -4.1727469e-03
  -1.0066741e-02
  -1.9144961e-02
  -2.8739124e-02
  -2.8673789e-02
  -2.3517552e-02
  -2.0442905e-02
  -0.0000000e+00
  -0.0000000e+00
  -0.0000000e+00
  -0.0000000e+00
  -0.0000000e+00
  -0.0000000e+00
  -0.0000000e+00
  -0.0000000e+00
  -0.0000000e+00
  -0.0000000e+00
  -1.3460222e-02
  -1.4027375e-02
  -1.2662137e-02
  -0.0000000e+00
  -0.0000000e+00
   0.0000000e+00
   0.0000000e+00
   0.0000000e+00
   0.0000000e+00
   0.0000000e+00
   0.0000000e+00
   0.0000000e+00
   0.0000000e+00
   0.0000000e+00
   2.6972473e-03
