   0.0000000e+00
   0.0000000e+00
   0.0000000e+00
   0.0000000e+00
   0.0000000e+00
   0.0000000e+00
   0.0000000e+00
   0.0000000e+00
   0.0000000e+00
   8.1564018e-02
   8.1564018e-02
   0.0000000e+00
   0.0000000e+00
   0.0000000e+00
   0.0000000e+00
   0.0000000e+00
   0.0000000e+00
   0.0000000e+00
   0.0000000e+00
   0.0000000e+00
   0.0000000e+00
   0.0000000e+00
   0.0000000e+00
   0.0000000e+00
   0.0000000e+00
   0.0000000e+00
   3.6826296e-02
   0.0000000e+00
   0.0000000e+00
   0.0000000e+00
   0.0000000e+00
   0.0000000e+00
   0.0000000e+00
   0.0000000e+00
   0.0000000e+00
   0.0000000e+00
   0.0000000e+00
   0.0000000e+00
   0.0000000e+00
   0.0000000e+00
   0.0000000e+00
   0.0000000e+00
   0.0000000e+00
   0.0000000e+00
   0.0000000e+00
   0.0000000e+00
   0.0000000e+00
   0.0000000e+00
   0.0000000e+00
   0.0000000e+00
   0.0000000e+00
   0.0000000e+00
   0.0000000e+00
   0.0000000e+00
   0.0000000e+00
   0.0000000e+00
   7.3626622e-02
   1.0404633e-01
   7.0202890e-02
   3.4667423e-02
   1.5852600e-02
   9.6246180e-03
  -1.3874876e-04
  -1.0618035e-02
  -1.2446516e-02
  -1.1075793e-02
  -9.7319632e-03
  -2.9613681e-04
   3.8774117e-03
  -5.6364990e-03
   3.1768351e-03
  -4.6287660e-03
  -2.5069478e-02
   0.0000000e+00
   6.2602606e-02
   6.4472270e-02
   4.1270523e-02
   2.3841221e-02
   1.3191748e-02
   3.0145380e-03
  -5.0865827e-03
   5.9979318e-03
   2.6280780e-03
   9.1324439e-03
   2.1233041e-02
   2.0484016e-02
   2.0526400e-02
   0.0000000e+00
   0.0000000e+00
   0.0000000e+00
   0.0000000e+00
   0.0000000e+00
   0.0000000e+00
   0.0000000e+00
   0.0000000e+00
   0.0000000e+00
   0.0000000e+00
   0.0000000e+00
   4.7457292e-03
  -7.2704620e-03
   1.5778991e-02
   1.5965050e-02
   1.7418356e-02
   1.1516114e-02
   2.3524420e-02
   2.7445136e-02
   1.6497461e-02
   1.2211705e-02
   6.5361951e-03
   4.7652263e-04
  -8.5105980e-03
  -1.3970782e-02
  -1.4029170e-02
  -1.6518248e-02
  -1.2271497e-02
  -1.1059892e-02
  -2.1314824e-03
  -3.5431869e-03
  -4.0799333e-03
  -2.6895176e-03
  -1.6159518e-02
  -2.3531854e-03
   2.4558482e-02
   1.4749529e-02
   2.0536907e-02
   2.4462203e-02
   2.3221072e-02
   2.3142695e-02
   1.7187402e-02
   1.2487123e-02
   7.8705652e-03
   7.7358540e-03
   1.2560497e-02
   1.1200181e-02
   4.9870260e-03
  -8.2808827e-03
  -1.3484747e-02
  -2.1564039e-04
   2.5354117e-02
   5.4757279e-02
   3.3677175e-02
   1.2918496e-02
   5.2000025e-03
   4.8021340e-04
   4.4578136e-03
  -3.2612842e-03
  -1.4690492e-02
  -2.5783767e-02
  -2.5776401e-02
  -1.6761990e-02
  -1.4607765e-02
  -1.3831771e-02
  -9.7689256e-03
  -8.9188861e-03
  -7.1686674e-03
  -2.2783016e-03
   1.1959715e-03
  -6.4780689e-03
  -1.6999733e-02
  -2.2545779e-02
  -2.3695461e-02
  -2.3071541e-02
  -2.1935510e-02
  -1.9062845e-02
  -1.4010321e-02
  -1.0349303e-02
  -1.0302533e-02
  -1.2091890e-02
  -1.3079174e-02
  -6.3325409e-03
   3.6981986e-03
   9.4144316e-03
   1.5175330e-02
   1.8992124e-02
   2.0697718e-02
   1.9972112e-02
   1.7813645e-02
   1.3790448e-02
   7.2524934e-03
   9.1926841e-04
  -4.3425551e-03
  -7.6529607e-03
  -1.0457293e-02
  -1.2164153e-02
  -1.1229905e-02
  -2.4482033e-03
   1.1813619e-02
   2.6233470e-02
   2.4400668e-02
   1.7519288e-02
   1.0379748e-02
   4.0338811e-03
  -1.8593241e-02
  -3.1618752e-02
  -4.4154666e-02
  -5.1597241e-02
  -5.2271470e-02
  -4.5464076e-02
  -3.5552099e-02
  -2.6059741e-02
  -2.0112121e-02
  -1.6975243e-02
  -1.0446542e-02
  -1.5643100e-03
   2.3270282e-03
  -6.2177456e-03
  -1.7906513e-02
  -2.2857985e-02
  -2.4355227e-02
  -2.3334704e-02
  -2.3200551e-02
  -2.1460930e-02
  -1.7708624e-02
  -1.4662406e-02
  -1.5881212e-02
  -2.0495601e-02
  -3.9392487e-02
  -0.0000000e+00
   1.2026547e-02
   1.1966518e-02
   1.1982103e-02
   1.4883347e-02
   1.6581936e-02
   1.4660877e-02
   1.1218770e-02
   5.2393326e-03
  -4.0856786e-03
  -1.3290896e-02
  -2.1416381e-02
  -2.7656442e-02
  -2.9840387e-02
  -2.8060244e-02
  -2.2045299e-02
  -1.2378518e-02
  -1.3615695e-03
   6.1945869e-03
   1.1193163e-02
   1.4166601e-02
   7.2535761e-03
  -5.8042705e-03
  -3.5749104e-02
  -5.0485428e-02
  -5.9157863e-02
  -6.2375989e-02
  -5.8493167e-02
  -4.7400724e-02
  -3.4305379e-02
  -2.5397876e-02
  -2.3080416e-02
  -1.9950096e-02
  -5.5735221e-04
   6.8667126e-03
   6.2434082e-03
  -3.3897283e-03
  -1.5411660e-02
  -2.0460298e-02
  -2.1118034e-02
  -2.0657631e-02
  -2.1486612e-02
  -2.0017006e-02
  -1.7859992e-02
  -1.8030981e-02
  -1.8190248e-02
  -1.8107712e-02
  -6.0689481e-02
   0.0000000e+00
   2.6111488e-03
   2.4616804e-03
   4.1622496e-03
   7.7719586e-03
   8.4587010e-03
   6.0853218e-03
   6.9954770e-04
  -7.6580797e-03
  -1.8202486e-02
  -2.7786244e-02
  -3.7386872e-02
  -4.3488629e-02
  -4.2337600e-02
  -3.7587196e-02
  -2.9915214e-02
  -1.9448807e-02
  -7.9673836e-03
  -1.3413740e-04
   6.9094133e-03
   1.2874888e-02
   3.4401482e-03
  -1.6155506e-02
  -4.5723725e-02
  -5.6310110e-02
  -5.8388159e-02
  -5.5839334e-02
  -4.7940295e-02
  -3.6646098e-02
  -2.3127168e-02
  -1.6965138e-02
  -1.6599637e-02
  -2.1308722e-02
   1.2725172e-02
   9.9997241e-03
   5.9702527e-03
  -2.8596658e-03
  -1.4027295e-02
  -1.7728342e-02
  -1.7500453e-02
  -1.7852202e-02
  -1.8094478e-02
  -1.7980287e-02
  -2.0176714e-02
  -2.0021070e-02
  -1.6265284e-02
  -1.2350908e-02
  -4.1677099e-02
   0.0000000e+00
  -1.4256720e-02
  -1.0608301e-02
  -3.3385940e-03
   3.9655963e-04
  -1.2249377e-03
  -4.0988009e-03
  -1.0807541e-02
  -1.9818908e-02
  -2.8877735e-02
  -3.7714958e-02
  -4.5291670e-02
  -4.5946572e-02
  -3.8444452e-02
  -3.1859498e-02
  -2.5981518e-02
  -1.7355507e-02
  -5.8008246e-03
   3.2358652e-03
   1.3418802e-02
   1.9451356e-02
   2.8810306e-03
  -2.3782546e-02
  -4.7698747e-02
  -5.0244395e-02
  -4.4850998e-02
  -3.9091710e-02
  -3.2057848e-02
  -2.8405359e-02
  -1.1987539e-02
  -7.1084248e-03
  -6.3895117e-03
  -4.5466931e-03
   2.9812934e-03
   4.5955749e-04
   2.9603945e-04
  -5.6924736e-03
  -1.3162983e-02
  -1.4775546e-02
  -1.3934847e-02
  -1.4009295e-02
  -1.5444051e-02
  -1.8065710e-02
  -2.1344775e-02
  -1.9688394e-02
  -1.3701568e-02
  -5.5155708e-03
  -1.8345721e-02
   0.0000000e+00
  -1.9239493e-02
  -1.7414303e-02
  -8.7336348e-03
  -5.1417113e-03
  -8.0160527e-03
  -1.2661169e-02
  -2.0016676e-02
  -2.6861338e-02
  -3.2827623e-02
  -3.7838314e-02
  -3.9642002e-02
  -3.2244328e-02
  -1.8608311e-02
  -1.3870842e-02
  -1.3313392e-02
  -7.0414762e-03
   4.5744241e-03
   1.3656584e-02
   2.2098154e-02
   1.9108491e-02
  -5.1207491e-03
  -3.1560980e-02
  -3.7414975e-02
  -4.0878312e-02
  -2.9455118e-02
  -2.0334771e-02
  -2.2189927e-02
  -0.0000000e+00
  -7.7039336e-04
  -6.1862584e-04
   3.7316800e-04
   3.5307630e-03
   2.2333073e-03
  -1.0382254e-03
  -3.7929195e-03
  -8.2641970e-03
  -1.1337205e-02
  -1.1025719e-02
  -1.0030540e-02
  -1.0595215e-02
  -1.3830870e-02
  -1.7539212e-02
  -2.0760680e-02
  -1.8965701e-02
  -1.1724971e-02
   1.1008396e-04
   2.4170881e-03
   0.0000000e+00
  -1.7827796e-02
  -1.6512137e-02
  -9.5345573e-03
  -7.5599351e-03
  -1.3566922e-02
  -1.9798640e-02
  -2.5312671e-02
  -2.8259285e-02
  -2.9465748e-02
  -2.8326316e-02
  -2.3075033e-02
  -1.1878321e-02
  -9.1372966e-04
  -8.5042528e-04
  -4.1001323e-03
   1.2440842e-03
   1.0622296e-02
   1.6553110e-02
   1.7194053e-02
   5.3071426e-03
  -1.6284296e-02
  -3.2794289e-02
  -1.2648032e-02
  -0.0000000e+00
  -0.0000000e+00
  -0.0000000e+00
  -0.0000000e+00
   0.0000000e+00
   0.0000000e+00
   6.4517936e-03
   6.6986862e-03
   8.5269324e-03
   5.1130434e-03
  -1.0288454e-03
  -6.1866376e-03
  -8.1281504e-03
  -7.1437890e-03
  -5.3880727e-03
  -4.7032749e-03
  -6.4624003e-03
  -1.0994383e-02
  -1.5555123e-02
  -1.9422928e-02
  -1.7602436e-02
  -9.6646789e-03
   5.5371695e-03
   2.2299460e-02
   0.0000000e+00
  -0.0000000e+00
  -1.1851968e-02
  -8.6954003e-03
  -1.2952247e-02
  -2.2250121e-02
  -2.6362993e-02
  -2.6365189e-02
  -2.3279613e-02
  -1.8464748e-02
  -9.5080985e-03
  -1.9047195e-03
  -1.4778482e-03
   8.5608936e-03
  -1.8968059e-04
  -6.7649703e-03
  -3.0668203e-03
   2.1245535e-03
   4.7416212e-03
   2.0609403e-03
  -6.9096922e-03
  -1.6715895e-02
  -2.0211253e-02
   1.5515007e-02
   0.0000000e+00
   0.0000000e+00
   0.0000000e+00
   0.0000000e+00
   0.0000000e+00
   0.0000000e+00
   1.1965587e-02
   9.5969606e-03
   7.5526345e-03
   3.1274110e-03
  -2.3048418e-03
  -4.7003757e-03
  -3.7600035e-03
  -6.7691971e-04
   1.7620925e-03
   1.2061225e-03
  -2.1672291e-03
  -7.9125175e-03
  -1.3639834e-02
  -1.7642224e-02
  -1.5472893e-02
  -6.5944702e-03
   1.1429175e-02
   2.5464537e-02
   0.0000000e+00
  -6.4016749e-04
  -6.4016749e-04
  -1.3369175e-02
  -2.7016656e-02
  -3.3705927e-02
  -2.9581621e-02
  -2.1757282e-02
  -1.3394822e-02
  -3.7759712e-03
   1.4512224e-02
   3.4656509e-02
   0.0000000e+00
   9.4949976e-03
  -5.8584479e-03
  -9.2619834e-03
  -7.6756994e-03
  -4.9599465e-03
  -2.3744337e-03
  -2.5354854e-03
  -4.5750509e-03
  -5.0377748e-03
  -5.2338885e-04
   3.8224939e-02
   0.0000000e+00
   0.0000000e+00
   0.0000000e+00
   0.0000000e+00
   0.0000000e+00
   0.0000000e+00
   1.3866810e-02
   9.2518814e-03
   5.8271037e-03
   2.7606559e-03
   6.5939856e-04
   1.2127581e-03
   3.3827429e-03
   6.7495639e-03
   8.7204566e-03
   6.3613644e-03
   1.4131275e-03
  -5.0149756e-03
  -1.1947135e-02
  -1.5704611e-02
  -1.2533186e-02
  -2.4177283e-03
   1.6991200e-02
   3.6521267e-02
   0.0000000e+00
   1.6708311e-03
   1.6708311e-03
  -1.8782371e-02
  -3.9838221e-02
  -4.0318143e-02
  -2.6149891e-02
  -1.3605203e-02
  -2.5946931e-03
   1.1105329e-02
   3.8281213e-02
   5.7021520e-02
   0.0000000e+00
  -0.0000000e+00
  -1.2852986e-02
  -8.8218339e-03
  -1.0133990e-02
  -6.3179946e-03
  -9.3715050e-04
   2.2528348e-03
   4.8749652e-03
   8.8866251e-03
   1.8177235e-02
   5.1877951e-02
   0.0000000e+00
   0.0000000e+00
   0.0000000e+00
   0.0000000e+00
   0.0000000e+00
   0.0000000e+00
   1.5810385e-02
   1.1574595e-02
   8.8062201e-03
   7.5244531e-03
   7.2997371e-03
   8.6723118e-03
   1.0630669e-02
   1.3365092e-02
   1.3942354e-02
   1.0235768e-02
   4.4649932e-03
  -2.6416999e-03
  -1.0710500e-02
  -1.3474256e-02
  -8.6766378e-03
   2.6880171e-03
   2.2867399e-02
   4.8296360e-02
   0.0000000e+00
   0.0000000e+00
   0.0000000e+00
  -2.4408624e-02
  -5.0722496e-02
  -4.3458185e-02
  -1.9763216e-02
  -5.5875227e-03
   6.9756192e-03
   2.5591136e-02
   6.3335560e-02
   0.0000000e+00
   0.0000000e+00
   0.0000000e+00
  -1.4462753e-02
  -7.5913798e-03
  -1.1117723e-02
  -2.5191467e-03
   5.4717225e-03
   1.0846455e-02
   1.5831299e-02
   2.1719803e-02
   3.3127386e-02
   5.6667030e-02
   5.7715213e-02
   0.0000000e+00
   0.0000000e+00
   0.0000000e+00
   0.0000000e+00
   1.9166443e-02
   2.0061977e-02
   1.6944684e-02
   1.4721520e-02
   1.3848287e-02
   1.3729514e-02
   1.4745616e-02
   1.6106687e-02
   1.8161317e-02
   1.7506517e-02
   1.3222620e-02
   6.5895896e-03
  -2.3180358e-03
  -1.0479846e-02
  -1.1162522e-02
  -4.3304600e-03
   8.3908485e-03
   2.9343452e-02
   5.5698980e-02
   0.0000000e+00
   0.0000000e+00
   0.0000000e+00
  -0.0000000e+00
  -6.1808899e-02
  -4.4778250e-02
  -1.3831461e-02
   7.9540518e-04
   1.5560112e-02
   4.1520637e-02
   8.5180975e-02
   0.0000000e+00
   0.0000000e+00
   0.0000000e+00
  -1.0072849e-02
  -6.0290247e-03
  -9.1986763e-03
   4.0563480e-03
   1.3163705e-02
   1.9785047e-02
   2.5614126e-02
   3.1814184e-02
   4.2865898e-02
   5.5867810e-02
   3.3164853e-02
   0.0000000e+00
   0.0000000e+00
   0.0000000e+00
   0.0000000e+00
   2.3329877e-02
   2.4712097e-02
   2.2812596e-02
   2.0365061e-02
   1.9094117e-02
   1.8625608e-02
   1.9404124e-02
   2.0560589e-02
   2.1916525e-02
   2.0036543e-02
   1.4592486e-02
   6.0501159e-03
  -4.3963031e-03
  -1.0584644e-02
  -8.2872268e-03
   7.7271892e-04
   1.4869503e-02
   3.6325853e-02
   5.6534801e-02
   0.0000000e+00
   0.0000000e+00
   0.0000000e+00
   0.0000000e+00
  -7.1805575e-02
  -4.2057004e-02
  -8.7226452e-03
   6.6227242e-03
   2.4643067e-02
   5.7232045e-02
   8.5108727e-02
   0.0000000e+00
   0.0000000e+00
   0.0000000e+00
  -9.5463726e-03
  -9.9385396e-03
  -1.1507688e-03
   1.1207364e-02
   2.0162780e-02
   2.7602294e-02
   3.3683445e-02
   3.9794687e-02
   4.9116567e-02
   5.3229079e-02
   3.2539897e-02
   2.1751885e-02
   0.0000000e+00
   0.0000000e+00
   0.0000000e+00
   2.8223682e-02
   2.9499087e-02
   2.7770557e-02
   2.4768079e-02
   2.3046788e-02
   2.2619544e-02
   2.3355883e-02
   2.4286442e-02
   2.4384957e-02
   2.0593787e-02
   1.2884870e-02
   2.3001183e-03
  -7.3408149e-03
  -9.6026696e-03
  -3.8631284e-03
   6.9952314e-03
   2.2289718e-02
   4.3684758e-02
   5.1530212e-02
   0.0000000e+00
   0.0000000e+00
   0.0000000e+00
   0.0000000e+00
  -6.5409163e-02
  -3.3447441e-02
  -3.1038597e-03
   1.3271359e-02
   3.3875234e-02
   6.8869986e-02
   8.9443978e-02
   0.0000000e+00
   0.0000000e+00
   0.0000000e+00
  -1.2533609e-02
  -2.2294317e-02
   1.0093165e-02
   1.7994856e-02
   2.6723774e-02
   3.4943037e-02
   4.1646786e-02
   4.7799770e-02
   5.3865891e-02
   5.0005864e-02
   3.2465383e-02
   1.6449702e-02
   0.0000000e+00
   0.0000000e+00
   1.2678302e-02
   2.5596727e-02
   3.3826798e-02
   3.1040128e-02
   2.7482178e-02
   2.5806293e-02
   2.5352182e-02
   2.5556909e-02
   2.5613036e-02
   2.3766536e-02
   1.7519573e-02
   7.6470268e-03
  -2.8078342e-03
  -8.5941441e-03
  -6.3680261e-03
   2.1147330e-03
   1.4183787e-02
   3.0649289e-02
   5.2393269e-02
   5.8287984e-02
   0.0000000e+00
   0.0000000e+00
   0.0000000e+00
   0.0000000e+00
  -0.0000000e+00
  -1.9751512e-02
   4.1417130e-03
   2.1058554e-02
   4.2499159e-02
   7.4548386e-02
   8.9629711e-02
   0.0000000e+00
   0.0000000e+00
   0.0000000e+00
  -0.0000000e+00
  -2.6059032e-02
   2.2212140e-02
   2.4729185e-02
   3.3484310e-02
   4.2473305e-02
   5.0193824e-02
   5.5746488e-02
   5.6648355e-02
   4.5395143e-02
   2.9961526e-02
   1.4919587e-02
   1.4760686e-02
   2.7570558e-02
   3.1846954e-02
   2.9901452e-02
   3.6076933e-02
   3.1675979e-02
   2.7687388e-02
   2.5852736e-02
   2.5005890e-02
   2.4196725e-02
   2.2819057e-02
   1.8708628e-02
   1.0651780e-02
   1.1247592e-03
  -5.8709891e-03
  -6.5919957e-03
  -7.8402343e-04
   9.1613634e-03
   2.2034185e-02
   3.9228287e-02
   5.9240855e-02
   5.6403054e-02
   0.0000000e+00
   0.0000000e+00
   0.0000000e+00
   0.0000000e+00
   0.0000000e+00
  -4.4378493e-03
   1.2969286e-02
   2.9322445e-02
   4.8734978e-02
   7.1238205e-02
   7.2458902e-02
   0.0000000e+00
   0.0000000e+00
   0.0000000e+00
   0.0000000e+00
   1.1243657e-02
   3.0326604e-02
   3.1309530e-02
   3.9689962e-02
   4.8870537e-02
   5.7122994e-02
   6.0554430e-02
   5.5798773e-02
   3.9163314e-02
   2.7494788e-02
   1.7648190e-02
   1.9862950e-02
   2.5904050e-02
   1.8571563e-02
   4.8309925e-02
   3.6838416e-02
   2.8527074e-02
   2.3512281e-02
   2.0780517e-02
   1.9170692e-02
   1.7409198e-02
   1.4831670e-02
   9.8175360e-03
   2.7650062e-03
  -3.0189273e-03
  -4.8659225e-03
  -1.3229602e-03
   6.4982008e-03
   1.6800303e-02
   2.9654175e-02
   4.6020910e-02
   6.3134335e-02
   5.8027294e-02
   0.0000000e+00
   0.0000000e+00
   0.0000000e+00
   0.0000000e+00
   0.0000000e+00
   8.8292690e-03
   2.1715537e-02
   3.5764582e-02
   4.9919747e-02
   6.1269272e-02
   5.4500792e-02
   0.0000000e+00
   0.0000000e+00
   0.0000000e+00
   0.0000000e+00
   2.0821216e-02
   3.3892311e-02
   3.6190350e-02
   4.3161038e-02
   5.1528551e-02
   5.8970671e-02
   5.9057426e-02
   5.0259080e-02
   3.1309772e-02
   2.5336873e-02
   2.0028083e-02
   2.0832129e-02
   1.8132854e-02
   3.2005348e-03
   3.7613548e-02
   3.2300692e-02
   1.9493071e-02
   1.2819777e-02
   8.9938305e-03
   6.5497784e-03
   4.6550347e-03
   2.6271320e-03
  -7.2388386e-04
  -3.9021976e-03
  -4.4128969e-03
  -1.4127445e-03
   5.3262371e-03
   1.4236080e-02
   2.4000542e-02
   3.4904506e-02
   4.7585763e-02
   5.6330767e-02
   5.1773897e-02
   0.0000000e+00
   0.0000000e+00
   0.0000000e+00
   0.0000000e+00
   0.0000000e+00
   1.8087429e-02
   2.8856399e-02
   3.8748492e-02
   4.6381384e-02
   4.7985293e-02
   3.5632665e-02
   0.0000000e+00
   0.0000000e+00
   0.0000000e+00
   0.0000000e+00
   2.9181559e-02
   3.5964526e-02
   3.8317487e-02
   4.3098152e-02
   4.9617384e-02
   5.4529414e-02
   5.0805364e-02
   4.0093541e-02
   2.1570280e-02
   2.0902038e-02
   1.7744921e-02
   1.6034979e-02
   1.0422516e-02
   6.5337643e-03
   3.3335175e-02
   1.9699711e-02
   5.4035112e-03
  -8.9749868e-04
  -4.4983109e-03
  -6.8597859e-03
  -8.4347613e-03
  -9.6722478e-03
  -1.0879084e-02
  -1.0456797e-02
  -7.1484572e-03
  -9.0299174e-04
   8.0738431e-03
   1.7847318e-02
   2.6866075e-02
   3.4561001e-02
   4.0880337e-02
   4.0648721e-02
   3.5396927e-02
   1.8739547e-02
   0.0000000e+00
   0.0000000e+00
   0.0000000e+00
   0.0000000e+00
   2.8857847e-02
   3.3989109e-02
   3.9335731e-02
   4.1344106e-02
   3.7228491e-02
   2.0595487e-02
   0.0000000e+00
   0.0000000e+00
   0.0000000e+00
   0.0000000e+00
   3.1702124e-02
   3.6070731e-02
   3.7754778e-02
   3.9958980e-02
   4.4182107e-02
   4.5948636e-02
   3.8574241e-02
   2.6893526e-02
   1.1788679e-02
   1.4460314e-02
   1.1211137e-02
   9.5577016e-03
   6.7711906e-03
   1.0968117e-02
   2.1643488e-02
   3.5493153e-03
  -7.9666553e-03
  -1.2816283e-02
  -1.5711609e-02
  -1.7907113e-02
  -1.9639926e-02
  -2.0814233e-02
  -2.0980224e-02
  -1.9086951e-02
  -1.4660102e-02
  -7.7004437e-03
   1.2613608e-03
   1.0308635e-02
   1.8047871e-02
   2.3728378e-02
   2.6129810e-02
   2.7176651e-02
   0.0000000e+00
   1.1084428e-02
   0.0000000e+00
   0.0000000e+00
   0.0000000e+00
   0.0000000e+00
   3.6054652e-02
   3.7828434e-02
   3.9309315e-02
   3.7735905e-02
   3.1669855e-02
   1.6068221e-02
   0.0000000e+00
   0.0000000e+00
   0.0000000e+00
   0.0000000e+00
   3.1603618e-02
   3.2922301e-02
   3.4721974e-02
   3.4625798e-02
   3.6830809e-02
   3.6415935e-02
   2.6449114e-02
   1.3845206e-02
   6.6317368e-03
   9.5488386e-03
   4.5916205e-03
   4.5101498e-03
   4.7142957e-03
   7.8082653e-03
   5.7176426e-03
  -8.1503280e-03
  -1.5320968e-02
  -1.8641641e-02
  -2.0698616e-02
  -2.2402424e-02
  -2.3912610e-02
  -2.5052179e-02
  -2.5298173e-02
  -2.3868974e-02
  -2.0534679e-02
  -1.5444023e-02
  -9.3318466e-03
  -3.5046516e-03
   9.6213608e-04
   3.8317330e-03
   6.4238673e-03
   9.0005055e-03
   0.0000000e+00
   2.3618488e-03
   0.0000000e+00
   0.0000000e+00
   0.0000000e+00
   0.0000000e+00
   4.3618966e-02
   3.9498657e-02
   3.9054535e-02
   3.6720283e-02
   3.0014284e-02
   1.4853439e-02
   0.0000000e+00
   0.0000000e+00
   0.0000000e+00
   0.0000000e+00
   2.5383119e-02
   2.6177865e-02
   2.9379450e-02
   2.7978228e-02
   2.9012918e-02
   2.8087653e-02
   1.7109605e-02
   4.5784391e-03
  -0.0000000e+00
   0.0000000e+00
   1.5018112e-03
   1.6205648e-03
   2.6350055e-03
   2.1004146e-03
  -3.2855085e-03
  -1.0627250e-02
  -1.4293430e-02
  -1.5846917e-02
  -1.6276915e-02
  -1.6435441e-02
  -1.6655222e-02
  -1.7092316e-02
  -1.7395359e-02
  -1.6922336e-02
  -1.5444692e-02
  -1.3186524e-02
  -1.0827481e-02
  -9.2636162e-03
  -9.5002365e-03
  -1.1887629e-02
  -1.2617601e-02
  -9.4205756e-03
  -1.2056722e-02
  -8.8347292e-03
   0.0000000e+00
   0.0000000e+00
  -2.4311391e-02
   1.2965586e-02
   3.9868332e-02
   3.8918593e-02
   3.9616593e-02
   3.8085070e-02
   2.9471202e-02
   1.3197180e-02
   0.0000000e+00
   0.0000000e+00
   0.0000000e+00
   0.0000000e+00
   2.2044557e-02
   2.1182452e-02
   2.3450973e-02
   2.0557112e-02
   2.1937688e-02
   2.2459215e-02
   1.1510338e-02
  -3.9984229e-04
  -0.0000000e+00
   0.0000000e+00
   1.6706441e-03
   5.2277435e-04
   1.4170652e-03
  -4.9028354e-04
  -4.3476736e-03
  -7.6679643e-03
  -9.4304576e-03
  -9.6194975e-03
  -8.4038208e-03
  -6.7408035e-03
  -5.2348024e-03
  -4.3499530e-03
  -3.9707343e-03
  -3.5541866e-03
  -2.8556300e-03
  -2.2128459e-03
  -2.2366396e-03
  -3.7348226e-03
  -7.7505144e-03
  -1.5563965e-02
  -2.3818896e-02
  -2.1013807e-02
  -1.6235965e-02
  -1.8527679e-02
   0.0000000e+00
   0.0000000e+00
  -1.6847055e-02
   1.3644384e-02
   3.3282839e-02
   3.7198122e-02
   3.6847110e-02
   3.4300964e-02
   2.6669028e-02
   1.3400690e-02
   0.0000000e+00
   0.0000000e+00
   0.0000000e+00
   0.0000000e+00
   2.4863386e-02
   2.1243141e-02
   1.6752923e-02
   1.1677184e-02
   1.5663177e-02
   2.0050780e-02
   9.3019119e-03
  -2.4464921e-03
   0.0000000e+00
   0.0000000e+00
   3.0141405e-03
   1.0107421e-04
   2.5237221e-04
  -1.6416444e-03
  -4.3764045e-03
  -6.5647572e-03
  -7.6860813e-03
  -7.2994991e-03
  -5.1072334e-03
  -1.7314303e-03
   1.9615709e-03
   5.0296822e-03
   7.0790829e-03
   8.5202475e-03
   9.6566717e-03
   9.8505740e-03
   8.4896042e-03
   4.9251631e-03
  -1.7617929e-03
  -1.3860299e-02
  -3.0762782e-02
  -3.5475586e-02
  -2.9828572e-02
   0.0000000e+00
   0.0000000e+00
   0.0000000e+00
  -9.0149411e-03
   1.0437830e-02
   2.3451523e-02
   2.8370892e-02
   2.8105043e-02
   2.9418041e-02
   2.4160596e-02
   0.0000000e+00
   0.0000000e+00
   0.0000000e+00
   0.0000000e+00
   0.0000000e+00
   0.0000000e+00
   2.8275196e-02
   1.0159712e-02
   1.7106124e-03
   1.0010397e-02
   2.1482267e-02
   9.9055891e-03
  -2.6672435e-03
   0.0000000e+00
   0.0000000e+00
   3.9380408e-03
  -1.4124827e-03
  -2.7608578e-03
  -4.9232631e-03
  -7.9089701e-03
  -1.0666849e-02
  -1.2439518e-02
  -1.2602127e-02
  -1.0548054e-02
  -6.2109712e-03
  -4.0622312e-04
   5.2983258e-03
   9.6678277e-03
   1.2613599e-02
   1.4586524e-02
   1.4992570e-02
   1.3345980e-02
   9.2802802e-03
   2.2863909e-03
  -1.0659063e-02
  -3.6998548e-02
  -5.0460890e-02
  -4.4368896e-02
   0.0000000e+00
   0.0000000e+00
  -2.1080912e-02
  -1.3311819e-02
  -2.8223328e-03
   5.2139089e-03
   1.0187777e-02
   1.5953692e-02
   0.0000000e+00
   0.0000000e+00
   0.0000000e+00
   0.0000000e+00
   0.0000000e+00
   0.0000000e+00
   0.0000000e+00
   0.0000000e+00
   4.2437528e-02
   5.7905521e-03
  -8.4019871e-03
   4.6596914e-03
   3.1645603e-02
   1.3820007e-02
   0.0000000e+00
   0.0000000e+00
  -7.3935317e-03
   4.8168761e-03
  -4.4680992e-03
  -6.7548514e-03
  -9.4289016e-03
  -1.3594645e-02
  -1.8046321e-02
  -2.1990132e-02
  -2.4399018e-02
  -2.4541827e-02
  -2.1789711e-02
  -1.6209427e-02
  -9.2642531e-03
  -3.0671926e-03
   1.2946622e-03
   4.3069962e-03
   6.1687175e-03
   6.8170065e-03
   5.8049816e-03
   2.5716056e-03
  -4.7229356e-03
  -3.4567881e-02
  -5.6693926e-02
  -5.3611375e-02
  -6.6169294e-02
  -2.4473168e-02
  -2.3504229e-02
  -2.4352182e-02
  -2.2382649e-02
  -1.7180016e-02
  -8.0722841e-03
  -0.0000000e+00
   0.0000000e+00
   0.0000000e+00
   0.0000000e+00
   0.0000000e+00
   0.0000000e+00
   0.0000000e+00
   0.0000000e+00
   0.0000000e+00
   6.0295412e-02
   6.1960006e-03
  -1.6207621e-02
  -0.0000000e+00
   4.8225991e-02
   2.1423412e-02
   0.0000000e+00
   0.0000000e+00
  -6.5042012e-03
   5.8126412e-03
  -7.7073458e-03
  -9.5350612e-03
  -1.2069768e-02
  -1.7582458e-02
  -2.4045981e-02
  -3.0483836e-02
  -3.5728224e-02
  -3.9198928e-02
  -4.0044140e-02
  -3.7423842e-02
  -3.1703379e-02
  -2.4968514e-02
  -1.9597137e-02
  -1.5630763e-02
  -1.1931039e-02
  -7.6243561e-03
  -3.6506620e-03
  -2.2936019e-03
  -2.3984550e-03
  -2.5026484e-02
  -5.2496992e-02
  -4.7148958e-02
  -3.2176595e-02
  -2.3651573e-02
  -2.8448435e-02
  -3.5171211e-02
  -3.7500676e-02
  -3.5162505e-02
  -2.2655331e-02
  -0.0000000e+00
   0.0000000e+00
   0.0000000e+00
   0.0000000e+00
   0.0000000e+00
   0.0000000e+00
   0.0000000e+00
   0.0000000e+00
   0.0000000e+00
   7.3180654e-02
   1.1791801e-02
  -2.0338099e-02
   0.0000000e+00
   4.8128573e-02
   2.9106747e-02
   0.0000000e+00
   0.0000000e+00
  -4.2961041e-03
   5.0150275e-03
  -9.7537332e-03
  -1.0424829e-02
  -1.1557880e-02
  -1.7351151e-02
  -2.5241969e-02
  -3.3422370e-02
  -4.0577970e-02
  -4.6401177e-02
  -5.0130904e-02
  -5.0774548e-02
  -4.7860861e-02
  -4.2029869e-02
  -3.6213141e-02
  -3.1676594e-02
  -2.7081141e-02
  -2.0325987e-02
  -1.1814085e-02
  -6.5456885e-03
  -5.3386348e-03
  -0.0000000e+00
  -3.1325004e-02
  -2.8754035e-02
  -1.9452883e-02
  -2.1476518e-02
  -2.9992327e-02
  -3.7477333e-02
  -4.3388959e-02
  -4.7026627e-02
  -3.8490202e-02
  -0.0000000e+00
   0.0000000e+00
   0.0000000e+00
   0.0000000e+00
   0.0000000e+00
   0.0000000e+00
   0.0000000e+00
   0.0000000e+00
   0.0000000e+00
   6.7755531e-02
   1.8813180e-02
  -1.9703606e-02
   0.0000000e+00
   3.7186732e-02
   3.0211469e-02
   0.0000000e+00
   0.0000000e+00
  -3.3080171e-03
  -1.3312262e-03
  -1.2392501e-02
  -1.0160215e-02
  -8.8430215e-03
  -1.3430987e-02
  -2.1620197e-02
  -3.0790379e-02
  -3.9284509e-02
  -4.6657924e-02
  -5.2047160e-02
  -5.4814715e-02
  -5.4536305e-02
  -5.0707661e-02
  -4.5398980e-02
  -4.0922314e-02
  -3.6211677e-02
  -2.8619112e-02
  -1.6653076e-02
  -6.0844412e-03
  -6.9525539e-03
   0.0000000e+00
  -2.7661622e-02
  -2.0598223e-02
  -1.5055238e-02
  -1.8213959e-02
  -2.5400938e-02
  -3.3988163e-02
  -4.3551460e-02
  -5.4273639e-02
  -5.6105435e-02
  -0.0000000e+00
   0.0000000e+00
   0.0000000e+00
   0.0000000e+00
   0.0000000e+00
   0.0000000e+00
   0.0000000e+00
   0.0000000e+00
   0.0000000e+00
   0.0000000e+00
   2.7368447e-02
  -1.4680980e-02
   0.0000000e+00
   0.0000000e+00
   0.0000000e+00
   0.0000000e+00
   0.0000000e+00
  -5.0631387e-03
  -2.0013741e-02
  -1.8938013e-02
  -1.1839643e-02
  -6.3731191e-03
  -8.2073202e-03
  -1.5349014e-02
  -2.4717137e-02
  -3.3995807e-02
  -4.2552903e-02
  -4.9041543e-02
  -5.2837122e-02
  -5.3811569e-02
  -5.1730637e-02
  -4.7640089e-02
  -4.3927737e-02
  -4.0135469e-02
  -3.3819828e-02
  -2.1247696e-02
  -6.1430417e-03
  -0.0000000e+00
  -2.1455084e-02
  -2.6105683e-02
  -1.5402867e-02
  -1.0783440e-02
  -1.3625482e-02
  -2.0887554e-02
  -3.0382892e-02
  -4.2363256e-02
  -5.8491319e-02
  -7.1727693e-02
  -0.0000000e+00
   0.0000000e+00
   0.0000000e+00
   0.0000000e+00
   0.0000000e+00
   0.0000000e+00
   0.0000000e+00
   0.0000000e+00
   0.0000000e+00
   0.0000000e+00
   3.2975177e-02
  -7.5241885e-03
   0.0000000e+00
   0.0000000e+00
   0.0000000e+00
   0.0000000e+00
   0.0000000e+00
  -1.2084206e-02
  -3.3371329e-02
  -2.3788774e-02
  -1.5319980e-02
  -6.2540164e-03
  -4.1483678e-03
  -8.7053021e-03
  -1.7021213e-02
  -2.6178744e-02
  -3.5306208e-02
  -4.2559579e-02
  -4.6789087e-02
  -4.7927391e-02
  -4.6354052e-02
  -4.3248229e-02
  -4.0797703e-02
  -3.8924385e-02
  -3.5508890e-02
  -2.4828797e-02
  -9.5251707e-03
   0.0000000e+00
  -2.0992989e-02
  -2.4301168e-02
  -1.3989953e-02
  -7.5524463e-03
  -9.8261228e-03
  -1.6803874e-02
  -2.6924357e-02
  -4.0406484e-02
  -5.9988197e-02
  -8.3100729e-02
  -0.0000000e+00
   0.0000000e+00
   0.0000000e+00
   0.0000000e+00
   0.0000000e+00
   0.0000000e+00
   0.0000000e+00
   0.0000000e+00
   0.0000000e+00
   0.0000000e+00
   0.0000000e+00
   0.0000000e+00
   0.0000000e+00
   0.0000000e+00
   0.0000000e+00
   0.0000000e+00
   0.0000000e+00
  -0.0000000e+00
  -4.4634669e-02
  -3.2607280e-02
  -1.9009799e-02
  -8.0556003e-03
  -2.4017687e-03
  -3.1258091e-03
  -8.9936862e-03
  -1.6995976e-02
  -2.5875723e-02
  -3.3457279e-02
  -3.8041454e-02
  -3.9318442e-02
  -3.7876848e-02
  -3.5042387e-02
  -3.3242755e-02
  -3.3632282e-02
  -3.4549080e-02
  -2.6715495e-02
  -0.0000000e+00
   0.0000000e+00
  -1.7262929e-02
  -2.2592589e-02
  -1.2920897e-02
  -4.7238339e-03
  -5.2235425e-03
  -1.1135201e-02
  -2.1305963e-02
  -3.5916451e-02
  -5.7667438e-02
  -8.8593580e-02
  -1.0002786e-01
   0.0000000e+00
   0.0000000e+00
   0.0000000e+00
   0.0000000e+00
   0.0000000e+00
   0.0000000e+00
   0.0000000e+00
   0.0000000e+00
   0.0000000e+00
   0.0000000e+00
   0.0000000e+00
   0.0000000e+00
   0.0000000e+00
   0.0000000e+00
   0.0000000e+00
   0.0000000e+00
   0.0000000e+00
  -5.6712967e-02
  -3.9131190e-02
  -2.0892592e-02
  -9.1896577e-03
  -1.8386706e-03
   1.1136129e-03
  -1.4440588e-03
  -7.5007962e-03
  -1.5535249e-02
  -2.2984668e-02
  -2.7911589e-02
  -2.9588562e-02
  -2.8498421e-02
  -2.6354710e-02
  -2.5893069e-02
  -2.9005841e-02
  -3.4351170e-02
  -2.8867760e-02
  -0.0000000e+00
   0.0000000e+00
  -1.0296826e-02
  -1.7934598e-02
  -1.0941764e-02
  -1.7494512e-03
   9.5715648e-06
  -4.2518139e-03
  -1.3166871e-02
  -2.7567324e-02
  -5.0255147e-02
  -8.5871165e-02
  -1.0738059e-01
   0.0000000e+00
   0.0000000e+00
   0.0000000e+00
   0.0000000e+00
   0.0000000e+00
   0.0000000e+00
   0.0000000e+00
   0.0000000e+00
   0.0000000e+00
   0.0000000e+00
   0.0000000e+00
   0.0000000e+00
   0.0000000e+00
   0.0000000e+00
   0.0000000e+00
   0.0000000e+00
   0.0000000e+00
  -0.0000000e+00
  -4.0359410e-02
  -2.2524670e-02
  -8.9292238e-03
   1.1643527e-04
   5.3004567e-03
   5.4933028e-03
   1.2322661e-03
  -6.0294657e-03
  -1.3238650e-02
  -1.8122111e-02
  -1.9823462e-02
  -1.8873058e-02
  -1.7805807e-02
  -1.9945228e-02
  -2.6673159e-02
  -3.5353355e-02
  -3.1791468e-02
   0.0000000e+00
   0.0000000e+00
  -0.0000000e+00
  -1.4659168e-02
  -9.1785371e-03
  -4.1888794e-04
   3.7748797e-03
   1.2412029e-03
  -5.3587537e-03
  -1.7564325e-02
  -3.8718581e-02
  -7.5352848e-02
  -1.0698345e-01
   0.0000000e+00
   0.0000000e+00
   0.0000000e+00
   0.0000000e+00
  -0.0000000e+00
   0.0000000e+00
   0.0000000e+00
   0.0000000e+00
   0.0000000e+00
   0.0000000e+00
   0.0000000e+00
   0.0000000e+00
   0.0000000e+00
   0.0000000e+00
   0.0000000e+00
   0.0000000e+00
   0.0000000e+00
   0.0000000e+00
  -3.3819683e-02
  -2.4203551e-02
  -1.0587115e-02
   3.3020811e-03
   1.1275032e-02
   1.3177366e-02
   9.4406156e-03
   2.2360703e-03
  -5.1898880e-03
  -9.7325209e-03
  -1.0768510e-02
  -9.2719065e-03
  -8.9022898e-03
  -1.4007173e-02
  -2.5454026e-02
  -3.5726435e-02
  -3.0456929e-02
   0.0000000e+00
   0.0000000e+00
   0.0000000e+00
   0.0000000e+00
  -5.8063072e-03
   2.5530715e-04
   5.5439391e-03
   4.8211346e-03
   3.6800870e-04
  -9.1039593e-03
  -2.6780433e-02
  -6.0600370e-02
  -9.4669385e-02
  -8.7763472e-02
   0.0000000e+00
   0.0000000e+00
  -9.6307518e-03
  -1.8211275e-02
  -2.0077496e-02
   0.0000000e+00
   0.0000000e+00
   0.0000000e+00
   0.0000000e+00
   0.0000000e+00
   0.0000000e+00
   0.0000000e+00
   0.0000000e+00
   0.0000000e+00
   0.0000000e+00
   0.0000000e+00
   0.0000000e+00
  -2.3871166e-02
  -2.1958234e-02
  -1.6843092e-02
   3.0685957e-03
   1.7322255e-02
   2.1578219e-02
   1.7801428e-02
   1.0362642e-02
   2.1212297e-03
  -2.2916999e-03
  -1.9678106e-03
   7.0355833e-04
   1.0817158e-03
  -6.6590155e-03
  -2.4759354e-02
  -3.2627247e-02
  -0.0000000e+00
   0.0000000e+00
   0.0000000e+00
   0.0000000e+00
   0.0000000e+00
  -0.0000000e+00
   5.4348318e-03
   7.6964805e-03
   7.7347038e-03
   4.8977090e-03
  -2.4048798e-03
  -1.6737489e-02
  -4.5540415e-02
  -7.9854056e-02
  -4.6411427e-02
   0.0000000e+00
   0.0000000e+00
  -8.1661758e-03
  -1.4369502e-02
  -1.1959184e-02
  -0.0000000e+00
   0.0000000e+00
   0.0000000e+00
   0.0000000e+00
   0.0000000e+00
   0.0000000e+00
   0.0000000e+00
   0.0000000e+00
   0.0000000e+00
   0.0000000e+00
   0.0000000e+00
   0.0000000e+00
  -1.8048691e-02
  -1.7683182e-02
  -2.4216873e-02
  -2.1135965e-03
   1.9087084e-02
   2.5939168e-02
   2.2628281e-02
   1.5822120e-02
   7.9785390e-03
   3.9554010e-03
   6.1922837e-03
   1.0757629e-02
   1.2314275e-02
   2.9384436e-03
  -2.3143774e-02
  -3.1672275e-02
  -0.0000000e+00
   0.0000000e+00
   0.0000000e+00
   0.0000000e+00
   0.0000000e+00
   0.0000000e+00
   7.2302539e-03
   1.0560629e-02
   1.0148533e-02
   8.2259662e-03
   2.4529111e-03
  -8.6582303e-03
  -3.2288667e-02
  -6.6336542e-02
  -5.2441504e-02
  -1.3790963e-02
  -1.3376053e-02
  -8.1237807e-03
  -1.3241035e-02
  -0.0000000e+00
  -0.0000000e+00
   0.0000000e+00
   0.0000000e+00
   0.0000000e+00
   0.0000000e+00
   0.0000000e+00
   0.0000000e+00
   0.0000000e+00
   0.0000000e+00
   0.0000000e+00
   0.0000000e+00
   0.0000000e+00
  -2.9472267e-02
  -2.9746677e-02
  -3.8181798e-02
  -1.1620332e-02
   1.2137474e-02
   2.0987365e-02
   2.0286724e-02
   1.6630569e-02
   1.2072495e-02
   9.9427989e-03
   1.3949610e-02
   2.0446979e-02
   2.4415398e-02
   1.5511836e-02
  -1.6445594e-02
  -0.0000000e+00
   0.0000000e+00
   0.0000000e+00
   0.0000000e+00
   0.0000000e+00
   0.0000000e+00
   0.0000000e+00
   4.3966199e-03
   6.0596155e-03
   1.0642275e-02
   9.3590980e-03
   3.8055084e-03
  -4.1460884e-03
  -2.1080816e-02
  -5.1075760e-02
  -6.0497245e-02
  -1.9414029e-02
  -1.0435307e-02
  -3.1158003e-03
   0.0000000e+00
   0.0000000e+00
  -5.0366272e-03
  -1.5432132e-03
  -1.2984060e-02
  -0.0000000e+00
   0.0000000e+00
   0.0000000e+00
   0.0000000e+00
   0.0000000e+00
   0.0000000e+00
   0.0000000e+00
   0.0000000e+00
   0.0000000e+00
   0.0000000e+00
  -3.0395199e-02
  -3.8163438e-02
  -2.0230990e-02
   5.8480077e-03
   2.0095468e-02
   2.4033921e-02
   2.2559924e-02
   1.9034505e-02
   1.7233092e-02
   2.1462977e-02
   2.8782764e-02
   3.4927100e-02
   2.8992405e-02
   5.4675154e-04
  -0.0000000e+00
   0.0000000e+00
   0.0000000e+00
   0.0000000e+00
   0.0000000e+00
   0.0000000e+00
   0.0000000e+00
   0.0000000e+00
   0.0000000e+00
   8.4894404e-03
   7.2951609e-03
   2.8676032e-03
  -2.8964193e-03
  -1.3453191e-02
  -3.1798568e-02
  -3.0858353e-02
   0.0000000e+00
  -0.0000000e+00
  -1.2680580e-03
   0.0000000e+00
  -4.6323941e-03
  -3.2138632e-04
  -9.3826611e-04
  -1.2948068e-02
  -0.0000000e+00
   0.0000000e+00
   0.0000000e+00
   0.0000000e+00
   0.0000000e+00
   0.0000000e+00
   0.0000000e+00
   0.0000000e+00
   0.0000000e+00
   0.0000000e+00
  -0.0000000e+00
  -3.3580459e-02
  -1.1864943e-02
   1.1634530e-02
   2.6707169e-02
   3.3717524e-02
   3.2117154e-02
   2.6154313e-02
   2.1798400e-02
   2.5055887e-02
   3.3379126e-02
   4.0834732e-02
   3.7756465e-02
   1.6306654e-02
   0.0000000e+00
   0.0000000e+00
   0.0000000e+00
   0.0000000e+00
   0.0000000e+00
   0.0000000e+00
   0.0000000e+00
   0.0000000e+00
   0.0000000e+00
   0.0000000e+00
   1.1737790e-03
   3.9265445e-03
   7.3178625e-04
  -7.4586105e-03
  -2.0543905e-02
  -2.0977841e-02
   0.0000000e+00
   0.0000000e+00
   0.0000000e+00
  -3.0968672e-03
  -3.3273259e-03
   0.0000000e+00
   2.5523500e-03
  -9.1980097e-03
   0.0000000e+00
   0.0000000e+00
   0.0000000e+00
   0.0000000e+00
   0.0000000e+00
   0.0000000e+00
   0.0000000e+00
   0.0000000e+00
   0.0000000e+00
   0.0000000e+00
   0.0000000e+00
  -5.6172568e-02
  -2.1147488e-02
   2.1309212e-03
   1.7218199e-02
   2.9196555e-02
   3.0929005e-02
   2.6924273e-02
   2.1907382e-02
   2.3386061e-02
   3.3012778e-02
   4.2030454e-02
   4.2045638e-02
   2.6780361e-02
   0.0000000e+00
   0.0000000e+00
   0.0000000e+00
   0.0000000e+00
   0.0000000e+00
   0.0000000e+00
   0.0000000e+00
   0.0000000e+00
   0.0000000e+00
   0.0000000e+00
  -1.4493690e-02
   2.1008283e-03
   5.7429662e-03
   1.3237944e-04
  -1.0510036e-02
  -0.0000000e+00
   0.0000000e+00
   0.0000000e+00
   0.0000000e+00
  -0.0000000e+00
  -0.0000000e+00
   0.0000000e+00
   0.0000000e+00
   0.0000000e+00
   0.0000000e+00
   0.0000000e+00
   0.0000000e+00
   0.0000000e+00
   0.0000000e+00
   0.0000000e+00
   0.0000000e+00
   0.0000000e+00
   0.0000000e+00
   0.0000000e+00
   0.0000000e+00
  -8.2044647e-02
  -2.9097028e-02
  -9.8835439e-03
  -8.6157279e-03
   1.4712763e-02
   2.0881994e-02
   2.0960517e-02
   1.6085196e-02
   1.2189151e-02
   2.3333697e-02
   3.5511110e-02
   4.1560959e-02
   3.4141454e-02
   0.0000000e+00
   0.0000000e+00
   0.0000000e+00
   0.0000000e+00
   0.0000000e+00
   0.0000000e+00
   0.0000000e+00
   0.0000000e+00
   0.0000000e+00
  -3.2336529e-02
  -2.0940723e-02
  -2.5948572e-03
   6.5935524e-03
   6.0096881e-03
   5.2563902e-03
   0.0000000e+00
  -0.0000000e+00
  -0.0000000e+00
   0.0000000e+00
   0.0000000e+00
   0.0000000e+00
   0.0000000e+00
   0.0000000e+00
   0.0000000e+00
   0.0000000e+00
   0.0000000e+00
   0.0000000e+00
   0.0000000e+00
   0.0000000e+00
   0.0000000e+00
   0.0000000e+00
   0.0000000e+00
   0.0000000e+00
   0.0000000e+00
   0.0000000e+00
  -5.7805643e-02
  -2.0519419e-02
   4.0649991e-03
  -4.0298902e-02
  -1.1061912e-02
   4.7970023e-03
   1.7781290e-02
   9.9681623e-03
   0.0000000e+00
   4.8603636e-03
   1.6726017e-02
   3.8527767e-02
   0.0000000e+00
   0.0000000e+00
   0.0000000e+00
   0.0000000e+00
   0.0000000e+00
   0.0000000e+00
   0.0000000e+00
   0.0000000e+00
   0.0000000e+00
   0.0000000e+00
  -2.5914225e-02
  -2.1461472e-02
  -1.6553463e-02
  -3.3622310e-03
   2.9517831e-03
  -2.1891660e-03
   1.1207494e-02
  -1.1644169e-02
  -0.0000000e+00
   0.0000000e+00
   0.0000000e+00
   0.0000000e+00
   0.0000000e+00
   0.0000000e+00
   0.0000000e+00
   0.0000000e+00
   0.0000000e+00
   0.0000000e+00
   0.0000000e+00
   0.0000000e+00
   0.0000000e+00
   0.0000000e+00
   0.0000000e+00
   0.0000000e+00
   0.0000000e+00
   0.0000000e+00
  -0.0000000e+00
  -0.0000000e+00
  -0.0000000e+00
  -0.0000000e+00
  -0.0000000e+00
  -0.0000000e+00
   0.0000000e+00
   0.0000000e+00
   0.0000000e+00
   0.0000000e+00
   0.0000000e+00
   0.0000000e+00
   0.0000000e+00
   0.0000000e+00
   0.0000000e+00
   0.0000000e+00
   0.0000000e+00
   0.0000000e+00
   0.0000000e+00
   0.0000000e+00
   0.0000000e+00
  -0.0000000e+00
  -0.0000000e+00
   0.0000000e+00
  -0.0000000e+00
  -2.5773542e-02
  -9.9403221e-03
  -1.2933803e-02
  -1.2351113e-02
  -1.7837922e-03
   0.0000000e+00
   0.0000000e+00
   0.0000000e+00
   0.0000000e+00
   0.0000000e+00
   0.0000000e+00
   0.0000000e+00
   0.0000000e+00
   0.0000000e+00
   0.0000000e+00
   0.0000000e+00
   0.0000000e+00
   0.0000000e+00
   0.0000000e+00
   0.0000000e+00
   0.0000000e+00
   0.0000000e+00
   0.0000000e+00
   0.0000000e+00
   0.0000000e+00
   0.0000000e+00
   0.0000000e+00
   0.0000000e+00
   0.0000000e+00
   0.0000000e+00
   0.0000000e+00
   0.0000000e+00
   0.0000000e+00
   0.0000000e+00
   0.0000000e+00
   0.0000000e+00
   0.0000000e+00
   0.0000000e+00
   0.0000000e+00
   0.0000000e+00
   0.0000000e+00
   0.0000000e+00
   0.0000000e+00
   0.0000000e+00
  -0.0000000e+00
  -0.0000000e+00
   0.0000000e+00
   0.0000000e+00
  -0.0000000e+00
  -0.0000000e+00
  -2.9905465e-02
  -2.3419952e-02
  -2.5233645e-02
  -1.4646441e-02
   0.0000000e+00
   0.0000000e+00
   0.0000000e+00
   0.0000000e+00
   0.0000000e+00
   0.0000000e+00
   0.0000000e+00
   0.0000000e+00
   0.0000000e+00
   0.0000000e+00
   0.0000000e+00
   0.0000000e+00
  -1.0120844e-02
  -6.4908904e-03
   4.2259249e-03
   1.0963031e-02
   1.1430938e-02
   0.0000000e+00
  -4.1005807e-04
   3.1010128e-03
   7.6813407e-04
  -1.2333792e-03
  -8.7274719e-04
  -2.2646165e-03
  -1.0619562e-02
  -1.4064121e-02
  -7.1932255e-03
  -4.4033639e-03
   3.3871882e-04
  -2.4891734e-03
  -7.8904175e-03
  -1.7843040e-02
   0.0000000e+00
   0.0000000e+00
   0.0000000e+00
   0.0000000e+00
   0.0000000e+00
  -0.0000000e+00
  -0.0000000e+00
  -0.0000000e+00
   0.0000000e+00
   0.0000000e+00
   0.0000000e+00
   0.0000000e+00
  -0.0000000e+00
  -2.1295133e-02
  -2.0493446e-02
  -2.3147912e-02
  -0.0000000e+00
   0.0000000e+00
   0.0000000e+00
   0.0000000e+00
   0.0000000e+00
   0.0000000e+00
   0.0000000e+00
   0.0000000e+00
   0.0000000e+00
   0.0000000e+00
   0.0000000e+00
  -7.6706102e-03
