    557.80    557.80    557.80    557.80    557.80    557.80    557.80    557.80    557.80    557.80    557.80    557.80    557.80    557.80    557.80    557.80    557.80    557.80    557.80    557.80    557.80    557.80    557.80      0.00      0.00      0.00      0.00      0.00      0.00      0.00      0.00      0.00      0.00    557.80    557.80    557.80      0.00      0.00      0.00      0.00      0.00      0.00      0.00      0.00      0.00      0.00      0.00    557.80
      0.00      0.00      0.00      0.00      0.00      0.00      0.00      0.00      0.00      0.00      0.00    557.80    557.80      0.00      0.00      0.00      0.00      0.00      0.00      0.00      0.00      0.00      0.00      0.00      0.00      0.00      0.00      0.00      0.00      0.00      0.00      0.00   2099.73   2099.73   2099.73   1737.90      0.00      0.00      0.00      0.00      0.00      0.00      0.00      0.00      0.00      0.00      0.00      0.00
      0.00      0.00      0.00      0.00      0.00      0.00      0.00      0.00      0.00      0.00      0.00      0.00      0.00      0.00      0.00      0.00      0.00      0.00      0.00      0.00      0.00      0.00      0.00      0.00      0.00      0.00      0.00      0.00      0.00      0.00   1737.90   1737.90   2099.73   2099.73   2099.73      0.00      0.00      0.00      0.00      0.00      0.00      0.00      0.00      0.00      0.00      0.00      0.00      0.00
      0.00      0.00      0.00      0.00      0.00    410.58    410.58    927.51   3008.34   3008.34   2520.05   2520.05   3008.34      0.00   3008.34   3008.34   3008.34      0.00      0.00      0.00      0.00      0.00      0.00      0.00      0.00      0.00      0.00   1426.43   2520.05   2520.05   2520.05   2099.73   2099.73   1426.43   1426.43      0.00      0.00      0.00      0.00      0.00      0.00      0.00      0.00      0.00      0.00      0.00      0.00      0.00
      0.00      0.00      0.00      0.00      0.00    557.80    728.83   2099.73   3575.57   3575.57   3008.34   3575.57   3575.57   3575.57   3575.57   3575.57   3575.57   3008.34      0.00      0.00      0.00      0.00      0.00      0.00      0.00      0.00      0.00   1426.43   2520.05   3008.34   3008.34   2520.05   1737.90      0.00      0.00      0.00      0.00      0.00      0.00      0.00      0.00      0.00      0.00      0.00      0.00      0.00      0.00      0.00
      0.00      0.00      0.00      0.00      0.00    927.51   1737.90   3008.34   4234.52   5000.00   5000.00   5000.00   5000.00   5000.00   5000.00   5000.00   3575.57   3008.34      0.00      0.00      0.00      0.00      0.00      0.00      0.00      0.00      0.00      0.00   2099.73   3008.34   3008.34   3008.34   1737.90      0.00      0.00      0.00      0.00      0.00      0.00      0.00      0.00      0.00      0.00      0.00      0.00      0.00      0.00      0.00
      0.00      0.00      0.00      0.00      0.00    927.51   3575.57   5000.00   5000.00   5000.00   5000.00   5000.00   5000.00   5000.00   5000.00   5000.00   4234.52   3008.34      0.00      0.00      0.00      0.00      0.00      0.00      0.00      0.00      0.00      0.00   2099.73   3575.57   3575.57   3575.57   3008.34   1737.90      0.00      0.00      0.00    728.83    728.83      0.00    728.83    728.83      0.00      0.00      0.00      0.00      0.00      0.00
      0.00      0.00      0.00      0.00    557.80   1737.90   5000.00   5000.00   5000.00   5000.00   5000.00   5000.00   5000.00   5000.00   5000.00   5000.00   4234.52   3575.57      0.00      0.00      0.00      0.00      0.00      0.00      0.00      0.00      0.00   2520.05   2099.73   3575.57   3575.57   3575.57   3575.57   1737.90      0.00      0.00    728.83    728.83    728.83   1158.31    728.83    728.83      0.00      0.00      0.00      0.00      0.00      0.00
      0.00      0.00      0.00    410.58    557.80   3008.34   5000.00   5000.00   5000.00   5000.00   5000.00   5000.00   5000.00   5000.00   5000.00   5000.00   4234.52   3575.57      0.00      0.00      0.00      0.00      0.00      0.00      0.00   3008.34   3008.34   3575.57   3575.57   3575.57   3575.57   3575.57   3575.57   1737.90    557.80    927.51    927.51   1158.31    927.51    728.83    728.83    728.83      0.00      0.00      0.00      0.00      0.00      0.00
      0.00      0.00      0.00    410.58   1426.43   4234.52   5000.00   5000.00   5000.00   5000.00   5000.00   5000.00   5000.00   5000.00   5000.00   5000.00   4234.52   4234.52   4234.52      0.00      0.00      0.00      0.00      0.00      0.00   3008.34   4234.52   5000.00   5000.00   3575.57   3008.34   3575.57   3575.57   1426.43    927.51    927.51    927.51    728.83      0.00      0.00      0.00      0.00      0.00      0.00      0.00      0.00      0.00      0.00
      0.00      0.00      0.00    410.58   4234.52   5000.00   5000.00   5000.00   5000.00   5000.00   5000.00   5000.00   5000.00   5000.00   5000.00   5000.00   5000.00   4234.52   4234.52      0.00      0.00      0.00      0.00      0.00      0.00   4234.52   5000.00   5000.00   5000.00   3575.57   3008.34   3575.57   3575.57   1158.31    728.83   1158.31    927.51    728.83    728.83      0.00      0.00      0.00      0.00      0.00      0.00      0.00      0.00      0.00
      0.00      0.00      0.00   1158.31   4234.52   5000.00   5000.00   5000.00   5000.00   5000.00   5000.00   5000.00   5000.00   5000.00   5000.00   5000.00   5000.00   5000.00   4234.52   3008.34      0.00      0.00      0.00      0.00   1737.90   5000.00   5000.00   5000.00   4234.52   3575.57   3575.57   3575.57   3575.57   1426.43      0.00      0.00    927.51    728.83    728.83      0.00      0.00      0.00      0.00      0.00      0.00      0.00      0.00      0.00
      0.00      0.00      0.00   2520.05   4234.52   4234.52   5000.00   5000.00   5000.00   5000.00   5000.00   5000.00   5000.00   5000.00   5000.00   5000.00   5000.00   5000.00   4234.52   3008.34      0.00      0.00      0.00   1426.43   1737.90   5000.00   5000.00   5000.00   4234.52   4234.52   5000.00   5000.00   3575.57      0.00      0.00      0.00      0.00      0.00      0.00      0.00      0.00      0.00      0.00      0.00      0.00      0.00      0.00      0.00
      0.00      0.00   4234.52   4234.52   4234.52   3575.57   5000.00   5000.00   5000.00   5000.00   5000.00   5000.00   5000.00   5000.00   5000.00   5000.00   5000.00   5000.00   4234.52   3008.34      0.00      0.00   1426.43   1426.43   1426.43   5000.00   5000.00   5000.00   4234.52   4234.52   5000.00   5000.00   2520.05      0.00      0.00      0.00      0.00      0.00      0.00      0.00      0.00      0.00      0.00      0.00      0.00      0.00      0.00      0.00
      0.00      0.00   4234.52   4234.52   3008.34   3008.34   5000.00   5000.00   5000.00   5000.00   5000.00   5000.00   5000.00   5000.00   5000.00   5000.00   5000.00   5000.00   4234.52   3575.57      0.00      0.00   1426.43   1426.43   1158.31   4234.52   5000.00   5000.00   4234.52   5000.00   5000.00   4234.52   2520.05      0.00      0.00      0.00      0.00      0.00      0.00      0.00      0.00      0.00      0.00      0.00      0.00      0.00      0.00      0.00
      0.00   2520.05   4234.52   4234.52   2520.05   2520.05   5000.00   5000.00   5000.00   5000.00   5000.00   5000.00   5000.00   4234.52   5000.00   5000.00   5000.00   5000.00   4234.52   3575.57   3008.34      0.00   1426.43   1426.43   1158.31   3008.34   5000.00   5000.00   4234.52   5000.00   5000.00   4234.52      0.00      0.00      0.00      0.00      0.00      0.00      0.00      0.00      0.00      0.00      0.00      0.00      0.00      0.00      0.00      0.00
      0.00   2520.05   4234.52   4234.52   3575.57   3008.34   5000.00   5000.00   5000.00   5000.00   5000.00   5000.00   5000.00   4234.52   5000.00   5000.00   5000.00   5000.00   4234.52   4234.52   3008.34      0.00   1426.43   1426.43   1737.90   2099.73   5000.00   5000.00   4234.52   5000.00   5000.00   3575.57      0.00      0.00      0.00      0.00      0.00      0.00      0.00      0.00      0.00      0.00   2099.73   2099.73      0.00      0.00      0.00      0.00
      0.00   2520.05   3575.57   4234.52   4234.52   3575.57   4234.52   5000.00   5000.00   5000.00   5000.00   5000.00   5000.00   4234.52   5000.00   5000.00   5000.00   5000.00   4234.52   4234.52   3008.34   3008.34      0.00   1158.31   2520.05   3008.34   3575.57   4234.52   4234.52   5000.00   5000.00   3575.57      0.00      0.00      0.00      0.00      0.00      0.00      0.00      0.00      0.00      0.00   2099.73   2099.73      0.00      0.00      0.00      0.00
      0.00   2520.05   2520.05   3575.57   4234.52   4234.52   4234.52   5000.00   5000.00   5000.00   5000.00   5000.00   5000.00   5000.00   5000.00   5000.00   5000.00   5000.00   4234.52   4234.52   3008.34   3008.34      0.00   1158.31   2520.05   3008.34   3575.57   4234.52   4234.52   5000.00   5000.00   3575.57      0.00      0.00      0.00      0.00      0.00      0.00      0.00      0.00      0.00   2520.05   2520.05   2520.05      0.00   3575.57   3575.57      0.00
      0.00   1426.43   1737.90   3008.34   4234.52   4234.52   5000.00   5000.00   5000.00   5000.00   4234.52   5000.00   5000.00   5000.00   5000.00   5000.00   5000.00   5000.00   4234.52   4234.52   3008.34   3575.57   3575.57   1158.31   1426.43   1426.43   2520.05   4234.52   4234.52   5000.00   5000.00   4234.52      0.00      0.00      0.00      0.00      0.00      0.00      0.00      0.00      0.00   2520.05   3575.57   3575.57      0.00   3575.57   3575.57      0.00
      0.00    557.80   1737.90   3575.57   4234.52   4234.52   5000.00   5000.00   5000.00   5000.00   4234.52   5000.00   5000.00   5000.00   5000.00   5000.00   5000.00   5000.00   4234.52   4234.52   3008.34   3575.57   3575.57   1426.43    927.51    927.51   1158.31   3575.57   4234.52   4234.52   4234.52   4234.52      0.00      0.00      0.00      0.00      0.00      0.00      0.00      0.00      0.00   3575.57   3575.57   3575.57      0.00   4234.52   4234.52      0.00
      0.00    557.80   2520.05   3575.57   4234.52   5000.00   5000.00   5000.00   5000.00   5000.00   4234.52   5000.00   5000.00   5000.00   5000.00   5000.00   5000.00   5000.00   4234.52   4234.52   3008.34   3575.57   3575.57   2520.05    927.51      0.00      0.00   1426.43   3575.57   4234.52   4234.52   4234.52   4234.52      0.00      0.00      0.00      0.00      0.00      0.00      0.00      0.00   4234.52   4234.52   3575.57   2520.05   4234.52   4234.52      0.00
      0.00      0.00   2520.05   3575.57   3575.57   5000.00   5000.00   5000.00   5000.00   4234.52   4234.52   5000.00   5000.00   5000.00   5000.00   5000.00   5000.00   5000.00   4234.52   4234.52   3008.34   3008.34   3008.34   3008.34   1158.31      0.00      0.00   1426.43   3008.34   3575.57   3575.57   4234.52   4234.52   3008.34   3008.34      0.00      0.00      0.00      0.00      0.00      0.00   4234.52   4234.52   3575.57   2520.05   4234.52   4234.52   3575.57
      0.00      0.00   1737.90   3008.34   3008.34   4234.52   5000.00   5000.00   4234.52   4234.52   5000.00   5000.00   5000.00   5000.00   5000.00   5000.00   5000.00   4234.52   4234.52   4234.52   3008.34   3008.34   3008.34   3008.34   1426.43    557.80      0.00      0.00   1737.90   3575.57   3575.57   4234.52   4234.52   4234.52   3575.57   2520.05      0.00      0.00      0.00      0.00   3575.57   4234.52   4234.52   3575.57   3575.57   4234.52   4234.52   3575.57
      0.00      0.00    927.51   3008.34   3008.34   3575.57   4234.52   5000.00   4234.52   4234.52   5000.00   5000.00   5000.00   5000.00   5000.00   5000.00   5000.00   4234.52   4234.52   4234.52   3008.34   3008.34   3008.34   3008.34   1426.43    557.80      0.00      0.00    728.83   3575.57   4234.52   4234.52   4234.52   4234.52   4234.52   2520.05      0.00      0.00      0.00      0.00   3575.57   4234.52   4234.52   3575.57   4234.52   5000.00   5000.00   4234.52
   2099.73    927.51    927.51   2520.05   2520.05   4234.52   4234.52   5000.00   3575.57   3575.57   4234.52   4234.52   5000.00   5000.00   5000.00   5000.00   5000.00   4234.52   4234.52   4234.52   3008.34   3008.34   3008.34   3008.34      0.00    557.80      0.00      0.00    728.83   2520.05   4234.52   4234.52   4234.52   4234.52   4234.52   3008.34      0.00      0.00      0.00      0.00   3575.57   4234.52   4234.52   3575.57   4234.52   5000.00   5000.00   5000.00
   3575.57   1426.43   1737.90   2520.05   2520.05   4234.52   5000.00   5000.00   4234.52   3008.34   4234.52   4234.52   5000.00   5000.00   5000.00   5000.00   5000.00   4234.52   4234.52   4234.52   3008.34   3008.34   3575.57   3575.57      0.00    557.80      0.00      0.00      0.00      0.00   4234.52   4234.52   4234.52   4234.52   4234.52   3575.57      0.00      0.00      0.00      0.00   3575.57   3575.57   3008.34   3575.57   5000.00   5000.00   5000.00   5000.00
   5000.00   3575.57   3575.57   2099.73   1737.90   4234.52   5000.00   5000.00   5000.00   3008.34   4234.52   5000.00   5000.00   4234.52   5000.00   5000.00   5000.00   4234.52   4234.52   4234.52   3008.34   3008.34   3575.57   3575.57   3575.57    557.80      0.00      0.00      0.00      0.00   4234.52   4234.52   4234.52   4234.52   4234.52   4234.52      0.00      0.00      0.00      0.00   3575.57   3575.57   2520.05   3008.34   5000.00   5000.00   5000.00   5000.00
   5000.00   5000.00   5000.00   2099.73    557.80   2099.73   4234.52   5000.00   5000.00   4234.52   4234.52   5000.00   5000.00   4234.52   4234.52   5000.00   5000.00   4234.52   4234.52   4234.52   3008.34   3575.57   4234.52   4234.52   4234.52    557.80      0.00      0.00      0.00      0.00   4234.52   4234.52   4234.52   4234.52   4234.52   4234.52      0.00      0.00      0.00      0.00   3575.57   3575.57   2520.05   3008.34   5000.00   5000.00   5000.00   5000.00
   5000.00   5000.00   5000.00   1737.90    283.85    728.83   3575.57   5000.00   5000.00   5000.00   5000.00   5000.00   5000.00   4234.52   4234.52   5000.00   5000.00   4234.52   4234.52   4234.52   3008.34   3575.57   4234.52   5000.00   5000.00      0.00      0.00      0.00      0.00      0.00   4234.52   4234.52   4234.52   4234.52   4234.52   4234.52      0.00      0.00      0.00      0.00   3008.34   3575.57   3008.34   3575.57   5000.00   5000.00   5000.00   5000.00
   5000.00   5000.00   3008.34    728.83    283.85    557.80   3008.34   4234.52   5000.00   5000.00   5000.00   5000.00   5000.00   4234.52   4234.52   5000.00   4234.52   4234.52   4234.52   3575.57   3008.34   3575.57   4234.52   5000.00   5000.00      0.00      0.00      0.00      0.00      0.00   4234.52   4234.52   4234.52   4234.52   5000.00   5000.00      0.00      0.00      0.00      0.00   1737.90   3575.57   3008.34   3575.57   5000.00   5000.00   5000.00   5000.00
   5000.00   5000.00   1158.31      0.00    283.85    557.80   3008.34   4234.52   4234.52   5000.00   5000.00   4234.52   4234.52   4234.52   5000.00   5000.00   4234.52   4234.52   4234.52   3008.34   3008.34   3575.57   4234.52   4234.52   4234.52      0.00      0.00      0.00      0.00      0.00   4234.52   4234.52   4234.52   4234.52   5000.00   5000.00      0.00      0.00      0.00      0.00   1737.90   3575.57   3008.34   3575.57   5000.00   5000.00   5000.00   5000.00
   5000.00   4234.52   1158.31      0.00      0.00      0.00   3008.34   3575.57   4234.52   5000.00   5000.00   4234.52   4234.52   5000.00   5000.00   5000.00   4234.52   4234.52   4234.52   3008.34   3008.34   3575.57   4234.52   4234.52   4234.52      0.00      0.00      0.00      0.00   2520.05   4234.52   4234.52   4234.52   4234.52   4234.52   4234.52      0.00      0.00      0.00   2099.73   2099.73   3575.57   3575.57   3575.57   5000.00   5000.00   5000.00   5000.00
   5000.00   2520.05      0.00      0.00      0.00      0.00   1158.31   1737.90   3008.34   5000.00   5000.00   4234.52   4234.52   5000.00   5000.00   5000.00   4234.52   4234.52   4234.52   3008.34   3008.34   3575.57   3575.57   4234.52   4234.52      0.00      0.00      0.00      0.00   2520.05   4234.52   4234.52   4234.52   4234.52   4234.52   3575.57      0.00      0.00      0.00   2099.73   2520.05   4234.52   4234.52   3575.57   4234.52   4234.52   5000.00   5000.00
   4234.52   2520.05      0.00      0.00      0.00      0.00    557.80    557.80   1158.31   4234.52   4234.52   4234.52   4234.52   5000.00   5000.00   5000.00   4234.52   4234.52   4234.52   3008.34   3008.34   3008.34   3575.57   4234.52   4234.52      0.00      0.00      0.00      0.00   2520.05   4234.52   4234.52   4234.52   4234.52   4234.52   3575.57      0.00      0.00      0.00   3008.34   3008.34   4234.52   4234.52   3575.57   4234.52   4234.52   5000.00   5000.00
   3575.57      0.00      0.00      0.00      0.00      0.00      0.00    557.80    728.83   4234.52   4234.52   4234.52   5000.00   5000.00   5000.00   5000.00   4234.52   4234.52   4234.52   3008.34   3008.34   3008.34   3575.57   4234.52   4234.52      0.00      0.00      0.00   2099.73   3575.57   4234.52   4234.52   4234.52   4234.52   4234.52   4234.52      0.00      0.00      0.00   3575.57   3575.57   4234.52   4234.52   3575.57   3575.57   4234.52   5000.00   5000.00
   3575.57      0.00      0.00      0.00      0.00      0.00      0.00    728.83    728.83   3575.57   4234.52   4234.52   5000.00   5000.00   5000.00   5000.00   4234.52   4234.52   4234.52   3008.34   3008.34   3008.34   3575.57   4234.52   4234.52      0.00    557.80    557.80   2099.73   3575.57   3575.57   4234.52   4234.52   4234.52   4234.52   4234.52   3008.34      0.00      0.00   3575.57   3575.57   4234.52   4234.52   4234.52   3008.34   3575.57   5000.00   5000.00
   4234.52      0.00      0.00      0.00      0.00      0.00      0.00    927.51    927.51   3575.57   4234.52   4234.52   5000.00   5000.00   5000.00   5000.00   5000.00   4234.52   4234.52   3575.57   3008.34   3008.34   3575.57   4234.52   4234.52      0.00    410.58    410.58   2520.05   4234.52   4234.52   4234.52   3575.57   3575.57   4234.52   4234.52   3008.34      0.00   3575.57   3575.57   3575.57   4234.52   4234.52   4234.52   3008.34   3008.34   3575.57   4234.52
   4234.52      0.00      0.00      0.00      0.00      0.00      0.00   1426.43   1426.43   2520.05   3575.57   4234.52   5000.00   5000.00   5000.00   5000.00   5000.00   4234.52   4234.52   3575.57   3008.34   3008.34   3575.57   4234.52   4234.52      0.00      0.00   1158.31   4234.52   4234.52   4234.52   4234.52   3008.34   3575.57   5000.00   5000.00   4234.52   4234.52   4234.52   4234.52   3575.57   3575.57   4234.52   4234.52   3008.34   3008.34   3575.57   4234.52
   4234.52   2520.05   1426.43    927.51    927.51      0.00   3008.34   3008.34   2099.73   2099.73   1426.43   3575.57   5000.00   5000.00   5000.00   5000.00   5000.00   5000.00   4234.52   4234.52   3008.34   3008.34   3008.34   4234.52   4234.52      0.00    410.58   2099.73   5000.00   5000.00   5000.00   4234.52   3008.34   3575.57   5000.00   5000.00   5000.00   4234.52   4234.52   4234.52   3008.34   3575.57   4234.52   4234.52   3008.34   3008.34   3575.57   4234.52
   4234.52   3575.57   3575.57   3008.34   1426.43   1426.43   3008.34   3008.34   3008.34   1737.90   1426.43   2520.05   4234.52   5000.00   5000.00   5000.00   5000.00   5000.00   4234.52   4234.52   3575.57   3008.34   3008.34   4234.52   4234.52      0.00    410.58   3008.34   5000.00   5000.00   5000.00   4234.52   3008.34   3575.57   4234.52   5000.00   5000.00   5000.00   4234.52   3575.57   3008.34   3575.57   4234.52   3575.57   3008.34   3008.34   3575.57   4234.52
   4234.52   4234.52   4234.52   4234.52   3575.57   2099.73   3008.34   4234.52   4234.52   2099.73   1426.43   2099.73   4234.52   5000.00   5000.00   5000.00   5000.00   5000.00   5000.00   4234.52   3575.57   3575.57   3575.57   3575.57   3575.57      0.00    557.80   3008.34   5000.00   5000.00   5000.00   4234.52   3008.34   3008.34   4234.52   4234.52   5000.00   5000.00   4234.52   3575.57   3008.34   3575.57   4234.52   2520.05   2520.05   3008.34   3008.34   3575.57
   3575.57   3575.57   4234.52   4234.52   3575.57   3575.57   3008.34   4234.52   4234.52   2099.73   2099.73   3575.57   5000.00   5000.00   5000.00   5000.00   5000.00   5000.00   5000.00   3575.57   3575.57   4234.52   4234.52   3575.57   3008.34      0.00    557.80   2099.73   4234.52   4234.52   4234.52   4234.52   4234.52   3008.34   3575.57   3575.57   4234.52   4234.52   4234.52   4234.52   4234.52   4234.52   4234.52   2520.05   2520.05   3575.57   3575.57   3575.57
   3575.57   3575.57   4234.52   4234.52   3575.57   3575.57   3575.57   4234.52   4234.52   2520.05   3008.34   4234.52   5000.00   5000.00   4234.52   4234.52   4234.52   4234.52   4234.52   3575.57   3575.57   4234.52   4234.52   4234.52   3008.34      0.00    927.51   1737.90   3008.34   3008.34   4234.52   4234.52   4234.52   3575.57   3575.57   3575.57   4234.52   4234.52   4234.52   4234.52   4234.52   5000.00   5000.00   4234.52   2520.05   3575.57   3575.57   3575.57
   3575.57   3575.57   4234.52   4234.52   3575.57   3575.57   3575.57   4234.52   4234.52   4234.52   4234.52   4234.52   4234.52   4234.52   3575.57   3575.57   4234.52   4234.52   4234.52   4234.52   5000.00   5000.00   5000.00   5000.00   3575.57   2520.05   1737.90   2520.05   3008.34   3008.34   3575.57   4234.52   4234.52   4234.52   4234.52   5000.00   5000.00   5000.00   5000.00   5000.00   5000.00   5000.00   5000.00   4234.52   3008.34   3008.34   3575.57   3575.57
   3008.34   3008.34   3008.34   3008.34   3008.34   3008.34   3008.34   3008.34   3008.34   4234.52   4234.52   4234.52   3575.57   3575.57   3575.57   3575.57   4234.52   4234.52   4234.52   4234.52   5000.00   5000.00   5000.00   5000.00   3575.57   2520.05   1737.90   2520.05   3575.57   4234.52   4234.52   4234.52   4234.52   4234.52   4234.52   5000.00   5000.00   5000.00   4234.52   4234.52   3008.34   3008.34   3008.34   3008.34   3008.34   3008.34   3008.34   3008.34
      0.00      0.00      0.00      0.00      0.00      0.00      0.00      0.00   3008.34   3008.34   3575.57   3575.57   3575.57   3575.57   3575.57   3575.57   3575.57   3575.57   3575.57   3575.57   3575.57   3575.57   3575.57   3008.34   3008.34      0.00   1426.43   2520.05   3575.57   4234.52   4234.52   4234.52   3575.57   3575.57   3575.57   3008.34   3008.34   3008.34   3008.34      0.00      0.00      0.00      0.00      0.00      0.00      0.00      0.00      0.00
      0.00      0.00      0.00      0.00      0.00      0.00      0.00      0.00      0.00   1737.90   1737.90   2520.05   3008.34      0.00      0.00      0.00      0.00      0.00      0.00      0.00      0.00      0.00      0.00      0.00      0.00      0.00   1426.43   1426.43   2099.73   2520.05   2520.05      0.00      0.00      0.00      0.00      0.00      0.00      0.00      0.00      0.00      0.00      0.00      0.00      0.00      0.00      0.00      0.00      0.00
