   0.0000000e+00
   0.0000000e+00
   0.0000000e+00
   0.0000000e+00
   0.0000000e+00
   0.0000000e+00
   0.0000000e+00
   0.0000000e+00
   0.0000000e+00
   0.0000000e+00
   0.0000000e+00
   0.0000000e+00
   0.0000000e+00
   0.0000000e+00
   0.0000000e+00
   0.0000000e+00
   0.0000000e+00
   0.0000000e+00
   0.0000000e+00
   0.0000000e+00
   0.0000000e+00
   0.0000000e+00
   0.0000000e+00
   0.0000000e+00
   0.0000000e+00
   0.0000000e+00
   0.0000000e+00
   0.0000000e+00
   0.0000000e+00
   0.0000000e+00
   0.0000000e+00
   0.0000000e+00
   0.0000000e+00
   0.0000000e+00
   0.0000000e+00
   0.0000000e+00
   0.0000000e+00
   0.0000000e+00
   0.0000000e+00
   0.0000000e+00
   0.0000000e+00
   0.0000000e+00
   0.0000000e+00
   0.0000000e+00
   0.0000000e+00
   0.0000000e+00
   0.0000000e+00
   0.0000000e+00
   0.0000000e+00
   0.0000000e+00
   0.0000000e+00
   0.0000000e+00
   0.0000000e+00
   0.0000000e+00
   0.0000000e+00
   0.0000000e+00
   6.0158968e-02
   2.4241689e-02
   2.2264490e-02
   2.2839420e-02
   2.2764789e-02
   2.4334660e-02
   2.0031811e-02
   8.6476774e-03
   1.7110474e-02
   1.2775927e-02
   5.2891505e-04
  -3.8021876e-04
   7.2623553e-05
   1.8290668e-02
  -2.4483161e-02
  -2.6338780e-02
  -3.2301389e-02
   0.0000000e+00
   4.2390978e-04
  -3.4376782e-03
  -1.0233422e-02
  -1.3638170e-02
  -1.9126895e-02
  -2.7939342e-02
  -3.8765878e-02
  -6.6291075e-02
  -9.8473010e-02
  -1.2434297e-01
  -1.2937666e-01
  -1.2290992e-01
  -1.2590620e-01
   0.0000000e+00
   0.0000000e+00
   0.0000000e+00
   0.0000000e+00
   0.0000000e+00
   0.0000000e+00
   0.0000000e+00
   0.0000000e+00
   0.0000000e+00
  -9.3241622e-02
  -9.0033025e-02
  -7.8387272e-02
  -7.3493690e-02
  -7.4305248e-02
  -5.2967558e-02
  -4.6113414e-02
  -2.8348471e-02
  -5.2508096e-03
   9.3545141e-03
   4.0051974e-02
   5.8369506e-02
   6.5196969e-02
   6.4365223e-02
   5.7370219e-02
   5.2049220e-02
   4.7659885e-02
   4.3121982e-02
   4.0074714e-02
   3.6696758e-02
   3.3524774e-02
   3.1861413e-02
   2.9168025e-02
   2.8804809e-02
   2.4109274e-02
   3.4237664e-02
   1.6955686e-02
   2.4344681e-02
   2.7544949e-02
   2.3621740e-02
   1.9197417e-02
   1.0968108e-02
  -2.1356414e-03
  -1.9093918e-02
  -3.9061818e-02
  -5.6972511e-02
  -3.8952710e-02
  -5.8290865e-02
  -4.4972333e-02
  -5.1278589e-02
  -7.3946048e-02
  -7.4726527e-02
  -8.5409754e-02
  -6.2554141e-02
  -4.5392854e-02
  -4.5036358e-02
  -6.5696780e-02
  -8.5801633e-02
  -1.1983386e-02
  -1.2433080e-02
  -7.1002217e-03
  -3.1147106e-04
   7.0322668e-03
   2.0838153e-02
   4.1432757e-02
   6.0568031e-02
   7.4068949e-02
   8.1924744e-02
   8.9405969e-02
   9.6157111e-02
   9.5179632e-02
   8.9145452e-02
   8.1504732e-02
   7.4567325e-02
   6.9408298e-02
   6.5795809e-02
   6.2684253e-02
   6.0213257e-02
   5.8727600e-02
   5.9108444e-02
   6.1811551e-02
   6.4133644e-02
   6.3877769e-02
   6.2757586e-02
   6.2751103e-02
   6.3510336e-02
   6.4619131e-02
   6.4766385e-02
   6.2320076e-02
   5.7847247e-02
   5.2824490e-02
   4.9249791e-02
   4.6730846e-02
   4.4634920e-02
   4.3481845e-02
   4.4913515e-02
   4.6535879e-02
   4.4701606e-02
   3.5251971e-02
   1.7175434e-02
   6.3060136e-03
   9.9241510e-03
   1.3021566e-02
   1.1180928e-02
   3.3598845e-03
  -6.1757043e-03
   7.5650506e-02
   7.3276758e-02
   7.4485108e-02
   7.9424053e-02
   8.6502321e-02
   9.2615940e-02
   9.6827731e-02
   1.0316124e-01
   1.0890618e-01
   1.0980955e-01
   1.1248749e-01
   1.1544636e-01
   1.1145964e-01
   1.0309973e-01
   9.5235102e-02
   9.0347283e-02
   8.7343700e-02
   8.6129867e-02
   8.4269613e-02
   8.2254283e-02
   8.1947252e-02
   8.2950912e-02
   8.6427301e-02
   9.2632532e-02
   1.0065260e-01
   9.9945168e-02
   8.9669563e-02
   8.6112142e-02
   8.8947877e-02
   9.5574841e-02
   1.0033157e-01
   1.0142533e-01
   1.0126452e-01
   1.0083241e-01
   1.0264132e-01
   1.0722642e-01
   1.1147158e-01
   1.1499984e-01
   1.1915235e-01
   1.2162328e-01
   1.2141962e-01
   1.1928423e-01
   1.1448904e-01
   1.0494447e-01
   9.4373003e-02
   9.0003125e-02
   8.7025493e-02
   8.1154421e-02
   1.3619161e-01
   1.3259393e-01
   1.3021117e-01
   1.2929888e-01
   1.2834053e-01
   1.2545376e-01
   1.2030124e-01
   1.1644115e-01
   1.1466832e-01
   1.0700002e-01
   1.0528347e-01
   1.0836086e-01
   1.0792188e-01
   1.0438228e-01
   1.0021121e-01
   9.7991675e-02
   9.8424226e-02
   1.0000367e-01
   1.0011367e-01
   9.9428937e-02
   9.9176042e-02
   9.9805042e-02
   1.0196135e-01
   1.0461602e-01
   1.1200406e-01
   9.3375460e-02
   8.9172266e-02
   9.1468111e-02
   1.0299180e-01
   1.1696103e-01
   1.2775096e-01
   1.3556507e-01
   1.4071177e-01
   1.4350657e-01
   1.4750111e-01
   1.5445480e-01
   1.6062038e-01
   1.6527471e-01
   1.6946715e-01
   1.7071058e-01
   1.7185356e-01
   1.7509176e-01
   1.7653570e-01
   1.6905707e-01
   1.6031955e-01
   1.5649913e-01
   1.4896125e-01
   1.4106627e-01
   1.7961922e-01
   1.7431255e-01
   1.6675024e-01
   1.5896404e-01
   1.4896277e-01
   1.3639072e-01
   1.2145162e-01
   1.0653491e-01
   9.9786232e-02
   8.9372508e-02
   7.4932680e-02
   8.1891254e-02
   8.8415280e-02
   9.3154475e-02
   9.5933206e-02
   9.7544700e-02
   9.9815071e-02
   1.0219891e-01
   1.0327110e-01
   1.0380223e-01
   1.0386964e-01
   1.0352964e-01
   1.0335023e-01
   9.9456869e-02
   9.1612601e-02
   0.0000000e+00
   5.6593199e-02
   7.4823901e-02
   9.8319769e-02
   1.1782393e-01
   1.3338074e-01
   1.4778815e-01
   1.5856767e-01
   1.6510105e-01
   1.6997051e-01
   1.7513390e-01
   1.7941183e-01
   1.8200614e-01
   1.8150724e-01
   1.7568715e-01
   1.7372008e-01
   1.8109547e-01
   1.9147624e-01
   1.9334938e-01
   1.9861221e-01
   2.0273276e-01
   1.9299819e-01
   1.8436080e-01
   1.9881067e-01
   1.8946640e-01
   1.7513515e-01
   1.5841274e-01
   1.3911547e-01
   1.2388809e-01
   1.0446486e-01
   8.2540050e-02
   6.7113796e-02
   4.0048178e-02
   4.1954410e-02
   5.6830563e-02
   6.7389481e-02
   7.7560149e-02
   8.5029937e-02
   8.9580417e-02
   9.2552759e-02
   9.4575435e-02
   9.5124774e-02
   9.5678926e-02
   9.6472815e-02
   9.6138790e-02
   9.4086841e-02
   8.7291807e-02
   7.0063004e-02
   0.0000000e+00
   4.4463871e-02
   5.9830964e-02
   8.3869077e-02
   1.0389250e-01
   1.2220430e-01
   1.3969824e-01
   1.5287030e-01
   1.6202438e-01
   1.6709517e-01
   1.6971523e-01
   1.6972113e-01
   1.6776572e-01
   1.6304338e-01
   1.4973176e-01
   1.4390163e-01
   1.5428235e-01
   1.7178100e-01
   1.8605691e-01
   2.0577537e-01
   2.1601170e-01
   2.0831794e-01
   2.0337859e-01
   1.8848617e-01
   1.7262934e-01
   1.5122695e-01
   1.2892504e-01
   1.0668295e-01
   9.2894183e-02
   6.5485343e-02
   5.7803653e-02
   4.7472288e-02
   3.8951478e-02
   3.6431967e-02
   4.5039650e-02
   5.4176744e-02
   6.5126970e-02
   7.3112041e-02
   7.8602284e-02
   8.0830634e-02
   8.0728844e-02
   7.9900205e-02
   7.9812177e-02
   8.0690421e-02
   8.0856472e-02
   7.8749657e-02
   7.2623551e-02
   5.6969095e-02
   0.0000000e+00
   3.2800447e-02
   4.3238573e-02
   6.4299695e-02
   8.2292363e-02
   1.0172318e-01
   1.2028548e-01
   1.3277632e-01
   1.4091048e-01
   1.4395346e-01
   1.4334212e-01
   1.3870396e-01
   1.3710609e-01
   1.3423431e-01
   1.2170839e-01
   1.1519548e-01
   1.2395513e-01
   1.4158440e-01
   1.6320750e-01
   1.8710241e-01
   1.9969194e-01
   1.9865882e-01
   1.9658227e-01
   1.4501061e-01
   1.2562975e-01
   1.0050391e-01
   8.0996953e-02
   6.4128757e-02
   0.0000000e+00
   3.2686483e-02
   3.3119837e-02
   3.4419399e-02
   3.6366098e-02
   3.7772864e-02
   3.9500393e-02
   4.5076851e-02
   5.2718110e-02
   5.8808774e-02
   6.3112997e-02
   6.4069569e-02
   6.2098719e-02
   5.9035644e-02
   5.7300404e-02
   5.8018677e-02
   5.9771668e-02
   5.9122108e-02
   5.2977040e-02
   3.6405326e-02
   0.0000000e+00
   0.0000000e+00
   2.4971413e-02
   3.9833926e-02
   5.4391228e-02
   7.3695071e-02
   9.1247559e-02
   1.0130230e-01
   1.0638508e-01
   1.0627247e-01
   1.0119987e-01
   9.3481585e-02
   9.1592863e-02
   9.6457101e-02
   9.0828367e-02
   8.5060425e-02
   9.0289205e-02
   1.0469300e-01
   1.2596126e-01
   1.4688891e-01
   1.5951307e-01
   1.6213940e-01
   1.5813251e-01
   8.9164667e-02
   7.4863445e-02
   6.1183208e-02
   4.0283174e-02
   3.1037063e-02
   0.0000000e+00
   0.0000000e+00
   1.9398471e-02
   1.9753918e-02
   2.1740106e-02
   2.5256741e-02
   2.9677177e-02
   3.2369144e-02
   3.7334371e-02
   4.1427929e-02
   4.4106264e-02
   4.3720391e-02
   4.0667951e-02
   3.6785152e-02
   3.4883514e-02
   3.6014095e-02
   3.8949773e-02
   3.8974602e-02
   3.2354150e-02
   1.9408331e-02
   0.0000000e+00
   0.0000000e+00
   0.0000000e+00
   1.6984174e-02
   2.8851740e-02
   4.5947265e-02
   5.9818652e-02
   6.7195445e-02
   6.9645397e-02
   6.6757977e-02
   5.7433948e-02
   4.7376044e-02
   5.6641203e-02
   6.3232904e-02
   4.8906531e-02
   4.3910190e-02
   4.7700178e-02
   6.1161030e-02
   7.8498386e-02
   9.3961604e-02
   1.0338707e-01
   1.0583178e-01
   1.0127056e-01
   3.8337655e-02
   2.6080224e-02
   0.0000000e+00
   0.0000000e+00
   0.0000000e+00
   0.0000000e+00
   0.0000000e+00
   7.1979472e-03
   6.5679410e-03
   9.1403741e-03
   1.3367187e-02
   1.5129630e-02
   1.5769932e-02
   1.8401405e-02
   2.0685636e-02
   2.2069549e-02
   2.1017086e-02
   1.8211782e-02
   1.5389796e-02
   1.4991741e-02
   1.6694101e-02
   1.9179134e-02
   1.8549459e-02
   1.2612551e-02
   4.2310131e-03
   0.0000000e+00
   0.0000000e+00
   0.0000000e+00
  -3.8966198e-03
   7.2456766e-03
   2.2193117e-02
   3.1915996e-02
   3.6663804e-02
   3.6697388e-02
   3.0819809e-02
   1.7374743e-02
   3.8508816e-03
   0.0000000e+00
   0.0000000e+00
   1.1446418e-02
   8.1199231e-03
   1.2119985e-02
   2.4345076e-02
   3.5656899e-02
   4.4531543e-02
   5.0449807e-02
   5.2265350e-02
   4.8600223e-02
  -4.6005821e-03
  -1.0043723e-02
   0.0000000e+00
   0.0000000e+00
   0.0000000e+00
   0.0000000e+00
   0.0000000e+00
  -4.4728764e-03
  -6.6864329e-03
  -5.9054287e-03
  -4.2687780e-03
  -4.5289220e-03
  -5.1638720e-03
  -3.9380095e-03
  -2.6953832e-03
  -2.1432023e-03
  -2.6696303e-03
  -4.0629306e-03
  -4.7099091e-03
  -3.0586276e-03
  -7.2707221e-04
   5.8092962e-04
  -1.3365914e-03
  -5.2786212e-03
  -5.5162493e-03
   0.0000000e+00
   0.0000000e+00
   0.0000000e+00
  -2.1591467e-02
  -1.1441446e-02
   2.7765156e-03
   8.9702819e-03
   1.0624692e-02
   7.7784592e-03
  -1.0160968e-03
  -1.5641501e-02
  -1.8836821e-02
   0.0000000e+00
   0.0000000e+00
  -1.3651407e-02
  -1.8057609e-02
  -1.3739429e-02
  -5.9243857e-03
  -4.2404485e-04
   3.7049032e-03
   6.9756351e-03
   7.3098080e-03
   3.6703076e-03
  -3.5911527e-02
  -3.1291898e-02
   0.0000000e+00
   0.0000000e+00
   0.0000000e+00
   0.0000000e+00
   0.0000000e+00
  -1.6948929e-02
  -2.1400008e-02
  -2.2167232e-02
  -2.2868378e-02
  -2.5351670e-02
  -2.7128784e-02
  -2.6514210e-02
  -2.5323056e-02
  -2.4629993e-02
  -2.3563525e-02
  -2.2201352e-02
  -1.9708993e-02
  -1.6429521e-02
  -1.4698855e-02
  -1.5980739e-02
  -1.9618129e-02
  -2.0170968e-02
  -5.9614420e-03
   0.0000000e+00
   0.0000000e+00
   0.0000000e+00
  -3.1135010e-02
  -2.4797432e-02
  -1.1482393e-02
  -8.9668604e-03
  -1.0627705e-02
  -1.6393498e-02
  -2.7578851e-02
  -4.0158357e-02
  -2.9790102e-02
   0.0000000e+00
   0.0000000e+00
  -2.6173118e-02
  -2.8447009e-02
  -2.7126074e-02
  -2.7418785e-02
  -2.7207650e-02
  -2.6663536e-02
  -2.6259007e-02
  -2.8060477e-02
  -3.2070264e-02
  -5.5815097e-02
  -4.1324852e-02
   0.0000000e+00
   0.0000000e+00
   0.0000000e+00
   0.0000000e+00
   0.0000000e+00
  -3.0807659e-02
  -3.5779357e-02
  -3.7567791e-02
  -3.9306231e-02
  -4.2344704e-02
  -4.4524033e-02
  -4.4465143e-02
  -4.2945959e-02
  -4.0908433e-02
  -3.7335891e-02
  -3.2439526e-02
  -2.7451150e-02
  -2.4758462e-02
  -2.6056172e-02
  -3.0776497e-02
  -3.5574012e-02
  -3.1913467e-02
  -8.0105159e-03
  -0.0000000e+00
   0.0000000e+00
   0.0000000e+00
  -0.0000000e+00
  -3.1538015e-02
  -2.1843201e-02
  -2.3192102e-02
  -2.8268248e-02
  -3.6545098e-02
  -4.8383661e-02
  -5.5053327e-02
  -0.0000000e+00
   0.0000000e+00
   0.0000000e+00
  -3.1168631e-02
  -3.1168631e-02
  -3.3834559e-02
  -4.1952830e-02
  -4.5796677e-02
  -4.8440386e-02
  -5.1140402e-02
  -5.4977901e-02
  -5.8342248e-02
  -6.6831708e-02
  -4.3931256e-02
   0.0000000e+00
   0.0000000e+00
   0.0000000e+00
   0.0000000e+00
   0.0000000e+00
  -4.1813410e-02
  -4.5754857e-02
  -4.8141364e-02
  -5.0147273e-02
  -5.2595288e-02
  -5.4555625e-02
  -5.4892041e-02
  -5.2661117e-02
  -4.8412666e-02
  -4.2143442e-02
  -3.4713335e-02
  -2.9887889e-02
  -3.0847793e-02
  -3.6713701e-02
  -4.3878287e-02
  -4.8598591e-02
  -4.2388603e-02
  -1.4808062e-02
  -0.0000000e+00
   0.0000000e+00
   0.0000000e+00
   0.0000000e+00
  -3.1217826e-02
  -3.1070599e-02
  -3.6436003e-02
  -4.4050522e-02
  -5.3017695e-02
  -6.1888982e-02
  -5.7852551e-02
  -0.0000000e+00
   0.0000000e+00
   0.0000000e+00
  -2.8820894e-02
  -2.8820894e-02
  -3.9682529e-02
  -5.1924508e-02
  -5.8930617e-02
  -6.4527221e-02
  -7.0009485e-02
  -7.5003587e-02
  -7.6570161e-02
  -6.9110446e-02
  -3.4658377e-02
  -1.6656637e-02
   0.0000000e+00
   0.0000000e+00
   0.0000000e+00
  -4.6923760e-02
  -4.8951158e-02
  -4.9982619e-02
  -5.2053876e-02
  -5.3940307e-02
  -5.5368800e-02
  -5.6505505e-02
  -5.6252573e-02
  -5.2754376e-02
  -4.6330757e-02
  -3.8403835e-02
  -3.1793512e-02
  -3.1300995e-02
  -3.7838601e-02
  -4.7108773e-02
  -5.5038024e-02
  -5.8818858e-02
  -5.2876640e-02
  -2.9325819e-02
  -0.0000000e+00
   0.0000000e+00
   0.0000000e+00
   0.0000000e+00
  -3.1986099e-02
  -4.1498348e-02
  -5.0434679e-02
  -5.8493443e-02
  -6.5126002e-02
  -6.6230491e-02
  -4.5740999e-02
  -0.0000000e+00
   0.0000000e+00
   0.0000000e+00
  -0.0000000e+00
  -0.0000000e+00
  -4.4800103e-02
  -5.8987554e-02
  -6.9702245e-02
  -7.7217810e-02
  -8.3879836e-02
  -8.8857532e-02
  -8.6803898e-02
  -6.1606597e-02
  -2.4806084e-02
  -9.9666000e-04
   0.0000000e+00
   0.0000000e+00
   0.0000000e+00
  -5.7254115e-02
  -4.9838085e-02
  -4.7559638e-02
  -4.7878224e-02
  -4.9152605e-02
  -4.9731128e-02
  -4.9824681e-02
  -4.8286811e-02
  -4.3550298e-02
  -3.6624577e-02
  -3.0022578e-02
  -2.8625295e-02
  -3.5497062e-02
  -4.6486463e-02
  -5.6503665e-02
  -6.3381977e-02
  -6.5760836e-02
  -5.7531454e-02
  -4.1056825e-02
   0.0000000e+00
   0.0000000e+00
   0.0000000e+00
   0.0000000e+00
  -3.5470735e-02
  -5.1257029e-02
  -6.3583970e-02
  -6.9584072e-02
  -7.0629217e-02
  -6.1446600e-02
  -2.9749988e-02
  -0.0000000e+00
   0.0000000e+00
   0.0000000e+00
   0.0000000e+00
   0.0000000e+00
  -5.5278711e-02
  -6.6039667e-02
  -7.7524297e-02
  -8.4593803e-02
  -9.0307534e-02
  -9.2928439e-02
  -8.5602850e-02
  -4.6280082e-02
  -1.2816244e-02
   5.3091772e-03
   6.8557561e-03
   0.0000000e+00
   0.0000000e+00
  -5.4751917e-02
  -4.3112215e-02
  -3.7784949e-02
  -3.5691164e-02
  -3.6347885e-02
  -3.7206940e-02
  -3.7112422e-02
  -3.4784898e-02
  -3.0064879e-02
  -2.5144121e-02
  -2.3487000e-02
  -2.9751569e-02
  -4.2641662e-02
  -5.5159178e-02
  -6.3796178e-02
  -6.8289205e-02
  -6.7577891e-02
  -4.9184777e-02
  -0.0000000e+00
   0.0000000e+00
   0.0000000e+00
   0.0000000e+00
   0.0000000e+00
  -4.1610163e-02
  -5.7412371e-02
  -7.1650237e-02
  -7.3654331e-02
  -6.7982823e-02
  -5.1066928e-02
  -1.9527284e-02
  -0.0000000e+00
   0.0000000e+00
   0.0000000e+00
   0.0000000e+00
  -8.0715488e-03
  -6.1366214e-02
  -7.0183747e-02
  -7.9602823e-02
  -8.3867632e-02
  -8.5777260e-02
  -8.4245898e-02
  -7.2571792e-02
  -2.7546901e-02
  -2.2276174e-03
   4.0951651e-03
  -2.0947892e-03
   0.0000000e+00
  -6.6101743e-02
  -4.7632851e-02
  -3.1075329e-02
  -2.4190996e-02
  -2.0495627e-02
  -2.1236660e-02
  -2.3085641e-02
  -2.3434687e-02
  -2.1578280e-02
  -1.8898509e-02
  -1.8459180e-02
  -2.3602802e-02
  -3.5693027e-02
  -5.0351042e-02
  -6.1751273e-02
  -6.7716286e-02
  -6.8304524e-02
  -6.1579112e-02
  -3.6449160e-02
  -0.0000000e+00
   0.0000000e+00
   0.0000000e+00
   0.0000000e+00
   0.0000000e+00
  -0.0000000e+00
  -5.9309364e-02
  -7.2853357e-02
  -7.0274964e-02
  -5.9307002e-02
  -3.9321214e-02
  -1.3019766e-02
  -0.0000000e+00
   0.0000000e+00
   0.0000000e+00
   0.0000000e+00
  -3.3280580e-02
  -6.5033985e-02
  -6.9309622e-02
  -7.4577592e-02
  -7.4783228e-02
  -7.1471855e-02
  -6.5808550e-02
  -5.2208751e-02
  -9.3062790e-03
   1.3281465e-03
  -3.6251846e-03
  -1.9122120e-02
  -4.1852713e-02
  -0.0000000e+00
  -3.4349288e-02
  -2.0058384e-02
  -1.4218489e-02
  -1.1350458e-02
  -1.2199482e-02
  -1.3748039e-02
  -1.4254527e-02
  -1.3951911e-02
  -1.4828853e-02
  -1.9401576e-02
  -2.9092502e-02
  -4.2433426e-02
  -5.5275213e-02
  -6.3679367e-02
  -6.5841071e-02
  -6.1687373e-02
  -4.9394861e-02
  -3.0557829e-02
  -0.0000000e+00
   0.0000000e+00
   0.0000000e+00
   0.0000000e+00
   0.0000000e+00
   0.0000000e+00
  -5.7930312e-02
  -6.8199605e-02
  -6.2110960e-02
  -4.7972810e-02
  -2.8430397e-02
  -7.5098174e-03
  -0.0000000e+00
   0.0000000e+00
   0.0000000e+00
   0.0000000e+00
  -4.4006840e-02
  -6.2053882e-02
  -6.2186446e-02
  -6.2497102e-02
  -5.8409311e-02
  -5.0928399e-02
  -4.1952193e-02
  -2.8496696e-02
  -3.8659317e-04
   2.8968902e-03
  -7.3647365e-03
  -2.3312328e-02
  -3.4554074e-02
   0.0000000e+00
  -1.5275116e-02
  -1.6369561e-02
  -1.4607582e-02
  -1.4539771e-02
  -1.5471523e-02
  -1.5937734e-02
  -1.6182348e-02
  -1.7052133e-02
  -2.0090455e-02
  -2.6399108e-02
  -3.5642218e-02
  -4.5918487e-02
  -5.4478150e-02
  -5.8498818e-02
  -5.6530155e-02
  -4.8487533e-02
  -3.3241633e-02
  -1.7059631e-02
   0.0000000e+00
   0.0000000e+00
   0.0000000e+00
   0.0000000e+00
   0.0000000e+00
   0.0000000e+00
  -5.2644492e-02
  -5.8613800e-02
  -5.0728098e-02
  -3.5717953e-02
  -1.8332047e-02
  -9.2365762e-04
   0.0000000e+00
   0.0000000e+00
   0.0000000e+00
   0.0000000e+00
  -4.3693478e-02
  -5.1711060e-02
  -4.8789516e-02
  -4.4928014e-02
  -3.7209071e-02
  -2.6967134e-02
  -1.6268386e-02
  -4.9473131e-03
   0.0000000e+00
   0.0000000e+00
  -7.2386298e-03
  -1.5671798e-02
  -2.5196920e-02
   0.0000000e+00
  -2.1575466e-02
  -2.2462368e-02
  -2.5643786e-02
  -2.8414257e-02
  -2.9629478e-02
  -2.9433243e-02
  -2.9164031e-02
  -2.9624425e-02
  -3.1599689e-02
  -3.5283700e-02
  -3.9886031e-02
  -4.4620261e-02
  -4.8136495e-02
  -4.8230782e-02
  -4.3504544e-02
  -3.3820134e-02
  -1.7980862e-02
  -2.6675270e-03
   0.0000000e+00
   0.0000000e+00
   0.0000000e+00
   0.0000000e+00
   0.0000000e+00
   0.0000000e+00
  -4.5362486e-02
  -4.4372678e-02
  -3.6705814e-02
  -2.3084152e-02
  -8.6836424e-03
   2.3160549e-03
   0.0000000e+00
   0.0000000e+00
   0.0000000e+00
   0.0000000e+00
  -3.8456182e-02
  -3.6930457e-02
  -3.2450445e-02
  -2.6046613e-02
  -1.6010474e-02
  -3.8810703e-03
   6.7163198e-03
   1.0525611e-02
   0.0000000e+00
   0.0000000e+00
   0.0000000e+00
  -7.1098718e-03
  -7.8351647e-03
  -3.2578744e-02
  -3.0073493e-02
  -3.2804355e-02
  -3.8515423e-02
  -4.2212938e-02
  -4.3473249e-02
  -4.3064409e-02
  -4.2103214e-02
  -4.0983957e-02
  -4.0131112e-02
  -3.9853291e-02
  -3.9860522e-02
  -4.0160467e-02
  -4.0164028e-02
  -3.8284690e-02
  -3.2910660e-02
  -2.3324531e-02
  -8.4264829e-03
   4.8459515e-03
   0.0000000e+00
   0.0000000e+00
   0.0000000e+00
   0.0000000e+00
   0.0000000e+00
  -5.7152203e-02
  -3.6181357e-02
  -2.9130745e-02
  -2.2655479e-02
  -1.1053170e-02
   6.3764044e-04
   5.4066492e-03
   0.0000000e+00
   0.0000000e+00
   0.0000000e+00
   0.0000000e+00
  -3.3020708e-02
  -2.4304913e-02
  -1.8758236e-02
  -1.1084388e-02
   1.5805166e-04
   1.3474857e-02
   2.2972192e-02
   2.1463907e-02
   1.7942230e-04
   0.0000000e+00
  -2.2388326e-03
  -8.3870886e-03
  -2.3941843e-02
  -3.8433293e-02
  -3.7541497e-02
  -4.0148373e-02
  -4.5150085e-02
  -4.8287490e-02
  -4.9496015e-02
  -4.9310149e-02
  -4.8141187e-02
  -4.6141753e-02
  -4.3630211e-02
  -4.1263113e-02
  -3.8945763e-02
  -3.6836325e-02
  -3.4741018e-02
  -3.1670786e-02
  -2.6151505e-02
  -1.7555544e-02
  -5.9855080e-03
   4.6379041e-03
   0.0000000e+00
   0.0000000e+00
   0.0000000e+00
   0.0000000e+00
  -5.5802368e-02
  -4.9947852e-02
  -2.6191142e-02
  -1.6184386e-02
  -9.2990909e-03
   1.7373099e-03
   1.1032455e-02
   1.0462070e-02
   0.0000000e+00
   0.0000000e+00
   0.0000000e+00
   0.0000000e+00
  -0.0000000e+00
  -1.5164716e-02
  -8.7887252e-03
  -9.5228560e-04
   1.0539336e-02
   2.4256316e-02
   3.2109998e-02
   2.4685389e-02
   1.4763677e-03
   1.4763677e-03
  -4.5535296e-03
  -1.4439843e-02
  -3.0354638e-02
  -4.1808510e-02
  -4.2997231e-02
  -4.6561295e-02
  -5.1123394e-02
  -5.3977406e-02
  -5.4779562e-02
  -5.4155174e-02
  -5.2371382e-02
  -4.9721385e-02
  -4.6479212e-02
  -4.3252365e-02
  -3.9622159e-02
  -3.5447643e-02
  -3.0824665e-02
  -2.5761784e-02
  -2.0287881e-02
  -1.5196478e-02
  -1.0703682e-02
  -1.8103418e-06
   0.0000000e+00
   0.0000000e+00
   0.0000000e+00
   0.0000000e+00
  -5.4629584e-02
  -4.1213875e-02
  -1.7473527e-02
  -5.2816390e-03
   3.5902471e-03
   9.8490873e-03
   2.2332153e-02
   1.6273385e-02
   0.0000000e+00
   0.0000000e+00
   0.0000000e+00
   0.0000000e+00
   0.0000000e+00
  -5.1744025e-03
   5.9515449e-05
   6.3209048e-03
   1.7534117e-02
   3.1877946e-02
   3.7405995e-02
   2.6307664e-02
   3.6984134e-03
   2.7902217e-03
  -7.3470197e-03
  -2.0267538e-02
  -3.6003243e-02
  -4.5436561e-02
  -5.0029505e-02
  -5.7714980e-02
  -6.4832784e-02
  -6.9187544e-02
  -7.0003800e-02
  -6.8145096e-02
  -6.4253308e-02
  -5.9047483e-02
  -5.3137839e-02
  -4.7403168e-02
  -4.1428741e-02
  -3.4495246e-02
  -2.6848419e-02
  -2.0188466e-02
  -1.6481193e-02
  -1.5772771e-02
  -1.9175587e-02
  -8.9555178e-03
   0.0000000e+00
   0.0000000e+00
   0.0000000e+00
  -5.8413970e-02
  -5.4199673e-02
  -3.9076544e-02
  -1.5987728e-02
   1.5900205e-03
   1.1723555e-02
   0.0000000e+00
   0.0000000e+00
   0.0000000e+00
   0.0000000e+00
   0.0000000e+00
   0.0000000e+00
   0.0000000e+00
   0.0000000e+00
   5.0387370e-03
   9.1265151e-03
   1.1896283e-02
   2.4419749e-02
   4.1751515e-02
   4.3982733e-02
   2.9818768e-02
   1.0041856e-02
   1.8038500e-03
  -1.3529020e-02
  -3.1610631e-02
  -4.0062509e-02
  -5.0165530e-02
  -5.9502259e-02
  -7.1534991e-02
  -8.2436025e-02
  -8.9997433e-02
  -9.2962705e-02
  -9.1661289e-02
  -8.6626470e-02
  -7.8787692e-02
  -6.9159515e-02
  -5.9173971e-02
  -4.8984636e-02
  -3.8253181e-02
  -2.7601006e-02
  -2.0163611e-02
  -1.8937049e-02
  -1.7576976e-02
  -2.0723594e-02
  -1.9466267e-02
  -0.0000000e+00
   0.0000000e+00
   0.0000000e+00
  -6.7567809e-02
  -6.0493812e-02
  -4.6743806e-02
  -2.4907205e-02
   1.4579098e-04
   1.5785757e-02
   0.0000000e+00
   0.0000000e+00
   0.0000000e+00
   0.0000000e+00
   0.0000000e+00
   0.0000000e+00
   0.0000000e+00
   0.0000000e+00
   2.6634910e-02
   2.1265922e-02
   1.7950807e-02
   3.0749494e-02
   5.3200617e-02
   5.4311864e-02
   3.2959232e-02
   2.9563720e-02
  -1.1512777e-03
  -1.7804188e-02
  -3.6021685e-02
  -4.4047564e-02
  -5.4680906e-02
  -6.6904120e-02
  -8.1185155e-02
  -9.4260201e-02
  -1.0433472e-01
  -1.1021411e-01
  -1.1172207e-01
  -1.0885692e-01
  -1.0207317e-01
  -9.1884680e-02
  -7.9224072e-02
  -6.4767890e-02
  -4.9577899e-02
  -3.5171997e-02
  -2.5155151e-02
  -2.4608131e-02
  -2.0428136e-02
  -1.0627070e-02
  -2.3160915e-02
   0.0000000e+00
   0.0000000e+00
  -8.9287593e-02
  -7.8763126e-02
  -7.4662954e-02
  -6.2853947e-02
  -4.1644327e-02
  -9.5306076e-03
   1.6823284e-02
   0.0000000e+00
   0.0000000e+00
   0.0000000e+00
   0.0000000e+00
   0.0000000e+00
   0.0000000e+00
   0.0000000e+00
   0.0000000e+00
   3.9603488e-02
   3.9470982e-02
   2.8297234e-02
   3.3990854e-02
   6.4437510e-02
   6.1219368e-02
   3.5495348e-02
   0.0000000e+00
  -1.2188010e-02
  -2.4898514e-02
  -3.7247043e-02
  -4.7105581e-02
  -5.7270475e-02
  -6.9607839e-02
  -8.3574988e-02
  -9.6282296e-02
  -1.0672458e-01
  -1.1394136e-01
  -1.1750956e-01
  -1.1740463e-01
  -1.1366637e-01
  -1.0595533e-01
  -9.4178386e-02
  -7.8545302e-02
  -6.0416996e-02
  -4.2336348e-02
  -2.7577979e-02
  -2.5157465e-02
  -2.8083188e-02
  -2.2885236e-03
  -0.0000000e+00
  -1.2560106e-01
  -1.1253576e-01
  -8.9116084e-02
  -8.8012464e-02
  -8.6461723e-02
  -7.6269291e-02
  -5.7430506e-02
  -2.3924667e-02
  -0.0000000e+00
   0.0000000e+00
   0.0000000e+00
   0.0000000e+00
   0.0000000e+00
   0.0000000e+00
   0.0000000e+00
   0.0000000e+00
   0.0000000e+00
   4.8234923e-02
   6.0378350e-02
   4.3965582e-02
   0.0000000e+00
   4.7104529e-02
   5.4445155e-02
   3.8360990e-02
   0.0000000e+00
  -1.7356864e-02
  -2.9801631e-02
  -3.9433904e-02
  -4.8527285e-02
  -5.7496771e-02
  -6.8479836e-02
  -8.0990367e-02
  -9.2274688e-02
  -1.0188475e-01
  -1.0925665e-01
  -1.1338481e-01
  -1.1423089e-01
  -1.1213771e-01
  -1.0696440e-01
  -9.8040782e-02
  -8.4375247e-02
  -6.6197157e-02
  -4.5741811e-02
  -2.5539212e-02
  -1.8111586e-02
  -3.6358625e-02
  -0.0000000e+00
  -6.0280891e-02
  -1.1885737e-01
  -1.0897865e-01
  -8.7379061e-02
  -8.8710077e-02
  -8.7374166e-02
  -8.0261268e-02
  -6.6787384e-02
  -3.8369108e-02
  -0.0000000e+00
   0.0000000e+00
   0.0000000e+00
   0.0000000e+00
   0.0000000e+00
   0.0000000e+00
   0.0000000e+00
   0.0000000e+00
   0.0000000e+00
   0.0000000e+00
   7.6901573e-02
   5.9833229e-02
   0.0000000e+00
   0.0000000e+00
   0.0000000e+00
   0.0000000e+00
   0.0000000e+00
  -1.9553191e-02
  -3.6363430e-02
  -4.1359294e-02
  -4.7902439e-02
  -5.5010382e-02
  -6.4159133e-02
  -7.5001717e-02
  -8.4784009e-02
  -9.3162864e-02
  -1.0001642e-01
  -1.0407516e-01
  -1.0535094e-01
  -1.0417420e-01
  -1.0095048e-01
  -9.4828576e-02
  -8.4160566e-02
  -6.7149416e-02
  -4.5040045e-02
  -2.0863462e-02
  -7.6048015e-03
   0.0000000e+00
   0.0000000e+00
  -6.7399891e-02
  -9.5131159e-02
  -9.3760163e-02
  -8.0528416e-02
  -8.1713177e-02
  -8.1764765e-02
  -7.9085365e-02
  -7.2026864e-02
  -5.0555609e-02
  -0.0000000e+00
   0.0000000e+00
   0.0000000e+00
   0.0000000e+00
   0.0000000e+00
   0.0000000e+00
   0.0000000e+00
   0.0000000e+00
   0.0000000e+00
   0.0000000e+00
   7.8713282e-02
   6.5446123e-02
   0.0000000e+00
   0.0000000e+00
   0.0000000e+00
   0.0000000e+00
   0.0000000e+00
  -2.5800016e-02
  -4.3304305e-02
  -4.2661395e-02
  -4.5123119e-02
  -4.9450621e-02
  -5.6274656e-02
  -6.5245502e-02
  -7.3769204e-02
  -8.1306584e-02
  -8.7362319e-02
  -9.1011859e-02
  -9.2529319e-02
  -9.2045717e-02
  -9.0311401e-02
  -8.6359873e-02
  -7.8291260e-02
  -6.2683403e-02
  -3.9870851e-02
  -1.3980180e-02
  -0.0000000e+00
   0.0000000e+00
   0.0000000e+00
  -6.7734715e-02
  -7.1753010e-02
  -7.2552256e-02
  -6.9415577e-02
  -7.0780590e-02
  -7.2300978e-02
  -7.3597558e-02
  -7.2399050e-02
  -5.9694011e-02
  -0.0000000e+00
   0.0000000e+00
   0.0000000e+00
   0.0000000e+00
   0.0000000e+00
   0.0000000e+00
   0.0000000e+00
   0.0000000e+00
   0.0000000e+00
   0.0000000e+00
   5.7616117e-02
   5.7106524e-02
   0.0000000e+00
   0.0000000e+00
   0.0000000e+00
   0.0000000e+00
   0.0000000e+00
   0.0000000e+00
  -4.6154209e-02
  -4.2040657e-02
  -3.9732955e-02
  -4.0869843e-02
  -4.4691268e-02
  -5.0868757e-02
  -5.8037590e-02
  -6.4941362e-02
  -7.0525780e-02
  -7.4211195e-02
  -7.6076195e-02
  -7.6364510e-02
  -7.5961590e-02
  -7.3748283e-02
  -6.7143612e-02
  -5.2221805e-02
  -2.9863790e-02
  -4.8947162e-03
   0.0000000e+00
  -4.5610799e-02
  -4.8116746e-02
  -5.3223888e-02
  -5.3251814e-02
  -5.5142269e-02
  -5.4902606e-02
  -5.5608127e-02
  -5.8072586e-02
  -6.2065460e-02
  -6.4977542e-02
  -6.0428936e-02
  -0.0000000e+00
   0.0000000e+00
   0.0000000e+00
   0.0000000e+00
   0.0000000e+00
   0.0000000e+00
   0.0000000e+00
   0.0000000e+00
   0.0000000e+00
   0.0000000e+00
   2.2539844e-02
   3.5984343e-02
   0.0000000e+00
   0.0000000e+00
   0.0000000e+00
   0.0000000e+00
   0.0000000e+00
   0.0000000e+00
  -0.0000000e+00
  -3.6209188e-02
  -3.1459659e-02
  -2.8672990e-02
  -2.9524435e-02
  -3.2703820e-02
  -3.7874895e-02
  -4.3747971e-02
  -4.8826387e-02
  -5.2624517e-02
  -5.5039992e-02
  -5.6294796e-02
  -5.7269537e-02
  -5.7101951e-02
  -5.2276288e-02
  -3.7588752e-02
  -1.5880959e-02
   1.1079177e-03
   0.0000000e+00
  -4.0789058e-02
  -4.1297721e-02
  -4.0351413e-02
  -3.6412332e-02
  -3.6513835e-02
  -3.7012938e-02
  -3.7693429e-02
  -4.0637902e-02
  -4.5731468e-02
  -5.0827184e-02
  -5.1569679e-02
  -4.8685674e-02
   0.0000000e+00
   0.0000000e+00
   0.0000000e+00
   0.0000000e+00
   0.0000000e+00
   0.0000000e+00
   0.0000000e+00
   0.0000000e+00
   0.0000000e+00
   0.0000000e+00
   0.0000000e+00
   0.0000000e+00
   0.0000000e+00
   0.0000000e+00
   0.0000000e+00
   0.0000000e+00
   0.0000000e+00
   0.0000000e+00
  -2.8628570e-02
  -2.3115419e-02
  -1.5451679e-02
  -1.1096561e-02
  -1.1710200e-02
  -1.4642434e-02
  -1.9176502e-02
  -2.3721220e-02
  -2.7471859e-02
  -2.9967789e-02
  -3.1590473e-02
  -3.3408966e-02
  -3.5282101e-02
  -3.3433035e-02
  -1.9858392e-02
   3.7607789e-04
   5.0830419e-03
   0.0000000e+00
  -0.0000000e+00
  -2.9024465e-02
  -2.4637682e-02
  -1.5752377e-02
  -1.6163178e-02
  -1.7547520e-02
  -1.9387707e-02
  -2.2524390e-02
  -2.7653912e-02
  -3.3735830e-02
  -3.6805779e-02
  -2.5813219e-02
   0.0000000e+00
   0.0000000e+00
   0.0000000e+00
   0.0000000e+00
   0.0000000e+00
   0.0000000e+00
   0.0000000e+00
   0.0000000e+00
   0.0000000e+00
   0.0000000e+00
   0.0000000e+00
   0.0000000e+00
   0.0000000e+00
   0.0000000e+00
   0.0000000e+00
   0.0000000e+00
   0.0000000e+00
   0.0000000e+00
  -2.7956766e-02
  -2.1107012e-02
  -7.0441673e-03
   7.5679650e-03
   1.1293476e-02
   1.0731810e-02
   7.7552497e-03
   3.5479754e-03
  -3.7252456e-04
  -2.7597804e-03
  -4.1896626e-03
  -6.4125943e-03
  -9.9476489e-03
  -1.1389941e-02
  -2.7658735e-04
   1.5098640e-02
   0.0000000e+00
   0.0000000e+00
   0.0000000e+00
   0.0000000e+00
   0.0000000e+00
   6.2461421e-03
   4.8517104e-03
   2.9416144e-03
  -6.4381798e-05
  -3.7396751e-03
  -8.7465168e-03
  -1.5742876e-02
  -2.0798299e-02
  -1.3922734e-02
  -0.0000000e+00
   0.0000000e+00
   0.0000000e+00
   0.0000000e+00
   0.0000000e+00
   0.0000000e+00
   0.0000000e+00
   0.0000000e+00
   0.0000000e+00
   0.0000000e+00
   0.0000000e+00
   0.0000000e+00
   0.0000000e+00
   0.0000000e+00
   0.0000000e+00
   0.0000000e+00
   0.0000000e+00
   0.0000000e+00
  -2.8573432e-02
  -2.2356378e-02
   2.6620989e-03
   2.2176364e-02
   3.1018633e-02
   3.4038685e-02
   3.3549517e-02
   3.0583281e-02
   2.6740536e-02
   2.4381761e-02
   2.3067892e-02
   2.0621534e-02
   1.5527151e-02
   1.0589805e-02
   1.6483828e-02
   2.3238157e-02
   0.0000000e+00
   0.0000000e+00
   0.0000000e+00
   0.0000000e+00
   0.0000000e+00
   1.9270781e-02
   2.2178376e-02
   2.2192137e-02
   1.9581694e-02
   1.5514656e-02
   1.0765946e-02
   3.2384607e-03
  -4.3220762e-03
  -5.4736668e-03
  -6.8023501e-03
   0.0000000e+00
   0.0000000e+00
   7.9012481e-04
   7.9012481e-04
   2.3466650e-02
   0.0000000e+00
   0.0000000e+00
   0.0000000e+00
   0.0000000e+00
   0.0000000e+00
   0.0000000e+00
   0.0000000e+00
   0.0000000e+00
   0.0000000e+00
   0.0000000e+00
   0.0000000e+00
   0.0000000e+00
   0.0000000e+00
   0.0000000e+00
   2.2678232e-02
   3.0980468e-02
   3.9919846e-02
   4.8893213e-02
   5.2430633e-02
   5.1858325e-02
   4.9860332e-02
   4.8017163e-02
   4.7130808e-02
   4.4781640e-02
   3.8654231e-02
   2.9356472e-02
   2.8082479e-02
   0.0000000e+00
   0.0000000e+00
   0.0000000e+00
   0.0000000e+00
   0.0000000e+00
   0.0000000e+00
   2.1371578e-02
   3.0554168e-02
   3.5771258e-02
   3.4458604e-02
   3.2757994e-02
   2.9675953e-02
   2.1855930e-02
   1.2219414e-02
   8.4955990e-03
   8.9128469e-03
   0.0000000e+00
   0.0000000e+00
   1.4611048e-02
   1.1208437e-02
   1.6801962e-02
   0.0000000e+00
   0.0000000e+00
   0.0000000e+00
   0.0000000e+00
   0.0000000e+00
   0.0000000e+00
   0.0000000e+00
   0.0000000e+00
   0.0000000e+00
   0.0000000e+00
   0.0000000e+00
   0.0000000e+00
   0.0000000e+00
   1.7929343e-03
   3.4071851e-02
   2.9729702e-02
   3.3004075e-02
   4.9658585e-02
   5.9724744e-02
   6.3360654e-02
   6.5164059e-02
   6.6155456e-02
   6.6917151e-02
   6.4580083e-02
   5.7291977e-02
   4.3532740e-02
   3.0996746e-02
   0.0000000e+00
   0.0000000e+00
   0.0000000e+00
   0.0000000e+00
   0.0000000e+00
   0.0000000e+00
   0.0000000e+00
   2.5084701e-02
   3.7006143e-02
   4.0204920e-02
   4.5399681e-02
   4.7436837e-02
   4.0190492e-02
   2.7772337e-02
   1.6392203e-02
   0.0000000e+00
   0.0000000e+00
   3.5359361e-02
   3.5257392e-02
   0.0000000e+00
   0.0000000e+00
   0.0000000e+00
   0.0000000e+00
   0.0000000e+00
   0.0000000e+00
   0.0000000e+00
   0.0000000e+00
   0.0000000e+00
   0.0000000e+00
   0.0000000e+00
   0.0000000e+00
   0.0000000e+00
   0.0000000e+00
   0.0000000e+00
   1.2005195e-02
   2.2831272e-02
   2.4863560e-02
   2.8822286e-02
   4.5165822e-02
   5.7295464e-02
   6.5244526e-02
   7.0217639e-02
   7.4844852e-02
   7.6980203e-02
   7.4643128e-02
   6.5866418e-02
   4.9942978e-02
   2.7703631e-02
   0.0000000e+00
   0.0000000e+00
   0.0000000e+00
   0.0000000e+00
   0.0000000e+00
   0.0000000e+00
   0.0000000e+00
   0.0000000e+00
   3.0325460e-02
   3.7686754e-02
   5.0566435e-02
   5.9997849e-02
   5.5806149e-02
   4.0228818e-02
   1.6971398e-02
   3.8726822e-03
   0.0000000e+00
   3.2822075e-02
   1.8579549e-02
   0.0000000e+00
  -0.0000000e+00
  -0.0000000e+00
   0.0000000e+00
   0.0000000e+00
   0.0000000e+00
   0.0000000e+00
   0.0000000e+00
   0.0000000e+00
   0.0000000e+00
   0.0000000e+00
   0.0000000e+00
   0.0000000e+00
   0.0000000e+00
   0.0000000e+00
   0.0000000e+00
   3.5463406e-03
   1.1364140e-02
   1.6849004e-02
   3.2055926e-02
   4.2676561e-02
   5.1229145e-02
   5.9502479e-02
   6.7758530e-02
   7.1951091e-02
   7.0678227e-02
   6.1461356e-02
   4.5913257e-02
   2.6398099e-02
   0.0000000e+00
   0.0000000e+00
   0.0000000e+00
   0.0000000e+00
   0.0000000e+00
   0.0000000e+00
   0.0000000e+00
   0.0000000e+00
   2.8972405e-02
   3.4479955e-02
   5.0827056e-02
   6.6415317e-02
   6.5037161e-02
   4.8618805e-02
   2.0530708e-02
   1.0758501e-02
   0.0000000e+00
   0.0000000e+00
   0.0000000e+00
   0.0000000e+00
  -0.0000000e+00
  -0.0000000e+00
   0.0000000e+00
   0.0000000e+00
   0.0000000e+00
   0.0000000e+00
   0.0000000e+00
   0.0000000e+00
   0.0000000e+00
   0.0000000e+00
   0.0000000e+00
   0.0000000e+00
   0.0000000e+00
   0.0000000e+00
   0.0000000e+00
   0.0000000e+00
  -2.1164479e-03
  -1.2116783e-02
  -4.2772378e-04
   8.0051702e-03
   1.5688073e-02
   2.9162282e-02
   4.3933753e-02
   5.2900162e-02
   5.3966042e-02
   4.5193259e-02
   3.0664422e-02
   1.6533102e-02
   0.0000000e+00
   0.0000000e+00
   0.0000000e+00
   0.0000000e+00
   0.0000000e+00
   0.0000000e+00
   0.0000000e+00
   0.0000000e+00
   0.0000000e+00
   4.1611490e-02
   5.5078525e-02
   7.0188165e-02
   6.9636472e-02
   5.4020751e-02
   3.1697836e-02
   1.4867128e-02
   0.0000000e+00
   0.0000000e+00
   0.0000000e+00
   0.0000000e+00
   0.0000000e+00
   0.0000000e+00
   0.0000000e+00
   0.0000000e+00
   0.0000000e+00
   0.0000000e+00
   0.0000000e+00
   0.0000000e+00
   0.0000000e+00
   0.0000000e+00
   0.0000000e+00
   0.0000000e+00
   0.0000000e+00
   0.0000000e+00
   0.0000000e+00
   0.0000000e+00
   6.3253834e-03
  -0.0000000e+00
  -3.7912718e-02
  -4.3793399e-02
  -3.3783324e-02
  -1.4135582e-02
   7.2244839e-03
   2.3562429e-02
   2.8428953e-02
   1.9660633e-02
   1.0191560e-02
   0.0000000e+00
   0.0000000e+00
   0.0000000e+00
   0.0000000e+00
   0.0000000e+00
   0.0000000e+00
   0.0000000e+00
   0.0000000e+00
   0.0000000e+00
   0.0000000e+00
   5.2594329e-02
   5.9425123e-02
   6.4758144e-02
   6.2185008e-02
   4.9639206e-02
   3.3832915e-02
   2.9183216e-02
   0.0000000e+00
   0.0000000e+00
   0.0000000e+00
   0.0000000e+00
   0.0000000e+00
   0.0000000e+00
   0.0000000e+00
   0.0000000e+00
   0.0000000e+00
   0.0000000e+00
   0.0000000e+00
   0.0000000e+00
   0.0000000e+00
   0.0000000e+00
   0.0000000e+00
   0.0000000e+00
   0.0000000e+00
   0.0000000e+00
   0.0000000e+00
  -0.0000000e+00
  -3.5824103e-03
  -5.9789776e-03
  -5.3764034e-02
  -8.4441617e-02
  -8.1563056e-02
  -5.3369366e-02
  -2.6556241e-02
   0.0000000e+00
   2.7972678e-05
  -1.4642420e-02
  -0.0000000e+00
   0.0000000e+00
   0.0000000e+00
   0.0000000e+00
   0.0000000e+00
   0.0000000e+00
   0.0000000e+00
   0.0000000e+00
   0.0000000e+00
   0.0000000e+00
   3.9794394e-02
   4.2806734e-02
   3.4920428e-02
   3.5547610e-02
   3.4838624e-02
   2.2930974e-02
   1.3497015e-02
   4.4165637e-03
  -2.2658513e-03
  -7.2223804e-03
   0.0000000e+00
   0.0000000e+00
   0.0000000e+00
   0.0000000e+00
   0.0000000e+00
   0.0000000e+00
   0.0000000e+00
   0.0000000e+00
   0.0000000e+00
   0.0000000e+00
   0.0000000e+00
   0.0000000e+00
   0.0000000e+00
   0.0000000e+00
   0.0000000e+00
   0.0000000e+00
   0.0000000e+00
   0.0000000e+00
   0.0000000e+00
   0.0000000e+00
  -0.0000000e+00
  -0.0000000e+00
  -6.8016497e-02
  -5.7026296e-02
  -4.1621143e-02
   0.0000000e+00
   0.0000000e+00
  -0.0000000e+00
   0.0000000e+00
   0.0000000e+00
   0.0000000e+00
   0.0000000e+00
   0.0000000e+00
   0.0000000e+00
   0.0000000e+00
   0.0000000e+00
   1.0591680e-02
   1.6154146e-02
   2.5051475e-02
   1.4001815e-02
   0.0000000e+00
  -1.6693374e-02
  -1.9475117e-02
  -2.9348376e-02
  -2.8613008e-02
  -1.9470361e-02
  -4.5796438e-03
  -1.9835560e-03
   0.0000000e+00
   0.0000000e+00
   0.0000000e+00
   0.0000000e+00
   0.0000000e+00
   0.0000000e+00
   0.0000000e+00
   0.0000000e+00
   0.0000000e+00
   0.0000000e+00
   0.0000000e+00
   0.0000000e+00
   0.0000000e+00
   0.0000000e+00
   0.0000000e+00
   0.0000000e+00
   0.0000000e+00
   0.0000000e+00
   0.0000000e+00
   0.0000000e+00
   0.0000000e+00
   0.0000000e+00
  -2.6243189e-02
  -5.7839196e-03
  -1.2431616e-02
   0.0000000e+00
   0.0000000e+00
   0.0000000e+00
   0.0000000e+00
   0.0000000e+00
   0.0000000e+00
   0.0000000e+00
   0.0000000e+00
   0.0000000e+00
   0.0000000e+00
   0.0000000e+00
   5.2390143e-03
   0.0000000e+00
   1.0345005e-02
  -0.0000000e+00
   0.0000000e+00
  -0.0000000e+00
  -0.0000000e+00
  -4.9482482e-02
  -2.9721109e-02
  -2.0701206e-02
  -1.3610893e-02
   2.3274622e-03
   8.8809665e-03
   0.0000000e+00
   0.0000000e+00
   0.0000000e+00
   1.0657300e-02
   0.0000000e+00
   0.0000000e+00
   0.0000000e+00
   0.0000000e+00
   0.0000000e+00
   0.0000000e+00
   0.0000000e+00
   0.0000000e+00
  -2.5218638e-02
  -2.7469956e-02
  -3.1582656e-02
  -2.2132812e-02
  -2.4778940e-02
  -2.2306532e-02
  -1.8267049e-02
  -1.9704972e-02
  -2.2517944e-02
  -1.8639375e-02
  -1.8510363e-02
  -2.5964872e-02
  -3.7845483e-02
  -4.1546181e-02
  -3.0796069e-02
  -2.2944599e-02
  -1.3619539e-02
   1.9593443e-03
   9.2582039e-03
   1.1072230e-02
   9.8113668e-03
   9.2422660e-03
   0.0000000e+00
   2.5259228e-02
   3.7733092e-02
   1.4377265e-02
  -0.0000000e+00
   0.0000000e+00
   0.0000000e+00
   0.0000000e+00
  -0.0000000e+00
  -2.5606871e-02
  -2.5184691e-02
  -2.0222712e-02
  -1.4802064e-02
  -1.2446082e-02
  -1.5352083e-02
  -1.1309332e-02
  -5.0984389e-03
  -5.3613392e-03
  -9.5558789e-03
  -9.4533680e-03
  -1.3626968e-02
  -1.8828206e-02
  -2.1100535e-02
  -2.1084704e-02
   0.0000000e+00
