   0.0000000e+00
   0.0000000e+00
   0.0000000e+00
   0.0000000e+00
   0.0000000e+00
   0.0000000e+00
   0.0000000e+00
   0.0000000e+00
   0.0000000e+00
   0.0000000e+00
   7.1067544e-02
   4.4154524e-02
   2.5909938e-02
   0.0000000e+00
  -0.0000000e+00
  -0.0000000e+00
   0.0000000e+00
   0.0000000e+00
   0.0000000e+00
   0.0000000e+00
   0.0000000e+00
   0.0000000e+00
   0.0000000e+00
   0.0000000e+00
   0.0000000e+00
   0.0000000e+00
   0.0000000e+00
   0.0000000e+00
   0.0000000e+00
   1.1308660e-02
  -0.0000000e+00
   0.0000000e+00
   0.0000000e+00
   0.0000000e+00
   0.0000000e+00
   0.0000000e+00
   0.0000000e+00
   0.0000000e+00
   0.0000000e+00
   0.0000000e+00
   0.0000000e+00
   0.0000000e+00
   0.0000000e+00
   0.0000000e+00
   0.0000000e+00
   0.0000000e+00
   0.0000000e+00
   0.0000000e+00
   0.0000000e+00
   0.0000000e+00
   0.0000000e+00
   0.0000000e+00
   0.0000000e+00
   0.0000000e+00
   0.0000000e+00
   0.0000000e+00
   6.3024925e-02
   7.0993969e-02
   4.6191264e-02
   2.6499137e-02
   1.5881272e-02
   6.7369011e-03
  -1.1942245e-04
  -4.1215362e-03
  -7.8974784e-03
  -9.5737270e-03
  -1.1504587e-02
  -1.1333931e-02
  -1.0686375e-02
  -8.3905970e-03
   1.3753164e-03
  -9.4085494e-03
  -1.4818956e-02
   0.0000000e+00
   4.1860707e-02
   3.0401016e-02
   2.2789294e-02
   2.2180500e-02
   1.5986537e-02
   8.4567412e-03
   1.4090529e-02
   1.2310533e-02
   1.2436294e-02
   2.0726946e-02
   2.8050639e-02
   2.2122806e-02
   6.7246245e-03
  -0.0000000e+00
  -0.0000000e+00
   0.0000000e+00
   0.0000000e+00
   0.0000000e+00
   0.0000000e+00
   0.0000000e+00
   0.0000000e+00
   0.0000000e+00
   1.7994453e-02
   1.1620430e-02
   1.6940178e-03
  -4.5880305e-03
  -2.6648223e-04
   6.0714070e-03
   2.9740366e-03
   3.1393743e-03
   5.6346855e-03
   5.5965399e-03
   7.0689609e-03
   8.8634184e-03
   7.6038986e-03
   3.3242104e-03
  -3.9443804e-04
  -2.4688106e-03
  -4.2874571e-03
  -7.6954607e-03
  -9.9389292e-03
  -1.2084233e-02
  -1.2410643e-02
  -1.0141833e-02
  -7.9792626e-03
  -7.3553994e-03
  -6.5353477e-03
  -2.0721255e-03
   7.3795837e-03
   1.4334192e-02
   1.7533746e-02
   2.0797923e-02
   2.2733623e-02
   2.2694286e-02
   2.0394556e-02
   1.4860449e-02
   1.1202384e-02
   1.0170152e-02
   1.0166203e-02
   4.5456733e-03
   2.7488830e-04
  -6.4583635e-03
  -5.8281169e-03
   1.1127013e-02
   3.6566502e-02
   3.6862072e-02
   2.1223124e-02
   2.1539913e-02
   2.2056247e-02
   2.1516817e-02
  -4.3741697e-03
  -1.5911208e-02
  -2.5739100e-02
  -3.2367073e-02
  -3.6383707e-02
  -3.8710006e-02
  -3.5623804e-02
  -2.8437613e-02
  -2.2432625e-02
  -1.6636675e-02
  -8.2323747e-03
   7.3469419e-04
   4.9316925e-03
   4.2476649e-03
   1.7678950e-03
   5.1425304e-04
  -1.9076632e-03
  -6.3468395e-03
  -1.0809438e-02
  -1.4913671e-02
  -1.7737912e-02
  -1.7558336e-02
  -1.5884690e-02
  -1.5424722e-02
  -1.1849075e-02
  -2.6233899e-03
   3.8725429e-03
   8.2768155e-03
   1.0568894e-02
   1.3879599e-02
   1.6039828e-02
   1.5085289e-02
   1.0329385e-02
   4.6695750e-03
   1.1316866e-04
  -4.7911010e-03
  -1.1237279e-02
  -1.5642641e-02
  -1.7129177e-02
  -1.5371274e-02
  -1.0819397e-02
  -4.4515296e-03
   2.3359575e-03
   7.4340575e-03
   1.2840628e-02
   1.6257742e-02
   1.3994817e-02
   6.6177556e-03
  -1.7512651e-02
  -3.2642428e-02
  -4.4205181e-02
  -5.0626270e-02
  -5.4673798e-02
  -5.4503866e-02
  -4.7281012e-02
  -3.8764082e-02
  -3.0930137e-02
  -2.0694423e-02
  -8.4078200e-03
   1.6429516e-03
   6.5577873e-03
   5.9914277e-03
   3.0070911e-03
   8.1275846e-04
  -3.1819129e-03
  -9.8438589e-03
  -1.7805522e-02
  -2.3823582e-02
  -2.6288521e-02
  -2.6779033e-02
  -2.6803330e-02
  -3.1892817e-02
  -2.4219067e-02
  -4.2445715e-03
  -1.5730350e-03
  -1.4808947e-03
   6.4262433e-04
   4.2392653e-03
   5.3602094e-03
   2.5673390e-03
  -3.2032614e-03
  -8.9633651e-03
  -1.4344282e-02
  -2.0837823e-02
  -2.8286036e-02
  -3.2886229e-02
  -3.2790232e-02
  -2.8536879e-02
  -2.2532901e-02
  -1.5181532e-02
  -8.4714508e-03
  -4.2093112e-03
   2.5726508e-03
   9.7326944e-03
   7.2480147e-03
  -2.8012854e-03
  -2.9040927e-02
  -4.5118438e-02
  -5.4699178e-02
  -5.9932019e-02
  -6.1671208e-02
  -5.5348492e-02
  -4.4331377e-02
  -3.7613050e-02
  -2.7806164e-02
  -9.1378718e-03
   2.0663450e-03
   7.8513352e-03
   9.4172044e-03
   6.8565443e-03
   2.3503488e-03
  -2.6928904e-03
  -9.3856065e-03
  -1.8329799e-02
  -2.6926597e-02
  -3.1506561e-02
  -3.2484140e-02
  -3.1668142e-02
  -3.2503087e-02
  -3.5129623e-02
   0.0000000e+00
   2.0726874e-03
  -7.0634432e-03
  -1.0077809e-02
  -6.9250799e-03
  -4.6070293e-03
  -6.0624641e-03
  -9.9822267e-03
  -1.5350892e-02
  -2.0688730e-02
  -2.7154596e-02
  -3.4228087e-02
  -4.0552137e-02
  -4.2154820e-02
  -3.8504411e-02
  -3.3361256e-02
  -2.7757383e-02
  -1.9699071e-02
  -1.2414049e-02
  -5.9841445e-03
   6.3678122e-03
   1.2210838e-02
   2.7025054e-03
  -1.2073749e-02
  -3.8538523e-02
  -5.1233742e-02
  -5.7278585e-02
  -6.0357250e-02
  -5.6669652e-02
  -4.4887874e-02
  -3.1727955e-02
  -2.6679322e-02
  -2.7831789e-02
   6.0122340e-03
   9.4769225e-03
   1.0498248e-02
   8.8937460e-03
   5.6083472e-03
   6.2789500e-04
  -6.0605006e-03
  -1.4515054e-02
  -2.3725739e-02
  -3.0220281e-02
  -3.2328807e-02
  -3.2317854e-02
  -3.1190254e-02
  -3.0817192e-02
  -2.3817920e-02
   0.0000000e+00
  -0.0000000e+00
  -1.3314665e-02
  -1.2940880e-02
  -9.9290479e-03
  -9.8279556e-03
  -1.2938337e-02
  -1.7406655e-02
  -2.1828169e-02
  -2.6841046e-02
  -3.3197500e-02
  -3.9513357e-02
  -4.2752929e-02
  -3.7601791e-02
  -2.8837783e-02
  -2.4679758e-02
  -2.1397734e-02
  -1.5148744e-02
  -8.4788492e-03
   7.8128872e-04
   1.5186950e-02
   1.3693289e-02
  -3.1267870e-03
  -2.1056985e-02
  -4.2086560e-02
  -4.5861587e-02
  -4.6969850e-02
  -4.4547394e-02
  -3.5038356e-02
  -3.0914031e-02
  -1.3819583e-02
  -7.6379110e-03
  -5.5170179e-03
   6.3038158e-03
   9.1750247e-03
   8.1374291e-03
   4.8755007e-03
   2.2138013e-03
  -1.8164610e-03
  -8.7073743e-03
  -1.7128630e-02
  -2.3777135e-02
  -2.7554825e-02
  -2.8228076e-02
  -2.7716711e-02
  -2.6693720e-02
  -2.3594053e-02
  -1.6468273e-02
  -2.3717680e-02
  -0.0000000e+00
  -1.2808407e-02
  -1.3160971e-02
  -1.2232129e-02
  -1.4445473e-02
  -1.7606817e-02
  -2.1232618e-02
  -2.4264833e-02
  -2.8403675e-02
  -3.2814197e-02
  -3.5148904e-02
  -2.9528506e-02
  -1.4541602e-02
  -3.8002161e-03
  -5.0854906e-03
  -6.4847269e-03
  -3.4082474e-03
   2.5015939e-03
   1.0720461e-02
   1.6514404e-02
   4.3175793e-03
  -1.4669322e-02
  -3.0140668e-02
  -3.0673916e-02
  -2.6492143e-02
  -2.6891151e-02
  -2.2424337e-02
  -1.6234282e-02
  -2.0849994e-02
  -8.0870693e-04
   2.8439111e-03
   1.5642004e-03
  -1.6102408e-03
   4.3436738e-03
  -4.9995899e-04
  -2.4846962e-03
  -2.2628021e-03
  -4.1692024e-03
  -9.4063208e-03
  -1.5683057e-02
  -1.9797565e-02
  -2.1997327e-02
  -2.2735737e-02
  -2.2350112e-02
  -2.1427570e-02
  -1.6140306e-02
  -4.8620328e-03
  -8.3959971e-03
   0.0000000e+00
  -1.2685360e-02
  -1.2794813e-02
  -1.2356457e-02
  -1.5670860e-02
  -1.8261762e-02
  -2.0739462e-02
  -2.2460731e-02
  -2.4601059e-02
  -2.5655922e-02
  -2.1409828e-02
  -7.9235304e-03
   2.9863224e-03
   4.6327519e-03
  -3.1297018e-03
  -6.5117800e-03
  -4.7386778e-03
  -6.9725706e-05
   4.4874088e-03
   2.7868662e-03
  -9.0852827e-03
  -2.1026168e-02
  -2.8728174e-02
  -7.9207737e-03
  -3.6088880e-03
  -7.0606214e-03
  -2.4594052e-03
  -1.0027082e-03
   0.0000000e+00
   6.4758794e-03
   6.3234526e-03
   3.9825235e-03
   7.9804726e-04
  -1.1458172e-03
  -6.7304857e-03
  -6.5085990e-03
  -4.1910522e-03
  -4.3068868e-03
  -7.5321277e-03
  -1.1423065e-02
  -1.3816665e-02
  -1.5464691e-02
  -1.7332980e-02
  -1.7891310e-02
  -1.6589917e-02
  -8.3875395e-03
   9.2502199e-03
   8.6512763e-03
   0.0000000e+00
  -0.0000000e+00
  -1.1496635e-02
  -1.2323461e-02
  -1.6319497e-02
  -1.8109536e-02
  -1.8561315e-02
  -1.8436594e-02
  -1.7876331e-02
  -1.4367586e-02
  -3.1238392e-03
   6.1758612e-03
   4.2880182e-03
   3.3850879e-03
  -6.3399002e-03
  -8.4732845e-03
  -9.6010529e-03
  -7.5998232e-03
  -5.1899389e-03
  -7.1528954e-03
  -1.2306071e-02
  -1.5623745e-02
  -1.5500894e-02
   1.9496720e-02
   1.3703987e-02
  -1.1021113e-03
   1.2667671e-02
   7.6502659e-03
   0.0000000e+00
   0.0000000e+00
   6.7482865e-03
   5.1168067e-03
   2.6370559e-03
  -1.4285304e-03
  -7.9523106e-03
  -5.7635218e-03
  -2.5740756e-03
  -1.4672832e-03
  -2.5471611e-03
  -4.4709731e-03
  -6.3032181e-03
  -8.9945631e-03
  -1.2835400e-02
  -1.4403541e-02
  -1.1764747e-02
   2.0809892e-04
   2.3830898e-02
   2.6253511e-02
   0.0000000e+00
   0.0000000e+00
  -0.0000000e+00
  -1.5494579e-02
  -1.8850369e-02
  -1.7789499e-02
  -1.5119705e-02
  -1.2769605e-02
  -9.2506079e-03
  -8.7699812e-04
   1.9088553e-02
   1.8362081e-02
   3.2512918e-03
   3.4483289e-03
  -2.5655144e-03
  -4.7544826e-03
  -1.1477465e-02
  -1.0323087e-02
  -6.5750526e-03
  -4.9376379e-03
  -4.0006258e-03
  -1.8052873e-03
   4.6130296e-03
   4.5071524e-02
   5.1134956e-02
   0.0000000e+00
   0.0000000e+00
   0.0000000e+00
   0.0000000e+00
   0.0000000e+00
   6.8640248e-03
   6.6187717e-03
   4.9537942e-03
  -1.1807429e-03
  -4.8704441e-03
  -1.4286430e-03
   2.2166332e-03
   4.2556622e-03
   4.9493988e-03
   3.8563358e-03
   1.3925486e-03
  -3.5882804e-03
  -9.1847870e-03
  -1.1160468e-02
  -6.5738885e-03
   9.1364998e-03
   3.7442729e-02
   4.2720639e-02
   0.0000000e+00
   0.0000000e+00
  -0.0000000e+00
  -2.0508055e-02
  -2.3046173e-02
  -1.6753627e-02
  -1.0958971e-02
  -6.3105803e-03
   3.4421310e-04
   1.4211367e-02
   4.5110870e-02
   5.8753865e-02
   0.0000000e+00
   0.0000000e+00
   2.2132646e-03
  -2.5016512e-03
  -1.1640127e-02
  -6.7113135e-03
  -9.4652059e-05
   4.4535766e-03
   8.6730849e-03
   1.4049191e-02
   2.5561173e-02
   6.4783797e-02
   6.8110812e-02
   0.0000000e+00
   0.0000000e+00
   0.0000000e+00
   0.0000000e+00
   0.0000000e+00
   9.5776413e-03
   1.0223779e-02
   7.3420773e-03
   2.4086684e-03
   2.2568505e-03
   5.8083627e-03
   9.6441265e-03
   1.2478415e-02
   1.3825070e-02
   1.2533186e-02
   8.2059829e-03
   6.3181920e-05
  -7.0351344e-03
  -8.2330387e-03
  -5.8926427e-04
   1.7945066e-02
   4.7589585e-02
   4.7551777e-02
   0.0000000e+00
   0.0000000e+00
  -0.0000000e+00
  -2.7119914e-02
  -2.8429760e-02
  -1.4761407e-02
  -6.2999441e-03
   3.1373938e-04
   1.0367480e-02
   3.1309608e-02
   6.0303484e-02
   6.4116035e-02
   0.0000000e+00
   0.0000000e+00
   8.6005696e-03
  -4.3040817e-03
  -9.3952026e-03
   1.6990934e-03
   9.3033398e-03
   1.5023869e-02
   2.0785687e-02
   2.8559117e-02
   4.4012159e-02
   7.4929334e-02
   7.3964694e-02
   0.0000000e+00
   0.0000000e+00
   0.0000000e+00
   0.0000000e+00
   0.0000000e+00
   1.5665578e-02
   1.5507973e-02
   1.1600777e-02
   8.4546814e-03
   9.3232319e-03
   1.2514825e-02
   1.6528569e-02
   1.9606462e-02
   2.0403014e-02
   1.7894655e-02
   1.0602969e-02
  -7.6178665e-05
  -7.0151924e-03
  -5.4481924e-03
   5.3040036e-03
   2.4873393e-02
   4.8453007e-02
   2.6917260e-02
   0.0000000e+00
   0.0000000e+00
   0.0000000e+00
  -3.5741947e-02
  -3.3178821e-02
  -1.2979445e-02
  -2.9012642e-03
   5.6438074e-03
   1.9477908e-02
   4.7615979e-02
   7.6269952e-02
   0.0000000e+00
   0.0000000e+00
   0.0000000e+00
   1.3381241e-02
  -1.4116907e-02
  -5.7732021e-03
   7.8769820e-03
   1.5245363e-02
   2.1717552e-02
   2.8454330e-02
   3.8346838e-02
   5.6190223e-02
   7.9538114e-02
   7.5523018e-02
   0.0000000e+00
   0.0000000e+00
   0.0000000e+00
   0.0000000e+00
   0.0000000e+00
   2.2251081e-02
   1.9816007e-02
   1.5855530e-02
   1.3783626e-02
   1.4739972e-02
   1.7874725e-02
   2.2225210e-02
   2.4742128e-02
   2.4066985e-02
   1.8983020e-02
   8.3315559e-03
  -3.0095251e-03
  -7.2031668e-03
  -1.5601371e-03
   1.1446842e-02
   3.0370187e-02
   4.7191937e-02
   2.9557325e-02
   0.0000000e+00
   0.0000000e+00
   0.0000000e+00
  -0.0000000e+00
  -3.4940808e-02
  -1.0763313e-02
   6.2295515e-04
   1.1795499e-02
   2.9782815e-02
   6.3417889e-02
   8.4420202e-02
   0.0000000e+00
   0.0000000e+00
   0.0000000e+00
   1.0566433e-02
  -1.1893058e-02
  -5.0429231e-04
   1.2194014e-02
   1.9788453e-02
   2.7252419e-02
   3.5707142e-02
   4.7782101e-02
   6.5994203e-02
   7.8293880e-02
   5.7815365e-02
   0.0000000e+00
   0.0000000e+00
   0.0000000e+00
   0.0000000e+00
   0.0000000e+00
   2.6636720e-02
   2.2789878e-02
   1.8946902e-02
   1.7492037e-02
   1.8476830e-02
   2.1879540e-02
   2.5825309e-02
   2.6686758e-02
   2.3611902e-02
   1.4883013e-02
   2.3243897e-03
  -6.4865329e-03
  -5.4571971e-03
   3.9132521e-03
   1.8217805e-02
   3.6663625e-02
   4.6259342e-02
   2.8300589e-02
   0.0000000e+00
   0.0000000e+00
   0.0000000e+00
   0.0000000e+00
  -2.8974492e-02
  -6.2552515e-03
   6.4808733e-03
   2.0258324e-02
   4.0838494e-02
   7.2783044e-02
   8.3358961e-02
   0.0000000e+00
   0.0000000e+00
   0.0000000e+00
   5.4442302e-03
  -6.4357007e-03
   5.3384502e-03
   1.6760446e-02
   2.5441502e-02
   3.4639809e-02
   4.5316415e-02
   5.8542453e-02
   7.4055342e-02
   7.0529170e-02
   3.8366564e-02
   6.3080185e-03
   0.0000000e+00
   0.0000000e+00
   0.0000000e+00
   3.7070079e-02
   2.8924152e-02
   2.3906810e-02
   1.9682327e-02
   1.8521525e-02
   1.9748725e-02
   2.3005811e-02
   2.5455961e-02
   2.3789655e-02
   1.7713794e-02
   6.5872804e-03
  -4.2610960e-03
  -7.1521602e-03
  -8.4494916e-04
   1.0937395e-02
   2.5968945e-02
   4.4220440e-02
   4.6723120e-02
   3.1742660e-02
   0.0000000e+00
   0.0000000e+00
   0.0000000e+00
   0.0000000e+00
  -1.8808883e-02
   1.7030168e-03
   1.5521551e-02
   3.0442066e-02
   4.9908046e-02
   7.1662001e-02
   6.3627137e-02
   0.0000000e+00
   0.0000000e+00
   0.0000000e+00
   0.0000000e+00
   0.0000000e+00
   1.4431217e-02
   2.3367397e-02
   3.3217855e-02
   4.4059031e-02
   5.6517262e-02
   6.8639912e-02
   7.6951712e-02
   5.5225737e-02
   2.1136440e-02
  -1.2302118e-03
   0.0000000e+00
   0.0000000e+00
   0.0000000e+00
   3.7051711e-02
   2.7954368e-02
   2.1528173e-02
   1.6531697e-02
   1.5481986e-02
   1.6848940e-02
   1.9417092e-02
   1.9767627e-02
   1.5612941e-02
   7.6995152e-03
  -2.2889727e-03
  -7.6586460e-03
  -4.1769417e-03
   5.7728933e-03
   1.8837897e-02
   3.4127805e-02
   5.2347701e-02
   5.7428027e-02
   0.0000000e+00
   0.0000000e+00
   0.0000000e+00
   0.0000000e+00
   0.0000000e+00
  -6.7867931e-03
   1.1629124e-02
   2.5700919e-02
   3.9366566e-02
   5.3986020e-02
   6.3147299e-02
   4.5636232e-02
   0.0000000e+00
   0.0000000e+00
   0.0000000e+00
  -0.0000000e+00
  -3.6152804e-03
   2.6728111e-02
   3.1327087e-02
   4.0877402e-02
   5.2321926e-02
   6.4602457e-02
   7.2267026e-02
   7.0428662e-02
   3.5288524e-02
   8.1115570e-03
  -8.3176458e-03
  -9.5242912e-03
   0.0000000e+00
   3.2786290e-02
   3.0573431e-02
   2.2468375e-02
   1.4064693e-02
   8.7319715e-03
   8.0282064e-03
   9.7403731e-03
   1.1488062e-02
   1.0297257e-02
   5.1849936e-03
  -1.8871422e-03
  -7.5644115e-03
  -6.7078276e-03
   1.0964866e-03
   1.2859946e-02
   2.6277952e-02
   4.1081205e-02
   5.5143673e-02
   4.5909730e-02
   0.0000000e+00
   0.0000000e+00
   0.0000000e+00
   0.0000000e+00
   0.0000000e+00
   4.2681786e-03
   2.1108292e-02
   3.3633925e-02
   4.4199310e-02
   5.2839793e-02
   5.2994572e-02
   3.6369786e-02
   0.0000000e+00
   0.0000000e+00
   0.0000000e+00
  -0.0000000e+00
   1.2104950e-02
   3.5952624e-02
   3.7944183e-02
   4.6185825e-02
   5.6036871e-02
   6.5238461e-02
   6.6418983e-02
   5.4932695e-02
   1.8319729e-02
   3.6817088e-04
  -7.6486338e-03
   1.4974806e-03
   1.8542617e-02
   2.3785939e-02
   1.9579380e-02
   1.1816596e-02
   2.6215074e-03
  -1.8576950e-03
  -1.8154756e-03
  -1.3757207e-04
   7.6081667e-04
  -6.4687924e-04
  -4.3695614e-03
  -7.9083615e-03
  -8.0620791e-03
  -2.4941307e-03
   7.4568586e-03
   1.9535211e-02
   3.1680213e-02
   4.3044383e-02
   4.9417279e-02
   3.7020936e-02
   0.0000000e+00
   0.0000000e+00
   0.0000000e+00
   0.0000000e+00
   0.0000000e+00
   0.0000000e+00
   2.9287383e-02
   3.8430376e-02
   4.5228756e-02
   4.8829052e-02
   4.4071051e-02
   2.8941193e-02
   0.0000000e+00
   0.0000000e+00
   0.0000000e+00
   0.0000000e+00
   2.5300711e-02
   4.2640525e-02
   4.1752095e-02
   4.7899044e-02
   5.4690822e-02
   5.9198562e-02
   5.2879445e-02
   3.5206998e-02
   1.1200784e-02
  -2.6874252e-03
  -3.0090431e-03
   1.0791940e-02
   1.8222099e-02
   0.0000000e+00
   8.3786786e-03
  -8.8172539e-04
  -8.2917656e-03
  -1.1522875e-02
  -1.1767681e-02
  -1.0963002e-02
  -1.0575504e-02
  -1.1138076e-02
  -1.1908419e-02
  -1.0841947e-02
  -6.2660025e-03
   2.0298768e-03
   1.2557000e-02
   2.3475857e-02
   3.2552099e-02
   3.8192662e-02
   4.0274302e-02
   3.8626816e-02
   0.0000000e+00
   0.0000000e+00
   0.0000000e+00
   0.0000000e+00
   0.0000000e+00
   0.0000000e+00
   3.4795849e-02
   4.0772813e-02
   4.4293149e-02
   4.4169347e-02
   3.6812658e-02
   2.3885853e-02
   0.0000000e+00
   0.0000000e+00
   0.0000000e+00
   0.0000000e+00
   3.7755805e-02
   4.4616810e-02
   4.2058217e-02
   4.5099097e-02
   4.8460080e-02
   4.7997790e-02
   3.4640847e-02
   1.7789903e-02
   0.0000000e+00
  -3.9453616e-03
  -4.9325860e-04
   1.1367430e-02
   1.6671014e-02
   0.0000000e+00
   7.4721575e-04
  -1.1489206e-02
  -1.7655377e-02
  -2.0451728e-02
  -2.1199766e-02
  -2.1023226e-02
  -2.0698452e-02
  -2.0084595e-02
  -1.7945257e-02
  -1.3264225e-02
  -5.8331395e-03
   3.4229755e-03
   1.3187514e-02
   2.1824650e-02
   2.7729656e-02
   2.9553043e-02
   2.8608117e-02
   2.5538367e-02
   0.0000000e+00
   0.0000000e+00
   0.0000000e+00
   0.0000000e+00
   0.0000000e+00
   0.0000000e+00
   3.8337516e-02
   3.9339474e-02
   4.1230513e-02
   3.9193416e-02
   2.9749835e-02
   1.8852833e-02
   0.0000000e+00
   0.0000000e+00
   0.0000000e+00
   0.0000000e+00
   4.2620594e-02
   4.0608274e-02
   3.7764313e-02
   3.7877584e-02
   3.8249283e-02
   3.4328012e-02
   1.7824994e-02
   6.3460923e-03
   0.0000000e+00
   0.0000000e+00
   8.6269303e-05
   3.2874395e-03
   0.0000000e+00
   0.0000000e+00
  -3.3103642e-03
  -1.7874636e-02
  -2.2364691e-02
  -2.5046701e-02
  -2.6393954e-02
  -2.6886772e-02
  -2.6547758e-02
  -2.4711743e-02
  -2.0494314e-02
  -1.3756056e-02
  -5.2921982e-03
   3.5473634e-03
   1.1672264e-02
   1.7837361e-02
   2.0979872e-02
   2.0497976e-02
   1.5625866e-02
   1.0729614e-02
   0.0000000e+00
   0.0000000e+00
   0.0000000e+00
   0.0000000e+00
   0.0000000e+00
   4.9417735e-02
   3.4232989e-02
   3.3800278e-02
   3.5308674e-02
   3.3078279e-02
   2.3321606e-02
   1.7578060e-02
   0.0000000e+00
   0.0000000e+00
   0.0000000e+00
   0.0000000e+00
   3.9692995e-02
   3.0972423e-02
   2.9494902e-02
   2.8409861e-02
   2.7614636e-02
   2.2903752e-02
   7.6155569e-03
  -1.4524203e-03
   0.0000000e+00
   0.0000000e+00
  -0.0000000e+00
  -2.6809865e-03
   0.0000000e+00
   3.9190528e-03
  -6.7120252e-03
  -1.3903096e-02
  -1.6815800e-02
  -1.9276790e-02
  -2.1125297e-02
  -2.2273448e-02
  -2.2324075e-02
  -2.0553003e-02
  -1.6363881e-02
  -1.0048644e-02
  -2.5634474e-03
   4.8217186e-03
   1.1114450e-02
   1.5482819e-02
   1.6722083e-02
   1.3621042e-02
   6.2283629e-03
   3.0473729e-03
   0.0000000e+00
   0.0000000e+00
   0.0000000e+00
   0.0000000e+00
   1.0397199e-02
   2.8404177e-02
   2.6104602e-02
   2.8934054e-02
   3.0928016e-02
   2.8926863e-02
   1.7988505e-02
   9.9218965e-03
   0.0000000e+00
   0.0000000e+00
   0.0000000e+00
   0.0000000e+00
   3.5571747e-02
   2.6126147e-02
   2.4718388e-02
   2.2169643e-02
   2.0104302e-02
   1.5843270e-02
   3.8248105e-03
  -3.4434003e-03
  -1.5702520e-03
   0.0000000e+00
  -3.1719688e-03
  -4.6681076e-03
  -1.5614534e-03
   1.5355838e-03
  -5.4031315e-03
  -8.7174754e-03
  -1.0823742e-02
  -1.2653218e-02
  -1.4014671e-02
  -1.4866474e-02
  -1.4851245e-02
  -1.3544836e-02
  -1.0253088e-02
  -4.7004376e-03
   2.6300365e-03
   1.0412545e-02
   1.7179524e-02
   2.0990686e-02
   1.8892515e-02
   9.6648641e-03
  -5.2917603e-04
  -3.9897348e-03
   0.0000000e+00
   0.0000000e+00
   0.0000000e+00
  -0.0000000e+00
  -3.6380811e-03
   1.6980722e-02
   2.2304372e-02
   2.7250123e-02
   2.7914841e-02
   2.6472770e-02
   1.7262220e-02
   1.2928228e-02
   0.0000000e+00
   0.0000000e+00
   0.0000000e+00
   0.0000000e+00
   0.0000000e+00
   2.2393179e-02
   2.1267596e-02
   1.5934357e-02
   1.1515037e-02
   9.7479995e-03
   4.4183838e-03
  -4.0707655e-04
  -1.4692822e-03
   0.0000000e+00
  -1.5327122e-03
  -5.6801476e-03
  -3.0134534e-03
  -4.0961644e-03
  -9.3631633e-03
  -1.4296202e-02
  -1.8238373e-02
  -2.0814175e-02
  -2.1754725e-02
  -2.1287758e-02
  -1.9504609e-02
  -1.6536040e-02
  -1.1981890e-02
  -5.5391788e-03
   2.4104321e-03
   1.0486600e-02
   1.6188134e-02
   1.6714731e-02
   1.1181215e-02
   2.0395452e-03
  -8.5658981e-03
  -7.9812672e-03
   0.0000000e+00
   0.0000000e+00
   0.0000000e+00
  -0.0000000e+00
  -9.8994989e-03
   2.3552678e-03
   8.2763247e-03
   1.5238572e-02
   1.6379657e-02
   2.2783758e-02
   2.0627689e-02
   1.2928229e-02
   0.0000000e+00
   0.0000000e+00
   0.0000000e+00
   0.0000000e+00
   0.0000000e+00
   2.2018554e-02
   1.4238482e-02
   7.0579732e-03
   3.7933446e-03
   6.8983557e-03
   7.4382038e-03
   5.9475104e-03
  -4.6231878e-03
   1.3364596e-04
  -1.4521107e-03
  -5.4856875e-03
  -5.6380862e-03
  -9.3202535e-03
  -1.5770206e-02
  -2.2990208e-02
  -2.9809767e-02
  -3.5182830e-02
  -3.8310673e-02
  -3.8863502e-02
  -3.6965061e-02
  -3.2929003e-02
  -2.7157839e-02
  -2.0272560e-02
  -1.2748949e-02
  -5.3670360e-03
  -1.9616092e-04
   1.0366387e-03
  -7.7080796e-04
  -2.1028817e-03
  -1.3759057e-02
  -2.1308154e-02
   0.0000000e+00
   0.0000000e+00
   0.0000000e+00
  -2.3981936e-02
  -2.4052598e-02
  -1.9649744e-02
  -1.2093901e-02
   1.6410224e-03
   8.2794485e-03
   0.0000000e+00
   0.0000000e+00
   0.0000000e+00
   0.0000000e+00
   0.0000000e+00
   0.0000000e+00
   0.0000000e+00
   0.0000000e+00
   2.0793964e-02
   9.0793092e-03
   3.6390231e-04
   1.7199819e-03
   1.0525361e-02
   1.2201490e-02
   9.0382883e-03
   1.1345527e-04
  -3.7554773e-05
  -2.2335709e-03
  -6.4814822e-03
  -7.4134381e-03
  -1.1286389e-02
  -1.7907862e-02
  -2.6248567e-02
  -3.5087608e-02
  -4.3343779e-02
  -5.0023656e-02
  -5.4244034e-02
  -5.5411607e-02
  -5.3393718e-02
  -4.8665583e-02
  -4.1966390e-02
  -3.3970583e-02
  -2.5653174e-02
  -1.7193729e-02
  -1.0449332e-02
  -9.2425561e-03
  -4.7051227e-03
  -2.6418324e-03
  -2.2649260e-02
   0.0000000e+00
   0.0000000e+00
  -0.0000000e+00
  -2.9427762e-02
  -3.6030222e-02
  -3.6637332e-02
  -3.0694608e-02
  -1.0478826e-02
   9.1546785e-04
   0.0000000e+00
   0.0000000e+00
   0.0000000e+00
   0.0000000e+00
   0.0000000e+00
   0.0000000e+00
   0.0000000e+00
   0.0000000e+00
   3.9545427e-02
   1.2708967e-02
  -3.3369688e-03
  -1.7261800e-03
   2.6271010e-02
   2.1708854e-02
   7.3864698e-03
   1.9973227e-03
   3.9768440e-03
  -3.9320831e-03
  -7.7337244e-03
  -8.5279509e-03
  -1.0807506e-02
  -1.5931687e-02
  -2.3251760e-02
  -3.1478478e-02
  -3.9878047e-02
  -4.7975282e-02
  -5.4927606e-02
  -5.9723321e-02
  -6.1424445e-02
  -5.9669461e-02
  -5.5062305e-02
  -4.7800153e-02
  -3.8724864e-02
  -2.7466520e-02
  -1.4463828e-02
  -1.1232751e-02
  -1.1101938e-02
  -1.5692334e-03
   0.0000000e+00
   0.0000000e+00
   0.0000000e+00
  -2.1276886e-02
  -3.2131186e-02
  -4.1164021e-02
  -4.6353362e-02
  -4.7180179e-02
  -3.2483856e-02
   2.3730047e-04
   0.0000000e+00
   0.0000000e+00
   0.0000000e+00
   0.0000000e+00
   0.0000000e+00
   0.0000000e+00
   0.0000000e+00
   0.0000000e+00
   5.9880233e-02
   2.9515488e-02
   1.9698735e-04
  -4.7309263e-03
   2.9037403e-02
   2.8393319e-02
   1.1303061e-02
   0.0000000e+00
   6.5194306e-03
  -2.9445618e-03
  -9.0861664e-03
  -9.7734106e-03
  -1.0232764e-02
  -1.3104601e-02
  -1.8669324e-02
  -2.5064663e-02
  -3.1917147e-02
  -3.9242129e-02
  -4.6346581e-02
  -5.2424983e-02
  -5.6781017e-02
  -5.8627781e-02
  -5.7529491e-02
  -5.2966834e-02
  -4.4854665e-02
  -3.3020261e-02
  -1.5296678e-02
  -6.9365516e-03
  -2.2723642e-02
  -2.8481320e-03
  -0.0000000e+00
  -5.0521789e-03
  -6.8866827e-03
  -1.8084496e-02
  -2.8321194e-02
  -3.8044091e-02
  -4.8118749e-02
  -5.8395550e-02
  -5.7013296e-02
   0.0000000e+00
   0.0000000e+00
   0.0000000e+00
   0.0000000e+00
   0.0000000e+00
   0.0000000e+00
   0.0000000e+00
   0.0000000e+00
   0.0000000e+00
   6.8737749e-02
   4.4827575e-02
   7.1744053e-03
   0.0000000e+00
   1.9165075e-02
   2.9444615e-02
   1.2106271e-02
   0.0000000e+00
   8.1817206e-03
  -1.8833899e-03
  -9.2056263e-03
  -1.0550044e-02
  -1.0243138e-02
  -1.0970462e-02
  -1.4768692e-02
  -1.9458631e-02
  -2.4476310e-02
  -3.0181067e-02
  -3.6125761e-02
  -4.1790780e-02
  -4.7081441e-02
  -5.1719740e-02
  -5.4380607e-02
  -5.3462159e-02
  -4.7374506e-02
  -3.6414642e-02
  -1.6960910e-02
  -5.9839415e-03
  -2.6492633e-02
   0.0000000e+00
  -2.1677892e-02
  -5.2413279e-03
  -5.5359839e-03
  -1.4604890e-02
  -2.2865416e-02
  -3.2773983e-02
  -4.6101514e-02
  -6.4575262e-02
  -7.4559396e-02
   0.0000000e+00
   0.0000000e+00
   0.0000000e+00
   0.0000000e+00
   0.0000000e+00
   0.0000000e+00
   0.0000000e+00
   0.0000000e+00
   0.0000000e+00
   0.0000000e+00
   5.3612448e-02
   1.4392690e-02
   0.0000000e+00
   0.0000000e+00
   0.0000000e+00
   0.0000000e+00
   0.0000000e+00
   6.1791399e-03
  -3.0306212e-03
  -8.3236545e-03
  -1.0070569e-02
  -9.5727611e-03
  -9.0127029e-03
  -1.1300700e-02
  -1.5060038e-02
  -1.9001978e-02
  -2.3356656e-02
  -2.7839443e-02
  -3.2400098e-02
  -3.7183519e-02
  -4.2958330e-02
  -4.8657648e-02
  -5.1711891e-02
  -4.8457868e-02
  -3.9218362e-02
  -2.3174271e-02
  -6.1894564e-03
   0.0000000e+00
   0.0000000e+00
  -7.8232748e-03
  -6.0037137e-03
  -5.3715934e-03
  -1.1434070e-02
  -1.8784082e-02
  -2.8257476e-02
  -4.2746190e-02
  -6.6305198e-02
  -8.6292849e-02
   0.0000000e+00
   0.0000000e+00
   0.0000000e+00
   0.0000000e+00
   0.0000000e+00
   0.0000000e+00
   0.0000000e+00
   0.0000000e+00
   0.0000000e+00
   0.0000000e+00
   5.1320143e-02
   1.9942278e-02
   0.0000000e+00
   0.0000000e+00
   0.0000000e+00
   0.0000000e+00
   0.0000000e+00
  -1.7979218e-03
  -8.7662748e-03
  -6.9990969e-03
  -8.4024816e-03
  -7.4772356e-03
  -6.0382529e-03
  -6.9378951e-03
  -1.0191869e-02
  -1.3971113e-02
  -1.8131101e-02
  -2.2199898e-02
  -2.5892027e-02
  -2.9669088e-02
  -3.4967783e-02
  -4.2075715e-02
  -4.8243021e-02
  -4.8352880e-02
  -4.1680376e-02
  -2.6106451e-02
   0.0000000e+00
   0.0000000e+00
  -2.1637325e-03
  -3.3865043e-03
  -3.3790954e-03
  -4.3034851e-03
  -8.0559076e-03
  -1.4352805e-02
  -2.3281704e-02
  -3.7541210e-02
  -6.2431894e-02
  -8.9584100e-02
   0.0000000e+00
   0.0000000e+00
   0.0000000e+00
   0.0000000e+00
   0.0000000e+00
   0.0000000e+00
   0.0000000e+00
   0.0000000e+00
   0.0000000e+00
   0.0000000e+00
   3.3051213e-02
   2.2493398e-02
   0.0000000e+00
   0.0000000e+00
   0.0000000e+00
   0.0000000e+00
   0.0000000e+00
  -0.0000000e+00
  -1.3887887e-02
  -7.0250118e-03
  -5.5219051e-03
  -3.8172053e-03
  -1.6711609e-03
  -1.0758357e-03
  -3.5827036e-03
  -7.4660210e-03
  -1.2027146e-02
  -1.6857279e-02
  -2.0909995e-02
  -2.4522098e-02
  -2.9180450e-02
  -3.6577865e-02
  -4.4759773e-02
  -4.7730904e-02
  -4.3173373e-02
  -2.4794725e-02
   0.0000000e+00
   1.1119627e-04
  -5.0103196e-03
  -2.9269631e-03
   4.6803567e-04
  -1.9368501e-03
  -4.3257000e-03
  -8.7900693e-03
  -1.6727190e-02
  -3.0035462e-02
  -5.3473108e-02
  -8.2161217e-02
   0.0000000e+00
   0.0000000e+00
   0.0000000e+00
   0.0000000e+00
   0.0000000e+00
   0.0000000e+00
   0.0000000e+00
   0.0000000e+00
   0.0000000e+00
   0.0000000e+00
   1.5037228e-02
   2.4017858e-02
   0.0000000e+00
   0.0000000e+00
   0.0000000e+00
   0.0000000e+00
   0.0000000e+00
   0.0000000e+00
  -0.0000000e+00
  -8.9401957e-03
  -3.8862992e-03
   2.1460553e-04
   3.6116233e-03
   5.2541737e-03
   3.7149035e-03
  -2.6319234e-05
  -4.6964660e-03
  -1.0072670e-02
  -1.4920603e-02
  -1.9083750e-02
  -2.3771515e-02
  -3.1670943e-02
  -4.2507377e-02
  -4.8031271e-02
  -4.1898485e-02
  -3.1504597e-02
   0.0000000e+00
   4.9216521e-03
  -3.3981297e-03
  -2.5017175e-03
   2.7694632e-03
   2.6110543e-03
  -1.7404350e-04
  -3.7011709e-03
  -1.0160112e-02
  -2.1784181e-02
  -4.2927172e-02
  -7.0173141e-02
   0.0000000e+00
   0.0000000e+00
   0.0000000e+00
   0.0000000e+00
   0.0000000e+00
   0.0000000e+00
   0.0000000e+00
   0.0000000e+00
   0.0000000e+00
   0.0000000e+00
   0.0000000e+00
   0.0000000e+00
   0.0000000e+00
   0.0000000e+00
   0.0000000e+00
   0.0000000e+00
   0.0000000e+00
   0.0000000e+00
  -0.0000000e+00
  -1.6048478e-02
  -8.9076366e-03
  -8.8076253e-04
   8.0255810e-03
   1.1609331e-02
   1.1016360e-02
   7.2863000e-03
   2.3368006e-03
  -3.1485909e-03
  -8.0842255e-03
  -1.2251260e-02
  -1.7003186e-02
  -2.5518013e-02
  -4.0069651e-02
  -4.8595238e-02
  -3.8568706e-02
  -3.6195771e-02
   0.0000000e+00
   0.0000000e+00
  -2.9905477e-03
  -1.1505150e-03
   5.2046273e-03
   7.4641807e-03
   4.8243767e-03
   1.1394901e-03
  -4.3206387e-03
  -1.4365194e-02
  -3.3796180e-02
  -6.6673512e-02
  -8.3542737e-02
   0.0000000e+00
   0.0000000e+00
   0.0000000e+00
   0.0000000e+00
   0.0000000e+00
   0.0000000e+00
   0.0000000e+00
   0.0000000e+00
   0.0000000e+00
   0.0000000e+00
   0.0000000e+00
   0.0000000e+00
   0.0000000e+00
   0.0000000e+00
   0.0000000e+00
   0.0000000e+00
   0.0000000e+00
  -0.0000000e+00
  -2.0020994e-02
  -1.5269662e-02
  -1.2461798e-02
   7.7915015e-03
   1.6696835e-02
   1.8085351e-02
   1.5237297e-02
   9.8650632e-03
   3.6486797e-03
  -1.4720572e-03
  -4.7979681e-03
  -8.8661704e-03
  -1.7622426e-02
  -3.5936534e-02
  -4.5634343e-02
  -3.6906800e-02
   0.0000000e+00
   0.0000000e+00
   0.0000000e+00
   0.0000000e+00
   0.0000000e+00
   6.4708190e-03
   1.0088987e-02
   1.0232319e-02
   7.1232500e-03
   2.0605910e-03
  -6.5008737e-03
  -2.5005659e-02
  -6.0717482e-02
  -8.4201847e-02
   0.0000000e+00
   0.0000000e+00
   0.0000000e+00
  -0.0000000e+00
  -0.0000000e+00
  -0.0000000e+00
   0.0000000e+00
   0.0000000e+00
   0.0000000e+00
   0.0000000e+00
   0.0000000e+00
   0.0000000e+00
   0.0000000e+00
   0.0000000e+00
   0.0000000e+00
   0.0000000e+00
   0.0000000e+00
   0.0000000e+00
   0.0000000e+00
   0.0000000e+00
  -2.5194654e-02
   1.4991093e-04
   1.5956071e-02
   2.0447263e-02
   2.0057029e-02
   1.5583233e-02
   9.1360068e-03
   3.7216009e-03
   7.7837181e-04
  -2.0503159e-03
  -9.9868222e-03
  -3.1134337e-02
  -4.3549094e-02
   0.0000000e+00
   0.0000000e+00
   0.0000000e+00
   0.0000000e+00
   0.0000000e+00
   0.0000000e+00
   8.3934263e-03
   8.0968659e-03
   1.1714415e-02
   1.1179737e-02
   6.8150176e-03
   4.4115385e-04
  -1.6588717e-02
  -5.2580278e-02
  -7.5148762e-02
   0.0000000e+00
   0.0000000e+00
  -0.0000000e+00
  -2.1905638e-02
  -2.1146088e-02
  -4.0054755e-03
   0.0000000e+00
   0.0000000e+00
   0.0000000e+00
   0.0000000e+00
   0.0000000e+00
   0.0000000e+00
   0.0000000e+00
   0.0000000e+00
   0.0000000e+00
   0.0000000e+00
   0.0000000e+00
   0.0000000e+00
  -4.8764288e-02
  -4.8764288e-02
  -4.4833488e-02
  -1.4773646e-02
   5.5255177e-03
   1.5335353e-02
   1.9262504e-02
   1.6904209e-02
   1.2380948e-02
   7.5782044e-03
   5.4264674e-03
   3.9148810e-03
  -1.9573914e-03
  -2.4439545e-02
  -3.4422744e-02
   0.0000000e+00
   0.0000000e+00
   0.0000000e+00
   0.0000000e+00
   0.0000000e+00
   0.0000000e+00
   1.5193032e-03
   1.5798118e-04
   7.1763983e-03
   1.0014555e-02
   7.9814019e-03
   5.6017912e-03
  -8.2103005e-03
  -4.2394049e-02
  -6.2419008e-02
   0.0000000e+00
  -2.8716688e-02
  -1.9858188e-02
  -1.7658328e-02
  -2.1241374e-02
   0.0000000e+00
   0.0000000e+00
   0.0000000e+00
   0.0000000e+00
   0.0000000e+00
   0.0000000e+00
   0.0000000e+00
   0.0000000e+00
   0.0000000e+00
   0.0000000e+00
   0.0000000e+00
   0.0000000e+00
   0.0000000e+00
  -0.0000000e+00
  -3.5405190e-02
  -5.0294761e-02
  -2.8182805e-02
  -6.9011208e-03
   7.3939194e-03
   1.6478639e-02
   1.6445458e-02
   1.3730145e-02
   9.8371990e-03
   8.9920089e-03
   9.0387957e-03
   6.1294232e-03
  -1.2612958e-02
  -2.0962625e-02
   0.0000000e+00
   0.0000000e+00
   0.0000000e+00
   0.0000000e+00
   0.0000000e+00
   0.0000000e+00
  -0.0000000e+00
  -1.4175268e-02
  -3.4913190e-03
   3.2966956e-03
   4.0850840e-03
   7.0785931e-03
  -1.8495438e-04
  -2.9865259e-02
  -5.1933913e-02
   0.0000000e+00
  -0.0000000e+00
  -1.5348005e-02
  -6.9921116e-03
   0.0000000e+00
   0.0000000e+00
   0.0000000e+00
   0.0000000e+00
   0.0000000e+00
   0.0000000e+00
   0.0000000e+00
   0.0000000e+00
   0.0000000e+00
   0.0000000e+00
   0.0000000e+00
   0.0000000e+00
   0.0000000e+00
   0.0000000e+00
  -0.0000000e+00
  -3.5634909e-02
  -4.0669336e-02
  -2.5697298e-02
  -8.7721990e-03
   6.2612174e-03
   1.6706655e-02
   1.6940555e-02
   1.2860475e-02
   9.3088616e-03
   9.9353939e-03
   1.2517918e-02
   1.3162521e-02
   2.6025930e-03
   2.9373774e-03
   0.0000000e+00
   0.0000000e+00
   0.0000000e+00
   0.0000000e+00
   0.0000000e+00
   0.0000000e+00
   0.0000000e+00
  -0.0000000e+00
  -1.2621877e-02
  -6.1110549e-03
  -1.7698254e-03
   4.3632067e-03
   6.2735416e-03
  -1.3177077e-02
  -2.8387311e-02
  -2.3903241e-03
  -0.0000000e+00
  -1.3758665e-02
   4.6984802e-03
   0.0000000e+00
  -0.0000000e+00
  -0.0000000e+00
   0.0000000e+00
   0.0000000e+00
   0.0000000e+00
   0.0000000e+00
   0.0000000e+00
   0.0000000e+00
   0.0000000e+00
   0.0000000e+00
   0.0000000e+00
   0.0000000e+00
   0.0000000e+00
   0.0000000e+00
   0.0000000e+00
  -4.2761796e-02
  -2.9295033e-02
  -2.1203206e-02
  -6.6326043e-04
   1.1307817e-02
   1.0941265e-02
   5.3924906e-03
   2.7878721e-03
   6.1127574e-03
   1.3611348e-02
   1.8738948e-02
   1.5242014e-02
   1.9599577e-02
   0.0000000e+00
   0.0000000e+00
   0.0000000e+00
   0.0000000e+00
   0.0000000e+00
   0.0000000e+00
   0.0000000e+00
   0.0000000e+00
   0.0000000e+00
  -1.5058510e-02
  -4.1439259e-03
   3.7529743e-03
   1.1947395e-02
   8.0356607e-03
  -1.1857992e-03
  -2.4000575e-03
   0.0000000e+00
   0.0000000e+00
   0.0000000e+00
   0.0000000e+00
   0.0000000e+00
   0.0000000e+00
   0.0000000e+00
   0.0000000e+00
   0.0000000e+00
   0.0000000e+00
   0.0000000e+00
   0.0000000e+00
   0.0000000e+00
   0.0000000e+00
   0.0000000e+00
   0.0000000e+00
   0.0000000e+00
   0.0000000e+00
   0.0000000e+00
  -0.0000000e+00
  -2.0354902e-02
  -4.1968607e-02
  -1.9542625e-02
  -2.3519979e-03
  -4.2322963e-03
  -1.0411775e-02
  -1.0188377e-02
  -1.0984968e-03
   1.2308512e-02
   2.0648684e-02
   2.1135699e-02
   2.2152253e-02
   0.0000000e+00
   0.0000000e+00
   0.0000000e+00
   0.0000000e+00
   0.0000000e+00
   0.0000000e+00
   0.0000000e+00
   0.0000000e+00
   0.0000000e+00
  -2.6155066e-02
  -7.4265003e-03
   5.1821787e-03
   1.6006483e-02
   2.0711645e-02
   1.2869873e-02
  -2.4222013e-03
   0.0000000e+00
   0.0000000e+00
   0.0000000e+00
   0.0000000e+00
   0.0000000e+00
   0.0000000e+00
   0.0000000e+00
   0.0000000e+00
   0.0000000e+00
   0.0000000e+00
   0.0000000e+00
   0.0000000e+00
   0.0000000e+00
   0.0000000e+00
   0.0000000e+00
   0.0000000e+00
   0.0000000e+00
   0.0000000e+00
   0.0000000e+00
  -0.0000000e+00
  -6.9331955e-04
  -0.0000000e+00
  -3.8501782e-02
  -3.0427523e-02
  -3.9075028e-02
  -4.3543696e-02
  -3.6326294e-02
  -1.0812549e-02
   9.9242385e-03
   1.9216761e-02
   2.4600797e-02
   0.0000000e+00
   0.0000000e+00
   0.0000000e+00
   0.0000000e+00
   0.0000000e+00
   0.0000000e+00
  -0.0000000e+00
   0.0000000e+00
   0.0000000e+00
  -0.0000000e+00
  -4.0616248e-02
  -1.6295929e-02
   1.5595672e-04
   1.6376846e-02
   2.9250631e-02
   2.7858600e-02
   4.0129389e-02
   0.0000000e+00
   0.0000000e+00
   0.0000000e+00
   0.0000000e+00
   0.0000000e+00
   0.0000000e+00
   0.0000000e+00
   0.0000000e+00
   0.0000000e+00
   0.0000000e+00
   0.0000000e+00
   0.0000000e+00
   0.0000000e+00
   0.0000000e+00
   0.0000000e+00
   0.0000000e+00
   0.0000000e+00
   0.0000000e+00
   0.0000000e+00
  -0.0000000e+00
  -4.9116202e-03
   0.0000000e+00
  -3.5672220e-02
  -4.7190900e-02
  -7.8001105e-02
  -7.4782269e-02
  -6.2500896e-02
  -0.0000000e+00
   9.4217767e-03
   1.3945336e-02
   0.0000000e+00
   0.0000000e+00
   0.0000000e+00
   0.0000000e+00
   0.0000000e+00
   0.0000000e+00
  -0.0000000e+00
  -0.0000000e+00
   0.0000000e+00
  -0.0000000e+00
  -5.4780188e-02
  -4.7040863e-02
  -3.5569026e-02
  -1.7588025e-02
   7.6153385e-03
   2.1861464e-02
   2.2532048e-02
   1.5931389e-02
   1.1145085e-02
   1.0189190e-02
  -0.0000000e+00
  -0.0000000e+00
   0.0000000e+00
   0.0000000e+00
   0.0000000e+00
   0.0000000e+00
   0.0000000e+00
   0.0000000e+00
   0.0000000e+00
   0.0000000e+00
   0.0000000e+00
   0.0000000e+00
   0.0000000e+00
   0.0000000e+00
   0.0000000e+00
   0.0000000e+00
   0.0000000e+00
   0.0000000e+00
   0.0000000e+00
   0.0000000e+00
   0.0000000e+00
   0.0000000e+00
  -6.9453959e-02
  -8.8226228e-02
   0.0000000e+00
   0.0000000e+00
   0.0000000e+00
   0.0000000e+00
   0.0000000e+00
   0.0000000e+00
   0.0000000e+00
   0.0000000e+00
   0.0000000e+00
   0.0000000e+00
  -0.0000000e+00
  -0.0000000e+00
  -3.2184120e-02
  -5.9517139e-02
  -4.3495333e-02
  -1.2937855e-02
  -0.0000000e+00
  -6.0565611e-02
  -9.3273692e-03
   1.1086360e-02
   8.9552684e-03
   4.9803294e-03
   1.7892505e-02
   2.6003436e-02
   0.0000000e+00
   0.0000000e+00
   0.0000000e+00
   0.0000000e+00
   0.0000000e+00
   0.0000000e+00
   0.0000000e+00
   0.0000000e+00
   0.0000000e+00
   0.0000000e+00
   0.0000000e+00
   0.0000000e+00
   0.0000000e+00
   0.0000000e+00
   0.0000000e+00
   0.0000000e+00
   0.0000000e+00
   0.0000000e+00
   0.0000000e+00
  -0.0000000e+00
  -1.4550064e-02
  -1.0750124e-02
  -1.3472156e-02
  -4.6576499e-02
  -5.2795107e-02
  -0.0000000e+00
  -0.0000000e+00
  -2.4979148e-03
  -5.4076923e-03
  -0.0000000e+00
   0.0000000e+00
   0.0000000e+00
  -0.0000000e+00
   0.0000000e+00
   0.0000000e+00
  -0.0000000e+00
  -4.3464951e-02
  -5.4906115e-02
  -3.6703611e-02
   0.0000000e+00
   0.0000000e+00
   0.0000000e+00
  -0.0000000e+00
  -3.9206703e-02
  -5.9086118e-03
   8.3666770e-03
   3.3783291e-03
   5.8315468e-03
   4.5885317e-03
   0.0000000e+00
  -0.0000000e+00
  -1.4131399e-02
  -1.4282205e-02
  -1.7256237e-02
  -1.3863641e-02
  -0.0000000e+00
   0.0000000e+00
   0.0000000e+00
   0.0000000e+00
   0.0000000e+00
   1.4696884e-02
   1.0829213e-02
   1.0072114e-02
   1.2365189e-02
   1.1860530e-02
   1.2988758e-02
   1.0726083e-02
   6.8650802e-03
   2.5064708e-03
  -6.4511249e-04
  -3.1276905e-03
  -6.7897801e-03
  -1.0736655e-02
  -9.6911150e-03
  -6.0604377e-03
  -5.5919017e-03
  -7.1811146e-03
  -9.8540745e-03
  -1.4447490e-02
  -1.9111273e-02
  -2.3727416e-02
  -2.6409432e-02
  -3.2909568e-02
  -2.6930682e-02
  -4.2874230e-02
  -2.3663738e-02
  -1.2000728e-02
  -0.0000000e+00
  -0.0000000e+00
  -0.0000000e+00
  -0.0000000e+00
  -0.0000000e+00
  -2.3368122e-02
  -5.6243607e-03
   5.0703089e-03
   5.8736369e-03
   8.1452088e-03
   9.5591621e-03
   8.9615362e-03
   4.7693615e-03
   4.5224862e-04
  -1.0353486e-03
  -4.5041951e-03
  -4.1804907e-03
  -9.6842876e-04
   5.3008410e-03
   1.0540725e-02
   1.5544363e-02
