  3.893195e-01
  3.825902e-01
  3.772114e-01
  3.677002e-01
  3.582312e-01
  3.462467e-01
  3.297223e-01
  3.224224e-01
  3.130302e-01
  2.917515e-01
  2.783639e-01
  2.650771e-01
  2.558956e-01
  2.534421e-01
  2.511503e-01
  2.464296e-01
  2.437091e-01
  2.391906e-01
  2.364051e-01
  2.361833e-01
  2.389492e-01
  2.411786e-01
  2.378740e-01
  2.308530e-01
  2.235037e-01
  2.204047e-01
  2.249881e-01
  2.337038e-01
  2.400620e-01
  2.383140e-01
  2.306512e-01
  2.252926e-01
  2.233554e-01
  2.252775e-01
  2.272770e-01
  2.339149e-01
  2.411733e-01
  2.523036e-01
  2.676149e-01
  2.945683e-01
  3.239862e-01
  3.532063e-01
  3.816913e-01
  3.986005e-01
  4.119332e-01
  4.256914e-01
  4.012799e-01
  3.463786e-01
