   6.5387166e-01
   6.4593482e-01
   2.1039020e-01
  -1.6806841e-01
  -7.4453048e-02
   4.1246021e-01
   2.8194791e-01
   2.3840967e-01
   4.0081254e-01
   9.5494050e-01
   1.9597300e+00
   2.0296752e+00
   1.6320496e+00
   1.5237149e+00
   1.2102031e+00
   6.6799957e-01
   2.4729313e-01
   2.0550875e-01
   3.5298678e-01
   4.4964522e-01
   2.4820831e-01
  -5.2921325e-02
  -1.2643722e-01
  -6.1353512e-02
  -4.0389523e-03
   2.4264929e-01
   6.8515116e-01
   7.5394565e-01
   4.2373559e-01
   5.0082725e-01
   4.8139286e-01
   2.4716613e-01
   1.0118948e-01
   1.5816137e-01
   9.9215031e-02
   8.0461562e-02
   4.0461460e-01
   8.4051895e-01
   1.0273749e+00
   9.2167300e-01
   6.7164803e-01
   5.1749170e-01
   9.2598337e-01
   7.7601451e-01
   3.5290223e-01
   1.6439421e-01
   1.9866210e-01
   4.1533902e-01
   1.1121265e+00
   8.9699501e-01
   3.7465292e-01
   5.0306112e-01
   4.1379911e-01
   1.2492028e+00
   1.0076861e+00
  -1.6673866e-01
   6.7216873e-01
   1.7078465e+00
   1.7913241e+00
   1.8095398e+00
   1.1249135e+00
   1.1678998e+00
   1.5330228e+00
   1.1812634e+00
   1.0466707e+00
   1.0276875e+00
   6.5896702e-01
   4.8390779e-01
   5.2086461e-01
   2.3998825e-01
   1.4900436e-01
  -7.0815697e-02
  -3.3182448e-01
   6.9136667e-01
   1.2609133e+00
   1.4759411e-01
   5.5571824e-02
   8.5614222e-01
   9.7072887e-01
   9.4626570e-01
   1.0878845e+00
   1.4772010e+00
   1.5487201e+00
   1.5758755e+00
   1.7306352e+00
   1.5341002e+00
   1.7327083e+00
   1.1367507e+00
   4.7016233e-01
   8.5937625e-01
   1.4835386e+00
   1.3002348e+00
   5.0350130e-01
   2.7202809e-01
   3.1797731e-01
   4.9932554e-01
   2.9134119e-01
   2.2479706e-04
  -2.5954378e-01
   3.1866249e-01
   1.6864461e-01
   5.0361186e-01
  -3.5439354e-01
  -3.5794035e-01
   1.5250621e+00
   1.2780952e+00
   1.1702056e+00
   1.0192169e+00
   7.2258234e-02
   5.3758329e-01
   1.0543075e+00
   8.7762570e-01
   8.0016851e-01
   6.5178412e-01
   5.6740510e-01
   3.3735770e-01
   2.1154334e-01
  -1.7009532e-01
  -5.0432640e-01
  -8.8018423e-01
  -9.6557325e-01
  -3.9217317e-01
  -2.6269576e-01
  -9.5468557e-01
  -5.0415397e-01
   3.3376157e-01
   9.4730008e-01
   1.4938400e+00
   1.3764864e+00
   1.2833685e+00
   9.5501882e-01
   7.1592057e-01
   5.1899070e-01
   5.1110160e-01
   8.1042439e-01
   7.4267298e-01
   8.6420661e-01
   1.0653094e+00
   1.0422204e+00
   9.4092774e-01
   4.8465776e-01
   4.1983478e-02
  -5.1792759e-01
  -2.2554474e-01
  -1.0492234e+00
  -9.0012705e-01
  -5.1291883e-01
  -1.0448911e-01
   7.1092017e-02
   5.7723626e-02
  -1.7412654e-01
  -5.6189772e-02
   1.0428975e+00
   9.0089726e-01
   8.2290328e-01
   6.0537612e-01
  -2.4083844e-01
   8.0583930e-02
   4.3994907e-01
   2.9581383e-01
   2.2646999e-01
   2.2273038e-01
   2.2639199e-01
   3.3374682e-02
  -1.3249849e-01
  -4.0278879e-01
  -6.4127070e-01
  -8.8477033e-01
  -1.2826496e+00
  -1.5075762e+00
  -1.8041265e+00
  -7.7716517e-01
  -5.2817953e-01
  -5.0978553e-02
   5.9199136e-01
   1.0463675e+00
   1.0869021e+00
   7.9753584e-01
   3.1129256e-01
  -2.3419636e-01
  -6.6167188e-01
  -6.8783271e-01
  -3.9967167e-01
  -3.2137413e-02
   2.7574417e-01
   5.3992832e-01
   6.0806423e-01
   4.2705083e-01
   1.6423446e-01
   8.7360106e-03
  -3.7952906e-01
  -9.5271862e-01
  -1.4924587e+00
  -1.1689147e+00
  -8.1124282e-01
  -3.7667459e-01
  -5.7651877e-02
  -3.9243896e-02
  -2.2101046e-01
  -1.7274612e-01
   8.9790368e-01
   4.3338582e-01
   2.7964956e-01
   1.9389998e-02
  -3.3505064e-01
  -3.4670183e-01
  -2.8581244e-01
  -2.5402945e-01
  -2.4263415e-01
  -1.7929766e-01
  -1.6955636e-01
  -3.4495384e-01
  -4.3869668e-01
  -6.2932938e-01
  -8.6092615e-01
  -9.8605198e-01
  -1.4332743e+00
  -2.2271459e+00
  -1.8439995e+00
  -3.6574754e-01
  -3.9232734e-01
  -2.5549138e-01
   2.9647404e-01
   6.7148054e-01
   6.6806191e-01
   3.0457172e-01
  -3.0808225e-01
  -1.0100758e+00
  -1.3631122e+00
  -1.2617815e+00
  -8.6102492e-01
  -3.8553482e-01
  -6.8430349e-02
   1.5850453e-01
   2.9534477e-01
   1.1202515e-01
  -9.4460979e-02
  -1.5261476e-01
  -6.3092178e-01
  -1.3066008e+00
  -1.1905651e+00
  -1.1933035e+00
  -9.8350465e-01
  -2.9267747e-01
  -2.5296557e-01
  -3.8460203e-01
  -6.2748398e-01
   3.5435889e-01
   4.7197678e-01
  -2.7108938e-01
  -4.3066918e-01
  -5.3651429e-01
  -6.7818823e-01
  -7.8342680e-01
  -7.2927716e-01
  -6.7923816e-01
  -6.1320038e-01
  -5.7241530e-01
  -5.8505590e-01
  -6.1882795e-01
  -7.2964498e-01
  -8.5662947e-01
  -9.2852228e-01
  -1.0760704e+00
  -1.3503650e+00
  -1.7820537e+00
  -1.7105269e+00
   1.2729751e-01
  -3.3582262e-01
  -4.8003614e-01
  -6.7660049e-02
   1.6949235e-01
   1.2523329e-01
  -1.7387204e-01
  -7.5487951e-01
  -1.2958171e+00
  -1.3884238e+00
  -1.1288482e+00
  -3.9901264e-01
  -7.3447586e-02
  -6.9204123e-02
  -3.7142978e-02
  -7.6670470e-02
  -2.5865179e-01
  -3.3460514e-01
  -4.1979085e-01
  -8.0411861e-01
  -1.0966882e+00
  -5.7758337e-01
  -9.4252533e-01
  -6.1697620e-01
  -1.5170600e-01
  -2.6325554e-01
  -5.9561801e-01
  -2.1563053e-02
   2.2905080e-01
  -3.8603827e-01
  -7.9632199e-01
  -8.1934792e-01
  -8.6305135e-01
  -9.5473516e-01
  -9.9238485e-01
  -9.2906272e-01
  -8.9031982e-01
  -8.5342073e-01
  -7.8571498e-01
  -7.5249255e-01
  -7.9190201e-01
  -8.9518684e-01
  -9.2633241e-01
  -9.3679655e-01
  -1.0480973e+00
  -1.0909590e+00
  -8.2679415e-01
  -1.0789977e+00
  -7.3481292e-01
  -2.8978589e-01
  -6.6575122e-01
  -4.5497164e-01
  -4.0010250e-01
  -3.9172614e-01
  -5.0635576e-01
  -8.3726692e-01
  -1.2143110e+00
  -1.0283113e+00
  -3.9855048e-01
   3.7631458e-01
   1.5420233e-01
  -1.0795809e-01
  -1.4271593e-01
  -1.9348192e-01
  -3.3758059e-01
  -3.9633775e-01
  -5.2538896e-01
  -8.0026543e-01
  -8.2046169e-01
   2.4317214e-01
   4.1336280e-01
  -8.7840475e-02
  -5.3663218e-01
  -2.9711857e-01
  -5.3386474e-01
  -2.3463331e-01
  -9.0982741e-01
  -1.1922302e+00
  -9.4409150e-01
  -9.1972792e-01
  -9.8640436e-01
  -1.0443389e+00
  -1.0734032e+00
  -1.0233113e+00
  -9.6135026e-01
  -8.9330351e-01
  -8.2481450e-01
  -8.0992496e-01
  -8.2965147e-01
  -8.5522836e-01
  -8.6235833e-01
  -8.7645352e-01
  -8.6586058e-01
  -6.2441754e-01
   4.4868156e-01
  -8.9792833e-02
  -6.4703989e-01
  -3.8147944e-01
  -7.0765167e-01
  -9.2132133e-01
  -1.0133559e+00
  -9.4869000e-01
  -7.0814592e-01
  -2.3096339e-01
  -6.2376899e-01
  -7.7563143e-01
   5.4080886e-01
   4.6775919e-01
  -2.3029904e-01
  -5.6253272e-01
  -5.3063720e-01
  -3.6711106e-01
  -3.3743095e-01
  -3.7472039e-01
  -5.0827020e-01
  -6.2843895e-01
  -4.6735612e-01
   6.6776735e-01
   1.5116630e+00
   8.8596478e-02
  -5.6781143e-01
  -6.5934789e-01
  -9.8793423e-01
  -7.3514658e-01
  -1.4316723e+00
  -1.3378639e+00
  -1.1940992e+00
  -1.1503454e+00
  -1.1924158e+00
  -1.1964821e+00
  -1.1429937e+00
  -1.0339308e+00
  -9.4070458e-01
  -8.3392960e-01
  -7.5714570e-01
  -7.1093404e-01
  -6.7009288e-01
  -6.7531997e-01
  -7.0808089e-01
  -7.4389297e-01
  -6.4222974e-01
  -1.9302154e-01
   1.1185974e+00
   9.4967961e-01
  -5.5329341e-02
   1.0699737e-01
  -3.8688660e-01
  -1.3024269e+00
  -1.5098647e+00
  -1.4001269e+00
  -6.3596398e-01
   7.9494542e-01
   2.8096616e-01
  -3.3058947e-01
  -1.9953945e-01
  -2.4443798e-01
  -6.2828594e-01
  -9.6592152e-01
  -7.6910549e-01
  -3.9099747e-01
  -3.5932255e-01
  -4.4441220e-01
  -4.6674657e-01
  -3.8644147e-01
  -7.5089611e-02
   1.0374529e+00
   1.9088774e+00
   1.2864944e+00
  -1.3276027e-01
  -1.1287519e+00
  -1.0099876e+00
  -6.5897477e-01
  -9.8266107e-01
  -1.0653220e+00
  -1.1422939e+00
  -1.2325792e+00
  -1.2867992e+00
  -1.2136271e+00
  -1.0823002e+00
  -9.4984889e-01
  -8.3981538e-01
  -6.9931197e-01
  -6.0579723e-01
  -5.0201386e-01
  -4.4162384e-01
  -4.6494222e-01
  -5.6193489e-01
  -6.0452372e-01
  -3.9939749e-01
   2.3601514e-01
   1.7637914e+00
   2.2499292e+00
   1.2148356e-01
   6.7547512e-01
  -1.8034583e-01
  -1.5008357e+00
  -2.0946813e+00
  -1.8145618e+00
  -3.4387183e-01
   2.2535453e+00
   9.3899035e-01
   3.2779175e-01
  -4.3432185e-01
  -8.3639568e-01
  -1.1134171e+00
  -9.0956813e-01
  -6.1276019e-01
  -2.1099611e-01
  -4.5940024e-01
  -5.5864382e-01
  -3.6919427e-01
  -8.3491392e-02
   3.3364409e-01
   1.3425499e+00
   1.9921647e+00
   2.0260414e+00
   1.0066368e+00
  -2.8447001e-01
  -1.6031791e-01
   1.4465359e-02
  -3.7046092e-01
  -6.9624154e-01
  -8.9116334e-01
  -1.0502053e+00
  -1.0622307e+00
  -9.7011208e-01
  -8.4090667e-01
  -7.2146313e-01
  -5.9460846e-01
  -4.7182375e-01
  -3.5483818e-01
  -2.1903287e-01
  -2.0671047e-01
  -2.8954555e-01
  -4.5430168e-01
  -4.5348063e-01
  -1.3068875e-01
   6.7195986e-01
   2.4370958e+00
   3.4347398e+00
   1.5055453e-01
   6.9319461e-01
  -1.3725381e-01
  -1.5571598e+00
  -2.7332002e+00
  -2.1687254e+00
   1.8502046e-01
   3.8571553e+00
   1.6702431e+00
   2.9279040e-01
  -3.8677716e-01
  -8.1658785e-01
  -1.8926556e+00
  -6.2566499e-01
   1.1585819e-01
  -2.9323684e-02
  -8.6903869e-01
  -7.6650111e-01
  -2.4038248e-01
   2.5700362e-01
   7.2442101e-01
   1.5996441e+00
   2.1256912e+00
   2.2538109e+00
   1.7831755e+00
   9.7877729e-01
   9.6607769e-01
   6.8492907e-01
   1.0080242e-01
  -2.0248123e-01
  -4.1085979e-01
  -5.8787149e-01
  -5.9721273e-01
  -5.6566590e-01
  -4.7090656e-01
  -3.6274311e-01
  -2.6542521e-01
  -1.9746853e-01
  -5.2333929e-02
   5.0583750e-02
  -3.6998611e-02
  -2.0091119e-01
  -3.7473881e-01
  -2.8558838e-01
   1.6668051e-01
   1.1199148e+00
   3.0745652e+00
   4.4959102e+00
  -4.0577164e-01
   5.9377718e-01
   6.8553436e-01
  -8.2232505e-01
  -3.4063208e+00
  -2.3936419e+00
   9.9136156e-01
   4.5745168e+00
   1.4528353e+00
   6.7519546e-01
  -6.6780078e-01
  -1.0948017e+00
  -2.6580520e+00
   4.0592104e-03
   1.3374237e+00
   2.9101062e-01
  -1.4980352e+00
  -8.9316708e-01
  -1.4087673e-02
   6.4092076e-01
   1.0930362e+00
   1.9199864e+00
   2.3595841e+00
   2.5526726e+00
   2.3213339e+00
   1.9410295e+00
   1.7177280e+00
   1.1259576e+00
   7.1196353e-01
   5.1092994e-01
   2.1378297e-01
  -4.4845045e-02
  -1.1940001e-01
  -1.3974150e-01
  -6.7440689e-02
   2.7308948e-02
   6.5999098e-02
   1.2864122e-01
   2.7033532e-01
   2.5000095e-01
   2.5975769e-02
  -1.9059910e-01
  -2.8024438e-01
  -6.0590945e-02
   5.2906555e-01
   1.6487255e+00
   3.6804137e+00
   5.1172247e+00
   8.1095767e-01
   5.8390301e-01
   7.4820650e-01
   3.2450703e-01
  -3.9326835e+00
  -2.4371221e+00
   1.9267262e+00
   5.6406093e+00
   2.4179776e+00
   1.3545096e+00
  -1.2751472e-01
  -7.8160204e-02
  -3.1003141e+00
   7.8584445e-01
   3.0279465e+00
   8.5708261e-01
  -1.9362797e+00
  -7.9804814e-01
   3.7780976e-01
   1.1106580e+00
   1.5070294e+00
   2.1656973e+00
   2.5524654e+00
   2.7934403e+00
   2.6877999e+00
   2.3957660e+00
   2.0858147e+00
   1.6111485e+00
   1.2988386e+00
   1.0058534e+00
   5.9875876e-01
   2.8439501e-01
   1.9095713e-01
   1.8953809e-01
   2.5042167e-01
   3.1845441e-01
   3.2691720e-01
   3.7446231e-01
   4.2517343e-01
   2.7223280e-01
  -4.7711324e-02
  -2.2706525e-01
  -1.5332869e-01
   1.9831814e-01
   9.4344199e-01
   2.2213972e+00
   4.2093349e+00
   5.1894870e+00
   1.7689197e+00
   1.7793294e+00
   1.7772130e+00
   3.7317413e-01
  -4.2514381e+00
  -1.9812585e+00
   2.8567772e+00
   6.1108599e+00
   1.8575612e+00
   1.3406761e+00
   2.0492707e-01
  -5.3220522e-01
  -2.6173906e+00
   1.8920664e+00
   3.4201109e+00
   5.6794852e-01
  -1.9833027e+00
  -6.6354442e-01
   7.0519722e-01
   1.4817905e+00
   1.8115315e+00
   2.3513510e+00
   2.7289412e+00
   3.0080316e+00
   2.9697347e+00
   2.7437878e+00
   2.4536612e+00
   2.0005839e+00
   1.6237355e+00
   1.2192615e+00
   7.6089799e-01
   4.4464812e-01
   3.9586625e-01
   4.2000735e-01
   4.5810464e-01
   4.9419343e-01
   4.6451882e-01
   4.4471967e-01
   3.6829221e-01
   1.0824713e-01
  -2.1379974e-01
  -2.4125272e-01
   2.4431841e-02
   5.2820009e-01
   1.4332795e+00
   2.7933888e+00
   4.7042785e+00
   4.8034058e+00
   2.1806345e+00
   2.6555357e+00
   2.4969835e+00
   3.6435984e-02
  -3.7296762e+00
  -1.1374413e+00
   3.5595531e+00
   5.9202952e+00
   1.2907691e+00
   5.2196622e-01
  -3.8728085e-01
  -1.0038421e+00
  -1.6564314e+00
   2.1582620e+00
   3.2201838e+00
   4.6491784e-01
  -5.1702291e-01
  -6.4644945e-01
   9.5991343e-01
   1.7354537e+00
   2.0161285e+00
   2.5238253e+00
   2.9174842e+00
   3.1963321e+00
   3.1638511e+00
   2.9453183e+00
   2.6332237e+00
   2.1216524e+00
   1.6724584e+00
   1.2197764e+00
   7.5091639e-01
   4.9392030e-01
   5.0163251e-01
   5.0040078e-01
   5.0244462e-01
   4.8180050e-01
   3.9114813e-01
   2.6957309e-01
   6.9023847e-02
  -2.2642707e-01
  -4.0063895e-01
  -2.0126385e-01
   2.5845724e-01
   9.2759878e-01
   1.9715153e+00
   3.3977748e+00
   5.3676680e+00
   4.9554833e+00
   2.4187624e+00
   2.7314235e+00
   2.5167024e+00
   5.0273889e-01
  -2.6162249e+00
  -1.9969081e-01
   3.9353106e+00
   5.2864655e+00
   1.4420642e+00
  -3.4516837e-01
  -5.4671841e-01
  -9.0231855e-01
  -5.4232490e-01
   2.2598443e+00
   2.7279681e+00
   2.8726926e-01
   4.9018130e-01
  -3.0725481e-01
   1.2131098e+00
   1.9354282e+00
   2.1781258e+00
   2.6452932e+00
   3.0295479e+00
   3.2479236e+00
   3.1871743e+00
   2.9870732e+00
   2.5993447e+00
   1.9657309e+00
   1.4737370e+00
   1.0246302e+00
   6.0041475e-01
   4.3390316e-01
   4.4618738e-01
   4.0267965e-01
   3.6459836e-01
   2.5378758e-01
   7.2642729e-02
  -1.5435816e-01
  -3.9421231e-01
  -5.5651176e-01
  -4.5089966e-01
  -2.0251030e-02
   6.0271180e-01
   1.4132539e+00
   2.5338655e+00
   4.0186844e+00
   5.8544431e+00
   3.6680417e+00
   1.3379966e+00
   1.6683367e+00
   1.9347813e+00
   4.6222329e-01
  -1.4569918e+00
   6.4437979e-01
   4.0622640e+00
   4.6441078e+00
   1.6051117e+00
  -7.4347311e-01
  -7.0067132e-01
  -1.7349127e-01
   1.9781730e-01
   2.0895526e+00
   2.1881325e+00
   2.3814946e-01
   7.3841530e-01
   5.1923889e-01
   1.4669911e+00
   2.0854828e+00
   2.2880399e+00
   2.6696684e+00
   3.0042419e+00
   3.1388612e+00
   3.0360005e+00
   2.8225944e+00
   2.2883096e+00
   1.5074458e+00
   1.0088941e+00
   6.1188775e-01
   2.9073295e-01
   2.1323489e-01
   1.9991276e-01
   1.3572332e-01
   5.2642155e-02
  -1.5354334e-01
  -3.9894566e-01
  -6.1728847e-01
  -7.1872932e-01
  -6.1040467e-01
  -2.3028149e-01
   3.4166527e-01
   1.0480629e+00
   1.9034759e+00
   3.0092227e+00
   4.4345350e+00
   6.2916098e+00
   2.3787613e+00
   3.0534309e-01
   2.1063970e-01
   8.0994076e-01
   2.4695554e-01
  -1.5147491e-01
   1.4110719e+00
   4.0806341e+00
   4.0761871e+00
   1.6616564e+00
  -7.6609796e-01
  -8.0285597e-01
   2.7692845e-01
   7.8028876e-01
   1.6164471e+00
   1.7888114e+00
  -7.4421734e-02
  -1.2502129e-01
   7.1186513e-01
   1.7279364e+00
   2.1802280e+00
   2.3320384e+00
   2.6067142e+00
   2.8708344e+00
   2.8745198e+00
   2.6841083e+00
   2.3733075e+00
   1.6451766e+00
   7.8031236e-01
   3.5717040e-01
   4.5796968e-02
  -1.7817575e-01
  -1.9070524e-01
  -2.0254339e-01
  -2.6039568e-01
  -3.7829092e-01
  -5.7537907e-01
  -7.2592634e-01
  -7.5605398e-01
  -6.1772937e-01
  -2.9159144e-01
   2.2546682e-01
   8.2669383e-01
   1.5136385e+00
   2.3050356e+00
   3.2805371e+00
   4.4844284e+00
   5.4913502e+00
   9.2599356e-01
  -8.0749732e-01
  -7.6588267e-01
  -7.8059757e-01
  -8.5126024e-01
  -2.6985884e-01
   2.2370095e+00
   3.9985611e+00
   3.5977912e+00
   1.3221899e+00
  -6.5226877e-01
  -6.0647005e-01
  -2.2473304e-01
   5.5667847e-01
   1.0070838e+00
   1.1981058e+00
  -4.2242408e-02
  -8.7585926e-01
   8.8867411e-02
   1.6701244e+00
   2.2099659e+00
   2.3182144e+00
   2.4742407e+00
   2.6715664e+00
   2.4818467e+00
   2.1682893e+00
   1.7093600e+00
   8.4409379e-01
   4.2855232e-02
  -2.6399155e-01
  -5.2245316e-01
  -7.1123598e-01
  -7.0687352e-01
  -7.1490477e-01
  -7.5771444e-01
  -8.3118569e-01
  -8.7294423e-01
  -7.9683762e-01
  -5.9007308e-01
  -2.6227011e-01
   1.8418377e-01
   7.3669080e-01
   1.3088559e+00
   1.9212105e+00
   2.5765874e+00
   3.3144219e+00
   4.0884082e+00
   4.1120756e+00
  -5.0714302e-02
  -1.5852121e+00
  -6.4076398e-01
  -9.6218693e-01
  -1.2925403e+00
  -1.4062003e-01
   3.1612563e+00
   3.7362101e+00
   3.3056180e+00
   8.5545730e-01
  -6.5692125e-01
  -5.0266823e-01
  -4.8173129e-01
   7.2845171e-01
   1.9313551e-01
   2.7107056e-01
  -2.2518739e-01
  -5.2758941e-01
   8.7787914e-01
   2.5100512e+00
   2.2615501e+00
   2.2726985e+00
   2.2830342e+00
   2.4966778e+00
   1.9943423e+00
   1.6195881e+00
   1.1015977e+00
   2.0906533e-01
  -4.5357191e-01
  -7.1576582e-01
  -9.9750328e-01
  -1.2272443e+00
  -1.2941975e+00
  -1.3633797e+00
  -1.4181445e+00
  -1.3914916e+00
  -1.2328507e+00
  -9.3762123e-01
  -5.3463391e-01
  -6.3919235e-02
   4.4129163e-01
   9.8226488e-01
   1.5285910e+00
   2.0630716e+00
   2.5710677e+00
   3.0607917e+00
   3.3702664e+00
   2.5037443e+00
  -3.0565359e-01
  -1.3191056e+00
  -6.2212656e-01
  -7.8143041e-01
  -1.5275758e+00
  -1.8484510e-01
   3.5766821e+00
   3.4501986e+00
   2.9566190e+00
   6.3786606e-01
  -1.3449339e+00
  -8.7388318e-01
   1.2426300e-01
   6.3532845e-01
  -9.4936609e-01
  -1.0848456e+00
  -5.2938488e-01
  -2.6726358e-01
   1.2770056e+00
   2.4510163e+00
   2.2446162e+00
   2.1745280e+00
   2.0820271e+00
   2.5293385e+00
   1.6569519e+00
   1.1937569e+00
   6.4424435e-01
  -2.0571501e-01
  -7.4938016e-01
  -1.0433629e+00
  -1.4120898e+00
  -1.7256145e+00
  -1.9034606e+00
  -2.0368062e+00
  -2.0971302e+00
  -2.0134271e+00
  -1.7718636e+00
  -1.3689321e+00
  -8.5218190e-01
  -2.9743351e-01
   2.3471728e-01
   7.2540466e-01
   1.1826311e+00
   1.5799391e+00
   1.9151250e+00
   2.2132911e+00
   2.2831353e+00
   1.3051387e+00
  -1.7406733e-01
  -9.5398754e-01
  -7.2286476e-02
  -1.0568679e+00
  -2.1919404e+00
  -2.7451463e-01
   3.4407210e+00
   3.0600686e+00
   2.0823139e+00
   3.7654807e-01
  -1.8135317e+00
  -9.1555529e-01
   2.9413967e-01
  -3.5367098e-01
  -2.7027024e+00
  -2.2064709e+00
  -1.1854997e+00
  -3.3573075e-01
   1.7034975e+00
   2.3331357e+00
   2.0787770e+00
   2.0510482e+00
   1.3353707e+00
   1.8970401e+00
   1.3272293e+00
   1.0716544e+00
   2.9720962e-01
  -4.9774915e-01
  -8.8315076e-01
  -1.1526961e+00
  -1.5328676e+00
  -1.8380915e+00
  -2.0031569e+00
  -2.1153350e+00
  -2.1856964e+00
  -2.1360490e+00
  -1.9404727e+00
  -1.5828772e+00
  -1.1003865e+00
  -5.5708474e-01
  -3.7219424e-02
   3.9728320e-01
   7.3164314e-01
   9.5353585e-01
   1.0622504e+00
   1.0793579e+00
   8.1928766e-01
   1.7498967e-01
  -1.2728365e-01
  -8.4074342e-01
   3.4775752e-01
  -5.3110301e-01
  -2.2958744e+00
   1.2270646e+00
   3.0524876e+00
   1.8192096e+00
   1.1782644e+00
   3.8023796e-02
  -1.9883512e+00
  -8.3575517e-01
   6.1030233e-01
  -1.5109320e+00
  -4.0649810e+00
  -2.7904186e+00
  -1.8638030e+00
   1.2835649e-02
   1.8853265e+00
   1.7763997e+00
   1.6504076e+00
   1.7953447e+00
   2.9397571e-01
   1.6918220e+00
   1.7735508e+00
   1.1131214e+00
  -5.5747331e-02
  -6.5210478e-01
  -6.6531310e-01
  -6.8045125e-01
  -8.5159011e-01
  -9.8120356e-01
  -1.0625631e+00
  -1.1522847e+00
  -1.2218297e+00
  -1.2011059e+00
  -1.0661205e+00
  -7.9979351e-01
  -4.0765406e-01
   4.5694536e-02
   4.7071952e-01
   7.9190847e-01
   9.8356170e-01
   1.0385605e+00
   9.1038598e-01
   4.5727820e-01
  -3.3126699e-01
  -1.2103257e+00
  -1.3887066e+00
  -1.2067932e+00
   9.0093036e-02
  -8.1952491e-01
  -1.8807765e+00
   1.5111955e+00
   2.0796785e+00
   1.4828053e+00
   1.5096000e+00
  -5.7256084e-01
  -1.8901020e+00
  -8.9960392e-01
   1.0023389e+00
  -1.9535022e+00
  -4.7961315e+00
  -2.8213660e+00
  -1.6789556e+00
   4.6131915e-01
   1.4372460e+00
   9.8228252e-01
   1.1146304e+00
   1.1476694e+00
   1.1078850e+00
   1.3591548e+00
   1.8018161e+00
   1.3798929e+00
  -3.6632882e-01
  -7.6371494e-01
  -3.6837216e-01
  -9.8095897e-02
  -6.4121522e-02
  -1.4349108e-02
   4.2481872e-02
   3.2912686e-02
  -7.1268441e-03
  -3.6546276e-03
   7.1944310e-02
   2.4488893e-01
   5.3610330e-01
   9.1812814e-01
   1.3295909e+00
   1.6662938e+00
   1.8390272e+00
   1.7637350e+00
   1.3396617e+00
   4.3433876e-01
  -9.1844822e-01
  -1.9361814e+00
  -1.0520370e+00
  -1.6675806e+00
  -1.0877312e+00
  -1.6936195e+00
  -1.1639911e+00
   1.4430478e+00
   1.4933525e+00
   9.1360451e-01
  -1.1795222e-01
  -1.1661252e+00
  -2.2238211e+00
  -9.2653424e-01
   1.5438490e+00
  -6.0880386e-01
  -4.1636758e+00
  -2.5817179e+00
  -1.2653809e+00
   4.1636128e-01
   5.0485378e-01
   9.8530854e-02
   4.7076726e-01
  -5.7582953e-02
   5.1658845e-01
  -2.0649391e-01
   1.3193039e+00
   1.0015874e+00
  -5.8805972e-01
  -9.6330321e-01
  -4.6009606e-01
  -1.0972414e-01
   2.2267258e-02
   1.4158101e-01
   2.6013827e-01
   2.9468557e-01
   2.7423596e-01
   2.7599412e-01
   3.5198539e-01
   5.1145214e-01
   7.5154680e-01
   1.0707221e+00
   1.4554076e+00
   1.8087885e+00
   1.9695687e+00
   1.7152029e+00
   9.5396197e-01
  -1.6447312e-01
  -1.4413418e+00
  -2.5001180e+00
  -1.5488594e+00
  -2.6228354e+00
  -1.3824050e+00
  -1.3873901e+00
  -1.2421274e+00
   7.2101837e-01
   5.0678897e-01
  -3.0000171e-01
  -9.3112600e-01
  -1.3639529e+00
  -2.3669093e+00
  -1.4920620e+00
   9.0808481e-01
  -4.0041211e-01
  -4.0443168e+00
  -2.7374463e+00
  -1.4255142e+00
  -2.9721570e-01
  -5.2244139e-01
  -6.8464226e-01
  -1.0438514e-01
   1.2312509e-01
   3.4569144e-02
  -3.9925113e-01
   1.0071447e+00
   1.1419935e+00
  -7.5033915e-01
  -1.1613131e+00
  -7.2807628e-01
  -5.2238411e-01
  -5.3653949e-01
  -5.3770888e-01
  -4.9655223e-01
  -5.1355588e-01
  -6.0012519e-01
  -6.8839389e-01
  -7.0684361e-01
  -6.2970543e-01
  -4.6734428e-01
  -2.5691259e-01
   2.2338893e-02
   3.4642375e-01
   5.9542781e-01
   5.3439277e-01
  -2.9404394e-02
  -8.1604898e-01
  -1.5950179e+00
  -2.9235842e+00
  -2.1759284e+00
  -3.8042283e+00
  -2.1117270e+00
  -2.5422049e+00
  -2.2256129e+00
  -6.2468094e-01
  -3.5769781e-01
  -8.8448864e-01
   1.6108672e-01
  -1.6982148e+00
  -2.8598509e+00
  -1.9989522e+00
  -1.0094722e-01
  -2.2887477e-01
  -2.8912749e+00
  -3.3380628e+00
  -2.2953725e+00
  -1.3980138e+00
  -1.3229834e+00
  -1.2235655e+00
  -5.5280459e-01
   7.1958929e-01
  -4.1208446e-01
  -1.2234536e+00
   2.2910002e-01
   9.4763815e-01
  -7.6853985e-01
  -1.2765709e+00
  -9.3710852e-01
  -8.4517771e-01
  -1.0225918e+00
  -1.1907275e+00
  -1.3057364e+00
  -1.4590968e+00
  -1.6677825e+00
  -1.9183667e+00
  -2.1508806e+00
  -2.3144453e+00
  -2.3823113e+00
  -2.3813336e+00
  -2.2765820e+00
  -2.0001471e+00
  -1.4970624e+00
  -9.0347964e-01
  -7.8699011e-01
  -1.1506343e+00
  -1.4550760e+00
  -1.7926954e+00
  -1.6348082e+00
  -2.7938588e+00
  -2.5913327e+00
  -2.8610606e+00
  -3.2212560e+00
  -1.9347428e+00
  -6.0015023e-01
  -1.1499318e+00
   1.9795319e-01
  -2.5504899e+00
  -4.5084300e+00
  -3.5136671e+00
  -7.5891650e-01
  -3.0418035e-01
  -2.9188962e+00
  -4.0754204e+00
  -3.4858825e+00
  -2.3896580e+00
  -1.7557954e+00
  -1.6600333e+00
  -8.3807540e-01
   3.9323482e-01
  -4.8791280e-01
  -1.0521360e+00
  -1.6253443e-01
   8.7501787e-01
  -7.3094885e-01
  -1.2594815e+00
  -1.0079044e+00
  -9.8116523e-01
  -1.2371934e+00
  -1.4933599e+00
  -1.6589567e+00
  -1.8405827e+00
  -2.0663124e+00
  -2.3882798e+00
  -2.7529370e+00
  -3.0742874e+00
  -3.3193166e+00
  -3.4932842e+00
  -3.5638175e+00
  -3.4555475e+00
  -3.0367479e+00
  -2.0965060e+00
  -1.1331146e+00
  -1.0598426e+00
  -1.2680496e+00
  -1.5994276e+00
  -1.8897692e+00
  -2.5573956e+00
  -2.6927339e+00
  -3.2730617e+00
  -3.9510679e+00
  -3.1808083e+00
  -6.0109077e-01
  -1.7655613e+00
  -1.2721029e+00
  -3.0296952e+00
  -6.2389950e+00
  -5.8311514e+00
  -2.6797530e+00
  -8.1806557e-01
  -3.1235771e+00
  -4.4531691e+00
  -4.1719759e+00
  -2.8135278e+00
  -1.7208503e+00
  -1.8296891e+00
  -1.2860444e+00
   6.1340586e-01
  -1.9090516e-01
  -8.4110757e-01
  -5.0892454e-01
   4.8188076e-01
  -6.8623386e-01
  -1.1087054e+00
  -9.1901995e-01
  -9.4224263e-01
  -1.2135274e+00
  -1.4869966e+00
  -1.6241372e+00
  -1.7325402e+00
  -1.8767584e+00
  -2.1448757e+00
  -2.5211217e+00
  -2.9277428e+00
  -3.3102983e+00
  -3.6444688e+00
  -3.9015617e+00
  -4.0174146e+00
  -3.9073980e+00
  -3.1888453e+00
  -1.5768506e+00
  -5.4201090e-01
  -7.1266875e-01
  -1.1882444e+00
  -1.7946252e+00
  -2.3194465e+00
  -2.6841761e+00
  -3.4079965e+00
  -4.3134513e+00
  -4.4435658e+00
  -7.5884262e-01
  -2.0351410e+00
  -3.6898680e+00
  -2.5051300e+00
  -5.9917080e+00
  -6.6045853e+00
  -4.9212765e+00
  -1.6167512e+00
  -3.2257164e+00
  -4.3375806e+00
  -4.3101935e+00
  -2.7273118e+00
  -9.9798936e-01
  -1.4512010e+00
  -1.4321029e+00
   4.7539106e-02
   2.4198830e-02
  -3.8776335e-01
  -8.3526635e-01
  -1.0885128e-01
  -6.8447328e-01
  -8.9829570e-01
  -7.3451817e-01
  -7.9263228e-01
  -1.0753440e+00
  -1.3455116e+00
  -1.4339747e+00
  -1.4463876e+00
  -1.4509509e+00
  -1.5939255e+00
  -1.8995444e+00
  -2.3375738e+00
  -2.8158684e+00
  -3.2752287e+00
  -3.7050238e+00
  -4.0570426e+00
  -4.2308564e+00
  -3.9282584e+00
  -2.2782652e+00
   4.2417133e-01
   3.3149502e-01
  -6.1483979e-01
  -1.4081101e+00
  -1.9822245e+00
  -2.5260134e+00
  -3.3223050e+00
  -4.3855839e+00
  -5.3844247e+00
  -1.7376255e+00
  -8.5802633e-01
  -4.9644446e+00
  -1.9010494e+00
  -5.0724158e+00
  -5.7332072e+00
  -4.6758800e+00
  -1.5748923e+00
  -2.8567963e+00
  -4.1936564e+00
  -4.6507473e+00
  -2.8712008e+00
   7.0643522e-02
  -5.9437340e-01
  -1.3259597e+00
  -5.7810569e-01
  -2.7744383e-01
   1.2894106e-01
  -1.1081393e+00
  -6.5079236e-01
  -7.5383055e-01
  -7.1540189e-01
  -5.1240265e-01
  -5.7887816e-01
  -8.8778144e-01
  -1.1720870e+00
  -1.2391510e+00
  -1.1942396e+00
  -1.0590315e+00
  -1.0376021e+00
  -1.2208012e+00
  -1.6131188e+00
  -2.1142380e+00
  -2.6254654e+00
  -3.1352482e+00
  -3.6520567e+00
  -4.0840654e+00
  -4.1722846e+00
  -2.7937877e+00
   3.6632028e-01
   1.9449792e+00
   2.4083361e-02
  -9.9433774e-01
  -1.5964903e+00
  -2.2535484e+00
  -3.0969944e+00
  -4.1763587e+00
  -5.5688758e+00
  -3.5923758e+00
   1.1161035e-01
  -3.3129511e+00
  -2.0515552e+00
  -3.0388079e+00
  -3.4956312e+00
  -2.8098607e+00
  -1.3755996e+00
  -2.5868385e+00
  -4.1143842e+00
  -5.2688165e+00
  -3.6079879e+00
   5.8340651e-01
   4.0043336e-01
  -9.0002137e-01
  -1.3298538e+00
   9.6953977e-02
   1.0590578e+00
  -6.7857949e-01
  -8.5787590e-01
  -8.5348381e-01
  -5.8312159e-01
  -2.8802305e-01
  -3.1649970e-01
  -6.4687179e-01
  -9.7970754e-01
  -1.0724147e+00
  -1.0257772e+00
  -8.1720092e-01
  -6.4423166e-01
  -6.8123613e-01
  -9.7308231e-01
  -1.4587985e+00
  -2.0005908e+00
  -2.5571272e+00
  -3.1797377e+00
  -3.8431912e+00
  -4.2191820e+00
  -2.3524301e+00
   1.2929903e+00
   3.6225465e+00
   7.8915444e-01
  -4.5044989e-01
  -1.0417235e+00
  -1.8301807e+00
  -2.7498795e+00
  -3.7756102e+00
  -5.0309814e+00
  -4.8258981e+00
  -3.7682594e-01
  -1.9747181e+00
  -7.3654339e-01
  -1.7224713e+00
  -2.3656580e+00
  -1.9219365e+00
  -1.5203522e+00
  -2.3470406e+00
  -4.0712919e+00
  -5.6650508e+00
  -4.7407006e+00
   2.5119378e+00
   1.7139416e+00
   6.1974756e-02
  -1.1963902e+00
   9.7340816e-01
   8.7314844e-01
  -1.2251641e-01
  -6.4157444e-01
  -8.7995899e-01
  -4.7134361e-01
  -8.2277149e-02
  -5.0811928e-02
  -3.6551619e-01
  -7.5349391e-01
  -9.0683442e-01
  -9.0220118e-01
  -6.8700260e-01
  -4.3592072e-01
  -3.5396481e-01
  -5.4407167e-01
  -9.9860334e-01
  -1.5991890e+00
  -2.2478197e+00
  -2.9770417e+00
  -3.8577356e+00
  -4.4292784e+00
  -1.9888752e+00
   1.1525651e+00
   4.4630976e+00
   1.4693458e+00
   1.6342339e-01
  -2.9664430e-01
  -1.2151257e+00
  -2.2773976e+00
  -3.2558310e+00
  -4.4726849e+00
  -5.6786456e+00
  -1.5221019e+00
   1.5981859e+00
   8.8562399e-01
  -1.0789428e+00
  -1.9077996e+00
  -1.8749064e+00
  -1.7033962e+00
  -2.0051670e+00
  -3.9606538e+00
  -5.6279001e+00
  -6.4699421e+00
   1.1132650e+00
   2.3349943e+00
   5.8792096e-01
   4.0662801e-01
   1.3573911e+00
   8.0788672e-01
   2.2578579e-01
  -3.4151971e-01
  -7.1151018e-01
  -3.1040004e-01
   1.1345726e-01
   1.8532804e-01
  -5.9101820e-02
  -4.8158449e-01
  -7.1973068e-01
  -7.7993715e-01
  -5.8935392e-01
  -3.0206144e-01
  -1.4654636e-01
  -2.6599327e-01
  -6.6686004e-01
  -1.2988665e+00
  -2.0467780e+00
  -2.8970895e+00
  -3.9951591e+00
  -4.7578979e+00
  -7.4101228e-01
   9.4803303e-01
   4.4905028e+00
   1.7564179e+00
   6.5291166e-01
   5.6496477e-01
  -3.5872823e-01
  -1.6077006e+00
  -2.6523154e+00
  -3.6245108e+00
  -4.7872672e+00
  -3.0930037e+00
   1.9170986e+00
   1.8248749e+00
  -5.7732052e-01
  -1.5719635e+00
  -1.9824314e+00
  -2.1095192e+00
  -1.5268605e+00
  -3.5265732e+00
  -4.9785089e+00
  -6.4169679e+00
  -1.0020351e+00
   2.6055613e+00
   7.8078544e-01
   1.6726614e+00
   1.4073293e+00
   6.1194587e-01
   7.0439823e-02
  -2.6764119e-01
  -3.2092792e-01
   3.5409350e-04
   3.6867386e-01
   4.2473033e-01
   2.4762164e-01
  -1.5949771e-01
  -4.7998595e-01
  -6.2224615e-01
  -4.8269549e-01
  -1.6551740e-01
   3.6614046e-02
  -4.4749375e-02
  -4.0173176e-01
  -1.0261565e+00
  -1.8546693e+00
  -2.8360527e+00
  -4.1356187e+00
  -4.7648673e+00
  -2.5481585e-01
   8.1198740e-01
   3.9451506e+00
   1.4003907e+00
   8.1063080e-01
   1.2734665e+00
   5.5312580e-01
  -7.3744631e-01
  -1.9114134e+00
  -2.9669070e+00
  -3.7900853e+00
  -2.6018636e+00
   2.1090510e+00
   2.4263756e+00
  -5.7935931e-02
  -1.2406693e+00
  -1.9178634e+00
  -2.4853470e+00
  -1.1924310e+00
  -3.5677936e+00
  -4.2240057e+00
  -5.6872764e+00
  -2.7197957e-01
   3.2452354e+00
   2.2236211e+00
   2.4093158e+00
   6.8891233e-01
   9.2091568e-02
  -1.1304251e-01
  -9.4939113e-02
   2.5600025e-01
   5.8484304e-01
   7.9123062e-01
   7.7477026e-01
   5.9737545e-01
   2.4805683e-01
  -1.2484501e-01
  -3.5584846e-01
  -3.1503806e-01
  -5.5511775e-03
   2.0952144e-01
   1.7482784e-01
  -1.7221728e-01
  -7.9153550e-01
  -1.6889497e+00
  -2.7972009e+00
  -4.1696587e+00
  -4.0634365e+00
   7.2693527e-01
   5.5966401e-01
   2.8634923e+00
   7.4656993e-01
   8.0320728e-01
   1.4854612e+00
   1.1737211e+00
   1.3366984e-01
  -9.5424038e-01
  -2.0949061e+00
  -2.8837109e+00
  -1.5728414e+00
   1.0773771e+00
   2.1545582e+00
   4.6410933e-01
  -8.7855005e-01
  -1.5125859e+00
  -2.2810314e+00
  -9.7094756e-01
  -3.3115129e+00
  -3.5412824e+00
  -6.4798145e+00
  -9.1960661e-02
  -2.4756917e-01
   1.3881936e+00
   8.0862296e-01
   3.9661671e-02
  -5.3385118e-01
  -3.4629079e-01
  -2.5177081e-01
   5.5762652e-01
   1.0216765e+00
   1.2033495e+00
   1.1607466e+00
   9.6693539e-01
   6.4296488e-01
   2.7341987e-01
  -1.8965637e-02
  -8.3633473e-02
   1.7761930e-01
   3.6100178e-01
   3.5498594e-01
   2.4377595e-02
  -5.9629366e-01
  -1.5555714e+00
  -2.7678580e+00
  -4.1252821e+00
  -3.1320989e+00
   4.8953223e-01
   6.3907550e-01
   1.3481674e+00
   6.5173141e-01
   7.2291182e-01
   1.6386555e+00
   1.3782090e+00
   7.1908890e-01
  -7.5088863e-02
  -1.0967206e+00
  -2.0265807e+00
  -1.2985370e+00
   9.8993415e-01
   2.1496500e+00
   8.7567525e-01
  -4.8079237e-01
  -7.6058142e-01
  -1.7559699e+00
  -1.1293067e+00
  -2.2619926e+00
  -3.2257604e+00
  -4.8328546e+00
  -6.1057905e-01
  -2.8514995e+00
  -1.9636047e+00
  -2.8963249e-03
   1.6600817e-01
  -2.8012690e-01
  -6.6123909e-01
  -3.3779800e-01
   5.2203560e-01
   9.9600345e-01
   1.2904735e+00
   1.3486763e+00
   1.2529607e+00
   9.7472858e-01
   6.4729267e-01
   3.5059467e-01
   2.0915322e-01
   3.7840167e-01
   5.1321530e-01
   5.0376350e-01
   2.1479300e-01
  -3.9205608e-01
  -1.3982432e+00
  -2.7459981e+00
  -4.0041709e+00
  -1.7900921e+00
   5.6192070e-01
   8.6187547e-01
   5.7406390e-01
   1.1214080e-01
   1.0150616e-01
   9.8780113e-01
   1.2833829e+00
   9.5471835e-01
   6.7692906e-01
  -8.5202456e-02
  -1.1744848e+00
  -1.5040785e+00
   4.8568338e-01
   1.5436769e+00
   1.4442207e+00
   7.0936151e-02
   5.5592516e-03
  -5.6321412e-01
  -4.1933179e-01
  -1.4827633e+00
  -2.5850046e+00
  -2.3705959e+00
  -1.5107510e+00
  -1.4815410e+00
  -3.5442793e-01
   3.0767247e-03
   1.1260100e-02
   1.3540104e-01
  -3.8847226e-01
  -1.1363971e+00
   2.3292781e-01
   4.4134641e-01
   8.7284398e-01
   1.1488400e+00
   1.2775179e+00
   1.1591493e+00
   9.0223712e-01
   6.7086637e-01
   4.9691474e-01
   5.8221477e-01
   6.6811496e-01
   6.2286550e-01
   3.6833340e-01
  -2.0508087e-01
  -1.2148284e+00
  -2.7062666e+00
  -3.7088130e+00
  -3.7771350e-01
   6.1035758e-01
   7.9989380e-01
   4.1004506e-01
  -1.7737617e-01
   1.0292494e-01
   7.7855997e-03
   3.9276007e-01
   6.8019438e-01
   9.5006770e-01
   7.3940206e-01
  -4.1642076e-01
  -1.2788519e+00
   3.8111684e-01
   6.2958485e-01
   1.5339481e+00
   2.0713341e-01
   1.6260216e-01
   2.1036118e-02
  -3.0917960e-01
  -1.1315905e+00
  -1.8487809e+00
  -8.0934185e-01
  -4.8381236e-01
  -1.7340262e+00
  -4.3875065e-01
   7.6558584e-01
  -2.7635702e-01
   7.5330503e-02
   2.8458327e-01
  -1.1284442e+00
  -8.3103460e-01
  -5.4448891e-01
  -4.4663619e-02
   5.5757636e-01
   9.9917239e-01
   1.1614084e+00
   1.0416293e+00
   8.8878757e-01
   7.0890236e-01
   7.2950590e-01
   7.9442883e-01
   7.1825743e-01
   4.6559185e-01
  -6.8087183e-02
  -1.0147097e+00
  -2.5471568e+00
  -3.0170443e+00
   1.4458355e-01
   6.2040919e-01
   4.1432154e-01
   3.9464921e-02
  -3.7897763e-01
  -2.7574477e-01
   2.4412636e-01
   9.0613991e-02
   2.2246012e-01
   5.6450361e-01
   1.0523545e+00
   6.5717906e-02
  -3.9559588e-01
   6.9334310e-01
   4.2294937e-01
   4.0034592e-01
   4.5659965e-01
   2.0870304e-01
   2.8541995e-02
  -5.2034885e-01
  -9.5337337e-01
  -4.0863431e-01
   7.9662964e-02
  -3.8227532e-02
  -4.3284899e-01
  -5.9788909e-02
  -8.1400949e-01
  -1.0261738e+00
   4.8989066e-01
   4.5575961e-01
   7.8766379e-01
  -1.7257473e+00
  -1.6866992e+00
  -1.0388793e+00
  -1.4445751e-01
   5.4251695e-01
   9.8322934e-01
   1.0725650e+00
   9.7446102e-01
   8.4492705e-01
   7.8206882e-01
   8.0108211e-01
   7.4033788e-01
   5.2318478e-01
   8.1172051e-02
  -7.2700938e-01
  -2.0363069e+00
  -2.3245056e+00
   6.6342973e-02
   4.2727255e-01
   6.2611850e-01
  -1.6239784e-01
  -4.0370761e-01
  -6.3695617e-01
  -3.2721589e-01
   1.2498186e-01
   3.0950699e-01
   3.1031150e-01
   6.1269797e-01
   5.9952403e-01
   4.5321854e-01
   4.9402273e-01
   2.9572052e-01
   1.1631043e-01
   2.6077605e-02
   1.2161297e-01
   2.5760585e-01
  -3.4806396e-01
  -3.5231365e-01
   5.5998176e-02
   4.5128896e-01
   2.5062454e-01
  -1.8665073e-01
   4.0039779e-02
  -8.8414888e-01
   7.9817638e-02
   4.4015318e-01
   2.3526326e-01
   9.2096096e-01
  -7.7355129e-01
  -2.3124890e+00
  -1.3572236e+00
  -5.6764948e-01
   2.1180311e-01
   8.0194312e-01
   9.6341777e-01
   8.9728707e-01
   8.4551191e-01
   7.2642595e-01
   6.9955808e-01
   6.7647117e-01
   5.2180189e-01
   2.0225805e-01
  -4.0342540e-01
  -1.3814236e+00
  -1.4732726e+00
   5.7284361e-01
   7.3504835e-02
   2.7895880e-01
  -2.2003700e-01
  -4.5990339e-01
  -5.6669950e-01
  -5.5817968e-01
  -3.4541780e-01
   4.3681212e-02
  -4.3398279e-01
  -2.3404649e-01
   9.8718387e-01
   1.3573204e+00
   5.8605158e-01
  -1.0281080e-01
  -2.5577012e-02
  -1.3961801e-02
  -8.7820582e-02
  -2.5697118e-03
  -3.0914344e-02
  -5.1155247e-02
  -1.5595698e-01
   2.2454616e-01
  -9.5325612e-02
   3.4694132e-01
   1.3544449e-01
   2.7638867e-01
   4.6906960e-01
   3.4277189e-01
  -1.6669296e-02
   7.9856771e-01
   2.2818345e-01
  -1.7776227e+00
  -1.2305415e+00
  -1.6833920e+00
  -2.1388029e-01
   4.2579520e-01
   6.1129618e-01
   6.8086803e-01
   6.0812545e-01
   4.4121259e-01
   4.1056991e-01
   4.3672889e-01
   3.9130124e-01
   3.4883162e-01
  -3.2026902e-02
  -7.6979691e-01
  -8.4507608e-01
   5.5449355e-01
  -2.7498975e-04
  -2.9524860e-01
  -3.7408775e-01
  -6.0337049e-01
  -6.1542034e-01
  -5.4228580e-01
  -3.5269499e-01
  -1.2609473e-01
  -4.5655754e-01
  -6.9091696e-01
  -1.4938752e-01
   1.2332635e+00
   9.0314364e-01
   2.3040907e-01
   7.0180684e-02
  -5.1058322e-02
  -4.4750360e-01
  -5.6973600e-01
  -2.9527438e-01
   1.8285079e-01
  -8.1997758e-01
  -4.4222772e-01
  -3.4476995e-01
   9.0032823e-02
   3.6392355e-01
  -4.4606292e-01
  -7.2377312e-01
   3.0425239e-01
   3.4600463e-02
   2.9910144e-01
  -3.1596377e-01
  -3.8667524e-01
  -1.6535007e+00
  -2.7836003e+00
  -7.4970609e-01
  -1.7031017e-01
   1.2867393e-01
   1.1737167e-01
   1.6322659e-01
  -1.1875561e-02
  -8.1745870e-02
   3.7063684e-02
   2.1177576e-01
   3.7793985e-01
   3.1153682e-01
  -1.4229624e-01
   3.2551757e-01
   1.0199106e+00
   1.4073458e-03
  -3.5543096e-01
  -4.8734397e-01
  -6.5966821e-01
  -8.0327100e-01
  -6.0302818e-01
  -3.2852045e-01
  -2.1086267e-01
  -3.6873257e-01
   3.8697550e-01
  -4.8971298e-01
  -4.0161115e-01
  -1.8705252e-01
   3.7544996e-01
   4.1893071e-01
   1.7753519e-02
  -4.3977720e-01
  -8.1321257e-01
  -5.7764333e-01
  -3.6909139e-01
  -8.6585116e-01
  -8.3247608e-01
  -4.3855917e-01
  -2.7441612e-01
   1.9950730e-01
  -3.4064259e-02
   3.9755687e-02
   3.1648198e-01
   5.4901087e-01
   4.7631401e-01
  -8.3070153e-01
   2.8624338e-01
  -9.6732080e-02
  -2.8097470e+00
  -1.3907988e+00
  -7.6927823e-01
  -6.6937649e-01
  -7.0229042e-01
  -7.8579122e-01
  -7.5537831e-01
  -8.0715168e-01
  -5.4068327e-01
  -3.4902878e-02
   3.2925245e-01
   4.0348420e-01
   8.5223055e-01
   1.1954186e+00
  -2.8504866e-01
  -2.4038310e-01
  -2.1188931e-01
  -4.4511190e-01
  -7.4405932e-01
  -9.3451071e-01
  -8.7741834e-01
  -5.2527475e-01
  -1.1103413e-01
  -4.3856999e-01
   5.1880050e-01
   8.5877085e-01
   2.7514023e-01
  -4.5712969e-01
  -1.1337682e+00
   1.3916223e-01
   5.3348976e-01
  -1.3847627e-01
  -6.3726914e-01
  -4.0863553e-01
  -4.7491950e-01
  -1.2277621e+00
  -1.3153952e+00
  -5.3218029e-02
   2.0719010e-01
   7.4430540e-02
   4.1026965e-01
  -4.4947147e-01
  -2.7543572e-01
   2.9543412e-01
   4.4639996e-01
   5.5411518e-01
   1.0666462e+00
   4.1802031e-01
  -1.5710349e+00
  -1.8642660e+00
  -1.1233568e+00
  -1.3234525e+00
  -1.8604436e+00
  -2.2677553e+00
  -1.5704730e+00
  -4.4451708e-01
  -1.3281070e+00
  -3.5942657e+00
  -3.3908246e+00
  -1.6165982e+00
   7.9086971e-01
   2.1089218e+00
   2.0120229e-01
  -1.6872902e-01
  -8.8335671e-02
  -3.4179810e-01
  -6.8875021e-01
  -8.5083008e-01
  -9.6761346e-01
  -7.2093046e-01
  -5.5980498e-01
  -7.6316321e-01
  -1.5477465e-01
   5.0310570e-01
   2.4023721e-02
  -4.1599926e-01
  -8.7770551e-01
  -9.4754422e-01
  -8.4638494e-01
  -1.0832167e+00
  -5.6276339e-01
  -4.6711919e-01
  -1.1842250e+00
  -1.6222339e+00
  -1.0617658e+00
  -2.5583959e-01
   4.0673327e-01
   1.1672374e+00
   5.5680579e-01
   2.1200871e-01
   6.9800653e-02
  -1.6953602e-01
  -4.2538327e-01
  -4.1310945e-01
  -7.5743228e-02
   2.6572448e-01
   3.5416210e-01
   2.8139812e-01
   2.6672482e-01
  -1.5350556e-01
  -3.7369415e-01
  -5.1084065e-01
  -3.6459199e-01
   3.5495856e-01
   1.8613331e+00
   2.0828664e+00
   1.7737225e+00
   2.5397687e+00
   2.7998092e+00
   1.1861205e+00
   2.4638455e-01
   3.5257652e-02
  -1.6975565e-01
  -5.3113383e-01
  -7.7628917e-01
  -5.6549019e-01
  -1.5219797e-01
  -2.0355412e-01
  -8.0536634e-01
  -8.6821067e-01
  -3.7993267e-01
   3.4293869e-01
   1.4523174e-01
  -5.2394152e-01
  -5.1642966e-01
  -3.0025807e-01
  -3.4478897e-01
  -5.6113017e-01
  -8.9385068e-01
  -1.1634030e+00
  -1.4054480e+00
  -8.6489290e-01
  -4.4711024e-01
  -5.7900763e-01
  -7.2815573e-01
  -4.1233823e-01
   1.1598781e-01
