   0.0000000e+00
   0.0000000e+00
   0.0000000e+00
   0.0000000e+00
   0.0000000e+00
   0.0000000e+00
   0.0000000e+00
   0.0000000e+00
   0.0000000e+00
   0.0000000e+00
   4.8810632e-02
   3.4689166e-02
   2.2413966e-02
   2.5597189e-02
   1.7514047e-02
   0.0000000e+00
   0.0000000e+00
   0.0000000e+00
   0.0000000e+00
   0.0000000e+00
   0.0000000e+00
   0.0000000e+00
   0.0000000e+00
   0.0000000e+00
   0.0000000e+00
   0.0000000e+00
   0.0000000e+00
   0.0000000e+00
  -0.0000000e+00
   0.0000000e+00
   0.0000000e+00
   0.0000000e+00
   0.0000000e+00
   0.0000000e+00
   0.0000000e+00
   0.0000000e+00
   0.0000000e+00
   0.0000000e+00
   0.0000000e+00
   0.0000000e+00
   0.0000000e+00
   0.0000000e+00
   0.0000000e+00
   0.0000000e+00
   0.0000000e+00
   0.0000000e+00
   0.0000000e+00
   0.0000000e+00
   0.0000000e+00
   0.0000000e+00
   0.0000000e+00
   0.0000000e+00
   0.0000000e+00
   0.0000000e+00
   0.0000000e+00
   0.0000000e+00
   0.0000000e+00
   3.7897171e-02
   3.6262024e-02
   2.4098288e-02
   2.4063259e-02
   2.5858106e-02
   2.2493074e-02
   1.6601441e-02
   1.4858810e-02
   9.4161668e-03
   2.7532601e-03
   2.4645463e-03
  -4.3302462e-04
  -6.6386253e-03
  -1.2216443e-02
  -2.2143559e-02
   0.0000000e+00
   0.0000000e+00
   0.0000000e+00
   0.0000000e+00
   6.9333957e-03
   1.1403057e-02
   1.1795048e-02
   1.2191282e-02
   1.3615529e-02
   0.0000000e+00
   1.0361879e-02
   1.2428243e-02
   1.4074566e-02
   2.2473887e-02
   0.0000000e+00
   0.0000000e+00
   0.0000000e+00
   0.0000000e+00
   0.0000000e+00
   0.0000000e+00
   0.0000000e+00
  -0.0000000e+00
  -0.0000000e+00
   0.0000000e+00
   0.0000000e+00
  -0.0000000e+00
  -0.0000000e+00
   0.0000000e+00
   0.0000000e+00
   0.0000000e+00
   0.0000000e+00
   0.0000000e+00
   3.0284145e-02
   2.0423401e-02
   1.8240165e-02
   6.3661132e-03
   0.0000000e+00
   1.9176593e-02
   1.5789595e-02
   1.2979554e-02
   9.4728172e-03
   9.6226474e-03
   5.3667584e-03
   3.6177346e-03
  -1.1270273e-03
  -7.1139759e-03
  -1.4127927e-02
  -1.9748593e-02
  -2.1454002e-02
   0.0000000e+00
  -0.0000000e+00
  -6.5110628e-03
   1.9147905e-03
   9.8568043e-03
   1.7204925e-02
   2.0554326e-02
   1.7404381e-02
   1.6199440e-02
   9.9859545e-03
   7.9354802e-03
   5.3248229e-03
   1.1545469e-02
   1.4421266e-02
   1.3418136e-02
   1.5543877e-02
   1.7456370e-02
   1.6585980e-02
   1.0577352e-02
   1.8763737e-03
  -6.5682987e-03
  -1.2673299e-02
  -4.6400801e-03
   0.0000000e+00
   0.0000000e+00
   0.0000000e+00
   0.0000000e+00
   0.0000000e+00
   0.0000000e+00
   0.0000000e+00
   0.0000000e+00
   2.4618560e-02
   1.6632566e-02
   9.5082214e-03
  -2.7131857e-03
  -1.4054131e-02
   0.0000000e+00
   5.2846251e-03
   2.3860913e-03
   1.5947819e-03
   2.4788766e-03
   9.4807573e-04
  -1.7699297e-03
  -6.2183118e-03
  -9.2746606e-03
  -1.5030673e-02
  -2.0078449e-02
  -2.5875362e-02
  -3.5753559e-02
  -0.0000000e+00
  -2.6425320e-03
  -1.0892281e-03
   4.9821674e-03
   1.1661567e-02
   1.4433428e-02
   1.1042729e-02
   4.5910841e-03
  -3.4582026e-03
  -1.0204285e-02
  -1.2667111e-02
  -8.6374711e-03
  -2.4238243e-03
   2.8478522e-03
   8.2763247e-03
   1.1239835e-02
   9.6440762e-03
   4.8565781e-03
   1.5189942e-03
  -1.6750467e-03
  -1.1652666e-02
  -2.2177118e-02
   0.0000000e+00
   0.0000000e+00
   0.0000000e+00
   0.0000000e+00
   0.0000000e+00
   0.0000000e+00
   0.0000000e+00
   0.0000000e+00
   2.1243928e-02
   9.4874520e-03
   1.2818520e-03
  -6.6690729e-03
  -1.4421393e-02
  -5.6992925e-03
  -6.8830671e-03
  -7.0261019e-03
  -5.7743266e-03
  -5.8912449e-03
  -5.8178511e-03
  -7.7707353e-03
  -1.1402437e-02
  -1.2440057e-02
  -1.7018212e-02
  -2.4647824e-02
  -2.8974582e-02
  -5.4355813e-02
   0.0000000e+00
  -1.0874093e-03
  -1.8575400e-03
   1.1382552e-03
   7.1368660e-03
   8.0964100e-03
   4.3491349e-03
  -4.9674250e-03
  -1.4850470e-02
  -2.0955684e-02
  -2.1475632e-02
  -1.5936671e-02
  -8.3307056e-03
  -3.5076444e-03
   1.5943488e-03
   4.4575552e-03
   4.3207705e-03
   1.1258087e-03
  -5.4557528e-04
  -3.8993685e-03
  -1.5241969e-02
  -2.5390759e-02
   0.0000000e+00
   0.0000000e+00
   0.0000000e+00
   0.0000000e+00
   0.0000000e+00
   0.0000000e+00
   0.0000000e+00
   0.0000000e+00
   9.8536902e-03
   4.6443498e-05
  -6.4277629e-03
  -1.2538999e-02
  -1.6743792e-02
  -1.6121613e-02
  -1.4828581e-02
  -1.4124867e-02
  -1.3140054e-02
  -1.2826252e-02
  -1.3088612e-02
  -1.4319069e-02
  -1.5155025e-02
  -1.5975315e-02
  -1.9713955e-02
  -2.3683508e-02
  -2.5118641e-02
  -4.7103365e-02
   0.0000000e+00
   0.0000000e+00
  -4.6249766e-03
  -1.7452591e-03
   1.0332717e-03
   1.5229865e-04
  -3.3195584e-03
  -1.2225372e-02
  -2.0956200e-02
  -2.2702713e-02
  -1.7707985e-02
  -8.1718276e-03
   6.1671234e-04
   7.1810462e-04
   1.7416786e-04
  -4.9896317e-04
  -2.4433828e-03
  -4.0281019e-03
  -3.9038195e-03
  -8.7530130e-03
  -1.6474556e-02
  -1.6979034e-02
  -6.6423094e-03
   0.0000000e+00
   0.0000000e+00
   0.0000000e+00
   0.0000000e+00
   0.0000000e+00
   0.0000000e+00
   0.0000000e+00
   1.3276630e-03
  -5.4230019e-03
  -1.0638104e-02
  -1.5835665e-02
  -1.9269733e-02
  -1.9154431e-02
  -1.8027227e-02
  -1.7579328e-02
  -1.6921919e-02
  -1.6457820e-02
  -1.7070916e-02
  -1.7067466e-02
  -1.7244412e-02
  -1.8005962e-02
  -2.0045428e-02
  -2.0295627e-02
  -1.6980911e-02
  -2.6697872e-02
   0.0000000e+00
   0.0000000e+00
  -5.1512697e-03
  -5.0350153e-03
  -5.3337784e-03
  -7.4194390e-03
  -1.0228525e-02
  -1.5959542e-02
  -2.1305278e-02
  -1.9222641e-02
  -8.5134245e-03
   6.5665729e-03
   9.7268559e-03
   2.4042507e-03
  -7.8543910e-04
  -1.7188562e-03
  -3.5710745e-03
  -5.0663934e-03
  -5.9425025e-03
  -1.0645438e-02
  -1.5766501e-02
  -1.1714591e-02
   6.0915306e-03
   1.9879219e-02
   0.0000000e+00
   0.0000000e+00
   0.0000000e+00
   0.0000000e+00
   0.0000000e+00
  -0.0000000e+00
  -7.1246764e-03
  -8.3286492e-03
  -1.2722882e-02
  -1.6785761e-02
  -1.8853795e-02
  -1.9758027e-02
  -1.9120935e-02
  -1.8313635e-02
  -1.7453924e-02
  -1.6964104e-02
  -1.7560573e-02
  -1.7516265e-02
  -1.7120870e-02
  -1.6764497e-02
  -1.7144287e-02
  -1.5026491e-02
  -7.8294454e-03
   4.7740690e-03
   7.8149551e-03
   0.0000000e+00
  -4.2556905e-03
  -9.2629772e-03
  -1.2886834e-02
  -1.5270265e-02
  -1.6219230e-02
  -1.2877228e-02
  -7.1637261e-03
  -1.8274533e-02
  -0.0000000e+00
   1.6269844e-02
   7.9551646e-03
  -2.1260844e-03
  -7.2776717e-03
  -5.7949265e-03
  -4.4158217e-03
  -5.4053999e-03
  -7.2892550e-03
  -1.0694313e-02
  -1.2246381e-02
  -5.8821216e-03
   1.4085120e-02
   2.4742858e-02
   0.0000000e+00
   0.0000000e+00
   0.0000000e+00
   0.0000000e+00
  -0.0000000e+00
  -1.5956973e-02
  -1.4108900e-02
  -1.5178959e-02
  -1.7519379e-02
  -1.9446502e-02
  -2.0045849e-02
  -1.9640213e-02
  -1.8286899e-02
  -1.6935926e-02
  -1.5991570e-02
  -1.5177942e-02
  -1.4828249e-02
  -1.4449760e-02
  -1.3764241e-02
  -1.3722044e-02
  -1.3457384e-02
  -1.0135704e-02
  -1.8890583e-04
   1.6009495e-02
   1.2722844e-02
   0.0000000e+00
   0.0000000e+00
  -1.4795031e-02
  -1.9967671e-02
  -2.1549303e-02
  -1.8270312e-02
  -3.7151251e-03
   9.5548706e-03
   0.0000000e+00
   0.0000000e+00
   0.0000000e+00
   9.4498502e-04
  -5.2340562e-03
  -1.0513034e-02
  -6.0809948e-03
  -4.1014007e-03
  -6.5513467e-03
  -8.8584293e-03
  -9.6876882e-03
  -8.1378622e-03
  -1.1315490e-03
   1.6073113e-02
   2.5519366e-02
   1.7195823e-02
   0.0000000e+00
  -2.0291560e-02
  -4.3171855e-03
  -7.4714692e-03
  -1.1419608e-02
  -1.4132088e-02
  -1.6978187e-02
  -1.9155920e-02
  -1.9423675e-02
  -1.8550314e-02
  -1.6858513e-02
  -1.5423281e-02
  -1.3955083e-02
  -1.2730529e-02
  -1.1356203e-02
  -1.0262454e-02
  -9.9422373e-03
  -9.7663086e-03
  -1.0414376e-02
  -9.5259137e-03
  -5.1936153e-03
   6.4834468e-03
   2.8528709e-02
   3.1750140e-02
   0.0000000e+00
   0.0000000e+00
  -2.0058459e-02
  -2.7460944e-02
  -2.8962642e-02
  -1.7975522e-02
   8.9764539e-03
   3.2421075e-02
   0.0000000e+00
   0.0000000e+00
  -0.0000000e+00
  -1.0676735e-02
  -1.0978366e-02
  -8.7565525e-03
  -1.4660496e-03
  -3.3657011e-03
  -8.3042299e-03
  -8.9125149e-03
  -6.6114482e-03
  -2.8063508e-03
   3.9462759e-03
   1.6897633e-02
   2.3630103e-02
   1.9155587e-02
   6.1820894e-03
  -3.1274277e-03
   3.3862608e-03
   4.6241624e-05
  -5.9956879e-03
  -1.0674068e-02
  -1.3778274e-02
  -1.5139178e-02
  -1.4374127e-02
  -1.3388223e-02
  -1.1731033e-02
  -1.0400450e-02
  -8.6439741e-03
  -7.5635891e-03
  -5.9897861e-03
  -5.1516628e-03
  -5.3940568e-03
  -6.3695408e-03
  -7.2920527e-03
  -5.6708174e-03
  -2.7204941e-04
   1.2834376e-02
   4.1101425e-02
   5.1860660e-02
   0.0000000e+00
   0.0000000e+00
  -0.0000000e+00
  -3.4651531e-02
  -3.8248135e-02
  -1.5571899e-02
   2.3519882e-02
   5.3318636e-02
   0.0000000e+00
   0.0000000e+00
  -0.0000000e+00
  -2.9003576e-02
  -3.9505052e-02
  -7.0246418e-04
   5.2276494e-03
  -6.9851935e-03
  -1.2117942e-02
  -7.7614444e-03
  -1.8370071e-03
   3.3252902e-03
   8.7714666e-03
   1.8543422e-02
   2.2481225e-02
   2.0806126e-02
   1.3906820e-02
   1.0010895e-02
   1.1757369e-02
   5.1885373e-03
  -8.7097473e-04
  -4.1562817e-03
  -6.7350911e-03
  -7.6258336e-03
  -7.3417383e-03
  -6.9693057e-03
  -5.5169691e-03
  -4.2218165e-03
  -2.9971050e-03
  -2.0210578e-03
  -5.6385319e-04
  -5.3263869e-04
  -1.8410849e-03
  -3.8727948e-03
  -4.5570079e-03
  -1.9507232e-03
   4.5199459e-03
   1.8805506e-02
   5.0666843e-02
   6.5104760e-02
   0.0000000e+00
   0.0000000e+00
  -0.0000000e+00
  -4.1537909e-02
  -4.9471691e-02
  -1.0772537e-02
   3.5047822e-02
   5.6856319e-02
   0.0000000e+00
   0.0000000e+00
   0.0000000e+00
  -4.6245090e-02
  -5.6730938e-02
   1.2901519e-02
   1.5286073e-02
  -1.3014367e-02
  -1.5533488e-02
  -4.5634387e-03
   4.0763831e-03
   9.4395559e-03
   1.3390553e-02
   2.2234395e-02
   2.4596145e-02
   2.3896970e-02
   2.0688307e-02
   1.9069817e-02
   1.5652884e-02
   9.0572108e-03
   6.0496582e-03
   3.6448175e-03
   4.1758519e-04
  -1.1161600e-03
  -1.4299630e-03
  -1.0565486e-03
   3.0085823e-04
   1.2602403e-03
   2.1557566e-03
   3.8086020e-03
   4.6823481e-03
   3.1180643e-03
   3.5453902e-04
  -1.8341999e-03
  -1.4569064e-03
   2.0936136e-03
   1.0026949e-02
   2.5778662e-02
   5.2405760e-02
   4.4650978e-02
   0.0000000e+00
   0.0000000e+00
   0.0000000e+00
  -0.0000000e+00
  -5.8081511e-02
  -3.7364159e-03
   4.7240302e-02
   6.8555120e-02
   0.0000000e+00
   0.0000000e+00
   0.0000000e+00
  -0.0000000e+00
  -4.8569670e-02
   3.1576612e-02
   3.6422944e-02
  -2.7313808e-02
  -1.6271798e-02
   1.3607902e-04
   1.0677601e-02
   1.5677264e-02
   1.8587815e-02
   2.5999848e-02
   2.8328087e-02
   2.8231606e-02
   2.5389932e-02
   2.3214195e-02
   1.8404553e-02
   1.3923772e-02
   1.1509298e-02
   8.1254225e-03
   4.1482383e-03
   2.3647393e-03
   2.3143205e-03
   3.1251204e-03
   4.4249548e-03
   5.4249577e-03
   6.3725691e-03
   7.8114551e-03
   7.3803863e-03
   4.2504962e-03
   7.8465173e-04
  -1.8851887e-04
   1.4521265e-03
   6.2096096e-03
   1.5899198e-02
   3.2939758e-02
   5.5182576e-02
   4.1855924e-02
   0.0000000e+00
   0.0000000e+00
   0.0000000e+00
   0.0000000e+00
  -5.1783319e-02
   5.1916703e-03
   5.6221321e-02
   6.8806780e-02
   0.0000000e+00
   0.0000000e+00
   0.0000000e+00
  -0.0000000e+00
  -7.9685971e-03
   3.4923341e-02
   3.2599693e-02
  -3.1470992e-02
  -1.6303598e-02
   2.7932962e-03
   1.5320704e-02
   1.9992562e-02
   2.2588268e-02
   2.9256508e-02
   3.2373812e-02
   3.2921217e-02
   3.0272817e-02
   2.7659424e-02
   2.2777777e-02
   1.8187450e-02
   1.4812965e-02
   1.0321434e-02
   5.9490395e-03
   4.6744710e-03
   5.2189673e-03
   6.0953484e-03
   7.2626602e-03
   8.1289876e-03
   8.6264536e-03
   8.8063283e-03
   6.7477939e-03
   2.9448776e-03
   3.3326671e-04
   1.2221824e-03
   4.3731229e-03
   1.0894322e-02
   2.2358697e-02
   4.0765792e-02
   6.1997030e-02
   3.4589622e-02
   0.0000000e+00
   0.0000000e+00
   0.0000000e+00
   0.0000000e+00
  -3.8540369e-02
   1.4224846e-02
   5.7394456e-02
   5.5999929e-02
   0.0000000e+00
   0.0000000e+00
   0.0000000e+00
  -0.0000000e+00
   1.0441490e-03
   3.1684671e-02
   2.2699686e-02
   0.0000000e+00
  -1.5648569e-02
   3.5963571e-03
   1.8082976e-02
   2.2467053e-02
   2.5375811e-02
   3.1945962e-02
   3.5992812e-02
   3.6877579e-02
   3.4314856e-02
   3.1249996e-02
   2.5961258e-02
   2.0183470e-02
   1.5792539e-02
   1.0661919e-02
   6.7619003e-03
   6.3508583e-03
   7.0340746e-03
   7.3320112e-03
   8.1816157e-03
   8.2784155e-03
   7.4897302e-03
   6.0207366e-03
   3.0589962e-03
  -4.4666807e-05
  -5.4532231e-04
   2.4728237e-03
   7.5933496e-03
   1.6142374e-02
   2.9575894e-02
   5.0581926e-02
   7.2975098e-02
   7.2519324e-02
   0.0000000e+00
   0.0000000e+00
   0.0000000e+00
   0.0000000e+00
  -2.2517958e-02
   2.0836595e-02
   5.3128549e-02
   4.6302572e-02
   0.0000000e+00
   0.0000000e+00
   0.0000000e+00
  -0.0000000e+00
   6.5523513e-03
   2.6585283e-02
   1.4015313e-02
   0.0000000e+00
  -0.0000000e+00
   4.2871313e-03
   2.0120086e-02
   2.3897896e-02
   2.7339973e-02
   3.3283681e-02
   3.7455458e-02
   3.8129248e-02
   3.5930164e-02
   3.2741837e-02
   2.6070021e-02
   1.9051103e-02
   1.4332966e-02
   9.4658742e-03
   6.5475521e-03
   6.6553354e-03
   6.6938885e-03
   6.5090307e-03
   6.4530568e-03
   5.0486019e-03
   2.9873953e-03
   6.3820498e-04
  -1.8492879e-03
  -2.8003464e-03
  -4.4733734e-04
   4.7083017e-03
   1.1843280e-02
   2.2205560e-02
   3.7292603e-02
   6.0794514e-02
   6.9361702e-02
   5.3080239e-02
   0.0000000e+00
   0.0000000e+00
   0.0000000e+00
   0.0000000e+00
  -1.0411660e-02
   2.5609812e-02
   4.8034336e-02
   3.8220189e-02
   0.0000000e+00
   0.0000000e+00
   0.0000000e+00
  -0.0000000e+00
   8.9390397e-03
   2.1197012e-02
   8.4285622e-03
   0.0000000e+00
   0.0000000e+00
   8.0776508e-03
   2.1776610e-02
   2.4544582e-02
   2.8213415e-02
   3.2382160e-02
   3.6018766e-02
   3.6417753e-02
   3.4722272e-02
   3.0804303e-02
   2.2013638e-02
   1.4391537e-02
   1.0206033e-02
   6.3064387e-03
   4.5464039e-03
   4.7105909e-03
   4.2458558e-03
   3.6979662e-03
   2.4085017e-03
  -1.3673522e-04
  -2.4800953e-03
  -4.2880913e-03
  -4.7928048e-03
  -2.8165842e-03
   1.9638925e-03
   8.5707195e-03
   1.6825609e-02
   2.7847733e-02
   4.2532928e-02
   6.4664602e-02
   7.6596411e-02
   0.0000000e+00
   0.0000000e+00
   0.0000000e+00
   0.0000000e+00
   0.0000000e+00
   0.0000000e+00
   2.9940167e-02
   4.3258041e-02
   3.1613423e-02
   0.0000000e+00
   0.0000000e+00
   0.0000000e+00
   0.0000000e+00
   1.0844640e-02
   1.5463406e-02
   6.6379984e-03
   0.0000000e+00
   0.0000000e+00
   0.0000000e+00
   2.4114640e-02
   2.4474852e-02
   2.7735872e-02
   2.9930137e-02
   3.2796938e-02
   3.2255121e-02
   2.9996574e-02
   2.4169942e-02
   1.3855765e-02
   7.1055959e-03
   4.2485776e-03
   1.4337574e-03
   5.6831160e-04
   8.9078507e-04
   4.7674825e-04
  -4.2120874e-04
  -2.1904763e-03
  -4.2695906e-03
  -5.3141760e-03
  -5.2288906e-03
  -3.3181419e-03
   7.5773755e-04
   6.6775703e-03
   1.3528997e-02
   2.1464173e-02
   3.1065272e-02
   4.2573228e-02
   5.6311574e-02
   5.3913037e-02
   0.0000000e+00
   0.0000000e+00
   0.0000000e+00
   0.0000000e+00
   0.0000000e+00
   0.0000000e+00
   3.3854075e-02
   3.7588917e-02
   2.5278179e-02
   0.0000000e+00
   0.0000000e+00
   0.0000000e+00
   0.0000000e+00
   1.0407570e-02
   8.2448572e-03
   4.5432910e-03
   0.0000000e+00
   0.0000000e+00
   0.0000000e+00
   2.4709780e-02
   2.3834324e-02
   2.6262321e-02
   2.6527591e-02
   2.8375158e-02
   2.5851404e-02
   2.2383293e-02
   1.4853830e-02
   4.8781734e-03
   2.4601926e-04
  -1.3620479e-03
  -3.5494377e-03
  -4.0387244e-03
  -3.8141611e-03
  -4.2407217e-03
  -4.9766771e-03
  -5.7427421e-03
  -5.9099098e-03
  -4.8744155e-03
  -2.6233726e-03
   1.1075732e-03
   6.2958933e-03
   1.2368639e-02
   1.8649430e-02
   2.5032937e-02
   3.1382425e-02
   3.7409379e-02
   4.0097630e-02
   3.0435734e-02
   0.0000000e+00
   0.0000000e+00
   0.0000000e+00
   0.0000000e+00
   0.0000000e+00
   0.0000000e+00
   3.5501274e-02
   3.0988624e-02
   1.9884106e-02
   0.0000000e+00
   0.0000000e+00
   0.0000000e+00
   0.0000000e+00
   0.0000000e+00
  -1.7193497e-03
   1.5915301e-04
   0.0000000e+00
   0.0000000e+00
   2.7323783e-02
   2.6631489e-02
   2.3335916e-02
   2.4281714e-02
   2.2713918e-02
   2.3803437e-02
   1.8220949e-02
   1.5005284e-02
   7.3106205e-03
  -1.0025639e-03
  -4.0716336e-03
  -5.5061610e-03
  -7.8350822e-03
  -8.8540405e-03
  -9.4489684e-03
  -1.0200997e-02
  -1.0525347e-02
  -9.7838329e-03
  -7.8745573e-03
  -4.6758510e-03
  -4.5363355e-04
   4.5307323e-03
   1.0049333e-02
   1.5904126e-02
   2.1390670e-02
   2.5839314e-02
   2.8809614e-02
   2.9525241e-02
   2.4583911e-02
   1.3332436e-02
   0.0000000e+00
   0.0000000e+00
   0.0000000e+00
   0.0000000e+00
   0.0000000e+00
   0.0000000e+00
   3.4004552e-02
   2.4679511e-02
   1.4698389e-02
   0.0000000e+00
   0.0000000e+00
   0.0000000e+00
   0.0000000e+00
   0.0000000e+00
  -1.4865885e-02
  -7.8414867e-03
  -7.8300388e-03
   0.0000000e+00
   2.7318654e-02
   2.6164820e-02
   2.2348089e-02
   2.1753771e-02
   1.9993491e-02
   2.2623756e-02
   1.3021333e-02
   1.0004781e-02
   2.6709965e-03
  -3.9726852e-03
  -6.4575043e-03
  -8.8127568e-03
  -1.2042078e-02
  -1.4157111e-02
  -1.5740181e-02
  -1.6855381e-02
  -1.6974813e-02
  -1.5543994e-02
  -1.2574945e-02
  -7.9953927e-03
  -2.5299943e-03
   3.0897753e-03
   8.2980064e-03
   1.3017154e-02
   1.6931816e-02
   1.9341377e-02
   2.0150160e-02
   1.8672883e-02
   1.2492747e-02
   6.3852806e-03
   0.0000000e+00
   0.0000000e+00
   0.0000000e+00
   0.0000000e+00
  -0.0000000e+00
   4.3940841e-02
   2.8849441e-02
   1.7450848e-02
   8.5298482e-03
   0.0000000e+00
   0.0000000e+00
   0.0000000e+00
   0.0000000e+00
   0.0000000e+00
  -2.5096806e-02
  -1.2434059e-02
  -8.5036990e-03
   0.0000000e+00
   2.7408853e-02
   2.3649346e-02
   1.9981199e-02
   1.9001131e-02
   1.1738923e-02
   1.9024932e-02
   1.4380613e-02
   8.0541736e-03
  -2.7698820e-04
  -5.3605982e-03
  -7.3006172e-03
  -1.0099945e-02
  -1.3540587e-02
  -1.5861765e-02
  -1.7382292e-02
  -1.8541649e-02
  -1.8854611e-02
  -1.7728021e-02
  -1.5005642e-02
  -1.0741720e-02
  -5.4960088e-03
  -5.9606544e-05
   4.5734541e-03
   7.9800375e-03
   1.0089993e-02
   1.0542906e-02
   9.5198192e-03
   7.0041530e-03
   2.4784293e-03
   1.0385898e-03
   0.0000000e+00
   0.0000000e+00
   0.0000000e+00
  -0.0000000e+00
  -9.3250367e-04
   2.9245485e-02
   1.8597916e-02
   7.2835581e-03
   5.2483218e-03
   0.0000000e+00
   0.0000000e+00
   0.0000000e+00
   0.0000000e+00
   0.0000000e+00
  -3.0756541e-02
  -1.8556532e-02
  -1.2590399e-02
   2.0871446e-02
   2.1728640e-02
   1.6688358e-02
   1.5534816e-02
   1.2655434e-02
  -1.3015571e-03
   0.0000000e+00
   2.6583194e-02
   6.9214386e-03
  -2.3926484e-03
  -4.8659457e-03
  -4.5187063e-03
  -5.6328613e-03
  -7.3237215e-03
  -8.4410039e-03
  -9.3990926e-03
  -1.0339933e-02
  -1.0699480e-02
  -1.0010174e-02
  -8.0992300e-03
  -4.9833971e-03
  -1.0457823e-03
   2.9443327e-03
   6.1476549e-03
   8.2157179e-03
   9.0802953e-03
   8.4423189e-03
   5.4712988e-03
  -1.6872373e-04
  -6.8323124e-03
  -1.0797961e-02
   0.0000000e+00
   0.0000000e+00
   0.0000000e+00
  -0.0000000e+00
  -4.0514786e-04
   2.0510559e-02
   1.9182404e-02
   0.0000000e+00
   0.0000000e+00
   0.0000000e+00
   0.0000000e+00
   0.0000000e+00
   0.0000000e+00
   0.0000000e+00
  -3.5227633e-02
  -1.9065477e-02
  -3.8350711e-03
   1.6303664e-02
   1.2511096e-02
   8.4743564e-03
   9.5059329e-03
   3.1195163e-03
   0.0000000e+00
   0.0000000e+00
   3.7210362e-02
   7.5564920e-03
  -4.7590475e-03
  -4.5162508e-03
  -1.6316381e-03
  -9.6311607e-04
  -1.0835787e-03
  -7.9784172e-04
  -7.9032932e-04
  -1.2017319e-03
  -1.5820908e-03
  -1.3839020e-03
  -4.1958749e-04
   1.5289480e-03
   4.3413592e-03
   7.7281087e-03
   1.0916874e-02
   1.3101220e-02
   1.3644104e-02
   1.1570985e-02
   6.0440295e-03
  -2.7552933e-03
  -1.1579844e-02
  -1.3365602e-02
   0.0000000e+00
   0.0000000e+00
   0.0000000e+00
  -0.0000000e+00
   1.2091571e-03
   1.6649048e-02
   0.0000000e+00
   0.0000000e+00
   0.0000000e+00
   0.0000000e+00
   0.0000000e+00
   0.0000000e+00
   0.0000000e+00
  -0.0000000e+00
  -4.4247741e-02
  -1.7803792e-02
  -1.6045700e-03
   8.5841212e-03
   2.6483351e-03
   4.2543383e-04
   2.1382472e-03
  -4.3005665e-03
   0.0000000e+00
   0.0000000e+00
   3.2334954e-02
   5.7333484e-03
  -7.9293456e-03
  -6.9329818e-03
  -3.4062460e-03
  -2.1630812e-03
  -1.7572407e-03
  -9.4809849e-04
  -4.5005715e-04
  -5.6593347e-04
  -9.7883458e-04
  -9.6302677e-04
  -1.6797052e-04
   1.4972696e-03
   3.8940990e-03
   7.2195251e-03
   1.0913837e-02
   1.3697398e-02
   1.3675503e-02
   9.2426315e-03
   1.2701917e-03
  -8.2864333e-03
  -1.9323237e-02
  -2.0993762e-02
   0.0000000e+00
   0.0000000e+00
   0.0000000e+00
  -1.2596430e-02
  -4.2832289e-03
   8.9836517e-03
   0.0000000e+00
   0.0000000e+00
   0.0000000e+00
   0.0000000e+00
   0.0000000e+00
   0.0000000e+00
   0.0000000e+00
  -0.0000000e+00
  -4.7686480e-02
  -2.1296395e-02
  -6.3980226e-03
  -1.7683607e-03
  -5.3524440e-03
  -4.6280771e-03
  -2.1730345e-03
  -4.2344304e-03
   0.0000000e+00
   0.0000000e+00
   0.0000000e+00
   5.4952912e-03
  -1.1342566e-02
  -1.0646278e-02
  -7.9875030e-03
  -8.1904456e-03
  -9.2630116e-03
  -9.4332006e-03
  -9.6202651e-03
  -1.0581690e-02
  -1.2115397e-02
  -1.3282746e-02
  -1.3697125e-02
  -1.3043262e-02
  -1.1463519e-02
  -8.7300362e-03
  -4.7055976e-03
  -1.9227239e-04
   2.3921197e-03
   3.0013389e-04
  -5.7898732e-03
  -1.2564573e-02
  -2.3644732e-02
  -3.5329330e-02
  -4.4121571e-02
  -4.4121571e-02
  -0.0000000e+00
  -2.2607883e-02
  -1.5459111e-02
   5.7526629e-04
   0.0000000e+00
   0.0000000e+00
   0.0000000e+00
   0.0000000e+00
   0.0000000e+00
   0.0000000e+00
   0.0000000e+00
  -0.0000000e+00
  -4.6881978e-02
  -3.0373525e-02
  -1.6209051e-02
  -1.0558343e-02
  -9.9024987e-03
  -7.7156834e-03
  -2.5918972e-03
  -4.2214228e-03
   0.0000000e+00
   0.0000000e+00
   0.0000000e+00
   5.6555774e-03
  -1.3314947e-02
  -1.3819268e-02
  -1.2240883e-02
  -1.3987464e-02
  -1.6995577e-02
  -1.8766215e-02
  -2.0428030e-02
  -2.2760045e-02
  -2.5833571e-02
  -2.9064534e-02
  -3.2004140e-02
  -3.4017432e-02
  -3.4775004e-02
  -3.3972569e-02
  -3.0492309e-02
  -2.3733430e-02
  -1.4647387e-02
  -8.9437710e-03
  -1.0691724e-02
  -1.4665475e-02
  -1.9513164e-02
  -1.9410322e-02
  -2.3612810e-02
  -3.0383075e-02
  -2.7075826e-02
  -3.0994561e-02
  -2.7473357e-02
  -8.3444142e-03
   0.0000000e+00
   0.0000000e+00
   0.0000000e+00
   0.0000000e+00
   0.0000000e+00
   0.0000000e+00
   0.0000000e+00
   0.0000000e+00
  -5.0912875e-02
  -4.0407836e-02
  -2.5745243e-02
  -1.5302684e-02
  -1.2071238e-02
  -1.1113642e-02
  -1.1249811e-03
   0.0000000e+00
   0.0000000e+00
  -1.2709169e-02
   1.1269182e-02
   4.9268001e-03
  -1.2947067e-02
  -1.4576680e-02
  -1.4085008e-02
  -1.6781648e-02
  -2.1018823e-02
  -2.3684572e-02
  -2.5660896e-02
  -2.7945459e-02
  -3.1332267e-02
  -3.5814790e-02
  -4.0348592e-02
  -4.4141366e-02
  -4.6897526e-02
  -4.8285551e-02
  -4.7189645e-02
  -4.2172054e-02
  -3.0893421e-02
  -1.6526709e-02
  -1.1396025e-02
  -1.5369764e-02
  -1.7615722e-02
  -2.0356142e-02
  -2.6528369e-02
  -3.0787414e-02
  -3.2311788e-02
  -3.9207956e-02
  -3.9936996e-02
  -2.1769148e-02
   0.0000000e+00
   0.0000000e+00
   0.0000000e+00
   0.0000000e+00
   0.0000000e+00
   0.0000000e+00
   0.0000000e+00
   0.0000000e+00
  -5.2907687e-02
  -4.7255072e-02
  -3.1446071e-02
  -1.5230440e-02
  -1.1212944e-02
  -1.4434566e-02
  -9.8585089e-03
   0.0000000e+00
   0.0000000e+00
  -1.7037062e-02
   2.6619836e-03
   1.5586905e-03
  -1.0890126e-02
  -1.2624776e-02
  -1.3062937e-02
  -1.6282592e-02
  -2.0866805e-02
  -2.3676642e-02
  -2.4940175e-02
  -2.6066498e-02
  -2.8348301e-02
  -3.2473955e-02
  -3.7616610e-02
  -4.2810767e-02
  -4.7563152e-02
  -5.1300251e-02
  -5.2999054e-02
  -5.1358679e-02
  -4.2964301e-02
  -2.4634973e-02
  -8.7972981e-03
  -1.2060328e-02
  -1.2202579e-02
  -1.8486853e-02
  -2.5374948e-02
  -3.0236280e-02
  -3.5310007e-02
  -4.4771528e-02
  -5.3028078e-02
  -4.2373674e-02
   0.0000000e+00
   0.0000000e+00
   0.0000000e+00
   0.0000000e+00
   0.0000000e+00
   0.0000000e+00
   0.0000000e+00
  -0.0000000e+00
  -5.0349552e-02
  -5.0237374e-02
  -3.5468865e-02
  -1.1325406e-02
  -5.7852806e-03
  -1.2573773e-02
  -1.4165201e-02
   0.0000000e+00
   0.0000000e+00
  -1.8396383e-02
  -8.7718526e-03
  -3.5326462e-03
  -9.2542116e-03
  -9.7891288e-03
  -1.0525364e-02
  -1.4050946e-02
  -1.8731944e-02
  -2.1350108e-02
  -2.1763664e-02
  -2.1356292e-02
  -2.1721959e-02
  -2.4345269e-02
  -2.9057015e-02
  -3.5175242e-02
  -4.1465845e-02
  -4.7241833e-02
  -5.1610872e-02
  -5.2820262e-02
  -4.7481101e-02
  -3.0791514e-02
  -1.0089399e-02
  -7.2110138e-03
  -4.6930239e-03
  -1.3748181e-02
  -2.1513214e-02
  -2.8151635e-02
  -3.5533827e-02
  -4.6940222e-02
  -6.3136607e-02
  -6.5695612e-02
   0.0000000e+00
   0.0000000e+00
   0.0000000e+00
   0.0000000e+00
   0.0000000e+00
   0.0000000e+00
   0.0000000e+00
  -2.6304315e-02
  -4.8244167e-02
  -5.4090474e-02
  -4.5433339e-02
  -7.8065307e-03
   2.9546621e-03
  -8.6038774e-03
  -1.1961719e-02
   0.0000000e+00
   0.0000000e+00
  -1.4513144e-02
  -1.9806892e-02
  -8.7374225e-03
  -9.0461252e-03
  -7.5059859e-03
  -7.6527405e-03
  -1.1120908e-02
  -1.6007923e-02
  -1.8675970e-02
  -1.8745812e-02
  -1.7155629e-02
  -1.5403992e-02
  -1.6041752e-02
  -1.9301934e-02
  -2.5040973e-02
  -3.1542841e-02
  -3.8037766e-02
  -4.3932155e-02
  -4.7699153e-02
  -4.5596518e-02
  -3.2075640e-02
  -1.2230058e-02
   1.9911079e-02
   8.4613552e-03
  -8.6578699e-03
  -1.6931055e-02
  -2.4666678e-02
  -3.3483356e-02
  -4.5661978e-02
  -6.5055698e-02
  -7.8405115e-02
   0.0000000e+00
   0.0000000e+00
   0.0000000e+00
   0.0000000e+00
  -4.2087809e-02
  -4.2903860e-02
  -2.3196721e-02
  -2.3191371e-02
  -4.4972278e-02
  -5.9307799e-02
  -6.3125998e-02
  -9.6557317e-03
   9.4112372e-03
  -1.2405234e-03
  -5.0722366e-03
   0.0000000e+00
   0.0000000e+00
  -0.0000000e+00
  -2.3473790e-02
  -1.2555231e-02
  -9.6414469e-03
  -5.8092729e-03
  -4.8167146e-03
  -7.8303758e-03
  -1.3054191e-02
  -1.6206341e-02
  -1.6523305e-02
  -1.4566573e-02
  -1.1264513e-02
  -9.8698090e-03
  -1.1432919e-02
  -1.6108656e-02
  -2.2281447e-02
  -2.8906316e-02
  -3.5617422e-02
  -4.1544485e-02
  -4.3192933e-02
  -3.2282773e-02
  -1.8055727e-02
   0.0000000e+00
   2.4625116e-02
  -2.1757185e-03
  -1.0575440e-02
  -1.9116489e-02
  -2.9518498e-02
  -4.1766754e-02
  -5.9665181e-02
  -7.1816931e-02
  -6.6392395e-02
   0.0000000e+00
  -0.0000000e+00
  -8.5284345e-03
  -2.9158076e-02
  -3.1910982e-02
  -2.1224440e-02
  -2.1669976e-02
  -4.1325743e-02
  -6.3548982e-02
  -8.1328447e-02
  -1.0362033e-02
   1.0643327e-02
   6.9859067e-03
   3.5366975e-03
   0.0000000e+00
   0.0000000e+00
   0.0000000e+00
  -1.7969000e-02
  -1.2938820e-02
  -9.9133598e-03
  -4.4034398e-03
  -2.3210321e-03
  -4.6001598e-03
  -1.0030421e-02
  -1.3766804e-02
  -1.4729746e-02
  -1.3035776e-02
  -9.0637086e-03
  -6.1803441e-03
  -6.4391256e-03
  -1.0137803e-02
  -1.6234890e-02
  -2.3516284e-02
  -3.1022675e-02
  -3.8753789e-02
  -4.4108573e-02
  -3.2219950e-02
  -1.9567177e-02
   0.0000000e+00
   3.7575580e-02
   4.1557602e-03
  -3.1491371e-03
  -1.1564204e-02
  -2.3626288e-02
  -3.6016554e-02
  -5.1266138e-02
  -7.1111493e-02
  -7.7310828e-02
   0.0000000e+00
   0.0000000e+00
  -3.3600554e-03
  -2.1224014e-02
  -2.5965869e-02
  -2.1791434e-02
  -1.8653953e-02
  -3.5215762e-02
  -6.5566182e-02
  -8.4929866e-02
   0.0000000e+00
   0.0000000e+00
   0.0000000e+00
   0.0000000e+00
   0.0000000e+00
   0.0000000e+00
   0.0000000e+00
  -9.1960074e-03
  -1.0730545e-02
  -8.3624246e-03
  -2.4503178e-03
   6.0263272e-05
  -1.4175280e-03
  -6.5373839e-03
  -1.1176820e-02
  -1.3115002e-02
  -1.1989382e-02
  -7.6303929e-03
  -3.7554717e-03
  -3.1031077e-03
  -5.9737707e-03
  -1.1833058e-02
  -1.9642688e-02
  -2.8025065e-02
  -3.7461162e-02
  -4.6824083e-02
  -4.0275694e-02
  -1.8611338e-02
   0.0000000e+00
   4.2606950e-02
   7.7935006e-03
   4.2433646e-03
  -2.0593388e-03
  -1.5114942e-02
  -2.8313287e-02
  -4.1697253e-02
  -5.8040481e-02
  -6.5295748e-02
   0.0000000e+00
   0.0000000e+00
   2.7446556e-03
  -1.5303114e-02
  -2.2474721e-02
  -2.4407206e-02
  -1.7586365e-02
  -2.2910664e-02
  -6.5251819e-02
  -7.9654355e-02
  -1.1100013e-01
   0.0000000e+00
   0.0000000e+00
   0.0000000e+00
   0.0000000e+00
   0.0000000e+00
   0.0000000e+00
  -0.0000000e+00
  -7.9869712e-03
  -3.7227613e-03
   1.5318617e-03
   3.6052237e-03
   2.2471740e-03
  -2.2497424e-03
  -7.6085036e-03
  -1.0868091e-02
  -1.0756614e-02
  -6.2584123e-03
  -1.4868086e-03
  -1.1429410e-04
  -2.4727394e-03
  -7.9819188e-03
  -1.6154120e-02
  -2.5680024e-02
  -3.6936902e-02
  -4.9898744e-02
  -3.9304523e-02
   0.0000000e+00
   0.0000000e+00
   3.6974307e-02
   6.9980999e-03
   9.9158660e-03
   7.9148607e-03
  -5.0720954e-03
  -1.8957647e-02
  -3.2611590e-02
  -4.6992362e-02
  -4.9479560e-02
   9.8895685e-04
   3.6595079e-02
   9.0195872e-03
  -9.5630866e-03
  -1.8376028e-02
  -2.6442563e-02
  -2.0904835e-02
  -1.1818720e-02
  -6.0009216e-02
  -6.5489106e-02
  -5.2630459e-02
   0.0000000e+00
   0.0000000e+00
   0.0000000e+00
   0.0000000e+00
   0.0000000e+00
   0.0000000e+00
  -0.0000000e+00
  -4.6011126e-03
   5.8651487e-03
   1.0715414e-02
   1.1170464e-02
   8.6311167e-03
   4.1725612e-03
  -1.5921923e-03
  -6.4718258e-03
  -7.8025777e-03
  -4.1317893e-03
   9.7842736e-04
   3.0302065e-03
   1.1086052e-03
  -4.4455002e-03
  -1.3259783e-02
  -2.4299443e-02
  -3.7717320e-02
  -5.2556388e-02
  -5.5857013e-02
   0.0000000e+00
   0.0000000e+00
   2.4030752e-02
   4.0931562e-03
   1.2740635e-02
   1.5009067e-02
   4.9062343e-03
  -8.5945642e-03
  -2.1770278e-02
  -3.6227349e-02
  -3.5200350e-02
  -2.3472022e-02
   2.8331926e-02
   1.2452184e-02
  -4.2288373e-03
  -1.3415537e-02
  -2.4555154e-02
  -2.9290471e-02
  -0.0000000e+00
  -5.5981284e-02
  -1.1508164e-01
  -6.4529726e-02
   0.0000000e+00
   0.0000000e+00
   0.0000000e+00
   0.0000000e+00
   0.0000000e+00
   0.0000000e+00
  -0.0000000e+00
  -4.0746725e-03
   1.3079816e-02
   2.1193524e-02
   2.1504968e-02
   1.7966171e-02
   1.2507168e-02
   6.0901701e-03
  -1.3466506e-04
  -3.1503532e-03
  -6.4482980e-04
   3.9743090e-03
   5.9204873e-03
   4.4936736e-03
  -1.3479127e-03
  -1.0974338e-02
  -2.3886723e-02
  -3.9663250e-02
  -4.9686088e-02
  -4.5974300e-02
   0.0000000e+00
   0.0000000e+00
   0.0000000e+00
   0.0000000e+00
   0.0000000e+00
   1.7934806e-02
   1.1856575e-02
   6.7153856e-04
  -1.0477082e-02
  -2.3772774e-02
  -2.8864035e-02
  -2.4042091e-02
   0.0000000e+00
   1.5962066e-02
   7.9820583e-04
  -9.1035831e-03
  -1.7852918e-02
  -1.7706692e-02
  -2.0538593e-02
  -3.2571071e-02
  -8.1023582e-02
  -1.0562502e-01
   0.0000000e+00
   0.0000000e+00
   0.0000000e+00
   0.0000000e+00
   0.0000000e+00
   0.0000000e+00
  -0.0000000e+00
  -4.6363079e-03
   1.0646443e-02
   2.4548093e-02
   2.8479336e-02
   2.7142681e-02
   2.2044260e-02
   1.4611554e-02
   7.4183354e-03
   3.0441496e-03
   3.9336300e-03
   7.7046677e-03
   9.0061920e-03
   8.0045564e-03
   1.7636939e-03
  -8.7100510e-03
  -2.4140233e-02
  -4.2211469e-02
  -4.6808544e-02
  -3.5022775e-02
   0.0000000e+00
   0.0000000e+00
   0.0000000e+00
   0.0000000e+00
   0.0000000e+00
   1.6183121e-02
   1.2292111e-02
   7.7233324e-03
   1.4730671e-03
  -1.0869802e-02
  -2.1843476e-02
  -2.2290782e-02
   0.0000000e+00
   2.0243831e-02
   1.0334273e-02
  -4.4764541e-03
  -8.9845620e-03
  -1.1555729e-02
  -1.4407992e-02
  -2.3867853e-02
  -3.8625066e-02
   0.0000000e+00
   0.0000000e+00
   0.0000000e+00
   0.0000000e+00
   0.0000000e+00
   0.0000000e+00
   0.0000000e+00
   0.0000000e+00
  -0.0000000e+00
  -5.5913613e-03
   1.3598505e-02
   2.5049752e-02
   2.9648826e-02
   2.8382694e-02
   2.1811767e-02
   1.4558157e-02
   9.7718937e-03
   8.8406410e-03
   1.1507476e-02
   1.1926306e-02
   1.1175660e-02
   4.7891038e-03
  -6.4845891e-03
  -2.4645284e-02
  -4.6510272e-02
  -4.1870715e-02
   0.0000000e+00
   0.0000000e+00
   0.0000000e+00
   0.0000000e+00
   0.0000000e+00
   0.0000000e+00
   0.0000000e+00
   8.0056608e-03
   9.5346671e-03
   7.9586239e-03
   2.1916319e-04
  -1.3199735e-02
  -1.8132787e-02
   0.0000000e+00
   0.0000000e+00
   0.0000000e+00
  -0.0000000e+00
  -6.3086321e-03
  -9.9042718e-03
  -1.5389294e-02
  -2.1203691e-02
  -3.1290919e-02
   0.0000000e+00
   0.0000000e+00
   0.0000000e+00
   0.0000000e+00
   0.0000000e+00
   0.0000000e+00
   0.0000000e+00
   0.0000000e+00
  -0.0000000e+00
  -3.1971147e-02
  -1.5307146e-02
   9.2885867e-03
   2.2861850e-02
   2.7760694e-02
   2.5431812e-02
   2.0024722e-02
   1.5570331e-02
   1.2715834e-02
   1.4168757e-02
   1.3992376e-02
   1.3143785e-02
   7.3238835e-03
  -3.8989952e-03
  -2.3477422e-02
  -5.0874855e-02
  -4.5911713e-02
   0.0000000e+00
   0.0000000e+00
   0.0000000e+00
   0.0000000e+00
   0.0000000e+00
   0.0000000e+00
   0.0000000e+00
   0.0000000e+00
   0.0000000e+00
   0.0000000e+00
   5.6333365e-03
  -3.0761969e-03
  -1.6322343e-02
   0.0000000e+00
   0.0000000e+00
   0.0000000e+00
   0.0000000e+00
   0.0000000e+00
  -1.7333304e-02
  -1.8472102e-02
  -1.3937907e-02
  -1.9558959e-02
   0.0000000e+00
   0.0000000e+00
   0.0000000e+00
   0.0000000e+00
   0.0000000e+00
   0.0000000e+00
   0.0000000e+00
   0.0000000e+00
   0.0000000e+00
  -5.5355042e-02
  -5.0702995e-02
  -1.1825169e-02
   9.2619892e-03
   2.1396494e-02
   2.4903470e-02
   2.2410533e-02
   1.8896422e-02
   1.4830582e-02
   1.3915672e-02
   1.3672251e-02
   1.2690063e-02
   8.5931626e-03
  -4.3240946e-04
  -1.7554773e-02
  -4.2933585e-02
  -4.4037726e-02
   0.0000000e+00
   0.0000000e+00
   0.0000000e+00
   0.0000000e+00
   0.0000000e+00
   0.0000000e+00
   0.0000000e+00
   0.0000000e+00
   0.0000000e+00
  -0.0000000e+00
   2.1512127e-03
   1.0000244e-02
   0.0000000e+00
   0.0000000e+00
   0.0000000e+00
   0.0000000e+00
   0.0000000e+00
   0.0000000e+00
  -0.0000000e+00
  -1.8130729e-02
   0.0000000e+00
   0.0000000e+00
   0.0000000e+00
   0.0000000e+00
   0.0000000e+00
   0.0000000e+00
   0.0000000e+00
   0.0000000e+00
   0.0000000e+00
   0.0000000e+00
   0.0000000e+00
  -0.0000000e+00
  -5.7359885e-02
  -2.3731790e-02
  -8.1076962e-04
   1.5522365e-02
   2.1910425e-02
   2.1210330e-02
   1.7701531e-02
   1.3841555e-02
   1.1192095e-02
   1.0432683e-02
   9.6496930e-03
   7.8916559e-03
   2.4262150e-03
  -1.0869130e-02
  -2.8575297e-02
  -8.1760811e-03
   0.0000000e+00
   0.0000000e+00
   0.0000000e+00
   0.0000000e+00
   0.0000000e+00
   0.0000000e+00
   0.0000000e+00
   0.0000000e+00
   0.0000000e+00
  -3.6359685e-02
  -5.0523952e-03
   2.1708603e-02
   0.0000000e+00
   1.5199157e-03
   1.6019978e-03
   0.0000000e+00
   0.0000000e+00
   0.0000000e+00
   0.0000000e+00
   0.0000000e+00
   0.0000000e+00
   0.0000000e+00
   0.0000000e+00
   0.0000000e+00
   0.0000000e+00
   0.0000000e+00
   0.0000000e+00
   0.0000000e+00
   0.0000000e+00
   0.0000000e+00
   0.0000000e+00
  -0.0000000e+00
  -5.6533482e-02
  -4.9560086e-02
  -2.3008499e-02
   6.3644485e-03
   1.5773710e-02
   1.5065723e-02
   1.2312407e-02
   8.4520197e-03
   3.4058155e-03
   2.8339475e-03
   3.3424732e-03
   4.3210192e-03
   3.7174760e-03
  -2.5295750e-03
  -1.6755352e-02
  -1.3561922e-02
   0.0000000e+00
   0.0000000e+00
   0.0000000e+00
   0.0000000e+00
   0.0000000e+00
   0.0000000e+00
   0.0000000e+00
   0.0000000e+00
   0.0000000e+00
  -2.6306546e-02
  -8.0804925e-03
   1.7360926e-02
   7.3521057e-03
   1.0368374e-02
   1.6019977e-03
   0.0000000e+00
   0.0000000e+00
   0.0000000e+00
   0.0000000e+00
   0.0000000e+00
  -0.0000000e+00
  -1.5509008e-02
  -5.0078645e-03
   0.0000000e+00
   0.0000000e+00
   0.0000000e+00
   0.0000000e+00
   0.0000000e+00
   0.0000000e+00
   0.0000000e+00
   0.0000000e+00
   0.0000000e+00
   0.0000000e+00
  -0.0000000e+00
  -4.6509329e-02
  -5.9570586e-03
   3.0497620e-03
   2.7546200e-03
   2.0401662e-03
  -2.4746414e-03
  -6.6508716e-03
  -7.8169480e-03
  -3.7213985e-03
   8.7738939e-04
   5.0993650e-03
   4.8947991e-03
   9.7969830e-04
  -1.3475093e-03
   0.0000000e+00
   0.0000000e+00
   0.0000000e+00
   0.0000000e+00
   0.0000000e+00
   0.0000000e+00
   0.0000000e+00
   0.0000000e+00
   0.0000000e+00
  -0.0000000e+00
   0.0000000e+00
   0.0000000e+00
   0.0000000e+00
   1.1823062e-02
   0.0000000e+00
   0.0000000e+00
   0.0000000e+00
   0.0000000e+00
   0.0000000e+00
   0.0000000e+00
  -0.0000000e+00
  -1.9272223e-02
  -9.9857471e-03
   0.0000000e+00
   0.0000000e+00
   0.0000000e+00
   0.0000000e+00
   0.0000000e+00
   0.0000000e+00
   0.0000000e+00
   0.0000000e+00
   0.0000000e+00
   0.0000000e+00
  -0.0000000e+00
  -5.9788902e-02
  -2.0661201e-02
  -1.5535321e-02
  -1.5122480e-02
  -1.9091569e-02
  -2.2463981e-02
  -2.1917930e-02
  -1.9374404e-02
  -8.8614412e-03
  -1.3075146e-03
   6.8674739e-03
   1.5673652e-02
   2.5077119e-02
   0.0000000e+00
   0.0000000e+00
   0.0000000e+00
   0.0000000e+00
   0.0000000e+00
   0.0000000e+00
   0.0000000e+00
   0.0000000e+00
   0.0000000e+00
   0.0000000e+00
  -0.0000000e+00
   0.0000000e+00
   0.0000000e+00
   0.0000000e+00
   0.0000000e+00
  -4.0517168e-02
   0.0000000e+00
   0.0000000e+00
   0.0000000e+00
   0.0000000e+00
   0.0000000e+00
   0.0000000e+00
  -3.3459088e-02
  -1.0906554e-02
   0.0000000e+00
   0.0000000e+00
   0.0000000e+00
   0.0000000e+00
   0.0000000e+00
   0.0000000e+00
   0.0000000e+00
   0.0000000e+00
   0.0000000e+00
   0.0000000e+00
   0.0000000e+00
  -0.0000000e+00
  -3.1374461e-02
  -2.2776551e-02
  -3.4346633e-02
  -6.4691539e-02
  -6.6101008e-02
  -2.6777186e-02
  -1.5817340e-02
  -0.0000000e+00
  -0.0000000e+00
   0.0000000e+00
   0.0000000e+00
   0.0000000e+00
   0.0000000e+00
   0.0000000e+00
   0.0000000e+00
   0.0000000e+00
   0.0000000e+00
   0.0000000e+00
   0.0000000e+00
   0.0000000e+00
   0.0000000e+00
   0.0000000e+00
   0.0000000e+00
   0.0000000e+00
   0.0000000e+00
   0.0000000e+00
   0.0000000e+00
  -0.0000000e+00
  -1.2708524e-02
  -1.5771571e-02
  -1.3339138e-02
  -1.0630303e-02
   0.0000000e+00
  -2.7671540e-02
  -2.4927258e-02
  -3.0228010e-02
   0.0000000e+00
   0.0000000e+00
   0.0000000e+00
   0.0000000e+00
   0.0000000e+00
  -0.0000000e+00
   0.0000000e+00
   0.0000000e+00
   0.0000000e+00
   0.0000000e+00
   0.0000000e+00
   0.0000000e+00
   0.0000000e+00
   0.0000000e+00
   0.0000000e+00
   0.0000000e+00
   0.0000000e+00
   0.0000000e+00
   0.0000000e+00
  -0.0000000e+00
  -0.0000000e+00
  -0.0000000e+00
   0.0000000e+00
   0.0000000e+00
   0.0000000e+00
   0.0000000e+00
   0.0000000e+00
  -0.0000000e+00
  -0.0000000e+00
  -0.0000000e+00
  -0.0000000e+00
  -0.0000000e+00
  -0.0000000e+00
  -0.0000000e+00
  -0.0000000e+00
  -0.0000000e+00
  -9.9915212e-03
  -1.0527351e-02
  -1.0214372e-02
  -1.1764078e-02
  -1.1755210e-02
  -1.0765908e-02
  -1.2303357e-02
  -1.1248564e-02
  -1.6358124e-02
  -1.5918687e-02
  -7.8212197e-03
  -0.0000000e+00
  -0.0000000e+00
   0.0000000e+00
   0.0000000e+00
   0.0000000e+00
