   6.7657232e-01
   2.9876599e-01
  -3.8599131e-01
  -1.0684460e+00
  -6.5866143e-01
   3.5378671e-01
   2.2465143e-02
  -1.1997764e-01
   4.4831216e-01
   8.5850865e-01
   7.7350163e-01
   1.6140908e-01
  -2.1024875e-01
  -3.1935126e-01
  -3.1920552e-01
  -4.6037626e-01
  -6.5177572e-01
  -8.2847679e-01
  -6.6723734e-01
  -6.7640650e-01
  -8.3367783e-01
  -7.7557665e-01
  -5.3614944e-01
  -6.3305728e-02
   4.6636277e-01
   4.8273659e-01
  -7.4862957e-02
  -4.9072134e-01
  -4.7334433e-01
  -6.7021233e-01
  -9.1008598e-01
  -7.9971373e-01
  -2.7231413e-01
   3.4119785e-02
  -5.8072165e-02
  -1.3040610e-01
   2.2053686e-01
   6.8970227e-01
   6.1767799e-01
   2.1756271e-01
  -1.3157548e-01
  -4.1604206e-01
  -7.7350003e-01
  -3.7969288e-01
   5.9222374e-02
  -3.3339500e-01
  -4.1561416e-01
   3.4844136e-01
  -3.9067519e-01
  -5.5455840e-01
  -5.8304644e-01
  -8.1137627e-01
  -9.3713045e-01
  -2.4815431e-01
  -3.5657996e-01
  -7.2340602e-01
  -4.7185066e-01
  -4.2273089e-01
  -6.4406806e-01
  -7.4511760e-01
  -6.0603470e-01
  -1.4588650e-01
   9.4398797e-02
   5.1477209e-02
  -2.0043303e-01
  -5.1511192e-01
  -8.2086283e-01
  -1.2125913e+00
  -1.1612109e+00
  -1.3746440e+00
  -1.4406710e+00
  -1.8340975e+00
  -1.2581362e+00
   5.5239391e-01
   2.7145436e-01
  -2.9091915e-01
   5.4733980e-01
   9.6979272e-01
   8.0845851e-01
   8.7438807e-02
  -5.9748793e-01
  -5.4684860e-01
  -8.4587014e-01
  -1.2735792e+00
  -1.4764102e+00
  -9.7766912e-01
  -3.2305804e-01
  -3.4348696e-01
  -6.0879380e-01
  -4.1819632e-01
  -1.6485290e-01
  -5.1463103e-01
  -1.3762413e+00
  -1.7119473e+00
  -1.7943754e+00
  -1.1940141e+00
  -1.8878298e+00
  -1.3277839e+00
  -9.9712759e-01
  -5.3316140e-01
  -5.4164618e-01
  -4.4227025e-01
  -4.4684723e-01
  -1.5274070e-01
  -1.5253522e-01
  -5.8297575e-01
  -5.6499517e-01
  -4.9457911e-01
  -4.3470868e-01
  -7.7516511e-02
  -3.6532216e-02
   3.8458545e-02
   2.4727337e-01
   3.8506916e-01
   4.3551305e-01
   3.0333921e-01
   3.0056736e-01
   2.2078130e-01
   1.1230100e-01
  -1.4686507e-01
  -7.2956651e-01
  -5.0339103e-01
   2.4943745e-01
   2.5063235e-01
   4.9940467e-01
   8.6082119e-01
   1.3227634e+00
   1.4393983e+00
   1.3230673e+00
   1.0371506e+00
   9.4077635e-01
   7.3014551e-01
   7.6788318e-01
   8.7853330e-01
   1.3016937e+00
   1.4745353e+00
   1.4586909e+00
   1.4886503e+00
   1.1281842e+00
   6.9091523e-01
   2.4971062e-01
  -5.1049793e-01
  -1.6800876e+00
  -2.3367317e+00
   3.7799907e-01
   3.6967307e-01
   3.4321639e-01
   3.2434762e-01
   2.8041717e-01
   2.8513318e-01
   3.2081515e-02
   3.9023104e-01
   1.7525277e-01
  -3.6177629e-01
  -2.6923692e-02
   3.7765932e-01
   6.3711315e-02
   3.3810547e-01
   6.4528751e-01
   1.0030153e+00
   1.2759683e+00
   1.4885528e+00
   1.6351024e+00
   1.6647460e+00
   1.6943779e+00
   1.5824426e+00
   1.4847831e+00
   1.2826629e+00
   1.1917229e+00
   1.3467320e+00
   1.5012714e+00
   1.1828922e+00
   9.0062118e-01
   1.0365140e+00
   1.4548267e+00
   1.8487549e+00
   1.9943627e+00
   2.0206096e+00
   2.1304827e+00
   2.3640759e+00
   2.7015202e+00
   3.1004429e+00
   3.4617572e+00
   3.5883775e+00
   3.5757010e+00
   3.6698120e+00
   3.6441200e+00
   3.2976017e+00
   2.9139206e+00
   2.5820408e+00
   2.0401769e+00
   1.2890409e+00
   1.1602874e+00
   9.1918433e-01
   1.0300688e+00
   9.4974029e-01
   7.2919619e-01
   6.1251152e-01
   5.4249907e-01
   7.2834367e-01
   2.9294050e-01
   4.7142409e-02
   6.3130093e-01
   1.1620325e+00
   1.2877196e+00
   8.3890003e-01
   1.6897383e+00
   2.1072531e+00
   2.4004192e+00
   2.6268704e+00
   2.7910831e+00
   2.9421673e+00
   3.0473425e+00
   2.9935167e+00
   2.8857160e+00
   2.7222676e+00
   2.4033720e+00
   2.1693740e+00
   1.0323236e+00
   9.3394393e-01
   4.7227183e-01
   8.7602293e-01
   1.4010578e+00
   2.0021312e+00
   2.4657164e+00
   2.7832134e+00
   3.0570054e+00
   3.3840597e+00
   3.8130009e+00
   4.1815114e+00
   4.4715071e+00
   4.6432719e+00
   4.6850739e+00
   4.7231112e+00
   4.8540077e+00
   4.8119745e+00
   4.6938882e+00
   4.6087251e+00
   4.2439847e+00
   3.3200467e+00
   2.0575759e+00
   1.1317915e+00
   1.4332820e+00
   1.2884331e+00
   1.0359786e+00
   9.1367285e-01
   1.0359993e+00
   1.0272294e+00
   3.0059800e-01
   8.9461695e-01
   1.5734843e+00
   2.0252090e+00
   2.3341890e+00
   2.6283625e+00
   2.8288442e+00
   3.0722619e+00
   3.3500840e+00
   3.5941724e+00
   3.7688069e+00
   3.9205735e+00
   3.9903512e+00
   4.0177722e+00
   4.0102730e+00
   3.8559010e+00
   3.4145245e+00
   2.6007829e+00
   1.1154610e+00
   6.1937196e-01
   1.5585351e-01
   4.7554707e-01
   1.1776043e+00
   2.0204251e+00
   2.8162402e+00
   3.3729688e+00
   3.6310141e+00
   3.7731673e+00
   3.8116731e+00
   3.8362491e+00
   3.8735804e+00
   3.8220784e+00
   4.1245575e+00
   4.6523534e+00
   5.1053664e+00
   5.4325468e+00
   5.7422688e+00
   5.9148571e+00
   5.7174670e+00
   4.8541480e+00
   4.3304853e+00
   1.4104525e+00
   1.5682179e+00
   1.2245045e+00
   1.0715466e+00
   9.1204327e-01
   1.2193501e+00
   7.1063632e-01
   8.1896031e-01
   1.7028844e+00
   2.2550588e+00
   2.5843744e+00
   2.8140726e+00
   2.9897873e+00
   3.2386870e+00
   3.4967048e+00
   3.7245662e+00
   3.9271872e+00
   4.0838275e+00
   4.2119980e+00
   4.3037138e+00
   4.3925710e+00
   4.4328547e+00
   4.2930679e+00
   3.8967614e+00
   2.9669812e+00
   1.0467918e+00
   1.1475416e+00
   2.9462159e-01
   2.5318488e-01
   9.6782017e-01
   1.9156493e+00
   2.8882296e+00
   3.5619426e+00
   3.6603441e+00
   3.5265532e+00
   3.4938040e+00
   3.1304073e+00
   2.5596366e+00
   2.4993567e+00
   3.0144916e+00
   3.8483906e+00
   4.5627160e+00
   5.0956821e+00
   5.6684694e+00
   6.0380225e+00
   6.0697703e+00
   5.7791629e+00
   5.3551784e+00
   3.2288494e+00
   1.5556020e+00
   1.4556749e+00
   1.3182734e+00
   1.0477034e+00
   1.5467680e+00
   1.8176278e+00
   2.9807942e+00
   2.7357612e+00
   2.6825061e+00
   2.7932155e+00
   2.8846650e+00
   2.9671109e+00
   3.1301885e+00
   3.2978809e+00
   3.4436224e+00
   3.5835655e+00
   3.7364361e+00
   3.8661027e+00
   3.9730563e+00
   4.0734282e+00
   4.1653180e+00
   4.1678162e+00
   3.9556348e+00
   3.3323841e+00
   1.3442631e+00
   1.5826336e+00
   6.4345884e-01
   2.2018424e-01
   5.4700631e-01
   1.4233935e+00
   2.4371982e+00
   3.1915033e+00
   3.0096352e+00
   1.4720752e+00
   9.9649721e-01
   2.4149930e-01
   4.7804937e-01
   9.8003662e-01
   1.6990814e+00
   2.7062030e+00
   3.4757919e+00
   4.0714025e+00
   4.7111068e+00
   5.2110863e+00
   5.4288335e+00
   5.4437528e+00
   4.5368028e+00
   4.8319688e+00
   3.0469294e+00
   1.9188359e+00
   2.1489749e+00
   2.1918056e+00
   2.6773522e+00
   4.3228946e+00
   4.6340685e+00
   3.7101793e+00
   3.1709754e+00
   2.9268544e+00
   2.8105063e+00
   2.7091172e+00
   2.6567547e+00
   2.6706455e+00
   2.7302761e+00
   2.8282070e+00
   2.9565699e+00
   3.0446634e+00
   3.1342804e+00
   3.2552223e+00
   3.4321392e+00
   3.5525608e+00
   3.4705868e+00
   3.2249265e+00
   2.1841505e+00
   1.3830075e+00
   3.8929832e-01
  -3.4755260e-01
   1.1814049e-01
   8.0795139e-01
   1.7702506e+00
   2.4449513e+00
   1.9725304e+00
   8.3725786e-01
   8.6647451e-01
   3.8734487e-01
  -4.4807506e-01
  -1.0118295e-01
   4.5661625e-01
   1.3362374e+00
   1.9046773e+00
   2.5330329e+00
   3.2865171e+00
   3.8852363e+00
   4.2015853e+00
   4.3602638e+00
   3.1722453e+00
   4.1160240e+00
   4.7683249e+00
   3.3035147e+00
   3.8316188e+00
   3.5955853e+00
   4.9930186e+00
   5.6254435e+00
   4.7342553e+00
   3.8260846e+00
   3.1998608e+00
   2.7509542e+00
   2.3856091e+00
   2.0983527e+00
   1.8976381e+00
   1.7831044e+00
   1.7547330e+00
   1.8196936e+00
   1.9028298e+00
   1.9882973e+00
   2.1024041e+00
   2.2722993e+00
   2.4809134e+00
   2.6145926e+00
   2.5982475e+00
   2.4938149e+00
   1.4479080e+00
   1.1284536e+00
  -6.3679260e-01
  -6.0732329e-01
  -4.0141952e-01
   8.7754108e-02
   9.3729329e-01
   1.4513943e+00
   7.1016693e-01
   5.4243821e-01
   1.0635866e+00
   1.5689193e-01
  -1.3123575e+00
  -4.8604405e-01
  -2.8086701e-01
  -2.2100106e-01
  -1.0860862e-01
   6.4131290e-01
   1.5774825e+00
   2.2473056e+00
   2.5874443e+00
   2.7951541e+00
   1.4360062e+00
   2.4272911e+00
   3.8433518e+00
   4.4718721e+00
   4.8546742e+00
   4.9358881e+00
   5.3529504e+00
   4.7658084e+00
   3.9093516e+00
   3.1106519e+00
   2.4956590e+00
   1.9547875e+00
   1.4834853e+00
   1.1514958e+00
   9.1390925e-01
   7.1131854e-01
   6.2566147e-01
   6.3966946e-01
   6.8303959e-01
   7.9828237e-01
   9.7712380e-01
   1.1924498e+00
   1.3546780e+00
   1.4223109e+00
   1.4020347e+00
   1.4177570e+00
   1.3174246e+00
   1.5895321e+00
  -2.4336424e-01
  -6.7193375e-01
  -1.5596372e+00
  -9.8639923e-01
  -5.6200374e-02
   1.9496756e-01
  -3.0041726e-01
   6.5295962e-01
   1.0477933e+00
  -1.7460219e-01
  -2.0103484e+00
  -7.3518120e-01
  -5.6572161e-01
  -1.8739506e+00
  -2.3056389e+00
  -1.2381275e+00
  -1.2578381e-01
   5.0900438e-01
   7.7907829e-01
   9.7984999e-01
  -4.2695221e-01
   4.6596220e-01
   1.7089067e+00
   2.7888367e+00
   3.2034864e+00
   3.4012403e+00
   3.3884768e+00
   2.9622886e+00
   2.3556464e+00
   1.7379395e+00
   1.2038506e+00
   7.1592993e-01
   2.8969613e-01
  -3.2972585e-02
  -2.8135514e-01
  -4.6047819e-01
  -5.2703607e-01
  -5.6940651e-01
  -5.4204643e-01
  -3.9374802e-01
  -1.6001782e-01
   2.9958356e-02
   9.1416687e-02
   6.1046168e-02
  -9.0375692e-03
   1.1011435e-01
   1.1869696e+00
   2.0480833e+00
   5.1975101e-01
  -1.2102244e+00
  -2.2545671e+00
  -2.4286458e+00
  -1.1334667e+00
  -1.1604862e+00
  -7.9415256e-01
   1.5433241e+00
   1.5542529e+00
   5.4396820e-01
  -1.7025642e+00
  -1.0578923e+00
  -9.2168659e-01
  -3.2104597e+00
  -4.3817830e+00
  -2.8948956e+00
  -1.7569180e+00
  -1.2408651e+00
  -1.0436084e+00
  -8.6931068e-01
  -2.3761146e+00
  -1.6736907e+00
  -6.7148697e-01
   1.9037102e-01
   5.8317685e-01
   8.7441897e-01
   8.3608794e-01
   5.6718272e-01
   2.5030231e-01
  -5.1245183e-02
  -3.7855706e-01
  -6.7612833e-01
  -9.7036898e-01
  -1.2408613e+00
  -1.4776788e+00
  -1.6173227e+00
  -1.6871090e+00
  -1.7250628e+00
  -1.6404541e+00
  -1.4730504e+00
  -1.2817637e+00
  -1.2363683e+00
  -1.3347157e+00
  -1.4930685e+00
  -1.6605409e+00
  -1.3986783e+00
   7.2981560e-01
   2.4893394e+00
   1.6577605e+00
   2.0790105e-01
  -2.2105942e+00
  -3.8214548e+00
  -2.1883767e+00
  -2.5233378e+00
  -1.8275247e+00
   1.2505146e+00
   1.4844545e+00
   1.0630016e+00
  -1.4377515e+00
  -1.4373462e+00
  -1.4108524e+00
  -3.5224247e+00
  -4.2325292e+00
  -4.0351052e+00
  -3.4158278e+00
  -2.9963043e+00
  -2.8536420e+00
  -2.7187994e+00
  -3.7746954e+00
  -3.2608116e+00
  -2.5561831e+00
  -1.9349135e+00
  -1.6032007e+00
  -1.3916273e+00
  -1.4234569e+00
  -1.4707664e+00
  -1.4837183e+00
  -1.5230937e+00
  -1.6459093e+00
  -1.7723018e+00
  -1.9621272e+00
  -2.1311281e+00
  -2.2726965e+00
  -2.4030082e+00
  -2.4688914e+00
  -2.4376173e+00
  -2.3123357e+00
  -2.1905797e+00
  -2.1478305e+00
  -2.2962754e+00
  -2.5726063e+00
  -2.8918490e+00
  -3.1301930e+00
  -2.7792013e+00
  -7.4426430e-01
   2.4128776e+00
   1.6671027e+00
   8.4497494e-01
  -4.5493275e-01
  -3.1365013e+00
  -3.0998261e+00
  -3.4808874e+00
  -1.7014730e+00
   1.0344549e+00
   6.8991607e-01
   8.4737188e-01
  -9.2848468e-01
  -2.4723804e+00
  -2.9430864e+00
  -2.4027197e+00
  -1.5307022e+00
  -3.9519734e+00
  -4.5556850e+00
  -4.1721458e+00
  -4.1033549e+00
  -4.0205998e+00
  -4.6379509e+00
  -4.3199615e+00
  -3.8783674e+00
  -3.4773724e+00
  -3.2690122e+00
  -3.1542852e+00
  -3.0309222e+00
  -2.8411567e+00
  -2.6558454e+00
  -2.5285761e+00
  -2.4979351e+00
  -2.5484548e+00
  -2.6621294e+00
  -2.7612216e+00
  -2.8171387e+00
  -2.8776801e+00
  -2.9092965e+00
  -2.8425517e+00
  -2.7380471e+00
  -2.7426779e+00
  -2.9354787e+00
  -3.2835979e+00
  -3.7138958e+00
  -4.1328540e+00
  -4.3437123e+00
  -3.9333138e+00
  -2.5154073e+00
   1.2983533e+00
   6.6395688e-01
   5.2865940e-01
  -1.2965566e-01
  -2.2394898e+00
  -3.9020576e+00
  -3.8596225e+00
  -9.1366917e-01
   1.3169733e+00
   9.0113722e-02
   5.0734025e-01
  -8.3939755e-01
  -2.3092377e+00
  -2.8129327e+00
  -1.4508885e+00
  -6.0710192e-01
  -3.4128926e+00
  -5.1212420e+00
  -4.8505011e+00
  -4.8223057e+00
  -4.7918930e+00
  -5.0073293e+00
  -4.8344382e+00
  -4.5579666e+00
  -4.2679324e+00
  -4.1135449e+00
  -4.0158830e+00
  -3.7658391e+00
  -3.4514166e+00
  -3.1865042e+00
  -2.9991173e+00
  -2.9481736e+00
  -2.9785033e+00
  -3.0017406e+00
  -3.0541805e+00
  -3.0750538e+00
  -3.0750679e+00
  -3.0723449e+00
  -3.0156363e+00
  -3.0104753e+00
  -3.2442797e+00
  -3.7069023e+00
  -4.2106371e+00
  -4.7103228e+00
  -5.1144475e+00
  -5.2051099e+00
  -4.7789039e+00
  -2.9746684e+00
  -3.6701362e-02
  -2.4203377e-01
  -1.6356056e-02
  -6.7159007e-01
  -2.9504918e+00
  -4.4639081e+00
  -3.8361507e+00
  -7.0855061e-01
   2.0394268e+00
   1.9029465e-01
   1.0234976e-01
  -1.1431033e+00
  -2.7795819e+00
  -2.6114895e+00
  -6.2947248e-01
   9.5131453e-02
  -2.0494568e+00
  -4.6079845e+00
  -5.0617565e+00
  -5.0874752e+00
  -5.0959972e+00
  -4.9139113e+00
  -4.7871647e+00
  -4.5777769e+00
  -4.3399210e+00
  -4.1962557e+00
  -4.0537868e+00
  -3.7426126e+00
  -3.3942223e+00
  -3.1379426e+00
  -3.0171165e+00
  -3.0421171e+00
  -3.0886993e+00
  -3.0860391e+00
  -3.1190119e+00
  -3.1331279e+00
  -3.1078062e+00
  -3.0953176e+00
  -3.1634464e+00
  -3.4112661e+00
  -3.8990021e+00
  -4.5081205e+00
  -5.0477748e+00
  -5.4920936e+00
  -5.7286410e+00
  -5.5798345e+00
  -4.7194276e+00
  -1.6351278e+00
  -4.9790725e-01
  -2.8538340e-01
  -5.5175459e-01
  -1.0199525e+00
  -3.5897307e+00
  -4.5993958e+00
  -3.5749023e+00
  -7.8727925e-01
   2.4499917e+00
   4.2335427e-01
   3.2891642e-02
  -1.1345537e+00
  -2.7143309e+00
  -2.1368096e+00
  -1.0123631e-01
   6.2096316e-01
  -9.8844022e-01
  -2.5489879e+00
  -4.5867610e+00
  -4.9468374e+00
  -4.9765248e+00
  -4.3724251e+00
  -4.2056980e+00
  -4.0025301e+00
  -3.7860663e+00
  -3.6365728e+00
  -3.4372127e+00
  -3.1031497e+00
  -2.7744894e+00
  -2.6214368e+00
  -2.6655767e+00
  -2.8079500e+00
  -2.9231677e+00
  -2.9814770e+00
  -3.0366530e+00
  -3.0856380e+00
  -3.1470575e+00
  -3.2821696e+00
  -3.6070120e+00
  -4.1105437e+00
  -4.6870379e+00
  -5.2439628e+00
  -5.6722054e+00
  -5.9166956e+00
  -5.9029269e+00
  -5.4572563e+00
  -4.3347082e+00
  -6.2328809e-01
  -2.6779893e-01
   2.4181926e-01
  -5.2673453e-01
  -9.6151620e-01
  -3.7228987e+00
  -4.1930676e+00
  -3.2147281e+00
  -7.9316461e-01
   1.9126525e+00
   2.3108798e-01
   2.3105409e-02
  -6.7481714e-01
  -2.2314289e+00
  -1.6643800e+00
   1.2316937e-01
   1.0946736e+00
  -3.3991939e-01
  -1.2021326e+00
  -3.0246763e+00
  -4.4625225e+00
  -4.4772978e+00
  -3.4597945e+00
  -3.1864293e+00
  -2.9381690e+00
  -2.7226067e+00
  -2.5868590e+00
  -2.3573411e+00
  -2.0727842e+00
  -1.8958644e+00
  -1.9305439e+00
  -2.1530271e+00
  -2.4126401e+00
  -2.6265211e+00
  -2.8031919e+00
  -2.9552414e+00
  -3.1591349e+00
  -3.4466290e+00
  -3.8419764e+00
  -4.3429875e+00
  -4.8761988e+00
  -5.3389101e+00
  -5.7033582e+00
  -5.9250832e+00
  -5.9336410e+00
  -5.6511950e+00
  -4.8021340e+00
  -2.6393135e+00
   6.8027312e-01
   4.3466631e-01
   4.7894013e-01
   1.0707586e-01
  -4.0945014e-01
  -2.7326102e+00
  -3.4055130e+00
  -2.9023676e+00
  -7.5875258e-01
   1.4859186e+00
  -8.5500389e-02
  -2.4830350e-01
  -2.7954647e-01
  -1.9987751e+00
  -1.5403289e+00
   4.1755798e-01
   9.9099857e-01
  -3.1395847e-01
  -1.3497666e+00
  -2.5828903e+00
  -3.6944101e+00
  -3.7022762e+00
  -2.4006473e+00
  -1.9665318e+00
  -1.6649504e+00
  -1.4251145e+00
  -1.3480775e+00
  -1.1769336e+00
  -1.1012952e+00
  -1.2092719e+00
  -1.4557583e+00
  -1.8258283e+00
  -2.1864272e+00
  -2.5030383e+00
  -2.8181974e+00
  -3.1297583e+00
  -3.5236878e+00
  -3.9997602e+00
  -4.4909075e+00
  -4.9552119e+00
  -5.3524426e+00
  -5.6187390e+00
  -5.7430299e+00
  -5.7323588e+00
  -5.5292061e+00
  -4.9809917e+00
  -3.6663532e+00
  -6.0828129e-01
   3.1686258e+00
   1.7482293e+00
   3.1019925e-01
   1.5335456e-03
  -1.2649339e-01
  -1.7286732e+00
  -2.9181489e+00
  -2.6536383e+00
  -7.3302369e-01
   9.6961278e-01
  -5.6361124e-01
  -6.6246710e-01
  -4.6428227e-01
  -2.0485348e+00
  -1.6872194e+00
   6.7218451e-01
   7.3034178e-01
  -9.0922182e-01
  -2.9549360e+00
  -3.0648946e+00
  -2.9681861e+00
  -2.8383061e+00
  -1.3301227e+00
  -7.4396400e-01
  -4.4848743e-01
  -1.5546803e-01
  -3.2065760e-01
  -3.4492042e-01
  -5.8072737e-01
  -1.0103537e+00
  -1.4891705e+00
  -2.0201811e+00
  -2.4707746e+00
  -2.8467664e+00
  -3.2339665e+00
  -3.6537969e+00
  -4.1237404e+00
  -4.5959280e+00
  -4.9839094e+00
  -5.2773345e+00
  -5.4585007e+00
  -5.5164169e+00
  -5.4276474e+00
  -5.1670540e+00
  -4.7066768e+00
  -3.8308241e+00
  -2.0559090e+00
   1.5114443e+00
   4.4835933e+00
   2.2412049e+00
   2.7346014e-01
  -8.5738849e-01
  -3.7427761e-01
  -1.5776988e+00
  -2.7327282e+00
  -2.3430563e+00
  -7.0988886e-01
   5.4744557e-01
  -8.6713057e-01
  -1.1034482e+00
  -1.6130999e+00
  -2.9524769e+00
  -1.8431635e+00
   7.6543890e-01
   7.6742993e-01
  -1.3009587e+00
  -3.1467747e+00
  -2.5934061e+00
  -2.2827903e+00
  -1.9476075e+00
  -3.7136101e-01
   3.2809772e-01
   4.5573568e-01
   8.3634805e-01
   3.3244344e-01
   2.9406031e-02
  -5.3482709e-01
  -1.2941528e+00
  -2.0501972e+00
  -2.7840819e+00
  -3.3515565e+00
  -3.7730670e+00
  -4.1576259e+00
  -4.5307310e+00
  -4.8891223e+00
  -5.2027219e+00
  -5.4262713e+00
  -5.5335248e+00
  -5.5083059e+00
  -5.3415483e+00
  -5.0292915e+00
  -4.5050938e+00
  -3.7230227e+00
  -2.4425456e+00
  -3.3024441e-01
   2.8645469e+00
   3.5399410e+00
   1.7318997e+00
   7.9737981e-03
  -1.9967812e+00
  -1.1671679e+00
  -2.1157285e+00
  -2.4437465e+00
  -1.6500933e+00
  -2.8760483e-01
   4.8982593e-01
  -8.0115919e-01
  -1.4158413e+00
  -3.6378429e+00
  -4.9559563e+00
  -2.6061436e+00
   4.1325143e-02
   5.1190528e-01
  -1.5286258e+00
  -2.5410837e+00
  -2.0065566e+00
  -1.4869504e+00
  -1.0485957e+00
   5.9153616e-01
   2.0899122e+00
   2.1822956e+00
   1.6017189e+00
   5.6264704e-01
   1.9351637e-02
  -8.2313776e-01
  -1.8611692e+00
  -2.8740492e+00
  -3.8038585e+00
  -4.5048318e+00
  -5.0022254e+00
  -5.3856616e+00
  -5.6762457e+00
  -5.8833013e+00
  -6.0113115e+00
  -6.0460763e+00
  -5.9627786e+00
  -5.7518911e+00
  -5.4033990e+00
  -4.9391122e+00
  -4.2678456e+00
  -3.2663329e+00
  -1.7368635e+00
   4.8223320e-01
   2.1525288e+00
   9.9893087e-01
   9.3062699e-01
  -4.5070708e-02
  -1.9357015e+00
  -1.8084686e+00
  -2.3071022e+00
  -1.5125079e+00
  -3.3846134e-01
   6.7632085e-01
   4.8048064e-01
  -3.5137498e-01
  -1.0568948e+00
  -3.7208376e+00
  -6.2187328e+00
  -3.7944114e+00
  -1.2491598e+00
  -7.8309041e-01
  -2.1597359e+00
  -1.8614721e+00
  -1.1636326e+00
  -5.7856739e-01
  -1.4916287e-01
   1.0346974e+00
   8.0689373e-01
   1.4569095e+00
   1.7009229e+00
   4.5628804e-01
  -2.3460980e-01
  -1.2076101e+00
  -2.3773696e+00
  -3.4974168e+00
  -4.4847621e+00
  -5.2296127e+00
  -5.7657202e+00
  -6.1396768e+00
  -6.3673594e+00
  -6.4598047e+00
  -6.4185807e+00
  -6.2374413e+00
  -5.9498308e+00
  -5.5809572e+00
  -5.1434840e+00
  -4.6589054e+00
  -4.0302763e+00
  -3.1029388e+00
  -1.7589391e+00
   2.7345654e-02
   1.3754528e+00
   2.0943940e-01
   4.5643399e-01
  -2.3663537e-01
  -1.2436384e+00
  -9.9027085e-01
  -1.5819097e+00
  -5.2296704e-01
   3.8906301e-02
   1.2545884e-01
  -1.2174711e-01
  -5.3859186e-02
  -6.0162603e-01
  -3.4485593e+00
  -6.8654295e+00
  -4.0508599e+00
  -2.2425060e+00
  -2.1028733e+00
  -2.1818750e+00
  -1.0763417e+00
  -3.2858338e-01
   3.1281193e-01
   6.7126838e-01
   9.7463835e-01
   3.7591247e-01
   4.4104607e-01
   1.1431053e+00
   1.2670849e-01
  -5.7162767e-01
  -1.4234409e+00
  -2.5133595e+00
  -3.5610757e+00
  -4.4676232e+00
  -5.1764062e+00
  -5.7058251e+00
  -6.0691783e+00
  -6.2709310e+00
  -6.3278362e+00
  -6.2327797e+00
  -5.9729965e+00
  -5.6139787e+00
  -5.1971663e+00
  -4.7428402e+00
  -4.2842116e+00
  -3.7162607e+00
  -2.9332558e+00
  -2.0251179e+00
  -1.0916140e+00
   3.7169997e-01
   9.7725439e-02
   1.2202351e-02
  -7.6665392e-01
  -8.6576434e-01
  -5.0970441e-01
  -9.9836302e-01
   2.8498783e-01
  -3.7962507e-01
  -4.4620109e-01
  -6.0844992e-01
  -9.6256409e-02
  -3.1841593e-01
  -3.2053152e+00
  -6.3744080e+00
  -3.8392222e+00
  -2.5778281e+00
  -2.1502793e+00
  -1.3663998e+00
  -2.0581618e-01
   4.6283260e-01
   1.2331776e+00
   9.4060040e-01
   8.0586565e-01
  -1.8267053e-01
  -9.0947759e-01
   4.3885177e-01
  -3.2115486e-01
  -9.6418452e-01
  -1.6441450e+00
  -2.5450110e+00
  -3.4183309e+00
  -4.1671715e+00
  -4.7830315e+00
  -5.2674747e+00
  -5.6067309e+00
  -5.7899914e+00
  -5.8410177e+00
  -5.7579136e+00
  -5.5111523e+00
  -5.1194324e+00
  -4.6121030e+00
  -4.0698452e+00
  -3.6297252e+00
  -3.2656302e+00
  -2.9027829e+00
  -2.7122190e+00
  -2.8227220e+00
  -2.4255924e+00
  -1.1565380e+00
  -1.0764811e+00
  -1.4546862e+00
  -1.7295640e+00
  -6.3710201e-01
   8.5384861e-02
   7.5241870e-01
  -1.0148503e+00
  -9.3661714e-01
  -1.0996256e+00
  -6.0516804e-01
  -3.7382549e-01
  -1.4059374e+00
  -3.5003219e+00
  -3.3432636e+00
  -2.3670368e+00
  -1.5012556e+00
  -3.0130538e-01
   6.1986148e-01
   1.1632111e+00
   1.9716283e+00
   1.1911110e+00
   2.1093181e-01
  -3.5055360e-01
  -6.6673642e-01
  -4.6754371e-02
  -8.1794941e-01
  -1.4754677e+00
  -2.1403227e+00
  -2.9226127e+00
  -3.6496325e+00
  -4.2358661e+00
  -4.7346048e+00
  -5.1438622e+00
  -5.4244199e+00
  -5.5434108e+00
  -5.5219607e+00
  -5.3797817e+00
  -5.1067095e+00
  -4.6999607e+00
  -4.1549678e+00
  -3.5633471e+00
  -3.1797945e+00
  -3.1697915e+00
  -3.4502027e+00
  -3.8718209e+00
  -4.5577002e+00
  -5.0565467e+00
  -2.9039469e+00
  -4.3007770e+00
  -3.1780336e+00
  -3.3304114e+00
  -1.1297126e+00
   6.9935942e-01
   8.9869988e-01
  -1.4114064e+00
  -1.0933627e+00
  -1.9072764e+00
  -1.2037561e+00
  -6.4052522e-01
  -4.1270930e-01
  -1.6277521e+00
  -2.3830147e+00
  -2.2829518e+00
  -8.8352078e-01
   5.4125720e-01
   1.2123458e+00
   1.6647509e+00
   2.3935895e+00
   1.4329933e+00
  -2.4509066e-01
  -5.4815620e-01
  -7.0442861e-01
  -8.3334219e-01
  -1.2918479e+00
  -2.0178106e+00
  -2.7929101e+00
  -3.5794492e+00
  -4.2638102e+00
  -4.7981272e+00
  -5.2843099e+00
  -5.7005920e+00
  -6.0169683e+00
  -6.2142582e+00
  -6.2654300e+00
  -6.1429868e+00
  -5.8623791e+00
  -5.4522176e+00
  -4.9141893e+00
  -4.3291588e+00
  -3.8961749e+00
  -3.8725255e+00
  -4.3301096e+00
  -4.8566504e+00
  -5.4739475e+00
  -6.2868977e+00
  -6.2721128e+00
  -6.4462471e+00
  -5.9938450e+00
  -4.0859456e+00
  -1.8548249e+00
   4.5501748e-01
   8.0734026e-01
  -1.5208813e+00
  -1.5630108e+00
  -3.3125439e+00
  -2.7758489e+00
  -1.7709984e+00
  -2.9115742e-01
  -1.3106312e+00
  -2.3642201e+00
  -3.0229797e+00
  -1.0608866e+00
   7.1881557e-01
   1.3618975e+00
   1.6245203e+00
   2.1250875e+00
   1.4047673e+00
  -7.6212595e-01
  -1.6586091e+00
  -2.6427893e+00
  -1.7099854e+00
  -1.7343305e+00
  -2.5288316e+00
  -3.4366657e+00
  -4.2462256e+00
  -4.8879760e+00
  -5.3895415e+00
  -5.8594974e+00
  -6.2830919e+00
  -6.6698589e+00
  -6.9921355e+00
  -7.1823344e+00
  -7.1743197e+00
  -6.9740910e+00
  -6.6186747e+00
  -6.1338533e+00
  -5.5805124e+00
  -5.0029085e+00
  -4.5522726e+00
  -4.6086038e+00
  -5.0996545e+00
  -5.7499374e+00
  -6.6057305e+00
  -6.7123417e+00
  -6.6818394e+00
  -6.2249307e+00
  -4.7416785e+00
  -3.0749089e+00
  -5.9082613e-01
   4.9139097e-01
  -1.9338288e+00
  -1.6810412e+00
  -3.9465227e+00
  -4.7890122e+00
  -4.4665501e+00
  -2.1085068e+00
  -2.7331814e+00
  -3.3866036e+00
  -3.9236371e+00
  -1.4881268e+00
   8.1581824e-01
   1.4477417e+00
   1.2761076e+00
   1.4280892e+00
   9.1406315e-01
  -1.0721236e+00
  -2.5984878e+00
  -3.5774451e+00
  -2.2851369e+00
  -2.1546049e+00
  -2.9676899e+00
  -3.9799960e+00
  -4.7849058e+00
  -5.3384221e+00
  -5.7556012e+00
  -6.1372845e+00
  -6.5095603e+00
  -6.9341365e+00
  -7.3414002e+00
  -7.6213894e+00
  -7.7219267e+00
  -7.6315966e+00
  -7.3748475e+00
  -6.9683520e+00
  -6.4233400e+00
  -5.7204864e+00
  -4.7913164e+00
  -4.0535040e+00
  -4.7315249e+00
  -5.5754388e+00
  -6.4558770e+00
  -6.6505071e+00
  -6.5945856e+00
  -6.2150457e+00
  -5.3081983e+00
  -4.1572957e+00
  -2.1191242e+00
  -1.3684985e-01
  -2.9790121e+00
  -2.9088811e+00
  -3.8146169e+00
  -5.8473675e+00
  -7.2491675e+00
  -7.4595185e+00
  -7.1908189e+00
  -5.3738282e+00
  -4.3198747e+00
  -1.5518551e+00
   1.4742628e+00
   2.0619082e+00
   1.3460329e+00
   1.2716452e+00
   3.2614025e-01
  -1.0664133e+00
  -2.6472750e+00
  -3.8531275e+00
  -2.7270701e+00
  -2.5744514e+00
  -3.3534477e+00
  -4.3892350e+00
  -5.1488380e+00
  -5.6098948e+00
  -5.9062281e+00
  -6.1600184e+00
  -6.4297795e+00
  -6.8037786e+00
  -7.2379355e+00
  -7.5883713e+00
  -7.7958674e+00
  -7.8216810e+00
  -7.6667137e+00
  -7.3260002e+00
  -6.7504587e+00
  -5.8540087e+00
  -4.4293423e+00
  -2.5698740e+00
  -1.7409240e+00
  -4.6369019e+00
  -6.1440034e+00
  -6.3825932e+00
  -6.4243007e+00
  -6.1861596e+00
  -5.6150379e+00
  -4.9166241e+00
  -3.6856771e+00
  -9.6843255e-01
  -2.5506392e+00
  -3.3531439e+00
  -4.7015090e+00
  -7.1219578e+00
  -8.7118731e+00
  -9.9232864e+00
  -8.7618618e+00
  -5.9018822e+00
  -4.5223217e+00
  -1.7961218e+00
   2.1378276e+00
   2.9564991e+00
   1.8815165e+00
   1.2207001e+00
  -6.6326052e-02
  -5.1586056e-01
  -2.3356314e+00
  -3.8499746e+00
  -3.1268163e+00
  -3.0150044e+00
  -3.6921866e+00
  -4.6249266e+00
  -5.3048692e+00
  -5.7056160e+00
  -5.8889933e+00
  -6.0268078e+00
  -6.1665320e+00
  -6.4020300e+00
  -6.7811394e+00
  -7.1757369e+00
  -7.4749775e+00
  -7.5972819e+00
  -7.5194750e+00
  -7.2092748e+00
  -6.5904913e+00
  -5.4720922e+00
  -3.5548923e+00
  -1.4982268e+00
  -3.0749106e-01
  -3.4145358e+00
  -5.5489330e+00
  -5.8111863e+00
  -5.9665775e+00
  -5.9311476e+00
  -5.6511569e+00
  -5.3071103e+00
  -4.7507348e+00
  -2.0549283e+00
  -1.8094181e+00
  -4.3745136e+00
  -7.4831333e+00
  -7.2954922e+00
  -8.1813221e+00
  -8.9367056e+00
  -7.6805830e+00
  -5.8982191e+00
  -4.6360469e+00
  -2.3255517e+00
   2.0722489e+00
   3.5734632e+00
   2.8651397e+00
   1.3810165e+00
   4.5980984e-01
   5.5654996e-01
  -9.7531075e-01
  -2.3195400e+00
  -3.2729472e+00
  -3.3569032e+00
  -3.8651822e+00
  -4.6079730e+00
  -5.1904720e+00
  -5.5612019e+00
  -5.6949261e+00
  -5.7493289e+00
  -5.7675841e+00
  -5.8485968e+00
  -6.1120150e+00
  -6.4864590e+00
  -6.8378231e+00
  -7.0393187e+00
  -7.0247084e+00
  -6.7370593e+00
  -6.0831816e+00
  -4.7765574e+00
  -2.4015152e+00
  -2.3148862e-01
   3.3054440e-01
  -2.7037121e+00
  -4.5887975e+00
  -4.7852954e+00
  -5.0774645e+00
  -5.3405078e+00
  -5.3605145e+00
  -5.2571009e+00
  -4.9996446e+00
  -3.0598620e+00
  -1.7564792e+00
  -4.0647259e+00
  -7.4727708e+00
  -6.9272872e+00
  -7.5275059e+00
  -7.7011648e+00
  -6.4975616e+00
  -5.3970783e+00
  -4.5056757e+00
  -2.7923743e+00
   8.5379590e-01
   2.6008023e+00
   2.7029764e+00
   2.3364541e+00
   2.7118734e+00
   1.1076884e+00
  -4.7952116e-01
  -1.3661827e+00
  -3.1231792e+00
  -3.3456795e+00
  -3.6915424e+00
  -4.2744932e+00
  -4.7774596e+00
  -5.1311259e+00
  -5.2748609e+00
  -5.2857351e+00
  -5.2189469e+00
  -5.1992803e+00
  -5.3650870e+00
  -5.6815968e+00
  -6.0263734e+00
  -6.2653232e+00
  -6.3180690e+00
  -6.0642686e+00
  -5.3781257e+00
  -3.9220269e+00
  -1.2479570e+00
   4.2408454e-01
   2.4197549e-02
  -2.5826521e+00
  -3.2770281e+00
  -3.2616477e+00
  -3.7252502e+00
  -4.3446469e+00
  -4.6688118e+00
  -4.7855616e+00
  -4.8590651e+00
  -4.0938725e+00
  -2.0014215e+00
  -1.7115107e+00
  -6.0092230e+00
  -6.3829255e+00
  -6.6455851e+00
  -6.3057637e+00
  -4.9576788e+00
  -4.1579227e+00
  -3.9979124e+00
  -2.8306723e+00
  -1.1541756e+00
   1.3184547e+00
   1.0285541e+00
   2.0186164e+00
   3.2206018e+00
   9.5013481e-01
  -1.8120524e-01
  -1.1918079e+00
  -2.5948968e+00
  -2.7903130e+00
  -3.1010294e+00
  -3.6329951e+00
  -4.0732412e+00
  -4.4018741e+00
  -4.5902863e+00
  -4.6157646e+00
  -4.5125198e+00
  -4.4367208e+00
  -4.5431962e+00
  -4.8128543e+00
  -5.1025300e+00
  -5.3114963e+00
  -5.3565383e+00
  -5.0889421e+00
  -4.3772464e+00
  -2.8389790e+00
  -1.3940169e-01
   9.9311978e-01
  -1.5567695e-01
  -2.2434897e+00
  -1.7886233e+00
  -1.3656828e+00
  -1.9842581e+00
  -2.9313643e+00
  -3.5749784e+00
  -3.9451449e+00
  -4.1284714e+00
  -3.9898536e+00
  -2.6159937e+00
  -2.2522924e+00
  -5.0016055e+00
  -5.4555879e+00
  -5.4156446e+00
  -4.8273764e+00
  -3.2951539e+00
  -1.9680743e+00
  -2.5945127e+00
  -2.0328076e+00
  -2.0570984e+00
   1.7272633e+00
   4.7463995e-01
   7.8761739e-01
   2.4190850e+00
   3.1078541e-01
  -7.5404033e-02
  -1.0804256e+00
  -1.6398154e+00
  -1.6829016e+00
  -2.1063108e+00
  -2.6652033e+00
  -3.1082833e+00
  -3.4229665e+00
  -3.6494141e+00
  -3.7251863e+00
  -3.6607709e+00
  -3.5583637e+00
  -3.6144335e+00
  -3.8429570e+00
  -4.0862360e+00
  -4.2332749e+00
  -4.2085795e+00
  -3.8822701e+00
  -3.1291394e+00
  -1.6065166e+00
   7.5126153e-01
   6.5894008e-01
  -3.8913736e-01
  -1.7481356e+00
  -3.4490842e-01
   4.2196292e-01
  -1.9256119e-01
  -1.2432345e+00
  -2.1339288e+00
  -2.8388214e+00
  -3.4121444e+00
  -4.0839934e+00
  -5.8219156e+00
  -6.7658496e+00
  -4.1396294e+00
  -4.0248666e+00
  -3.7396560e+00
  -3.1143680e+00
  -1.7293335e+00
  -4.6216595e-01
  -1.8552035e+00
  -1.0977316e+00
  -3.8331404e-01
   2.6866987e+00
   2.0549340e+00
   9.5241034e-01
   1.3534112e+00
  -5.9057403e-01
  -5.2893609e-01
  -5.6830728e-01
  -4.9724422e-02
  -1.4350604e-01
  -7.6487255e-01
  -1.3767530e+00
  -1.8099226e+00
  -2.1226978e+00
  -2.3612013e+00
  -2.5035586e+00
  -2.5231426e+00
  -2.4791188e+00
  -2.5351610e+00
  -2.7000730e+00
  -2.8914680e+00
  -2.9860351e+00
  -2.8926184e+00
  -2.5166769e+00
  -1.7154917e+00
  -2.5169146e-01
   1.3696445e+00
   1.1525507e+00
  -1.2535347e+00
  -1.6549383e+00
   9.6317714e-01
   1.6784378e+00
   1.1294216e+00
   3.8947654e-01
  -4.7050399e-01
  -1.3993294e+00
  -2.3280811e+00
  -3.2983992e+00
  -3.9904807e+00
  -4.1339431e+00
  -2.4582086e+00
  -1.8995436e+00
  -1.4560808e+00
  -1.1176426e+00
  -4.7522026e-01
  -6.9112122e-01
  -1.5237762e+00
  -1.6461876e-01
   1.0896895e+00
   1.0635803e+00
   1.7969508e+00
   1.5004753e+00
   2.5924587e-01
  -9.3512326e-01
  -9.9429637e-01
  -1.2432160e-01
   1.0132340e+00
   8.0205886e-01
   2.5230898e-01
  -2.3168252e-01
  -5.4251293e-01
  -8.1712215e-01
  -1.0484144e+00
  -1.2241369e+00
  -1.3347959e+00
  -1.4184880e+00
  -1.5230289e+00
  -1.6519508e+00
  -1.7744771e+00
  -1.8170423e+00
  -1.7133349e+00
  -1.3471175e+00
  -5.4216001e-01
   9.0531611e-01
   1.2074778e+00
   8.9102661e-01
  -1.1749278e+00
  -6.4132998e-01
   7.4427311e-01
   8.2725512e-01
   1.4207598e+00
   1.4181134e+00
   8.8004833e-01
   6.8523068e-03
  -1.0894659e+00
  -2.2423879e+00
  -2.1293341e+00
  -6.9117932e-01
   2.0591575e-01
   3.3532732e-01
   5.0808534e-01
   6.7794035e-01
   7.4623425e-02
  -5.2826962e-01
  -2.3868070e-02
   9.6356618e-01
   1.7661619e+00
   3.0160593e-01
   3.6630370e-01
   1.1501618e+00
   1.1067860e+00
   2.4431172e-01
  -6.3836700e-01
   2.2021930e-01
   1.0855531e+00
   7.4449474e-01
   5.3549582e-01
   4.5383054e-01
   4.1636676e-01
   2.8352576e-01
   1.1497894e-01
  -4.3593600e-02
  -2.2182037e-01
  -4.1525707e-01
  -5.8235621e-01
  -6.8834621e-01
  -7.3554409e-01
  -7.0466202e-01
  -6.0398000e-01
  -3.2493231e-01
   4.1989622e-01
   1.6317550e+00
   9.6845084e-01
   6.6809392e-01
  -1.0985932e+00
  -4.5849991e-01
   2.5772792e-01
   4.7854829e-01
   9.0060228e-01
   1.7461790e+00
   1.7128437e+00
   1.2316582e+00
   2.5347811e-01
  -9.0183556e-01
  -7.3958033e-01
  -2.0738639e-01
   9.9803436e-01
   1.8484985e+00
   1.1797005e+00
   1.7549182e+00
   1.5709466e+00
   1.5085293e+00
   2.0495565e+00
   2.7290606e+00
   1.7305341e+00
   2.9082787e-01
   5.8497447e-01
   1.3823208e+00
   1.8761150e+00
   8.4108084e-01
  -4.2626001e-02
   5.0114697e-01
   9.9156648e-01
  -1.6298537e-01
  -8.0280095e-02
   4.4377601e-01
   8.6271942e-01
   9.9767137e-01
   9.5532739e-01
   8.2048100e-01
   6.3149714e-01
   4.1489840e-01
   2.5311330e-01
   1.7025462e-01
   1.7106125e-01
   2.3964210e-01
   3.3033544e-01
   5.0942314e-01
   1.0516633e+00
   1.8603156e+00
   9.3986052e-01
   8.2530543e-02
  -1.4892406e+00
  -2.7975893e-01
   2.4820656e-01
   5.7911885e-01
   5.1147747e-01
   8.6619729e-01
   1.3798782e+00
   1.3088742e+00
   1.2194142e+00
   5.5518186e-01
   8.0537885e-01
   5.5735335e-03
   5.2675396e-01
   1.6441526e+00
   1.5089427e+00
   1.7712815e+00
   2.3627491e+00
   3.0316930e+00
   3.3700609e+00
   3.1581223e+00
   1.5686285e+00
   1.0685658e+00
   4.9154210e-01
   1.0097445e+00
   1.4538760e+00
   6.3748491e-01
   3.5655493e-01
   5.7899177e-01
   1.8342005e+00
  -2.7295488e-01
  -1.1013327e+00
   1.0092571e-02
   8.1934750e-01
   1.2191452e+00
   1.3439572e+00
   1.2838268e+00
   1.1451693e+00
   9.8815167e-01
   8.8765466e-01
   8.9023632e-01
   9.3906295e-01
   1.0048019e+00
   1.0820998e+00
   1.1610951e+00
   1.2905450e+00
   1.6689742e+00
   9.7223759e-01
  -2.9838535e-01
  -1.1708628e+00
  -3.3827436e-01
   1.8029932e-02
   4.3668523e-01
   7.4042201e-01
   7.4585068e-01
   5.1779413e-01
   6.6526771e-01
   1.5595380e+00
   1.7124021e+00
   1.4756812e+00
   2.9621407e-01
   4.6367097e-01
   9.1071725e-01
   1.5701058e+00
   1.6601150e+00
   2.3082848e+00
   3.3356657e+00
   3.9548745e+00
   2.7279577e+00
   9.0409815e-01
   6.8686974e-01
   1.2405788e+00
   7.1955079e-01
   3.8067222e-01
   1.7762179e-02
   2.3558029e-01
   1.0500283e+00
   7.1692445e-01
   1.0264092e+00
  -1.3316037e+00
  -2.3029193e-01
   5.5001414e-01
   1.0609007e+00
   1.3003677e+00
   1.3433763e+00
   1.3228345e+00
   1.2967550e+00
   1.2911523e+00
   1.3793418e+00
   1.5207073e+00
   1.6680041e+00
   1.7490583e+00
   1.7189697e+00
   1.4283921e+00
   3.9115803e-01
   6.0686268e-01
   5.7221265e-01
  -3.4206222e-01
  -4.9337524e-01
  -2.1004864e-01
   1.1591025e-01
   4.8911905e-01
   8.7348925e-01
   7.3764762e-01
   1.0190935e+00
   1.7600385e+00
   2.1855290e+00
   6.8710240e-01
   2.8229079e-01
   8.8212012e-01
   1.1567027e+00
   1.1756208e+00
   1.7440344e+00
   1.8495737e+00
   2.8229939e+00
   1.8235173e+00
   7.3161939e-01
   2.7863551e-01
   5.2808339e-01
   4.8132473e-01
   5.3338796e-01
  -8.7315153e-03
   4.8968807e-01
   5.2673864e-01
   6.9492710e-01
  -2.3851784e-01
   2.7048333e+00
  -5.2465677e-02
  -2.6168889e-01
   1.4851439e-01
   6.5238363e-01
   9.4274974e-01
   1.1075447e+00
   1.1957091e+00
   1.2779398e+00
   1.3898585e+00
   1.5610760e+00
   1.7947606e+00
   2.0617802e+00
   2.1521232e+00
   2.0111432e+00
   1.6818434e+00
   1.0620401e+00
   4.8165143e-01
   1.3199228e+00
  -6.4335239e-01
  -5.8576918e-01
  -1.9871362e-01
   7.4385732e-02
   2.5565019e-01
   3.9116037e-01
   4.7644201e-01
   7.3273861e-01
   1.9389654e+00
   2.8805268e+00
   1.4591234e+00
   9.8449868e-01
   1.4930120e+00
   1.0078709e+00
   1.1767927e+00
   1.0514492e+00
   9.8484272e-01
   1.1312898e+00
   3.6431229e-01
   2.3758160e-01
   3.2297277e-01
   2.4707243e-01
   5.2955854e-01
   3.0043367e-01
   7.4766862e-01
   5.2909428e-01
   2.3112850e-01
   3.0536637e-01
  -3.4288016e-01
   2.3972356e+00
   6.1960459e-01
  -3.8876873e-01
  -6.0657567e-01
  -1.2879618e-01
   1.4758626e-01
   3.5222742e-01
   6.6592818e-01
   8.4896785e-01
   1.1031655e+00
   1.4659566e+00
   1.8879373e+00
   2.1734664e+00
   2.2703903e+00
   2.2647266e+00
   1.8259339e+00
   9.4229108e-01
  -4.4191894e-01
   1.3499681e+00
  -1.1040155e+00
  -6.0900271e-01
  -1.6160396e-01
   4.9729887e-02
   2.7344677e-01
   2.3794764e-01
   1.3032569e-01
   2.2706009e-01
  -1.7685376e-01
   8.5322750e-01
   8.9889759e-01
   8.3329868e-01
   2.3472245e-01
   4.4053394e-01
   6.1439866e-01
   5.2137756e-01
   2.2275335e-01
   2.0198342e-01
   2.8831181e-01
  -2.5330093e-02
  -1.6665380e-01
   1.7505284e-01
   5.7354689e-01
   6.0335100e-01
   6.3452464e-01
   2.3404731e-01
  -2.0234959e-01
  -1.7124672e-01
  -3.9921731e-01
   1.2973018e+00
  -9.8193258e-02
   1.8305124e-01
  -8.7777294e-02
  -9.8199171e-01
  -9.2453092e-01
  -4.9250135e-01
  -2.2259647e-01
   2.0045799e-01
   6.4900529e-01
   1.0994918e+00
   1.6326864e+00
   1.9048206e+00
   2.0347369e+00
   1.8269502e+00
   1.4761715e+00
  -1.0799530e+00
   7.3902726e-01
   5.7518160e-01
  -7.4400967e-01
  -5.1112348e-01
  -5.2678343e-02
   1.3052075e-01
   2.6939511e-01
   1.4638379e-01
   2.8168000e-02
   2.2693139e-01
  -4.6793747e-01
   1.0771631e-01
  -5.8919601e-02
   1.1190729e-02
   8.2884148e-02
   3.3493862e-01
   3.8020319e-01
   5.2538270e-01
   2.4713491e-01
  -1.7901963e-01
  -1.6780412e-01
  -2.2097166e-01
  -2.5961187e-01
   1.6078591e-01
   1.1883920e-01
   5.1964164e-02
   4.1473113e-02
   7.3793322e-01
  -1.2089726e-01
   4.8281528e-02
  -4.6634224e-01
  -2.7434927e-01
  -8.0049455e-01
   1.7747500e+00
  -3.2919414e-02
  -1.5664696e+00
  -1.6066971e+00
  -1.5117278e+00
  -1.1802261e+00
  -6.0008198e-01
  -2.5761612e-03
   5.0824159e-01
   7.0437217e-01
   7.0406657e-01
   4.7072023e-01
   5.9520644e-01
  -7.8027976e-01
  -3.2540715e+00
   2.8045924e+00
  -2.6929624e-02
  -4.7254613e-01
  -3.1098023e-01
   6.2683262e-02
   1.5973625e-01
   1.9040896e-01
   1.1180863e-01
  -1.1298565e-01
  -1.3416640e-01
  -5.8770627e-01
  -1.2469643e-01
   2.9268628e-01
   1.5507653e-01
  -3.6585703e-02
  -1.0514479e-02
   4.2536297e-01
   6.4601320e-01
   2.0794180e-01
  -2.0594095e-01
  -9.3865976e-02
  -3.3584818e-02
   3.9106719e-02
  -3.0972812e-01
  -5.5299795e-01
  -5.2958977e-01
  -1.0145701e-01
   3.7778005e-01
  -3.8932878e-01
  -9.4523120e-01
  -3.5267740e-01
   3.2212535e-01
   6.9880582e-02
  -1.2982488e-03
   3.9693528e-01
  -6.1883777e-01
  -1.4570736e+00
  -1.4895576e+00
  -1.4916968e+00
  -9.5422041e-01
  -5.4616696e-01
  -1.5044069e+00
  -3.5265265e+00
  -2.2877312e+00
  -1.3894540e+00
  -1.9526358e+00
  -2.5231230e+00
   4.1965752e+00
   5.2475939e+00
  -4.4568464e-02
  -4.8493046e-01
  -3.7858505e-02
   1.9284731e-01
   2.3907189e-01
   2.0604758e-01
  -1.6752423e-01
  -3.0355111e-01
  -9.1565259e-02
  -6.4262003e-01
  -1.1617411e+00
  -1.2209978e-01
   5.1736093e-01
   1.1555558e-01
  -9.1141903e-01
  -1.0614878e+00
  -7.4648273e-01
  -8.0184054e-01
  -3.2213348e-01
   8.0499537e-02
  -1.6928750e-01
  -3.3904749e-01
  -4.8576736e-01
  -6.8449050e-01
  -4.5244658e-01
   4.5766011e-01
  -8.2453769e-01
  -8.3047611e-01
  -5.9575343e-01
  -4.7052404e-01
  -4.7017750e-01
  -4.9227044e-01
  -4.5967314e-01
  -2.9707468e-01
  -1.7053041e-01
  -4.4505209e-02
   1.5289502e-01
   1.5034956e-01
  -2.6826220e-02
  -1.9520517e-01
  -3.7993088e-01
  -5.9515470e-01
  -5.5651295e-01
   3.1869867e-01
   1.6851494e+00
   1.6842784e+00
   2.9216003e-01
  -4.3153521e-01
  -4.3787572e-01
  -2.0780101e-01
   4.5344077e-02
   8.1077188e-02
  -2.0028992e-01
  -5.6562257e-01
  -5.8288163e-01
  -6.2405720e-02
   1.1022932e-01
  -3.6933196e-01
  -1.0390915e+00
  -3.0901787e-01
   2.2810677e-01
  -1.1778296e-01
  -4.8268169e-01
  -2.7795377e-01
  -9.8089151e-02
  -1.7768992e-01
  -1.3670245e-01
  -2.1392220e-01
  -5.9642255e-01
  -8.0131787e-01
  -6.3783431e-01
  -3.4763891e-01
  -4.2181522e-01
  -6.6225809e-01
