   0.0000000e+00
   0.0000000e+00
   0.0000000e+00
   0.0000000e+00
   0.0000000e+00
   0.0000000e+00
   0.0000000e+00
   0.0000000e+00
   0.0000000e+00
   0.0000000e+00
   2.6893140e-03
  -7.0928559e-03
  -9.1147564e-03
  -4.6077452e-03
   1.5722981e-03
  -0.0000000e+00
   0.0000000e+00
   0.0000000e+00
   0.0000000e+00
   0.0000000e+00
   0.0000000e+00
   0.0000000e+00
   0.0000000e+00
   0.0000000e+00
   0.0000000e+00
   0.0000000e+00
   0.0000000e+00
  -0.0000000e+00
  -0.0000000e+00
   0.0000000e+00
   0.0000000e+00
   0.0000000e+00
   0.0000000e+00
   0.0000000e+00
   0.0000000e+00
   0.0000000e+00
   0.0000000e+00
   0.0000000e+00
   0.0000000e+00
   0.0000000e+00
   0.0000000e+00
   0.0000000e+00
   0.0000000e+00
   0.0000000e+00
   0.0000000e+00
   0.0000000e+00
   0.0000000e+00
   0.0000000e+00
  -0.0000000e+00
  -0.0000000e+00
  -0.0000000e+00
  -0.0000000e+00
  -0.0000000e+00
  -0.0000000e+00
  -0.0000000e+00
   0.0000000e+00
  -0.0000000e+00
  -2.0115245e-02
  -1.2095244e-02
  -1.0670108e-02
  -7.2054465e-03
  -7.6724048e-04
  -9.2197320e-04
  -3.2770408e-03
  -7.5668974e-03
  -1.1783580e-02
  -1.8532365e-02
  -2.0327585e-02
  -2.1651893e-02
  -2.7969456e-02
  -2.7301645e-02
  -2.5826149e-02
   0.0000000e+00
   0.0000000e+00
  -0.0000000e+00
  -0.0000000e+00
   7.7285627e-03
   1.0557741e-02
   8.7193067e-03
   8.9587649e-05
   2.0121186e-03
  -0.0000000e+00
  -2.3877863e-02
  -3.2073207e-02
  -3.2875331e-02
  -7.2009500e-03
   0.0000000e+00
   0.0000000e+00
   0.0000000e+00
  -0.0000000e+00
  -0.0000000e+00
  -0.0000000e+00
  -0.0000000e+00
  -0.0000000e+00
  -0.0000000e+00
   0.0000000e+00
  -0.0000000e+00
  -0.0000000e+00
  -0.0000000e+00
  -0.0000000e+00
  -0.0000000e+00
  -0.0000000e+00
  -0.0000000e+00
   0.0000000e+00
  -9.4874597e-03
  -1.0912275e-02
  -8.4198415e-03
  -6.4395073e-03
   0.0000000e+00
   8.0381028e-04
  -5.4268673e-04
   4.6767262e-03
   8.9444872e-03
   1.1689733e-02
   1.0438562e-02
   8.8548604e-03
   8.3813770e-03
   5.7394626e-03
   1.8309752e-03
  -5.7332259e-03
  -1.1695233e-02
  -0.0000000e+00
   0.0000000e+00
   6.7750644e-03
   9.7545842e-03
   1.5222906e-02
   2.0070584e-02
   2.1643916e-02
   1.8428685e-02
   1.7889924e-02
   1.6261656e-02
   1.5086222e-02
   1.6483294e-02
   2.1607522e-02
   2.9199138e-02
   3.0817044e-02
   3.9206070e-02
   2.9653176e-02
   2.2236157e-02
   1.6202603e-02
   1.1741992e-03
  -1.8957488e-02
  -4.0128649e-02
  -4.9979878e-02
   0.0000000e+00
   0.0000000e+00
   0.0000000e+00
   0.0000000e+00
   0.0000000e+00
   0.0000000e+00
   0.0000000e+00
   0.0000000e+00
  -5.9619713e-03
  -3.5698866e-03
   1.7757168e-03
   6.0221893e-03
   3.2708516e-03
   0.0000000e+00
   1.6192587e-02
   2.4262894e-02
   2.9546253e-02
   3.2515664e-02
   3.5104886e-02
   3.4963988e-02
   3.4589205e-02
   3.2415424e-02
   2.8408846e-02
   2.4952184e-02
   2.2385409e-02
   3.3093983e-02
   0.0000000e+00
   1.6648322e-02
   1.2791818e-02
   1.5960347e-02
   2.3634572e-02
   2.9874962e-02
   3.3238079e-02
   3.7648603e-02
   4.3285951e-02
   4.9842563e-02
   5.6419041e-02
   6.3206613e-02
   6.8908907e-02
   6.9425866e-02
   7.1159743e-02
   7.6510645e-02
   7.4982047e-02
   6.8756908e-02
   6.2157732e-02
   5.3800635e-02
   3.8520399e-02
   3.7399147e-02
   0.0000000e+00
   0.0000000e+00
   0.0000000e+00
   0.0000000e+00
   0.0000000e+00
   0.0000000e+00
   0.0000000e+00
   0.0000000e+00
  -1.9177627e-03
   5.3440896e-03
   1.5032337e-02
   2.2116249e-02
   2.5387645e-02
   3.3963846e-02
   3.7889998e-02
   4.6814404e-02
   5.1043440e-02
   5.4017574e-02
   5.7401095e-02
   5.8445614e-02
   5.8612589e-02
   5.7232678e-02
   5.2694701e-02
   4.7704484e-02
   4.3363333e-02
   3.3887064e-02
   0.0000000e+00
   1.0921764e-02
   8.9153891e-03
   1.2998677e-02
   2.2926189e-02
   3.3757504e-02
   4.2744119e-02
   4.9043346e-02
   5.6188814e-02
   6.4987719e-02
   7.1984082e-02
   7.7256508e-02
   8.1904598e-02
   8.4520370e-02
   8.8003606e-02
   9.3532674e-02
   9.8084018e-02
   9.7495496e-02
   9.6641332e-02
   9.3033351e-02
   8.0154240e-02
   5.8473118e-02
   0.0000000e+00
   0.0000000e+00
   0.0000000e+00
   0.0000000e+00
   0.0000000e+00
   0.0000000e+00
   0.0000000e+00
   0.0000000e+00
   8.5934041e-03
   2.1717359e-02
   3.2467898e-02
   3.9697115e-02
   4.4214138e-02
   5.0347573e-02
   5.7336192e-02
   6.3573964e-02
   6.8584748e-02
   7.1727769e-02
   7.3553258e-02
   7.4817562e-02
   7.5751947e-02
   7.4649619e-02
   7.0650422e-02
   6.4951673e-02
   5.3980662e-02
   3.0467996e-02
   0.0000000e+00
  -0.0000000e+00
   2.7960786e-03
   9.4793143e-03
   2.1935739e-02
   3.6729482e-02
   5.0732589e-02
   5.8905970e-02
   6.2495284e-02
   6.5689825e-02
   6.6024118e-02
   6.5940522e-02
   6.4207621e-02
   6.5611579e-02
   7.5999217e-02
   8.9553426e-02
   1.0001234e-01
   1.0784787e-01
   1.1594451e-01
   1.1622052e-01
   1.0435433e-01
   9.1877007e-02
   8.5994157e-02
   0.0000000e+00
   0.0000000e+00
   0.0000000e+00
   0.0000000e+00
   0.0000000e+00
   0.0000000e+00
   0.0000000e+00
   2.2711702e-02
   3.6564995e-02
   4.5745775e-02
   5.1157448e-02
   5.4510787e-02
   5.8694467e-02
   6.4859800e-02
   6.9891065e-02
   7.3371671e-02
   7.5377718e-02
   7.7143535e-02
   7.8916535e-02
   7.9808354e-02
   7.9574361e-02
   7.7190980e-02
   7.1096785e-02
   5.7811867e-02
   2.9668480e-02
   0.0000000e+00
   0.0000000e+00
   2.7366250e-03
   8.9779310e-03
   2.1767547e-02
   3.7753034e-02
   5.3781211e-02
   6.1544247e-02
   5.8084264e-02
   5.7780251e-02
   5.4007955e-02
   4.8063222e-02
   4.2635705e-02
   4.3860361e-02
   5.6747008e-02
   7.3268019e-02
   8.5405424e-02
   9.7595111e-02
   1.1077499e-01
   1.1517002e-01
   1.0953555e-01
   9.4165737e-02
   7.8216265e-02
   7.0550330e-02
   0.0000000e+00
   0.0000000e+00
   0.0000000e+00
   0.0000000e+00
   0.0000000e+00
   0.0000000e+00
   5.0577335e-02
   4.9361754e-02
   5.3369984e-02
   5.6084510e-02
   5.6807138e-02
   5.8991421e-02
   6.2683545e-02
   6.4809345e-02
   6.6236958e-02
   6.7959659e-02
   6.9038488e-02
   7.0426166e-02
   7.1627676e-02
   7.2236232e-02
   7.1286038e-02
   6.6719130e-02
   5.5871684e-02
   3.6646757e-02
   3.0678585e-02
   0.0000000e+00
   5.4739592e-03
   6.0899081e-03
   1.7769961e-02
   3.2742321e-02
   4.8468057e-02
   5.2897166e-02
   4.2191677e-02
   5.5316061e-02
   0.0000000e+00
   1.3216498e-02
   1.7332956e-02
   2.2532845e-02
   3.6285572e-02
   5.1347714e-02
   6.2516861e-02
   7.4190952e-02
   8.7156564e-02
   9.4512440e-02
   9.4833545e-02
   8.8816896e-02
   6.8080701e-02
   7.0850972e-02
   0.0000000e+00
   0.0000000e+00
   0.0000000e+00
   0.0000000e+00
   0.0000000e+00
   8.0071982e-02
   7.0580319e-02
   6.1060566e-02
   5.7799891e-02
   5.6234002e-02
   5.4311629e-02
   5.2733224e-02
   5.2024975e-02
   5.1920585e-02
   5.2646317e-02
   5.3538531e-02
   5.3711019e-02
   5.4017875e-02
   5.5067874e-02
   5.6563646e-02
   5.7179715e-02
   5.5123154e-02
   4.7722314e-02
   3.4954872e-02
   2.6756403e-02
   0.0000000e+00
  -0.0000000e+00
   7.7281126e-04
   1.2128835e-02
   2.4172058e-02
   3.7190542e-02
   3.6891866e-02
   2.3017586e-02
   0.0000000e+00
   0.0000000e+00
  -0.0000000e+00
   1.5451035e-03
   6.4703426e-03
   1.7215136e-02
   2.6854031e-02
   3.5641834e-02
   4.7187626e-02
   6.0035847e-02
   6.8295665e-02
   7.0521146e-02
   6.9545224e-02
   4.8677731e-02
   6.1060909e-02
   6.7618184e-02
   0.0000000e+00
   6.9497474e-02
   8.5858928e-02
   8.7229537e-02
   8.2511090e-02
   6.9571413e-02
   6.0081199e-02
   5.4004755e-02
   4.8726890e-02
   4.3693658e-02
   3.9815288e-02
   3.6998518e-02
   3.5418976e-02
   3.5008881e-02
   3.5019800e-02
   3.4952421e-02
   3.5269473e-02
   3.6470622e-02
   3.8637549e-02
   3.9857946e-02
   3.9094348e-02
   3.4610219e-02
   2.4732130e-02
   1.5131874e-02
   0.0000000e+00
   0.0000000e+00
  -2.2482113e-03
   1.4424438e-03
   1.2985323e-02
   2.3102909e-02
   1.8543454e-02
   3.5074586e-03
   0.0000000e+00
   0.0000000e+00
  -0.0000000e+00
  -8.4087458e-03
   5.2546624e-04
   1.1032081e-03
  -3.6301464e-04
   6.1703175e-03
   1.9500710e-02
   3.2324355e-02
   3.9939482e-02
   4.2509474e-02
   4.3631591e-02
   2.3759678e-02
   3.8126285e-02
   5.0703749e-02
   5.6195867e-02
   6.2697594e-02
   7.0623986e-02
   7.1801533e-02
   6.3442010e-02
   5.3279962e-02
   4.5077487e-02
   3.8454650e-02
   3.2054329e-02
   2.6217207e-02
   2.2137870e-02
   1.8769418e-02
   1.6276400e-02
   1.5331125e-02
   1.4854380e-02
   1.5100201e-02
   1.6137670e-02
   1.8316460e-02
   2.0688315e-02
   2.1825725e-02
   2.1020805e-02
   1.8174743e-02
   1.4215684e-02
   1.1020362e-02
   0.0000000e+00
   0.0000000e+00
  -0.0000000e+00
  -1.7325566e-02
  -1.6536870e-03
   7.2236522e-03
  -2.3588074e-06
  -6.8557518e-03
   0.0000000e+00
   0.0000000e+00
  -0.0000000e+00
  -1.5648876e-02
  -8.1317143e-03
  -1.4946725e-02
  -2.7885761e-02
  -2.1992495e-02
  -4.6608595e-03
   7.4106292e-03
   1.2776996e-02
   1.4660969e-02
   1.6937853e-02
  -5.0517044e-04
   1.0974413e-02
   2.3816725e-02
   3.2375816e-02
   3.6259923e-02
   4.2042118e-02
   4.0178001e-02
   3.4929574e-02
   2.8532054e-02
   2.2515846e-02
   1.7015202e-02
   1.1873038e-02
   6.8707042e-03
   2.3496295e-03
  -1.0665720e-03
  -2.6827606e-03
  -3.6078840e-03
  -4.1447030e-03
  -3.4990325e-03
  -1.4546260e-03
   1.8983160e-03
   3.8811609e-03
   4.0904367e-03
   2.8210185e-03
   4.7108158e-04
   2.4671815e-03
   6.2013154e-03
   0.0000000e+00
   0.0000000e+00
  -0.0000000e+00
  -3.9713978e-02
  -1.8878832e-02
  -9.2788804e-03
  -1.4915640e-02
  -6.3797799e-03
   0.0000000e+00
   0.0000000e+00
   0.0000000e+00
  -2.2912655e-02
  -1.3631795e-02
  -2.6553229e-02
  -5.2835137e-02
  -4.7431037e-02
  -2.4748430e-02
  -1.4513055e-02
  -1.1402236e-02
  -1.0227291e-02
  -7.4607306e-03
  -2.3988629e-02
  -1.4889777e-02
  -5.4064109e-03
   2.3170977e-04
   4.1284747e-03
   8.3436035e-03
   8.0705630e-03
   5.9318477e-03
   3.3427528e-03
   4.2103318e-05
  -3.4695407e-03
  -7.1498612e-03
  -1.1375752e-02
  -1.5430334e-02
  -1.8644772e-02
  -2.0113358e-02
  -2.1206465e-02
  -2.0923885e-02
  -1.9070905e-02
  -1.6022103e-02
  -1.2991428e-02
  -1.2499708e-02
  -1.3692946e-02
  -1.5982626e-02
  -1.8380404e-02
  -8.2429899e-03
   1.5080446e-02
   0.0000000e+00
   0.0000000e+00
   0.0000000e+00
  -0.0000000e+00
  -3.1751523e-02
  -2.4807779e-02
  -2.9691266e-02
  -2.8074175e-02
   0.0000000e+00
   0.0000000e+00
   0.0000000e+00
  -0.0000000e+00
  -2.2719650e-02
  -3.3759655e-02
  -5.2388575e-02
  -4.6225267e-02
  -4.1669309e-02
  -3.4409095e-02
  -3.2775916e-02
  -3.2257073e-02
  -2.9942330e-02
  -4.0733512e-02
  -3.4038074e-02
  -2.7008398e-02
  -2.2179514e-02
  -1.8182870e-02
  -1.5007063e-02
  -1.4224603e-02
  -1.3830291e-02
  -1.3976896e-02
  -1.5118817e-02
  -1.6944937e-02
  -1.9869493e-02
  -2.3697475e-02
  -2.6809091e-02
  -2.9772190e-02
  -3.1523529e-02
  -3.1955555e-02
  -3.0489776e-02
  -2.7584063e-02
  -2.4903387e-02
  -2.3844812e-02
  -2.5357785e-02
  -2.8345777e-02
  -3.1990875e-02
  -3.4197643e-02
  -2.2261659e-02
  -5.2366349e-04
   0.0000000e+00
   0.0000000e+00
   0.0000000e+00
   0.0000000e+00
  -3.0147670e-02
  -3.6028318e-02
  -3.5361726e-02
  -1.7818392e-02
   0.0000000e+00
   0.0000000e+00
   0.0000000e+00
  -0.0000000e+00
  -3.1405177e-02
  -3.0669540e-02
  -2.8635159e-02
  -4.1894673e-02
  -4.8836014e-02
  -4.7029801e-02
  -4.6390273e-02
  -4.6568669e-02
  -4.5022488e-02
  -5.1404119e-02
  -4.7367718e-02
  -4.2408779e-02
  -3.8110144e-02
  -3.4927730e-02
  -3.2132585e-02
  -2.9821193e-02
  -2.7424240e-02
  -2.5609467e-02
  -2.4866549e-02
  -2.5814334e-02
  -2.8310297e-02
  -3.1299934e-02
  -3.3839624e-02
  -3.5824265e-02
  -3.7002333e-02
  -3.6311094e-02
  -3.3854131e-02
  -3.1223038e-02
  -3.0871164e-02
  -3.2684959e-02
  -3.6434051e-02
  -4.1375022e-02
  -4.6101369e-02
  -4.8195150e-02
  -3.9028227e-02
  -1.7268202e-02
   0.0000000e+00
   0.0000000e+00
   0.0000000e+00
   0.0000000e+00
  -3.1295734e-02
  -4.2526037e-02
  -3.1422634e-02
  -1.7240378e-04
   0.0000000e+00
   0.0000000e+00
   0.0000000e+00
  -0.0000000e+00
  -2.8901888e-02
  -2.2226047e-02
  -1.1366393e-02
   0.0000000e+00
  -5.3712524e-02
  -5.2446451e-02
  -5.2970786e-02
  -5.4336280e-02
  -5.3772956e-02
  -5.6010854e-02
  -5.4152661e-02
  -5.0847666e-02
  -4.7153288e-02
  -4.4741744e-02
  -4.1703990e-02
  -3.7910420e-02
  -3.4246876e-02
  -3.1410847e-02
  -3.0176427e-02
  -3.1021059e-02
  -3.2584272e-02
  -3.4002926e-02
  -3.5882759e-02
  -3.6661948e-02
  -3.6401711e-02
  -3.5014331e-02
  -3.2919507e-02
  -3.2424368e-02
  -3.5400103e-02
  -4.0389466e-02
  -4.6222696e-02
  -5.2516097e-02
  -5.7605390e-02
  -6.0078509e-02
  -5.1679896e-02
  -4.2298694e-02
   0.0000000e+00
   0.0000000e+00
   0.0000000e+00
   0.0000000e+00
  -3.5650168e-02
  -4.3662085e-02
  -2.6846350e-02
   8.5416769e-04
   0.0000000e+00
   0.0000000e+00
   0.0000000e+00
  -0.0000000e+00
  -2.7565750e-02
  -1.4480217e-02
  -1.2526351e-03
   0.0000000e+00
  -0.0000000e+00
  -5.0509302e-02
  -5.4155310e-02
  -5.6601156e-02
  -5.6884297e-02
  -5.4368742e-02
  -5.3449675e-02
  -5.1313557e-02
  -4.8600793e-02
  -4.6407491e-02
  -4.2826071e-02
  -3.8251206e-02
  -3.4489416e-02
  -3.2142133e-02
  -3.1581450e-02
  -3.2284293e-02
  -3.2727256e-02
  -3.3210691e-02
  -3.3901289e-02
  -3.3574097e-02
  -3.2478340e-02
  -3.1685188e-02
  -3.2046832e-02
  -3.5139401e-02
  -4.1248973e-02
  -4.8261799e-02
  -5.5033498e-02
  -6.1079267e-02
  -6.4970568e-02
  -6.4243421e-02
  -4.5561935e-02
  -2.6873532e-02
   0.0000000e+00
   0.0000000e+00
   0.0000000e+00
   0.0000000e+00
  -3.9851977e-02
  -4.1184094e-02
  -2.4059910e-02
  -1.6412681e-03
   0.0000000e+00
   0.0000000e+00
   0.0000000e+00
  -0.0000000e+00
  -2.4113177e-02
  -8.3086006e-03
   3.9172670e-03
   0.0000000e+00
   0.0000000e+00
  -4.3857366e-02
  -5.1461479e-02
  -5.4273415e-02
  -5.4716729e-02
  -4.6653207e-02
  -4.5617431e-02
  -4.4452265e-02
  -4.2683680e-02
  -4.0196158e-02
  -3.5984050e-02
  -3.1588204e-02
  -2.8699910e-02
  -2.7892467e-02
  -2.8564854e-02
  -2.9408764e-02
  -2.9821631e-02
  -3.0177869e-02
  -3.0222682e-02
  -3.0006951e-02
  -3.0201785e-02
  -3.1951111e-02
  -3.6018517e-02
  -4.2191148e-02
  -4.9363695e-02
  -5.6065321e-02
  -6.1438765e-02
  -6.4980544e-02
  -6.5484516e-02
  -5.9429947e-02
  -4.4139310e-02
   0.0000000e+00
   0.0000000e+00
   0.0000000e+00
   0.0000000e+00
   0.0000000e+00
  -0.0000000e+00
  -3.7160087e-02
  -2.1551453e-02
  -3.6448604e-03
   0.0000000e+00
   0.0000000e+00
   0.0000000e+00
   0.0000000e+00
  -2.1806749e-02
  -3.5233826e-03
   5.4787159e-03
   0.0000000e+00
   0.0000000e+00
   0.0000000e+00
  -4.6718916e-02
  -4.8477259e-02
  -4.7926780e-02
  -3.5076998e-02
  -3.3103272e-02
  -3.2106213e-02
  -3.0507389e-02
  -2.7391514e-02
  -2.3324005e-02
  -2.0459181e-02
  -1.9340811e-02
  -2.0225558e-02
  -2.2285622e-02
  -2.4141328e-02
  -2.5740838e-02
  -2.6940681e-02
  -2.8033013e-02
  -3.0177211e-02
  -3.3732012e-02
  -3.8833544e-02
  -4.5136817e-02
  -5.1772986e-02
  -5.7464261e-02
  -6.1676525e-02
  -6.3807987e-02
  -6.3104317e-02
  -5.8375664e-02
  -4.2981669e-02
  -1.8066509e-02
   0.0000000e+00
   0.0000000e+00
   0.0000000e+00
   0.0000000e+00
   0.0000000e+00
  -0.0000000e+00
  -3.2732561e-02
  -1.8548779e-02
  -4.3359133e-03
   0.0000000e+00
   0.0000000e+00
   0.0000000e+00
   0.0000000e+00
  -2.2554187e-02
  -5.6294765e-04
   7.7607613e-03
   0.0000000e+00
   0.0000000e+00
  -0.0000000e+00
  -3.8875583e-02
  -4.0421620e-02
  -3.8342159e-02
  -2.2057391e-02
  -1.8659936e-02
  -1.6970961e-02
  -1.5455525e-02
  -1.2568952e-02
  -1.0100093e-02
  -9.9955244e-03
  -1.1146184e-02
  -1.3507999e-02
  -1.6787932e-02
  -1.9695304e-02
  -2.2579722e-02
  -2.5705684e-02
  -2.9404523e-02
  -3.4633508e-02
  -4.0840159e-02
  -4.7407134e-02
  -5.3532272e-02
  -5.8714665e-02
  -6.1885364e-02
  -6.2917080e-02
  -6.1353862e-02
  -5.6217007e-02
  -4.5907694e-02
  -2.3312209e-02
   2.7787851e-03
   0.0000000e+00
   0.0000000e+00
   0.0000000e+00
   0.0000000e+00
   0.0000000e+00
  -0.0000000e+00
  -2.8401488e-02
  -1.5074749e-02
  -3.5610888e-03
   0.0000000e+00
   0.0000000e+00
   0.0000000e+00
   0.0000000e+00
  -0.0000000e+00
   9.9639944e-04
   1.0216426e-02
   0.0000000e+00
  -0.0000000e+00
  -3.6305444e-02
  -3.2994861e-02
  -3.2047128e-02
  -2.7957283e-02
  -8.6989166e-03
  -4.5483706e-03
  -2.1652483e-03
  -2.3494597e-03
  -1.5563745e-03
  -1.7906456e-03
  -4.6296341e-03
  -8.1013548e-03
  -1.2041754e-02
  -1.6346850e-02
  -1.9966136e-02
  -2.3701639e-02
  -2.8228665e-02
  -3.3544773e-02
  -3.9835958e-02
  -4.6169675e-02
  -5.1929913e-02
  -5.6334938e-02
  -5.9137955e-02
  -5.9974447e-02
  -5.8211416e-02
  -5.3343307e-02
  -4.4685393e-02
  -3.0211316e-02
  -6.1141643e-03
   1.9385356e-02
   0.0000000e+00
   0.0000000e+00
   0.0000000e+00
   0.0000000e+00
   0.0000000e+00
  -0.0000000e+00
  -2.3161774e-02
  -1.1460725e-02
  -2.6823785e-03
   0.0000000e+00
   0.0000000e+00
   0.0000000e+00
   0.0000000e+00
   0.0000000e+00
   4.4872911e-03
   1.0706508e-02
   7.2514335e-03
  -0.0000000e+00
  -3.5442138e-02
  -2.7473770e-02
  -2.3453367e-02
  -1.7427358e-02
   3.5261793e-03
   7.1344934e-03
   9.1197049e-03
   5.9378542e-03
   3.5217516e-03
   4.9529880e-04
  -5.1056881e-03
  -1.1204071e-02
  -1.7479452e-02
  -2.3389255e-02
  -2.8054450e-02
  -3.2358805e-02
  -3.6802454e-02
  -4.1160046e-02
  -4.5663248e-02
  -4.9668367e-02
  -5.2800733e-02
  -5.4365098e-02
  -5.3933925e-02
  -5.1645494e-02
  -4.7151848e-02
  -3.9834993e-02
  -2.9134469e-02
  -1.3800422e-02
   6.2900590e-03
   2.7011099e-02
   0.0000000e+00
   0.0000000e+00
   0.0000000e+00
   0.0000000e+00
  -0.0000000e+00
  -2.3194541e-02
  -1.5835614e-02
  -6.5827155e-03
  -1.8610974e-04
   0.0000000e+00
   0.0000000e+00
   0.0000000e+00
   0.0000000e+00
   0.0000000e+00
  -1.0837553e-03
   5.4039004e-03
   6.2713747e-03
  -0.0000000e+00
  -2.8214896e-02
  -1.9355466e-02
  -1.3870740e-02
  -7.4317585e-03
   1.5300353e-02
   2.7836125e-02
   2.3252859e-02
   9.6355611e-03
   4.0646461e-03
  -1.2573496e-03
  -9.3622748e-03
  -1.8164428e-02
  -2.6906896e-02
  -3.4687515e-02
  -4.0590852e-02
  -4.5263231e-02
  -4.8962109e-02
  -5.1493600e-02
  -5.3098891e-02
  -5.3508755e-02
  -5.2863486e-02
  -5.1012449e-02
  -4.7545128e-02
  -4.2978749e-02
  -3.7341047e-02
  -2.9534707e-02
  -1.8990088e-02
  -5.2283984e-03
   1.0510193e-02
   1.7155347e-02
   0.0000000e+00
   0.0000000e+00
   0.0000000e+00
  -0.0000000e+00
  -2.0081426e-02
  -2.3728654e-02
  -6.9335618e-03
   3.8009595e-04
   3.1643574e-03
   0.0000000e+00
   0.0000000e+00
   0.0000000e+00
   0.0000000e+00
   0.0000000e+00
  -1.1482098e-02
  -4.5656338e-03
  -6.9503797e-03
  -2.6214503e-02
  -1.7114405e-02
  -8.6949160e-03
  -3.7230577e-03
   1.6920367e-03
   9.8817311e-03
   0.0000000e+00
   2.6630479e-02
   1.0765456e-02
   2.5253002e-03
  -3.8884191e-03
  -1.3001511e-02
  -2.2857052e-02
  -3.2270674e-02
  -4.0346394e-02
  -4.6443572e-02
  -5.0982857e-02
  -5.3847381e-02
  -5.4996044e-02
  -5.4484111e-02
  -5.2244571e-02
  -4.8788255e-02
  -4.4901876e-02
  -4.0490745e-02
  -3.5962600e-02
  -3.1153185e-02
  -2.4835960e-02
  -1.6335001e-02
  -5.8784627e-03
   5.3205232e-03
   9.6270687e-03
   0.0000000e+00
   0.0000000e+00
   0.0000000e+00
  -0.0000000e+00
  -1.3320512e-02
  -1.3570033e-02
  -7.1679478e-03
   0.0000000e+00
   0.0000000e+00
   0.0000000e+00
   0.0000000e+00
   0.0000000e+00
   0.0000000e+00
   0.0000000e+00
  -1.8957449e-02
  -1.3083271e-02
  -1.8876964e-02
  -1.6315706e-02
  -6.8297108e-03
   3.8114803e-04
   4.9441400e-03
   7.2156820e-03
   0.0000000e+00
   0.0000000e+00
   1.9711337e-02
   9.7709156e-03
   3.2724538e-04
  -5.3921983e-03
  -1.3671581e-02
  -2.3072426e-02
  -3.1910743e-02
  -3.9375073e-02
  -4.5322670e-02
  -4.9892643e-02
  -5.2678139e-02
  -5.3652623e-02
  -5.2799382e-02
  -5.0033012e-02
  -4.5959061e-02
  -4.1617437e-02
  -3.7158302e-02
  -3.2949395e-02
  -2.8809704e-02
  -2.3302364e-02
  -1.6755875e-02
  -1.0803808e-02
  -5.0682857e-03
   5.1582160e-03
   0.0000000e+00
   0.0000000e+00
   0.0000000e+00
   0.0000000e+00
  -7.6454133e-03
  -8.9313023e-03
   0.0000000e+00
   0.0000000e+00
   0.0000000e+00
   0.0000000e+00
   0.0000000e+00
   0.0000000e+00
   0.0000000e+00
  -0.0000000e+00
  -2.5018801e-02
  -1.5229879e-02
  -1.4551799e-02
  -5.5590517e-03
   1.2835507e-03
   6.9405563e-03
   1.0059575e-02
   4.9916410e-03
   0.0000000e+00
   0.0000000e+00
   9.2294899e-03
   6.5697460e-03
  -3.4566189e-03
  -8.4968563e-03
  -1.5880188e-02
  -2.4518132e-02
  -3.2402810e-02
  -3.8958263e-02
  -4.4586457e-02
  -4.9249124e-02
  -5.2289467e-02
  -5.3619295e-02
  -5.3125978e-02
  -5.0660200e-02
  -4.6454132e-02
  -4.1065507e-02
  -3.5139352e-02
  -3.0030962e-02
  -2.6602715e-02
  -2.3654478e-02
  -2.1584431e-02
  -2.2367701e-02
  -2.4480004e-02
  -1.6317159e-02
   0.0000000e+00
   0.0000000e+00
   0.0000000e+00
  -8.4475203e-03
  -2.2930040e-03
   1.5632524e-04
   0.0000000e+00
   0.0000000e+00
   0.0000000e+00
   0.0000000e+00
   0.0000000e+00
   0.0000000e+00
   0.0000000e+00
  -0.0000000e+00
  -2.5566617e-02
  -1.3532029e-02
  -6.2532621e-03
   2.7721096e-03
   6.4824987e-03
   1.1726205e-02
   1.1202062e-02
   6.0765709e-03
   0.0000000e+00
   0.0000000e+00
   0.0000000e+00
   1.8787852e-03
  -9.3776863e-03
  -1.5676918e-02
  -2.3720028e-02
  -3.2177567e-02
  -3.9320674e-02
  -4.5005213e-02
  -5.0218236e-02
  -5.4778788e-02
  -5.7846919e-02
  -5.9070531e-02
  -5.8534402e-02
  -5.6116566e-02
  -5.1856954e-02
  -4.5607019e-02
  -3.7926894e-02
  -3.0908914e-02
  -2.7876750e-02
  -2.9290996e-02
  -3.2674998e-02
  -3.8412161e-02
  -4.9133331e-02
  -4.9366233e-02
  -5.1329166e-02
  -5.1329166e-02
  -0.0000000e+00
  -1.8911171e-02
  -2.3065831e-03
   4.6856270e-03
   0.0000000e+00
   0.0000000e+00
   0.0000000e+00
   0.0000000e+00
   0.0000000e+00
   0.0000000e+00
   0.0000000e+00
  -0.0000000e+00
  -2.8060211e-02
  -1.4546991e-02
  -1.3698374e-03
   7.1405070e-03
   9.6384780e-03
   1.4992358e-02
   1.4201662e-02
   6.2899535e-03
   0.0000000e+00
   0.0000000e+00
  -0.0000000e+00
  -4.9274997e-03
  -1.5885124e-02
  -2.5063571e-02
  -3.5247877e-02
  -4.4642851e-02
  -5.2121013e-02
  -5.8078196e-02
  -6.3784100e-02
  -6.9006234e-02
  -7.3325902e-02
  -7.6143630e-02
  -7.6922953e-02
  -7.5165540e-02
  -7.1110018e-02
  -6.4600080e-02
  -5.5638921e-02
  -4.5644611e-02
  -3.8562004e-02
  -3.9119653e-02
  -4.4763509e-02
  -5.0828539e-02
  -6.3401386e-02
  -7.2281655e-02
  -6.9019649e-02
  -6.9810553e-02
  -4.9291287e-02
  -2.8164595e-02
  -8.8962987e-03
   4.9854344e-03
   0.0000000e+00
   0.0000000e+00
   0.0000000e+00
   0.0000000e+00
   0.0000000e+00
   0.0000000e+00
   0.0000000e+00
   0.0000000e+00
  -3.8936436e-02
  -2.2657501e-02
  -2.3681587e-03
   8.9568850e-03
   1.0985030e-02
   1.4279793e-02
   1.2404646e-02
   0.0000000e+00
   0.0000000e+00
  -2.4970043e-02
  -2.2579954e-02
  -1.2090854e-02
  -2.1268324e-02
  -3.3338403e-02
  -4.5925486e-02
  -5.6178074e-02
  -6.3930500e-02
  -7.0105862e-02
  -7.5912368e-02
  -8.1474957e-02
  -8.7243883e-02
  -9.2171295e-02
  -9.4791448e-02
  -9.4150273e-02
  -9.0638650e-02
  -8.4446487e-02
  -7.5603043e-02
  -6.4246837e-02
  -5.1512423e-02
  -4.4320109e-02
  -4.8957526e-02
  -5.6013051e-02
  -6.8393629e-02
  -7.8582217e-02
  -7.5853643e-02
  -7.4452725e-02
  -5.8405947e-02
  -4.2029488e-02
  -2.2179864e-02
  -7.4555741e-04
   0.0000000e+00
   0.0000000e+00
   0.0000000e+00
   0.0000000e+00
   0.0000000e+00
   0.0000000e+00
   0.0000000e+00
   0.0000000e+00
  -5.2016330e-02
  -3.2555671e-02
  -3.9717329e-03
   1.2260821e-02
   1.2082075e-02
   1.0158420e-02
   1.0056637e-02
   0.0000000e+00
   0.0000000e+00
  -3.5239576e-02
  -3.0563098e-02
  -1.8967824e-02
  -2.5418891e-02
  -3.9153966e-02
  -5.3635211e-02
  -6.4029522e-02
  -7.1145295e-02
  -7.6478375e-02
  -8.1103814e-02
  -8.6088319e-02
  -9.2273649e-02
  -9.8364409e-02
  -1.0259110e-01
  -1.0388699e-01
  -1.0211824e-01
  -9.7148690e-02
  -8.8764746e-02
  -7.6621195e-02
  -5.9486516e-02
  -4.1319295e-02
  -4.0096807e-02
  -5.4053349e-02
  -6.6901698e-02
  -7.7568686e-02
  -7.9036629e-02
  -7.6871632e-02
  -6.6681802e-02
  -5.5230469e-02
  -3.9177231e-02
  -1.5281306e-02
   0.0000000e+00
   0.0000000e+00
   0.0000000e+00
   0.0000000e+00
   0.0000000e+00
   0.0000000e+00
   0.0000000e+00
  -0.0000000e+00
  -6.3062304e-02
  -3.8852516e-02
  -2.3768835e-03
   2.0194265e-02
   1.5871884e-02
   9.1054634e-03
   6.7783409e-03
   0.0000000e+00
   0.0000000e+00
  -4.1255497e-02
  -3.6075100e-02
  -2.5785156e-02
  -3.0047841e-02
  -4.3748975e-02
  -5.8421515e-02
  -6.8224624e-02
  -7.4191123e-02
  -7.7942915e-02
  -8.0639616e-02
  -8.4041037e-02
  -8.9356452e-02
  -9.5555805e-02
  -1.0104860e-01
  -1.0469341e-01
  -1.0546768e-01
  -1.0231138e-01
  -9.4307899e-02
  -8.0173746e-02
  -5.8419321e-02
  -3.1150838e-02
  -1.9178275e-02
  -4.8321076e-02
  -6.1804622e-02
  -7.3007300e-02
  -7.7293575e-02
  -7.7019654e-02
  -7.1258239e-02
  -6.4758651e-02
  -5.6495339e-02
  -3.8354032e-02
   0.0000000e+00
   0.0000000e+00
   0.0000000e+00
   0.0000000e+00
   0.0000000e+00
   0.0000000e+00
   0.0000000e+00
  -8.1062237e-02
  -7.0161253e-02
  -4.5293618e-02
  -2.9419791e-03
   2.8738132e-02
   2.2261605e-02
   9.8745199e-03
   4.0693101e-03
   0.0000000e+00
   0.0000000e+00
  -3.9473112e-02
  -3.9945520e-02
  -3.2321148e-02
  -3.5451539e-02
  -4.7699515e-02
  -6.0475186e-02
  -6.9218151e-02
  -7.4188232e-02
  -7.6514751e-02
  -7.7480718e-02
  -7.8553006e-02
  -8.1667148e-02
  -8.6790398e-02
  -9.2536405e-02
  -9.7389042e-02
  -9.9707663e-02
  -9.7811431e-02
  -9.0260699e-02
  -7.4920937e-02
  -4.9757965e-02
  -1.9597121e-02
  -6.8934655e-03
  -3.1432848e-02
  -5.3208020e-02
  -6.4730190e-02
  -7.0248142e-02
  -7.2678901e-02
  -7.1321279e-02
  -6.9623135e-02
  -6.8802774e-02
  -6.0911680e-02
   0.0000000e+00
   0.0000000e+00
   0.0000000e+00
   0.0000000e+00
  -1.0773833e-01
  -1.3047480e-01
  -1.2049139e-01
  -8.4038076e-02
  -7.2890557e-02
  -5.1796667e-02
  -1.0198914e-02
   3.0607291e-02
   3.0776938e-02
   1.5211686e-02
   6.1910544e-03
   0.0000000e+00
   0.0000000e+00
  -0.0000000e+00
  -3.7552400e-02
  -3.6773670e-02
  -3.9335302e-02
  -4.9447560e-02
  -5.9520290e-02
  -6.7118249e-02
  -7.1617207e-02
  -7.3208986e-02
  -7.2973466e-02
  -7.1798294e-02
  -7.2230837e-02
  -7.5470155e-02
  -8.0570167e-02
  -8.5504447e-02
  -8.8256781e-02
  -8.6963032e-02
  -8.0189137e-02
  -6.5050870e-02
  -3.8874838e-02
  -9.6252102e-03
  -2.8553997e-03
  -0.0000000e+00
  -4.4565665e-02
  -5.2140025e-02
  -5.7591081e-02
  -6.3106216e-02
  -6.6667355e-02
  -6.9036125e-02
  -7.2411827e-02
  -6.6490396e-02
  -5.5046335e-02
   0.0000000e+00
  -0.0000000e+00
  -8.2841195e-02
  -9.3440423e-02
  -1.0705681e-01
  -9.6418481e-02
  -7.4122882e-02
  -7.0242844e-02
  -5.4532317e-02
  -3.1915322e-02
   3.0620998e-02
   3.2725454e-02
   1.9737070e-02
   1.2516429e-02
   0.0000000e+00
   0.0000000e+00
   0.0000000e+00
  -3.2530963e-02
  -3.6981750e-02
  -3.9399758e-02
  -4.7780510e-02
  -5.5800989e-02
  -6.2158797e-02
  -6.6385411e-02
  -6.7828290e-02
  -6.6818967e-02
  -6.4165890e-02
  -6.2813684e-02
  -6.4359151e-02
  -6.8302587e-02
  -7.2651148e-02
  -7.5470291e-02
  -7.4931584e-02
  -6.8789482e-02
  -5.4298677e-02
  -2.8434211e-02
  -2.4239463e-03
   1.2924428e-03
  -0.0000000e+00
  -3.6855534e-02
  -3.6893945e-02
  -4.1091118e-02
  -4.9017154e-02
  -5.6415342e-02
  -6.2125176e-02
  -6.8292536e-02
  -6.9694817e-02
  -6.4141082e-02
   0.0000000e+00
  -0.0000000e+00
  -7.3027641e-02
  -7.9458326e-02
  -8.4093846e-02
  -6.9009759e-02
  -5.4693129e-02
  -6.0022611e-02
  -4.9162365e-02
  -4.4047939e-02
   0.0000000e+00
   0.0000000e+00
   0.0000000e+00
   0.0000000e+00
   0.0000000e+00
   0.0000000e+00
   0.0000000e+00
  -2.4810437e-02
  -3.1196726e-02
  -3.3633716e-02
  -4.2013790e-02
  -4.9332831e-02
  -5.4204449e-02
  -5.8096893e-02
  -6.0109966e-02
  -5.8906481e-02
  -5.5598453e-02
  -5.3253118e-02
  -5.3730201e-02
  -5.6262579e-02
  -5.9269316e-02
  -6.1623886e-02
  -6.0876749e-02
  -5.5107933e-02
  -4.1826174e-02
  -1.7565265e-02
   3.7717341e-03
   1.5832309e-03
  -0.0000000e+00
  -2.8403368e-02
  -1.9320758e-02
  -2.1565478e-02
  -3.1088471e-02
  -4.0542413e-02
  -4.8593197e-02
  -5.6131110e-02
  -6.1661132e-02
  -5.6012209e-02
   0.0000000e+00
  -0.0000000e+00
  -5.9245996e-02
  -6.3689530e-02
  -6.3246652e-02
  -4.7126312e-02
  -3.1201556e-02
  -4.0384704e-02
  -3.0221812e-02
  -3.7285212e-02
  -3.9379953e-02
   0.0000000e+00
   0.0000000e+00
   0.0000000e+00
   0.0000000e+00
   0.0000000e+00
   0.0000000e+00
  -0.0000000e+00
  -1.7156988e-02
  -2.0412832e-02
  -3.0277068e-02
  -3.8288511e-02
  -4.2913940e-02
  -4.6570968e-02
  -4.8992239e-02
  -4.8418902e-02
  -4.5728084e-02
  -4.2840518e-02
  -4.2626891e-02
  -4.3887671e-02
  -4.5640454e-02
  -4.7020987e-02
  -4.5657270e-02
  -4.0195875e-02
  -2.8420445e-02
  -6.4550745e-03
   9.8715193e-03
   0.0000000e+00
  -0.0000000e+00
  -1.7875299e-02
   1.6795960e-04
  -5.2358047e-04
  -1.0471325e-02
  -2.1231046e-02
  -3.0558636e-02
  -4.0332496e-02
  -5.1722769e-02
  -6.4709423e-02
  -9.3877410e-02
  -6.3533614e-02
  -4.2659204e-02
  -4.3962047e-02
  -4.1731715e-02
  -2.9335855e-02
  -1.4937898e-02
  -2.2881168e-02
  -1.3434221e-02
  -2.1893272e-02
   2.7607220e-03
   0.0000000e+00
   0.0000000e+00
   0.0000000e+00
   0.0000000e+00
   0.0000000e+00
   0.0000000e+00
   0.0000000e+00
   9.2768706e-03
   3.3560442e-03
  -9.4551882e-03
  -1.9120310e-02
  -2.4910174e-02
  -2.8998513e-02
  -3.2009739e-02
  -3.2698654e-02
  -3.1411711e-02
  -2.9892975e-02
  -2.9753273e-02
  -2.9876554e-02
  -3.0988280e-02
  -3.1394321e-02
  -2.9679561e-02
  -2.4668710e-02
  -1.4037103e-02
   4.0898882e-03
   1.1669392e-02
   0.0000000e+00
  -0.0000000e+00
  -5.6643727e-03
   1.8990000e-02
   1.7201310e-02
   1.0707317e-02
   1.2834944e-03
  -8.8407975e-03
  -1.9967373e-02
  -3.4350142e-02
  -4.8039645e-02
  -5.3296873e-02
  -4.0446773e-02
  -2.1491498e-02
  -1.9981259e-02
  -1.7615825e-02
  -1.3244863e-02
  -9.5238169e-03
  -0.0000000e+00
  -1.2615176e-02
   1.5452968e-02
   1.1309529e-02
   0.0000000e+00
   0.0000000e+00
   0.0000000e+00
   0.0000000e+00
   0.0000000e+00
   0.0000000e+00
   0.0000000e+00
   2.8571756e-02
   2.3294104e-02
   1.2153147e-02
   3.3448592e-03
  -2.9692719e-03
  -8.3155665e-03
  -1.2050296e-02
  -1.4137576e-02
  -1.5065547e-02
  -1.5935308e-02
  -1.6675138e-02
  -1.6623228e-02
  -1.7340188e-02
  -1.7339994e-02
  -1.5892665e-02
  -1.1517028e-02
  -1.5242740e-03
   1.3218407e-02
   1.4705921e-02
   0.0000000e+00
   0.0000000e+00
   0.0000000e+00
   0.0000000e+00
   0.0000000e+00
   2.4864698e-02
   2.0546102e-02
   1.2213766e-02
   4.8063017e-04
  -1.5008701e-02
  -2.6141481e-02
  -2.6130400e-02
  -0.0000000e+00
   3.7890696e-03
   1.0793633e-03
   1.7582502e-03
   1.8362772e-03
   4.9255550e-03
   7.7408403e-03
   4.0624021e-03
   3.1197474e-02
   2.8021627e-02
   0.0000000e+00
   0.0000000e+00
   0.0000000e+00
   0.0000000e+00
   0.0000000e+00
   0.0000000e+00
   0.0000000e+00
   2.6689180e-02
   2.4085116e-02
   2.3797177e-02
   2.1813767e-02
   1.8723445e-02
   1.3368971e-02
   8.7390216e-03
   5.2951658e-03
   1.7561116e-03
  -1.2344867e-03
  -2.9926617e-03
  -3.0619521e-03
  -3.4294338e-03
  -3.4074495e-03
  -2.7079203e-03
   2.2971377e-04
   9.7235525e-03
   1.6883619e-02
   1.3223580e-02
   0.0000000e+00
   0.0000000e+00
   0.0000000e+00
   0.0000000e+00
   0.0000000e+00
   2.9599988e-02
   3.0144017e-02
   2.8391574e-02
   1.9399172e-02
   5.5445200e-03
  -5.7059042e-03
  -5.7279319e-03
   0.0000000e+00
   2.2573865e-02
   1.7571705e-02
   1.8820795e-02
   1.9028541e-02
   1.7787369e-02
   2.4405969e-02
   2.5877042e-02
   3.3351209e-02
   0.0000000e+00
   0.0000000e+00
   0.0000000e+00
   0.0000000e+00
   0.0000000e+00
   0.0000000e+00
   0.0000000e+00
   0.0000000e+00
  -0.0000000e+00
   3.6394000e-03
   1.6320745e-02
   2.7845664e-02
   3.1916566e-02
   3.0350586e-02
   2.6529431e-02
   2.2127315e-02
   1.6879713e-02
   1.2768839e-02
   1.0390135e-02
   1.0295059e-02
   1.0576351e-02
   1.0514344e-02
   9.8780189e-03
   1.0024222e-02
   1.6794745e-02
   1.8376171e-02
   0.0000000e+00
   0.0000000e+00
   0.0000000e+00
   0.0000000e+00
   0.0000000e+00
   0.0000000e+00
   0.0000000e+00
   3.0019124e-02
   3.4085764e-02
   2.9311764e-02
   2.3483735e-02
   1.5622306e-02
   1.7265517e-02
   0.0000000e+00
   0.0000000e+00
   0.0000000e+00
   0.0000000e+00
   2.6413633e-02
   3.6811887e-02
   4.4528801e-02
   4.3444879e-02
   3.2809326e-02
   0.0000000e+00
   0.0000000e+00
   0.0000000e+00
   0.0000000e+00
   0.0000000e+00
   0.0000000e+00
   0.0000000e+00
   0.0000000e+00
  -0.0000000e+00
  -2.2393746e-02
  -4.1209329e-03
   2.1816945e-02
   3.3583999e-02
   3.8041346e-02
   3.7480488e-02
   3.3336490e-02
   2.7859891e-02
   2.3486897e-02
   2.1850362e-02
   2.2520613e-02
   2.3455756e-02
   2.3476990e-02
   2.1876927e-02
   1.8405093e-02
   1.6597668e-02
   1.9600006e-02
   0.0000000e+00
   0.0000000e+00
   0.0000000e+00
   0.0000000e+00
   0.0000000e+00
   0.0000000e+00
   0.0000000e+00
   0.0000000e+00
   0.0000000e+00
   0.0000000e+00
   3.5928488e-02
   3.1119168e-02
   2.6813552e-02
   0.0000000e+00
   0.0000000e+00
   0.0000000e+00
   0.0000000e+00
   0.0000000e+00
   4.4325731e-02
   5.3988119e-02
   5.1105006e-02
   4.5376659e-02
   0.0000000e+00
   0.0000000e+00
   0.0000000e+00
   0.0000000e+00
   0.0000000e+00
   0.0000000e+00
   0.0000000e+00
   0.0000000e+00
   0.0000000e+00
  -3.6202193e-02
  -1.2078012e-02
   1.1195166e-02
   2.6396354e-02
   3.5270356e-02
   3.7298345e-02
   3.5179157e-02
   3.2377008e-02
   2.9400402e-02
   2.9480906e-02
   3.2023139e-02
   3.4406763e-02
   3.5090827e-02
   3.2919817e-02
   2.6824105e-02
   1.2640834e-02
   4.8093187e-03
   0.0000000e+00
   0.0000000e+00
   0.0000000e+00
   0.0000000e+00
   0.0000000e+00
   0.0000000e+00
   0.0000000e+00
   0.0000000e+00
   0.0000000e+00
   0.0000000e+00
   4.9700575e-02
   5.0881424e-02
   0.0000000e+00
   0.0000000e+00
   0.0000000e+00
   0.0000000e+00
   0.0000000e+00
   0.0000000e+00
   0.0000000e+00
   4.7282912e-02
   0.0000000e+00
   0.0000000e+00
   0.0000000e+00
   0.0000000e+00
   0.0000000e+00
   0.0000000e+00
   0.0000000e+00
   0.0000000e+00
   0.0000000e+00
   0.0000000e+00
   0.0000000e+00
  -0.0000000e+00
  -7.6524499e-03
  -4.4392217e-03
   1.3887176e-02
   2.4841834e-02
   2.8484298e-02
   2.9050959e-02
   2.9043820e-02
   2.8678894e-02
   3.0582525e-02
   3.4652967e-02
   3.8878672e-02
   4.1013863e-02
   3.9135374e-02
   3.2825425e-02
   1.9561453e-02
   1.6511731e-02
   0.0000000e+00
   0.0000000e+00
   0.0000000e+00
   0.0000000e+00
   0.0000000e+00
   0.0000000e+00
   0.0000000e+00
   0.0000000e+00
   0.0000000e+00
   4.2110363e-02
   5.4647107e-02
   5.7980424e-02
   0.0000000e+00
   2.1209495e-02
   1.9507398e-02
   0.0000000e+00
   0.0000000e+00
   0.0000000e+00
   0.0000000e+00
   0.0000000e+00
   0.0000000e+00
   0.0000000e+00
   0.0000000e+00
   0.0000000e+00
   0.0000000e+00
   0.0000000e+00
   0.0000000e+00
   0.0000000e+00
   0.0000000e+00
   0.0000000e+00
   0.0000000e+00
   0.0000000e+00
  -7.9933831e-03
  -2.6439757e-02
  -6.4328769e-03
   2.1194743e-03
   8.7746140e-03
   1.3764194e-02
   1.6572436e-02
   2.0224299e-02
   2.5317807e-02
   3.1762764e-02
   3.8258996e-02
   4.1959580e-02
   3.9449535e-02
   3.3530381e-02
   2.4133058e-02
   1.8106563e-02
   0.0000000e+00
   0.0000000e+00
   0.0000000e+00
   0.0000000e+00
   0.0000000e+00
   0.0000000e+00
   0.0000000e+00
   0.0000000e+00
   0.0000000e+00
   1.9232602e-02
   5.1035792e-02
   2.6976453e-02
   4.4382027e-03
   1.1293352e-02
   1.9507398e-02
   0.0000000e+00
   0.0000000e+00
   0.0000000e+00
   0.0000000e+00
   0.0000000e+00
   0.0000000e+00
  -3.3043174e-03
  -3.5472300e-03
   0.0000000e+00
   0.0000000e+00
   0.0000000e+00
   0.0000000e+00
   0.0000000e+00
   0.0000000e+00
   0.0000000e+00
   0.0000000e+00
   0.0000000e+00
   0.0000000e+00
  -0.0000000e+00
  -1.9810662e-02
  -1.9947479e-02
  -1.5190122e-02
  -8.4863063e-03
   2.1245226e-04
   7.6425634e-03
   1.7838323e-02
   2.6300017e-02
   3.3570297e-02
   3.5387229e-02
   3.3082824e-02
   2.6229814e-02
   1.4029983e-02
   6.6738796e-03
   0.0000000e+00
   0.0000000e+00
   0.0000000e+00
   0.0000000e+00
   0.0000000e+00
   0.0000000e+00
   0.0000000e+00
   0.0000000e+00
   0.0000000e+00
   0.0000000e+00
   0.0000000e+00
   0.0000000e+00
   0.0000000e+00
   3.7216974e-03
   0.0000000e+00
   0.0000000e+00
   0.0000000e+00
   0.0000000e+00
   0.0000000e+00
   0.0000000e+00
   0.0000000e+00
  -7.1887247e-03
  -2.4612351e-03
   0.0000000e+00
   0.0000000e+00
   0.0000000e+00
   0.0000000e+00
   0.0000000e+00
   0.0000000e+00
   0.0000000e+00
   0.0000000e+00
   0.0000000e+00
   0.0000000e+00
   0.0000000e+00
  -2.8518635e-02
  -3.5358965e-02
  -3.8188834e-02
  -3.0891523e-02
  -2.0112356e-02
  -2.5040368e-03
   8.8577624e-03
   1.4099629e-02
   1.2143689e-02
   9.6640689e-03
   5.1770904e-03
  -1.4583481e-04
  -1.2140247e-02
   0.0000000e+00
   0.0000000e+00
   0.0000000e+00
   0.0000000e+00
   0.0000000e+00
   0.0000000e+00
   0.0000000e+00
   0.0000000e+00
   0.0000000e+00
   0.0000000e+00
   0.0000000e+00
  -0.0000000e+00
   0.0000000e+00
   0.0000000e+00
   0.0000000e+00
  -1.0729737e-02
   0.0000000e+00
   0.0000000e+00
   0.0000000e+00
   0.0000000e+00
   0.0000000e+00
   0.0000000e+00
  -5.3857188e-03
  -6.3801073e-03
   0.0000000e+00
   0.0000000e+00
   0.0000000e+00
   0.0000000e+00
   0.0000000e+00
   0.0000000e+00
   0.0000000e+00
   0.0000000e+00
   0.0000000e+00
   0.0000000e+00
   0.0000000e+00
  -0.0000000e+00
  -4.6435315e-02
  -5.4736953e-02
  -5.5213124e-02
  -4.1507377e-02
  -1.0876010e-02
  -3.1298921e-03
  -1.2198091e-02
  -0.0000000e+00
  -0.0000000e+00
  -0.0000000e+00
  -0.0000000e+00
  -0.0000000e+00
   0.0000000e+00
   0.0000000e+00
   0.0000000e+00
   0.0000000e+00
   0.0000000e+00
   0.0000000e+00
   0.0000000e+00
   0.0000000e+00
   0.0000000e+00
   0.0000000e+00
  -0.0000000e+00
  -0.0000000e+00
   0.0000000e+00
   0.0000000e+00
   0.0000000e+00
  -0.0000000e+00
  -4.2010138e-02
  -2.7496500e-02
  -1.8990697e-02
  -1.9002821e-02
   0.0000000e+00
  -6.3683381e-03
  -1.1191574e-02
  -9.2277100e-03
   0.0000000e+00
   0.0000000e+00
   0.0000000e+00
   0.0000000e+00
  -0.0000000e+00
  -0.0000000e+00
  -0.0000000e+00
  -0.0000000e+00
  -0.0000000e+00
  -0.0000000e+00
  -0.0000000e+00
  -0.0000000e+00
  -0.0000000e+00
  -0.0000000e+00
  -0.0000000e+00
   0.0000000e+00
   0.0000000e+00
   0.0000000e+00
   0.0000000e+00
  -0.0000000e+00
  -0.0000000e+00
  -0.0000000e+00
  -0.0000000e+00
  -0.0000000e+00
  -0.0000000e+00
  -0.0000000e+00
  -0.0000000e+00
  -0.0000000e+00
  -0.0000000e+00
  -0.0000000e+00
  -0.0000000e+00
  -0.0000000e+00
  -0.0000000e+00
  -0.0000000e+00
  -0.0000000e+00
  -0.0000000e+00
  -1.0076742e-02
  -1.0941550e-02
  -3.4739934e-03
  -4.9836542e-03
  -1.0034947e-02
  -1.1598829e-02
  -1.7847317e-02
  -1.5868214e-02
  -9.5995525e-03
  -7.9170203e-03
  -1.3489819e-02
  -0.0000000e+00
  -0.0000000e+00
  -0.0000000e+00
  -0.0000000e+00
  -0.0000000e+00
