   0.0000000e+00
   0.0000000e+00
   0.0000000e+00
   0.0000000e+00
   0.0000000e+00
   0.0000000e+00
   0.0000000e+00
   0.0000000e+00
   0.0000000e+00
   0.0000000e+00
   4.5372707e-02
   4.2722803e-02
   2.7954153e-02
   1.6021335e-02
   0.0000000e+00
   0.0000000e+00
   0.0000000e+00
   0.0000000e+00
   0.0000000e+00
   0.0000000e+00
   0.0000000e+00
   0.0000000e+00
   0.0000000e+00
   0.0000000e+00
   0.0000000e+00
   0.0000000e+00
   0.0000000e+00
   0.0000000e+00
   0.0000000e+00
   0.0000000e+00
   0.0000000e+00
   0.0000000e+00
   0.0000000e+00
   0.0000000e+00
   0.0000000e+00
   0.0000000e+00
   0.0000000e+00
   0.0000000e+00
   0.0000000e+00
   0.0000000e+00
   0.0000000e+00
   0.0000000e+00
   0.0000000e+00
   0.0000000e+00
   0.0000000e+00
   0.0000000e+00
   0.0000000e+00
   0.0000000e+00
   0.0000000e+00
   0.0000000e+00
   0.0000000e+00
   0.0000000e+00
   0.0000000e+00
   0.0000000e+00
   0.0000000e+00
   0.0000000e+00
   0.0000000e+00
   3.8326978e-02
   5.1933253e-02
   3.8844208e-02
   2.5695257e-02
   2.5791254e-02
   2.6961903e-02
   1.4420501e-02
   1.1943135e-02
   1.0799419e-02
   4.3870574e-03
   1.7841018e-04
   7.7364071e-04
  -4.1096715e-03
  -7.6916863e-03
  -1.3182718e-02
   0.0000000e+00
   0.0000000e+00
   0.0000000e+00
   0.0000000e+00
   2.4357058e-03
   9.3177389e-03
   5.6380573e-03
   5.5876143e-03
   7.0743332e-03
   0.0000000e+00
   1.2443139e-02
   9.9003521e-03
   1.4241242e-02
   1.6054526e-02
   0.0000000e+00
   0.0000000e+00
   0.0000000e+00
   0.0000000e+00
   0.0000000e+00
   0.0000000e+00
   0.0000000e+00
   0.0000000e+00
   0.0000000e+00
   0.0000000e+00
   0.0000000e+00
   0.0000000e+00
  -0.0000000e+00
   0.0000000e+00
  -0.0000000e+00
   0.0000000e+00
   0.0000000e+00
   0.0000000e+00
   3.4607650e-02
   3.1020628e-02
   2.5103057e-02
   2.0496832e-02
   1.3489285e-02
   2.1030818e-02
   2.1836764e-02
   1.8168064e-02
   1.6024018e-02
   1.2600316e-02
   7.6470254e-03
   3.8203504e-03
   3.1932171e-03
  -4.0717851e-03
  -9.4877472e-03
  -1.8330113e-02
  -2.2319114e-02
  -0.0000000e+00
   0.0000000e+00
  -7.7690789e-04
   4.2145053e-05
   9.6728280e-03
   1.4440261e-02
   1.8673345e-02
   1.5391326e-02
   1.8345283e-02
   1.3594483e-02
   1.0859667e-02
   1.2155562e-02
   1.3194714e-02
   2.2294665e-02
   1.5251984e-02
   1.5046832e-02
   1.9273418e-02
   2.0278874e-02
   1.8663509e-02
   6.0599080e-03
  -2.9822300e-03
  -1.4186422e-02
  -9.9818997e-03
  -0.0000000e+00
  -0.0000000e+00
  -0.0000000e+00
   0.0000000e+00
  -0.0000000e+00
   0.0000000e+00
   0.0000000e+00
   0.0000000e+00
   2.9310637e-02
   2.1751666e-02
   1.6914548e-02
   7.6362444e-03
  -6.2900131e-03
   0.0000000e+00
   1.4295261e-02
   8.8458732e-03
   6.3951863e-03
   5.8076419e-03
   5.8762343e-03
   2.0301586e-03
  -5.9854961e-04
  -5.9801484e-03
  -1.0818079e-02
  -1.6102603e-02
  -2.1523157e-02
  -2.4579345e-02
  -0.0000000e+00
  -9.0635863e-03
  -3.0352420e-03
   3.2036642e-03
   1.0958687e-02
   1.7109206e-02
   1.6860688e-02
   1.3513802e-02
   7.9089059e-03
   1.9016801e-03
  -3.3668475e-03
  -2.2226991e-03
   2.7629910e-03
   7.3145423e-03
   1.0828167e-02
   1.3893071e-02
   1.3620744e-02
   9.8657068e-03
   4.3070125e-03
  -1.0456866e-04
  -7.4749873e-03
  -1.2157204e-02
  -0.0000000e+00
   0.0000000e+00
   0.0000000e+00
   0.0000000e+00
   0.0000000e+00
   0.0000000e+00
   0.0000000e+00
   0.0000000e+00
   2.8420826e-02
   1.7537938e-02
   9.7657330e-03
   1.3673068e-03
  -1.0508445e-02
  -1.5707606e-02
   5.8861486e-04
  -1.5460755e-03
  -3.0073330e-03
  -1.9876412e-03
  -1.2544059e-03
  -4.2617363e-03
  -6.1802054e-03
  -9.8715751e-03
  -1.3997429e-02
  -1.7855752e-02
  -2.6215920e-02
  -3.7240420e-02
  -0.0000000e+00
  -8.5860023e-04
  -1.6172516e-03
   9.6682890e-04
   6.2382906e-03
   1.0804749e-02
   1.0345815e-02
   3.2428203e-03
  -5.4672984e-03
  -1.4189737e-02
  -1.8879151e-02
  -1.6693413e-02
  -1.0773763e-02
  -4.0391451e-03
   1.6205127e-03
   6.2998878e-03
   8.7040635e-03
   5.3962208e-03
   1.4608793e-03
   3.3895642e-04
  -7.4015753e-03
  -2.0361848e-02
   0.0000000e+00
   0.0000000e+00
   0.0000000e+00
   0.0000000e+00
   0.0000000e+00
   0.0000000e+00
   0.0000000e+00
   0.0000000e+00
   2.0246954e-02
   9.8583745e-03
   1.0478583e-03
  -6.0630729e-03
  -1.3027442e-02
  -1.5636250e-02
  -1.1999723e-02
  -1.1280303e-02
  -1.0617430e-02
  -9.2844823e-03
  -9.3676168e-03
  -1.0831391e-02
  -1.1721228e-02
  -1.4019649e-02
  -1.6827010e-02
  -1.9816186e-02
  -2.6977312e-02
  -4.1125115e-02
  -0.0000000e+00
   0.0000000e+00
  -2.0016026e-03
  -2.9713784e-03
   2.5416918e-03
   5.1309071e-03
   3.2832474e-03
  -3.5364251e-03
  -1.3719271e-02
  -2.1646474e-02
  -2.2541698e-02
  -1.7887402e-02
  -9.5362533e-03
  -3.2709173e-03
  -1.2425367e-03
   6.4869248e-04
   1.5176586e-03
  -1.0632775e-03
  -2.2478215e-03
  -2.7543467e-03
  -1.1171302e-02
  -1.8758838e-02
  -1.1365371e-02
   0.0000000e+00
   0.0000000e+00
   0.0000000e+00
   0.0000000e+00
   0.0000000e+00
   0.0000000e+00
   0.0000000e+00
   1.1179070e-02
   1.1487203e-04
  -6.1391345e-03
  -1.1725952e-02
  -1.7034747e-02
  -1.8787483e-02
  -1.7167717e-02
  -1.6264418e-02
  -1.5956257e-02
  -1.5196505e-02
  -1.4942994e-02
  -1.5540088e-02
  -1.6514169e-02
  -1.7054820e-02
  -1.7718323e-02
  -2.0615309e-02
  -2.3411933e-02
  -2.7553827e-02
  -0.0000000e+00
   0.0000000e+00
  -2.9254934e-03
  -5.4328768e-03
  -2.6132010e-03
  -2.6823017e-03
  -4.9498109e-03
  -1.0564064e-02
  -1.8558981e-02
  -2.2950299e-02
  -1.7187743e-02
  -8.1868060e-03
   4.5806793e-03
   5.0586700e-03
   9.8268979e-04
  -5.0532713e-04
  -1.9427608e-03
  -4.4976566e-03
  -4.9636178e-03
  -7.0951227e-03
  -1.3666792e-02
  -1.6491398e-02
  -3.5113566e-03
   4.7293469e-03
   0.0000000e+00
   0.0000000e+00
   0.0000000e+00
   0.0000000e+00
   0.0000000e+00
   0.0000000e+00
  -2.4573507e-03
  -4.6203379e-03
  -8.8449474e-03
  -1.4184192e-02
  -1.8039525e-02
  -1.9589530e-02
  -1.9145841e-02
  -1.8741600e-02
  -1.8156841e-02
  -1.7173262e-02
  -1.7207831e-02
  -1.7966155e-02
  -1.8090118e-02
  -1.7573301e-02
  -1.7723626e-02
  -1.8645195e-02
  -1.6769078e-02
  -8.9804297e-03
  -1.0784191e-02
   0.0000000e+00
  -4.1742100e-03
  -5.8281044e-03
  -8.2545523e-03
  -1.0564983e-02
  -1.2823028e-02
  -1.4664365e-02
  -1.4842737e-02
  -2.0390677e-02
  -0.0000000e+00
   6.0461066e-03
   1.4135776e-02
   4.6933135e-03
  -2.6858572e-03
  -4.1990597e-03
  -3.4355905e-03
  -4.4935029e-03
  -5.6549981e-03
  -8.3986083e-03
  -1.3024204e-02
  -1.2724961e-02
   2.9428429e-03
   1.6677309e-02
   0.0000000e+00
   0.0000000e+00
   0.0000000e+00
   0.0000000e+00
   0.0000000e+00
  -1.8749194e-02
  -1.3033159e-02
  -1.0863337e-02
  -1.3050803e-02
  -1.6554320e-02
  -1.8907517e-02
  -1.9964792e-02
  -1.9617215e-02
  -1.8491454e-02
  -1.7307132e-02
  -1.6664756e-02
  -1.6507460e-02
  -1.6746206e-02
  -1.6287137e-02
  -1.5464010e-02
  -1.5682079e-02
  -1.4895325e-02
  -1.0241958e-02
   4.8528472e-03
   9.6640659e-03
   0.0000000e+00
  -0.0000000e+00
  -5.2464809e-03
  -1.4636501e-02
  -1.6726913e-02
  -1.8573772e-02
  -1.4600895e-02
  -3.6578777e-03
   0.0000000e+00
   0.0000000e+00
   0.0000000e+00
   1.0078572e-02
   7.0508203e-04
  -7.0304279e-03
  -8.4906342e-03
  -5.1413090e-03
  -5.0572930e-03
  -6.9999415e-03
  -9.4364611e-03
  -1.1222487e-02
  -8.4328102e-03
   7.5509334e-03
   2.2872491e-02
   2.4650037e-02
   1.4948528e-02
  -2.0291560e-02
  -2.0291560e-02
  -4.9280979e-03
  -1.4532626e-02
  -1.4143957e-02
  -1.5771311e-02
  -1.8115792e-02
  -1.9880582e-02
  -2.0245481e-02
  -1.9415967e-02
  -1.7889826e-02
  -1.6434666e-02
  -1.5203677e-02
  -1.4216039e-02
  -1.2989948e-02
  -1.2450409e-02
  -1.1922892e-02
  -1.1767190e-02
  -1.2065054e-02
  -1.0120722e-02
  -3.5319370e-03
   1.4355930e-02
   2.2113084e-02
   0.0000000e+00
   0.0000000e+00
  -1.3652862e-02
  -2.1823004e-02
  -2.5018314e-02
  -2.3421612e-02
  -9.9479416e-03
   1.4846028e-02
   0.0000000e+00
   0.0000000e+00
   0.0000000e+00
   3.3116831e-04
  -6.9706102e-03
  -9.9642380e-03
  -7.5461194e-03
  -2.9853068e-03
  -4.9896734e-03
  -8.5435938e-03
  -8.9555606e-03
  -7.3603638e-03
  -2.7793152e-03
   1.1186166e-02
   2.1941014e-02
   2.1840021e-02
   1.4010364e-02
  -9.4051224e-03
  -5.2968400e-03
  -2.0676042e-03
  -5.5843513e-03
  -1.0561873e-02
  -1.4231263e-02
  -1.6979355e-02
  -1.7607501e-02
  -1.6685300e-02
  -1.5125442e-02
  -1.3498116e-02
  -1.2057425e-02
  -1.0564009e-02
  -9.2905881e-03
  -7.7152085e-03
  -7.3753172e-03
  -7.3512653e-03
  -8.3084339e-03
  -8.2852691e-03
  -5.4750508e-03
   2.4757863e-03
   2.2550205e-02
   4.2086758e-02
   0.0000000e+00
   0.0000000e+00
   0.0000000e+00
  -2.5069960e-02
  -3.5974909e-02
  -2.7636778e-02
  -2.4969764e-03
   3.6506135e-02
   0.0000000e+00
   0.0000000e+00
   0.0000000e+00
  -1.0351058e-02
  -2.6725320e-02
  -7.7422687e-03
  -2.0601928e-04
  -4.5866033e-04
  -8.1115784e-03
  -1.0056192e-02
  -6.3337265e-03
  -1.7795197e-03
   3.2924926e-03
   1.4369611e-02
   2.0848973e-02
   2.2626996e-02
   1.5493859e-02
   5.0154040e-03
   5.9746304e-03
   6.5721283e-03
  -2.3281443e-04
  -5.5060657e-03
  -8.8362163e-03
  -1.0991271e-02
  -1.0884735e-02
  -1.0271577e-02
  -9.1335727e-03
  -7.7130687e-03
  -6.1721439e-03
  -5.0416738e-03
  -3.6904435e-03
  -2.5028323e-03
  -2.8938013e-03
  -3.9687301e-03
  -5.6588901e-03
  -5.0430866e-03
  -1.2277432e-03
   7.8210067e-03
   2.9870667e-02
   5.6114420e-02
   0.0000000e+00
   0.0000000e+00
   0.0000000e+00
  -2.6289616e-02
  -4.8333179e-02
  -3.0546889e-02
   6.9260732e-03
   4.9743939e-02
   0.0000000e+00
   0.0000000e+00
   0.0000000e+00
  -3.2540654e-02
  -4.5327993e-02
   3.2577834e-03
   1.0955606e-02
   5.0881936e-04
  -1.4771140e-02
  -1.0524662e-02
  -2.1716503e-03
   4.3547093e-03
   8.8786837e-03
   1.8146397e-02
   2.2215600e-02
   2.3307142e-02
   2.0290842e-02
   1.5369401e-02
   1.5410589e-02
   1.0711874e-02
   4.4404244e-03
   1.2314312e-03
  -1.5825439e-03
  -3.8337852e-03
  -4.1659861e-03
  -4.1985786e-03
  -3.1857689e-03
  -1.9276500e-03
  -7.7420807e-04
   1.8694929e-04
   1.7786428e-03
   2.0932751e-03
   4.3850014e-04
  -1.7399843e-03
  -3.3102360e-03
  -1.8607975e-03
   3.0240611e-03
   1.3335539e-02
   3.6046534e-02
   5.6169848e-02
   0.0000000e+00
   0.0000000e+00
   0.0000000e+00
  -0.0000000e+00
  -6.2045634e-02
  -3.1950463e-02
   1.6666923e-02
   5.5961987e-02
   0.0000000e+00
   0.0000000e+00
   0.0000000e+00
  -0.0000000e+00
  -6.0599093e-02
   2.0385831e-02
   2.6417290e-02
   6.8869512e-03
  -2.0763448e-02
  -8.8108386e-03
   3.2342058e-03
   1.0575759e-02
   1.4274831e-02
   2.2290170e-02
   2.5468808e-02
   2.6475949e-02
   2.4599986e-02
   2.1626292e-02
   1.9610848e-02
   1.3709876e-02
   9.8498296e-03
   7.5178989e-03
   4.0432988e-03
   1.1067848e-03
   4.4745897e-04
   5.1031634e-04
   1.6740575e-03
   2.8235964e-03
   3.7281725e-03
   5.0241379e-03
   6.3281842e-03
   5.2948883e-03
   2.0720663e-03
  -4.6354759e-04
  -9.1309100e-04
   1.4718990e-03
   7.6776203e-03
   1.9601047e-02
   4.1895259e-02
   5.1905975e-02
   0.0000000e+00
   0.0000000e+00
   0.0000000e+00
   0.0000000e+00
  -7.0026671e-02
  -2.8426446e-02
   2.6290268e-02
   6.6613709e-02
   0.0000000e+00
   0.0000000e+00
   0.0000000e+00
   0.0000000e+00
  -4.6514205e-02
   2.1550807e-02
   3.5757154e-02
   3.4447883e-02
  -2.4714217e-02
  -6.6934335e-03
   8.1455745e-03
   1.6047478e-02
   1.9105515e-02
   2.5795311e-02
   2.9142009e-02
   3.0800603e-02
   2.9313689e-02
   2.6581150e-02
   2.3297623e-02
   1.8029191e-02
   1.4720394e-02
   1.1488614e-02
   7.0801084e-03
   3.8905456e-03
   3.5413567e-03
   4.1749463e-03
   5.2914387e-03
   6.4795357e-03
   7.2772154e-03
   8.2812477e-03
   8.3358083e-03
   5.7940208e-03
   1.8644286e-03
   2.2162090e-04
   1.4001358e-03
   5.0765509e-03
   1.2990095e-02
   2.6583761e-02
   4.8789725e-02
   4.9169615e-02
   0.0000000e+00
   0.0000000e+00
   0.0000000e+00
   0.0000000e+00
  -6.2180879e-02
  -1.8792985e-02
   3.4525171e-02
   6.5263374e-02
   0.0000000e+00
   0.0000000e+00
   0.0000000e+00
   0.0000000e+00
  -2.6473044e-02
   2.1016041e-02
   3.2537285e-02
   0.0000000e+00
  -2.3389720e-02
  -6.7138178e-03
   1.1207455e-02
   1.9706544e-02
   2.2485457e-02
   2.8530471e-02
   3.2683577e-02
   3.5232868e-02
   3.3985436e-02
   3.1101998e-02
   2.7412364e-02
   2.1755345e-02
   1.7545464e-02
   1.3177782e-02
   8.2228119e-03
   5.6129186e-03
   5.9305942e-03
   6.5977289e-03
   7.3956614e-03
   8.3882827e-03
   8.5400939e-03
   8.2691973e-03
   6.6925730e-03
   3.3327241e-03
   2.1863770e-04
   4.4519533e-04
   3.5247826e-03
   9.0241516e-03
   1.8881695e-02
   3.4369700e-02
   5.9369475e-02
   6.5411739e-02
   0.0000000e+00
   0.0000000e+00
   0.0000000e+00
   0.0000000e+00
  -4.3554675e-02
  -7.5153909e-03
   3.8914990e-02
   5.7269566e-02
   0.0000000e+00
   0.0000000e+00
   0.0000000e+00
   0.0000000e+00
  -1.1612486e-02
   2.1235898e-02
   2.5017591e-02
   0.0000000e+00
  -0.0000000e+00
  -6.9628513e-03
   1.3269658e-02
   2.1843228e-02
   2.4623068e-02
   3.0331552e-02
   3.5236049e-02
   3.7983727e-02
   3.6789410e-02
   3.3992689e-02
   2.9827634e-02
   2.2904530e-02
   1.7659908e-02
   1.2855457e-02
   8.1272647e-03
   6.5059802e-03
   7.0235194e-03
   7.0681036e-03
   7.4346215e-03
   7.4457042e-03
   6.2822029e-03
   4.5477515e-03
   2.0109296e-03
  -8.4094767e-04
  -1.6677442e-03
   1.0182309e-03
   6.2129265e-03
   1.3817422e-02
   2.5625978e-02
   4.3559190e-02
   6.8134263e-02
   6.4113555e-02
   0.0000000e+00
   0.0000000e+00
   0.0000000e+00
   0.0000000e+00
  -2.5525403e-02
   1.8866532e-03
   4.0049136e-02
   4.8649840e-02
   0.0000000e+00
   0.0000000e+00
   0.0000000e+00
   0.0000000e+00
  -2.6281151e-03
   1.9722326e-02
   1.7787382e-02
   0.0000000e+00
   0.0000000e+00
  -1.3855928e-03
   1.4722943e-02
   2.3121709e-02
   2.5834201e-02
   3.0492589e-02
   3.5304114e-02
   3.7695698e-02
   3.6752429e-02
   3.4413505e-02
   2.8917227e-02
   2.0330412e-02
   1.4665882e-02
   1.0259253e-02
   6.5329727e-03
   5.7628895e-03
   5.8510741e-03
   5.3984495e-03
   5.0878581e-03
   3.5653729e-03
   1.1772952e-03
  -1.1526746e-03
  -3.2102801e-03
  -3.9040283e-03
  -1.7229643e-03
   3.2631413e-03
   1.0171193e-02
   1.9339221e-02
   3.2242395e-02
   5.0844163e-02
   7.5306162e-02
   6.7731482e-02
   0.0000000e+00
   0.0000000e+00
   0.0000000e+00
   0.0000000e+00
  -0.0000000e+00
   1.2548885e-02
   4.0046848e-02
   4.1506041e-02
   0.0000000e+00
   0.0000000e+00
   0.0000000e+00
   0.0000000e+00
   3.4201066e-03
   1.6506899e-02
   1.2977158e-02
   0.0000000e+00
   0.0000000e+00
   0.0000000e+00
   1.9377402e-02
   2.3834029e-02
   2.6044263e-02
   2.9063592e-02
   3.3217330e-02
   3.4900956e-02
   3.3777844e-02
   3.0906612e-02
   2.3232922e-02
   1.3644987e-02
   8.8077644e-03
   5.4385583e-03
   2.8703772e-03
   2.7705906e-03
   2.7084157e-03
   2.0809881e-03
   9.6665195e-04
  -1.3271949e-03
  -3.5434857e-03
  -4.9163220e-03
  -5.0666612e-03
  -3.1974840e-03
   1.2658987e-03
   7.4521736e-03
   1.4944520e-02
   2.4194216e-02
   3.6054891e-02
   5.1606245e-02
   6.6220559e-02
   0.0000000e+00
   0.0000000e+00
   0.0000000e+00
   0.0000000e+00
   0.0000000e+00
   0.0000000e+00
   2.2864099e-02
   3.9125878e-02
   3.4678776e-02
   0.0000000e+00
   0.0000000e+00
   0.0000000e+00
   0.0000000e+00
   1.0027873e-02
   1.2205391e-02
   8.8232188e-03
   0.0000000e+00
   0.0000000e+00
   0.0000000e+00
   2.4525155e-02
   2.3796827e-02
   2.5306175e-02
   2.6663253e-02
   2.9813368e-02
   3.0206887e-02
   2.7844355e-02
   2.3356054e-02
   1.4047244e-02
   5.3146193e-03
   2.2709491e-03
  -4.3533477e-05
  -1.8144983e-03
  -1.5235329e-03
  -1.5791646e-03
  -2.1880281e-03
  -3.2862227e-03
  -4.6731178e-03
  -5.2644508e-03
  -4.7087045e-03
  -2.6820558e-03
   1.0973291e-03
   6.6447118e-03
   1.2919754e-02
   1.9818660e-02
   2.7327444e-02
   3.5735708e-02
   4.4542145e-02
   4.5785777e-02
   0.0000000e+00
   0.0000000e+00
   0.0000000e+00
   0.0000000e+00
   0.0000000e+00
   0.0000000e+00
   3.3909877e-02
   3.5719134e-02
   2.7991522e-02
   0.0000000e+00
   0.0000000e+00
   0.0000000e+00
   0.0000000e+00
   0.0000000e+00
   5.1041443e-03
   2.8126838e-03
   0.0000000e+00
   0.0000000e+00
   2.5286621e-02
   2.8102381e-02
   2.3972398e-02
   2.4254967e-02
   2.3443595e-02
   2.5670940e-02
   2.3833059e-02
   2.0314394e-02
   1.5158055e-02
   5.8017857e-03
  -9.7274629e-04
  -2.7647493e-03
  -4.6746321e-03
  -6.3575031e-03
  -6.4683626e-03
  -6.9255517e-03
  -7.5199590e-03
  -7.7963807e-03
  -7.3184283e-03
  -5.7231518e-03
  -2.9694494e-03
   9.3717373e-04
   5.8383220e-03
   1.1679907e-02
   1.7707745e-02
   2.3442741e-02
   2.8401066e-02
   3.2355487e-02
   3.3696305e-02
   2.5919648e-02
   0.0000000e+00
   0.0000000e+00
   0.0000000e+00
   0.0000000e+00
   0.0000000e+00
   0.0000000e+00
   4.1456502e-02
   3.0757505e-02
   2.1994203e-02
   0.0000000e+00
   0.0000000e+00
   0.0000000e+00
   0.0000000e+00
   0.0000000e+00
  -5.4973183e-03
  -6.3644019e-03
  -3.0561602e-03
   0.0000000e+00
   2.1811497e-02
   2.8776944e-02
   2.3978624e-02
   2.2765089e-02
   2.0319493e-02
   2.3873666e-02
   1.8971212e-02
   1.3803568e-02
   9.0242438e-03
   5.8880670e-04
  -4.4594971e-03
  -6.1980938e-03
  -8.7651173e-03
  -1.1147883e-02
  -1.2358856e-02
  -1.3497795e-02
  -1.4156419e-02
  -1.3702219e-02
  -1.1880598e-02
  -8.5708443e-03
  -4.0304353e-03
   1.2041838e-03
   6.5765977e-03
   1.1927863e-02
   1.6999189e-02
   2.1094458e-02
   2.3727529e-02
   2.4600053e-02
   2.2069562e-02
   1.2672632e-02
   0.0000000e+00
   0.0000000e+00
   0.0000000e+00
   0.0000000e+00
   0.0000000e+00
   0.0000000e+00
   4.1441111e-02
   2.5160741e-02
   1.5248163e-02
   0.0000000e+00
   0.0000000e+00
   0.0000000e+00
   0.0000000e+00
   0.0000000e+00
  -2.2970320e-02
  -1.5322855e-02
  -8.4032275e-03
   0.0000000e+00
   2.4437690e-02
   2.7673529e-02
   2.2561030e-02
   2.0828340e-02
   1.4003307e-02
   1.9414390e-02
   1.7186675e-02
   1.1516193e-02
   5.1491624e-03
  -2.3590450e-03
  -6.0829949e-03
  -8.1200739e-03
  -1.1396830e-02
  -1.4319699e-02
  -1.6122971e-02
  -1.7498046e-02
  -1.8290777e-02
  -1.7777499e-02
  -1.5746882e-02
  -1.2039506e-02
  -7.0530833e-03
  -1.4659564e-03
   3.8481466e-03
   8.3347997e-03
   1.1884729e-02
   1.4082414e-02
   1.4664252e-02
   1.3726833e-02
   1.0260429e-02
   5.3674940e-03
   0.0000000e+00
   0.0000000e+00
   0.0000000e+00
   0.0000000e+00
  -9.2091180e-03
   1.5004708e-02
   3.2850211e-02
   1.6083322e-02
   9.1386154e-03
   0.0000000e+00
   0.0000000e+00
   0.0000000e+00
   0.0000000e+00
   0.0000000e+00
  -3.1654005e-02
  -2.1943493e-02
  -1.3102015e-02
   1.8010633e-02
   2.4586772e-02
   2.2404958e-02
   1.8294970e-02
   1.7461201e-02
   5.7571118e-03
   1.6463474e-02
   2.1691361e-02
   1.4041029e-02
   2.4082035e-03
  -3.8645286e-03
  -5.5094414e-03
  -6.5917562e-03
  -9.0785456e-03
  -1.1226189e-02
  -1.2606983e-02
  -1.3751706e-02
  -1.4549165e-02
  -1.4287270e-02
  -1.2720083e-02
  -9.6970091e-03
  -5.5142894e-03
  -7.7555751e-04
   3.5975035e-03
   6.9011137e-03
   9.0025786e-03
   9.7215010e-03
   8.6769211e-03
   5.5587107e-03
   6.0189458e-04
  -4.3128520e-03
   0.0000000e+00
   0.0000000e+00
   0.0000000e+00
   0.0000000e+00
  -1.3731979e-02
   1.4925645e-02
   2.4808990e-02
   1.1340409e-02
   0.0000000e+00
   0.0000000e+00
   0.0000000e+00
   0.0000000e+00
   0.0000000e+00
   0.0000000e+00
  -3.8055533e-02
  -2.5606687e-02
  -1.3928933e-02
   1.0233560e-02
   1.9543097e-02
   1.4069358e-02
   1.1913774e-02
   1.1416771e-02
  -1.2322085e-03
   0.0000000e+00
   3.9075042e-02
   1.9529979e-02
   4.2517082e-05
  -4.9000302e-03
  -3.7886957e-03
  -2.9564049e-03
  -3.7957993e-03
  -4.4458173e-03
  -4.8258252e-03
  -5.4241776e-03
  -6.0417054e-03
  -6.0289462e-03
  -5.1174968e-03
  -3.1211237e-03
  -1.1786113e-04
   3.4976388e-03
   7.0458190e-03
   9.7460828e-03
   1.1221919e-02
   1.0993737e-02
   8.2758320e-03
   2.4487725e-03
  -5.5137726e-03
  -1.1620201e-02
  -1.3458954e-02
   0.0000000e+00
   0.0000000e+00
   0.0000000e+00
  -1.1911221e-02
   1.3469518e-02
   1.9713092e-02
   0.0000000e+00
   0.0000000e+00
   0.0000000e+00
   0.0000000e+00
   0.0000000e+00
   0.0000000e+00
   0.0000000e+00
  -5.6589089e-02
  -2.7089261e-02
  -1.1397686e-02
   7.0400164e-03
   1.1099556e-02
   5.3066977e-03
   5.0894784e-03
   3.4354197e-03
  -0.0000000e+00
   0.0000000e+00
   4.1680874e-02
   2.1591336e-02
  -2.3895833e-03
  -6.8757426e-03
  -3.8850051e-03
  -1.7547770e-03
  -1.5009400e-03
  -1.1535849e-03
  -6.8351978e-04
  -7.0650482e-04
  -1.1317573e-03
  -1.3205806e-03
  -8.5830070e-04
   5.0112949e-04
   2.7198574e-03
   5.7368295e-03
   9.2595110e-03
   1.2332683e-02
   1.3893921e-02
   1.2533753e-02
   7.4930950e-03
  -5.5582164e-04
  -1.0648778e-02
  -1.7118978e-02
  -1.6639128e-02
   0.0000000e+00
   0.0000000e+00
  -1.3516832e-02
  -9.4817760e-03
   8.3511016e-03
   0.0000000e+00
   0.0000000e+00
   0.0000000e+00
   0.0000000e+00
   0.0000000e+00
   0.0000000e+00
   0.0000000e+00
   0.0000000e+00
  -6.2062375e-02
  -2.9676948e-02
  -1.1570066e-02
   2.1253454e-03
   1.3672685e-03
  -2.2683095e-03
  -3.9965734e-04
  -1.8614159e-03
   0.0000000e+00
   0.0000000e+00
   0.0000000e+00
   1.9632651e-02
  -4.9661892e-03
  -1.0100401e-02
  -6.8307854e-03
  -4.9424050e-03
  -5.0707129e-03
  -5.0108102e-03
  -4.5910557e-03
  -4.7130217e-03
  -5.5124140e-03
  -6.3078185e-03
  -6.4853374e-03
  -5.7472745e-03
  -4.1415771e-03
  -1.6293298e-03
   1.9144044e-03
   5.8213179e-03
   8.5128909e-03
   7.4988529e-03
   1.8335573e-03
  -6.0925297e-03
  -1.5394745e-02
  -2.6150227e-02
  -2.7872498e-02
  -4.4121577e-02
   0.0000000e+00
  -2.0658345e-02
  -1.4928093e-02
  -5.7400507e-04
   0.0000000e+00
   0.0000000e+00
   0.0000000e+00
   0.0000000e+00
   0.0000000e+00
   0.0000000e+00
   0.0000000e+00
   0.0000000e+00
  -5.8897564e-02
  -3.5334494e-02
  -1.7546879e-02
  -6.8772030e-03
  -6.8903789e-03
  -7.4709374e-03
  -3.6588514e-03
  -3.1232639e-03
   0.0000000e+00
   0.0000000e+00
   0.0000000e+00
   1.8476060e-02
  -6.7277001e-03
  -1.3328496e-02
  -1.0789921e-02
  -1.0192729e-02
  -1.2053578e-02
  -1.3543719e-02
  -1.4234325e-02
  -1.5417332e-02
  -1.7420076e-02
  -1.9676734e-02
  -2.1565983e-02
  -2.2647437e-02
  -2.2630662e-02
  -2.1504341e-02
  -1.8697262e-02
  -1.3915509e-02
  -7.9999901e-03
  -4.0358589e-03
  -5.7194894e-03
  -1.1028780e-02
  -1.7023519e-02
  -2.7548451e-02
  -2.2049638e-02
  -3.5962763e-02
  -2.7556875e-02
  -2.6764494e-02
  -2.5702167e-02
  -1.1153708e-02
  -0.0000000e+00
   0.0000000e+00
   0.0000000e+00
   0.0000000e+00
   0.0000000e+00
   0.0000000e+00
   0.0000000e+00
   0.0000000e+00
  -5.1899603e-02
  -4.2570092e-02
  -2.7619587e-02
  -1.5885852e-02
  -1.1703026e-02
  -1.0577214e-02
  -5.4551656e-03
  -0.0000000e+00
   0.0000000e+00
  -1.6993207e-02
  -2.7643841e-03
   1.6285758e-02
  -6.8772919e-03
  -1.4951913e-02
  -1.3506986e-02
  -1.4069485e-02
  -1.7471803e-02
  -2.0560278e-02
  -2.2414392e-02
  -2.4549397e-02
  -2.7410716e-02
  -3.1104971e-02
  -3.5060935e-02
  -3.8511701e-02
  -4.0880356e-02
  -4.1996468e-02
  -4.1031882e-02
  -3.6800131e-02
  -2.8290041e-02
  -1.6988683e-02
  -1.0778687e-02
  -1.3420401e-02
  -1.6312953e-02
  -1.9618290e-02
  -1.9335777e-02
  -2.9340100e-02
  -2.8836584e-02
  -3.1971525e-02
  -3.6361337e-02
  -2.3180287e-02
  -0.0000000e+00
   0.0000000e+00
   0.0000000e+00
   0.0000000e+00
   0.0000000e+00
   0.0000000e+00
   0.0000000e+00
   0.0000000e+00
  -5.3951403e-02
  -4.8931051e-02
  -3.6882229e-02
  -2.1326797e-02
  -1.2630465e-02
  -1.2392455e-02
  -8.8604461e-03
   0.0000000e+00
   0.0000000e+00
  -1.8137508e-02
  -5.0761411e-03
   1.1294419e-02
  -6.2812651e-03
  -1.3990898e-02
  -1.3532074e-02
  -1.4987463e-02
  -1.9127084e-02
  -2.3010556e-02
  -2.5013894e-02
  -2.6697155e-02
  -2.8943125e-02
  -3.2747161e-02
  -3.7594412e-02
  -4.2353928e-02
  -4.6505038e-02
  -4.9706772e-02
  -5.1257610e-02
  -4.9876772e-02
  -4.3467581e-02
  -2.9028971e-02
  -1.3421268e-02
  -1.1741651e-02
  -1.4604664e-02
  -1.7851871e-02
  -2.2826796e-02
  -2.9406471e-02
  -3.1741742e-02
  -3.7835646e-02
  -4.5821771e-02
  -3.8900908e-02
  -0.0000000e+00
   0.0000000e+00
   0.0000000e+00
   0.0000000e+00
   0.0000000e+00
   0.0000000e+00
   0.0000000e+00
   0.0000000e+00
  -4.8490063e-02
  -5.2189510e-02
  -4.2587470e-02
  -2.2881951e-02
  -9.1178473e-03
  -1.1330557e-02
  -1.5475954e-02
   0.0000000e+00
   0.0000000e+00
  -2.0035587e-02
  -1.2303446e-02
   2.1793447e-03
  -6.2598595e-03
  -1.1333441e-02
  -1.1247521e-02
  -1.3335393e-02
  -1.7688995e-02
  -2.1704474e-02
  -2.3243284e-02
  -2.3741476e-02
  -2.4409682e-02
  -2.6859332e-02
  -3.1232944e-02
  -3.6711510e-02
  -4.2435922e-02
  -4.7702380e-02
  -5.1759046e-02
  -5.3431254e-02
  -5.0656255e-02
  -3.8347013e-02
  -1.6497884e-02
  -7.6785089e-03
  -9.1538508e-03
  -1.2260715e-02
  -2.0119075e-02
  -2.6708234e-02
  -3.2132201e-02
  -4.0407464e-02
  -5.2647956e-02
  -5.7726759e-02
  -0.0000000e+00
   0.0000000e+00
   0.0000000e+00
   0.0000000e+00
   0.0000000e+00
   0.0000000e+00
   0.0000000e+00
  -1.8602566e-02
  -4.1400365e-02
  -5.2775055e-02
  -4.8148740e-02
  -2.4757449e-02
  -1.6920164e-03
  -6.1987047e-03
  -1.2516572e-02
   0.0000000e+00
   0.0000000e+00
  -1.5427363e-02
  -1.8460212e-02
  -7.7619068e-03
  -7.7108219e-03
  -9.0823872e-03
  -8.4142303e-03
  -1.0561353e-02
  -1.5094297e-02
  -1.9117542e-02
  -2.0286672e-02
  -1.9785386e-02
  -1.8561559e-02
  -1.8990234e-02
  -2.1853505e-02
  -2.7132791e-02
  -3.3591453e-02
  -4.0110901e-02
  -4.6018485e-02
  -5.0232749e-02
  -5.0169125e-02
  -4.1369699e-02
  -1.9466927e-02
  -7.7631082e-03
   4.6557625e-03
  -5.6797168e-03
  -1.5405251e-02
  -2.2966534e-02
  -3.0340891e-02
  -4.0106684e-02
  -5.4967728e-02
  -7.2113007e-02
  -7.3250411e-02
   0.0000000e+00
   0.0000000e+00
   0.0000000e+00
  -4.1254857e-02
  -4.3699802e-02
  -3.4964436e-02
  -1.8180897e-02
  -3.5610631e-02
  -5.2998334e-02
  -5.8822583e-02
  -3.3043616e-02
   5.1878523e-03
   1.4600642e-03
  -8.4260686e-03
   0.0000000e+00
   0.0000000e+00
  -0.0000000e+00
  -2.2666066e-02
  -1.4916415e-02
  -1.0080924e-02
  -7.9534687e-03
  -5.9227683e-03
  -7.4223527e-03
  -1.2067050e-02
  -1.6385328e-02
  -1.7701127e-02
  -1.6873896e-02
  -1.4199703e-02
  -1.2518954e-02
  -1.3453896e-02
  -1.7428292e-02
  -2.3419047e-02
  -2.9986963e-02
  -3.6485024e-02
  -4.2448133e-02
  -4.5366999e-02
  -4.0307630e-02
  -2.1534753e-02
  -0.0000000e+00
   2.9872934e-02
   2.1375169e-03
  -1.0057020e-02
  -1.7885203e-02
  -2.6665041e-02
  -3.7325837e-02
  -5.2250411e-02
  -7.3385134e-02
  -7.3444651e-02
   0.0000000e+00
  -0.0000000e+00
  -2.9871560e-03
  -2.8971022e-02
  -3.9640579e-02
  -3.2062326e-02
  -1.8166147e-02
  -3.1945162e-02
  -5.3234234e-02
  -7.0910089e-02
  -4.6364570e-02
   7.0323727e-03
   7.7198990e-03
   1.7759035e-04
   0.0000000e+00
   0.0000000e+00
   0.0000000e+00
  -2.6557182e-02
  -1.5937161e-02
  -1.1885807e-02
  -7.2903624e-03
  -3.7685665e-03
  -4.2781183e-03
  -8.7912409e-03
  -1.3666326e-02
  -1.5511715e-02
  -1.5014113e-02
  -1.1846772e-02
  -8.5017914e-03
  -7.7416701e-03
  -1.0278579e-02
  -1.5629236e-02
  -2.2223443e-02
  -2.9216165e-02
  -3.6417618e-02
  -4.2234048e-02
  -4.0629543e-02
  -2.5486833e-02
   0.0000000e+00
   5.3586881e-02
   1.1034252e-02
  -3.4023842e-03
  -1.0684595e-02
  -2.0906560e-02
  -3.2625943e-02
  -4.6390153e-02
  -6.5269284e-02
  -7.1140837e-02
   0.0000000e+00
  -0.0000000e+00
   4.5349709e-04
  -1.7059326e-02
  -2.8002096e-02
  -2.4788687e-02
  -1.9061580e-02
  -2.6439641e-02
  -5.3947438e-02
  -7.6009437e-02
  -9.1992681e-02
   0.0000000e+00
   0.0000000e+00
   0.0000000e+00
   0.0000000e+00
   0.0000000e+00
   0.0000000e+00
  -1.5736059e-02
  -1.1883941e-02
  -1.1492583e-02
  -6.2152275e-03
  -1.7144750e-03
  -1.4749581e-03
  -5.3794787e-03
  -1.0756150e-02
  -1.3409360e-02
  -1.3631794e-02
  -1.0514192e-02
  -6.2586043e-03
  -4.2607151e-03
  -5.7990246e-03
  -1.0573235e-02
  -1.7535174e-02
  -2.5361578e-02
  -3.3636126e-02
  -4.2237437e-02
  -4.3750795e-02
  -2.5187993e-02
   0.0000000e+00
   6.4754701e-02
   1.7487371e-02
   2.6218001e-03
  -2.1390714e-03
  -1.2843733e-02
  -2.5857738e-02
  -3.8792647e-02
  -5.5643366e-02
  -7.0545952e-02
  -6.5235880e-02
   0.0000000e+00
   1.1704124e-02
  -1.0885992e-02
  -2.2348843e-02
  -2.4234225e-02
  -2.0447516e-02
  -1.9461320e-02
  -5.6973446e-02
  -6.9673299e-02
  -9.7199385e-02
   0.0000000e+00
   0.0000000e+00
   0.0000000e+00
   0.0000000e+00
   0.0000000e+00
   0.0000000e+00
  -0.0000000e+00
  -9.2836775e-03
  -8.2602343e-03
  -3.1852496e-03
   1.2335895e-03
   1.5691341e-03
  -1.5399622e-03
  -7.1079736e-03
  -1.0981686e-02
  -1.2169279e-02
  -9.4494605e-03
  -4.4631111e-03
  -1.5154080e-03
  -2.4031822e-03
  -6.5542893e-03
  -1.3574635e-02
  -2.2174375e-02
  -3.1678975e-02
  -4.3267492e-02
  -4.6211485e-02
  -0.0000000e+00
   0.0000000e+00
   6.2804855e-02
   1.7865922e-02
   6.3008512e-03
   6.7827501e-03
  -2.8117409e-03
  -1.6842654e-02
  -3.0001741e-02
  -4.4168688e-02
  -5.7596534e-02
  -3.6453445e-02
   2.7823289e-02
   2.0525565e-02
  -5.0899400e-03
  -1.7030723e-02
  -2.3350932e-02
  -2.3809610e-02
  -1.4401669e-02
  -7.2351943e-02
  -5.5459112e-02
  -8.4858376e-02
  -0.0000000e+00
   0.0000000e+00
   0.0000000e+00
   0.0000000e+00
   0.0000000e+00
   0.0000000e+00
   0.0000000e+00
  -9.5889207e-03
  -2.4227858e-03
   3.6511766e-03
   6.9222279e-03
   6.3493230e-03
   3.3148691e-03
  -2.0710595e-03
  -7.1772873e-03
  -9.6501017e-03
  -7.9054851e-03
  -2.5368029e-03
   1.0863556e-03
   8.1432811e-04
  -3.0479432e-03
  -1.0142872e-02
  -1.9631397e-02
  -3.0713048e-02
  -4.4870747e-02
  -5.0136203e-02
  -0.0000000e+00
   0.0000000e+00
   4.9810493e-02
   1.1889490e-02
   7.5708144e-03
   1.3203105e-02
   6.7617485e-03
  -7.1198764e-03
  -2.0440652e-02
  -3.4747582e-02
  -4.6204927e-02
  -2.9056921e-02
   2.8810545e-02
   2.3785924e-02
   5.5593723e-04
  -1.2042137e-02
  -2.0674928e-02
  -2.6552081e-02
  -0.0000000e+00
  -6.5283239e-02
  -4.9322397e-02
  -7.8694017e-02
  -0.0000000e+00
   0.0000000e+00
   0.0000000e+00
   0.0000000e+00
   0.0000000e+00
   0.0000000e+00
   0.0000000e+00
  -1.2949407e-02
   4.0140855e-03
   1.3701622e-02
   1.6384901e-02
   1.4476989e-02
   1.0395005e-02
   4.7487430e-03
  -1.2717339e-03
  -5.4121884e-03
  -4.9217213e-03
   2.6044872e-05
   3.6285541e-03
   4.0453728e-03
   1.7819088e-04
  -7.2283745e-03
  -1.7891254e-02
  -3.0869171e-02
  -4.6665188e-02
  -5.2472551e-02
   0.0000000e+00
   0.0000000e+00
   0.0000000e+00
   0.0000000e+00
   0.0000000e+00
   1.7464456e-02
   1.3532704e-02
   1.8458660e-03
  -1.0458258e-02
  -2.3887385e-02
  -3.5260871e-02
  -2.7122857e-02
   0.0000000e+00
   2.1990687e-02
   5.3327032e-03
  -7.5327102e-03
  -1.5852991e-02
  -2.6252338e-02
   0.0000000e+00
  -3.7383388e-02
  -4.7673380e-02
  -9.6434760e-02
  -0.0000000e+00
   0.0000000e+00
   0.0000000e+00
   0.0000000e+00
   0.0000000e+00
   0.0000000e+00
   0.0000000e+00
  -1.4818958e-02
   5.2339281e-03
   2.0257492e-02
   2.5726598e-02
   2.4463559e-02
   1.9996624e-02
   1.3342375e-02
   6.3915052e-03
   6.6567562e-04
  -3.8252398e-04
   3.6355690e-03
   6.5963855e-03
   7.3265443e-03
   3.4717121e-03
  -4.4207228e-03
  -1.6492290e-02
  -3.2041743e-02
  -4.7970098e-02
  -4.2214767e-02
   0.0000000e+00
   0.0000000e+00
   0.0000000e+00
   0.0000000e+00
   0.0000000e+00
   1.8941412e-02
   1.6751355e-02
   9.3529653e-03
   8.7564404e-05
  -1.1594469e-02
  -2.4065081e-02
  -2.4947172e-02
   0.0000000e+00
   2.2826199e-02
   1.1163160e-02
  -2.0520898e-03
  -8.9431125e-03
  -1.5431362e-02
  -1.1133362e-02
  -2.3551477e-02
  -3.1454801e-02
  -7.7522597e-02
   0.0000000e+00
   0.0000000e+00
   0.0000000e+00
   0.0000000e+00
   0.0000000e+00
   0.0000000e+00
   0.0000000e+00
  -0.0000000e+00
  -1.3118771e-03
   1.4269694e-02
   2.6358306e-02
   2.9765634e-02
   2.8581245e-02
   2.2411153e-02
   1.4571986e-02
   8.2058720e-03
   5.6543229e-03
   8.2035838e-03
   1.0137918e-02
   1.0729707e-02
   7.1195276e-03
  -1.5392738e-03
  -1.5145638e-02
  -3.4741618e-02
  -4.8383527e-02
  -0.0000000e+00
   0.0000000e+00
   0.0000000e+00
   0.0000000e+00
   0.0000000e+00
   0.0000000e+00
   0.0000000e+00
   9.5811117e-03
   8.4511827e-03
   9.6692525e-03
   7.6987158e-04
  -1.1712744e-02
  -1.9929189e-02
   0.0000000e+00
   0.0000000e+00
   0.0000000e+00
   0.0000000e+00
  -5.3751323e-03
  -8.9571495e-03
  -1.1474188e-02
  -1.9086262e-02
  -3.0342828e-02
  -0.0000000e+00
   0.0000000e+00
   0.0000000e+00
   0.0000000e+00
   0.0000000e+00
   0.0000000e+00
   0.0000000e+00
   0.0000000e+00
   0.0000000e+00
  -1.9870761e-02
  -1.2045658e-02
   9.5111839e-03
   2.2965631e-02
   2.8873499e-02
   2.7386492e-02
   2.1043532e-02
   1.5529603e-02
   1.1592718e-02
   1.2413309e-02
   1.3421332e-02
   1.3348230e-02
   1.0196774e-02
   1.3500783e-03
  -1.3334692e-02
  -3.7837043e-02
  -4.7974419e-02
  -0.0000000e+00
   0.0000000e+00
   0.0000000e+00
   0.0000000e+00
   0.0000000e+00
   0.0000000e+00
   0.0000000e+00
   0.0000000e+00
   0.0000000e+00
   0.0000000e+00
   7.6672986e-03
  -1.7331266e-03
  -1.3114545e-02
   0.0000000e+00
   0.0000000e+00
   0.0000000e+00
   0.0000000e+00
   0.0000000e+00
  -1.0696139e-02
  -1.4942650e-02
  -1.7343184e-02
  -1.8406928e-02
   0.0000000e+00
   0.0000000e+00
   0.0000000e+00
   0.0000000e+00
   0.0000000e+00
   0.0000000e+00
   0.0000000e+00
   0.0000000e+00
   0.0000000e+00
  -4.1553401e-02
  -4.5607574e-02
  -1.6103821e-02
   8.5118311e-03
   2.1646436e-02
   2.6258003e-02
   2.3858136e-02
   1.9825090e-02
   1.5376230e-02
   1.4017007e-02
   1.4473882e-02
   1.4086628e-02
   1.1426462e-02
   3.5694430e-03
  -1.0519424e-02
  -3.6184717e-02
  -5.2085234e-02
   0.0000000e+00
   0.0000000e+00
   0.0000000e+00
   0.0000000e+00
   0.0000000e+00
   0.0000000e+00
   0.0000000e+00
   0.0000000e+00
   0.0000000e+00
   0.0000000e+00
   3.9770361e-04
   4.7899433e-03
  -0.0000000e+00
   0.0000000e+00
   0.0000000e+00
   0.0000000e+00
   0.0000000e+00
   0.0000000e+00
  -0.0000000e+00
  -1.8877565e-02
  -1.6194651e-02
  -0.0000000e+00
   0.0000000e+00
   0.0000000e+00
   0.0000000e+00
   0.0000000e+00
   0.0000000e+00
   0.0000000e+00
   0.0000000e+00
   0.0000000e+00
   0.0000000e+00
  -0.0000000e+00
  -7.0012115e-02
  -3.3432875e-02
  -6.0218037e-03
   1.2287972e-02
   2.2387186e-02
   2.3549415e-02
   2.0274248e-02
   1.6808748e-02
   1.3369778e-02
   1.2515957e-02
   1.2346381e-02
   1.0389955e-02
   5.3812033e-03
  -5.7728407e-03
  -2.6337055e-02
  -3.5779599e-02
   0.0000000e+00
   0.0000000e+00
   0.0000000e+00
   0.0000000e+00
   0.0000000e+00
   0.0000000e+00
   0.0000000e+00
   0.0000000e+00
   0.0000000e+00
  -4.4651248e-02
  -1.4148090e-02
   9.5632909e-03
   2.8195438e-02
   3.5453007e-03
   2.9627203e-03
   0.0000000e+00
   0.0000000e+00
   0.0000000e+00
   0.0000000e+00
  -0.0000000e+00
  -0.0000000e+00
   0.0000000e+00
   0.0000000e+00
   0.0000000e+00
   0.0000000e+00
   0.0000000e+00
   0.0000000e+00
   0.0000000e+00
   0.0000000e+00
   0.0000000e+00
   0.0000000e+00
   0.0000000e+00
  -7.2973626e-02
  -3.8704508e-02
  -2.6382077e-02
   3.1738072e-03
   1.7188612e-02
   1.9339807e-02
   1.7135495e-02
   1.4152505e-02
   9.1890097e-03
   7.1573155e-03
   7.1341856e-03
   6.5488238e-03
   5.3387256e-03
  -6.7310670e-04
  -1.5026252e-02
  -1.8746932e-02
   0.0000000e+00
   0.0000000e+00
   0.0000000e+00
   0.0000000e+00
   0.0000000e+00
   0.0000000e+00
   0.0000000e+00
   0.0000000e+00
   0.0000000e+00
  -3.5540442e-02
  -2.6902722e-02
   1.2572201e-02
   2.2992334e-02
   4.6632294e-03
   2.7697654e-03
   0.0000000e+00
   0.0000000e+00
   0.0000000e+00
   0.0000000e+00
   0.0000000e+00
   0.0000000e+00
   0.0000000e+00
   0.0000000e+00
   0.0000000e+00
   0.0000000e+00
   0.0000000e+00
   0.0000000e+00
   0.0000000e+00
   0.0000000e+00
   0.0000000e+00
   0.0000000e+00
   0.0000000e+00
   0.0000000e+00
  -0.0000000e+00
  -6.2289810e-02
  -1.0391522e-02
   6.6727945e-03
   1.0712935e-02
   9.3790805e-03
   6.3171368e-03
   1.1976983e-03
  -2.3742553e-03
  -8.7371469e-04
   8.6788117e-04
   3.8958967e-03
   3.8729559e-03
  -5.9606312e-03
  -8.2399151e-03
   0.0000000e+00
   0.0000000e+00
   0.0000000e+00
   0.0000000e+00
   0.0000000e+00
   0.0000000e+00
   0.0000000e+00
   0.0000000e+00
   0.0000000e+00
  -0.0000000e+00
  -0.0000000e+00
   0.0000000e+00
   0.0000000e+00
   9.7997365e-03
   1.2680587e-02
   0.0000000e+00
   0.0000000e+00
   0.0000000e+00
   0.0000000e+00
   0.0000000e+00
   0.0000000e+00
  -2.4524130e-02
  -9.7875754e-03
  -0.0000000e+00
   0.0000000e+00
   0.0000000e+00
   0.0000000e+00
   0.0000000e+00
   0.0000000e+00
   0.0000000e+00
   0.0000000e+00
   0.0000000e+00
   0.0000000e+00
   0.0000000e+00
  -8.1226458e-02
  -2.6091613e-02
  -9.5009692e-03
  -4.4753114e-03
  -6.7481427e-03
  -8.5000182e-03
  -1.2486687e-02
  -1.5004540e-02
  -1.1074087e-02
  -3.5352590e-03
   3.5053650e-03
   8.0941292e-03
   1.2404591e-02
   0.0000000e+00
   0.0000000e+00
   0.0000000e+00
   0.0000000e+00
   0.0000000e+00
   0.0000000e+00
   0.0000000e+00
   0.0000000e+00
   0.0000000e+00
   0.0000000e+00
  -0.0000000e+00
  -0.0000000e+00
   0.0000000e+00
   0.0000000e+00
   0.0000000e+00
   0.0000000e+00
   0.0000000e+00
   0.0000000e+00
   0.0000000e+00
   0.0000000e+00
   0.0000000e+00
   0.0000000e+00
  -2.9040819e-02
  -1.7528627e-02
  -0.0000000e+00
   0.0000000e+00
   0.0000000e+00
   0.0000000e+00
   0.0000000e+00
   0.0000000e+00
   0.0000000e+00
   0.0000000e+00
   0.0000000e+00
   0.0000000e+00
   0.0000000e+00
  -0.0000000e+00
  -4.2870625e-02
  -2.0938026e-02
  -2.4110535e-02
  -3.0902348e-02
  -4.0969584e-02
  -3.3694096e-02
  -2.0348428e-02
  -0.0000000e+00
  -0.0000000e+00
   0.0000000e+00
   0.0000000e+00
   0.0000000e+00
   0.0000000e+00
   0.0000000e+00
   0.0000000e+00
   0.0000000e+00
   0.0000000e+00
   0.0000000e+00
   0.0000000e+00
   0.0000000e+00
   0.0000000e+00
   0.0000000e+00
   0.0000000e+00
   0.0000000e+00
   0.0000000e+00
   0.0000000e+00
   0.0000000e+00
  -0.0000000e+00
  -2.5159730e-02
  -8.7444845e-03
  -1.2809051e-02
  -1.0270744e-02
   0.0000000e+00
  -3.0424274e-02
  -3.4032047e-02
  -2.7191233e-02
  -0.0000000e+00
   0.0000000e+00
   0.0000000e+00
   0.0000000e+00
   0.0000000e+00
   0.0000000e+00
   0.0000000e+00
   0.0000000e+00
   0.0000000e+00
   0.0000000e+00
   0.0000000e+00
   0.0000000e+00
  -0.0000000e+00
  -0.0000000e+00
  -0.0000000e+00
  -0.0000000e+00
  -0.0000000e+00
  -0.0000000e+00
  -0.0000000e+00
   0.0000000e+00
   0.0000000e+00
   0.0000000e+00
   0.0000000e+00
   0.0000000e+00
   0.0000000e+00
   0.0000000e+00
   0.0000000e+00
   0.0000000e+00
   0.0000000e+00
   0.0000000e+00
   0.0000000e+00
   0.0000000e+00
   0.0000000e+00
   0.0000000e+00
   0.0000000e+00
   0.0000000e+00
   0.0000000e+00
   0.0000000e+00
  -6.1692861e-03
  -9.7321836e-03
  -1.9069869e-02
  -8.7444843e-03
  -2.2747170e-02
  -1.2451234e-02
  -1.5661302e-02
  -2.8463197e-02
  -1.5977831e-02
  -0.0000000e+00
   0.0000000e+00
   0.0000000e+00
   0.0000000e+00
   0.0000000e+00
