   5.1593786e-01
   8.3037585e-01
   1.0443977e+00
   1.9834522e+00
   3.0851800e+00
   3.5367227e+00
   4.0573835e+00
   4.4285707e+00
   4.5391932e+00
   5.2315917e+00
   4.1625590e+00
   2.4506583e+00
   1.3767685e+00
   8.6923587e-01
   2.0087565e-01
  -7.3526579e-01
  -7.2219086e-01
   4.3466499e-01
   1.0924124e+00
   6.2890685e-01
   6.4777479e-02
  -9.2759885e-02
   2.9050672e-01
   4.9574870e-01
   2.9196677e-01
   7.8597748e-01
   1.9840306e+00
   2.7808516e+00
   2.4604683e+00
   1.5293347e+00
   1.0538681e+00
   4.3313408e-01
  -1.9975872e-01
  -7.3909986e-01
  -1.3726827e+00
  -2.5749846e+00
  -3.2382522e+00
  -2.4774289e+00
  -1.2656043e+00
  -1.3050069e+00
  -1.8211250e+00
  -2.7048105e-01
   3.8837211e+00
   4.8955669e+00
   3.5084920e+00
   3.5605472e-01
  -1.4219707e+00
  -5.9698886e-01
   6.9074488e+00
   6.3364000e+00
   4.6711936e+00
   3.9790971e+00
   4.3302145e+00
   5.2274723e+00
   4.7157841e+00
   3.9381945e+00
   4.1189108e+00
   3.7374179e+00
   2.2287362e+00
   1.4050943e+00
   7.2553617e-01
   2.4624451e-01
  -2.8684527e-01
  -8.3349317e-01
  -8.9951843e-01
  -8.9939266e-01
  -8.1741792e-01
  -7.0066023e-01
  -6.4963919e-01
  -7.1383357e-01
  -3.5930485e-01
  -6.4662033e-01
  -1.6689570e+00
  -1.2340994e-01
   1.5661639e+00
   9.5032072e-01
   8.2957578e-01
   1.4208471e+00
   1.4134071e+00
   1.2624660e+00
   8.6238444e-01
   8.1741118e-01
   1.0677608e+00
   1.6997452e+00
   3.2299902e+00
   4.0840220e+00
   4.5987792e+00
   4.3843575e+00
   3.6678486e+00
   3.1971505e+00
   5.5810690e+00
   6.2380590e+00
   3.0422373e+00
   6.0816509e-01
   3.3476710e+00
   6.1848464e+00
   2.3554516e+00
   1.6806138e+00
   2.1487534e-01
  -7.5120710e-02
   5.6461436e-01
   1.1590281e+00
   8.4026819e-01
   1.5009575e-02
   3.0522618e-01
   4.0398273e-01
   2.1862419e-01
  -6.9008946e-02
  -3.2462248e-01
  -5.6196374e-01
  -7.9300117e-01
  -1.1392436e+00
  -1.3465735e+00
  -1.4747431e+00
  -1.4328424e+00
  -1.3709390e+00
  -1.2929063e+00
  -1.1598964e+00
  -1.2306769e+00
  -1.2351520e+00
  -1.4671912e+00
  -1.1538907e+00
  -3.6675161e-01
  -3.9014062e-01
  -5.3941347e-02
   4.9805632e-01
   8.6024815e-01
   1.1463856e+00
   1.1386262e+00
   8.4228081e-01
   4.7314996e-01
  -2.3278857e-03
  -2.9296961e-01
  -5.7951826e-01
  -6.5211868e-01
  -8.5783112e-01
  -9.5826209e-01
   7.8341529e-02
   1.8030926e+00
   3.3686292e+00
   2.0700023e+00
   1.2280335e+00
   1.4865936e+00
   1.6887285e+00
  -1.4970417e+00
  -2.2873328e+00
  -2.6563749e+00
  -2.5563865e+00
  -2.2191737e+00
  -1.9062148e+00
  -1.6706746e+00
  -1.1992832e+00
  -6.4969027e-01
  -3.9781347e-01
  -5.3532594e-01
  -7.6324236e-01
  -8.5267395e-01
  -9.0410608e-01
  -9.4713271e-01
  -1.2323409e+00
  -1.5570796e+00
  -1.6766015e+00
  -1.6924024e+00
  -1.6780053e+00
  -1.6322584e+00
  -1.6207621e+00
  -1.6975292e+00
  -2.0306878e+00
  -2.5256848e+00
  -2.4075012e+00
  -6.8151051e-01
  -2.3415400e-01
  -8.6230673e-02
   2.2698946e-01
   5.5330312e-01
   6.9564718e-01
   5.6430954e-01
   2.1323976e-01
  -2.6574904e-01
  -8.0842972e-01
  -1.3247067e+00
  -1.7361739e+00
  -1.9229149e+00
  -1.8252174e+00
  -1.4381988e+00
  -8.6221987e-01
  -2.5595325e-01
   2.1371762e-01
   3.3856967e-01
   4.2489070e-01
   1.9962081e-01
  -6.2185431e-01
  -2.6133280e+00
  -3.3893628e+00
  -3.3531277e+00
  -3.0307212e+00
  -2.7759335e+00
  -2.4592526e+00
  -1.9957702e+00
  -1.3284382e+00
  -7.1571726e-01
  -6.4364541e-01
  -8.1310612e-01
  -9.2558378e-01
  -8.7843323e-01
  -7.9534167e-01
  -7.6965564e-01
  -1.1817394e+00
  -1.5900999e+00
  -1.7163258e+00
  -1.8332887e+00
  -1.8345913e+00
  -1.7433474e+00
  -1.7999113e+00
  -1.8733048e+00
  -1.9824120e+00
  -3.9899299e+00
  -2.6618500e+00
  -4.7820944e-01
  -2.9701939e-01
  -4.1882613e-01
  -1.0794725e-01
   2.2565733e-01
   2.1301974e-01
   1.0118290e-03
  -3.2847843e-01
  -8.9703208e-01
  -1.4853961e+00
  -2.0231998e+00
  -2.4769044e+00
  -2.5320151e+00
  -2.2869565e+00
  -1.8535703e+00
  -1.2488028e+00
  -6.1664808e-01
  -2.8092682e-01
  -2.9427400e-01
  -3.6958564e-02
  -1.4443746e-01
  -1.2748044e+00
  -2.8188320e+00
  -3.1345407e+00
  -2.9243563e+00
  -2.6984092e+00
  -2.4582179e+00
  -2.0401340e+00
  -1.3357702e+00
  -7.4839911e-01
  -5.7478435e-01
  -7.8753832e-01
  -1.1314727e+00
  -6.9013991e-01
  -3.9610584e-01
  -3.3231665e-01
  -6.0145069e-01
  -1.1378029e+00
  -1.5007746e+00
  -1.6571078e+00
  -1.7399809e+00
  -1.6791367e+00
  -1.5729420e+00
  -1.6340700e+00
  -1.6311738e+00
  -1.3719680e+00
  -2.9969910e+00
  -1.7241659e+00
  -4.9906087e-01
  -1.1262098e+00
  -7.9041604e-01
  -3.4862207e-01
  -1.4562361e-01
  -1.5657837e-01
  -3.7800221e-01
  -7.8226921e-01
  -1.2657618e+00
  -1.8045059e+00
  -2.3174253e+00
  -2.5637775e+00
  -2.4759210e+00
  -2.2246154e+00
  -1.8264544e+00
  -1.2557820e+00
  -5.2276361e-01
  -2.1404528e-01
  -1.3947417e-01
   3.9339583e-01
  -3.4776587e-02
  -1.5583929e+00
  -2.2689617e+00
  -2.2194524e+00
  -2.2163687e+00
  -2.0758457e+00
  -1.8130884e+00
  -1.5852487e+00
  -7.5266993e-01
  -2.5784111e-01
  -3.7222707e-01
  -4.3515015e-01
  -3.8869300e-01
  -1.9800074e-01
  -1.7794166e-02
  -2.5267226e-01
  -6.7595363e-01
  -1.0734589e+00
  -1.3227769e+00
  -1.4258728e+00
  -1.4004148e+00
  -1.3499010e+00
  -1.3357693e+00
  -1.3086466e+00
  -1.1682737e+00
  -8.6710083e-01
  -8.0120528e-01
  -1.8486228e+00
  -7.0202935e-01
  -1.1730075e+00
  -9.6707034e-01
  -4.9560744e-01
  -3.7316668e-01
  -4.0742826e-01
  -5.7688463e-01
  -9.0411395e-01
  -1.2967346e+00
  -1.7035964e+00
  -1.9920573e+00
  -2.0451913e+00
  -1.9065951e+00
  -1.6923058e+00
  -1.4311130e+00
  -9.2436796e-01
  -1.6490339e-01
   1.8298756e-01
   4.9614483e-01
   8.0339295e-01
  -2.0407075e-01
  -1.6747102e+00
  -6.0639679e-01
  -1.0013427e+00
  -1.2850891e+00
  -9.7876704e-01
  -8.5821182e-01
  -5.0228286e-01
  -2.1710585e-01
   1.4959478e-01
  -1.0543146e-01
  -1.0034504e-01
  -7.6491602e-02
  -3.2014850e-01
  -1.0042960e-01
  -3.8792616e-01
  -6.4077961e-01
  -8.1838608e-01
  -9.4080830e-01
  -9.7246462e-01
  -9.3683159e-01
  -9.3948627e-01
  -9.7385281e-01
  -8.8723463e-01
  -6.6342974e-01
  -1.6242260e-01
   6.7756140e-01
  -9.8765224e-01
  -3.2716078e-01
  -1.2232273e+00
  -1.0699668e+00
  -7.0539510e-01
  -6.6928792e-01
  -6.3185257e-01
  -7.0581746e-01
  -9.1203052e-01
  -1.0699259e+00
  -1.0525519e+00
  -8.7768340e-01
  -8.1987560e-01
  -7.9980516e-01
  -8.4999591e-01
  -8.8915783e-01
  -4.1338772e-01
   2.2628269e-01
   5.5865675e-01
   8.0439937e-01
   3.9004964e-01
  -5.1787573e-01
  -1.0894389e+00
   1.0434352e+00
  -3.4503153e-01
  -5.7043397e-01
  -3.8967785e-01
  -3.5775402e-01
  -1.9472222e-01
  -2.0286296e-01
   3.1840295e-01
  -8.8130347e-02
  -5.5229183e-02
   6.0789756e-02
  -3.4273253e-03
  -1.0176963e-01
  -2.8277785e-01
  -3.7135637e-01
  -4.4581771e-01
  -5.0672388e-01
  -5.5722529e-01
  -5.7867593e-01
  -6.3260460e-01
  -6.9015288e-01
  -5.9808189e-01
  -2.8786212e-01
   4.2147043e-01
   1.8965100e+00
  -1.7962082e-01
  -1.3461140e-01
  -5.9302950e-01
  -1.1564499e+00
  -1.0563511e+00
  -1.0249963e+00
  -8.4067684e-01
  -7.9155743e-01
  -7.8009170e-01
  -5.7623804e-01
   6.4842060e-02
   8.6784679e-01
   2.5053135e-01
  -1.7903019e-01
  -8.4512740e-01
  -9.4162500e-01
  -4.4606185e-01
   8.5671060e-02
   4.4659472e-01
   5.4533058e-01
   1.9370502e-01
  -6.4864784e-02
   2.8165570e-01
   2.3867319e+00
   6.8153054e-02
  -1.7521124e-01
  -2.9039004e-01
  -7.7810332e-02
  -5.5224210e-02
  -3.1126875e-02
   4.5176330e-01
  -1.6870471e-02
   2.6325099e-02
   2.7406216e-01
   2.4830228e-01
   1.0322426e-01
   7.0645936e-02
   4.7950365e-02
   1.4368445e-04
  -7.6720029e-02
  -2.0406823e-01
  -2.9898286e-01
  -4.1191703e-01
  -4.9462429e-01
  -3.9344767e-01
   5.7701468e-03
   9.4575638e-01
   3.0926485e+00
   3.0808195e-01
  -2.2784495e-01
  -3.0485979e-01
  -1.3943753e+00
  -1.7855375e+00
  -1.6704764e+00
  -1.2432317e+00
  -8.8961607e-01
  -5.1968426e-01
   1.2855911e-01
   1.5806476e+00
   2.4933631e+00
   5.9772807e-01
  -1.6812284e-01
  -1.3336101e+00
  -1.1915567e+00
  -7.6524508e-01
  -2.1652156e-01
   2.7907827e-01
   5.0452280e-01
   5.6763512e-01
   8.3593106e-01
   1.8253869e+00
   3.3290078e+00
   4.5661956e-01
   1.8012334e-01
  -1.3876913e-01
   1.0257048e-01
  -6.0201924e-02
   3.8676470e-01
   6.7253999e-01
   1.9118742e-01
   2.7290367e-01
   4.7855785e-01
   4.5914536e-01
   4.6101326e-01
   5.1039282e-01
   4.6752390e-01
   4.1874602e-01
   2.7282335e-01
   3.3055334e-02
  -1.3748568e-01
  -3.1327837e-01
  -4.2538741e-01
  -2.6966296e-01
   2.4509081e-01
   1.4384390e+00
   4.0202920e+00
   4.9095294e-01
  -1.8186625e-01
  -6.1114637e-01
  -1.3879957e+00
  -2.4158374e+00
  -2.2241863e+00
  -1.4638360e+00
  -7.4536864e-01
  -6.7161236e-02
   1.0156737e+00
   3.3392233e+00
   3.6376271e+00
  -1.8424278e-01
  -6.9231860e-01
  -1.7323186e+00
  -1.3643969e+00
  -1.1014755e+00
  -3.2978468e-01
   3.9928543e-01
   8.7861805e-01
   1.2888370e+00
   1.8874617e+00
   3.1040267e+00
   3.8164487e+00
   8.4361660e-01
   3.4783873e-01
   1.3628812e-01
   3.2611772e-01
   1.2815130e-01
   8.7128198e-01
   1.0144684e+00
   5.4935652e-01
   6.1610365e-01
   6.9931161e-01
   7.6981133e-01
   8.7509727e-01
   8.7209570e-01
   7.7454609e-01
   7.1273726e-01
   4.5541769e-01
   1.1269946e-01
  -1.2163761e-01
  -3.3589989e-01
  -4.3496507e-01
  -1.8482766e-01
   4.7847244e-01
   1.8944088e+00
   4.6138229e+00
   6.6446137e-01
  -2.7753460e-01
  -1.0027072e+00
  -7.2205693e-01
  -2.6448231e+00
  -2.6239612e+00
  -1.4065887e+00
  -3.8438478e-01
   5.2095288e-01
   2.0127549e+00
   4.7586117e+00
   4.1223950e+00
  -5.0913960e-01
  -1.4733282e+00
  -1.7174199e+00
  -1.4258618e+00
  -1.2404599e+00
  -4.6785384e-02
   9.1223723e-01
   1.5804373e+00
   2.1360524e+00
   2.8113759e+00
   3.9150553e+00
   4.1051407e+00
   1.3815029e+00
   3.1923273e-01
   2.7218881e-01
   4.7826433e-01
   4.0196228e-01
   1.3381307e+00
   1.3428566e+00
   9.8199481e-01
   9.2568648e-01
   9.1467339e-01
   1.0652583e+00
   1.1542059e+00
   1.0523880e+00
   9.2819279e-01
   8.1620228e-01
   4.2652833e-01
   1.7503435e-02
  -2.6180634e-01
  -4.4577229e-01
  -4.8319340e-01
  -1.0070071e-01
   7.5729167e-01
   2.2989104e+00
   4.8476477e+00
   5.5582500e-01
  -3.9949933e-01
  -1.2179537e+00
  -5.5383533e-01
  -2.7516382e+00
  -2.9340289e+00
  -1.1598880e+00
   7.3000707e-02
   1.2487140e+00
   3.2083030e+00
   6.0748076e+00
   2.7793789e+00
  -1.4066665e-01
  -1.0208398e+00
  -1.2917711e+00
  -1.2143348e+00
  -1.1375833e+00
   6.9553399e-01
   1.6812456e+00
   2.3444307e+00
   2.8629086e+00
   3.4572001e+00
   4.2922792e+00
   3.8907423e+00
   1.9769982e+00
   3.9678395e-01
   2.5947908e-01
   3.9865828e-01
   8.3856124e-01
   1.9060348e+00
   1.5961819e+00
   1.2664008e+00
   1.0521108e+00
   1.0151857e+00
   1.1598834e+00
   1.1973652e+00
   1.0257118e+00
   8.8089967e-01
   6.5821654e-01
   1.8702726e-01
  -2.1728222e-01
  -4.5929152e-01
  -5.5631661e-01
  -4.8335588e-01
   5.7107002e-02
   1.0493807e+00
   2.6174593e+00
   4.6656690e+00
   1.6157305e+00
  -7.8580402e-02
  -1.2403500e+00
  -3.5714060e-01
  -1.7007893e+00
  -3.1017051e+00
  -8.1175625e-01
   5.3972948e-01
   1.9794713e+00
   4.1472878e+00
   5.9045501e+00
   1.7439566e+00
   3.9648779e-02
  -2.4232125e-01
  -9.5527422e-01
   8.8715106e-02
  -3.4848335e-01
   1.4317076e+00
   2.2428253e+00
   2.8504047e+00
   3.3318157e+00
   3.8499215e+00
   4.3786774e+00
   3.5878000e+00
   1.9513385e+00
   3.1453201e-01
   1.0410739e-01
   3.7118331e-01
   1.1054702e+00
   2.1475375e+00
   1.6948776e+00
   1.3100201e+00
   1.0034239e+00
   9.6487981e-01
   1.0622787e+00
   1.0419903e+00
   8.2597524e-01
   6.4118588e-01
   3.1424332e-01
  -1.7037019e-01
  -5.1014531e-01
  -6.2872225e-01
  -6.0050923e-01
  -3.4863597e-01
   3.5035279e-01
   1.4272950e+00
   2.9758298e+00
   4.5030179e+00
   1.4973123e+00
  -1.9994581e-01
  -1.1770062e+00
  -4.7109199e-01
  -8.9583200e-01
  -2.5375495e+00
  -3.2789251e-01
   1.1379962e+00
   2.7376082e+00
   4.9029536e+00
   5.6024375e+00
   1.5634686e+00
   3.5117137e-01
   4.7825220e-01
  -1.2452892e+00
  -4.1838431e-01
   9.2529118e-01
   2.0143642e+00
   2.6773756e+00
   3.2717099e+00
   3.7395759e+00
   4.1195707e+00
   4.2843366e+00
   3.1541160e+00
   1.6532082e+00
   1.9960046e-01
   1.2044369e-01
   6.8403611e-01
   1.0447206e+00
   1.9928139e+00
   1.5579770e+00
   1.0499500e+00
   7.3241517e-01
   7.0046554e-01
   7.5376067e-01
   6.8559179e-01
   4.4573537e-01
   2.1417547e-01
  -1.3343608e-01
  -5.4881435e-01
  -7.4626938e-01
  -7.0502273e-01
  -5.2783918e-01
  -1.0001966e-01
   7.0184556e-01
   1.8385011e+00
   3.4010545e+00
   4.1586427e+00
   1.2394286e+00
  -4.1424237e-01
  -1.1206120e+00
  -7.0426170e-01
  -7.0686362e-01
  -1.6780204e+00
   3.3110263e-01
   1.8262043e+00
   3.4332600e+00
   5.3254922e+00
   5.0382942e+00
   1.3608077e+00
   2.3186325e-01
   1.3562836e-01
  -1.0228804e+00
  -3.5507079e-01
   2.2061202e+00
   2.4859001e+00
   3.0587188e+00
   3.6398774e+00
   4.0580773e+00
   4.2253613e+00
   4.0309076e+00
   2.5430439e+00
   1.2825617e+00
   3.3184823e-01
   3.4178388e-01
   9.7461748e-01
   8.8641667e-01
   1.7406104e+00
   1.0414200e+00
   4.6072298e-01
   1.9549379e-01
   1.8051760e-01
   2.0982639e-01
   9.9391513e-02
  -1.3804807e-01
  -3.6587107e-01
  -6.3771760e-01
  -8.8020766e-01
  -8.5948539e-01
  -6.4755619e-01
  -3.1859779e-01
   2.1242675e-01
   1.0355934e+00
   2.1588056e+00
   3.6496470e+00
   3.4780962e+00
   5.2204674e-01
  -7.3566359e-01
  -1.0124044e+00
  -6.4427727e-01
  -2.7194411e-01
  -5.0380361e-01
   1.0385956e+00
   2.4641902e+00
   3.9537511e+00
   5.3143535e+00
   3.9523799e+00
   1.2115437e+00
   4.4294324e-02
   5.6442536e-02
  -8.5084641e-01
  -1.2664147e-01
   3.0864446e+00
   2.8809421e+00
   3.3426759e+00
   3.8930507e+00
   4.2312346e+00
   4.1426902e+00
   3.5796196e+00
   1.7090026e+00
   7.6147741e-01
   9.1310427e-02
   1.3013802e-01
  -2.4704151e-03
   1.1135142e-01
   1.1695805e+00
   1.4876026e-01
  -4.1172266e-01
  -6.0396051e-01
  -6.2028724e-01
  -6.1710435e-01
  -7.3127174e-01
  -9.1420120e-01
  -1.0619005e+00
  -1.1932597e+00
  -1.1981950e+00
  -9.7066283e-01
  -6.1653650e-01
  -1.6402569e-01
   4.3191180e-01
   1.2500778e+00
   2.2902236e+00
   3.4430590e+00
   2.3730679e+00
  -8.1844591e-02
  -7.4627185e-01
  -8.3167201e-01
  -5.5466384e-01
  -1.0930783e-02
   6.7360210e-01
   1.6388093e+00
   2.9286513e+00
   4.2085471e+00
   4.9333673e+00
   3.0609493e+00
   9.0821713e-01
  -1.2566431e-01
  -5.4919582e-02
  -8.8932884e-01
   1.4353025e+00
   3.4679837e+00
   3.1370840e+00
   3.4599519e+00
   3.9472220e+00
   4.1458478e+00
   3.7250819e+00
   2.7855577e+00
   6.6664529e-01
   4.1104198e-02
  -3.9065388e-01
  -4.8249012e-01
  -6.8508893e-01
  -1.9859958e-01
   4.3072352e-01
  -1.0033946e+00
  -1.3973093e+00
  -1.5363835e+00
  -1.5814047e+00
  -1.6057100e+00
  -1.6871015e+00
  -1.7913125e+00
  -1.8395778e+00
  -1.8325014e+00
  -1.6644905e+00
  -1.3312671e+00
  -8.9134413e-01
  -3.6208591e-01
   2.7596316e-01
   1.0552355e+00
   1.9799035e+00
   2.7363393e+00
   1.3565092e+00
  -2.4761412e-02
  -8.2901859e-01
  -4.6558979e-01
  -4.1828617e-01
   2.7161083e-01
   1.3329680e+00
   2.1358075e+00
   3.2021437e+00
   4.1776547e+00
   4.3087749e+00
   2.3756521e+00
   7.3043740e-01
  -1.7857365e-01
  -2.5416484e-01
   1.0983174e-01
   2.3280835e+00
   3.3827612e+00
   3.2511251e+00
   3.4054430e+00
   3.7668664e+00
   3.7322476e+00
   2.9118211e+00
   1.6576549e+00
  -3.4507688e-01
  -6.8709318e-01
  -9.4889503e-01
  -1.1711943e+00
  -1.3314855e+00
  -9.1511470e-01
  -1.1448516e+00
  -2.1547753e+00
  -2.4042899e+00
  -2.5120141e+00
  -2.5824567e+00
  -2.6304142e+00
  -2.6947087e+00
  -2.7517468e+00
  -2.7439677e+00
  -2.6595885e+00
  -2.4414376e+00
  -2.1269244e+00
  -1.7171793e+00
  -1.2082545e+00
  -5.8491794e-01
   1.3250569e-01
   9.4730854e-01
   1.5710598e+00
   8.3849352e-01
   2.2714726e-01
  -5.9190491e-01
  -2.4647297e-01
  -2.2668592e-01
   3.1185271e-01
   1.3941251e+00
   2.4895224e+00
   3.3368160e+00
   4.0087712e+00
   3.7231586e+00
   1.5329878e+00
   4.8000231e-01
  -1.4170984e-01
  -1.4343909e-01
   9.1075956e-01
   2.8928785e+00
   3.3514733e+00
   3.2464256e+00
   3.2141759e+00
   3.3956771e+00
   3.0920956e+00
   1.8952838e+00
   4.6221721e-01
  -9.9500066e-01
  -1.0691029e+00
  -1.3848172e+00
  -1.8105332e+00
  -2.1052054e+00
  -2.1867491e+00
  -2.7348522e+00
  -3.2474141e+00
  -3.4152136e+00
  -3.5080187e+00
  -3.5871763e+00
  -3.6662211e+00
  -3.7443046e+00
  -3.7812133e+00
  -3.7676995e+00
  -3.6935274e+00
  -3.5170054e+00
  -3.2774071e+00
  -2.9943995e+00
  -2.6646284e+00
  -2.2750875e+00
  -1.8064229e+00
  -1.1763083e+00
  -5.9622506e-01
  -1.3979035e-01
  -5.0019619e-01
  -1.8210044e-01
  -1.2188072e-01
  -4.3218654e-01
   2.2622934e-01
   1.4756561e+00
   2.6534039e+00
   3.3833897e+00
   3.8914545e+00
   3.2853894e+00
   1.4746556e+00
   7.7414005e-01
  -1.2540517e-01
   4.3755698e-02
   1.5256113e+00
   2.9667389e+00
   3.1854183e+00
   3.1303174e+00
   2.8795575e+00
   2.8703009e+00
   2.3854932e+00
   9.5863855e-01
  -5.0884053e-01
  -1.1609948e+00
  -9.8221010e-01
  -1.6634607e+00
  -2.3736755e+00
  -2.8273608e+00
  -3.0991935e+00
  -3.4414329e+00
  -3.6127569e+00
  -3.6466913e+00
  -3.6504185e+00
  -3.6897418e+00
  -3.7420971e+00
  -3.8001356e+00
  -3.8604443e+00
  -3.9366262e+00
  -4.0162036e+00
  -4.0706589e+00
  -4.0773118e+00
  -4.0393426e+00
  -3.9641588e+00
  -3.9216976e+00
  -3.9101400e+00
  -3.7555337e+00
  -3.3577771e+00
  -8.1432330e-01
  -1.2495018e+00
  -7.3610459e-02
  -7.8461777e-01
  -1.8626825e+00
  -2.6649346e-01
   1.3924745e+00
   2.7208342e+00
   3.3799502e+00
   3.8385618e+00
   2.9055087e+00
   7.1027891e-01
   4.3621975e-01
   2.6709004e-03
   1.5809683e-01
   1.9965048e+00
   2.6933982e+00
   2.7099897e+00
   2.8139714e+00
   2.3954386e+00
   2.3365764e+00
   1.8887520e+00
   3.5943421e-01
  -1.1043044e+00
  -9.3015289e-01
  -4.8430046e-01
  -1.4878014e+00
  -2.3091762e+00
  -2.5202863e+00
  -2.5081742e+00
  -2.5086532e+00
  -2.5288138e+00
  -2.5241187e+00
  -2.5113232e+00
  -2.5145664e+00
  -2.5386500e+00
  -2.6046126e+00
  -2.7131279e+00
  -2.8653474e+00
  -3.0404296e+00
  -3.2514873e+00
  -3.4883561e+00
  -3.7479575e+00
  -4.0676885e+00
  -4.4776430e+00
  -4.9646192e+00
  -5.3023925e+00
  -5.2660527e+00
  -1.9475745e+00
  -1.3202384e+00
  -2.2284777e-01
  -2.3120968e+00
  -4.1324983e+00
  -1.4870236e+00
   1.4637049e+00
   2.4753566e+00
   2.9135637e+00
   3.5074432e+00
   2.3110416e+00
   1.7122198e-02
   3.9201865e-01
   2.0435464e-01
  -6.2820166e-02
   1.9649081e+00
   2.4151802e+00
   1.9862438e+00
   2.1922975e+00
   1.7126225e+00
   1.9735363e+00
   1.8239468e+00
   2.4955246e-01
  -1.2506818e+00
  -3.3414855e-01
   6.4497785e-01
  -3.8078357e-01
  -1.1241292e+00
  -1.1787339e+00
  -1.1841336e+00
  -1.2667592e+00
  -1.3430663e+00
  -1.3725558e+00
  -1.3675739e+00
  -1.3370787e+00
  -1.3107657e+00
  -1.3260251e+00
  -1.3960447e+00
  -1.5091231e+00
  -1.6449097e+00
  -1.8285777e+00
  -2.0611453e+00
  -2.3212609e+00
  -2.6712944e+00
  -3.2116037e+00
  -4.0317821e+00
  -4.9539203e+00
  -5.6279691e+00
  -2.8319484e+00
  -1.5585113e+00
  -1.4167449e+00
  -3.7512770e+00
  -4.0987577e+00
  -1.7360196e+00
   1.0005715e+00
   1.4868552e+00
   1.6632338e+00
   2.8244096e+00
   1.8129112e+00
  -1.9276867e-01
   3.8709949e-01
   3.8416137e-01
   4.1407103e-02
   1.3211268e+00
   1.9710820e+00
   1.4962994e+00
   1.2466156e+00
   6.1249833e-01
   1.7976668e+00
   2.2227664e+00
   5.5795162e-01
  -9.8253745e-01
  -2.7116588e-01
   4.5369003e-01
   5.5319839e-01
   3.6393888e-01
   2.3260007e-01
   1.6342081e-01
   4.3820905e-02
  -7.1495316e-02
  -1.5751139e-01
  -1.8671285e-01
  -1.5560270e-01
  -1.1031369e-01
  -9.3251903e-02
  -1.5198922e-01
  -2.7502677e-01
  -4.2258684e-01
  -5.8855008e-01
  -7.8948769e-01
  -1.0299141e+00
  -1.3576875e+00
  -1.8658040e+00
  -2.7396766e+00
  -3.8204990e+00
  -4.1741266e+00
  -4.0854688e+00
  -2.0902250e+00
  -3.2260388e+00
  -4.2204485e+00
  -3.4928136e+00
  -1.6019689e+00
   1.0555579e-02
   4.4825522e-02
   1.7543887e-01
   1.9266733e+00
   2.1526267e+00
   1.7900933e-01
   4.3135346e-01
   3.3917119e-01
   2.6121598e-01
   1.5896224e+00
   2.3911385e+00
   1.0066755e+00
   1.3029158e-01
  -1.0167341e+00
   1.6254809e+00
   2.5596966e+00
   1.0357165e+00
  -1.0909859e+00
   4.6263587e-01
   2.2013962e-01
   1.7073023e+00
   1.1504533e+00
   1.0351037e+00
   9.5585907e-01
   8.1795442e-01
   6.7546099e-01
   5.4771876e-01
   4.8604190e-01
   5.1527268e-01
   6.0937369e-01
   7.1929735e-01
   7.5933719e-01
   6.8586987e-01
   5.1737094e-01
   2.8786263e-01
   8.6334925e-03
  -3.3344731e-01
  -7.4805647e-01
  -1.3270152e+00
  -2.4050596e+00
  -4.0734172e+00
  -4.4082665e+00
  -4.9686766e+00
  -4.3488007e+00
  -2.8306038e+00
  -3.4085069e+00
  -3.0951452e+00
  -2.1711440e+00
  -1.4029272e+00
  -1.3011315e+00
  -7.3720467e-01
   1.4194440e+00
   1.6582556e+00
   4.2760175e-01
   3.1147605e-01
   4.1402709e-01
   3.9161023e-01
   1.2378732e+00
   3.5410869e+00
   1.5886163e+00
  -9.1641438e-01
  -1.7854089e+00
   2.4377685e+00
   3.1383529e+00
   1.3318352e+00
  -6.1320680e-01
  -1.3360769e-01
  -1.5410820e-01
   2.1640456e+00
   1.1361947e+00
   9.5360804e-01
   8.7742919e-01
   7.1845257e-01
   5.5173957e-01
   3.9853042e-01
   2.9629242e-01
   2.9622340e-01
   4.1671100e-01
   6.3561702e-01
   8.8502806e-01
   1.0435224e+00
   1.0182644e+00
   8.1758225e-01
   5.0389951e-01
   1.1412886e-01
  -2.9473838e-01
  -7.9852831e-01
  -1.7408881e+00
  -4.1985092e+00
  -4.9578552e+00
  -5.5745268e+00
  -5.7655001e+00
  -3.5773747e+00
  -4.0499768e+00
  -3.7866666e+00
  -3.5323968e+00
  -3.1397088e+00
  -2.5666537e+00
  -9.9278480e-02
   7.0563471e-01
   1.1346010e+00
   6.9323248e-01
   3.8118190e-01
   4.2050034e-01
   7.0947647e-01
  -3.5380986e-01
   1.5764272e+00
   2.2070899e+00
  -1.0176460e+00
  -1.8916314e+00
   1.3463738e+00
   3.2296052e+00
   1.4072500e+00
   3.1252235e-01
   6.5827645e-02
   7.0259774e-01
   2.3046813e+00
   7.5968671e-01
   4.2455190e-01
   2.0818536e-01
  -4.4025227e-02
  -2.8894547e-01
  -5.2090234e-01
  -7.2756648e-01
  -8.6718196e-01
  -8.9422166e-01
  -7.5745869e-01
  -4.4255772e-01
  -4.7075093e-02
   2.6317087e-01
   3.9219299e-01
   3.8614038e-01
   2.9533327e-01
   1.5692747e-01
  -5.1586423e-03
  -3.2510599e-01
  -3.4685881e+00
  -5.3963399e+00
  -4.9974413e+00
  -5.3122511e+00
  -3.0637712e+00
  -3.7624264e+00
  -4.4829741e+00
  -4.7191296e+00
  -4.5489264e+00
  -3.1464195e+00
  -5.3975183e-01
   1.3670889e-01
   1.5479257e+00
   5.3958327e-01
   1.6504288e-01
   3.0454782e-01
   4.4386971e-01
  -2.9699105e-01
   9.7352725e-01
   1.8218548e+00
  -1.2290391e+00
  -1.8890417e+00
   7.7020198e-01
   2.8042471e+00
   1.7565095e+00
   4.0230015e-01
  -3.0047079e-01
   9.0402036e-01
   1.8627260e+00
   3.1504174e-01
   1.2362425e-02
  -3.5329925e-01
  -7.1432148e-01
  -1.0737377e+00
  -1.4250074e+00
  -1.7486493e+00
  -2.0207361e+00
  -2.2090765e+00
  -2.2444354e+00
  -2.0582460e+00
  -1.6512903e+00
  -1.1833893e+00
  -8.4524815e-01
  -6.3637505e-01
  -4.3946758e-01
  -2.5596355e-01
  -6.7318429e-02
   3.3440273e-01
  -2.3600875e+00
  -5.3318222e+00
  -3.9086025e+00
  -3.2941510e+00
  -2.5315310e+00
  -3.6929519e+00
  -4.3930128e+00
  -4.8455899e+00
  -5.0685571e+00
  -3.9158802e+00
  -8.1484358e-01
  -2.6290049e-01
   1.2446265e+00
   4.4288748e-01
   1.7365185e-01
   1.1985686e-01
  -1.0545990e-02
   1.6175782e-01
   2.2546096e-01
   2.2691280e+00
  -8.5742693e-01
  -1.0788979e+00
   1.2908984e-01
   1.6309227e+00
   1.7680688e+00
   3.1703182e-01
   1.0283112e-01
   1.2383544e+00
   1.5559652e+00
   5.5889272e-02
  -9.3076486e-02
  -5.0645518e-01
  -9.0375824e-01
  -1.2860810e+00
  -1.7540438e+00
  -2.1827502e+00
  -2.5625080e+00
  -2.8707851e+00
  -3.0667411e+00
  -3.0687491e+00
  -2.8020822e+00
  -2.3250608e+00
  -1.8710942e+00
  -1.5748261e+00
  -1.2819174e+00
  -8.8942839e-01
  -5.0719380e-01
  -8.2063957e-01
  -3.0968743e+00
  -4.2391205e+00
  -3.1175011e+00
  -2.6747531e+00
  -2.6136581e+00
  -3.3721147e+00
  -4.0410972e+00
  -4.6953177e+00
  -5.3699854e+00
  -5.0013202e+00
  -1.0482999e+00
  -8.2646807e-01
   5.6250780e-01
   1.9657964e-01
   3.5035111e-01
  -1.9329304e-01
  -5.5250722e-01
  -2.4326557e-01
  -4.0413080e-01
   1.1567142e+00
  -4.2721246e-01
  -7.6566455e-01
  -3.0031683e-01
   6.6868196e-01
   1.6808793e+00
   6.3912640e-01
   4.7589701e-01
   1.4637901e+00
   1.4799316e+00
   8.2644284e-02
   9.3486413e-02
  -2.0721550e-01
  -6.8434221e-01
  -1.0293036e+00
  -1.5910472e+00
  -2.1263056e+00
  -2.6177065e+00
  -3.0329702e+00
  -3.3468335e+00
  -3.5032444e+00
  -3.4094951e+00
  -3.0187988e+00
  -2.5075045e+00
  -2.1434498e+00
  -1.8663461e+00
  -1.3895609e+00
  -6.6708463e-01
  -1.0607400e+00
  -2.2906256e+00
  -2.9837914e+00
  -2.1306398e+00
  -1.9644233e+00
  -2.2119751e+00
  -2.8948250e+00
  -3.7142453e+00
  -4.6351819e+00
  -5.7475400e+00
  -6.1548424e+00
  -2.1169190e+00
  -1.6685115e+00
   8.2054883e-03
   1.6453736e-01
  -2.0915899e-02
  -1.5765889e+00
  -2.5922518e+00
   1.0203835e-01
  -5.6318170e-01
   3.9748955e-01
   1.1793622e-01
  -7.2638422e-01
  -5.9962618e-01
   1.9509140e-01
   1.7261360e+00
   6.2942535e-01
   5.0383097e-01
   1.2602977e+00
   5.8252496e-01
   1.7489191e-02
   2.2396831e-01
   2.8699625e-02
  -7.8187600e-02
  -4.8862848e-01
  -1.0887196e+00
  -1.7314304e+00
  -2.3525653e+00
  -2.8745775e+00
  -3.2867107e+00
  -3.5407386e+00
  -3.5719171e+00
  -3.3095727e+00
  -2.8508728e+00
  -2.4986939e+00
  -2.3157530e+00
  -1.9578739e+00
  -5.6945682e-01
  -5.3824848e-01
  -1.3358355e+00
  -1.8700926e+00
  -1.2663605e+00
  -1.0859087e+00
  -1.4886370e+00
  -2.2721927e+00
  -3.2578027e+00
  -4.5034637e+00
  -6.0523510e+00
  -7.3909073e+00
  -3.6955862e+00
  -2.6742892e+00
  -8.4916961e-01
   2.6764549e-02
  -1.0551018e+00
  -3.1337166e+00
  -4.2837052e+00
  -2.9489136e-01
  -8.4837806e-01
  -1.2231687e+00
   3.5804993e-01
  -4.3376470e-01
  -6.2240458e-01
   4.8497520e-02
   1.1946379e+00
   6.0608369e-01
   4.0982987e-01
   4.8687720e-02
  -4.5931834e-01
  -1.4752628e-02
  -1.7543432e-01
   5.3265707e-02
   4.4348974e-01
   1.7015939e-01
  -3.8278009e-01
  -1.0789835e+00
  -1.7997132e+00
  -2.4098789e+00
  -2.8903297e+00
  -3.1921803e+00
  -3.2760213e+00
  -3.1130210e+00
  -2.7936164e+00
  -2.5893866e+00
  -2.6423008e+00
  -2.5165533e+00
  -9.2164291e-01
   2.6758107e-01
  -4.6458465e-01
  -1.2969824e+00
  -7.3284343e-01
  -3.2422071e-01
  -7.0133588e-01
  -1.5075921e+00
  -2.5732898e+00
  -3.9993498e+00
  -5.8468383e+00
  -7.9691687e+00
  -4.2551579e+00
  -2.8961088e+00
  -2.6307840e+00
  -5.8371000e-01
  -1.9409634e+00
  -3.2845879e+00
  -4.8180527e+00
  -1.5754928e+00
  -2.6778697e+00
  -9.6281821e-01
   1.0840744e+00
   1.1572078e-01
  -2.6830491e-01
  -7.6296563e-03
   3.6633353e-01
   1.0892565e+00
   9.9198878e-01
  -6.4286172e-01
  -1.6618183e+00
  -4.4925070e-01
  -3.7206572e-01
   2.6274765e-01
   8.7020856e-01
   7.4037492e-01
   3.8842273e-01
  -2.3841269e-01
  -9.8244536e-01
  -1.6484320e+00
  -2.1876447e+00
  -2.5258064e+00
  -2.6354706e+00
  -2.5480924e+00
  -2.3856874e+00
  -2.4083049e+00
  -2.8028913e+00
  -2.9615357e+00
  -4.3769932e-01
   7.1462512e-01
   7.4127454e-01
  -8.7006348e-01
  -4.1635501e-01
   1.9313902e-01
  -1.7790481e-02
  -7.3633629e-01
  -1.7465459e+00
  -3.1236820e+00
  -5.0176878e+00
  -7.3103232e+00
  -4.1843371e+00
  -1.7896299e+00
  -2.9705446e+00
  -1.4356124e+00
  -1.3342963e+00
  -3.3675482e+00
  -4.5446568e+00
  -2.2511280e+00
  -3.6171389e+00
   7.1400124e-01
   1.9607354e+00
   3.9914271e-01
  -2.3642424e-01
   2.4166282e-01
   4.1083294e-01
   1.6659167e+00
   1.5138241e+00
   2.6254731e-01
  -1.7655562e+00
  -1.0218819e+00
  -4.1957724e-01
   2.2460625e-01
   8.7056774e-01
   1.0772929e+00
   1.0108553e+00
   5.6425673e-01
  -1.6512825e-01
  -9.0092385e-01
  -1.5043526e+00
  -1.8739078e+00
  -1.9934839e+00
  -1.9692369e+00
  -1.9691575e+00
  -2.2503884e+00
  -2.9605527e+00
  -3.0553486e+00
  -3.1173992e-01
   9.8950666e-01
   1.5728600e+00
  -4.7823140e-01
  -1.6298476e-01
   5.0666875e-01
   4.4749445e-01
  -1.5103665e-01
  -1.0459037e+00
  -2.3512871e+00
  -4.1913428e+00
  -6.4702344e+00
  -6.2331381e+00
  -9.3110126e-01
  -2.6360223e+00
  -1.8414201e+00
  -1.5176343e+00
  -3.9718981e+00
  -4.1053853e+00
  -2.9339969e+00
  -3.9677279e+00
  -4.7111833e-01
   1.2230377e+00
   1.2245203e+00
   6.8906331e-01
   2.8787646e+00
   3.1336761e+00
   2.8156035e+00
   9.8262137e-01
   1.1416333e+00
  -7.8050900e-01
  -1.4953183e+00
  -5.6557405e-01
   9.5925368e-02
   7.8933614e-01
   1.2602654e+00
   1.4048702e+00
   1.1428057e+00
   4.7222731e-01
  -3.1726402e-01
  -9.7705257e-01
  -1.3584632e+00
  -1.4542222e+00
  -1.4505770e+00
  -1.5989540e+00
  -2.1927745e+00
  -3.1321690e+00
  -2.5498288e+00
   1.0405506e-01
   1.2999716e+00
   2.2594728e+00
   7.7794166e-03
   5.2294254e-02
   6.6552341e-01
   7.5500637e-01
   2.5105932e-01
  -5.4357284e-01
  -1.7624251e+00
  -3.5769808e+00
  -5.9961066e+00
  -6.8842688e+00
  -1.1261461e+00
  -2.5780888e+00
  -2.4875360e+00
  -8.5041094e-01
  -2.5854125e+00
  -3.2954748e+00
  -2.0945120e+00
  -2.7884386e+00
  -1.1328104e-01
  -2.3798184e-01
   8.5689098e-01
   4.5037723e-01
   1.6851649e+00
   3.1157141e+00
   1.4454648e+00
  -3.8903534e-01
   4.8100576e-01
  -2.8694525e-01
  -1.6170467e+00
  -1.2794919e+00
  -2.0330960e-01
   7.7951151e-01
   1.5193897e+00
   1.7706113e+00
   1.5846951e+00
   1.0097084e+00
   1.9132908e-01
  -4.8786566e-01
  -8.4097618e-01
  -8.6440414e-01
  -8.2292074e-01
  -1.0758352e+00
  -2.0725167e+00
  -3.2689035e+00
  -1.7748682e+00
   2.1964145e-01
   1.9767405e+00
   2.0887909e+00
   4.8434508e-01
   7.4865258e-01
   1.3713813e+00
   1.2011168e+00
   8.0967373e-01
   1.5143187e-01
  -9.8992658e-01
  -2.7529576e+00
  -5.1611319e+00
  -6.4073763e+00
  -2.0311208e+00
  -1.8841314e+00
  -1.6918149e+00
  -1.1238689e+00
  -8.9212263e-01
  -1.8753316e+00
  -1.3900193e+00
  -6.7444736e-01
   1.3462521e-01
  -1.1628565e-01
  -1.2196565e+00
  -1.9096783e+00
  -2.9951718e+00
  -5.7528949e-01
   3.4868193e-01
  -1.9838628e-01
  -2.4832530e-01
  -6.3008327e-02
  -9.5279306e-01
  -1.4899076e+00
  -8.2796477e-01
   5.8220664e-01
   1.6319406e+00
   2.0377284e+00
   1.8637751e+00
   1.3848307e+00
   5.9230695e-01
  -1.2053382e-01
  -4.2559239e-01
  -3.3816566e-01
  -1.9820569e-01
  -4.4769272e-01
  -1.7371934e+00
  -3.2037773e+00
  -4.9069238e-01
   5.7437084e-01
   1.8524276e+00
   1.6741918e+00
   3.3742701e-01
   1.8122470e-01
   1.3316425e+00
   1.4491931e+00
   1.2715780e+00
   8.4767996e-01
  -4.9643154e-02
  -1.7282055e+00
  -4.2295764e+00
  -5.5347951e+00
  -1.2916715e+00
  -1.0760128e+00
  -1.1314245e+00
  -1.1670663e+00
   1.2582427e-01
  -6.9243578e-01
  -1.6988436e+00
  -1.0736989e+00
  -1.1997629e+00
  -9.3424022e-01
  -3.1639344e+00
  -2.7223005e+00
  -2.5560836e+00
  -1.7599170e+00
   1.1831491e+00
  -5.4928756e-01
  -3.2963663e-01
  -4.7032729e-02
  -3.2580939e-01
  -1.4088672e+00
  -1.4921244e+00
   1.3678351e-01
   1.4033844e+00
   1.9969472e+00
   1.8951194e+00
   1.5231390e+00
   8.7927181e-01
   1.9134988e-01
  -6.9332398e-02
   1.1418413e-01
   3.9955389e-01
   2.4791746e-01
  -1.1292135e+00
  -2.4020133e+00
   2.5467262e-01
   9.2765814e-01
   1.7657819e+00
   1.6749756e+00
   4.1435072e-01
  -8.0568872e-02
   4.3529344e-01
   1.1793410e+00
   1.3993618e+00
   1.2983847e+00
   7.1018869e-01
  -6.4132887e-01
  -3.0620131e+00
  -4.3222346e+00
  -1.0862627e+00
  -1.0909576e+00
  -7.1622545e-01
  -5.8315277e-01
  -1.1627240e-01
  -4.8572248e-01
  -2.0326538e+00
  -9.9543482e-01
  -1.3155115e+00
  -1.5473388e+00
  -1.5462813e+00
  -1.9349076e+00
  -1.3792058e+00
  -1.2383937e+00
   3.8586445e-02
  -4.4386941e-01
  -2.8737360e-01
   2.2687106e-01
  -6.4267606e-01
  -1.3094429e+00
  -1.7765030e+00
  -5.2620667e-01
   8.4966213e-01
   1.6529540e+00
   1.7378654e+00
   1.4829228e+00
   1.0174849e+00
   4.7003663e-01
   2.6822692e-01
   4.9860930e-01
   9.2038000e-01
   9.3945384e-01
  -3.2563314e-01
  -1.3978922e+00
   7.3729885e-01
   9.0174776e-01
   1.0528979e+00
   1.2216339e+00
   3.1888193e-01
   4.7076866e-02
  -3.2055515e-01
   4.0076500e-01
   1.1893394e+00
   1.3665669e+00
   1.0834146e+00
   1.8535191e-01
  -1.8120629e+00
  -3.0514193e+00
  -1.0535405e+00
  -1.3336384e+00
  -1.0073112e+00
  -4.0248555e-01
   1.6311607e-01
  -3.5419548e-01
  -7.1414679e-01
  -7.5334078e-01
  -1.6300131e+00
  -2.0796680e+00
  -1.0053880e+00
  -1.5199399e+00
  -1.1423353e+00
   6.8517077e-01
   7.1862376e-01
  -2.7066290e-01
   6.6540635e-01
   5.4574883e-01
  -1.0313263e+00
  -1.3085303e+00
  -1.4280231e+00
  -8.8460296e-01
   4.7281855e-01
   1.4011092e+00
   1.6817902e+00
   1.5720744e+00
   1.1956347e+00
   7.6405621e-01
   6.2923521e-01
   8.7325513e-01
   1.3790197e+00
   1.5820158e+00
   5.4696983e-01
  -1.8244958e-01
   6.7987871e-01
   2.9072711e-01
   1.5025653e-01
   3.9405683e-01
  -1.3505042e-02
  -6.6604219e-02
  -7.6137602e-02
  -2.5229996e-01
   3.7693161e-01
   1.0314670e+00
   1.1738926e+00
   6.4033192e-01
  -6.6860217e-01
  -1.9589435e+00
  -6.4032364e-01
  -3.9627922e-01
  -1.3662689e+00
  -7.5056553e-01
  -4.6143392e-01
  -4.5697066e-01
  -1.7613833e-01
  -4.2988905e-01
  -1.3370681e+00
  -2.0119987e+00
   3.3869721e-02
  -9.2176843e-01
  -2.0281420e+00
   5.5334961e-01
   1.0299336e+00
  -2.6913449e-01
  -7.7645311e-02
   4.9147311e-01
  -6.0144175e-01
  -1.5391403e+00
  -1.1534738e+00
  -7.0217904e-01
   6.0531683e-01
   1.5455456e+00
   2.0171936e+00
   1.9740894e+00
   1.5617414e+00
   1.1117280e+00
   9.7039246e-01
   1.2345749e+00
   1.8390055e+00
   2.1832428e+00
   1.3920390e+00
   1.0738089e+00
   7.9995433e-01
   1.5416684e-02
  -2.1311274e-01
  -1.8105193e-01
  -3.1594298e-01
  -3.8436647e-01
  -1.5031061e-01
   4.1893163e-02
  -2.5884717e-04
   2.0604506e-01
   8.2961021e-01
   7.7382669e-01
   6.7492031e-02
  -1.1557888e+00
  -4.0053155e-01
  -1.0439621e-01
  -3.6199574e-01
  -3.3520396e-01
  -9.1094281e-02
  -1.8606784e-01
   9.8948148e-02
  -4.8266935e-01
  -1.1248564e+00
  -1.4629438e+00
  -1.5053955e-01
   3.0811004e-01
  -4.0970548e-01
   5.1972330e-01
   1.8005907e-01
   4.5491731e-01
  -7.4358088e-01
  -1.8925264e-01
  -4.4072345e-01
  -1.7359906e+00
  -2.2892189e+00
  -1.8953400e+00
  -3.5577586e-01
   8.4661448e-01
   1.7474905e+00
   1.8821404e+00
   1.5409687e+00
   1.0989367e+00
   9.5504987e-01
   1.2805980e+00
   2.0123606e+00
   2.4755428e+00
   1.7414311e+00
   8.7639546e-01
   7.0506501e-01
  -4.3829717e-02
  -2.4127033e-01
  -3.0345863e-01
  -4.9244091e-01
  -5.1578677e-01
  -3.3215448e-01
  -1.5226452e-01
  -1.9387768e-01
  -4.4245237e-01
   3.5996780e-01
   6.2733859e-01
   2.1062684e-01
  -9.3736604e-02
   3.0599546e-01
  -2.4639145e-01
   1.3601534e-01
   6.5806322e-02
   3.7571079e-01
   4.3405008e-01
  -2.3150593e-03
  -4.5805067e-01
  -6.2480569e-01
  -1.2128606e+00
   4.6074805e-01
  -1.6585930e-01
   2.0182535e-02
   3.5974410e-01
   5.3538519e-01
   2.3970525e-01
  -1.7329557e-01
  -1.5274554e+00
  -1.2416277e+00
  -1.9380212e+00
  -2.9600716e+00
  -2.2249060e+00
  -1.6012220e+00
  -1.0076337e+00
   9.2401010e-01
   1.3271900e+00
   1.3112987e+00
   6.9422394e-01
   2.0488007e-01
   3.8017130e-01
   1.5999433e+00
   2.4052091e+00
   1.7831466e+00
   1.0068142e+00
   1.1528292e-01
  -3.9088491e-01
  -3.8249382e-01
  -5.0483561e-01
  -6.8430072e-01
  -5.9720778e-01
  -4.2567527e-01
  -2.7837268e-01
  -6.0604692e-01
  -5.7749623e-01
  -1.2528653e-01
   1.6326998e-01
   1.3965793e-01
   3.9434037e-01
   7.5373852e-01
  -1.0291673e+00
  -2.8820762e-01
  -6.2105451e-02
   3.2028466e-01
   3.2871893e-01
  -2.3317492e-01
  -8.6868189e-02
   8.6076632e-03
  -1.0652401e+00
  -1.0078754e-01
  -5.2365786e-01
   4.0655139e-01
   6.1704618e-01
   2.2713397e-01
   2.0748208e-01
   4.2221707e-01
  -2.4774092e-01
  -7.3774135e-01
  -2.9084787e+00
  -3.7616694e+00
  -1.7534767e+00
  -8.9854473e-01
  -2.8214247e+00
  -2.7090979e-01
   2.6094767e-01
   1.2142862e+00
  -3.9648855e-01
  -2.7062213e+00
  -2.1929948e+00
  -3.1440102e-02
   1.4635999e+00
   1.0118878e+00
   1.1168108e+00
  -2.5527275e-01
  -4.1446459e-01
  -4.7365043e-01
  -7.2652745e-01
  -8.5861564e-01
  -6.1128044e-01
  -2.3885156e-01
  -3.5743031e-01
  -5.7641625e-01
  -4.5655631e-02
  -1.1552080e+00
  -9.1547203e-01
  -1.8567106e-01
  -2.7086210e-01
  -6.1625216e-02
  -4.6074045e-01
   2.4883544e-01
  -2.2371744e-01
   2.8940463e-02
  -3.5347722e-02
  -3.4496063e-01
  -2.2194484e-01
   3.4456569e-01
  -6.2970459e-01
  -7.1356165e-01
  -7.1513438e-01
  -2.9404461e-01
   2.1350269e-01
  -3.4598842e-01
  -3.8509679e-01
  -1.1527520e-01
  -3.3933836e-01
  -5.0841737e-01
  -4.2401385e-01
  -2.4809473e+00
  -2.8134179e+00
  -1.9209039e+00
  -2.7686985e+00
  -3.4909835e+00
  -2.3356647e+00
  -5.4265738e-01
  -3.7863702e-01
   3.0395731e-01
  -7.7725798e-01
  -9.8142767e-01
  -5.5613387e-01
   1.4911475e+00
   9.2935950e-01
  -2.9854566e-01
  -3.2493556e-01
  -5.7011455e-01
  -1.0034163e+00
  -1.0092047e+00
  -8.6828381e-01
   4.5003537e-03
  -5.3694272e-01
  -9.8524398e-01
   4.2062059e-01
  -6.1266512e-02
  -1.5562747e+00
  -1.2152106e+00
  -7.2259218e-01
  -1.1267915e+00
  -8.0504906e-01
   7.8063411e-01
   3.2041454e-01
  -2.3569980e-01
  -3.1084317e-01
  -5.4448360e-01
  -3.3214751e-01
   4.2699844e-02
  -5.1275480e-01
  -6.2169534e-01
  -1.1649024e+00
  -5.9210968e-01
  -6.1553985e-01
  -4.3394235e-01
   8.6285651e-02
  -9.1564476e-01
  -6.6255248e-01
  -1.4329645e-01
  -1.1726191e-01
  -5.1707681e-02
  -2.0932458e-01
  -2.4230427e-01
   4.3461984e-01
  -1.3020703e-01
  -3.9989132e-01
   8.6787271e-01
   7.5787210e-01
   4.9149141e-01
   1.0493017e+00
   1.1855536e+00
   1.6663809e+00
   1.0719062e+00
   4.6006016e-02
  -4.4832349e-01
  -8.2282144e-01
  -7.5245297e-01
  -7.1696156e-01
  -1.2927654e+00
  -1.1026001e+00
  -3.8534281e-01
  -5.2447230e-01
  -3.8993642e-01
   4.1448435e-01
   9.2660224e-01
   5.6569362e-01
  -3.7637255e-01
  -8.6643040e-01
  -1.5205413e+00
  -1.5152378e+00
  -1.2271568e-01
   1.1993705e+00
   6.6373950e-01
  -2.6760498e-01
  -6.3956982e-01
  -4.6849188e-01
  -1.5500161e-01
  -3.7626091e-01
  -7.7287322e-01
  -9.1837949e-01
  -2.2042269e-01
   1.4522260e-01
   3.2874703e-01
  -3.1194037e-01
  -2.2666810e-01
   9.9802740e-02
   3.4067979e-01
   2.3849556e-01
   1.6916024e-02
  -1.6144313e-01
  -2.7685574e-01
  -2.9298571e-01
  -2.6293465e-01
  -2.4913144e-01
  -2.8892848e-01
  -4.8653689e-01
  -8.2495534e-01
  -8.4112668e-01
  -4.3102622e-01
  -3.4473643e-01
  -8.2973087e-01
  -1.1807102e+00
  -1.0713526e+00
  -1.0119995e+00
  -1.1520660e+00
  -1.0130072e+00
  -7.5429004e-01
  -8.1950235e-01
  -1.2903333e+00
  -1.4606290e+00
  -1.0015603e+00
  -4.1131881e-01
   2.1367204e-01
   5.8475763e-01
   1.8981944e-01
  -8.9156383e-01
  -1.7255733e+00
  -1.3267643e+00
   1.0798199e-01
   1.2761703e+00
   3.0084699e-01
  -3.8876113e-01
  -2.1808466e-01
   8.7422267e-02
  -6.4815059e-03
  -1.2446854e-01
   2.2839842e-02
   2.3210701e-01
   1.4873210e-01
  -4.9207680e-02
  -1.7585137e-01
