   0.0000000e+00
   0.0000000e+00
   0.0000000e+00
   0.0000000e+00
   0.0000000e+00
   0.0000000e+00
   0.0000000e+00
   0.0000000e+00
   0.0000000e+00
   9.5910785e-02
   8.7874134e-02
   0.0000000e+00
   0.0000000e+00
   0.0000000e+00
   0.0000000e+00
   0.0000000e+00
   0.0000000e+00
   0.0000000e+00
   0.0000000e+00
   0.0000000e+00
   0.0000000e+00
   0.0000000e+00
   0.0000000e+00
   0.0000000e+00
   0.0000000e+00
   0.0000000e+00
   2.8036841e-02
   0.0000000e+00
   0.0000000e+00
   0.0000000e+00
   0.0000000e+00
   0.0000000e+00
   0.0000000e+00
   0.0000000e+00
   0.0000000e+00
   0.0000000e+00
   0.0000000e+00
   0.0000000e+00
   0.0000000e+00
   0.0000000e+00
   0.0000000e+00
   0.0000000e+00
   0.0000000e+00
   0.0000000e+00
   0.0000000e+00
   0.0000000e+00
   0.0000000e+00
   0.0000000e+00
   0.0000000e+00
   0.0000000e+00
   0.0000000e+00
   0.0000000e+00
   0.0000000e+00
   0.0000000e+00
   0.0000000e+00
   0.0000000e+00
   8.4195714e-02
   1.0696197e-01
   6.6831744e-02
   3.1435774e-02
   1.6366116e-02
   6.6150380e-03
  -4.8310308e-03
  -1.5670843e-02
  -1.8517709e-02
  -1.6258594e-02
  -1.3748073e-02
  -7.4301507e-03
  -1.2228595e-02
  -1.3763464e-02
  -4.0066126e-03
  -1.0627724e-02
  -3.5181503e-02
   0.0000000e+00
   4.5252640e-02
   4.1667804e-02
   2.6508941e-02
   2.2014653e-02
   1.7472478e-02
   7.4792388e-03
   3.2922131e-03
   8.4830101e-03
  -6.3031627e-04
  -1.8267868e-03
   4.8966974e-03
   6.4880248e-03
   1.0643268e-02
   0.0000000e+00
   0.0000000e+00
   0.0000000e+00
   0.0000000e+00
   0.0000000e+00
   0.0000000e+00
   0.0000000e+00
   0.0000000e+00
   0.0000000e+00
   0.0000000e+00
   0.0000000e+00
   1.1319566e-03
   0.0000000e+00
   0.0000000e+00
   9.6905245e-03
   1.5389101e-02
   9.8581437e-03
   2.7468769e-02
   3.7922017e-02
   2.3876084e-02
   1.6958255e-02
   7.0521701e-03
  -2.0736428e-04
  -8.2319602e-03
  -1.7360760e-02
  -2.1084104e-02
  -2.4658801e-02
  -2.2719551e-02
  -2.2051606e-02
  -1.9027524e-02
  -1.8097149e-02
  -1.7343376e-02
  -1.6604325e-02
  -2.6394193e-02
  -2.1719655e-02
   1.7977480e-02
   5.1338472e-03
   6.4877188e-03
   1.4289924e-02
   1.6587146e-02
   2.0784497e-02
   1.7493492e-02
   1.2349029e-02
   5.3255921e-03
  -5.6089950e-05
   1.4836661e-03
  -7.3724653e-04
  -1.7356540e-03
  -9.2920542e-03
  -1.6290981e-02
  -7.7918332e-03
   1.5168526e-02
   4.8575948e-02
   3.4846750e-02
   1.6393201e-02
   4.2193481e-03
   4.7074233e-04
  -1.1436562e-02
  -2.2268864e-02
  -2.8756684e-02
  -3.4782443e-02
  -2.9948477e-02
  -1.8516450e-02
  -1.4766447e-02
  -1.1151251e-02
  -2.0433832e-03
   3.1647335e-03
   2.0127182e-03
  -1.6872664e-03
  -5.0837873e-03
  -9.6654063e-03
  -1.3792364e-02
  -2.1067580e-02
  -2.7929937e-02
  -3.0449428e-02
  -3.0395696e-02
  -2.9906459e-02
  -2.8811837e-02
  -2.6405323e-02
  -2.7067313e-02
  -3.0691372e-02
  -3.4565393e-02
  -2.7989101e-02
  -5.3577706e-03
   9.0416579e-06
   2.9909299e-03
   8.7228892e-03
   1.4551516e-02
   1.7455131e-02
   1.5595485e-02
   9.2478720e-03
   1.0591013e-03
  -7.6331617e-03
  -1.5340320e-02
  -2.0983005e-02
  -2.3931799e-02
  -2.3224810e-02
  -1.8757522e-02
  -9.0480531e-03
   5.2741421e-03
   2.1345450e-02
   2.1472365e-02
   1.6252644e-02
   7.8954604e-03
  -3.5554497e-03
  -3.9562088e-02
  -5.3682812e-02
  -5.5849433e-02
  -5.1989824e-02
  -4.6685945e-02
  -4.1375946e-02
  -3.2944418e-02
  -2.1123508e-02
  -9.7697284e-03
  -5.2824798e-03
  -6.9952104e-03
  -9.6258931e-03
  -1.0223269e-02
  -1.0728855e-02
  -1.1845562e-02
  -2.0568490e-02
  -2.9605266e-02
  -3.2825675e-02
  -3.4452960e-02
  -3.5010893e-02
  -3.3483215e-02
  -3.3139262e-02
  -3.4766458e-02
  -4.1391056e-02
  -6.0949681e-02
  -0.0000000e+00
   4.6777388e-03
   5.2064415e-03
   1.9657682e-03
   5.8882297e-03
   1.0384214e-02
   1.0746523e-02
   6.4363023e-03
  -1.9749589e-04
  -1.1106920e-02
  -2.3126468e-02
  -3.3877503e-02
  -4.2423777e-02
  -4.3969166e-02
  -3.9191559e-02
  -2.9297721e-02
  -1.6267054e-02
  -3.5826755e-03
   3.9785770e-03
   5.6207171e-03
   8.3307950e-03
   3.5062914e-03
  -1.6890235e-02
  -5.3016558e-02
  -6.1529018e-02
  -5.6685213e-02
  -5.0469700e-02
  -4.6837740e-02
  -3.8986284e-02
  -2.6010837e-02
  -1.4957601e-02
  -9.1439588e-03
  -1.0278465e-02
  -1.1947471e-02
  -1.0810901e-02
  -7.4445941e-03
  -4.7515635e-03
  -7.6564355e-03
  -2.0616192e-02
  -3.0201076e-02
  -3.3275351e-02
  -3.5722751e-02
  -3.5154548e-02
  -3.2119744e-02
  -3.3295490e-02
  -3.5026714e-02
  -3.4560539e-02
  -6.8338157e-02
   0.0000000e+00
   3.6651627e-03
  -4.3994188e-03
  -5.8308756e-03
  -5.2193238e-04
   3.0060625e-03
   1.4697006e-03
  -3.6010295e-03
  -1.0970887e-02
  -2.2058161e-02
  -3.4252033e-02
  -4.5405630e-02
  -5.1887687e-02
  -5.0094917e-02
  -4.3584198e-02
  -3.3910960e-02
  -2.0884851e-02
  -6.1526718e-03
   9.8141853e-04
   2.3375370e-03
   1.0050619e-02
   3.1590452e-03
  -2.6480880e-02
  -4.9270716e-02
  -4.7195569e-02
  -4.1903254e-02
  -3.8289458e-02
  -3.3971418e-02
  -2.8072955e-02
  -1.1759530e-02
  -4.5151175e-03
  -7.6463325e-03
  -9.8404831e-03
  -8.2185625e-03
  -4.4073984e-03
   1.3301572e-03
  -6.4990582e-04
  -9.4034001e-03
  -2.1308895e-02
  -2.8210301e-02
  -3.0539308e-02
  -3.0891964e-02
  -2.9289808e-02
  -2.7854837e-02
  -2.8560426e-02
  -2.7337054e-02
  -2.3745846e-02
  -3.3283796e-02
   0.0000000e+00
  -0.0000000e+00
  -1.3183174e-02
  -1.0449067e-02
  -4.2829788e-03
  -3.7829231e-03
  -6.3290643e-03
  -1.1166879e-02
  -1.8064318e-02
  -2.6366021e-02
  -3.5786372e-02
  -4.2564023e-02
  -4.3596584e-02
  -4.0121973e-02
  -3.4311872e-02
  -2.7372906e-02
  -1.7220866e-02
  -1.9386408e-03
   5.5522411e-03
   1.0916832e-02
   2.1616109e-02
   3.0630950e-03
  -3.1749666e-02
  -3.0350469e-02
  -3.2277070e-02
  -2.8459972e-02
  -2.3530268e-02
  -0.0000000e+00
  -0.0000000e+00
   2.8051592e-03
   3.5263055e-03
  -3.1824724e-03
  -5.2279248e-03
  -2.3068780e-03
   8.6786697e-07
   8.8642252e-04
  -5.4476922e-03
  -1.3244462e-02
  -1.9717222e-02
  -2.3109782e-02
  -2.3704953e-02
  -2.3081657e-02
  -2.2432964e-02
  -2.2479318e-02
  -2.1546043e-02
  -1.8370129e-02
  -1.2135321e-02
  -3.2344077e-03
  -0.0000000e+00
   0.0000000e+00
  -1.4817978e-02
  -1.1821035e-02
  -6.9061234e-03
  -8.2952036e-03
  -1.0973630e-02
  -1.4890722e-02
  -2.0244887e-02
  -2.4873350e-02
  -2.7713044e-02
  -2.7955495e-02
  -2.5995249e-02
  -2.1607433e-02
  -1.7714806e-02
  -1.5786847e-02
  -7.7355029e-03
   5.4996246e-03
   1.2637113e-02
   2.0352237e-02
   1.8587701e-02
  -6.5258755e-03
  -3.0103903e-02
  -5.4273410e-03
  -0.0000000e+00
  -1.0192754e-02
  -1.2051974e-02
   0.0000000e+00
   0.0000000e+00
   0.0000000e+00
   9.4902874e-03
  -1.1849455e-03
  -3.2610439e-03
  -1.7108887e-03
  -5.9350299e-04
  -2.7405149e-03
  -7.8313248e-03
  -1.1480001e-02
  -1.3893963e-02
  -1.5793111e-02
  -1.6188059e-02
  -1.6118862e-02
  -1.6317042e-02
  -1.7170172e-02
  -1.5429471e-02
  -1.1211199e-02
  -2.6940515e-03
   8.7321838e-03
   0.0000000e+00
   0.0000000e+00
  -1.2337176e-02
  -1.1845142e-02
  -9.0141920e-03
  -1.1475277e-02
  -1.3043567e-02
  -1.5625646e-02
  -1.8433331e-02
  -1.7836297e-02
  -1.3577361e-02
  -7.6288865e-03
  -6.6346335e-03
  -5.9212716e-03
  -7.8848097e-03
  -9.7651836e-03
  -2.5688373e-03
   6.7770071e-03
   1.2814408e-02
   1.6367881e-02
   6.4713140e-03
  -8.1558935e-03
  -1.4515972e-02
   2.6895134e-02
   0.0000000e+00
  -0.0000000e+00
  -0.0000000e+00
   0.0000000e+00
   0.0000000e+00
   0.0000000e+00
   1.1593542e-02
  -1.0069698e-03
  -3.3012424e-03
  -1.2976246e-03
  -3.6285239e-04
  -1.9593062e-03
  -3.9056989e-03
  -4.5666876e-03
  -5.1986524e-03
  -7.0246886e-03
  -8.3639547e-03
  -9.2372904e-03
  -1.0234194e-02
  -1.1648877e-02
  -9.8989671e-03
  -4.8330380e-03
   5.6266924e-03
   2.6270717e-02
   0.0000000e+00
   0.0000000e+00
  -0.0000000e+00
  -1.5733976e-02
  -1.9775098e-02
  -2.1210333e-02
  -1.8602563e-02
  -1.6364744e-02
  -1.2852502e-02
  -6.0378672e-03
   7.2587561e-03
   1.7751381e-02
   2.9039738e-03
   4.2478742e-04
  -1.1130763e-02
  -1.1421697e-02
  -5.4798541e-03
   8.7188586e-04
   6.7953127e-03
   8.6684935e-03
   4.9475525e-03
   2.9296991e-03
   1.0751409e-02
   4.9049074e-02
   0.0000000e+00
   0.0000000e+00
   0.0000000e+00
   0.0000000e+00
   0.0000000e+00
   0.0000000e+00
   1.2709193e-02
   1.0420968e-03
  -2.5791014e-04
   2.6167128e-03
   2.8676258e-03
   2.7045815e-03
   3.5008807e-03
   3.4747394e-03
   2.9221131e-03
   5.5688829e-04
  -2.0780214e-03
  -3.6466785e-03
  -5.7450039e-03
  -7.4674780e-03
  -5.5259434e-03
   1.6559518e-04
   1.2264852e-02
   3.9421208e-02
   0.0000000e+00
   0.0000000e+00
   0.0000000e+00
  -2.4606738e-02
  -2.9674718e-02
  -2.9618902e-02
  -2.1386117e-02
  -1.3146969e-02
  -4.9605784e-03
   6.2308344e-03
   3.0347291e-02
   4.9244789e-02
   0.0000000e+00
  -7.2429222e-03
  -1.5625905e-02
  -1.1523700e-02
  -8.5468348e-03
  -2.1220637e-03
   5.1145661e-03
   9.5908856e-03
   1.2496718e-02
   1.7303454e-02
   3.2942671e-02
   5.8596889e-02
   0.0000000e+00
   0.0000000e+00
   0.0000000e+00
   0.0000000e+00
   0.0000000e+00
   1.9165917e-02
   1.4087144e-02
   4.9205557e-03
   5.1439400e-03
   7.0381267e-03
   7.5926837e-03
   9.0606324e-03
   9.9914484e-03
   9.4914446e-03
   8.8190176e-03
   5.6598978e-03
   1.8486397e-03
  -6.5478228e-04
  -3.4562333e-03
  -4.9552643e-03
  -2.5480767e-03
   3.7308030e-03
   1.7317496e-02
   4.7278315e-02
   0.0000000e+00
   0.0000000e+00
   0.0000000e+00
  -0.0000000e+00
  -3.5648006e-02
  -3.3663683e-02
  -1.8503124e-02
  -6.6938591e-03
   3.0125766e-03
   1.7642690e-02
   5.0344348e-02
   0.0000000e+00
   0.0000000e+00
  -2.4744344e-02
  -1.6222037e-02
  -1.2108668e-02
  -1.0419813e-02
  -5.7230255e-04
   8.9912126e-03
   1.6002804e-02
   2.2092981e-02
   2.9964462e-02
   4.6923093e-02
   5.3527730e-02
   3.4346132e-02
   0.0000000e+00
   0.0000000e+00
   0.0000000e+00
   0.0000000e+00
   2.1433601e-02
   1.6854107e-02
   1.0218068e-02
   1.0497243e-02
   1.1152478e-02
   1.2703731e-02
   1.4481747e-02
   1.4139328e-02
   1.3145169e-02
   1.2003625e-02
   7.5822450e-03
   2.8723063e-03
  -3.2806395e-04
  -2.9055859e-03
  -3.9503165e-03
  -8.2954324e-04
   6.5827059e-03
   2.1508391e-02
   5.0364086e-02
   5.9965637e-02
   0.0000000e+00
   0.0000000e+00
   0.0000000e+00
  -3.9270848e-02
  -3.6374293e-02
  -1.4008827e-02
  -7.1855160e-04
   1.0149447e-02
   2.9375756e-02
   6.5448016e-02
   0.0000000e+00
   0.0000000e+00
  -2.1031963e-02
  -1.2972646e-02
  -1.1777183e-02
  -9.5907774e-03
   5.6138321e-03
   1.6650423e-02
   2.4685667e-02
   3.1499650e-02
   3.9528917e-02
   5.3265345e-02
   4.7202874e-02
   2.0583665e-02
   0.0000000e+00
   0.0000000e+00
   0.0000000e+00
   0.0000000e+00
   2.5396929e-02
   1.9223757e-02
   1.4800867e-02
   1.3639743e-02
   1.3673257e-02
   1.5621260e-02
   1.6727315e-02
   1.5176989e-02
   1.3808356e-02
   1.1438836e-02
   5.9558423e-03
   1.0109191e-03
  -2.0979769e-03
  -3.7604745e-03
  -3.9344882e-03
   4.3581153e-04
   9.3600769e-03
   2.5238154e-02
   4.8515297e-02
   2.5048222e-02
   0.0000000e+00
   0.0000000e+00
   0.0000000e+00
  -4.3736447e-02
  -3.8610432e-02
  -9.9721123e-03
   3.9961324e-03
   1.7222187e-02
   4.1745093e-02
   7.0420220e-02
   0.0000000e+00
   0.0000000e+00
  -1.3107075e-02
  -8.9090122e-03
  -8.5942504e-03
  -3.7200189e-03
   1.4387642e-02
   2.5051424e-02
   3.3124994e-02
   3.9478827e-02
   4.6304256e-02
   5.4731902e-02
   4.3435875e-02
   1.9645086e-02
   9.3986047e-03
   0.0000000e+00
   0.0000000e+00
   2.4813248e-02
   2.6730266e-02
   2.0477235e-02
   1.6361443e-02
   1.3756748e-02
   1.3583960e-02
   1.5002304e-02
   1.5310350e-02
   1.3150454e-02
   1.1030548e-02
   7.2182771e-03
   1.5290560e-03
  -3.0851020e-03
  -5.0176005e-03
  -5.2427426e-03
  -3.6619634e-03
   2.5651315e-03
   1.2990916e-02
   2.9329078e-02
   4.5449786e-02
   1.7799852e-02
   0.0000000e+00
   0.0000000e+00
   0.0000000e+00
  -0.0000000e+00
  -3.5567962e-02
  -5.6627821e-03
   9.0990281e-03
   2.5523199e-02
   5.4470845e-02
   7.8499905e-02
   0.0000000e+00
   0.0000000e+00
  -0.0000000e+00
  -1.2301115e-02
  -7.1670613e-03
   9.4362187e-03
   2.2831369e-02
   3.2351281e-02
   4.0569171e-02
   4.6836782e-02
   5.1774874e-02
   5.4250255e-02
   3.9225783e-02
   1.8366084e-02
   8.6378755e-04
  -4.0684843e-03
   0.0000000e+00
   2.0211294e-02
   2.4637617e-02
   1.9206164e-02
   1.3947015e-02
   1.0752000e-02
   1.0434179e-02
   1.1137081e-02
   1.0811926e-02
   8.0579156e-03
   5.0708307e-03
   7.3223800e-04
  -4.5672939e-03
  -7.7124867e-03
  -7.7775572e-03
  -6.2069502e-03
  -2.2635045e-03
   5.9785708e-03
   1.7800603e-02
   3.4766831e-02
   4.2689815e-02
   2.2177448e-02
   0.0000000e+00
   0.0000000e+00
   0.0000000e+00
   0.0000000e+00
  -2.5746825e-02
   3.4774537e-04
   1.6153021e-02
   3.5218492e-02
   6.4651012e-02
   8.0957796e-02
   0.0000000e+00
   0.0000000e+00
   0.0000000e+00
  -2.0070061e-02
  -2.1225321e-02
   2.3866458e-02
   2.9711122e-02
   3.8588781e-02
   4.7284096e-02
   5.3636551e-02
   5.5833898e-02
   5.2497208e-02
   3.3929661e-02
   1.5663004e-02
   2.2468579e-03
   3.8130238e-03
   1.3366554e-02
   1.7949793e-02
   2.2066129e-02
   1.4474251e-02
   7.9353154e-03
   4.8769065e-03
   4.6453597e-03
   4.9713794e-03
   3.9126584e-03
   6.1673654e-04
  -2.4963170e-03
  -6.2211775e-03
  -9.8625161e-03
  -1.0504912e-02
  -8.6290948e-03
  -5.2921739e-03
   5.2650354e-04
   9.7870789e-03
   2.2209551e-02
   3.9440267e-02
   4.5020414e-02
   0.0000000e+00
   0.0000000e+00
   0.0000000e+00
   0.0000000e+00
   0.0000000e+00
  -1.2787936e-02
   8.0372076e-03
   2.4416771e-02
   4.3804582e-02
   6.6430621e-02
   6.5567296e-02
   0.0000000e+00
   0.0000000e+00
   0.0000000e+00
  -0.0000000e+00
  -2.5305210e-02
   3.6866910e-02
   3.5239194e-02
   4.3384206e-02
   5.2426312e-02
   5.8657501e-02
   5.7812639e-02
   4.9167104e-02
   2.6495026e-02
   1.1778490e-02
   2.4392318e-03
   3.0408700e-03
   4.0966710e-03
   1.4271468e-03
   1.6692284e-02
   5.9663132e-03
  -8.4720447e-04
  -3.1738942e-03
  -3.3459212e-03
  -3.2019338e-03
  -4.7944994e-03
  -7.6207938e-03
  -9.7164400e-03
  -1.1836584e-02
  -1.2730943e-02
  -1.0923500e-02
  -7.5504244e-03
  -2.8845163e-03
   3.9008430e-03
   1.3084803e-02
   2.4455586e-02
   3.7986942e-02
   3.7058237e-02
   0.0000000e+00
   0.0000000e+00
   0.0000000e+00
   0.0000000e+00
   0.0000000e+00
   1.4169982e-03
   1.5492615e-02
   3.1142635e-02
   4.7966503e-02
   6.0007419e-02
   4.7522724e-02
   0.0000000e+00
   0.0000000e+00
   0.0000000e+00
   0.0000000e+00
   1.8038801e-02
   4.1778765e-02
   3.8478859e-02
   4.5252532e-02
   5.4102786e-02
   5.9467342e-02
   5.5165648e-02
   4.2163178e-02
   1.5417904e-02
   5.1976675e-03
  -9.8547968e-04
  -1.7482315e-03
  -4.1655460e-03
  -4.2868410e-04
   9.2971051e-03
  -4.7093495e-03
  -9.9023515e-03
  -1.1618879e-02
  -1.2062290e-02
  -1.2291103e-02
  -1.3643642e-02
  -1.5043623e-02
  -1.5663715e-02
  -1.5997963e-02
  -1.4651898e-02
  -1.1488057e-02
  -7.2417129e-03
  -1.8059193e-03
   5.0744456e-03
   1.3208489e-02
   2.2259677e-02
   2.9774837e-02
   2.0773012e-02
   0.0000000e+00
   0.0000000e+00
   0.0000000e+00
   0.0000000e+00
   0.0000000e+00
   1.0240726e-02
   2.1584023e-02
   3.4605667e-02
   4.6867263e-02
   4.9444459e-02
   3.2166706e-02
   0.0000000e+00
   0.0000000e+00
   0.0000000e+00
   0.0000000e+00
   2.5559660e-02
   4.0824350e-02
   3.8783733e-02
   4.3552142e-02
   5.0884068e-02
   5.3597502e-02
   4.5297783e-02
   2.9484905e-02
   2.8938635e-03
  -2.5889601e-03
  -5.9964508e-03
  -7.6329894e-03
  -9.3145268e-03
  -3.9489423e-03
  -2.6963865e-03
  -1.4221654e-02
  -1.7589770e-02
  -1.8924834e-02
  -1.9531835e-02
  -1.9988986e-02
  -2.0771388e-02
  -2.1149101e-02
  -2.0904906e-02
  -2.0188488e-02
  -1.8185407e-02
  -1.5300760e-02
  -1.1302062e-02
  -5.9031392e-03
   7.8382023e-04
   7.8669488e-03
   1.4494827e-02
   1.8346792e-02
   1.4357270e-02
   0.0000000e+00
   0.0000000e+00
   0.0000000e+00
   0.0000000e+00
   0.0000000e+00
   2.0247772e-02
   2.5662852e-02
   3.5381835e-02
   4.2759553e-02
   3.9163370e-02
   2.1414088e-02
   0.0000000e+00
   0.0000000e+00
   0.0000000e+00
   1.7745269e-02
   3.0038346e-02
   3.8657069e-02
   3.7208207e-02
   3.9318137e-02
   4.3565571e-02
   4.2473681e-02
   3.0418932e-02
   1.3761148e-02
  -6.5837000e-03
  -8.0630910e-03
  -9.9613676e-03
  -1.2806252e-02
  -1.4783306e-02
  -1.3018709e-02
  -1.6433991e-02
  -2.3334656e-02
  -2.5745137e-02
  -2.6750699e-02
  -2.7353246e-02
  -2.7982268e-02
  -2.8603032e-02
  -2.8728314e-02
  -2.8387927e-02
  -2.7613308e-02
  -2.5903054e-02
  -2.3804402e-02
  -2.0992821e-02
  -1.7152013e-02
  -1.2209526e-02
  -6.9352202e-03
  -2.0218953e-03
   1.2570195e-03
   0.0000000e+00
   0.0000000e+00
   0.0000000e+00
   0.0000000e+00
   0.0000000e+00
   0.0000000e+00
   2.4951123e-02
   2.7188810e-02
   3.4629144e-02
   3.8607456e-02
   3.1330645e-02
   1.3398332e-02
   0.0000000e+00
   0.0000000e+00
   0.0000000e+00
   2.6660564e-02
   3.1089090e-02
   3.5757378e-02
   3.4842264e-02
   3.3469368e-02
   3.4026869e-02
   2.9982582e-02
   1.5888680e-02
   3.9650180e-04
  -1.0859027e-02
  -9.3999989e-03
  -1.2340259e-02
  -1.7584950e-02
  -2.1161625e-02
  -2.2725256e-02
  -2.6505372e-02
  -3.0170504e-02
  -3.1568382e-02
  -3.2017630e-02
  -3.2547861e-02
  -3.3222958e-02
  -3.3915181e-02
  -3.4477983e-02
  -3.5098851e-02
  -3.5665058e-02
  -3.5703395e-02
  -3.5334788e-02
  -3.4317736e-02
  -3.2445200e-02
  -3.0100252e-02
  -2.7527254e-02
  -2.3888357e-02
  -1.9367421e-02
  -0.0000000e+00
   0.0000000e+00
   0.0000000e+00
   0.0000000e+00
   0.0000000e+00
   0.0000000e+00
   2.6170103e-02
   2.7267639e-02
   3.3084288e-02
   3.5505343e-02
   2.5588237e-02
   1.1507234e-02
   0.0000000e+00
   0.0000000e+00
   0.0000000e+00
   3.6258282e-02
   2.8832268e-02
   3.0398564e-02
   3.0751225e-02
   2.6225662e-02
   2.4851227e-02
   2.0392276e-02
   5.9227664e-03
  -7.8961216e-03
  -1.0167747e-02
  -6.7592151e-03
  -1.2299527e-02
  -1.9163359e-02
  -2.2265542e-02
  -2.3579659e-02
  -2.5375940e-02
  -2.6979066e-02
  -2.7561050e-02
  -2.7649235e-02
  -2.7926169e-02
  -2.8417448e-02
  -2.9245902e-02
  -3.0472433e-02
  -3.2241162e-02
  -3.4267880e-02
  -3.6363300e-02
  -3.8431335e-02
  -4.0227514e-02
  -4.1850455e-02
  -4.3655802e-02
  -4.5234833e-02
  -4.3987412e-02
  -3.8641833e-02
  -0.0000000e+00
   0.0000000e+00
   0.0000000e+00
   0.0000000e+00
   0.0000000e+00
   0.0000000e+00
   2.1234904e-02
   2.4653859e-02
   2.7935348e-02
   3.1123767e-02
   1.9921627e-02
   0.0000000e+00
   0.0000000e+00
   0.0000000e+00
   0.0000000e+00
   4.4257230e-02
   2.5038972e-02
   2.2585897e-02
   2.3899008e-02
   1.7839583e-02
   1.8392520e-02
   1.6391717e-02
   1.9541569e-03
  -1.0900249e-02
  -9.1387663e-03
  -0.0000000e+00
  -0.0000000e+00
  -1.3364072e-02
  -1.4739948e-02
  -1.5209159e-02
  -1.6134005e-02
  -1.7110411e-02
  -1.7522352e-02
  -1.7530853e-02
  -1.7428359e-02
  -1.7480344e-02
  -1.8044895e-02
  -1.9241913e-02
  -2.1059251e-02
  -2.3197378e-02
  -2.5786693e-02
  -2.8854882e-02
  -3.2114811e-02
  -3.6017750e-02
  -4.1223248e-02
  -4.7739307e-02
  -5.1740358e-02
  -4.9242126e-02
  -4.6287990e-02
   0.0000000e+00
   0.0000000e+00
   0.0000000e+00
  -3.5180101e-02
  -1.4847767e-02
   1.4110999e-02
   1.6439421e-02
   1.6727017e-02
   2.4615851e-02
   1.5370305e-02
   0.0000000e+00
   0.0000000e+00
   0.0000000e+00
   0.0000000e+00
   0.0000000e+00
   2.2188348e-02
   1.7301597e-02
   1.5054315e-02
   8.0871731e-03
   1.6427167e-02
   1.9448149e-02
   3.3113586e-03
  -9.8248499e-03
  -0.0000000e+00
   0.0000000e+00
   0.0000000e+00
  -2.9033936e-03
  -3.8357286e-03
  -4.4913161e-03
  -5.7056474e-03
  -6.8633995e-03
  -7.5801695e-03
  -7.7400217e-03
  -7.3993141e-03
  -6.9899579e-03
  -6.9902065e-03
  -7.7277147e-03
  -9.1390357e-03
  -1.0906233e-02
  -1.3104728e-02
  -1.5906630e-02
  -1.9164221e-02
  -2.3461337e-02
  -2.9952828e-02
  -4.0092076e-02
  -4.8795147e-02
  -4.6742769e-02
  -3.8825650e-02
   0.0000000e+00
   0.0000000e+00
   0.0000000e+00
  -3.3063520e-02
  -1.4501389e-02
   5.6828468e-03
   4.8812347e-03
   4.8146039e-03
   2.2772209e-02
   1.6765287e-02
   0.0000000e+00
   0.0000000e+00
   0.0000000e+00
   0.0000000e+00
   0.0000000e+00
   2.3449929e-02
   1.7133837e-02
   6.4627106e-03
  -3.2475934e-03
   1.8347347e-02
   2.7873291e-02
   7.8642834e-03
  -8.2544647e-03
  -0.0000000e+00
   0.0000000e+00
   1.1734127e-02
   5.7008925e-03
   4.3580239e-03
   3.5631619e-03
   2.2562037e-03
   8.6949706e-04
  -2.9907376e-04
  -7.6939827e-04
  -2.8093483e-04
   7.6553456e-04
   1.7228967e-03
   1.8597019e-03
   9.5223298e-04
  -7.5287852e-04
  -3.0486667e-03
  -5.9999100e-03
  -9.7194959e-03
  -1.4674380e-02
  -2.2158378e-02
  -3.6074568e-02
  -5.1974325e-02
  -4.6993697e-02
  -4.3833004e-02
  -4.8537848e-02
   0.0000000e+00
   0.0000000e+00
  -3.1477187e-02
  -1.8186307e-02
  -5.3877856e-03
  -5.7905728e-03
  -6.5349931e-03
   0.0000000e+00
   0.0000000e+00
   0.0000000e+00
   0.0000000e+00
   0.0000000e+00
   0.0000000e+00
   0.0000000e+00
   0.0000000e+00
   2.1855270e-02
  -1.0949947e-03
  -1.3432703e-02
   2.8729092e-02
   4.0256021e-02
   1.3161329e-02
  -7.8819289e-03
   0.0000000e+00
   0.0000000e+00
   2.1415182e-02
   8.9032128e-03
   6.7328284e-03
   5.8844066e-03
   4.3266327e-03
   2.5227494e-03
   7.7316165e-04
  -2.5876210e-04
   6.8096182e-05
   1.7583943e-03
   4.2758165e-03
   6.5378002e-03
   7.4849436e-03
   6.7160591e-03
   4.4882456e-03
   1.2034652e-03
  -3.1201250e-03
  -8.4618274e-03
  -1.6114300e-02
  -3.2246549e-02
  -6.3336469e-02
  -6.0368862e-02
  -6.0359295e-02
  -6.4501928e-02
   0.0000000e+00
  -4.2001127e-02
  -3.6722446e-02
  -3.0219780e-02
  -2.0875290e-02
  -1.5253704e-02
  -1.1824191e-02
   0.0000000e+00
   0.0000000e+00
   0.0000000e+00
   0.0000000e+00
   0.0000000e+00
   0.0000000e+00
   0.0000000e+00
   0.0000000e+00
   3.5367819e-02
  -4.5329481e-03
  -1.9379534e-02
   5.7186091e-02
   5.0210945e-02
   1.7496599e-02
  -5.7564879e-03
   0.0000000e+00
   9.1734432e-03
   2.4827471e-02
   7.1785413e-03
   3.2137700e-03
   1.4107056e-03
  -1.1043927e-03
  -3.9386833e-03
  -6.8586515e-03
  -9.2911776e-03
  -1.0409601e-02
  -9.5262881e-03
  -6.2931334e-03
  -1.4972857e-03
   2.8505514e-03
   5.1289159e-03
   5.0560371e-03
   3.4517716e-03
   7.4321963e-04
  -2.5823950e-03
  -7.1282550e-03
  -1.7668072e-02
  -6.4174853e-02
  -7.5367093e-02
  -7.4654043e-02
  -9.2143534e-02
  -4.0372653e-02
  -4.2668728e-02
  -4.6674371e-02
  -4.5419533e-02
  -3.7211344e-02
  -2.3372471e-02
  -0.0000000e+00
   0.0000000e+00
   0.0000000e+00
   0.0000000e+00
   0.0000000e+00
   0.0000000e+00
   0.0000000e+00
   0.0000000e+00
   0.0000000e+00
   4.5103707e-02
  -3.7885711e-03
  -1.8208563e-02
   0.0000000e+00
   4.8783111e-02
   2.0876316e-02
   0.0000000e+00
   0.0000000e+00
   9.4144135e-03
   2.2905929e-02
   3.0394346e-03
  -1.8762869e-03
  -5.6174756e-03
  -9.7243758e-03
  -1.4259229e-02
  -1.9101063e-02
  -2.3757786e-02
  -2.7526999e-02
  -2.9348120e-02
  -2.7796738e-02
  -2.2506431e-02
  -1.5336060e-02
  -9.1215484e-03
  -5.4466166e-03
  -3.4711901e-03
  -2.1535980e-03
  -1.3478366e-03
  -1.1350143e-03
  -1.8882788e-03
  -5.0793622e-02
  -8.1459211e-02
  -6.8691641e-02
  -7.3104933e-02
  -3.5619561e-02
  -4.4340216e-02
  -5.4222051e-02
  -5.5549938e-02
  -5.0166074e-02
  -3.0989908e-02
  -0.0000000e+00
   0.0000000e+00
   0.0000000e+00
   0.0000000e+00
   0.0000000e+00
   0.0000000e+00
   0.0000000e+00
   0.0000000e+00
   0.0000000e+00
   4.1400157e-02
  -2.0185991e-03
  -1.8633861e-02
   0.0000000e+00
   3.9142772e-02
   2.2493618e-02
   0.0000000e+00
   0.0000000e+00
   1.0559082e-02
   1.7807901e-02
  -1.2056617e-03
  -4.3647992e-03
  -9.2602447e-03
  -1.4465897e-02
  -2.0291558e-02
  -2.7101673e-02
  -3.3839084e-02
  -3.9931700e-02
  -4.4550631e-02
  -4.6041049e-02
  -4.2954914e-02
  -3.5624366e-02
  -2.7123630e-02
  -2.0788703e-02
  -1.6594427e-02
  -1.2231086e-02
  -7.5231306e-03
  -4.0316354e-03
  -1.3385239e-03
   0.0000000e+00
  -6.9247759e-02
  -5.3161409e-02
  -4.3160707e-02
  -3.3849150e-02
  -4.6329856e-02
  -5.5495895e-02
  -6.0435493e-02
  -6.1095811e-02
  -4.4760093e-02
  -0.0000000e+00
   0.0000000e+00
   0.0000000e+00
   0.0000000e+00
   0.0000000e+00
   0.0000000e+00
   0.0000000e+00
   0.0000000e+00
   0.0000000e+00
   4.1008376e-02
   3.2455230e-03
  -0.0000000e+00
   0.0000000e+00
   2.4362892e-02
   2.1030484e-02
   0.0000000e+00
   0.0000000e+00
   1.1995940e-02
   1.5073067e-02
  -3.2960224e-03
  -3.6265631e-03
  -7.6353820e-03
  -1.3265971e-02
  -1.9038998e-02
  -2.7253440e-02
  -3.5671532e-02
  -4.3594845e-02
  -5.0349992e-02
  -5.4581121e-02
  -5.4581605e-02
  -4.9348854e-02
  -4.0395811e-02
  -3.1879757e-02
  -2.6078725e-02
  -2.0335622e-02
  -1.2548597e-02
  -5.7382341e-03
  -7.4363617e-03
   0.0000000e+00
  -4.6925177e-02
  -3.8646493e-02
  -3.4945711e-02
  -3.4611132e-02
  -4.3041147e-02
  -5.3911701e-02
  -6.4155452e-02
  -7.4172966e-02
  -6.7010932e-02
  -0.0000000e+00
   0.0000000e+00
   0.0000000e+00
   0.0000000e+00
   0.0000000e+00
   0.0000000e+00
   0.0000000e+00
   0.0000000e+00
   0.0000000e+00
   3.5720824e-02
   4.8588034e-03
  -0.0000000e+00
   0.0000000e+00
   0.0000000e+00
   0.0000000e+00
   0.0000000e+00
   0.0000000e+00
   1.0072259e-02
   9.5540052e-03
  -5.0620264e-03
  -2.2692331e-03
  -3.5420063e-03
  -8.1267321e-03
  -1.3347432e-02
  -2.2051899e-02
  -3.1641811e-02
  -4.1135561e-02
  -4.9501371e-02
  -5.5529099e-02
  -5.7796538e-02
  -5.5093445e-02
  -4.7529772e-02
  -3.8052037e-02
  -3.0801887e-02
  -2.4779093e-02
  -1.5716076e-02
  -5.1171760e-03
  -0.0000000e+00
  -1.7048276e-02
  -3.0053320e-02
  -2.2863615e-02
  -2.1476747e-02
  -2.5282072e-02
  -3.5230391e-02
  -4.9253307e-02
  -6.6317186e-02
  -8.8212579e-02
  -9.6601367e-02
  -0.0000000e+00
   0.0000000e+00
   0.0000000e+00
   0.0000000e+00
   0.0000000e+00
   0.0000000e+00
   0.0000000e+00
   0.0000000e+00
   0.0000000e+00
   0.0000000e+00
   6.0112906e-03
  -0.0000000e+00
   0.0000000e+00
   0.0000000e+00
   0.0000000e+00
   0.0000000e+00
   0.0000000e+00
   7.7544351e-04
  -1.3987860e-02
  -1.0888364e-02
  -5.4456363e-03
  -8.2754632e-04
  -6.8186609e-04
  -5.9146835e-03
  -1.3800941e-02
  -2.3656433e-02
  -3.4086894e-02
  -4.3375727e-02
  -5.0449409e-02
  -5.3900793e-02
  -5.2827779e-02
  -4.7354598e-02
  -3.9192520e-02
  -3.2198489e-02
  -2.7126690e-02
  -1.9257922e-02
  -7.6109096e-03
   0.0000000e+00
  -1.3756656e-02
  -1.8728610e-02
  -1.2836985e-02
  -9.7258948e-03
  -1.3967914e-02
  -2.4029456e-02
  -3.9192937e-02
  -6.1827816e-02
  -9.4625473e-02
  -1.2368508e-01
  -0.0000000e+00
   0.0000000e+00
   0.0000000e+00
   0.0000000e+00
   0.0000000e+00
   0.0000000e+00
   0.0000000e+00
   0.0000000e+00
   0.0000000e+00
  -4.8991584e-03
   9.9288608e-03
   0.0000000e+00
   0.0000000e+00
   0.0000000e+00
   0.0000000e+00
   0.0000000e+00
   0.0000000e+00
  -0.0000000e+00
  -3.2401847e-02
  -1.6240209e-02
  -1.2050938e-02
  -4.6224248e-03
   3.6505022e-03
   1.3119755e-03
  -4.3113958e-03
  -1.3041569e-02
  -2.3067571e-02
  -3.2108929e-02
  -3.9240185e-02
  -4.3122061e-02
  -4.3005858e-02
  -3.9526574e-02
  -3.4274481e-02
  -2.9968504e-02
  -2.7983267e-02
  -2.2825520e-02
  -9.4751530e-03
   0.0000000e+00
  -6.9929466e-03
  -1.5113761e-02
  -8.4954640e-03
  -2.3711380e-03
  -4.6380502e-03
  -1.2697892e-02
  -2.6141049e-02
  -4.8187893e-02
  -8.3678432e-02
  -1.2523133e-01
  -1.3244631e-01
   0.0000000e+00
   0.0000000e+00
   0.0000000e+00
   0.0000000e+00
   0.0000000e+00
   0.0000000e+00
   0.0000000e+00
   0.0000000e+00
  -4.8991583e-03
   1.4830993e-02
   0.0000000e+00
   0.0000000e+00
   0.0000000e+00
   0.0000000e+00
   0.0000000e+00
   0.0000000e+00
   0.0000000e+00
  -4.9085145e-02
  -2.8050909e-02
  -1.5291696e-02
  -3.8631444e-03
   5.3857936e-03
   6.8240563e-03
   4.6902382e-03
  -1.8701101e-03
  -1.0893526e-02
  -1.9523451e-02
  -2.6593360e-02
  -3.0715419e-02
  -3.1313665e-02
  -2.9717554e-02
  -2.7591184e-02
  -2.6927768e-02
  -2.8901290e-02
  -2.5428542e-02
  -0.0000000e+00
   0.0000000e+00
   2.8027544e-04
  -1.1951921e-02
  -7.2354368e-03
   4.9818843e-04
   1.0940415e-03
  -4.6178102e-03
  -1.5172247e-02
  -3.3108972e-02
  -6.4054481e-02
  -1.0557010e-01
  -1.1109798e-01
   0.0000000e+00
   0.0000000e+00
   0.0000000e+00
   0.0000000e+00
   0.0000000e+00
   0.0000000e+00
   0.0000000e+00
   0.0000000e+00
   0.0000000e+00
   0.0000000e+00
   0.0000000e+00
   0.0000000e+00
   0.0000000e+00
   0.0000000e+00
   0.0000000e+00
   0.0000000e+00
   0.0000000e+00
  -0.0000000e+00
  -3.6943958e-02
  -1.8894296e-02
  -6.3571269e-03
   5.0387527e-03
   1.0920324e-02
   1.1970542e-02
   7.4519026e-03
  -1.1739165e-03
  -1.0436758e-02
  -1.8057348e-02
  -2.2196982e-02
  -2.2623090e-02
  -2.1786870e-02
  -2.2406274e-02
  -2.6212422e-02
  -3.1580515e-02
  -2.8050974e-02
  -0.0000000e+00
   0.0000000e+00
  -0.0000000e+00
  -8.9568313e-03
  -5.7814154e-03
   8.6060003e-04
   4.0566097e-03
   1.2803952e-04
  -8.4800981e-03
  -2.4202103e-02
  -5.1384479e-02
  -9.1950670e-02
  -1.0784865e-01
   0.0000000e+00
   0.0000000e+00
   0.0000000e+00
  -1.7130532e-02
  -2.0644263e-02
   0.0000000e+00
   0.0000000e+00
   0.0000000e+00
   0.0000000e+00
   0.0000000e+00
   0.0000000e+00
   0.0000000e+00
   0.0000000e+00
   0.0000000e+00
   0.0000000e+00
   0.0000000e+00
   0.0000000e+00
   0.0000000e+00
  -3.9685951e-02
  -2.7668743e-02
  -1.0051097e-02
   6.0238896e-03
   1.6385088e-02
   1.9318692e-02
   1.5553821e-02
   6.8986962e-03
  -3.8155592e-03
  -1.2495690e-02
  -1.6473850e-02
  -1.5737394e-02
  -1.4028805e-02
  -1.6230412e-02
  -2.5991200e-02
  -3.5305518e-02
  -2.9189734e-02
   0.0000000e+00
   0.0000000e+00
   0.0000000e+00
  -6.9995047e-03
  -4.1266544e-03
   5.5078483e-03
   7.5855623e-03
   4.3764221e-03
  -2.9981617e-03
  -1.7357297e-02
  -4.2351528e-02
  -8.1660186e-02
  -1.0447020e-01
   0.0000000e+00
   0.0000000e+00
   0.0000000e+00
  -1.0526811e-02
  -1.4525526e-02
  -1.5004695e-02
   0.0000000e+00
   0.0000000e+00
   0.0000000e+00
   0.0000000e+00
   0.0000000e+00
   0.0000000e+00
   0.0000000e+00
   0.0000000e+00
   0.0000000e+00
   0.0000000e+00
   0.0000000e+00
   0.0000000e+00
  -0.0000000e+00
  -3.6910959e-02
  -1.9347738e-02
   6.7690606e-03
   2.4254335e-02
   2.9165123e-02
   2.4431258e-02
   1.5077312e-02
   2.3637707e-03
  -8.0105336e-03
  -1.1897593e-02
  -9.2106396e-03
  -5.1628682e-03
  -7.0750490e-03
  -2.3240266e-02
  -3.8617160e-02
  -2.8272688e-02
   0.0000000e+00
   0.0000000e+00
   0.0000000e+00
   0.0000000e+00
   0.0000000e+00
   1.5349698e-02
   1.4593838e-02
   1.0707729e-02
   4.3126177e-03
  -8.6412393e-03
  -3.1693477e-02
  -6.9075115e-02
  -8.2931433e-02
  -1.9663278e-02
   0.0000000e+00
  -1.7769297e-02
  -8.8722405e-03
  -4.7585449e-03
  -9.0839184e-03
   0.0000000e+00
   0.0000000e+00
   0.0000000e+00
   0.0000000e+00
   0.0000000e+00
   0.0000000e+00
   0.0000000e+00
   0.0000000e+00
   0.0000000e+00
   0.0000000e+00
   0.0000000e+00
   0.0000000e+00
   0.0000000e+00
  -4.8430905e-02
  -3.5145450e-02
   3.4647642e-03
   3.0159079e-02
   3.8778529e-02
   3.2934226e-02
   2.2648230e-02
   8.4993374e-03
  -3.9839409e-03
  -7.9300255e-03
  -3.1410514e-03
   4.2615877e-03
   4.7623445e-03
  -1.5756367e-02
  -4.1347965e-02
  -0.0000000e+00
   0.0000000e+00
   0.0000000e+00
   0.0000000e+00
   0.0000000e+00
   0.0000000e+00
   1.0305441e-02
   1.6884642e-02
   1.6554654e-02
   1.2328906e-02
   1.4099161e-03
  -1.9403841e-02
  -5.5524386e-02
  -7.9062777e-02
  -0.0000000e+00
  -1.4174891e-02
  -1.0692371e-02
  -8.6214291e-03
   0.0000000e+00
   0.0000000e+00
   0.0000000e+00
   0.0000000e+00
   0.0000000e+00
   0.0000000e+00
   0.0000000e+00
   0.0000000e+00
   0.0000000e+00
   0.0000000e+00
   0.0000000e+00
   0.0000000e+00
   0.0000000e+00
   0.0000000e+00
  -0.0000000e+00
  -5.6021923e-02
  -4.8145477e-02
  -6.6794069e-03
   2.6086323e-02
   3.9035346e-02
   3.5459626e-02
   2.5828984e-02
   1.2924772e-02
   1.0810072e-04
  -3.5073934e-03
   2.9084154e-03
   1.3758772e-02
   1.8397139e-02
  -9.6406147e-04
  -3.1761752e-02
   0.0000000e+00
   0.0000000e+00
   0.0000000e+00
   0.0000000e+00
   0.0000000e+00
   0.0000000e+00
   0.0000000e+00
   1.2365501e-02
   1.7979398e-02
   1.7912973e-02
   9.6921502e-03
  -6.6154120e-03
  -3.8691614e-02
  -6.4392667e-02
   0.0000000e+00
  -2.1867476e-02
  -1.3066095e-02
  -4.2149853e-03
   0.0000000e+00
   0.0000000e+00
  -2.4233413e-03
  -1.9389978e-02
  -2.0681120e-02
  -0.0000000e+00
   0.0000000e+00
   0.0000000e+00
   0.0000000e+00
   0.0000000e+00
   0.0000000e+00
   0.0000000e+00
   0.0000000e+00
   0.0000000e+00
  -0.0000000e+00
  -3.9161492e-02
  -4.2225115e-02
  -1.8575560e-02
   1.3901757e-02
   3.1683221e-02
   3.3271123e-02
   2.5635108e-02
   1.4912610e-02
   4.9512116e-03
   2.1598474e-03
   9.0719666e-03
   2.2331147e-02
   3.1201318e-02
   1.6566198e-02
  -4.4012709e-03
   0.0000000e+00
   0.0000000e+00
   0.0000000e+00
   0.0000000e+00
   0.0000000e+00
   0.0000000e+00
   0.0000000e+00
   0.0000000e+00
   1.1005165e-02
   1.4730516e-02
   1.2690289e-02
   3.3921630e-03
  -1.9412722e-02
  -3.6063048e-02
  -1.2013667e-02
   0.0000000e+00
  -0.0000000e+00
  -1.3308822e-02
   0.0000000e+00
  -7.3986175e-03
  -6.6397320e-04
   7.2018214e-05
  -1.2476206e-02
  -0.0000000e+00
   0.0000000e+00
   0.0000000e+00
   0.0000000e+00
   0.0000000e+00
   0.0000000e+00
   0.0000000e+00
   0.0000000e+00
   0.0000000e+00
   0.0000000e+00
  -3.4811685e-02
  -3.2416236e-02
  -1.8151961e-02
   1.2576973e-02
   3.2109093e-02
   3.7163254e-02
   3.1961758e-02
   2.0766275e-02
   1.0959672e-02
   8.0719804e-03
   1.4380036e-02
   2.8669784e-02
   3.9956085e-02
   3.0058641e-02
   2.1239260e-02
   0.0000000e+00
   0.0000000e+00
   0.0000000e+00
   0.0000000e+00
   0.0000000e+00
   0.0000000e+00
   0.0000000e+00
   0.0000000e+00
   0.0000000e+00
   6.9393306e-03
   1.0167853e-02
   8.1369989e-03
  -5.1948815e-03
  -2.0505512e-02
  -1.3756869e-02
   0.0000000e+00
   0.0000000e+00
   0.0000000e+00
   0.0000000e+00
  -7.5097084e-03
   8.2557322e-04
   1.0421115e-04
  -6.5959413e-03
   0.0000000e+00
   0.0000000e+00
   0.0000000e+00
   0.0000000e+00
   0.0000000e+00
   0.0000000e+00
   0.0000000e+00
   0.0000000e+00
   0.0000000e+00
   0.0000000e+00
  -0.0000000e+00
  -5.2338536e-02
  -3.4662031e-02
   4.4562677e-03
   2.8833613e-02
   4.0604379e-02
   3.8781308e-02
   2.8207926e-02
   1.6923580e-02
   1.2215792e-02
   1.7901158e-02
   3.2844432e-02
   4.5507390e-02
   3.7609302e-02
   0.0000000e+00
   0.0000000e+00
   0.0000000e+00
   0.0000000e+00
   0.0000000e+00
   0.0000000e+00
   0.0000000e+00
   0.0000000e+00
   0.0000000e+00
   0.0000000e+00
  -1.1112784e-02
   5.1134061e-03
   1.1918981e-02
   5.0304602e-03
  -6.0152947e-03
  -0.0000000e+00
   0.0000000e+00
   0.0000000e+00
   0.0000000e+00
   0.0000000e+00
  -0.0000000e+00
  -0.0000000e+00
  -0.0000000e+00
   0.0000000e+00
   0.0000000e+00
   0.0000000e+00
   0.0000000e+00
   0.0000000e+00
   0.0000000e+00
   0.0000000e+00
   0.0000000e+00
   0.0000000e+00
   0.0000000e+00
   0.0000000e+00
   0.0000000e+00
  -1.1620601e-01
  -6.0464516e-02
  -1.9272028e-02
   3.3387512e-03
   2.7693426e-02
   3.2733381e-02
   2.7534401e-02
   1.6363148e-02
   9.8293768e-03
   1.4879295e-02
   3.0527303e-02
   4.6707902e-02
   4.9662261e-02
   0.0000000e+00
   0.0000000e+00
   0.0000000e+00
   0.0000000e+00
   0.0000000e+00
   0.0000000e+00
   0.0000000e+00
   0.0000000e+00
   0.0000000e+00
  -2.3549047e-02
  -1.8752936e-02
   1.0010528e-03
   1.1727749e-02
   1.1770995e-02
   1.5042927e-02
   0.0000000e+00
  -0.0000000e+00
  -0.0000000e+00
   0.0000000e+00
   0.0000000e+00
   0.0000000e+00
   0.0000000e+00
   0.0000000e+00
   0.0000000e+00
   0.0000000e+00
   0.0000000e+00
   0.0000000e+00
   0.0000000e+00
   0.0000000e+00
   0.0000000e+00
   0.0000000e+00
   0.0000000e+00
   0.0000000e+00
   0.0000000e+00
   0.0000000e+00
  -1.0903041e-01
  -4.2781878e-02
  -1.4378768e-02
  -3.3156620e-02
   8.1630331e-03
   1.7433494e-02
   2.5315266e-02
   1.2611400e-02
  -8.3427366e-03
  -8.6814290e-03
   1.6264491e-02
   4.1376323e-02
   0.0000000e+00
   0.0000000e+00
   0.0000000e+00
   0.0000000e+00
   0.0000000e+00
   0.0000000e+00
   0.0000000e+00
   0.0000000e+00
   0.0000000e+00
   0.0000000e+00
  -1.5513588e-02
  -8.3981595e-03
  -8.6048626e-03
  -4.1265504e-03
   9.1057280e-03
   9.1816793e-03
   1.3468073e-02
  -1.4382012e-02
  -0.0000000e+00
   0.0000000e+00
   0.0000000e+00
   0.0000000e+00
   0.0000000e+00
   0.0000000e+00
   0.0000000e+00
   0.0000000e+00
   0.0000000e+00
   0.0000000e+00
   0.0000000e+00
   0.0000000e+00
   0.0000000e+00
   0.0000000e+00
   0.0000000e+00
   0.0000000e+00
   0.0000000e+00
   0.0000000e+00
  -0.0000000e+00
  -0.0000000e+00
   0.0000000e+00
  -0.0000000e+00
  -1.7473666e-02
  -1.6677753e-03
   0.0000000e+00
   0.0000000e+00
   0.0000000e+00
   0.0000000e+00
   0.0000000e+00
   0.0000000e+00
   0.0000000e+00
   0.0000000e+00
   0.0000000e+00
   0.0000000e+00
   0.0000000e+00
   0.0000000e+00
   0.0000000e+00
   0.0000000e+00
   0.0000000e+00
   0.0000000e+00
  -1.7116753e-02
   0.0000000e+00
   0.0000000e+00
  -0.0000000e+00
  -5.7526918e-03
  -5.6416313e-03
  -6.8516067e-03
  -8.3522813e-03
   0.0000000e+00
   0.0000000e+00
   0.0000000e+00
   0.0000000e+00
   0.0000000e+00
   0.0000000e+00
   0.0000000e+00
   0.0000000e+00
   0.0000000e+00
   0.0000000e+00
   0.0000000e+00
   0.0000000e+00
   0.0000000e+00
   0.0000000e+00
   0.0000000e+00
   0.0000000e+00
   0.0000000e+00
   0.0000000e+00
   0.0000000e+00
   0.0000000e+00
   0.0000000e+00
   0.0000000e+00
   0.0000000e+00
  -0.0000000e+00
   0.0000000e+00
   0.0000000e+00
   0.0000000e+00
   0.0000000e+00
   0.0000000e+00
   0.0000000e+00
   0.0000000e+00
   0.0000000e+00
   0.0000000e+00
   0.0000000e+00
   0.0000000e+00
   0.0000000e+00
   0.0000000e+00
   0.0000000e+00
   0.0000000e+00
   0.0000000e+00
  -1.0830080e-02
  -0.0000000e+00
   0.0000000e+00
   0.0000000e+00
   0.0000000e+00
  -0.0000000e+00
  -3.0122018e-02
  -2.0090690e-02
  -1.2068891e-05
   0.0000000e+00
   0.0000000e+00
   0.0000000e+00
   0.0000000e+00
   0.0000000e+00
   0.0000000e+00
   0.0000000e+00
   0.0000000e+00
   0.0000000e+00
   0.0000000e+00
   0.0000000e+00
   0.0000000e+00
  -2.0040684e-02
  -1.4686117e-02
  -2.4746135e-03
   4.1109718e-03
   0.0000000e+00
   0.0000000e+00
  -4.6791864e-03
  -3.8509730e-03
  -6.0618161e-03
  -8.5304141e-03
  -7.3392539e-03
  -9.0402775e-03
  -1.3917034e-02
  -2.1735816e-02
  -1.6622543e-02
   8.0167000e-04
   2.7095525e-03
  -8.8806206e-03
  -1.9318357e-02
  -1.7682971e-02
  -2.2529691e-02
   0.0000000e+00
   0.0000000e+00
   0.0000000e+00
   0.0000000e+00
   0.0000000e+00
  -0.0000000e+00
  -0.0000000e+00
   0.0000000e+00
   0.0000000e+00
   0.0000000e+00
   0.0000000e+00
   0.0000000e+00
  -5.3296375e-02
  -3.4332967e-02
  -2.9973571e-04
   0.0000000e+00
   0.0000000e+00
   0.0000000e+00
   0.0000000e+00
   0.0000000e+00
   0.0000000e+00
   0.0000000e+00
   0.0000000e+00
   0.0000000e+00
   0.0000000e+00
   0.0000000e+00
   0.0000000e+00
