  -3.9418633e+00
  -5.8338556e+00
  -6.6781731e+00
  -5.9448490e+00
  -5.5271664e+00
  -5.3487921e+00
  -4.1035228e+00
  -3.7752194e+00
  -4.4235516e+00
  -4.6563902e+00
  -4.8650398e+00
  -5.3943806e+00
  -6.1834493e+00
  -6.4633727e+00
  -6.2542586e+00
  -5.8701277e+00
  -5.2483664e+00
  -4.5480046e+00
  -4.2259688e+00
  -3.8104019e+00
  -3.7082870e+00
  -4.3706045e+00
  -5.5115032e+00
  -7.1527405e+00
  -8.1851425e+00
  -8.4095068e+00
  -7.8727002e+00
  -7.3235054e+00
  -7.1455207e+00
  -6.8073277e+00
  -5.8585463e+00
  -4.6243763e+00
  -4.6935015e+00
  -6.7473106e+00
  -6.2737741e+00
  -4.1170115e+00
  -1.9830501e+00
  -1.8826883e+00
  -2.3924153e+00
  -1.7644552e+00
  -1.0024955e+00
  -8.1261462e-01
  -2.0977440e-01
   5.3369009e-01
   9.7549462e-01
   1.0046837e+00
   8.6795425e-01
   6.6937143e-01
   3.8405135e-01
   1.6767180e-01
   1.8438846e-02
   8.4069520e-02
   1.8792534e-01
   4.5992440e-01
   5.9128439e-01
   5.8656156e-01
   9.1539592e-01
   1.0079155e+00
   6.6188675e-01
  -1.2128264e-01
  -1.2734660e+00
  -2.5254378e+00
  -3.1355374e+00
  -3.3394289e+00
  -3.6938672e+00
  -5.1801987e+00
  -6.2968326e+00
  -5.4197564e+00
  -2.6714292e+00
  -4.5768843e+00
  -6.8249264e+00
  -5.7003222e+00
   1.0139347e+00
   1.6937500e+00
   2.2765810e+00
   2.7724171e+00
   3.2558138e+00
   3.7219374e+00
   4.0488806e+00
   4.2452092e+00
   4.4876647e+00
   4.4665480e+00
   4.2734709e+00
   4.0453267e+00
   3.8635316e+00
   3.7465613e+00
   3.7078483e+00
   3.7773757e+00
   3.9603980e+00
   4.2601566e+00
   4.6871276e+00
   4.3846855e+00
   3.9455755e+00
   3.9962325e+00
   4.0569134e+00
   3.7100689e+00
   3.1540866e+00
   2.7232766e+00
   2.6025734e+00
   2.6352956e+00
   2.6886160e+00
   2.6700666e+00
   2.3360991e+00
   1.9175173e+00
   1.8458600e+00
   1.7256764e+00
   1.1219373e+00
   6.7191118e-01
   5.7090850e+00
   5.8259888e+00
   5.8842087e+00
   5.9186344e+00
   5.9187083e+00
   5.8262424e+00
   5.8126655e+00
   5.7437582e+00
   5.8984261e+00
   5.9469895e+00
   5.9223166e+00
   5.8594775e+00
   5.8068752e+00
   5.7273951e+00
   5.6401901e+00
   5.6687584e+00
   5.7915230e+00
   5.9979568e+00
   5.4648948e+00
   4.7332263e+00
   5.6513376e+00
   5.9884038e+00
   6.4315090e+00
   6.3726249e+00
   6.0617628e+00
   5.8931952e+00
   6.0065813e+00
   6.1807609e+00
   6.4465075e+00
   6.6585407e+00
   6.7518010e+00
   6.7691474e+00
   6.5334558e+00
   6.2576008e+00
   6.0088773e+00
   5.7411690e+00
   8.1633129e+00
   8.0613461e+00
   7.6858344e+00
   7.3108683e+00
   6.6063504e+00
   6.2413664e+00
   5.9138174e+00
   5.9093423e+00
   6.0213571e+00
   6.0196099e+00
   6.2147899e+00
   6.2869349e+00
   6.3068671e+00
   6.2815337e+00
   6.1836667e+00
   6.1279416e+00
   6.1160822e+00
   6.0584774e+00
   4.1484513e+00
   4.5160780e+00
   5.0477490e+00
   6.1952338e+00
   6.9202418e+00
   7.3029342e+00
   7.3955984e+00
   7.4385586e+00
   7.5899053e+00
   7.7062721e+00
   7.8280253e+00
   7.7624378e+00
   7.7433295e+00
   8.0433388e+00
   8.2605886e+00
   8.3297482e+00
   8.3660507e+00
   8.2499237e+00
   8.5884581e+00
   8.1918769e+00
   7.3218889e+00
   6.6069492e+00
   3.9882476e+00
   5.2961763e+00
   4.7912851e+00
   3.9990630e+00
   5.2796291e+00
   5.2853328e+00
   5.5354856e+00
   5.6449054e+00
   5.6815154e+00
   5.6505393e+00
   5.5453714e+00
   5.4413974e+00
   5.3494628e+00
   5.1525791e+00
   3.4417633e+00
   3.3991861e+00
   3.5169837e+00
   4.8781692e+00
   5.8432068e+00
   6.7070517e+00
   7.1837429e+00
   7.4289760e+00
   7.5651774e+00
   7.4296636e+00
   7.1614642e+00
   6.6455692e+00
   6.4586804e+00
   7.0789074e+00
   7.7845468e+00
   8.2687950e+00
   8.6105123e+00
   8.7190814e+00
   7.2128792e+00
   5.6997805e+00
   4.8657384e+00
   3.8101082e+00
   2.0838344e+00
   3.7090402e+00
   3.4731009e+00
   3.3474352e+00
   4.1371031e+00
   4.0537095e+00
   4.1565075e+00
   4.2098789e+00
   4.2412696e+00
   4.2201872e+00
   4.1342316e+00
   4.0878100e+00
   4.0499372e+00
   3.7625744e+00
   2.3857770e+00
   1.9676859e+00
   1.5823941e+00
   2.7225420e+00
   3.8555663e+00
   5.1889067e+00
   5.9864216e+00
   6.3856287e+00
   6.3176389e+00
   5.6073184e+00
   5.0238004e+00
   4.8957505e+00
   4.7934718e+00
   5.4234538e+00
   6.3095341e+00
   7.0251245e+00
   7.5005260e+00
   7.6236858e+00
   4.0550713e+00
   2.0973876e+00
   1.6980983e+00
   1.1835888e+00
   8.4195834e-01
   1.6672447e+00
   1.7731909e+00
   1.9409156e+00
   2.0489287e+00
   1.9716873e+00
   1.9776629e+00
   1.9865184e+00
   2.0114446e+00
   2.0201719e+00
   2.0706444e+00
   2.1798835e+00
   2.1659663e+00
   1.8313634e+00
   1.3229466e+00
   7.3061693e-01
  -3.3767599e-01
   3.7903084e-01
   1.8396121e+00
   3.3313513e+00
   4.0525036e+00
   4.2975917e+00
   3.7163112e+00
   2.1998186e+00
   2.1885741e+00
   2.1932909e+00
   2.2406661e+00
   2.7494621e+00
   3.6558521e+00
   4.3834123e+00
   4.8275256e+00
   4.7784033e+00
   8.8942415e-01
   1.8371424e-01
   8.6498640e-02
   1.0153651e-01
   1.2828872e-01
   2.3864858e-01
  -5.2294485e-02
  -1.2965038e-01
  -1.1403707e-01
  -1.4145231e-01
  -1.1525303e-01
  -5.7385623e-02
   1.5930310e-03
   9.5776424e-02
   2.6923019e-01
   4.2490724e-01
   3.6885837e-01
  -2.5589161e-02
  -8.8867493e-02
   1.8276381e-01
  -1.0287824e+00
  -1.1547360e+00
   4.6543556e-01
   1.6511718e+00
   2.0443387e+00
   1.9160552e+00
   7.8787988e-01
  -5.7084900e-01
   2.9714102e-01
  -2.5753081e-01
  -5.4873656e-02
   3.6501932e-01
   1.0460186e+00
   1.5214853e+00
   1.7569662e+00
   1.5312685e+00
  -2.0905340e+00
  -1.0923556e+00
  -1.2976780e+00
  -8.2472569e-01
  -7.4693662e-01
  -1.7334031e+00
  -2.4740155e+00
  -2.6843815e+00
  -2.6713572e+00
  -2.5783780e+00
  -2.4390395e+00
  -2.2442679e+00
  -2.0387254e+00
  -1.8004483e+00
  -1.5944313e+00
  -1.5569514e+00
  -1.8431544e+00
  -2.2289755e+00
  -1.6156812e+00
  -3.6159867e-01
  -1.0031595e+00
  -1.6596420e+00
  -9.8979890e-01
  -4.2401615e-01
  -6.6025245e-01
  -1.3413810e+00
  -2.4076188e+00
  -8.2810652e-01
  -1.5645587e-01
  -1.5314605e+00
  -2.5575480e+00
  -2.0702500e+00
  -2.0341108e+00
  -2.0683763e+00
  -2.1954741e+00
  -2.4182432e+00
  -3.4194081e+00
  -1.4526474e+00
  -1.8462996e+00
  -1.4736805e+00
  -1.6077158e+00
  -3.5218959e+00
  -4.0047956e+00
  -4.1815581e+00
  -4.1442990e+00
  -3.9897103e+00
  -3.7244604e+00
  -3.3745313e+00
  -3.0467944e+00
  -2.7913601e+00
  -2.7585824e+00
  -3.0039792e+00
  -3.5403724e+00
  -3.7535272e+00
  -1.7945603e+00
  -7.9562642e-02
  -9.7678572e-01
  -1.5479221e+00
  -2.1087239e+00
  -2.1607161e+00
  -2.8421938e+00
  -3.6618900e+00
  -3.7894101e+00
  -1.1209584e+00
  -8.5602134e-01
  -1.7093914e+00
  -2.6623147e+00
  -3.5323315e+00
  -3.9906068e+00
  -4.3698211e+00
  -4.6709647e+00
  -4.7119350e+00
  -4.1744523e+00
  -1.7502629e+00
  -1.6071050e+00
  -2.2025466e+00
  -3.5225699e+00
  -4.7043176e+00
  -4.8803706e+00
  -5.0168500e+00
  -4.9647889e+00
  -4.7519374e+00
  -4.3462677e+00
  -3.8690882e+00
  -3.5537264e+00
  -3.5131879e+00
  -3.8973982e+00
  -4.5272131e+00
  -5.1053348e+00
  -4.8593140e+00
  -1.8098055e+00
   1.5232000e-01
  -7.0771194e-01
  -1.1504512e+00
  -2.9222546e+00
  -4.1744394e+00
  -4.8967891e+00
  -5.2707572e+00
  -3.8753297e+00
  -6.6207111e-01
  -1.6618798e+00
  -2.1410952e+00
  -2.9335253e+00
  -4.8459902e+00
  -5.5571470e+00
  -6.0854912e+00
  -6.3577528e+00
  -6.0278378e+00
  -4.1831603e+00
  -2.4654505e+00
  -2.3578694e+00
  -3.6144130e+00
  -4.6902475e+00
  -4.6831245e+00
  -4.7740202e+00
  -4.8829679e+00
  -4.8328433e+00
  -4.5562749e+00
  -4.1276960e+00
  -3.7494407e+00
  -3.7157953e+00
  -4.1374002e+00
  -4.9834490e+00
  -5.7350936e+00
  -6.0077124e+00
  -5.4080791e+00
  -3.1376317e+00
  -7.3156700e-02
  -8.4670985e-01
  -2.4913681e+00
  -4.6753879e+00
  -5.8175583e+00
  -6.1514544e+00
  -5.7550578e+00
  -2.9894483e+00
  -5.4435190e-02
  -1.7150834e+00
  -1.4649069e+00
  -2.3767505e+00
  -5.1174660e+00
  -6.4382453e+00
  -6.8781743e+00
  -6.9317050e+00
  -6.1853247e+00
  -3.5924575e+00
  -2.6856627e+00
  -3.0101869e+00
  -4.5567794e+00
  -3.9431205e+00
  -3.9174633e+00
  -3.8432350e+00
  -3.9246192e+00
  -3.9135537e+00
  -3.7448547e+00
  -3.5611651e+00
  -3.6034908e+00
  -4.0912452e+00
  -4.9453077e+00
  -5.8602052e+00
  -6.3490152e+00
  -6.2264447e+00
  -5.4095464e+00
  -1.8497162e+00
  -2.0510942e-01
  -1.5174704e+00
  -3.4826729e+00
  -5.8058152e+00
  -6.6341410e+00
  -6.4453773e+00
  -5.3325758e+00
  -2.2055194e+00
   7.2098650e-02
  -1.2316053e+00
  -1.7189469e+00
  -1.8643794e+00
  -5.2572312e+00
  -6.5471191e+00
  -6.7650084e+00
  -6.5257411e+00
  -5.4866934e+00
  -2.3746698e+00
  -1.9526128e+00
  -2.8633380e+00
  -2.7184870e+00
  -1.7299653e+00
  -2.6707406e+00
  -2.5490217e+00
  -2.6168201e+00
  -2.6776788e+00
  -2.7815256e+00
  -3.0970726e+00
  -3.8732300e+00
  -4.9302511e+00
  -5.8716073e+00
  -6.4246244e+00
  -6.4463925e+00
  -5.9568300e+00
  -4.1437283e+00
  -1.1610198e+00
  -1.1096853e+00
  -2.3083560e+00
  -4.9093008e+00
  -6.5187039e+00
  -6.6217384e+00
  -5.9818492e+00
  -4.3405952e+00
  -1.2675993e+00
   5.2697521e-01
  -9.2331553e-01
  -2.1318028e+00
  -4.1849184e+00
  -5.4690847e+00
  -5.8059654e+00
  -5.7046542e+00
  -5.1282229e+00
  -3.9554429e+00
  -7.1532863e-01
  -6.8217105e-01
  -1.6364422e+00
  -6.2391108e-01
  -1.7517098e+00
  -2.2471790e+00
  -2.2785892e+00
  -2.4098747e+00
  -2.5507011e+00
  -2.8451583e+00
  -3.4521291e+00
  -4.4705472e+00
  -5.4466558e+00
  -6.0881276e+00
  -6.2510691e+00
  -5.9011397e+00
  -4.9496889e+00
  -1.7961817e+00
  -9.7544283e-01
  -2.4366164e+00
  -3.2979546e+00
  -5.9716187e+00
  -6.8564739e+00
  -6.0849843e+00
  -5.1251841e+00
  -3.1849549e+00
  -3.8763997e-01
   1.3241007e+00
  -4.9409968e-01
  -2.2224777e+00
  -3.9722090e+00
  -4.2573295e+00
  -4.1989136e+00
  -3.6526554e+00
  -2.7411084e+00
  -1.7187104e+00
   3.9530706e-01
  -3.7112415e-02
  -1.0174198e+00
  -1.7552192e+00
  -2.9237075e+00
  -3.0669873e+00
  -3.5190825e+00
  -3.8401570e+00
  -4.0629568e+00
  -4.3250108e+00
  -4.7303038e+00
  -5.2713871e+00
  -5.6826620e+00
  -5.7867279e+00
  -5.4564948e+00
  -4.7064557e+00
  -3.2676761e+00
  -7.0872492e-01
  -1.0919601e+00
  -3.2055943e+00
  -4.8764591e+00
  -6.2161570e+00
  -6.8037033e+00
  -5.3918877e+00
  -4.1289072e+00
  -1.9816130e+00
   5.1946694e-01
   1.2073700e+00
  -3.4876317e-02
  -2.0833874e+00
  -3.1159606e+00
  -2.7988155e+00
  -2.2749422e+00
  -1.2304413e+00
  -5.7333384e-02
   5.2285051e-01
   7.1311287e-01
   1.3491860e-02
  -1.5967207e+00
  -3.5285938e+00
  -4.1593823e+00
  -4.4781665e+00
  -5.1219181e+00
  -5.4701970e+00
  -5.6385930e+00
  -5.7180479e+00
  -5.7732537e+00
  -5.7987697e+00
  -5.7013224e+00
  -5.3423069e+00
  -4.5588497e+00
  -3.3589633e+00
  -1.3969695e+00
   5.7950746e-01
  -5.5638825e-01
  -3.6653686e+00
  -6.8332588e+00
  -7.5341259e+00
  -6.2643301e+00
  -4.3147330e+00
  -2.9100691e+00
  -5.5584651e-01
   1.5633429e+00
   1.2919764e+00
   3.8781036e-01
  -1.9331570e+00
  -2.7493762e+00
  -1.5861167e+00
  -6.6885910e-01
   6.8530498e-01
   1.9053778e+00
   1.9010496e+00
   8.5013856e-01
   5.2651377e-02
  -2.3008263e+00
  -4.0014524e+00
  -4.5602774e+00
  -5.1441310e+00
  -5.7042992e+00
  -6.0067337e+00
  -6.1449096e+00
  -6.1540696e+00
  -6.0393155e+00
  -5.7976210e+00
  -5.4421247e+00
  -4.8698567e+00
  -3.8510521e+00
  -2.4257917e+00
  -5.2818817e-01
   1.7502345e+00
  -2.3518263e-01
  -2.7239830e+00
  -6.8830649e+00
  -6.5961482e+00
  -4.2266454e+00
  -2.0914016e+00
  -5.9465348e-01
   1.6624933e+00
   2.7925159e+00
   1.3210535e+00
   5.5844342e-01
  -1.5113271e+00
  -2.3219106e+00
  -4.3968836e-01
   6.2133466e-01
   2.0296049e+00
   2.7502388e+00
   2.1061435e+00
   4.3548134e-01
  -1.2912996e-01
  -2.4604025e+00
  -3.7841783e+00
  -4.4863105e+00
  -5.1218333e+00
  -5.5647736e+00
  -5.7539020e+00
  -5.7902021e+00
  -5.7085400e+00
  -5.4882302e+00
  -5.0772038e+00
  -4.5439014e+00
  -3.8691247e+00
  -2.9337966e+00
  -1.9923674e+00
  -1.2654628e+00
   3.8299227e-01
  -4.4309962e-01
  -2.4353049e+00
  -4.8377805e+00
  -5.5065536e+00
  -2.8957632e+00
  -7.9943687e-03
   1.5538353e+00
   2.1007578e+00
   2.3391054e+00
   9.2189604e-01
   5.1670885e-01
  -9.2736083e-01
  -1.3370259e+00
   5.1851410e-01
   1.4132128e+00
   2.9738870e+00
   2.8070707e+00
   1.4652089e+00
   3.0142751e-01
  -8.5242641e-01
  -2.5619764e+00
  -3.8438513e+00
  -4.8639340e+00
  -5.6632509e+00
  -6.0938516e+00
  -6.1949577e+00
  -6.0445662e+00
  -5.6972237e+00
  -5.1603346e+00
  -4.4086962e+00
  -3.6058705e+00
  -2.8665142e+00
  -2.3829825e+00
  -2.4828467e+00
  -2.6742384e+00
  -2.3985324e+00
  -9.8934639e-01
  -4.2589526e+00
  -5.5344338e+00
  -4.9145408e+00
  -2.5191059e+00
   6.5897608e-01
   2.4227724e+00
   1.1231203e+00
   9.5731604e-01
   5.9193224e-01
   4.2994931e-01
  -1.2812546e-01
   1.7999406e-01
   1.4146681e+00
   2.0492566e+00
   3.1515458e+00
   2.3948114e+00
   1.2151942e+00
   8.4151745e-02
  -1.2182025e+00
  -2.7430701e+00
  -4.0689516e+00
  -5.3642507e+00
  -6.4117913e+00
  -7.0419807e+00
  -7.3623662e+00
  -7.4322252e+00
  -7.2647901e+00
  -6.8207622e+00
  -5.9318080e+00
  -4.6825695e+00
  -3.4828715e+00
  -2.9663258e+00
  -3.5017288e+00
  -3.2731380e+00
  -4.5393033e+00
  -5.3069439e+00
  -5.6251793e+00
  -6.2241740e+00
  -4.9716349e+00
  -3.0883546e+00
   1.1750887e-01
   1.9867318e+00
   6.9261545e-01
   4.1067827e-01
   3.3019423e-01
   2.7958444e-01
   1.0300499e-01
   2.2631952e-01
   1.6512240e+00
   2.5537026e+00
   2.1711228e+00
   1.8634405e+00
   1.1468856e+00
  -3.3928359e-01
  -1.9632083e+00
  -3.0460489e+00
  -4.1829042e+00
  -5.3920383e+00
  -6.4501448e+00
  -7.1519938e+00
  -7.5934992e+00
  -7.8276868e+00
  -7.8746142e+00
  -7.7333603e+00
  -7.2216463e+00
  -6.1726928e+00
  -4.7309017e+00
  -3.4394667e+00
  -3.1626725e+00
  -2.6067390e+00
  -4.5556693e+00
  -7.7349558e+00
  -7.5915861e+00
  -6.3491387e+00
  -5.9053574e+00
  -4.6862941e+00
  -1.6590644e+00
   1.0184809e+00
   2.3637083e-01
   6.5111719e-02
  -1.1863015e-01
  -2.2926277e-01
   3.2016772e-01
   4.1546258e-01
   1.7724305e+00
   3.0951035e+00
   1.8880361e+00
   1.4971993e+00
   8.4040666e-01
  -4.8870614e-01
  -2.6745267e+00
  -3.2805991e+00
  -4.0986919e+00
  -4.9357128e+00
  -5.7602286e+00
  -6.4282012e+00
  -6.9007230e+00
  -7.1950231e+00
  -7.3487296e+00
  -7.3847156e+00
  -7.1568217e+00
  -6.4682746e+00
  -5.1215720e+00
  -3.0278687e+00
  -9.8565131e-01
  -1.9409293e+00
  -4.8767905e+00
  -6.4622202e+00
  -6.4564714e+00
  -6.2363462e+00
  -6.2707629e+00
  -5.6558266e+00
  -3.3837717e+00
  -1.2891084e-01
  -3.0396974e-01
  -3.1144780e-01
  -8.0030781e-01
  -1.1845160e+00
   1.1783667e-02
   3.9758700e-01
   1.7039251e+00
   3.3621902e+00
   1.7325108e+00
   1.1859977e+00
   4.4355875e-01
  -3.0444273e-01
  -2.3304398e+00
  -3.2416689e+00
  -3.6250019e+00
  -3.9846377e+00
  -4.4925280e+00
  -5.0873713e+00
  -5.5774546e+00
  -5.9207811e+00
  -6.1815400e+00
  -6.4321456e+00
  -6.4953599e+00
  -6.0421090e+00
  -4.6651840e+00
  -1.8617451e+00
  -1.5024990e-01
  -2.4980731e+00
  -4.9408836e+00
  -5.1081324e+00
  -5.3022652e+00
  -5.4763336e+00
  -5.7628150e+00
  -5.7986517e+00
  -4.6684370e+00
  -2.1757288e+00
  -1.4461318e+00
  -1.1072851e+00
  -2.3050191e+00
  -2.0829988e+00
  -2.8308970e-01
  -4.6908048e-01
   5.9590006e-01
   2.8205183e+00
   1.2364345e+00
   4.0495697e-01
   2.3481262e-01
  -5.7294957e-02
  -1.0640332e+00
  -2.6724648e+00
  -2.4676719e+00
  -2.4443676e+00
  -2.7547982e+00
  -3.2970395e+00
  -3.8306005e+00
  -4.2316575e+00
  -4.5302019e+00
  -4.8880725e+00
  -5.1645150e+00
  -4.8702412e+00
  -3.2959747e+00
   4.0509447e-02
  -1.4471397e-01
  -2.7478127e+00
  -3.5334811e+00
  -3.4266605e+00
  -3.6756668e+00
  -3.9899225e+00
  -4.4989376e+00
  -5.0671740e+00
  -5.0068369e+00
  -2.9500234e+00
  -2.0293109e+00
  -1.7499346e+00
  -2.9450073e+00
  -1.7224196e+00
  -6.5888578e-01
  -4.0344739e-01
   1.5275669e-01
   1.4531671e+00
   1.0223079e+00
   2.7465329e-01
   6.0129136e-01
  -3.6864519e-01
  -6.4045036e-01
  -1.6501896e+00
  -1.0612603e+00
  -6.4311188e-01
  -9.3898034e-01
  -1.4638805e+00
  -1.9768569e+00
  -2.3738456e+00
  -2.6827145e+00
  -3.0700855e+00
  -3.4380276e+00
  -3.2550874e+00
  -1.4527714e+00
   1.5683464e+00
   1.6532701e-02
  -1.4829812e+00
  -1.1703660e+00
  -1.4005752e+00
  -1.7435516e+00
  -2.2383029e+00
  -2.8184223e+00
  -3.5676727e+00
  -4.0840640e+00
  -2.9395185e+00
  -1.8225538e+00
  -2.1348560e+00
  -2.2806613e+00
  -9.7292328e-01
   2.3490436e-02
   8.6663944e-01
  -1.0520902e-01
   7.9548049e-01
   2.6412624e-01
   1.4910983e+00
   8.2640547e-01
  -6.9310641e-01
  -4.0104452e-01
  -3.1046292e-01
   6.2263447e-01
   1.4036320e+00
   1.2665756e+00
   7.8703237e-01
   3.3421305e-01
   2.8656766e-02
  -2.0131159e-01
  -5.0229174e-01
  -8.6332875e-01
  -8.2515103e-01
   1.0197600e+00
   1.8715184e+00
   1.4056753e-01
   9.1732174e-02
   3.9523113e-01
   8.0395317e-01
   5.9556592e-01
   6.4159743e-03
  -5.0311702e-01
  -1.0542521e+00
  -1.7393379e+00
  -1.6861970e+00
  -3.6382216e-01
  -1.3893731e+00
  -7.6115477e-01
   1.1615782e+00
   1.7228308e+00
   5.8933991e-01
  -1.7778751e-01
   2.4234746e-01
   2.4372575e-01
   1.6671113e+00
   3.2052460e-01
   1.1594853e-01
  -1.4133087e-01
   4.6214080e-01
   1.2191875e+00
   2.3963430e+00
   2.5306296e+00
   2.2123282e+00
   1.8991417e+00
   1.7147923e+00
   1.5988443e+00
   1.4123508e+00
   1.1239185e+00
   9.9247199e-01
   2.1690915e+00
   8.4895396e-01
   9.1896946e-01
   7.3412168e-01
   6.9794697e-01
   1.3431384e+00
   2.1115317e+00
   1.6704577e+00
   1.2899555e+00
   9.6461308e-01
   5.1190329e-01
   4.2954183e-01
   6.0047853e-01
   8.3153546e-01
   1.3188403e+00
   1.7479813e+00
   1.2427205e+00
   1.4963482e-01
  -3.9894149e-01
   4.0429133e-01
   9.3277121e-01
   6.4195216e-01
   4.4438562e-01
   1.0638580e+00
   8.6250079e-01
   9.4354743e-01
   2.0369406e+00
   3.0878942e+00
   2.7746768e+00
   2.8429058e+00
   2.9536014e+00
   3.0637572e+00
   3.1544926e+00
   3.1109502e+00
   2.8914597e+00
   2.5041814e+00
   1.3464036e+00
   1.0571520e+00
   1.1359227e+00
   3.3244079e-01
   7.7945596e-01
   1.2839249e+00
   2.9649067e+00
   2.9381390e+00
   2.7513993e+00
   2.7959321e+00
   2.7806468e+00
   2.1587481e+00
   5.2625972e-01
   1.8191049e+00
   1.9606757e+00
   1.6657263e-01
   2.3584312e-01
  -2.2534128e-01
  -1.1260452e+00
  -3.6284384e-01
   1.0168700e+00
  -1.5876913e-01
   1.0136228e+00
   1.6831627e+00
   1.5349233e+00
   1.0725529e+00
   1.4164737e+00
   2.1255486e+00
   2.3935719e+00
   2.8859807e+00
   3.3066864e+00
   3.6281590e+00
   3.7637002e+00
   3.7582827e+00
   3.6213460e+00
   3.1562215e+00
   1.6484466e+00
   9.0727723e-01
   9.4779008e-01
   1.9502604e-01
   7.8082240e-01
   1.2815080e+00
   1.9076576e+00
   3.0217578e+00
   3.4525637e+00
   3.9183502e+00
   4.2155128e+00
   3.5601015e+00
   1.7907126e+00
   1.0422668e+00
   4.8359954e-01
   4.9814835e-01
   5.8124578e-01
  -7.7939222e-02
  -8.7933564e-01
  -3.2900414e-01
   6.5251132e-01
   8.0973673e-01
   9.4733876e-01
   1.5296595e+00
   1.0917450e+00
   8.3804723e-01
   7.9099572e-01
   1.6278930e+00
   1.9451257e+00
   2.2355444e+00
   2.7618472e+00
   3.1454030e+00
   3.2486563e+00
   3.2841590e+00
   3.2994698e+00
   3.0059466e+00
   1.4839792e+00
   1.0080274e+00
   7.4282587e-01
   4.4295711e-01
   8.6739190e-01
   1.0558549e+00
   1.1022489e+00
   1.9040035e+00
   3.5822043e+00
   4.3296318e+00
   4.7523159e+00
   4.5067196e+00
   2.7382382e+00
   8.4272547e-01
   6.1044270e-01
   2.4136001e-01
  -1.0917504e-01
  -2.2366516e-01
   1.7690853e-01
   1.2380490e-01
   5.6065702e-01
   5.8619683e-01
   1.5644895e+00
   1.1036006e+00
   8.6508757e-01
   2.8527960e-01
   3.6486628e-01
   6.8777370e-01
   1.2648955e-01
   4.5343813e-01
   8.8262320e-01
   1.2726341e+00
   1.4053855e+00
   1.7174633e+00
   2.0526392e+00
   1.3772370e+00
   1.4659399e-01
   1.1929690e+00
   6.6787384e-01
   6.6863161e-01
   9.0239620e-01
   7.6017301e-01
   8.5919255e-01
   1.3869964e+00
   2.4501413e+00
   3.4456267e+00
   3.9397812e+00
   3.6229436e+00
   1.0452023e+00
   9.3582284e-01
   4.6625650e-01
   2.4405405e-01
   2.2527310e-01
   3.2683807e-01
   5.0555760e-01
   8.8045794e-01
   1.2068295e+00
   1.1421611e+00
   1.4861820e+00
   7.2832787e-01
   1.0846651e+00
   8.9980042e-01
   1.7817716e-01
  -1.0992345e+00
  -7.8247559e-01
  -8.6094087e-01
  -1.0223225e+00
  -6.3516068e-01
  -2.4732387e-01
  -3.4952092e-01
  -6.2721825e-01
  -6.9698304e-01
   5.2830803e-01
   6.0573626e-01
   3.7833148e-01
   6.2105900e-01
   7.4354666e-01
   4.1781533e-01
   5.6891209e-01
   7.0008695e-01
  -9.2124343e-02
   5.2158135e-01
   8.6724973e-01
   1.0146123e+00
   5.2712548e-01
   1.0548141e-01
   1.8406194e-01
   8.3030015e-02
   1.7318505e-01
   3.2362476e-01
   4.8177844e-01
   5.9021336e-01
   5.3113526e-01
   5.8496213e-01
   7.4837029e-01
   2.2400214e-01
   2.3389143e-01
  -3.2859409e-01
  -2.7422476e-01
   4.3805489e-01
  -6.9223074e-03
  -4.3534500e-01
  -3.6098588e-01
  -4.3783695e-01
  -5.7289886e-01
  -5.8538085e-01
  -2.1592441e-01
   1.9559627e-01
   4.6847653e-01
  -8.7806828e-02
   3.1612425e-01
   3.4388444e-01
   2.1124542e-01
  -7.8714600e-02
   2.2092673e-01
  -1.4953025e-01
  -1.9859972e+00
  -1.2843846e+00
  -1.4432654e+00
  -1.7066510e+00
  -1.0949804e+00
  -4.8342395e-01
  -2.5989205e-01
  -1.2814277e-01
   5.0809689e-02
   1.3239582e-01
   2.3500434e-01
   3.6242044e-01
   2.1912073e-01
  -1.0235898e-01
   8.6305998e-02
  -4.1009727e-01
  -4.0896583e-01
  -4.3645006e-01
  -3.9240372e-01
  -3.9176384e-01
  -4.1200721e-01
  -5.0438631e-01
  -5.8036160e-01
  -7.9130846e-01
  -9.1645157e-01
  -8.1856817e-01
  -7.2160071e-01
  -5.9103870e-01
  -3.7515512e-01
  -4.3515339e-02
   9.2850246e-02
  -4.8070569e-02
  -1.0985373e-01
   7.7955440e-02
  -2.3200531e-01
  -1.3223965e+00
  -8.5467935e-01
   1.9531281e+00
   1.9625862e+00
   3.3359408e-01
  -5.8867025e-01
  -1.1821146e+00
  -1.1822823e+00
  -7.7448833e-01
  -6.2997907e-01
  -5.0347096e-01
  -4.5105127e-01
  -4.7157302e-01
  -4.7785571e-01
  -5.7096958e-01
  -5.1407689e-01
