   2.2802110e+00
   1.1765902e+00
   5.3938788e-01
  -4.6100530e-01
  -4.8418266e-01
   5.9005344e-01
   5.1610196e-01
  -6.7817241e-02
   8.7355211e-02
   4.0733519e-01
   2.7378723e-02
   1.3947072e+00
   2.4349749e+00
   1.9925390e+00
   1.3930604e+00
   6.8433386e-01
  -1.4732748e-01
  -4.3557337e-01
  -8.4955645e-01
  -4.3476057e-01
   1.1612854e+00
   1.6405158e+00
   6.5124428e-01
   2.5006838e+00
   4.9473357e+00
   2.6433477e+00
  -5.9266621e-01
   2.5934133e-01
   1.5220351e+00
   2.0259750e+00
   2.1173611e+00
   3.4446094e+00
   4.0766392e+00
   4.1909089e+00
   4.8622603e+00
   4.3545876e+00
   1.7321315e-01
  -2.3539986e-01
  -3.2512265e-01
  -7.0471042e-01
  -8.7774789e-01
  -9.4945854e-01
  -8.2612681e-01
  -7.2011113e-01
  -7.7288002e-01
  -7.8728145e-01
  -1.4748904e+00
   2.0389464e-01
   8.3466381e-02
   6.5369770e-02
   6.4061522e-01
   8.4069693e-01
   8.0529231e-01
   7.3588556e-01
   3.5425636e-01
   7.2535020e-01
   8.8881135e-01
   1.0043627e+00
   6.3790339e-01
   2.3278501e+00
   5.4963751e+00
   2.5612559e+00
   1.9256823e+00
   5.0459132e+00
   5.1674604e+00
   3.7650566e+00
   2.3868482e+00
   3.3445473e+00
   3.4640906e+00
   2.0383685e+00
   2.1234527e+00
   9.2121798e-01
  -1.1846005e+00
  -1.0974852e+00
  -7.5286508e-01
  -1.0761176e+00
  -1.3802527e+00
  -1.4958029e+00
  -1.5031947e+00
  -1.3967098e+00
  -1.3803329e+00
  -1.5901490e+00
  -1.8855228e+00
  -1.6880848e+00
  -5.9280622e-01
  -3.3003759e-01
  -1.0221782e-01
   4.0970929e-03
  -6.0334250e-02
  -3.1131205e-01
  -6.9698387e-01
  -1.0665876e+00
  -1.3116150e+00
  -1.3156551e+00
  -9.7952300e-01
  -4.3753207e-01
   2.1115905e-01
   2.3601201e-01
   2.5667986e-01
  -2.3462903e-01
  -1.0473862e+00
  -1.9805317e+00
  -2.1313441e+00
  -1.6061119e+00
  -1.3537555e+00
  -1.0666540e+00
  -7.1580946e-01
  -7.9561853e-01
  -1.2576760e+00
  -8.9467072e-01
  -6.0027945e-01
  -1.1654139e+00
  -1.6128885e+00
  -1.7490695e+00
  -1.7808599e+00
  -1.7328327e+00
  -1.7517185e+00
  -1.9084009e+00
  -2.5309000e+00
  -2.3767047e+00
  -2.5396317e-01
  -5.1679230e-01
  -5.1379383e-01
  -5.7355142e-01
  -8.4011656e-01
  -1.1736777e+00
  -1.5397699e+00
  -1.9297391e+00
  -2.1532347e+00
  -2.0043077e+00
  -1.5601219e+00
  -9.2151517e-01
  -5.4103309e-01
  -7.4393767e-01
  -1.8656230e-01
  -1.2195445e+00
  -2.6429672e+00
  -3.1428497e+00
  -2.7734945e+00
  -2.4120717e+00
  -2.2371438e+00
  -1.3645568e+00
  -1.1308942e+00
  -1.2699498e+00
  -8.8641280e-01
  -2.7320388e-01
  -5.0604856e-01
  -1.1823423e+00
  -1.5545787e+00
  -1.6845230e+00
  -1.6970421e+00
  -1.6388158e+00
  -1.6010722e+00
  -1.4852470e+00
  -2.0540476e+00
  -1.2027651e+00
  -5.0231040e-01
  -8.1388581e-01
  -7.4614364e-01
  -9.0782213e-01
  -1.1674105e+00
  -1.4283013e+00
  -1.6988057e+00
  -1.9961935e+00
  -2.0262725e+00
  -1.7360935e+00
  -1.3173927e+00
  -6.7792279e-01
  -3.2178172e-01
  -1.1469173e-01
   7.3580444e-02
  -1.7363524e+00
  -2.4988656e+00
  -2.5554574e+00
  -2.1989646e+00
  -1.9269058e+00
  -1.4647045e+00
  -6.6939312e-01
  -6.8445832e-01
  -8.5285360e-01
  -5.2088866e-01
  -3.2733611e-01
  -7.0926605e-01
  -1.0442649e+00
  -1.2534815e+00
  -1.3255477e+00
  -1.3700823e+00
  -1.3256297e+00
  -1.1940801e+00
  -8.5286444e-01
  -4.1421442e-01
  -7.8010111e-01
  -7.4654303e-01
  -9.5352393e-01
  -9.4440585e-01
  -1.1362010e+00
  -1.2246135e+00
  -1.2819980e+00
  -1.1339133e+00
  -1.0414542e+00
  -1.0863013e+00
  -6.2458382e-01
  -5.4976678e-01
  -2.2015821e-02
   2.3240103e-01
   2.9545916e-01
  -6.3372288e-01
  -1.4107492e+00
  -1.0096725e+00
  -1.3640803e+00
  -1.0582673e+00
  -8.6815791e-01
  -6.3605807e-01
   8.7589716e-02
  -1.4981145e-01
  -2.6477467e-01
  -7.7678077e-02
  -3.9674777e-01
  -5.8260554e-01
  -6.7656225e-01
  -7.7383995e-01
  -8.6716241e-01
  -1.0422792e+00
  -9.9830788e-01
  -8.0002505e-01
  -1.6626337e-01
   1.4368421e+00
  -1.5638179e-01
  -6.1952919e-01
  -1.0713978e+00
  -1.3184460e+00
  -1.4357435e+00
  -1.1946400e+00
  -7.5949705e-01
   2.9249227e-01
   7.8455549e-01
   1.2094276e-02
  -2.5460732e-01
  -6.2464422e-01
  -2.2619101e-01
   3.1601790e-02
  -8.4858611e-02
  -4.4184178e-01
   3.6530638e-01
   8.1016356e-01
  -4.0001136e-01
  -4.1656831e-01
  -2.1170078e-01
  -3.5387751e-01
   5.2353871e-01
  -8.5514799e-02
  -1.0898352e-01
  -6.7574337e-02
  -1.6842666e-01
  -5.6316517e-02
  -6.8195365e-02
  -2.1127601e-01
  -5.0269037e-01
  -8.1029034e-01
  -7.2312782e-01
  -4.5278269e-01
   5.9689820e-01
   3.0590664e+00
   2.0285621e-01
   4.4351917e-02
  -1.1240790e+00
  -2.0875232e+00
  -1.8800822e+00
  -9.5285208e-01
   1.7410399e-01
   2.8151925e+00
   2.0520768e+00
   2.8994231e-02
  -1.0205785e+00
  -1.1554278e+00
  -6.4298666e-01
  -6.7320876e-03
   3.5956727e-01
   9.4041103e-01
   2.3993790e+00
   2.3984072e+00
   3.3777058e-01
  -9.4235510e-02
   5.1912436e-02
   2.9763471e-02
   8.3330923e-01
  -1.2245774e-01
  -3.3622578e-02
   1.4289987e-01
   3.6617601e-01
   5.0620675e-01
   3.9816782e-01
   8.0072984e-02
  -4.3090248e-01
  -7.3892790e-01
  -6.1334598e-01
  -2.1337590e-01
   1.2158252e+00
   3.9483092e+00
   1.0938427e+00
   3.9124417e-01
  -7.1204835e-01
  -2.6633358e+00
  -1.9779849e+00
  -4.7866446e-01
   1.1343904e+00
   4.7215476e+00
   2.3328969e+00
  -6.6663742e-01
  -1.3366933e+00
  -1.1645224e+00
  -5.0251973e-01
   5.9852117e-01
   1.3655102e+00
   2.1414762e+00
   3.4642358e+00
   3.1224802e+00
   6.1429387e-01
   1.4029530e-01
   2.9200336e-01
   5.4980600e-01
   1.3442651e+00
   1.5883638e-01
   1.6004555e-01
   6.1155742e-01
   9.5292050e-01
   9.6938705e-01
   6.1698782e-01
  -7.9484001e-02
  -6.9056582e-01
  -8.4072942e-01
  -5.3893512e-01
   1.7532255e-01
   1.9641082e+00
   4.6496596e+00
   1.3802998e+00
   3.0707479e-01
  -3.3181426e-01
  -3.1712060e+00
  -1.7604280e+00
   1.9406025e-01
   2.4634783e+00
   5.6671877e+00
   1.5745986e+00
  -1.7478883e-01
  -1.1318234e+00
  -8.9576548e-01
   9.2964947e-02
   1.6720605e+00
   2.4825730e+00
   3.1392608e+00
   4.0055113e+00
   3.5541425e+00
   1.1016958e+00
   2.3562670e-01
   4.1734305e-01
   1.3979360e+00
   1.4171184e+00
   4.5222127e-01
   5.4294235e-01
   8.5568970e-01
   1.1265372e+00
   9.7115624e-01
   2.6624370e-01
  -5.9975988e-01
  -1.0098550e+00
  -8.5024059e-01
  -2.9500413e-01
   6.7770267e-01
   2.6236575e+00
   4.7430234e+00
   9.5941371e-01
  -3.1651533e-01
  -2.2610843e-01
  -2.6939766e+00
  -1.3133105e+00
   7.9423928e-01
   3.4910555e+00
   6.2112179e+00
   1.4417900e+00
   1.6406804e-02
  -9.9952030e-01
  -1.9929400e-01
   1.0319428e+00
   2.4195874e+00
   3.2270851e+00
   3.7888882e+00
   4.0798764e+00
   3.3585162e+00
   1.3586519e+00
   2.5187546e-01
   6.2031078e-01
   1.6598234e+00
   1.5377896e+00
   8.2329220e-01
   7.4248964e-01
   7.6186287e-01
   8.4085679e-01
   4.4889298e-01
  -4.6699032e-01
  -1.0345304e+00
  -9.7496063e-01
  -4.4427001e-01
   3.0645886e-01
   1.4294859e+00
   3.3468459e+00
   4.1086040e+00
   6.0216463e-01
  -7.9932708e-01
  -5.7082450e-01
  -2.0167062e+00
  -5.3420770e-01
   1.7640047e+00
   4.5019488e+00
   5.8306227e+00
   9.1195005e-01
  -1.5327539e-02
  -9.3508238e-01
   3.1881848e-01
   2.4224856e+00
   3.2282531e+00
   4.0659924e+00
   4.3182402e+00
   3.8630004e+00
   2.8507402e+00
   1.2516960e+00
   4.4122869e-01
   9.2693460e-01
   1.5872108e+00
   1.5471472e+00
   8.1739247e-01
   5.3144890e-01
   1.7956765e-01
   1.1250781e-01
  -3.1496343e-01
  -8.8536847e-01
  -8.8213396e-01
  -4.3985346e-01
   2.1828684e-01
   9.7356540e-01
   2.0917025e+00
   3.8891661e+00
   3.3601513e+00
  -1.8760203e-01
  -7.7969527e-01
  -6.1308855e-01
  -8.9061391e-01
   6.0016668e-01
   2.8242180e+00
   5.0283785e+00
   5.0176630e+00
   8.1097108e-01
  -7.9734854e-02
  -7.0154428e-01
   1.1160450e+00
   3.3669856e+00
   3.8749967e+00
   4.6148114e+00
   4.3055582e+00
   3.1342602e+00
   1.9428566e+00
   7.9787534e-01
   5.3329253e-01
   3.8715053e-01
   1.1677742e+00
   9.8833179e-01
   1.2506071e-01
  -2.4870306e-02
  -6.7172140e-01
  -6.8362647e-01
  -8.5621184e-01
  -8.7752372e-01
  -5.0456089e-01
   7.8293271e-02
   7.3296452e-01
   1.4558105e+00
   2.4612517e+00
   3.8699186e+00
   1.9391383e+00
  -4.7941580e-01
  -5.7259625e-01
  -4.1811892e-01
   5.4713637e-01
   1.6978204e+00
   3.4706421e+00
   4.9465785e+00
   4.4112105e+00
   6.4872706e-01
  -1.2424292e-01
   6.0881093e-02
   2.7542560e+00
   3.6818285e+00
   4.1439028e+00
   4.5256605e+00
   3.4836369e+00
   1.7177978e+00
   5.7557142e-01
  -5.5304371e-02
  -8.6547837e-02
  -2.3121734e-01
   6.0412002e-01
  -2.0324694e-01
  -8.7974650e-01
  -8.4103769e-01
  -1.6919110e+00
  -1.5920304e+00
  -1.4336240e+00
  -1.0765902e+00
  -5.1428115e-01
   1.5937558e-01
   8.3112282e-01
   1.4987509e+00
   2.3082020e+00
   3.3163216e+00
   1.1574203e+00
  -4.4681713e-01
  -1.8407358e-01
  -1.0763548e-01
   1.0095960e+00
   2.6502066e+00
   3.7585535e+00
   4.5200458e+00
   3.2750781e+00
   3.5047406e-01
   1.4315084e-01
   9.6847874e-01
   3.2755744e+00
   3.7312756e+00
   3.8706131e+00
   3.7102399e+00
   2.0247676e+00
  -1.5855753e-01
  -9.7794563e-01
  -1.1755146e+00
  -1.1053977e+00
  -1.2072772e+00
  -9.0868175e-01
  -1.5597826e+00
  -1.8694173e+00
  -1.7936060e+00
  -2.9184184e+00
  -2.8171611e+00
  -2.5836360e+00
  -2.1445005e+00
  -1.5139289e+00
  -8.2089406e-01
  -1.6981950e-01
   3.2409441e-01
   7.9795182e-01
   1.4058735e+00
  -5.0739411e-02
  -4.8024622e-01
   9.0365052e-02
  -5.1015824e-01
   8.5401946e-01
   3.4012554e+00
   3.9486358e+00
   4.2656722e+00
   2.1867011e+00
   1.9891484e-01
   1.2254290e-01
   1.0810300e+00
   2.8733585e+00
   3.2346396e+00
   3.0417023e+00
   2.5514433e+00
   7.6290804e-01
  -1.4801773e+00
  -1.6272135e+00
  -1.8459289e+00
  -1.8678243e+00
  -2.1714039e+00
  -2.3436964e+00
  -2.7268789e+00
  -2.9191811e+00
  -2.9367712e+00
  -3.1855421e+00
  -3.1289072e+00
  -3.0228312e+00
  -2.7541742e+00
  -2.3181024e+00
  -1.8523920e+00
  -1.5236294e+00
  -1.6008629e+00
  -2.0934720e+00
  -2.2980301e+00
  -1.1633499e+00
  -5.4212826e-01
  -3.4712967e-01
  -2.2836604e+00
   6.8688947e-01
   3.6648679e+00
   4.0674028e+00
   4.0197086e+00
   1.2433985e+00
   1.8855710e-01
  -1.0411000e-01
   1.8965025e+00
   2.1009259e+00
   2.2891614e+00
   1.9231439e+00
   1.7909442e+00
   4.5132181e-01
  -1.8441395e+00
  -1.2526230e+00
  -1.9752636e+00
  -2.0920744e+00
  -2.4576180e+00
  -2.7235246e+00
  -3.0096653e+00
  -3.2137010e+00
  -3.2437561e+00
  -1.6626981e+00
  -1.6034161e+00
  -1.6245928e+00
  -1.6016831e+00
  -1.4940460e+00
  -1.3842628e+00
  -1.4562853e+00
  -1.9788998e+00
  -3.2407926e+00
  -4.4316840e+00
  -2.2512200e+00
  -3.1108787e-01
  -1.6032612e+00
  -3.0199007e+00
   7.4841782e-01
   2.9779497e+00
   3.2214232e+00
   3.4187926e+00
   5.4672133e-01
   2.7558985e-01
  -8.2573844e-02
   2.0081515e+00
   1.4231946e+00
   1.1821737e+00
   5.9923608e-02
   1.5269636e+00
   9.2822898e-01
  -1.6237954e+00
  -1.3708892e-01
  -1.3342964e+00
  -1.3163720e+00
  -1.4793690e+00
  -1.6122021e+00
  -1.7711826e+00
  -1.8601344e+00
  -1.8111770e+00
  -1.5772073e-01
   1.2639476e-01
   2.8480783e-01
   2.9775494e-01
   2.5254628e-01
   1.7459751e-01
  -8.1357648e-03
  -4.7214482e-01
  -1.9924507e+00
  -4.0393152e+00
  -3.1184720e+00
  -1.8145423e+00
  -2.8872129e+00
  -2.3543658e+00
  -1.2987050e-01
   8.3478149e-01
   1.0546615e+00
   1.4064875e+00
   4.3714572e-01
   4.0687613e-01
   1.6813686e-01
   1.7865205e+00
   2.4628252e+00
   1.0012392e-01
  -1.6613241e+00
   2.6494030e+00
   1.9930580e+00
  -9.2696483e-01
   6.9713070e-02
   2.1182780e-01
   4.4206320e-02
  -1.2976574e-02
  -1.2322313e-01
  -2.8167984e-01
  -3.8224988e-01
  -3.8128473e-01
  -3.8415527e-01
   9.3653597e-02
   7.6909643e-01
   1.2913232e+00
   1.4571471e+00
   1.4012597e+00
   1.1784537e+00
   7.1071327e-01
  -1.1946688e+00
  -3.8445373e+00
  -4.4311304e+00
  -4.6126280e+00
  -2.6929278e+00
  -2.3742065e+00
  -1.7507148e+00
  -1.0763726e+00
   3.3853525e-01
   1.0690768e+00
   6.9785511e-01
   3.2528764e-01
   3.8182867e-01
   3.6613035e-01
   2.6444197e+00
  -8.1378773e-02
  -2.0638881e+00
   1.8618343e+00
   2.4287922e+00
  -2.3017605e-01
   1.4349272e-02
   5.9263939e-01
   4.9740049e-01
   2.2700576e-01
   1.9300526e-02
  -2.3161432e-01
  -4.1232145e-01
  -5.2167594e-01
  -2.1208963e+00
  -1.9098274e+00
  -1.2369883e+00
  -2.4431357e-01
   5.3716058e-01
   1.0822833e+00
   1.4706155e+00
   1.5091952e+00
  -7.0646435e-02
  -4.1418581e+00
  -3.1285572e+00
  -3.1872463e+00
  -2.7368402e+00
  -3.2910688e+00
  -3.4513450e+00
  -2.2891839e+00
  -2.8731373e-01
   5.8063662e-01
   5.9164286e-01
   2.4288988e-01
   4.3525928e-01
  -1.5483156e-01
   1.0230715e+00
   2.8368068e-01
  -1.7674325e+00
   1.2031943e+00
   2.0457108e+00
   4.9010357e-01
   6.9186695e-02
   1.1963787e+00
   1.8894292e-01
  -3.6540541e-01
  -7.9385424e-01
  -1.2744211e+00
  -1.6744074e+00
  -1.9869220e+00
  -3.5451498e+00
  -3.7997026e+00
  -3.7404923e+00
  -3.1511927e+00
  -2.2250242e+00
  -1.2152561e+00
   1.1860009e-01
   1.1507974e+00
   1.2148603e+00
  -4.5664611e+00
  -2.7140052e+00
  -2.4309959e+00
  -2.9180191e+00
  -3.8209679e+00
  -4.4911008e+00
  -3.4600818e+00
  -3.1395438e-01
   1.1982754e-01
   3.6072987e-01
   2.8867847e-01
   1.7899473e-01
  -1.2429437e-01
   3.5865939e-01
   5.7080472e-01
  -1.4888397e+00
   1.3127511e-02
   1.5392272e+00
   4.0064192e-01
   2.4837567e-01
   1.7780766e+00
  -1.2163632e-01
  -7.2899872e-01
  -1.2493184e+00
  -1.9087679e+00
  -2.5315328e+00
  -3.0917659e+00
  -3.5290394e+00
  -4.0425782e+00
  -4.3627934e+00
  -4.3623171e+00
  -3.9018440e+00
  -3.1640351e+00
  -1.7581433e+00
  -1.0640818e-01
  -1.1314122e-01
  -3.1543841e+00
  -2.3832710e+00
  -2.1192989e+00
  -2.5350966e+00
  -3.4448695e+00
  -4.6728935e+00
  -4.9274569e+00
  -5.1610792e-01
  -3.9347172e-01
   1.0309350e-01
   1.8340433e-01
  -1.0640023e+00
  -7.3851064e-02
  -9.4340926e-01
   2.5231445e-01
  -9.3308389e-01
  -6.6293216e-01
   1.0631192e+00
   8.1262207e-01
   8.7434161e-01
   2.0105240e+00
  -7.1089409e-02
  -5.2003741e-01
  -8.3762646e-01
  -1.4711187e+00
  -2.1668153e+00
  -2.8672738e+00
  -2.7845478e+00
  -3.3614733e+00
  -3.7154498e+00
  -3.8706832e+00
  -3.8642702e+00
  -3.8109536e+00
  -3.0657806e+00
  -7.3741275e-01
   1.9253418e-03
  -1.3742770e+00
  -1.5757878e+00
  -1.2187611e+00
  -1.7675910e+00
  -2.8565230e+00
  -4.4728189e+00
  -6.2247958e+00
  -2.2037592e+00
  -1.0968981e+00
  -8.0324031e-02
  -9.6799773e-01
  -3.6852140e+00
   1.9783176e-02
  -1.0560825e+00
  -9.5910245e-01
  -7.6228243e-01
  -6.0397983e-01
   8.3430648e-01
   8.2383096e-01
   1.2190804e+00
   1.8463994e+00
   3.6917038e-02
  -2.3845467e-01
  -2.7860433e-01
  -6.4177400e-01
  -1.2886480e+00
  -2.0307007e+00
  -1.7827879e+00
  -2.4205277e+00
  -2.7431576e+00
  -2.8185115e+00
  -2.9654288e+00
  -3.4837115e+00
  -3.6743987e+00
  -3.7111157e-01
   8.2955843e-01
  -2.8036830e-01
  -9.5159662e-01
  -4.6078727e-01
  -9.0989143e-01
  -2.1140113e+00
  -3.9348683e+00
  -6.5627637e+00
  -3.1778221e+00
  -1.9650687e+00
  -6.8808395e-01
  -2.2352171e+00
  -4.1835675e+00
  -1.3232570e+00
  -1.6845752e+00
  -1.6318512e+00
  -2.9630587e-01
  -3.3142874e-01
   2.1804242e-01
   1.0785323e+00
   8.6975795e-01
   7.5400871e-01
   9.7287528e-02
   5.7908345e-02
   3.9134517e-01
   3.7119356e-01
  -1.4109087e-01
  -9.1681701e-01
  -7.3195022e-01
  -1.5975083e+00
  -2.0514901e+00
  -2.1297114e+00
  -2.3969214e+00
  -3.2938635e+00
  -3.9464717e+00
   6.3463561e-02
   1.7155833e+00
   1.9205405e-01
  -4.6654472e-01
  -1.6690744e-03
  -2.7850148e-01
  -1.3232312e+00
  -3.1981738e+00
  -5.7570829e+00
  -3.7496858e+00
  -1.3620859e+00
  -1.9641981e+00
  -1.6716136e+00
  -4.7393584e+00
  -2.1913908e+00
  -2.7298422e+00
  -1.8860743e+00
   5.2150643e-01
   6.0135490e-01
   2.4431045e+00
   2.2143579e+00
   9.9750334e-01
  -4.4646531e-01
  -5.9979540e-01
   3.5337111e-01
   1.0479031e+00
   1.3405178e+00
   1.1184731e+00
   3.3899647e-01
   3.7439160e-02
  -9.8574048e-01
  -1.5266463e+00
  -1.6303163e+00
  -2.0246167e+00
  -3.3466890e+00
  -3.7908924e+00
  -1.7304826e-01
   1.1151656e+00
   3.4657291e-01
  -1.0285003e-01
   2.4529086e-01
   1.4103480e-01
  -6.2135726e-01
  -2.3687258e+00
  -5.2221451e+00
  -5.3913536e+00
  -8.7666333e-01
  -2.9185743e+00
  -1.1655353e+00
  -3.6182430e+00
  -1.9535301e+00
  -3.1501443e+00
  -6.2896478e-01
   9.4862771e-01
   1.0141233e+00
   2.6113427e+00
   1.9256003e+00
   7.9698253e-01
   1.4828393e-01
  -1.0519136e+00
   6.1463022e-01
   1.5475171e+00
   2.0007334e+00
   1.9757646e+00
   1.2553455e+00
   7.7314144e-01
  -3.3069959e-01
  -8.3201194e-01
  -8.1143063e-01
  -1.2484875e+00
  -3.2001631e+00
  -2.7096102e+00
   3.5723087e-01
   1.2528753e+00
   3.5143623e-01
   5.9908736e-01
   7.4060380e-01
   5.8294702e-01
   2.0353439e-01
  -1.0947144e+00
  -4.2222309e+00
  -4.6784248e+00
  -1.3476068e+00
  -1.7706809e+00
  -1.0165602e+00
  -9.5085794e-01
  -2.1312830e+00
  -1.6908631e+00
  -1.0744613e-02
  -1.2135265e+00
  -2.6418799e-01
  -1.4517730e+00
   1.0801113e+00
   6.4977780e-02
   1.1251069e-01
  -6.4708656e-01
   8.6826771e-02
   1.3187481e+00
   2.3581588e+00
   2.6001489e+00
   2.0166500e+00
   1.1588389e+00
   8.2848695e-02
  -3.1287950e-01
  -1.0366875e-01
  -4.2833749e-01
  -2.7731390e+00
  -1.0037482e+00
   1.0426717e+00
   1.4666146e+00
   2.4859829e-01
   7.0671997e-02
   1.0614383e+00
   1.0228976e+00
   8.1460413e-01
  -2.5502324e-02
  -3.0992463e+00
  -3.8337548e+00
  -8.8630235e-01
  -9.2131388e-01
  -7.6710918e-01
   5.2999699e-01
  -1.5635760e+00
  -7.5564483e-01
  -1.2125111e+00
  -2.0595369e+00
  -1.2450822e+00
  -1.3469360e+00
   1.5375015e-01
  -8.7774885e-02
  -2.0358407e-01
  -5.5907506e-01
  -5.4113942e-01
   2.5640705e-01
   1.8415198e+00
   2.5035548e+00
   2.2388496e+00
   1.3825002e+00
   5.1530325e-01
   2.5671455e-01
   7.2291827e-01
   6.0950530e-01
  -1.7628417e+00
   3.7990445e-01
   1.4404337e+00
   1.4358847e+00
   2.5823998e-01
  -7.0057221e-02
   3.2770865e-02
   1.2259420e+00
   1.5471222e+00
   1.0194871e+00
  -1.4141623e+00
  -2.8488784e+00
  -1.3627712e+00
  -1.0173130e+00
  -3.9600250e-01
  -2.4598777e-01
  -9.0529931e-01
  -4.7868231e-01
  -1.9310176e+00
  -1.4126976e+00
  -1.6568831e+00
  -2.1697554e-01
   1.0708462e+00
  -5.6703943e-01
  -3.0332047e-01
  -4.6328497e-01
  -3.1208187e-01
  -1.1775700e+00
   3.9743793e-01
   1.5744411e+00
   1.9640669e+00
   1.6579126e+00
   9.1569214e-01
   7.2829765e-01
   1.3868332e+00
   1.5436835e+00
  -8.3630316e-02
   9.0387768e-01
   2.4401677e-01
   4.8135376e-01
  -4.4363715e-02
  -1.1958262e-01
  -5.1753879e-02
   2.5136694e-01
   1.0912355e+00
   1.3353018e+00
   7.6465853e-02
  -1.7446770e+00
  -5.8775771e-01
  -6.5530574e-01
  -3.5234455e-01
  -4.6863863e-01
  -2.4143067e-01
  -4.8728064e-01
  -1.5918881e+00
  -5.0855672e-01
  -5.1814044e-01
  -7.1549511e-01
   2.2082777e-01
   1.5727623e-01
   9.8200366e-02
  -8.1846964e-01
  -8.7148164e-01
  -1.4762092e+00
  -3.2349426e-01
   1.2350046e+00
   1.9694593e+00
   1.7041717e+00
   1.0352929e+00
   9.4418503e-01
   1.8168531e+00
   2.2908566e+00
   1.3479514e+00
   5.8174204e-01
  -2.2616747e-01
  -1.6164715e-01
  -3.2880889e-01
  -3.8342041e-01
  -4.6873612e-02
   9.7603816e-02
   3.6277581e-02
   8.7103678e-01
   7.1016911e-01
  -5.5439860e-01
  -6.2550299e-02
   1.1969983e-02
  -3.8141721e-01
   9.1197897e-02
   7.3594763e-02
  -2.7257219e-01
  -1.2373733e+00
   5.3771035e-02
   1.5257916e-01
  -1.7078266e-01
  -2.2147498e-01
  -5.4890744e-02
   2.6057303e-01
   4.3947560e-01
  -2.5665474e+00
  -2.0724177e+00
  -1.2938386e+00
   5.9542447e-01
   1.7358122e+00
   1.3437940e+00
   7.6866470e-01
   2.9666001e-01
   1.4589498e+00
   2.4067923e+00
   1.2577634e+00
   4.2160094e-01
  -3.6842226e-01
  -4.2811939e-01
  -6.0717273e-01
  -5.0900582e-01
  -1.9921201e-01
  -3.0941674e-01
  -4.5724338e-01
   4.2530158e-01
   7.7412951e-01
   8.1078236e-01
  -1.6570389e-01
  -2.6049620e-01
   1.0583249e-01
   6.1995432e-02
  -3.1727242e-01
   1.3336099e-01
  -7.2217959e-01
   2.0215175e-01
  -1.0002342e-01
   1.3420355e-01
   3.7411737e-01
   4.0184631e-01
  -2.8863746e-01
   1.9096901e-01
  -1.1480716e+00
  -2.9102437e+00
  -2.1003222e+00
  -7.1311389e-01
   9.7133613e-01
   9.5508009e-01
  -3.7700230e-01
  -3.0819912e+00
  -8.2325661e-01
   9.2839426e-01
   8.7506294e-01
   8.6102597e-02
  -4.3187448e-01
  -7.5374788e-01
  -8.6909550e-01
  -5.6166399e-01
  -2.2522056e-01
  -5.3562051e-01
  -1.4617155e-01
  -1.2535490e+00
  -4.5388252e-02
   6.4580321e-02
  -1.5969300e-01
   4.6434617e-01
  -2.9720134e-01
  -2.3719504e-01
  -5.4227883e-01
  -7.0018331e-03
  -2.0398118e-01
  -6.7066532e-01
  -6.5095896e-01
  -9.8361678e-02
  -2.6156943e-02
   3.8104373e-01
   2.9731560e-01
   1.1681312e-01
  -2.8682439e+00
  -3.2345548e+00
  -3.9314759e-01
  -2.8706887e+00
  -3.5629791e-01
  -6.5227315e-02
   6.7141936e-01
   1.1810430e+00
  -4.5752689e-01
   4.4004343e-01
   1.4743198e+00
  -3.0809572e-01
  -8.2630243e-01
  -1.0636648e+00
  -1.1667417e+00
  -6.8756173e-01
  -4.3140791e-02
  -5.2698535e-01
   5.3222262e-01
   5.1422685e-01
  -6.6286546e-01
  -8.8655670e-01
  -9.6289092e-01
   8.0475219e-02
   7.9997244e-01
  -3.2466340e-01
  -6.8197697e-01
  -2.7625575e-01
  -2.1910512e-01
  -6.2102509e-01
  -8.4483518e-01
   5.5894244e-02
  -4.4842219e-01
  -5.5584865e-01
  -5.5521554e-01
  -3.5369635e-01
   1.7492861e-01
  -1.2392370e+00
  -1.6361256e+00
  -1.5116085e+00
  -2.7741230e+00
   2.5989777e-01
  -1.5770052e-01
  -3.6628711e-01
   1.5925062e-01
   5.7192147e-02
  -7.3635018e-01
  -1.2179931e+00
  -1.6499759e+00
  -1.4106121e+00
  -7.9803878e-01
  -8.8517684e-01
  -1.3123497e+00
  -9.1074854e-01
  -2.7676642e-01
   4.1113582e-01
   5.5211300e-01
  -8.2002962e-01
  -1.2538126e+00
  -1.1405881e-02
   5.8364618e-01
  -2.4216670e-01
  -1.3390726e-01
   3.6857307e-02
  -2.3937748e-01
  -3.6583498e-01
  -7.4268460e-02
   1.1335963e-01
   1.0311170e-01
  -1.4385182e-01
  -6.5025702e-02
   3.9298651e-01
   2.3611340e-01
   2.0752408e-01
   7.5847320e-02
  -8.1499983e-03
   3.5059240e-01
