   1.9668438e-02
   6.6046385e-03
  -3.8366166e-03
  -1.2943269e-02
  -0.0000000e+00
  -0.0000000e+00
  -0.0000000e+00
  -0.0000000e+00
  -0.0000000e+00
  -0.0000000e+00
   0.0000000e+00
   0.0000000e+00
   3.3372886e-02
   1.9972107e-02
   1.4651394e-02
   1.3523886e-03
   0.0000000e+00
   0.0000000e+00
   0.0000000e+00
   0.0000000e+00
   0.0000000e+00
   0.0000000e+00
   0.0000000e+00
   0.0000000e+00
   0.0000000e+00
   0.0000000e+00
   0.0000000e+00
   0.0000000e+00
   0.0000000e+00
   0.0000000e+00
   0.0000000e+00
   0.0000000e+00
   0.0000000e+00
   0.0000000e+00
   0.0000000e+00
   5.6135759e-02
   3.3973504e-03
  -3.1743001e-03
  -7.2016637e-03
  -1.3838860e-02
  -1.8861078e-02
  -1.7046815e-02
  -1.4558259e-02
  -1.3120091e-02
  -1.2298536e-02
  -1.8537347e-02
  -2.1490922e-02
   1.5302326e-02
   7.9344958e-05
   7.9935351e-03
   1.0751004e-02
   1.2277571e-02
   1.0309094e-02
   4.5719537e-03
   4.5237156e-04
  -6.8065130e-04
   4.4317129e-04
  -5.7805041e-03
  -5.2420737e-03
   2.0134893e-02
   4.5544617e-02
   1.4517159e-02
   0.0000000e+00
   0.0000000e+00
   0.0000000e+00
   0.0000000e+00
   0.0000000e+00
   0.0000000e+00
   8.8816032e-03
   1.3029502e-02
   3.5567850e-02
   1.1662222e-02
  -1.6571138e-02
  -1.1016235e-02
  -1.2160119e-02
  -2.3251364e-02
  -2.8754679e-02
  -3.0457545e-02
  -2.8148102e-02
  -2.5339637e-02
  -2.6493145e-02
  -3.1176116e-02
  -3.3631576e-02
  -9.2035616e-03
  -4.0590600e-04
   6.5626641e-04
   1.4422154e-03
   2.5130436e-04
  -3.5803306e-03
  -9.1794655e-03
  -1.6346015e-02
  -2.1130212e-02
  -2.2127835e-02
  -1.7792631e-02
  -8.0532776e-03
   3.1908525e-03
   1.0441715e-02
   7.9477056e-03
   4.5050795e-03
  -1.0865086e-02
  -2.8432828e-02
  -3.8674799e-02
  -3.3638642e-02
  -2.5994816e-02
  -1.8856864e-02
  -1.0500958e-02
  -6.9125337e-03
  -1.3500359e-02
  -1.4559066e-02
  -6.3866358e-03
  -1.2461820e-02
  -2.8639462e-02
  -3.4812219e-02
  -3.5710905e-02
  -3.3794347e-02
  -3.2275304e-02
  -3.3333592e-02
  -3.9628740e-02
  -5.6649589e-02
   0.0000000e+00
   2.6829571e-03
  -4.7394456e-03
  -7.0780963e-03
  -1.2367246e-02
  -2.0121576e-02
  -2.7286993e-02
  -3.4048952e-02
  -3.9454751e-02
  -3.8200308e-02
  -3.0892951e-02
  -1.8285668e-02
  -5.6357826e-03
  -5.7493970e-03
  -1.2690371e-03
  -4.3115760e-03
  -3.9146367e-02
  -5.7859100e-02
  -5.4697756e-02
  -4.5522153e-02
  -4.3325773e-02
  -2.2932775e-02
  -1.6835334e-02
  -1.8426172e-02
  -1.7891509e-02
  -3.1932518e-03
  -2.7084532e-03
  -1.5833439e-02
  -2.9748734e-02
  -3.3571199e-02
  -3.4019761e-02
  -3.2135203e-02
  -3.0911887e-02
  -2.8646717e-02
  -2.8107364e-02
  -5.2856858e-02
   0.0000000e+00
  -8.4217880e-03
  -9.8588867e-03
  -1.4025188e-02
  -2.1234317e-02
  -2.7983475e-02
  -3.2502729e-02
  -3.6381148e-02
  -3.7739597e-02
  -3.2518674e-02
  -2.4253832e-02
  -1.4454504e-02
  -2.3348203e-03
  -1.9959374e-03
   1.1257540e-02
  -1.3323963e-02
  -4.7991462e-02
  -5.2816750e-02
  -4.0287912e-02
  -3.6816062e-02
  -3.6025657e-02
  -4.9973335e-03
  -8.0534322e-03
  -1.0043931e-02
  -1.4878734e-02
  -1.9809506e-03
  -1.0055183e-02
  -1.8714983e-02
  -2.5035388e-02
  -2.6753572e-02
  -2.7420958e-02
  -2.6432387e-02
  -2.4099562e-02
  -1.9782810e-02
  -1.1210392e-02
  -1.7214547e-02
  -0.0000000e+00
  -1.2251676e-02
  -1.1327002e-02
  -1.8627279e-02
  -2.4744106e-02
  -2.7404761e-02
  -2.4987986e-02
  -2.0876038e-02
  -1.8419416e-02
  -1.1511111e-02
  -5.9910681e-03
  -2.0449847e-03
   6.3354236e-03
   7.0472802e-03
   3.8925339e-04
  -2.5652959e-02
  -2.6243299e-02
   0.0000000e+00
  -0.0000000e+00
  -0.0000000e+00
   0.0000000e+00
   0.0000000e+00
   4.3154543e-03
  -4.7601250e-03
  -7.3807290e-03
  -4.9437918e-03
  -1.1906894e-02
  -1.3677168e-02
  -1.5922008e-02
  -1.7083419e-02
  -1.9210497e-02
  -1.9672556e-02
  -1.6093632e-02
  -1.1104247e-02
   4.9311263e-03
   1.8406541e-02
   0.0000000e+00
  -1.0656832e-02
  -1.5887514e-02
  -2.4181843e-02
  -2.5146181e-02
  -2.0305242e-02
  -8.4846094e-03
   6.0669761e-03
  -1.4525198e-03
   2.6038846e-03
  -4.8806388e-03
  -5.1166918e-03
  -5.6190405e-04
   3.9975450e-05
  -7.4401526e-03
  -8.3132489e-03
   1.1909476e-02
   0.0000000e+00
   0.0000000e+00
   0.0000000e+00
   0.0000000e+00
   0.0000000e+00
   9.4654756e-03
  -4.1290051e-03
  -3.6636589e-03
  -5.2039716e-03
  -4.0011969e-03
  -2.9244976e-03
  -4.2259297e-03
  -6.8060174e-03
  -1.1237739e-02
  -1.1836929e-02
  -8.7708822e-03
  -2.7370582e-03
   1.8411368e-02
   3.9062524e-02
   0.0000000e+00
  -0.0000000e+00
  -2.2966640e-02
  -3.2127477e-02
  -2.1925369e-02
  -7.2067427e-03
   1.3274152e-02
   4.6354922e-02
   0.0000000e+00
  -4.4523330e-03
  -1.1359261e-02
  -1.0622283e-02
  -2.8985079e-03
   2.7017738e-03
   7.1568983e-03
   1.8096590e-02
   4.3330841e-02
   0.0000000e+00
   0.0000000e+00
   0.0000000e+00
   0.0000000e+00
   0.0000000e+00
   9.9454401e-03
  -3.2030942e-03
  -2.1602036e-03
   1.6524526e-03
   5.5064554e-03
   5.7461429e-03
   3.4071822e-03
  -1.6807904e-03
  -6.9377134e-03
  -7.6409108e-03
  -4.7197798e-03
   3.1100218e-03
   2.5915338e-02
   4.1657403e-02
   0.0000000e+00
   0.0000000e+00
  -2.8591427e-02
  -3.6127236e-02
  -1.4208909e-02
   3.2626186e-03
   3.1639189e-02
   6.9159472e-02
   0.0000000e+00
  -0.0000000e+00
  -8.4460992e-03
  -8.8035529e-03
   3.7794970e-03
   1.3423995e-02
   2.1985579e-02
   3.3614419e-02
   5.4528892e-02
   0.0000000e+00
   0.0000000e+00
   0.0000000e+00
   0.0000000e+00
   0.0000000e+00
   1.4169957e-02
   1.0573947e-03
   1.1254168e-03
   1.0358606e-02
   1.3249672e-02
   1.1777587e-02
   5.6606475e-03
  -2.6579741e-03
  -6.7303199e-03
  -6.1625321e-03
  -1.2133681e-03
   9.8708216e-03
   3.3465635e-02
   5.1096837e-02
   0.0000000e+00
   0.0000000e+00
  -0.0000000e+00
  -4.0341402e-02
  -5.7031135e-03
   1.3183311e-02
   5.0871916e-02
   6.6953735e-02
   0.0000000e+00
  -0.0000000e+00
  -5.2592680e-03
  -6.1783865e-03
   1.4913159e-02
   2.6928587e-02
   3.6305897e-02
   4.5572087e-02
   5.3060375e-02
   2.5344744e-02
   1.2549390e-02
   0.0000000e+00
   0.0000000e+00
   2.5423003e-02
   1.0202255e-02
   8.6369468e-03
   7.4992618e-03
   1.3312160e-02
   1.4256145e-02
   9.8299608e-03
   1.7774120e-04
  -7.2169835e-03
  -8.2803648e-03
  -5.0397143e-03
   2.5623553e-03
   1.6637046e-02
   4.2099223e-02
   4.4397617e-02
   0.0000000e+00
   0.0000000e+00
   0.0000000e+00
  -3.6695110e-02
  -7.5261621e-04
   2.1237809e-02
   6.6028006e-02
   9.0433158e-02
   0.0000000e+00
  -0.0000000e+00
  -1.0477148e-02
   8.5400909e-03
   2.4209332e-02
   3.7129302e-02
   4.8201654e-02
   5.3492855e-02
   4.9453791e-02
   2.4984727e-02
   7.7808645e-03
   0.0000000e+00
   0.0000000e+00
   2.4292368e-02
   1.1609282e-02
   1.1801713e-02
   1.0046422e-02
   1.0179345e-02
   8.4799137e-03
   1.1724599e-03
  -7.4672755e-03
  -9.6198702e-03
  -6.4473678e-03
  -1.1147252e-04
   1.0005803e-02
   2.6746357e-02
   5.0619572e-02
   4.1401067e-02
   0.0000000e+00
   0.0000000e+00
   0.0000000e+00
  -2.3876976e-02
   6.8849991e-03
   3.3373393e-02
   7.3506959e-02
   7.9435056e-02
   0.0000000e+00
  -0.0000000e+00
  -1.5190388e-02
   2.8969461e-02
   3.5028744e-02
   4.9741823e-02
   6.1951138e-02
   5.8387287e-02
   4.4047594e-02
   2.1842780e-02
   6.8520874e-03
   1.0868667e-02
   7.5885774e-03
   2.1713099e-02
   1.1950363e-02
   7.5655147e-03
   7.5081252e-03
   1.9397031e-03
  -7.2946993e-04
  -6.3795652e-03
  -8.8357804e-03
  -5.9428229e-03
  -1.0042242e-04
   7.4287811e-03
   1.8260514e-02
   3.5322629e-02
   5.4517239e-02
   0.0000000e+00
   0.0000000e+00
   0.0000000e+00
   0.0000000e+00
  -6.5385822e-03
   1.9151021e-02
   4.4540860e-02
   6.6932760e-02
   5.8316711e-02
   0.0000000e+00
   0.0000000e+00
  -0.0000000e+00
   4.2116812e-02
   4.3410353e-02
   5.8023851e-02
   6.6689417e-02
   5.2727707e-02
   3.2716170e-02
   1.4086098e-02
   5.7021026e-03
   5.9949006e-03
   2.2016884e-03
   1.4219401e-02
   3.3648892e-03
  -1.2994527e-03
   5.1659334e-04
  -6.4423908e-03
  -7.2362814e-03
  -8.1779044e-03
  -5.8386656e-03
  -1.7769437e-04
   6.6563622e-03
   1.4122183e-02
   2.3737429e-02
   3.6994483e-02
   4.0582001e-02
   0.0000000e+00
   0.0000000e+00
   0.0000000e+00
   0.0000000e+00
   1.0560512e-02
   2.9519077e-02
   4.7075499e-02
   5.4168105e-02
   4.3477640e-02
   0.0000000e+00
   0.0000000e+00
   0.0000000e+00
   4.3591246e-02
   4.5360934e-02
   5.5924378e-02
   5.5782285e-02
   3.3790134e-02
   1.4022913e-02
   1.8157461e-03
  -1.2788974e-03
  -2.3313416e-03
  -1.3683527e-04
   3.1144889e-03
  -7.4115922e-03
  -9.6793929e-03
  -7.6092705e-03
  -1.3892334e-02
  -1.2467525e-02
  -9.8502543e-03
  -5.2737175e-03
   2.0248785e-03
   9.7392211e-03
   1.7333563e-02
   2.4500597e-02
   3.0841457e-02
   3.1565145e-02
   0.0000000e+00
   0.0000000e+00
   0.0000000e+00
   0.0000000e+00
   0.0000000e+00
   3.4817964e-02
   4.2485368e-02
   3.9311562e-02
   2.6675420e-02
   0.0000000e+00
   0.0000000e+00
   0.0000000e+00
   4.1117523e-02
   4.0577494e-02
   4.2657588e-02
   3.3889741e-02
   9.1720233e-03
  -6.4469380e-03
  -1.1233060e-02
  -1.0953011e-02
  -1.1359725e-02
  -1.0190690e-02
  -1.0390936e-02
  -1.5642559e-02
  -1.6008455e-02
  -1.5023176e-02
  -2.3308447e-02
  -2.1813629e-02
  -1.9062027e-02
  -1.4303572e-02
  -7.1005695e-03
   3.2941368e-04
   6.6556721e-03
   1.0338806e-02
   1.1585062e-02
   1.0004535e-02
   0.0000000e+00
   0.0000000e+00
   0.0000000e+00
   0.0000000e+00
   0.0000000e+00
   3.6213893e-02
   3.8281012e-02
   2.9531226e-02
   1.4671412e-02
   0.0000000e+00
   0.0000000e+00
   0.0000000e+00
   3.0353520e-02
   3.0753456e-02
   2.6278714e-02
   1.6599573e-02
  -6.1197141e-03
  -1.6329434e-02
  -1.5104467e-02
  -1.5491439e-02
  -1.6870864e-02
  -1.8560849e-02
  -2.0192366e-02
  -2.3340307e-02
  -2.4094502e-02
  -2.3926729e-02
  -2.7163960e-02
  -2.6670046e-02
  -2.5498381e-02
  -2.2576567e-02
  -1.7904762e-02
  -1.3639444e-02
  -1.2193044e-02
  -1.6342258e-02
  -2.0591160e-02
  -1.7936122e-02
   0.0000000e+00
   0.0000000e+00
   0.0000000e+00
   0.0000000e+00
   3.6093668e-02
   3.4765117e-02
   3.5595659e-02
   2.4016323e-02
   0.0000000e+00
   0.0000000e+00
   0.0000000e+00
   0.0000000e+00
   1.6749002e-02
   1.9082230e-02
   1.3771506e-02
   1.2236650e-02
  -9.3334289e-03
  -1.5709091e-02
  -1.1762567e-02
  -1.5896054e-02
  -1.7893836e-02
  -2.1146778e-02
  -2.3927007e-02
  -2.7157040e-02
  -2.8350744e-02
  -2.7822742e-02
  -1.3918106e-02
  -1.3929718e-02
  -1.4232267e-02
  -1.3778368e-02
  -1.2639554e-02
  -1.2154445e-02
  -1.4594238e-02
  -2.4131608e-02
  -3.6136072e-02
  -3.3258866e-02
   0.0000000e+00
   0.0000000e+00
   0.0000000e+00
  -1.1596854e-02
   2.6332126e-02
   2.4332530e-02
   2.6449418e-02
   1.6716154e-02
   0.0000000e+00
   0.0000000e+00
   0.0000000e+00
   0.0000000e+00
   9.0965357e-03
   5.5345151e-03
   2.5567936e-03
   2.0326968e-02
  -4.9129639e-03
  -1.3746161e-02
  -1.1236496e-02
  -1.1843575e-02
  -1.0559518e-02
  -1.2498706e-02
  -1.4477490e-02
  -1.6382964e-02
  -1.6548211e-02
  -1.5176515e-02
  -1.5889752e-03
   9.9513074e-04
   1.8187534e-03
   1.7732867e-03
   1.3417815e-03
   1.8720821e-04
  -2.7655954e-03
  -1.3783290e-02
  -3.5022005e-02
  -3.9137988e-02
   0.0000000e+00
   0.0000000e+00
  -0.0000000e+00
  -1.1998558e-02
   7.1836459e-03
   5.9624704e-03
   0.0000000e+00
   0.0000000e+00
   0.0000000e+00
   0.0000000e+00
   0.0000000e+00
   0.0000000e+00
   1.6311066e-02
  -7.0953729e-03
  -2.2432518e-02
   4.6536049e-02
   4.9899424e-03
  -9.1383088e-03
   0.0000000e+00
  -1.0734939e-03
  -1.0803250e-04
  -1.1606472e-03
  -2.9893486e-03
  -4.8593626e-03
  -5.7999792e-03
  -4.6150730e-03
  -7.0782565e-03
   8.9513173e-04
   7.7987574e-03
   1.1504670e-02
   1.2499941e-02
   1.1646819e-02
   9.1215484e-03
  -2.4863882e-03
  -4.0877685e-02
  -4.4749532e-02
   0.0000000e+00
   0.0000000e+00
  -0.0000000e+00
  -2.2609148e-02
  -1.2328917e-02
  -6.4687878e-03
   0.0000000e+00
   0.0000000e+00
   0.0000000e+00
   0.0000000e+00
   0.0000000e+00
   0.0000000e+00
   0.0000000e+00
  -1.2577447e-02
  -2.0471981e-02
   4.9080111e-02
   1.1448734e-02
  -4.9325768e-03
   0.0000000e+00
   4.8617742e-03
  -2.3346115e-04
  -2.1856122e-03
  -5.0323792e-03
  -8.1087984e-03
  -1.0705959e-02
  -1.1031698e-02
  -3.3508170e-02
  -2.6057463e-02
  -1.3370696e-02
  -1.7279647e-03
   5.9142672e-03
   1.0941079e-02
   1.4422343e-02
   1.2090163e-02
  -4.3213680e-02
  -4.1846052e-02
  -2.6722089e-02
  -2.6987709e-02
  -3.4044404e-02
  -3.8253058e-02
  -2.9180327e-02
  -1.1781196e-02
   0.0000000e+00
   0.0000000e+00
   0.0000000e+00
   0.0000000e+00
   0.0000000e+00
   0.0000000e+00
   0.0000000e+00
  -1.2045093e-02
  -1.7849451e-02
   3.5907215e-02
   1.4703730e-02
  -2.6210040e-03
   0.0000000e+00
   6.1888610e-03
  -7.2930539e-03
  -1.1203171e-02
  -1.6591482e-02
  -2.2665175e-02
  -2.8942557e-02
  -3.3297587e-02
  -5.7692219e-02
  -5.9050377e-02
  -5.1667724e-02
  -3.7280686e-02
  -2.2085682e-02
  -8.2079154e-03
   4.6389224e-03
   1.3247683e-02
  -3.9703622e-02
  -4.9506143e-02
  -3.3352215e-02
  -3.4052864e-02
  -4.0913291e-02
  -4.7989000e-02
  -4.4591885e-02
  -2.1083291e-02
   0.0000000e+00
   0.0000000e+00
   0.0000000e+00
   0.0000000e+00
   0.0000000e+00
   0.0000000e+00
   0.0000000e+00
  -1.1821679e-02
   0.0000000e+00
   0.0000000e+00
   1.3319223e-02
   0.0000000e+00
   0.0000000e+00
   4.6083058e-03
  -1.1623804e-02
  -1.5068895e-02
  -2.2037767e-02
  -3.1319696e-02
  -4.2036474e-02
  -5.1138051e-02
  -6.0225762e-02
  -6.6994593e-02
  -6.7358844e-02
  -6.0008463e-02
  -4.5994833e-02
  -2.9158870e-02
  -8.2215592e-03
   1.5924924e-03
  -5.2740373e-02
  -3.8323238e-02
  -2.8675761e-02
  -3.0540179e-02
  -3.7522495e-02
  -5.0379395e-02
  -6.3004315e-02
  -4.2646800e-02
   0.0000000e+00
   0.0000000e+00
   0.0000000e+00
   0.0000000e+00
   0.0000000e+00
   0.0000000e+00
   0.0000000e+00
  -1.0813348e-02
   0.0000000e+00
   0.0000000e+00
   0.0000000e+00
   0.0000000e+00
   0.0000000e+00
   2.1844718e-03
  -1.0590250e-02
  -1.1097196e-02
  -1.5982477e-02
  -2.5800703e-02
  -3.8208481e-02
  -5.0096717e-02
  -4.7992814e-02
  -5.5150945e-02
  -5.6669060e-02
  -5.4272022e-02
  -4.8119269e-02
  -3.8349763e-02
  -1.5551906e-02
  -1.1953855e-03
  -9.7410186e-03
  -2.4036216e-02
  -1.6658386e-02
  -1.8196190e-02
  -2.7864531e-02
  -4.6613231e-02
  -7.6408356e-02
  -9.2753023e-02
   0.0000000e+00
   0.0000000e+00
   0.0000000e+00
   0.0000000e+00
   0.0000000e+00
   0.0000000e+00
  -0.0000000e+00
  -1.1009307e-02
   0.0000000e+00
   0.0000000e+00
   0.0000000e+00
   0.0000000e+00
   0.0000000e+00
  -1.2169995e-03
  -8.7038642e-03
  -7.4582091e-03
  -7.3725516e-03
  -1.4461547e-02
  -2.5441766e-02
  -3.7299007e-02
  -3.0999588e-02
  -3.7469719e-02
  -3.8223632e-02
  -3.6818653e-02
  -3.6938991e-02
  -3.7880059e-02
  -1.8975776e-02
  -2.0494132e-03
   0.0000000e+00
  -1.5173941e-02
  -9.7561562e-03
  -7.9280492e-03
  -1.6301930e-02
  -3.6836032e-02
  -7.3106177e-02
  -9.9447044e-02
   0.0000000e+00
   0.0000000e+00
   0.0000000e+00
   0.0000000e+00
   0.0000000e+00
   0.0000000e+00
  -0.0000000e+00
  -9.3742206e-03
   0.0000000e+00
   0.0000000e+00
   0.0000000e+00
   0.0000000e+00
   0.0000000e+00
  -1.1240394e-02
  -9.4143424e-03
  -1.4799506e-03
   9.4986061e-04
  -1.2231007e-03
  -9.6195294e-03
  -2.0590127e-02
  -1.6922256e-02
  -2.5299435e-02
  -2.6802422e-02
  -2.6814420e-02
  -3.1835739e-02
  -3.9561365e-02
  -2.8308856e-02
   0.0000000e+00
   0.0000000e+00
  -1.1009444e-02
  -8.4770769e-03
  -3.6800655e-03
  -8.0268923e-03
  -2.5416786e-02
  -5.9564829e-02
  -8.8492762e-02
   0.0000000e+00
   0.0000000e+00
   0.0000000e+00
   0.0000000e+00
   0.0000000e+00
   0.0000000e+00
  -0.0000000e+00
  -1.5149370e-02
   0.0000000e+00
   0.0000000e+00
   0.0000000e+00
   0.0000000e+00
   0.0000000e+00
  -2.8392702e-02
  -1.7160827e-02
   4.3751848e-03
   9.1126999e-03
   1.1637297e-02
   6.1737886e-03
  -4.8726848e-03
  -8.5279867e-03
  -1.8394249e-02
  -1.9864732e-02
  -2.0447370e-02
  -3.0426826e-02
  -4.4274520e-02
  -3.6696135e-02
   0.0000000e+00
  -0.0000000e+00
  -7.8090797e-03
  -8.3994726e-03
  -2.0029279e-03
  -3.1512056e-03
  -1.5472435e-02
  -4.7067013e-02
  -8.5426301e-02
   0.0000000e+00
   0.0000000e+00
   0.0000000e+00
  -1.9282988e-02
   0.0000000e+00
   0.0000000e+00
  -3.8414091e-02
  -1.6819921e-02
   0.0000000e+00
   0.0000000e+00
   0.0000000e+00
   0.0000000e+00
   0.0000000e+00
  -0.0000000e+00
  -2.0673502e-02
   8.3035529e-03
   1.8304298e-02
   2.2603773e-02
   1.7884133e-02
   5.5789193e-03
   2.0806881e-04
  -1.1458727e-02
  -1.1059190e-02
  -8.6239800e-03
  -2.3622517e-02
  -4.6097944e-02
  -3.3682634e-02
   0.0000000e+00
   0.0000000e+00
   0.0000000e+00
   8.8892886e-04
   2.3185327e-03
   2.2558172e-03
  -3.9719930e-03
  -2.9955018e-02
  -7.1102835e-02
  -3.2221284e-02
  -9.8585811e-03
  -0.0000000e+00
  -1.2754946e-02
  -1.5508969e-02
  -2.8303543e-02
   0.0000000e+00
   0.0000000e+00
   0.0000000e+00
   0.0000000e+00
   0.0000000e+00
   0.0000000e+00
   0.0000000e+00
  -0.0000000e+00
  -1.8278321e-02
   2.2745749e-04
   2.7061911e-02
   3.9647691e-02
   3.4472737e-02
   1.8582536e-02
   6.6324361e-03
  -6.4677694e-03
  -3.9078202e-03
   3.4099740e-03
  -1.2898511e-02
  -4.6393000e-02
   0.0000000e+00
   0.0000000e+00
   0.0000000e+00
   0.0000000e+00
   0.0000000e+00
   9.3688094e-03
   9.0985047e-03
   4.8422427e-03
  -1.6019179e-02
  -6.2121637e-02
  -2.1212502e-02
  -1.8183828e-02
  -9.2197451e-03
  -1.0410177e-02
  -0.0000000e+00
  -2.8303542e-02
   0.0000000e+00
   0.0000000e+00
   0.0000000e+00
   0.0000000e+00
   0.0000000e+00
   0.0000000e+00
   0.0000000e+00
   0.0000000e+00
  -0.0000000e+00
  -1.6599621e-02
   1.8350104e-02
   4.3808796e-02
   4.5210864e-02
   2.8663012e-02
   1.2931206e-02
   2.1621527e-05
   5.7089343e-03
   1.8380046e-02
   4.8668040e-03
  -3.1366788e-02
   0.0000000e+00
   0.0000000e+00
   0.0000000e+00
   0.0000000e+00
   0.0000000e+00
   1.0052686e-02
   2.1287626e-02
   1.5614329e-02
   7.0097117e-04
  -4.2336226e-02
   0.0000000e+00
  -0.0000000e+00
  -8.7395149e-03
   0.0000000e+00
  -0.0000000e+00
  -1.1198110e-02
  -6.4955527e-03
  -1.5712520e-02
   0.0000000e+00
   0.0000000e+00
   0.0000000e+00
   0.0000000e+00
   0.0000000e+00
   0.0000000e+00
   0.0000000e+00
  -0.0000000e+00
  -1.4593033e-02
   2.3586700e-02
   3.9429151e-02
   3.1578902e-02
   1.9804152e-02
   6.9208746e-03
   1.4247642e-02
   3.0543394e-02
   2.3705877e-02
   5.8746487e-03
   0.0000000e+00
   0.0000000e+00
   0.0000000e+00
   0.0000000e+00
   0.0000000e+00
   0.0000000e+00
   0.0000000e+00
   1.5368581e-02
   1.2296686e-02
  -1.6354423e-02
  -1.7101911e-02
   0.0000000e+00
  -0.0000000e+00
   0.0000000e+00
  -0.0000000e+00
  -8.9078548e-03
  -2.0114194e-03
  -1.5712519e-02
   0.0000000e+00
   0.0000000e+00
   0.0000000e+00
   0.0000000e+00
   0.0000000e+00
   0.0000000e+00
   0.0000000e+00
  -0.0000000e+00
  -4.0241902e-02
   9.4292378e-03
   3.7584268e-02
   3.6569942e-02
   2.4725935e-02
   1.1574492e-02
   1.9996354e-02
   3.8588758e-02
   3.7931024e-02
   3.0782745e-02
   0.0000000e+00
   0.0000000e+00
   0.0000000e+00
   0.0000000e+00
   0.0000000e+00
   0.0000000e+00
  -0.0000000e+00
  -2.3166737e-03
   1.5166500e-02
   2.9072108e-03
  -2.2957639e-02
   0.0000000e+00
   0.0000000e+00
   0.0000000e+00
   0.0000000e+00
  -0.0000000e+00
   0.0000000e+00
   0.0000000e+00
   0.0000000e+00
   0.0000000e+00
   0.0000000e+00
   0.0000000e+00
   0.0000000e+00
   0.0000000e+00
   0.0000000e+00
  -0.0000000e+00
  -6.8447888e-02
  -7.4893665e-03
   3.1894468e-02
   3.8525179e-02
   2.4490155e-02
   6.9649094e-03
   1.0197706e-02
   3.4617078e-02
   4.5687918e-02
   3.5666810e-02
   0.0000000e+00
   0.0000000e+00
   0.0000000e+00
   0.0000000e+00
   0.0000000e+00
   0.0000000e+00
  -0.0000000e+00
  -7.4379523e-03
   1.3968359e-02
   1.8140808e-02
   0.0000000e+00
  -5.7893949e-03
   0.0000000e+00
   0.0000000e+00
   0.0000000e+00
   0.0000000e+00
   0.0000000e+00
   0.0000000e+00
   0.0000000e+00
   0.0000000e+00
   0.0000000e+00
   0.0000000e+00
   0.0000000e+00
   0.0000000e+00
   0.0000000e+00
  -0.0000000e+00
  -7.7406139e-02
  -3.0514860e-02
   1.3497102e-02
   2.8692840e-02
   2.6164489e-02
  -2.2613046e-03
  -0.0000000e+00
   1.8425357e-02
   4.1943017e-02
   0.0000000e+00
   0.0000000e+00
   0.0000000e+00
   0.0000000e+00
   0.0000000e+00
   0.0000000e+00
  -0.0000000e+00
  -1.4749162e-02
  -1.9793435e-02
  -8.0814535e-03
   2.2609071e-03
   5.5050538e-03
   5.7387303e-03
   0.0000000e+00
   0.0000000e+00
   0.0000000e+00
   0.0000000e+00
   0.0000000e+00
   0.0000000e+00
   0.0000000e+00
   0.0000000e+00
   0.0000000e+00
   0.0000000e+00
   0.0000000e+00
   0.0000000e+00
   0.0000000e+00
  -0.0000000e+00
  -2.1896330e-02
  -7.0210379e-02
  -2.1798408e-02
   1.1807852e-02
   0.0000000e+00
   0.0000000e+00
   0.0000000e+00
   0.0000000e+00
   0.0000000e+00
   0.0000000e+00
   0.0000000e+00
   0.0000000e+00
   0.0000000e+00
   0.0000000e+00
   0.0000000e+00
  -0.0000000e+00
  -7.5716250e-03
   0.0000000e+00
   0.0000000e+00
  -0.0000000e+00
  -2.5872509e-02
  -8.3528472e-03
   1.0364682e-02
   0.0000000e+00
   0.0000000e+00
   0.0000000e+00
   0.0000000e+00
   0.0000000e+00
   0.0000000e+00
   0.0000000e+00
   0.0000000e+00
   0.0000000e+00
   0.0000000e+00
   0.0000000e+00
   0.0000000e+00
   0.0000000e+00
   0.0000000e+00
   0.0000000e+00
   0.0000000e+00
  -0.0000000e+00
   4.1653905e-03
  -2.9090665e-03
  -3.1518537e-03
   1.5734800e-03
  -4.2863825e-03
  -1.6848257e-02
  -2.1993172e-02
  -2.1985586e-02
  -0.0000000e+00
  -0.0000000e+00
  -0.0000000e+00
  -0.0000000e+00
  -2.0715421e-02
  -0.0000000e+00
  -0.0000000e+00
  -0.0000000e+00
  -0.0000000e+00
  -1.9036897e-02
  -8.6417507e-03
  -0.0000000e+00
  -0.0000000e+00
  -0.0000000e+00
   0.0000000e+00
   0.0000000e+00
   0.0000000e+00
   0.0000000e+00
   0.0000000e+00
   0.0000000e+00
  -0.0000000e+00
   0.0000000e+00
   0.0000000e+00
   0.0000000e+00
   0.0000000e+00
   0.0000000e+00
   4.1071567e-03
   7.4793687e-03
