   3.6820813e-03
  -5.1436144e-03
   0.0000000e+00
   0.0000000e+00
   0.0000000e+00
   0.0000000e+00
   0.0000000e+00
   0.0000000e+00
   0.0000000e+00
   0.0000000e+00
   0.0000000e+00
  -0.0000000e+00
   1.7679523e-02
   3.2926977e-04
  -8.7212531e-03
   0.0000000e+00
   0.0000000e+00
   0.0000000e+00
   0.0000000e+00
   0.0000000e+00
   0.0000000e+00
   0.0000000e+00
   0.0000000e+00
   0.0000000e+00
   0.0000000e+00
   0.0000000e+00
   0.0000000e+00
   0.0000000e+00
   0.0000000e+00
   0.0000000e+00
   0.0000000e+00
   0.0000000e+00
   0.0000000e+00
   0.0000000e+00
   0.0000000e+00
   3.8932072e-02
   3.2199148e-02
   3.4223358e-02
   3.0998897e-02
   2.1333478e-02
   2.7040358e-02
   2.4489884e-02
   1.9694341e-02
   2.4189017e-02
   1.7924387e-02
   1.5296500e-02
   2.4790253e-03
   1.4662821e-02
   5.6447871e-03
   8.9160437e-03
   1.1798954e-02
   9.5548090e-03
   6.5725120e-03
   3.1579451e-03
  -2.4203393e-02
  -4.4550549e-02
  -4.8815603e-02
  -1.1221129e-02
  -1.7212964e-02
   0.0000000e+00
   0.0000000e+00
   0.0000000e+00
   0.0000000e+00
   0.0000000e+00
   0.0000000e+00
   0.0000000e+00
   0.0000000e+00
   0.0000000e+00
   0.0000000e+00
   1.1682025e-02
   2.3264116e-02
   2.5872743e-02
   9.5555872e-02
   1.0284968e-01
   1.0350359e-01
   9.0924159e-02
   8.4497948e-02
   7.9920232e-02
   7.8423992e-02
   7.7539628e-02
   7.5118333e-02
   7.1349680e-02
   6.3643360e-02
   8.5933085e-02
   6.7365311e-02
   5.9033990e-02
   5.5846144e-02
   5.4559119e-02
   5.4079318e-02
   5.5396255e-02
   5.5728432e-02
   5.4199436e-02
   5.1997680e-02
   5.2412510e-02
   5.3738700e-02
   2.6464432e-02
   1.3468140e-02
   3.3288559e-02
   4.6057412e-02
   3.7431921e-02
   3.7378017e-02
   4.6893662e-02
   8.7881695e-02
   8.5101984e-02
   7.0018876e-02
   7.6808829e-02
   8.9740988e-02
   9.8188162e-02
   1.2348460e-01
   1.2825274e-01
   1.3488212e-01
   1.2400810e-01
   1.1844928e-01
   1.1709049e-01
   1.1658375e-01
   1.1683123e-01
   1.1673168e-01
   1.1480859e-01
   1.1663039e-01
   0.0000000e+00
   1.0502065e-01
   8.9397658e-02
   9.3211539e-02
   9.8523892e-02
   1.0390586e-01
   1.1129365e-01
   1.2137830e-01
   1.3100943e-01
   1.4102456e-01
   1.4819646e-01
   1.5139176e-01
   1.5119234e-01
   1.4267649e-01
   1.3185631e-01
   1.4194962e-01
   1.3016327e-01
   1.2693433e-01
   1.2907463e-01
   1.4380664e-01
   1.5015164e-01
   1.4506803e-01
   1.3341826e-01
   1.3565597e-01
   1.3551226e-01
   1.0358378e-01
   1.1168803e-01
   1.1986950e-01
   1.1592015e-01
   1.1485717e-01
   1.1686391e-01
   1.1888236e-01
   1.2023930e-01
   1.2059911e-01
   1.1560854e-01
   1.0200893e-01
   0.0000000e+00
   4.7703476e-02
   7.2871298e-02
   9.5590286e-02
   1.1368498e-01
   1.2636264e-01
   1.3527842e-01
   1.4260890e-01
   1.4890240e-01
   1.5564451e-01
   1.5955058e-01
   1.6546921e-01
   1.7828627e-01
   1.7935315e-01
   1.7499949e-01
   1.9487482e-01
   1.7553967e-01
   1.6292675e-01
   1.4606273e-01
   1.3875097e-01
   1.3564912e-01
   1.3506030e-01
   1.0804362e-01
   1.0982151e-01
   1.1886683e-01
   8.4098413e-02
   8.6176869e-02
   9.3049970e-02
   9.2758868e-02
   9.0893951e-02
   9.1420289e-02
   9.4202202e-02
   9.7866434e-02
   9.9198613e-02
   9.4510417e-02
   7.0567015e-02
   0.0000000e+00
   2.8462578e-02
   5.0580861e-02
   7.4194236e-02
   9.8865013e-02
   1.1614475e-01
   1.2389696e-01
   1.2417746e-01
   1.1699294e-01
   1.1158768e-01
   1.0851369e-01
   1.1400820e-01
   1.3857524e-01
   1.5139030e-01
   1.6700087e-01
   1.8185162e-01
   1.6441209e-01
   1.5145445e-01
   0.0000000e+00
   0.0000000e+00
   0.0000000e+00
   0.0000000e+00
   6.2835367e-02
   6.1551109e-02
   6.8950832e-02
   4.5751651e-02
   5.9201092e-02
   6.3618571e-02
   6.3277878e-02
   6.0268614e-02
   5.8980908e-02
   6.0976271e-02
   6.5712862e-02
   6.8933882e-02
   6.5858573e-02
   4.5203796e-02
   0.0000000e+00
   1.4545595e-02
   2.9030707e-02
   4.6396330e-02
   7.0310012e-02
   8.6861193e-02
   9.1371208e-02
   8.0922209e-02
   5.8395123e-02
   4.7438152e-02
   5.1644329e-02
   5.7868924e-02
   8.3784238e-02
   1.0443725e-01
   1.2289514e-01
   1.2553063e-01
   1.1123063e-01
   9.2073202e-02
   0.0000000e+00
   0.0000000e+00
   0.0000000e+00
   0.0000000e+00
   3.0337018e-02
   2.6961181e-02
   3.8226221e-02
   2.0598695e-02
   2.7648822e-02
   2.7969820e-02
   2.6711956e-02
   2.4545091e-02
   2.4295650e-02
   2.6940955e-02
   3.0190606e-02
   3.3162598e-02
   3.2126494e-02
   2.2139888e-02
   0.0000000e+00
   0.0000000e+00
   1.4227878e-02
   2.5040140e-02
   4.1112639e-02
   4.9322074e-02
   4.6499994e-02
   2.4704825e-02
   0.0000000e+00
   1.0198571e-02
   9.9330703e-03
   1.7750257e-02
   3.5865419e-02
   5.1326185e-02
   5.8470507e-02
   5.5331782e-02
   4.3677237e-02
   2.9179683e-02
   0.0000000e+00
   0.0000000e+00
   0.0000000e+00
   0.0000000e+00
   5.8308642e-03
   3.5112175e-03
   1.0372740e-02
  -7.3464173e-03
  -5.4503279e-03
  -5.8159414e-03
  -5.9791422e-03
  -4.6292036e-03
  -1.6229572e-03
   5.4624316e-04
   2.9408259e-03
   4.7844779e-03
   3.5610464e-03
   4.7034024e-03
   0.0000000e+00
   0.0000000e+00
  -5.3260555e-03
   1.4545778e-03
   1.5235642e-02
   1.5997104e-02
   8.4986221e-03
  -1.1796044e-02
  -0.0000000e+00
   0.0000000e+00
  -1.4275222e-02
  -1.3613152e-02
  -2.0189751e-03
   4.9631055e-03
   5.6167492e-03
   1.0944125e-03
  -6.0098814e-03
  -6.3985987e-03
   0.0000000e+00
   0.0000000e+00
   0.0000000e+00
   0.0000000e+00
  -1.5740565e-02
  -1.3407508e-02
  -1.2024336e-02
  -3.3393018e-02
  -3.2830719e-02
  -3.2175131e-02
  -2.9520812e-02
  -2.3897106e-02
  -1.7959541e-02
  -1.5958557e-02
  -1.5709110e-02
  -1.7220836e-02
  -2.0111579e-02
  -1.4021238e-02
  -0.0000000e+00
   0.0000000e+00
  -0.0000000e+00
  -2.0685920e-02
  -4.5078099e-03
  -9.8497458e-03
  -2.2289976e-02
  -2.9833797e-02
  -0.0000000e+00
   0.0000000e+00
  -2.6471149e-02
  -3.5030730e-02
  -2.8492687e-02
  -3.1952530e-02
  -3.6814921e-02
  -4.2141393e-02
  -4.0971551e-02
  -2.2760309e-02
  -1.9519852e-02
   0.0000000e+00
   0.0000000e+00
  -3.5985135e-02
  -2.8140584e-02
  -2.9431485e-02
  -3.4139268e-02
  -4.7793303e-02
  -4.6381565e-02
  -4.3170866e-02
  -3.6958877e-02
  -2.9020587e-02
  -2.4116153e-02
  -2.4429046e-02
  -2.8376595e-02
  -3.4728587e-02
  -4.0198497e-02
  -3.0154374e-02
  -0.0000000e+00
   0.0000000e+00
  -0.0000000e+00
  -2.3312681e-02
  -1.8444235e-02
  -2.7784372e-02
  -4.2985793e-02
  -4.7981959e-02
  -0.0000000e+00
   0.0000000e+00
  -3.0281946e-02
  -3.4433733e-02
  -4.4134408e-02
  -5.7675205e-02
  -6.6940300e-02
  -7.3075593e-02
  -6.3036114e-02
  -3.4014411e-02
  -2.4171221e-02
   0.0000000e+00
   0.0000000e+00
  -4.4167356e-02
  -3.7658021e-02
  -4.7983557e-02
  -4.8099160e-02
  -4.8037123e-02
  -4.4789158e-02
  -3.8807787e-02
  -3.1356838e-02
  -2.7951663e-02
  -2.9741935e-02
  -3.5222821e-02
  -4.2818781e-02
  -5.1503252e-02
  -5.7798158e-02
  -4.3033084e-02
  -0.0000000e+00
   0.0000000e+00
   0.0000000e+00
  -2.1007789e-02
  -3.1555396e-02
  -4.3537259e-02
  -5.5398203e-02
  -4.6444625e-02
   0.0000000e+00
   0.0000000e+00
  -2.4259570e-02
  -2.4042871e-02
  -5.5295561e-02
  -7.4661188e-02
  -8.7166816e-02
  -9.3573667e-02
  -7.6254636e-02
  -4.5087095e-02
  -2.9827274e-02
  -3.2049243e-02
  -4.3899712e-02
  -4.4062082e-02
  -4.0188253e-02
  -4.7152095e-02
  -4.8272964e-02
  -3.6575682e-02
  -3.2760236e-02
  -2.7416546e-02
  -2.6108816e-02
  -3.2260835e-02
  -4.0586971e-02
  -4.8941176e-02
  -5.6286808e-02
  -6.2970325e-02
  -6.6221207e-02
  -5.2994412e-02
   0.0000000e+00
   0.0000000e+00
   0.0000000e+00
  -2.4249233e-02
  -4.3802243e-02
  -5.5986807e-02
  -5.6675266e-02
  -2.4402767e-02
   0.0000000e+00
   0.0000000e+00
  -0.0000000e+00
  -2.5799181e-02
  -6.2608480e-02
  -7.9488270e-02
  -9.0874054e-02
  -9.4569504e-02
  -7.4251637e-02
  -4.5143362e-02
  -3.0214166e-02
  -3.4459909e-02
  -3.2757702e-02
  -3.2247461e-02
  -2.9917443e-02
  -3.1899832e-02
  -3.5293020e-02
  -1.7701754e-02
  -1.6816648e-02
  -1.7628055e-02
  -2.6691815e-02
  -4.1039139e-02
  -5.3968966e-02
  -6.2591821e-02
  -6.5902948e-02
  -6.5433078e-02
  -5.8187485e-02
  -3.4050167e-02
   0.0000000e+00
   0.0000000e+00
   0.0000000e+00
  -3.6803148e-02
  -5.4676276e-02
  -6.1629128e-02
  -4.6836324e-02
  -7.6094232e-03
   0.0000000e+00
   0.0000000e+00
  -0.0000000e+00
  -4.6405586e-02
  -6.1346930e-02
  -6.9462270e-02
  -7.2476484e-02
  -6.9903560e-02
  -5.1459622e-02
  -2.9908847e-02
  -1.8942254e-02
  -2.1520853e-02
  -2.3427351e-02
  -2.2800538e-02
  -1.0036138e-02
  -9.1594402e-03
  -1.4563728e-02
  -5.4858914e-03
  -8.8952426e-03
  -1.5089569e-02
  -2.7994687e-02
  -4.3897822e-02
  -5.7779752e-02
  -6.6192962e-02
  -6.6037364e-02
  -5.6811653e-02
  -3.7307158e-02
  -1.7035298e-02
   0.0000000e+00
   0.0000000e+00
   0.0000000e+00
   0.0000000e+00
  -5.5582676e-02
  -5.3784832e-02
  -3.2431204e-02
   8.4213307e-04
   0.0000000e+00
   0.0000000e+00
  -0.0000000e+00
  -4.0400300e-02
  -4.7237054e-02
  -4.6641223e-02
  -3.8331635e-02
  -3.0963758e-02
  -1.8613154e-02
  -6.0525201e-03
  -6.7075674e-04
  -1.8567466e-03
  -8.1262235e-03
  -8.2065873e-03
   3.9945845e-03
   4.0056454e-03
  -9.1703789e-04
  -7.2606811e-03
  -1.0909601e-02
  -1.7009851e-02
  -2.7672745e-02
  -4.0147793e-02
  -5.1367838e-02
  -5.8010586e-02
  -5.6158625e-02
  -4.2472702e-02
  -1.6292553e-02
  -0.0000000e+00
   0.0000000e+00
   0.0000000e+00
   0.0000000e+00
   0.0000000e+00
  -4.7589216e-02
  -4.0101457e-02
  -1.9363677e-02
   5.8332322e-03
   0.0000000e+00
   0.0000000e+00
  -0.0000000e+00
  -2.4230935e-02
  -2.5721528e-02
  -1.9144330e-02
  -2.7452128e-03
   4.6898555e-03
   7.1314499e-03
   9.2917886e-03
   7.9860678e-03
   5.1991534e-03
  -7.5881521e-04
  -3.0140697e-03
  -1.0814163e-04
  -1.7911164e-03
  -4.3606260e-03
  -2.8587854e-02
  -2.9900324e-02
  -3.2571405e-02
  -3.7647814e-02
  -4.3233540e-02
  -4.7401663e-02
  -4.8261594e-02
  -4.4114143e-02
  -2.9475983e-02
   2.6096188e-04
   0.0000000e+00
   0.0000000e+00
   0.0000000e+00
   0.0000000e+00
  -3.0347799e-02
  -3.2470800e-02
  -2.3744646e-02
  -6.3834763e-03
   5.7772076e-03
   0.0000000e+00
   0.0000000e+00
  -0.0000000e+00
  -8.0752736e-03
  -8.0085522e-04
   9.3072932e-03
   3.0066993e-02
   3.3115909e-02
   2.2361359e-02
   1.0985380e-02
   1.8466476e-03
  -6.0217809e-03
  -1.5373184e-02
  -2.1032125e-02
  -2.3854865e-02
  -2.6321812e-02
  -2.7754622e-02
  -5.3730045e-02
  -5.4178532e-02
  -5.5308040e-02
  -5.6888945e-02
  -5.7926271e-02
  -5.7543144e-02
  -5.5385996e-02
  -5.2726022e-02
  -4.1896690e-02
  -1.1466547e-02
   7.1901494e-03
   0.0000000e+00
   0.0000000e+00
  -2.8665340e-02
  -2.6829470e-02
  -1.2444045e-02
  -3.2352707e-03
   9.2724087e-03
   1.0328102e-02
   0.0000000e+00
   0.0000000e+00
  -0.0000000e+00
   3.1390086e-03
   1.5964717e-02
   3.1929050e-02
   5.7964600e-02
   4.8208505e-02
   2.5981184e-02
   7.5996947e-03
  -1.0451776e-02
  -2.5899233e-02
  -3.8982193e-02
  -4.5962982e-02
  -5.0580531e-02
  -5.3153205e-02
  -5.3881377e-02
  -5.6260448e-02
  -5.6348801e-02
  -5.8281627e-02
  -6.0731322e-02
  -6.2548280e-02
  -6.3455202e-02
  -6.3714512e-02
  -6.5396495e-02
  -6.2288012e-02
  -3.4369271e-02
  -3.2075681e-03
   0.0000000e+00
   0.0000000e+00
  -2.8770907e-02
  -2.0460064e-02
   2.6612775e-03
   1.1410154e-02
   2.0098459e-02
   0.0000000e+00
   0.0000000e+00
   0.0000000e+00
   0.0000000e+00
   1.9661837e-02
   2.4506634e-02
   3.5853722e-02
   7.2891275e-02
   5.2443210e-02
   2.2919172e-02
   0.0000000e+00
  -1.8156790e-02
  -3.6171563e-02
  -4.7453873e-02
  -5.3392962e-02
  -5.7328295e-02
  -5.8590114e-02
  -5.7820972e-02
  -5.7464957e-02
  -5.4817602e-02
  -5.5858429e-02
  -6.0357768e-02
  -6.5113660e-02
  -6.9174596e-02
  -7.2990426e-02
  -8.0775772e-02
  -9.0566869e-02
  -5.7626172e-02
  -2.7645029e-02
   0.0000000e+00
   0.0000000e+00
  -3.1221801e-02
  -1.4127796e-02
   9.9328079e-03
   0.0000000e+00
   0.0000000e+00
   0.0000000e+00
   0.0000000e+00
   0.0000000e+00
   0.0000000e+00
   0.0000000e+00
   3.1805836e-02
   2.6090254e-02
   5.6900255e-02
   4.8759399e-02
   1.9737927e-02
   0.0000000e+00
  -2.4647891e-02
  -4.0457585e-02
  -4.9584395e-02
  -5.5388778e-02
  -5.9756707e-02
  -6.1562806e-02
  -6.0796037e-02
  -6.9150686e-02
  -6.0289457e-02
  -5.0663147e-02
  -4.6339788e-02
  -4.8786990e-02
  -5.5373557e-02
  -6.6754319e-02
  -8.6298533e-02
  -1.2163863e-01
  -8.6201519e-02
  -6.7813515e-02
  -9.3756592e-02
  -5.7773432e-02
  -4.0659535e-02
  -1.6496498e-02
   9.9913934e-03
   0.0000000e+00
   0.0000000e+00
   0.0000000e+00
   0.0000000e+00
   0.0000000e+00
   0.0000000e+00
   0.0000000e+00
   3.1451568e-02
   2.8204871e-02
   2.9558897e-02
   3.5277333e-02
   1.7040120e-02
   0.0000000e+00
  -2.7748684e-02
  -4.3380506e-02
  -5.1394086e-02
  -5.9170630e-02
  -6.6476658e-02
  -7.1248263e-02
  -7.2808981e-02
  -1.0320692e-01
  -9.6138537e-02
  -8.2294345e-02
  -6.4910255e-02
  -5.2074257e-02
  -4.3958608e-02
  -4.1957926e-02
  -4.9851902e-02
  -8.6489507e-02
  -9.1572836e-02
  -8.8390306e-02
  -9.8645754e-02
  -7.6194242e-02
  -5.8290236e-02
  -3.1837203e-02
   4.6813306e-03
   0.0000000e+00
   0.0000000e+00
   0.0000000e+00
   0.0000000e+00
   0.0000000e+00
   0.0000000e+00
   0.0000000e+00
   2.8300284e-02
   2.2877149e-02
   0.0000000e+00
   2.2873266e-02
   1.1148459e-02
  -0.0000000e+00
  -4.6930275e-02
  -4.8329350e-02
  -5.7655159e-02
  -7.0517398e-02
  -8.4638655e-02
  -9.6146703e-02
  -1.0298780e-01
  -1.3186970e-01
  -1.2856825e-01
  -1.1876643e-01
  -1.0156389e-01
  -8.0726810e-02
  -5.7552665e-02
  -3.1334147e-02
  -1.4460758e-02
  -1.1040361e-02
  -6.9557869e-02
  -9.5708445e-02
  -1.0706414e-01
  -9.3940847e-02
  -7.7215306e-02
  -5.2954212e-02
  -7.2298818e-03
   0.0000000e+00
   0.0000000e+00
   0.0000000e+00
   0.0000000e+00
   0.0000000e+00
   0.0000000e+00
   0.0000000e+00
   3.2359604e-02
   2.4721334e-02
   0.0000000e+00
   0.0000000e+00
   0.0000000e+00
  -0.0000000e+00
  -5.5740207e-02
  -5.1279373e-02
  -6.1839182e-02
  -7.8491986e-02
  -9.8488435e-02
  -1.1587080e-01
  -1.2765966e-01
  -1.3865604e-01
  -1.3710029e-01
  -1.2856111e-01
  -1.1442326e-01
  -9.5138546e-02
  -6.7980923e-02
  -2.9090011e-02
  -6.3042088e-03
  -2.9628467e-03
  -5.7018992e-02
  -8.4670288e-02
  -9.6000798e-02
  -9.1869652e-02
  -8.6337616e-02
  -7.5473681e-02
  -4.2665011e-02
   0.0000000e+00
   0.0000000e+00
   0.0000000e+00
   0.0000000e+00
   0.0000000e+00
   0.0000000e+00
   0.0000000e+00
   1.6032911e-02
   1.8605415e-02
   0.0000000e+00
   0.0000000e+00
   0.0000000e+00
  -0.0000000e+00
  -5.7031028e-02
  -5.1835060e-02
  -6.1301232e-02
  -7.6415919e-02
  -9.8039925e-02
  -1.1718553e-01
  -1.3148925e-01
  -1.2188338e-01
  -1.1894589e-01
  -1.0937142e-01
  -9.6430652e-02
  -8.1023201e-02
  -5.8014952e-02
  -2.0370102e-02
  -6.0883528e-03
   0.0000000e+00
  -4.2240683e-02
  -6.2862799e-02
  -7.0242286e-02
  -7.4430682e-02
  -8.0870546e-02
  -8.7326556e-02
  -8.0738435e-02
   0.0000000e+00
   0.0000000e+00
   0.0000000e+00
   0.0000000e+00
   0.0000000e+00
   0.0000000e+00
   0.0000000e+00
   1.7284217e-03
   1.3639241e-02
   0.0000000e+00
   0.0000000e+00
   0.0000000e+00
  -0.0000000e+00
  -6.0169418e-02
  -4.8284966e-02
  -5.4739622e-02
  -6.3169509e-02
  -8.2427867e-02
  -1.0067421e-01
  -1.1489118e-01
  -9.1960177e-02
  -8.8463672e-02
  -7.9721145e-02
  -7.0487961e-02
  -6.1407976e-02
  -4.3227136e-02
  -9.4478913e-03
  -0.0000000e+00
  -0.0000000e+00
  -3.8439281e-02
  -4.4526745e-02
  -4.8443973e-02
  -5.5942781e-02
  -6.8106540e-02
  -8.2226366e-02
  -8.2394817e-02
  -6.5273411e-02
   0.0000000e+00
   0.0000000e+00
   0.0000000e+00
   0.0000000e+00
   0.0000000e+00
   0.0000000e+00
   2.0484515e-02
   0.0000000e+00
   0.0000000e+00
   0.0000000e+00
   0.0000000e+00
   0.0000000e+00
  -6.1023689e-02
  -3.9845705e-02
  -3.1376828e-02
  -4.1625597e-02
  -5.7129588e-02
  -7.3324822e-02
  -8.6176120e-02
  -5.1518300e-02
  -4.8490366e-02
  -4.1657301e-02
  -3.8541592e-02
  -3.9042580e-02
  -2.8195022e-02
   1.2757249e-03
   0.0000000e+00
  -0.0000000e+00
  -2.3868719e-02
  -2.5732626e-02
  -2.8383028e-02
  -3.4955203e-02
  -4.8092877e-02
  -6.6369026e-02
  -7.3938979e-02
  -5.0398051e-02
   0.0000000e+00
   0.0000000e+00
  -3.7242841e-03
  -1.8777081e-03
   0.0000000e+00
   3.9316256e-02
   3.9898464e-02
   0.0000000e+00
   0.0000000e+00
   0.0000000e+00
   0.0000000e+00
   0.0000000e+00
  -0.0000000e+00
  -2.0875045e-02
  -7.6074554e-04
  -4.7952490e-03
  -1.7388865e-02
  -3.2413099e-02
  -4.5410896e-02
  -8.8392776e-03
  -5.2726353e-03
   3.7699647e-04
  -1.7632449e-03
  -1.1252261e-02
  -9.7864857e-03
   9.3032581e-03
   0.0000000e+00
   0.0000000e+00
  -0.0000000e+00
  -9.0330872e-03
  -4.8662606e-03
  -1.2390630e-02
  -2.3547117e-02
  -4.1537140e-02
  -5.4360084e-02
  -3.9527549e-02
   0.0000000e+00
   0.0000000e+00
   2.0215901e-03
   1.3748519e-03
   0.0000000e+00
   3.6113702e-02
   0.0000000e+00
   0.0000000e+00
   0.0000000e+00
   0.0000000e+00
   0.0000000e+00
   0.0000000e+00
   0.0000000e+00
   1.7173716e-02
   2.5766736e-02
   3.3911541e-02
   2.6651852e-02
   1.0852869e-02
  -3.0561974e-03
   3.9618071e-02
   4.3459810e-02
   4.7316529e-02
   3.9939821e-02
   2.1752208e-02
   1.2690610e-02
   0.0000000e+00
   0.0000000e+00
   0.0000000e+00
   0.0000000e+00
   0.0000000e+00
   2.3879903e-02
   1.8668583e-02
   6.4810766e-03
  -1.0921077e-02
  -2.7639827e-02
  -2.4141040e-02
  -2.4812681e-02
   1.2586707e-02
   9.8903547e-03
   0.0000000e+00
   2.4725901e-03
   0.0000000e+00
   0.0000000e+00
   0.0000000e+00
   0.0000000e+00
   0.0000000e+00
   0.0000000e+00
   0.0000000e+00
   0.0000000e+00
   0.0000000e+00
   3.2073368e-02
   5.5111252e-02
   6.3966826e-02
   5.4944571e-02
   4.3962497e-02
   8.3553992e-02
   8.8146192e-02
   8.8979736e-02
   7.4804969e-02
   4.9539661e-02
   2.8939258e-02
   0.0000000e+00
   0.0000000e+00
   0.0000000e+00
   0.0000000e+00
   0.0000000e+00
   4.2141023e-02
   5.0106194e-02
   3.9364028e-02
   2.0668345e-02
  -1.2681853e-03
  -8.2447035e-03
   0.0000000e+00
   1.8211558e-02
   1.3383746e-02
   0.0000000e+00
   0.0000000e+00
   0.0000000e+00
   0.0000000e+00
   0.0000000e+00
   0.0000000e+00
   0.0000000e+00
   0.0000000e+00
   0.0000000e+00
   0.0000000e+00
   0.0000000e+00
   0.0000000e+00
   4.4338036e-02
   6.5142706e-02
   7.9888267e-02
   8.2916066e-02
   1.1717740e-01
   1.2013269e-01
   1.1311330e-01
   9.0691559e-02
   6.0858645e-02
   2.8364684e-02
   0.0000000e+00
   0.0000000e+00
   0.0000000e+00
   0.0000000e+00
   0.0000000e+00
   0.0000000e+00
   0.0000000e+00
   5.5631598e-02
   5.0044246e-02
   2.6835952e-02
   1.0013726e-02
   0.0000000e+00
  -0.0000000e+00
  -0.0000000e+00
  -0.0000000e+00
  -2.9716176e-02
  -3.5484503e-02
  -2.8199496e-02
   0.0000000e+00
   0.0000000e+00
   0.0000000e+00
   0.0000000e+00
   0.0000000e+00
   0.0000000e+00
   0.0000000e+00
   0.0000000e+00
   1.9879868e-02
   5.4394305e-02
   9.2034668e-02
   1.0947979e-01
   1.2275588e-01
   1.1460786e-01
   1.0021243e-01
   7.5131163e-02
   4.8899894e-02
   2.1832865e-02
   0.0000000e+00
   0.0000000e+00
   0.0000000e+00
   0.0000000e+00
   0.0000000e+00
   0.0000000e+00
   0.0000000e+00
   4.5720756e-02
   6.1782677e-02
   4.9444117e-02
   3.1093026e-02
   0.0000000e+00
   0.0000000e+00
   0.0000000e+00
  -0.0000000e+00
  -0.0000000e+00
  -0.0000000e+00
  -0.0000000e+00
   0.0000000e+00
   0.0000000e+00
   0.0000000e+00
   0.0000000e+00
   0.0000000e+00
   0.0000000e+00
   0.0000000e+00
   0.0000000e+00
   2.9986200e-02
   6.5176487e-02
   9.9646296e-02
   1.2033065e-01
   7.4407151e-02
   5.9717808e-02
   4.4357365e-02
   2.9501785e-02
   1.5537331e-02
   5.4094633e-03
   0.0000000e+00
   0.0000000e+00
   0.0000000e+00
   0.0000000e+00
   0.0000000e+00
   0.0000000e+00
   0.0000000e+00
   6.1301549e-02
   6.9827928e-02
   6.0625743e-02
   4.0558393e-02
   4.0905829e-03
  -0.0000000e+00
   0.0000000e+00
   0.0000000e+00
   0.0000000e+00
   0.0000000e+00
   0.0000000e+00
   0.0000000e+00
   0.0000000e+00
   0.0000000e+00
   0.0000000e+00
   0.0000000e+00
   0.0000000e+00
   0.0000000e+00
   0.0000000e+00
   4.9315040e-02
   5.4935751e-02
   6.8767972e-02
   7.8580840e-02
  -1.3490135e-02
  -3.4781049e-02
  -0.0000000e+00
  -2.8641995e-02
  -2.9122781e-02
  -0.0000000e+00
   0.0000000e+00
   0.0000000e+00
   0.0000000e+00
   0.0000000e+00
   0.0000000e+00
   0.0000000e+00
   3.8144456e-02
   4.4530674e-02
   3.6906621e-02
   2.6285514e-02
   1.3986173e-02
   4.0905830e-03
  -0.0000000e+00
   0.0000000e+00
   0.0000000e+00
   0.0000000e+00
   0.0000000e+00
   0.0000000e+00
   0.0000000e+00
   0.0000000e+00
   0.0000000e+00
   0.0000000e+00
   0.0000000e+00
   0.0000000e+00
   0.0000000e+00
   0.0000000e+00
   1.0582055e-01
   2.8691960e-02
  -9.5669063e-03
  -6.2910691e-03
  -0.0000000e+00
  -0.0000000e+00
   0.0000000e+00
  -0.0000000e+00
  -0.0000000e+00
   0.0000000e+00
   0.0000000e+00
   0.0000000e+00
   0.0000000e+00
   0.0000000e+00
   0.0000000e+00
   0.0000000e+00
   7.6392952e-03
   0.0000000e+00
   0.0000000e+00
  -0.0000000e+00
  -4.2655465e-02
  -2.2794182e-02
  -4.6678568e-03
   0.0000000e+00
   0.0000000e+00
   0.0000000e+00
   0.0000000e+00
   0.0000000e+00
   0.0000000e+00
   0.0000000e+00
   0.0000000e+00
   0.0000000e+00
   0.0000000e+00
   0.0000000e+00
   0.0000000e+00
   0.0000000e+00
   0.0000000e+00
  -0.0000000e+00
  -0.0000000e+00
  -0.0000000e+00
   0.0000000e+00
  -2.6751488e-02
  -5.4852061e-02
  -6.4714710e-02
  -5.0775118e-02
  -2.7404659e-02
  -6.0298647e-03
   0.0000000e+00
   0.0000000e+00
   0.0000000e+00
   0.0000000e+00
   0.0000000e+00
   1.9167987e-03
  -0.0000000e+00
   0.0000000e+00
   0.0000000e+00
  -0.0000000e+00
  -6.1031024e-03
  -2.0890777e-03
   0.0000000e+00
   0.0000000e+00
   0.0000000e+00
   0.0000000e+00
   0.0000000e+00
   0.0000000e+00
   0.0000000e+00
   0.0000000e+00
   0.0000000e+00
   0.0000000e+00
   0.0000000e+00
   0.0000000e+00
   0.0000000e+00
   0.0000000e+00
   0.0000000e+00
   0.0000000e+00
   0.0000000e+00
