   3.7214312e-01
  -1.9440371e-01
  -7.1183592e-01
  -5.6616092e-01
   1.9070840e-01
   3.8556093e-01
   5.3489894e-01
   7.1435559e-01
   6.9192326e-01
   5.8690625e-01
   3.5397461e-01
   1.2865461e-01
  -1.5591508e-01
  -4.6956441e-01
  -8.5071987e-01
  -1.1197146e+00
  -8.2001233e-01
  -4.5175877e-01
  -6.5019751e-01
  -1.0241541e+00
  -1.2894626e+00
  -1.1551272e+00
  -9.3581444e-01
  -7.9639155e-01
  -3.0182967e-01
   8.6079663e-01
   7.8647894e-01
   2.4769713e-01
   4.0589485e-02
   1.4115624e-01
  -2.0434305e-01
  -9.0350008e-01
  -1.2252574e+00
  -1.0501487e+00
  -5.3619486e-01
  -2.4180219e-01
  -4.0820792e-01
  -5.8642125e-01
  -3.5104716e-01
   3.1885281e-02
   1.2254597e-02
  -4.6104735e-01
  -1.0987262e+00
  -1.9213512e+00
  -9.4169313e-01
   3.2925153e-01
   7.6010689e-02
   3.8108173e-01
   1.5738541e-01
  -1.0082293e-01
  -8.0351728e-01
  -3.4067437e-01
   4.9129939e-01
  -2.3494463e-02
  -6.6653627e-01
  -3.0012310e-01
  -1.0721833e-01
   6.6964790e-02
   4.7447619e-01
   3.7053636e-01
   3.4567368e-01
   2.2304992e-01
  -9.9049369e-03
  -1.9385006e-01
  -6.0951167e-01
  -8.6574739e-01
  -1.1206478e+00
  -1.2602901e+00
  -1.3192481e+00
  -1.6490058e+00
  -1.4853548e+00
  -1.6332121e+00
  -2.1072032e+00
  -6.0092878e-01
   5.2427018e-01
  -3.6887607e-01
   3.7640885e-02
   7.6914936e-01
   9.4831502e-01
   9.3082839e-01
   3.0058968e-01
  -3.9754385e-01
  -1.0176101e+00
  -1.2920746e+00
  -1.0806444e+00
  -9.8075020e-01
  -9.0022898e-01
  -6.2500161e-01
  -4.5396072e-01
  -6.2631792e-01
  -3.8323578e-01
  -1.4526308e-01
  -5.8292878e-01
  -8.0011207e-01
  -7.3879457e-01
  -3.2479474e-01
  -4.8064537e-02
   2.9362920e-01
   7.3978150e-01
   6.9564074e-01
   4.7167367e-01
   3.1130245e-01
   2.4490720e-01
  -3.2080841e-01
  -2.0274192e-01
   1.8870293e-01
   4.2264807e-01
   5.6978631e-01
   7.5951815e-01
   8.1691927e-01
   9.0078408e-01
   8.1475967e-01
   8.2996547e-01
   7.8659886e-01
   8.5268599e-01
   8.8288969e-01
   9.3649644e-01
   9.7330248e-01
   8.8989913e-01
   8.9550638e-01
   6.3173616e-01
   6.6224951e-01
   1.4106910e+00
   2.0128307e+00
   1.8386875e+00
   1.7782533e+00
   1.7065564e+00
   1.7662570e+00
   1.6428635e+00
   1.5623891e+00
   1.3476791e+00
   1.1399385e+00
   9.5743608e-01
   9.6108812e-01
   8.7653887e-01
   1.0897343e+00
   8.5717934e-01
   2.6574257e-01
  -5.4913834e-03
  -1.0356160e-01
  -4.7175556e-01
  -8.8727635e-01
  -9.1487795e-01
  -6.1361468e-01
   1.2939517e+00
   1.5612845e+00
   1.8638945e+00
   2.1263261e+00
   1.7689580e+00
   9.0005380e-01
   1.0759640e+00
   8.9023328e-01
   6.4834666e-01
   9.6043330e-01
   1.2871107e+00
   1.5678265e+00
   1.8406628e+00
   2.1260722e+00
   2.3768919e+00
   2.5182822e+00
   2.6226773e+00
   2.7544308e+00
   2.9217548e+00
   3.1109366e+00
   3.2133260e+00
   3.2841895e+00
   3.2662823e+00
   3.1378543e+00
   3.1331224e+00
   2.7616448e+00
   2.5571699e+00
   2.7223315e+00
   2.6562557e+00
   2.5492268e+00
   2.5224738e+00
   2.6057959e+00
   2.7581296e+00
   2.9147141e+00
   3.0616498e+00
   3.2226200e+00
   3.3612444e+00
   3.4668961e+00
   3.4360909e+00
   3.2222466e+00
   3.0848567e+00
   2.9294176e+00
   2.6883395e+00
   2.2274313e+00
   1.7479619e+00
   1.3506168e+00
   1.0737674e+00
   1.0523150e+00
   1.9191362e+00
   2.3586016e+00
   2.6154408e+00
   2.4525442e+00
   1.2976863e+00
   8.0072707e-01
   1.5453908e+00
   1.4333006e+00
   1.4001728e+00
   1.8331848e+00
   2.0236511e+00
   2.2458611e+00
   2.7596550e+00
   3.1847444e+00
   3.6198955e+00
   3.9482553e+00
   4.1401353e+00
   4.2738686e+00
   4.5053825e+00
   4.6706691e+00
   4.7745328e+00
   4.8947639e+00
   4.7712088e+00
   4.6062617e+00
   4.3806291e+00
   2.5192075e+00
   2.2168448e+00
   2.0754676e+00
   2.3687427e+00
   2.6120522e+00
   2.9724538e+00
   3.3953876e+00
   3.7470553e+00
   4.0794230e+00
   4.4003010e+00
   4.6690273e+00
   4.8626237e+00
   4.9433751e+00
   4.8950853e+00
   4.8297248e+00
   4.7622051e+00
   4.6024904e+00
   4.3808951e+00
   4.1067476e+00
   3.7878258e+00
   3.5427735e+00
   3.3958681e+00
   2.9490552e+00
   1.5446450e+00
   1.5776308e+00
   2.3152497e+00
   1.6687604e+00
   9.6096020e-01
   8.4377794e-01
   1.4504192e+00
   1.7729500e+00
   1.9769797e+00
   2.5147734e+00
   2.7314118e+00
   2.0180085e+00
   3.3273997e+00
   3.9119601e+00
   4.3297816e+00
   4.6770464e+00
   4.9481360e+00
   5.1494662e+00
   5.3130037e+00
   5.5014893e+00
   5.6686790e+00
   5.6785175e+00
   5.5786044e+00
   5.4131867e+00
   4.8063065e+00
   2.2515152e+00
   1.9091775e+00
   8.0223063e-01
   1.5508744e+00
   2.3889184e+00
   3.1421498e+00
   3.9127664e+00
   4.5811525e+00
   5.0403053e+00
   5.3775145e+00
   5.5811812e+00
   5.5250012e+00
   5.2891809e+00
   5.0743061e+00
   4.9130674e+00
   5.1191851e+00
   5.4581806e+00
   5.6247208e+00
   5.5952212e+00
   5.5838544e+00
   5.4505860e+00
   5.1583048e+00
   4.2344566e+00
   1.2669886e+00
   1.3337978e+00
   1.2851835e+00
   1.2052360e+00
   9.4514173e-01
   9.8095751e-01
   1.3468175e+00
   1.7592629e+00
   2.1258759e+00
   2.7342665e+00
   3.2309794e+00
   3.3461821e+00
   3.9672921e+00
   4.2470951e+00
   4.5232153e+00
   4.7951660e+00
   5.0500255e+00
   5.2872267e+00
   5.4916244e+00
   5.6397185e+00
   5.7228432e+00
   5.7423897e+00
   5.7104955e+00
   5.4597797e+00
   4.6611767e+00
   1.8867917e+00
   1.9917258e+00
   5.7465017e-01
   1.0102787e+00
   2.0706961e+00
   2.9691443e+00
   3.9424114e+00
   4.7522531e+00
   5.3241467e+00
   5.5556688e+00
   5.4679613e+00
   5.1383629e+00
   4.7554836e+00
   4.6149020e+00
   4.5407143e+00
   4.9017143e+00
   5.4212341e+00
   5.8212366e+00
   6.0681400e+00
   6.2124844e+00
   6.1059995e+00
   5.7722211e+00
   4.3480706e+00
   1.5288507e+00
   1.0090251e+00
   9.5347792e-01
   1.1059972e+00
   9.5973790e-01
   1.0557237e+00
   1.2344970e+00
   2.0575254e+00
   2.1103153e+00
   2.4464173e+00
   2.8018191e+00
   3.1732168e+00
   3.5379093e+00
   3.8066306e+00
   4.0504990e+00
   4.3066592e+00
   4.5688000e+00
   4.7863212e+00
   4.9393425e+00
   5.0744386e+00
   5.1953793e+00
   5.2649417e+00
   5.1599255e+00
   4.7901244e+00
   3.9230623e+00
   1.8810375e+00
   2.0131836e+00
   7.9247773e-01
   6.9794011e-01
   1.5395581e+00
   2.4169343e+00
   3.5319808e+00
   4.4660635e+00
   4.9584303e+00
   4.8798671e+00
   4.3306651e+00
   3.4155500e+00
   3.1637213e+00
   3.4239628e+00
   3.6843061e+00
   4.2983537e+00
   4.9020276e+00
   5.4295969e+00
   5.7628679e+00
   5.9310265e+00
   5.8583713e+00
   5.5456905e+00
   4.5208797e+00
   2.1398563e+00
   8.9342684e-01
   7.9528147e-01
   8.3015633e-01
   7.5872231e-01
   8.6922538e-01
   1.4690151e+00
   2.5460141e+00
   2.1916220e+00
   2.1820285e+00
   2.3027062e+00
   2.5103424e+00
   2.7698228e+00
   3.0125067e+00
   3.2543271e+00
   3.4829845e+00
   3.6818109e+00
   3.8441153e+00
   4.0028658e+00
   4.1632690e+00
   4.2694821e+00
   4.2671242e+00
   4.0648079e+00
   3.6524651e+00
   2.8763700e+00
   1.3674693e+00
   1.9622586e+00
   7.9930568e-01
  -2.1734762e-01
   6.6922224e-01
   1.7256982e+00
   2.7373664e+00
   3.6299973e+00
   3.9269862e+00
   3.5684934e+00
   2.3595929e+00
   1.4617176e+00
   1.4620610e+00
   1.5906432e+00
   2.1268959e+00
   2.9633467e+00
   3.7085361e+00
   4.3674393e+00
   4.7729306e+00
   4.9342527e+00
   4.8510032e+00
   4.5835104e+00
   4.2294950e+00
   2.8966470e+00
   1.3397399e+00
   7.1608400e-01
   6.3152355e-01
   4.9753058e-01
   7.4970591e-01
   1.6993220e+00
   2.3352456e+00
   1.6570114e+00
   1.7333028e+00
   1.7129060e+00
   1.7839627e+00
   1.9026241e+00
   2.0494103e+00
   2.2068346e+00
   2.3554804e+00
   2.5034714e+00
   2.6552324e+00
   2.8241389e+00
   2.9310744e+00
   2.9162953e+00
   2.8028214e+00
   2.5757382e+00
   2.1560364e+00
   1.5897071e+00
   1.0617476e+00
   1.7807688e+00
   8.5746455e-01
  -4.9584520e-01
  -3.1510729e-01
   6.2023658e-01
   1.6362581e+00
   2.4015796e+00
   2.4004323e+00
   1.7525376e+00
   5.9979594e-01
   4.5085478e-01
  -1.1072216e-01
  -5.8500481e-01
   4.3737236e-01
   1.3119532e+00
   2.1340237e+00
   2.8152928e+00
   3.2118213e+00
   3.3234725e+00
   3.2397580e+00
   3.0632126e+00
   2.9752162e+00
   2.0971314e+00
   1.7169169e+00
   7.2380237e-01
   5.5629757e-01
   3.5181414e-01
   8.0299424e-01
   1.5995577e+00
   1.4512807e+00
   9.3549227e-01
   1.0632529e+00
   9.4227135e-01
   9.4809782e-01
   9.8833191e-01
   1.0343116e+00
   1.0807833e+00
   1.1180899e+00
   1.1999492e+00
   1.3255059e+00
   1.4347922e+00
   1.4260025e+00
   1.2994824e+00
   1.1052423e+00
   8.2673561e-01
   4.1899019e-01
   1.6218365e-01
   6.8587784e-01
   1.9658562e+00
   1.0370467e+00
  -5.5081991e-01
  -1.3364693e+00
  -8.1613134e-01
   4.5900574e-01
   9.9247968e-01
   6.7745523e-01
  -1.6485118e-03
  -4.7077197e-01
   9.7172123e-01
  -2.7823927e-01
  -1.3234990e+00
  -1.0483211e+00
  -4.1511878e-01
   5.3341142e-01
   1.0941959e+00
   1.3113256e+00
   1.3126249e+00
   1.2181735e+00
   1.1222583e+00
   1.3044182e+00
   3.6761543e-01
   1.6962057e+00
   1.1647744e+00
   6.3959759e-01
   2.4357697e-01
   2.7146888e-01
   5.7898909e-01
   5.4630327e-01
   5.4118025e-01
   3.1689808e-01
   1.9471663e-01
   1.3866037e-01
   8.9342758e-02
   5.4441247e-02
   2.7222030e-02
  -1.6535483e-03
   2.9712437e-02
   9.6741870e-02
   7.9138391e-02
  -7.9670884e-02
  -3.2906535e-01
  -6.3237506e-01
  -1.0053488e+00
  -1.3726203e+00
  -1.1946936e+00
   7.4286151e-01
   2.0864210e+00
   9.6211135e-01
  -9.1900808e-01
  -1.9687823e+00
  -2.4893756e+00
  -6.4301533e-01
  -5.2055538e-01
  -1.1382647e+00
  -1.8172746e+00
  -1.3866976e+00
   9.7625911e-01
  -4.9500701e-01
  -1.6733915e+00
  -2.4278016e+00
  -1.8811786e+00
  -9.1647989e-01
  -7.1540910e-01
  -7.6404363e-01
  -9.0251398e-01
  -1.0586745e+00
  -1.0790190e+00
  -6.7381978e-01
  -1.5920008e+00
  -6.8945140e-03
   1.0391747e+00
   7.8191954e-01
   9.0969317e-02
  -4.8227972e-01
  -5.0991821e-01
  -3.9012721e-01
  -2.7506685e-01
  -3.2549191e-01
  -4.2331874e-01
  -5.8142018e-01
  -7.4295336e-01
  -8.6930001e-01
  -9.4406098e-01
  -9.7387683e-01
  -9.8344916e-01
  -1.0239018e+00
  -1.2078097e+00
  -1.5505873e+00
  -1.9574119e+00
  -2.3981931e+00
  -2.8448391e+00
  -3.0880070e+00
  -2.5157509e+00
  -6.3562953e-01
   8.9477432e-01
   5.3574306e-01
  -1.0117935e+00
  -2.3824990e+00
  -3.6934690e+00
  -1.7463715e+00
  -2.2289333e+00
  -2.9571714e+00
  -2.8719156e+00
  -1.2674361e-01
   1.6033018e+00
  -8.8163924e-01
  -2.9851031e+00
  -2.6384847e+00
  -1.8606853e+00
  -2.3658924e+00
  -2.7291377e+00
  -3.0011079e+00
  -3.2271278e+00
  -3.3714817e+00
  -3.2520838e+00
  -2.7139912e+00
  -3.1941776e+00
  -1.7895789e+00
  -6.8198097e-01
  -1.7917797e-01
  -5.4550463e-01
  -1.1127020e+00
  -1.1144184e+00
  -8.4352261e-01
  -6.6115588e-01
  -7.1882981e-01
  -9.0237564e-01
  -1.1466357e+00
  -1.3441716e+00
  -1.5039340e+00
  -1.5922806e+00
  -1.6302550e+00
  -1.7098151e+00
  -1.9325364e+00
  -2.3186486e+00
  -2.8036506e+00
  -3.2971408e+00
  -3.7925873e+00
  -4.2075100e+00
  -4.2681494e+00
  -3.5044093e+00
  -1.7473538e+00
   8.8130426e-01
   1.0461764e+00
  -1.0403404e-01
  -6.5565389e-01
  -2.5683787e+00
  -2.7150080e+00
  -3.6457963e+00
  -4.1161747e+00
  -3.7065346e+00
   1.0648511e-01
   2.2267029e+00
  -4.1863710e-01
  -3.2601178e+00
  -2.8875182e+00
  -1.9982549e+00
  -3.7435870e+00
  -4.3085895e+00
  -4.6434488e+00
  -4.8596535e+00
  -4.9709730e+00
  -4.8174067e+00
  -4.2614150e+00
  -4.3341594e+00
  -3.1335902e+00
  -2.1304533e+00
  -1.7328836e+00
  -1.5685133e+00
  -1.5589988e+00
  -1.3130395e+00
  -1.0096390e+00
  -9.0424371e-01
  -1.0578837e+00
  -1.3333073e+00
  -1.6263237e+00
  -1.8237586e+00
  -1.9616272e+00
  -2.0625844e+00
  -2.1818333e+00
  -2.4397378e+00
  -2.8804748e+00
  -3.3971441e+00
  -3.9121468e+00
  -4.4041252e+00
  -4.8559232e+00
  -5.1413336e+00
  -4.9986777e+00
  -4.2076349e+00
  -2.0210347e+00
   1.7433732e+00
   1.0612954e+00
   6.0444421e-01
  -2.0440243e-01
  -1.8434131e+00
  -3.6503282e+00
  -4.7460136e+00
  -4.8174610e+00
  -3.8421104e+00
  -4.1066769e-01
   1.5033228e+00
  -1.0109235e-01
  -2.6660583e+00
  -3.1259162e+00
  -2.5921965e+00
  -4.7441893e+00
  -5.3389864e+00
  -5.6644053e+00
  -5.8848062e+00
  -6.0170765e+00
  -5.8812375e+00
  -5.3212881e+00
  -4.9388727e+00
  -3.9131003e+00
  -2.9807690e+00
  -2.3810753e+00
  -1.7430638e+00
  -1.3685185e+00
  -1.2017117e+00
  -1.0861852e+00
  -1.1944963e+00
  -1.4930175e+00
  -1.8337051e+00
  -2.1183493e+00
  -2.3223857e+00
  -2.4932129e+00
  -2.6667713e+00
  -2.9215249e+00
  -3.3569513e+00
  -3.8735821e+00
  -4.3730669e+00
  -4.8496560e+00
  -5.2813171e+00
  -5.6054657e+00
  -5.6884864e+00
  -5.3139943e+00
  -4.4831113e+00
  -1.5870873e+00
   1.6530952e+00
   8.0819549e-01
   1.4922313e-01
  -3.1784614e-01
  -1.7812495e+00
  -4.4655661e+00
  -5.4207695e+00
  -5.0491766e+00
  -3.0125240e+00
   2.3923129e-01
   6.9296089e-01
  -7.5392938e-02
  -1.8073944e+00
  -2.1119978e+00
  -2.2762451e+00
  -5.0327586e+00
  -5.7260750e+00
  -6.0392082e+00
  -6.2843458e+00
  -6.4750120e+00
  -6.3867552e+00
  -5.8464182e+00
  -5.0850067e+00
  -4.1285510e+00
  -3.1321001e+00
  -2.1946566e+00
  -1.3499709e+00
  -1.1036943e+00
  -1.2258180e+00
  -1.4882965e+00
  -1.8684441e+00
  -2.2803953e+00
  -2.6225290e+00
  -2.8676286e+00
  -3.0771680e+00
  -3.3107033e+00
  -3.5987151e+00
  -3.9872820e+00
  -4.4685721e+00
  -4.9204059e+00
  -5.3355560e+00
  -5.7007236e+00
  -5.9643173e+00
  -6.0817366e+00
  -5.9619412e+00
  -5.4606042e+00
  -4.4617538e+00
  -5.4391664e-01
   7.1280968e-01
   4.5423424e-01
   7.5504929e-02
  -5.1335537e-01
  -2.1887841e+00
  -4.9255457e+00
  -5.6385560e+00
  -4.7852359e+00
  -1.8172946e+00
   2.6616604e+00
   1.9383945e+00
  -4.6266448e-03
  -1.1132784e+00
  -1.7019395e+00
  -2.6898460e+00
  -5.0271702e+00
  -5.6318841e+00
  -5.8449669e+00
  -6.0389261e+00
  -6.2876863e+00
  -6.2937808e+00
  -5.8657508e+00
  -4.6577783e+00
  -3.6187391e+00
  -2.4135036e+00
  -1.3481191e+00
  -8.4208930e-01
  -1.1080674e+00
  -1.6660380e+00
  -2.3047194e+00
  -2.9053912e+00
  -3.3867424e+00
  -3.7255251e+00
  -3.9730797e+00
  -4.2182097e+00
  -4.5062437e+00
  -4.8758001e+00
  -5.2779799e+00
  -5.6596494e+00
  -5.9893208e+00
  -6.2516060e+00
  -6.4161267e+00
  -6.4484105e+00
  -6.3313046e+00
  -5.9860039e+00
  -5.1376438e+00
  -2.6642258e+00
   1.3177358e+00
   6.9864219e-01
   2.8297302e-01
   4.8367888e-02
  -7.2991186e-01
  -2.6801667e+00
  -4.9551511e+00
  -5.4377522e+00
  -4.1922407e+00
  -5.6409413e-01
   4.1870608e+00
   2.8482859e+00
  -2.7937886e-01
  -1.3437753e+00
  -2.5958922e+00
  -4.7007494e+00
  -5.0495839e+00
  -5.0798659e+00
  -5.0988526e+00
  -5.1267977e+00
  -5.3975506e+00
  -5.5589113e+00
  -5.3209701e+00
  -3.4156280e+00
  -2.2899213e+00
  -1.1278678e+00
  -5.3352433e-01
  -7.5651509e-01
  -1.5126609e+00
  -2.3899345e+00
  -3.2384453e+00
  -3.9746802e+00
  -4.5359402e+00
  -4.9197831e+00
  -5.2060132e+00
  -5.4773917e+00
  -5.7671514e+00
  -6.0846319e+00
  -6.3662634e+00
  -6.6046152e+00
  -6.7940760e+00
  -6.8849740e+00
  -6.8567986e+00
  -6.6857605e+00
  -6.3287883e+00
  -5.6939764e+00
  -4.4900308e+00
  -1.7374582e+00
   1.8730325e+00
   8.2535696e-01
   2.0840839e-01
  -1.6744005e-02
  -8.4735471e-01
  -2.5654833e+00
  -4.4534445e+00
  -4.9425635e+00
  -3.4269543e+00
  -9.4234377e-02
   2.9952028e+00
   2.1643515e+00
  -6.5448856e-01
  -1.7866617e+00
  -3.1100743e+00
  -4.3265886e+00
  -4.1831598e+00
  -4.0246816e+00
  -3.7123685e+00
  -3.4963171e+00
  -3.7981083e+00
  -4.1275439e+00
  -4.0400124e+00
  -2.1191341e+00
  -1.3232089e+00
  -6.1423901e-01
  -6.8038486e-01
  -1.3775695e+00
  -2.2727214e+00
  -3.1775794e+00
  -4.0316088e+00
  -4.7910574e+00
  -5.3919767e+00
  -5.8045868e+00
  -6.0944127e+00
  -6.3335546e+00
  -6.5524201e+00
  -6.7493834e+00
  -6.9090075e+00
  -7.0296749e+00
  -7.0940275e+00
  -7.0551819e+00
  -6.8951573e+00
  -6.5685987e+00
  -6.0148619e+00
  -5.1024893e+00
  -3.4191649e+00
  -3.2173504e-01
   8.4094446e-01
   4.6073645e-01
   5.8933455e-02
  -3.0507191e-01
  -9.7136456e-01
  -3.2177326e+00
  -4.1024745e+00
  -4.2726996e+00
  -2.5778271e+00
  -8.5416426e-02
   1.9460804e+00
   1.0551203e+00
  -5.7956669e-01
  -1.6239857e+00
  -2.9328188e+00
  -3.4310357e+00
  -2.9115712e+00
  -2.5818814e+00
  -1.7747457e+00
  -1.3502990e+00
  -1.8233411e+00
  -2.3737186e+00
  -2.5087403e+00
  -1.9084151e+00
  -1.8585610e+00
  -1.5312472e+00
  -1.8204394e+00
  -2.5921342e+00
  -3.3975293e+00
  -4.1158216e+00
  -4.7503980e+00
  -5.3190397e+00
  -5.7981928e+00
  -6.1553744e+00
  -6.4083098e+00
  -6.5998644e+00
  -6.7386970e+00
  -6.8259157e+00
  -6.8871135e+00
  -6.9147195e+00
  -6.8866081e+00
  -6.7629647e+00
  -6.5108875e+00
  -6.0824136e+00
  -5.3858288e+00
  -4.2239721e+00
  -2.1705545e+00
   5.9493378e-01
   9.6769333e-01
   4.6151021e-01
  -4.5239943e-01
  -9.7345477e-01
  -1.0969524e+00
  -4.2789323e+00
  -3.9904313e+00
  -3.4808666e+00
  -1.7021195e+00
  -2.3927455e-02
   1.5246854e+00
   6.5908603e-01
  -5.0330519e-02
  -1.1329381e+00
  -2.3562988e+00
  -2.2460972e+00
  -1.4439085e+00
  -1.0299957e+00
   4.6329155e-01
   8.7904602e-01
   4.0012153e-03
  -9.1819167e-01
  -1.5893999e+00
  -2.5406903e+00
  -3.2698872e+00
  -3.1081256e+00
  -3.3367030e+00
  -4.1322377e+00
  -4.8644512e+00
  -5.3913277e+00
  -5.7520560e+00
  -6.0229601e+00
  -6.2475718e+00
  -6.4156665e+00
  -6.5214438e+00
  -6.5894031e+00
  -6.6235322e+00
  -6.6050662e+00
  -6.5586742e+00
  -6.4628290e+00
  -6.3150424e+00
  -6.0928196e+00
  -5.7556270e+00
  -5.2340420e+00
  -4.3858388e+00
  -2.9917793e+00
  -7.4195854e-01
   8.5638957e-01
   9.0589392e-01
   4.8347556e-01
  -9.6878701e-01
  -1.9418803e+00
  -1.9521344e+00
  -4.6934531e+00
  -3.7651887e+00
  -2.6905309e+00
  -1.0444811e+00
   2.6674630e-01
   1.3340842e+00
   7.5383155e-01
   1.6471531e-01
  -8.5712825e-01
  -1.9338149e+00
  -1.0455627e+00
   5.2795063e-02
   5.9454945e-01
   2.8382961e+00
   2.9067692e+00
   1.3619595e+00
  -3.3426086e-02
  -1.3753664e+00
  -3.0215201e+00
  -4.4448333e+00
  -4.5652652e+00
  -4.7743230e+00
  -5.6486950e+00
  -6.3709550e+00
  -6.8360291e+00
  -7.0795507e+00
  -7.1658773e+00
  -7.1514602e+00
  -7.0714741e+00
  -6.9398847e+00
  -6.7876396e+00
  -6.6313262e+00
  -6.4515734e+00
  -6.2745714e+00
  -6.0460849e+00
  -5.7694860e+00
  -5.4194021e+00
  -4.9539561e+00
  -4.3030691e+00
  -3.2764273e+00
  -1.6606258e+00
   5.5654156e-01
   1.1920403e+00
   8.9537919e-01
   5.2629477e-01
  -6.5632367e-01
  -2.2547512e+00
  -4.3483229e+00
  -5.2896323e+00
  -3.0034287e+00
  -1.6499010e+00
  -1.9356312e-01
   1.1492634e+00
   1.5188237e+00
   8.2559526e-01
   1.5730625e-01
  -1.0156484e+00
  -7.3781431e-01
   5.5171186e-01
   1.4882078e+00
   1.8227011e+00
   2.5809734e+00
   2.9896576e+00
   2.0209661e+00
   3.9224744e-01
  -1.3377256e+00
  -2.9248005e+00
  -5.2487610e+00
  -5.4035681e+00
  -5.5792015e+00
  -6.4193494e+00
  -7.0545536e+00
  -7.4810801e+00
  -7.7130680e+00
  -7.7635031e+00
  -7.6664038e+00
  -7.4633828e+00
  -7.1845704e+00
  -6.8612729e+00
  -6.5361959e+00
  -6.2152645e+00
  -5.9366582e+00
  -5.6280864e+00
  -5.2983683e+00
  -4.8938507e+00
  -4.3712248e+00
  -3.6969598e+00
  -2.6720406e+00
  -1.0118225e+00
   1.0045708e+00
   1.4841639e+00
   1.3467937e+00
   4.3148116e-01
  -5.2864915e-01
  -1.9518118e+00
  -4.2515521e+00
  -4.2320471e+00
  -1.8179310e+00
  -1.5261922e-01
   1.9002241e+00
   2.5016357e+00
   1.5438250e+00
   7.1509484e-01
   9.4322015e-02
  -8.6290331e-01
  -1.3921021e-01
   1.5637618e+00
   2.7038647e+00
   2.2172451e+00
   1.9191539e+00
   2.0629187e+00
   2.1500070e+00
   7.2900155e-01
  -9.5412356e-01
  -6.3010220e-01
  -1.8800326e+00
  -4.4804053e+00
  -5.4131244e+00
  -6.2273562e+00
  -6.8073579e+00
  -7.2352563e+00
  -7.5133987e+00
  -7.6246510e+00
  -7.5805440e+00
  -7.4001160e+00
  -7.1057783e+00
  -6.7270972e+00
  -6.3075888e+00
  -5.8816788e+00
  -5.5013130e+00
  -5.1227583e+00
  -4.7666501e+00
  -4.3582749e+00
  -3.8487301e+00
  -3.2707172e+00
  -2.4960479e+00
  -1.0726303e+00
   6.5301345e-01
   2.0576241e+00
   1.8692141e+00
  -3.7991467e-02
  -1.1339538e+00
  -2.3096199e+00
  -3.7628961e+00
  -2.6328694e+00
  -3.6475642e-01
   5.9777598e-01
   8.1568315e-01
   1.0711019e+00
   1.0433947e+00
   7.0278630e-01
   5.0619425e-02
  -8.7270920e-02
   3.0211222e-02
   1.7887686e+00
   3.3190854e+00
   2.2906398e+00
   1.7375280e+00
   1.0724074e+00
   2.0214560e+00
   1.1935338e+00
   3.4537945e-02
   7.7376842e-01
  -5.9439898e-01
  -2.8422401e+00
  -4.9026275e+00
  -5.6011710e+00
  -6.0587907e+00
  -6.3948164e+00
  -6.6240988e+00
  -6.7170062e+00
  -6.6673064e+00
  -6.5012980e+00
  -6.2274747e+00
  -5.8613958e+00
  -5.4049625e+00
  -4.8875155e+00
  -4.3487182e+00
  -3.7934799e+00
  -3.3319092e+00
  -2.9810696e+00
  -2.7073448e+00
  -2.5524542e+00
  -2.4252841e+00
  -1.7978570e+00
  -6.4499968e-01
   3.9040990e-02
  -1.2163520e-01
  -1.4569211e+00
  -2.5549083e+00
  -4.6069946e+00
  -3.4228818e+00
  -1.1880878e+00
   1.0174375e+00
   9.4211602e-01
   1.9373205e-01
   4.2552122e-01
   6.6546541e-01
   8.9634818e-01
   2.2002822e-01
   4.9610385e-01
  -1.6361889e-01
   1.1002672e+00
   3.0338309e+00
   2.5221586e+00
   1.8552088e+00
   7.3838770e-01
   2.2680409e+00
   1.7029222e+00
   1.0801201e+00
   5.5698055e-01
  -7.1366858e-01
  -2.3410676e+00
  -5.0900564e+00
  -5.8076549e+00
  -6.2426629e+00
  -6.5029993e+00
  -6.6094770e+00
  -6.5790329e+00
  -6.4188933e+00
  -6.1597419e+00
  -5.8077984e+00
  -5.3620691e+00
  -4.8137341e+00
  -4.1675282e+00
  -3.4531846e+00
  -2.6935389e+00
  -2.0183406e+00
  -1.5136182e+00
  -1.3300518e+00
  -1.6492660e+00
  -2.4485295e+00
  -3.0566552e+00
  -2.2534032e+00
  -2.3607140e+00
  -2.4036074e+00
  -4.7024140e+00
  -5.2668910e+00
  -4.8559122e+00
  -2.6755106e+00
  -3.0222440e-01
   1.5860269e+00
   1.0832260e+00
  -7.9954945e-02
   1.0338911e-01
   3.7521404e-01
   7.6953697e-01
   3.8357097e-01
   6.7526042e-01
  -3.8254899e-01
  -4.5874685e-01
   2.0421479e+00
   2.7828715e+00
   1.9556955e+00
   4.7764707e-01
   2.3716004e+00
   2.1616409e+00
   1.7125428e+00
   3.3462393e-01
  -8.4435219e-01
  -2.8518033e+00
  -5.7706466e+00
  -6.6723008e+00
  -7.2504272e+00
  -7.6197166e+00
  -7.8075023e+00
  -7.8501496e+00
  -7.7770720e+00
  -7.6145344e+00
  -7.3628306e+00
  -7.0019493e+00
  -6.5126610e+00
  -5.8662457e+00
  -5.0323186e+00
  -4.0226617e+00
  -2.9762988e+00
  -1.9807849e+00
  -1.2356986e+00
  -1.0536522e+00
  -2.0364885e+00
  -4.3706274e+00
  -3.4323537e+00
  -3.8456378e+00
  -4.5796261e+00
  -5.7072186e+00
  -5.8286448e+00
  -4.3154373e+00
  -2.1026003e+00
   9.8477855e-02
   1.9337056e+00
   1.1036167e+00
  -1.3045982e-02
  -1.7487624e-01
   6.2635750e-02
   1.5098764e-01
   4.6298021e-01
   7.9418075e-01
  -6.9931245e-01
  -1.3360828e+00
   9.5841712e-01
   2.3192637e+00
   1.8700542e+00
   1.6831046e-01
   1.6838322e+00
   2.4188137e+00
   1.9968259e+00
  -1.8098807e-01
  -1.6234715e+00
  -4.1397350e+00
  -6.3299459e+00
  -7.3214840e+00
  -7.9779687e+00
  -8.4131742e+00
  -8.6689039e+00
  -8.7847887e+00
  -8.7974954e+00
  -8.7252698e+00
  -8.5663066e+00
  -8.3102079e+00
  -7.9408565e+00
  -7.4231496e+00
  -6.7077998e+00
  -5.7734083e+00
  -4.6567963e+00
  -3.4166088e+00
  -2.1939284e+00
  -9.6708089e-01
   1.6015173e-03
  -1.4986125e+00
  -3.7087426e+00
  -4.7227524e+00
  -5.1366356e+00
  -5.5272158e+00
  -5.2560285e+00
  -3.9215224e+00
  -2.1846939e+00
  -1.9234465e-01
   2.0430175e+00
   1.1701248e+00
   7.2106708e-02
  -5.0243136e-01
  -1.2629230e-01
  -2.4963738e-01
   5.8048437e-01
   6.9211374e-01
  -9.2548000e-01
  -1.6487976e+00
  -1.8207208e-02
   1.2104378e+00
   1.1352990e+00
  -8.3244940e-02
   6.2314526e-01
   1.8223364e+00
   9.5554489e-01
  -5.8449327e-01
  -3.9641171e+00
  -5.9470289e+00
  -6.4201080e+00
  -7.3374005e+00
  -7.9794254e+00
  -8.4246082e+00
  -8.7055740e+00
  -8.8568591e+00
  -8.9036130e+00
  -8.8600539e+00
  -8.7277841e+00
  -8.4990758e+00
  -8.1496572e+00
  -7.6714774e+00
  -7.0506569e+00
  -6.2538016e+00
  -5.2591146e+00
  -4.0365577e+00
  -2.6024474e+00
  -7.7260700e-01
   1.1174583e+00
  -2.0470280e-01
  -3.5552171e+00
  -5.2403563e+00
  -5.4302471e+00
  -5.4981878e+00
  -4.9810513e+00
  -3.9608145e+00
  -2.7466749e+00
  -1.1142827e+00
   1.3739423e+00
   1.0666590e+00
   1.2695716e-01
  -2.1496229e-01
  -2.4379879e-01
  -4.3623213e-01
   1.7248776e-01
   5.7401299e-01
  -1.0960661e+00
  -1.6107769e+00
  -6.1346965e-01
   7.0554051e-01
   7.6604882e-01
   4.2311493e-01
   6.4600639e-01
   9.4566507e-01
   5.3898376e-01
  -1.0368887e+00
  -2.7143524e+00
  -5.1710906e+00
  -5.9648962e+00
  -6.7033291e+00
  -7.3453660e+00
  -7.8651900e+00
  -8.2270737e+00
  -8.4455757e+00
  -8.5578651e+00
  -8.5787907e+00
  -8.5141506e+00
  -8.3627167e+00
  -8.0958004e+00
  -7.7087483e+00
  -7.1770945e+00
  -6.4414072e+00
  -5.4619832e+00
  -4.1691175e+00
  -2.4162545e+00
  -1.9904782e-01
   9.1590536e-01
  -4.5522884e-01
  -3.7921364e+00
  -5.4608307e+00
  -5.5383382e+00
  -5.5344419e+00
  -5.0859275e+00
  -4.3546238e+00
  -3.4477270e+00
  -2.1863213e+00
   1.7837124e-01
   6.9695163e-01
  -1.4544918e-01
  -1.2328826e-01
  -6.3302588e-01
  -5.9294391e-01
  -1.7048147e-01
   3.2763839e-01
  -1.3843035e+00
  -2.3110456e+00
  -1.1517184e+00
   4.1927651e-01
   1.1467336e+00
   1.1780895e+00
   1.1441839e+00
   7.3815745e-01
   5.0263578e-01
  -1.8814896e+00
  -2.0375288e+00
  -4.0841327e+00
  -5.0034995e+00
  -5.5850310e+00
  -6.2154770e+00
  -6.8687234e+00
  -7.3813405e+00
  -7.7188845e+00
  -7.9187651e+00
  -8.0062981e+00
  -8.0010185e+00
  -7.9159265e+00
  -7.7417040e+00
  -7.4716067e+00
  -7.0801239e+00
  -6.4833832e+00
  -5.5264912e+00
  -4.1265645e+00
  -2.1022375e+00
   2.0635924e-01
   8.2222974e-01
  -1.2999917e+00
  -4.2129812e+00
  -5.3446817e+00
  -5.3722072e+00
  -5.3723593e+00
  -5.1216345e+00
  -4.7154241e+00
  -4.1305947e+00
  -3.2833233e+00
  -1.3074321e+00
   2.9480046e-01
  -5.0406098e-01
  -4.2446151e-01
  -1.0380772e+00
  -7.6483655e-01
  -3.7124282e-01
  -3.6263645e-01
  -1.9229307e+00
  -2.7564218e+00
  -1.4509511e+00
   2.0055667e-01
   1.6022010e+00
   1.8472314e+00
   1.8726928e+00
   8.5273939e-01
   3.4436414e-01
  -1.9574741e+00
  -2.5794470e+00
  -3.4155575e+00
  -3.7382827e+00
  -4.1608100e+00
  -4.6707715e+00
  -5.4291933e+00
  -6.1739399e+00
  -6.7197835e+00
  -7.0602761e+00
  -7.2421242e+00
  -7.3014298e+00
  -7.2580038e+00
  -7.1345645e+00
  -6.9424669e+00
  -6.6603910e+00
  -6.1942208e+00
  -5.3169664e+00
  -3.8172226e+00
  -1.6012552e+00
   8.1522360e-01
   1.0122356e+00
  -2.4545090e+00
  -4.7056164e+00
  -4.8012966e+00
  -4.8335284e+00
  -4.9118070e+00
  -4.8448738e+00
  -4.7203635e+00
  -4.5089182e+00
  -4.0987878e+00
  -2.7756588e+00
  -1.5974845e-01
  -7.5813135e-01
  -1.1851029e+00
  -1.6612755e+00
  -1.6749366e+00
  -1.4461492e+00
  -2.2654817e+00
  -4.9328545e+00
  -3.3606630e+00
  -1.4978297e+00
   3.2054641e-01
   3.1846581e+00
   2.3629148e+00
   1.0998125e+00
   7.7625242e-01
   2.6326814e-01
  -6.4463449e-01
  -9.3808305e-01
  -2.0158069e+00
  -2.5604432e+00
  -2.7372642e+00
  -3.0312192e+00
  -3.7129591e+00
  -4.6246367e+00
  -5.4422717e+00
  -6.0281677e+00
  -6.3787661e+00
  -6.5459948e+00
  -6.5410352e+00
  -6.4142394e+00
  -6.2179046e+00
  -5.9762206e+00
  -5.6101637e+00
  -4.8341389e+00
  -3.2708240e+00
  -7.3809898e-01
   9.5668459e-01
   8.1749082e-01
  -2.5970509e+00
  -3.9610586e+00
  -3.4743757e+00
  -3.6813273e+00
  -4.0138993e+00
  -4.1481848e+00
  -4.2326970e+00
  -4.3394480e+00
  -4.2570128e+00
  -3.5616691e+00
  -5.6608891e-01
  -8.8506973e-01
  -3.0575287e+00
  -3.2327080e+00
  -2.9754531e+00
  -3.0872896e+00
  -5.4356179e+00
  -5.6631122e+00
  -2.5252750e+00
  -1.2152215e+00
   5.1485950e-01
   3.7160077e+00
   1.6835711e+00
  -4.4687068e-01
  -1.6557910e-01
   5.8209491e-01
  -2.5501858e-02
  -4.6327990e-01
  -7.3407549e-01
  -1.4082060e+00
  -1.4263313e+00
  -1.5720048e+00
  -2.1050670e+00
  -2.9762678e+00
  -3.9221940e+00
  -4.7177954e+00
  -5.2677412e+00
  -5.5870395e+00
  -5.6603689e+00
  -5.5329876e+00
  -5.3082972e+00
  -5.0606384e+00
  -4.7372446e+00
  -4.0606279e+00
  -2.4891949e+00
   2.5372410e-01
   1.1606845e+00
   3.9587787e-01
  -2.6758864e+00
  -2.2123375e+00
  -1.1323700e+00
  -1.7411535e+00
  -2.4795995e+00
  -2.8865006e+00
  -3.1783895e+00
  -3.5477083e+00
  -3.7914038e+00
  -3.3433290e+00
  -1.1908199e+00
  -4.5225519e-01
  -2.7480795e+00
  -3.3397987e+00
  -3.4730730e+00
  -4.4751544e+00
  -5.0055933e+00
  -3.7637217e+00
  -1.1192510e+00
  -5.1556599e-01
   1.1603649e+00
   2.8881085e+00
   1.7024478e+00
  -1.4448454e+00
  -1.1382475e+00
   1.0618809e+00
  -3.3007818e-01
  -4.0061608e-01
  -7.3667532e-03
   1.6260123e-02
  -1.1386717e-02
  -2.1404786e-01
  -7.3168546e-01
  -1.5162982e+00
  -2.3840194e+00
  -3.1866436e+00
  -3.8219235e+00
  -4.2397933e+00
  -4.3908134e+00
  -4.2881961e+00
  -4.0644240e+00
  -3.8268151e+00
  -3.5634878e+00
  -2.9965794e+00
  -1.4743932e+00
   1.0287808e+00
   1.0557579e+00
  -2.7853373e-02
  -2.1623743e+00
   1.7911568e-04
   7.8837985e-01
   4.7258401e-01
  -5.6231135e-01
  -1.1093727e+00
  -1.5802586e+00
  -2.1918893e+00
  -2.7151196e+00
  -2.6955256e+00
  -1.8807743e+00
  -1.1498953e-01
  -5.6868422e-01
  -1.6882051e+00
  -2.6991913e+00
  -2.3438199e+00
  -2.3297620e+00
  -1.9095187e+00
   1.0655224e-03
   6.5578878e-01
   2.4589818e+00
   3.0320456e+00
   2.3996711e+00
  -2.7602330e-01
  -8.0639914e-02
   1.5173045e+00
  -6.9608557e-01
  -8.2821324e-02
   1.9134106e-02
   1.2265333e+00
   1.4764371e+00
   1.2188302e+00
   5.6670600e-01
  -1.7768472e-01
  -8.7948275e-01
  -1.5065081e+00
  -2.0484111e+00
  -2.4187119e+00
  -2.5753613e+00
  -2.4963412e+00
  -2.2979679e+00
  -2.1008534e+00
  -1.9426717e+00
  -1.5908778e+00
  -2.5178468e-01
   1.6381040e+00
   7.3855460e-01
  -1.1971061e+00
  -1.8839468e+00
   4.0477857e-01
   7.4598879e-01
   1.4696025e+00
   1.7062747e+00
   1.1654235e+00
   5.3854960e-01
  -3.1564128e-01
  -1.1687591e+00
  -1.5370312e+00
  -1.6426293e+00
  -9.5033264e-01
  -8.4677857e-01
  -1.4010770e+00
  -1.2102752e+00
  -3.8524944e-01
  -5.3687453e-01
  -5.7125562e-01
   1.3384438e-01
  -2.6924101e-01
   2.2516046e+00
   2.3468971e+00
   2.2061267e+00
   9.9600112e-01
   5.2975976e-01
   9.7878146e-01
  -1.0448375e+00
  -5.2441785e-01
   2.6989938e-01
   1.9513515e+00
   2.5497724e+00
   2.2079753e+00
   1.5148714e+00
   8.5030734e-01
   3.3578916e-01
  -5.5118713e-02
  -4.1109165e-01
  -6.3944981e-01
  -6.9723849e-01
  -6.1218158e-01
  -4.4409251e-01
  -2.9689585e-01
  -2.5427444e-01
  -1.7914603e-01
   8.6810189e-01
   1.4726906e+00
   7.3621122e-01
  -1.4317938e+00
  -1.0794092e+00
   4.5824703e-01
   6.5686444e-01
   1.1292767e+00
   2.7950978e+00
   2.9511637e+00
   2.3903834e+00
   1.4888256e+00
   4.1317939e-01
  -3.5593521e-01
  -3.2245662e-01
  -1.2954088e+00
  -2.7575733e+00
  -1.6318137e+00
  -5.1105070e-02
   6.6085629e-01
   4.2685198e-01
  -6.5990996e-02
  -2.2734471e-01
  -5.4892567e-01
  -1.3649962e-01
  -5.8324724e-02
   4.6489575e-01
   4.2186206e-01
   1.1120821e+00
  -3.3799674e-01
  -2.9832852e-01
  -4.0376911e-01
   4.8137017e-02
   1.3459775e+00
   2.2247670e+00
   2.1356444e+00
   1.7213638e+00
   1.4674869e+00
   1.3263129e+00
   1.2248695e+00
   1.1493696e+00
   1.1319892e+00
   1.1963127e+00
   1.3167555e+00
   1.4410170e+00
   1.5195044e+00
   1.4396670e+00
   1.2297685e+00
   1.5894192e+00
   1.2543955e+00
   1.2460381e+00
  -1.7975065e-01
  -5.5962831e-02
   7.1156305e-01
   8.7610823e-01
   9.5179403e-01
   2.5098774e+00
   3.8522553e+00
   3.5762720e+00
   2.8991690e+00
   1.8291706e+00
   7.1493781e-01
   2.1102224e-02
  -1.4675649e-01
  -5.7295638e-01
  -9.8620063e-01
   1.8514194e-01
   1.3362135e-01
   1.3166320e-01
  -7.5921714e-01
  -8.6479533e-01
  -2.2679400e-01
   2.0249070e-01
  -2.0758101e-01
  -1.4460567e-01
   2.2112747e-01
   1.0410013e+00
   6.9153756e-01
   8.6245187e-02
  -2.0882154e-01
  -1.3803966e-02
   6.9099206e-01
   9.9240357e-01
   1.3020332e+00
   1.2113658e+00
   1.4963624e+00
   1.8804021e+00
   2.1827908e+00
   2.4569502e+00
   2.6814995e+00
   2.8719778e+00
   3.0486443e+00
   3.1831210e+00
   3.1848738e+00
   2.9635313e+00
   2.5110877e+00
   1.9094188e+00
   7.9720080e-01
   1.6618507e+00
   3.1648612e-01
   1.7989373e-01
   7.8190923e-01
   1.0068226e+00
   1.0234599e+00
   1.2591188e+00
   2.6207273e+00
   3.6447997e+00
   3.5191305e+00
   2.7379384e+00
   1.5483898e+00
   1.7772792e-01
   8.5428901e-02
  -2.4338321e-01
  -3.3107677e-01
  -9.5662046e-03
  -5.5691350e-01
   7.8367531e-02
  -3.5227394e-01
  -7.5380468e-01
   2.3840016e-01
   7.0614046e-01
   3.3132732e-01
   1.2847750e+00
   1.4076004e+00
   7.6561326e-01
   1.4676617e+00
   4.7364721e-01
  -2.1963322e-01
   8.7345041e-02
   1.1110392e+00
   7.9884505e-01
  -2.6867911e-01
   2.7542418e-01
   1.0702118e+00
   1.9261950e+00
   2.6917884e+00
   3.2965434e+00
   3.7309852e+00
   4.0795364e+00
   4.3664494e+00
   4.5490909e+00
   4.5011244e+00
   4.1699324e+00
   3.5540729e+00
   2.2846501e+00
   5.9681964e-01
   1.5963677e+00
   2.5131080e-02
   1.7699793e-03
   6.5450710e-01
   9.7567964e-01
   1.1597184e+00
   1.2819203e+00
   1.0075563e+00
   1.6752046e+00
   3.3343108e+00
   3.1399779e+00
   2.1924739e+00
   1.2584686e+00
   5.6357044e-01
  -1.7915314e-01
   1.2114967e-01
   2.3118694e-01
   9.0573899e-02
   9.5638685e-02
   5.4214573e-01
   9.8033321e-01
   1.8338808e+00
   1.6406575e+00
   6.3028193e-01
   8.7934273e-01
   4.4300348e-01
   3.3532211e-01
   1.5808997e+00
   1.6183341e-01
   3.3229495e-01
   9.5812052e-01
   1.0425310e+00
   1.7937363e+00
  -7.8804139e-01
  -5.1347560e-01
   6.8500211e-01
   1.9328239e+00
   3.0210902e+00
   3.8018253e+00
   4.3958455e+00
   4.8757416e+00
   5.2386009e+00
   5.3786775e+00
   5.2419092e+00
   4.8146549e+00
   4.1487303e+00
   3.0562159e+00
   8.7623785e-01
   1.9267124e+00
   1.2145760e-01
  -8.0722275e-02
   4.1211255e-01
   7.4477926e-01
   9.6757024e-01
   1.1634931e+00
   1.2113424e+00
   1.5260125e+00
   2.5167289e+00
   2.9139069e+00
   2.3946496e+00
   1.3433221e+00
   4.1977697e-01
  -1.1101723e-01
   4.3358862e-01
   1.0062032e+00
   1.0862603e+00
   9.7372907e-01
   1.3867523e+00
   2.4031337e+00
   2.5636593e+00
   2.2748669e+00
   7.6068899e-01
   4.7973239e-01
   6.1095728e-01
   4.0569611e-01
   6.4774396e-01
   2.5148004e-01
   4.6545088e-01
   8.9476967e-01
   4.1101333e-01
   1.7632843e+00
   4.9331522e-01
  -1.5782809e-01
   1.0665511e+00
   2.5422890e+00
   3.5503240e+00
   4.1875782e+00
   4.7323627e+00
   5.0984597e+00
   5.2382565e+00
   5.2791204e+00
   5.1191163e+00
   4.5319958e+00
   3.7890058e+00
   2.6641979e+00
   1.3377307e-01
   2.0165951e+00
  -2.3237085e-01
  -1.4934438e-01
   2.4110365e-01
   4.9699759e-01
   7.1290213e-01
   7.8827280e-01
   7.5111884e-01
   1.7030263e+00
   2.5934155e+00
   2.6049142e+00
   2.1827312e+00
   6.5746701e-01
   1.1266530e-01
   2.3287457e-01
   7.2626722e-01
   8.3148718e-01
   9.5970720e-01
   1.1668447e+00
   1.4193275e+00
   1.6011963e+00
   9.6516252e-01
   6.2754518e-01
   7.7979945e-02
   6.0340220e-01
   6.3179612e-02
   6.2885880e-01
   3.6433694e-01
   3.6078510e-01
   7.9341167e-01
   6.6610801e-01
   1.4041892e-01
   1.3260612e+00
   1.3778569e+00
   5.9532487e-01
   1.7278868e+00
   3.0839620e+00
   3.3806605e+00
   3.7421210e+00
   3.9823637e+00
   4.0275469e+00
   3.9679205e+00
   3.8990455e+00
   3.5215948e+00
   2.9395840e+00
   2.0601544e+00
   1.7302516e-01
   3.3742213e-01
   1.5608265e+00
  -4.1775846e-01
  -2.8962782e-01
   1.1035806e-01
   3.6393669e-01
   4.8934844e-01
   5.3163207e-01
   8.2421041e-01
   2.1082461e+00
   1.7688940e+00
   1.7863877e+00
   1.5711305e+00
   6.8281406e-01
   3.9805886e-01
   6.2276644e-01
   4.2128286e-01
   6.6858912e-01
   4.9256140e-01
   5.4630798e-01
   6.9064593e-01
   3.2914007e-01
   4.3536413e-01
   6.2864430e-02
   2.5194165e-01
   9.7010329e-02
   2.3293690e-01
   1.7269722e-01
   7.1446455e-01
   3.3519587e-01
   3.0949941e-01
   4.5205805e-01
   9.2722133e-02
   1.0653288e+00
   2.6573012e+00
   1.1268812e+00
   9.4275737e-01
   9.3142456e-01
   1.0213592e+00
   1.8485717e+00
   1.9238453e+00
   1.5833181e+00
   8.1008631e-01
   5.3043634e-01
   3.8842863e-01
   7.8844689e-03
  -8.0173379e-01
  -2.3151259e+00
   1.6362025e+00
   3.7924200e-01
  -6.1577946e-01
  -3.6925095e-01
   1.3376802e-01
   3.2468396e-01
   4.2445147e-01
   1.7925966e-01
   6.9065183e-01
   1.2064523e+00
  -2.2651769e-01
   2.2887912e-01
  -8.8579416e-01
  -3.8656491e-01
  -6.1591023e-01
  -2.2070764e-01
   1.7640649e-01
   3.8556039e-01
   6.1062846e-02
   1.2608825e-01
   2.6030275e-01
   7.0583075e-02
   3.4787512e-01
   6.0816493e-02
  -1.9525902e-01
   1.0871976e-01
   1.0112639e-01
   4.6141937e-01
   1.1026827e-01
   5.1058996e-01
   3.6316189e-01
   1.4424673e-01
   3.0649853e-01
   1.7234263e-01
   9.6300149e-01
   3.5896912e-01
   1.5729796e-02
   7.5315142e-01
   4.6354032e-01
  -2.1252537e-02
  -4.1824853e-01
  -1.6073315e+00
  -1.4244467e+00
  -9.2586833e-01
  -9.8563087e-01
  -1.6144288e+00
  -1.8875610e+00
  -2.5368416e-01
   2.0058572e+00
  -3.1324857e-01
  -5.4933518e-01
  -1.0081980e-01
   2.6889768e-01
   5.2570039e-01
   4.1288304e-01
  -3.3538368e-01
   4.1387057e-01
  -3.8012049e-01
  -8.5240936e-01
  -6.3166124e-01
  -4.1890785e-01
   4.5932257e-01
  -9.6656716e-01
  -3.9286533e-01
   2.0310063e-02
   2.4362847e-01
   4.1160357e-01
   2.6876852e-01
  -7.7449180e-02
  -1.2594604e-01
   1.7029187e-01
  -2.3526332e-01
  -1.2478637e-01
   9.1252662e-04
  -6.7032534e-01
  -1.8366259e-01
  -5.3219634e-01
   7.9279476e-01
   6.0207790e-01
  -3.4029281e-01
  -6.4411718e-01
  -1.7295182e-02
   2.5931403e-01
  -9.2410520e-02
  -4.0400147e-01
  -1.6869584e-01
   8.3939642e-02
  -4.5961282e-01
  -1.1341463e+00
  -5.6492317e-01
   4.8907202e-01
  -2.8139091e-01
  -7.5847465e-01
  -1.1745007e-01
   3.6856908e-01
   3.3023205e-01
  -5.0579286e-01
  -4.7910750e-01
   3.8488603e-01
   6.2633860e-01
   3.8223377e-01
   1.9152734e-01
  -2.8190842e-01
   4.0488940e-02
   6.7794561e-01
  -2.9255691e-01
  -9.3379951e-01
  -8.3505362e-01
  -9.3176030e-02
   1.0739558e+00
  -5.0175987e-02
  -6.3579255e-01
  -2.0590600e-01
   2.7539268e-01
   4.3244505e-01
   1.5911642e-01
   6.6450518e-04
   7.3811054e-02
   1.6566825e-01
   6.2792704e-02
   5.5806093e-02
  -2.1797320e-01
  -5.4829937e-01
  -5.0095761e-01
  -1.2184434e-01
  -3.0333659e-01
  -3.5887784e-01
  -5.0262612e-01
  -5.7487333e-01
  -7.0841300e-01
  -8.8380927e-01
  -8.5216486e-01
  -7.2461611e-01
  -6.7751557e-01
  -9.9117953e-01
  -1.1551809e+00
  -1.2211062e+00
  -1.3427877e+00
  -1.6781888e+00
  -1.8433894e+00
  -1.7542390e+00
  -1.8597388e+00
  -1.7049147e+00
  -1.3307776e+00
  -8.0347955e-01
  -5.2078074e-01
  -4.7949755e-01
  -4.2804679e-01
  -3.7681690e-01
  -4.1544592e-01
  -4.3583503e-01
  -4.7859910e-01
  -4.8556048e-01
  -5.2044624e-01
  -6.1493409e-01
  -4.0273368e-01
   1.0158677e-01
   3.2475501e-01
  -7.3878281e-02
  -4.5573109e-01
  -4.6394214e-01
  -2.4250917e-01
  -1.8413781e-01
  -2.4961609e-01
  -2.3118091e-01
  -1.9820394e-01
  -3.4954232e-01
  -6.8691349e-01
  -7.8453255e-01
  -8.0159616e-01
  -7.3135352e-01
  -6.6929084e-01
  -4.9063832e-01
