   0.0000000e+00
   0.0000000e+00
   0.0000000e+00
   0.0000000e+00
   0.0000000e+00
   0.0000000e+00
   0.0000000e+00
   0.0000000e+00
   0.0000000e+00
   1.7062364e-02
   1.0371946e-02
   3.6375576e-03
  -2.1253946e-03
  -0.0000000e+00
  -0.0000000e+00
  -0.0000000e+00
  -0.0000000e+00
  -0.0000000e+00
  -0.0000000e+00
  -0.0000000e+00
   0.0000000e+00
   0.0000000e+00
   0.0000000e+00
   0.0000000e+00
   0.0000000e+00
   0.0000000e+00
   0.0000000e+00
   2.9088532e-03
   8.1588418e-03
   8.7107557e-03
   4.6857255e-03
  -0.0000000e+00
   0.0000000e+00
   0.0000000e+00
   0.0000000e+00
   0.0000000e+00
   0.0000000e+00
   0.0000000e+00
   0.0000000e+00
   0.0000000e+00
   0.0000000e+00
   0.0000000e+00
   0.0000000e+00
   0.0000000e+00
   0.0000000e+00
   0.0000000e+00
   0.0000000e+00
   0.0000000e+00
   0.0000000e+00
   0.0000000e+00
   0.0000000e+00
   0.0000000e+00
   0.0000000e+00
  -0.0000000e+00
  -0.0000000e+00
  -0.0000000e+00
  -7.1084940e-03
   2.5589818e-03
   5.6665307e-03
   3.3474711e-03
   2.9047900e-03
  -1.2617101e-03
  -4.4084461e-03
  -1.0047855e-02
  -1.5791792e-02
  -1.8063916e-02
  -2.1309137e-02
  -2.0630463e-02
  -2.4649738e-02
  -2.6131722e-02
  -2.1445890e-02
  -2.5066424e-02
  -3.3215234e-02
   0.0000000e+00
  -4.5975252e-03
  -5.9260549e-03
   5.2166213e-03
   1.0701724e-02
   1.2626608e-02
   9.9412852e-03
   4.5554111e-03
  -4.7486290e-03
  -1.9212839e-02
  -1.4417250e-02
  -0.0000000e+00
  -0.0000000e+00
  -0.0000000e+00
  -0.0000000e+00
   0.0000000e+00
   0.0000000e+00
   0.0000000e+00
   0.0000000e+00
   0.0000000e+00
   0.0000000e+00
   0.0000000e+00
   0.0000000e+00
   1.1125237e-02
   2.0957539e-02
   2.8847502e-02
   2.9582817e-02
   1.1113236e-02
   2.8633403e-03
  -2.9820971e-03
  -9.3870433e-03
  -2.2616584e-03
   4.0541301e-03
   8.1079304e-03
   1.1598395e-02
   1.4265182e-02
   1.6269973e-02
   1.6526312e-02
   1.5736599e-02
   1.5969859e-02
   1.6279835e-02
   1.8006081e-02
   1.8671956e-02
   2.0195175e-02
   1.9306466e-02
   1.9452846e-02
   1.6171306e-02
   1.6676927e-02
   3.4830858e-02
   4.0817316e-02
   2.9977059e-02
   2.6771350e-02
   2.5700141e-02
   2.6725670e-02
   2.9596480e-02
   2.9462943e-02
   2.9224604e-02
   2.5289651e-02
   2.1970572e-02
   1.8894039e-02
   1.7588610e-02
   1.6596671e-02
   2.4954719e-02
   2.0368657e-02
   1.9350791e-02
   5.3798487e-03
   3.9520850e-03
  -1.6054234e-03
  -9.4239080e-04
  -9.3482888e-03
  -3.8442507e-03
   3.4784824e-02
   3.5444591e-02
   3.8732450e-02
   3.8573021e-02
   2.9911523e-02
   0.0000000e+00
   1.7242852e-02
   4.6807393e-03
   8.3870366e-03
   1.6239159e-02
   2.4555799e-02
   3.0084368e-02
   3.6508735e-02
   4.3281183e-02
   4.7849871e-02
   5.0506130e-02
   5.2300457e-02
   5.5719607e-02
   5.9388280e-02
   6.2709510e-02
   6.5448545e-02
   6.5662056e-02
   6.5327860e-02
   6.1846524e-02
   6.1677754e-02
   6.0964771e-02
   4.7356816e-02
   4.2455968e-02
   4.1036278e-02
   3.9913770e-02
   4.2112932e-02
   4.8243679e-02
   5.4508071e-02
   6.0223181e-02
   6.4811595e-02
   6.8136647e-02
   7.0895255e-02
   7.1553923e-02
   6.8329915e-02
   6.4110413e-02
   6.1106168e-02
   5.9154328e-02
   5.5227775e-02
   4.8021331e-02
   3.9256051e-02
   3.1465627e-02
   2.6940690e-02
   2.9302355e-02
   5.8047594e-02
   5.3566343e-02
   4.9227405e-02
   4.7569649e-02
   0.0000000e+00
   0.0000000e+00
   2.2455817e-02
   1.4661420e-02
   2.1301685e-02
   3.2297160e-02
   3.6562074e-02
   4.6565311e-02
   5.4239366e-02
   6.5976188e-02
   7.5643167e-02
   8.1011459e-02
   8.4721193e-02
   8.8387653e-02
   9.2392683e-02
   9.7373880e-02
   9.9337578e-02
   9.9094927e-02
   9.7454697e-02
   8.7660357e-02
   7.3242731e-02
   5.4721851e-02
   0.0000000e+00
   3.3070837e-02
   3.9639257e-02
   4.6110261e-02
   5.4082762e-02
   6.4998984e-02
   7.5326443e-02
   8.3744280e-02
   9.1137618e-02
   9.6670419e-02
   9.8387808e-02
   9.7595133e-02
   9.5911339e-02
   9.4172448e-02
   9.3660153e-02
   9.2888944e-02
   8.9189157e-02
   8.4875695e-02
   7.9804316e-02
   7.4536137e-02
   7.2091617e-02
   6.1788861e-02
   0.0000000e+00
   0.0000000e+00
   5.1790439e-02
   0.0000000e+00
   0.0000000e+00
   0.0000000e+00
   0.0000000e+00
   2.3592777e-02
   3.3736341e-02
   4.7272438e-02
   5.3972065e-02
   6.2853761e-02
   6.9120065e-02
   8.0499025e-02
   9.0308804e-02
   9.6756544e-02
   1.0112485e-01
   1.0601011e-01
   1.1110417e-01
   1.1499300e-01
   1.1654826e-01
   1.1641761e-01
   1.1153789e-01
   9.7146083e-02
   6.9304735e-02
   4.3686588e-02
   0.0000000e+00
   2.3118049e-02
   3.4525853e-02
   4.8027782e-02
   6.3213162e-02
   7.8788938e-02
   9.2285443e-02
   1.0286154e-01
   1.0924573e-01
   1.1044957e-01
   1.0629755e-01
   1.0019923e-01
   9.3235392e-02
   9.2063602e-02
   9.9609871e-02
   1.0757261e-01
   1.1064713e-01
   1.1158228e-01
   1.0925477e-01
   1.0378188e-01
   9.6299131e-02
   8.9713722e-02
   0.0000000e+00
   0.0000000e+00
   0.0000000e+00
   0.0000000e+00
   0.0000000e+00
   0.0000000e+00
   0.0000000e+00
   2.6792886e-02
   3.8901888e-02
   5.2579902e-02
   6.0832513e-02
   7.2740464e-02
   8.0015756e-02
   8.6641558e-02
   9.2993498e-02
   9.7948059e-02
   1.0289433e-01
   1.0792668e-01
   1.1235986e-01
   1.1521781e-01
   1.1643529e-01
   1.1523488e-01
   1.0851676e-01
   9.1782279e-02
   6.0252655e-02
   3.2799018e-02
   0.0000000e+00
   1.5182583e-02
   3.1208394e-02
   4.6345223e-02
   6.3357458e-02
   8.2111888e-02
   9.7540192e-02
   1.0602807e-01
   1.0663299e-01
   1.0445920e-01
   9.8622441e-02
   9.4348922e-02
   8.7895453e-02
   8.5758321e-02
   9.4250709e-02
   1.0601082e-01
   1.1381517e-01
   1.1812232e-01
   1.1721300e-01
   1.1091936e-01
   9.8677047e-02
   8.8850280e-02
   0.0000000e+00
   0.0000000e+00
   0.0000000e+00
   0.0000000e+00
   0.0000000e+00
   0.0000000e+00
   0.0000000e+00
   3.2052830e-02
   3.6529258e-02
   4.7282953e-02
   5.5457469e-02
   6.4843632e-02
   7.2436027e-02
   7.8171864e-02
   8.3280951e-02
   8.8030741e-02
   9.2551790e-02
   9.6168011e-02
   9.9272884e-02
   1.0110951e-01
   1.0115477e-01
   9.8174483e-02
   8.9931823e-02
   7.3510043e-02
   4.4207759e-02
   2.4388163e-02
   0.0000000e+00
   0.0000000e+00
   2.6894138e-02
   4.0219091e-02
   5.5509314e-02
   7.4439377e-02
   8.8440582e-02
   9.1314115e-02
   8.5687473e-02
   7.5624779e-02
   7.1102858e-02
   7.4825913e-02
   7.2074272e-02
   7.4279614e-02
   8.3416939e-02
   9.4483428e-02
   1.0352877e-01
   1.0876304e-01
   1.0820969e-01
   1.0151425e-01
   8.8868238e-02
   7.2575361e-02
   0.0000000e+00
   0.0000000e+00
   0.0000000e+00
   0.0000000e+00
   0.0000000e+00
   0.0000000e+00
   3.7726482e-02
   3.7779156e-02
   3.5294674e-02
   4.0060949e-02
   4.5530632e-02
   5.1957697e-02
   5.7621058e-02
   6.2683538e-02
   6.7271233e-02
   7.1137823e-02
   7.4175157e-02
   7.6503806e-02
   7.8202590e-02
   7.8890823e-02
   7.7643551e-02
   7.3115230e-02
   6.4745128e-02
   5.0531436e-02
   2.7923215e-02
   1.4536838e-02
   0.0000000e+00
   0.0000000e+00
   8.2610670e-03
   2.8292656e-02
   4.2558149e-02
   5.9067979e-02
   6.8450704e-02
   6.4945966e-02
   5.2375864e-02
   3.5263600e-02
   5.2155419e-02
   5.0025589e-02
   4.0953271e-02
   4.7295451e-02
   5.8538377e-02
   7.0839368e-02
   8.1335865e-02
   8.6674102e-02
   8.6242437e-02
   8.0459841e-02
   7.1003124e-02
   5.8505615e-02
   3.6913336e-02
   0.0000000e+00
   0.0000000e+00
   0.0000000e+00
   0.0000000e+00
   0.0000000e+00
   3.6023254e-02
   3.8475366e-02
   3.0517039e-02
   3.1337477e-02
   3.3963617e-02
   3.7138667e-02
   4.0342752e-02
   4.3364495e-02
   4.6148866e-02
   4.8582178e-02
   5.0479211e-02
   5.2018486e-02
   5.2452885e-02
   5.1421851e-02
   4.8965462e-02
   4.4546913e-02
   3.7297528e-02
   2.5928672e-02
   1.3199384e-02
   7.7406021e-03
   0.0000000e+00
   0.0000000e+00
  -2.3274133e-03
   9.3843918e-03
   2.4093265e-02
   3.8590096e-02
   4.2603366e-02
   3.4225218e-02
   1.6946945e-02
   6.3824441e-03
   0.0000000e+00
  -0.0000000e+00
   8.0613112e-03
   1.8365655e-02
   2.9741162e-02
   4.1187201e-02
   5.0884310e-02
   5.5703275e-02
   5.5481169e-02
   5.1421884e-02
   4.6121620e-02
   4.1166521e-02
   2.6010031e-02
   0.0000000e+00
   0.0000000e+00
   0.0000000e+00
   0.0000000e+00
   1.4756722e-02
   2.2863487e-02
   2.3674245e-02
   1.9050970e-02
   1.8457231e-02
   1.9288791e-02
   2.0697604e-02
   2.1908877e-02
   2.3134885e-02
   2.4068402e-02
   2.4853406e-02
   2.5896484e-02
   2.6607027e-02
   2.6135377e-02
   2.4185426e-02
   2.1241214e-02
   1.7090994e-02
   1.0988964e-02
   2.9419066e-03
  -1.5880273e-04
   1.5917485e-03
   0.0000000e+00
   0.0000000e+00
  -0.0000000e+00
  -1.4157743e-02
   3.6732305e-03
   1.7735549e-02
   1.6826184e-02
   6.2786219e-03
  -9.0066805e-03
  -1.4222614e-02
   0.0000000e+00
  -0.0000000e+00
  -9.6920198e-03
  -6.0744275e-03
   4.8984571e-03
   1.4279567e-02
   2.0041322e-02
   2.2288870e-02
   2.1406678e-02
   1.8948284e-02
   1.7389921e-02
   2.0882835e-02
   9.5263493e-03
   1.6049614e-02
   0.0000000e+00
   0.0000000e+00
  -0.0000000e+00
   1.9859887e-03
   6.1782910e-03
   6.9317313e-03
   7.7725099e-03
   5.9196856e-03
   5.2933265e-03
   5.3293463e-03
   5.3691249e-03
   5.2938075e-03
   5.1586223e-03
   5.0313277e-03
   5.6922613e-03
   5.7546548e-03
   4.5789550e-03
   1.8261698e-03
  -1.7206939e-03
  -6.1906506e-03
  -1.1653741e-02
  -1.6956642e-02
  -8.2302792e-03
   1.1144552e-02
   0.0000000e+00
   0.0000000e+00
   0.0000000e+00
  -4.1573630e-02
  -1.6009457e-02
  -8.4033451e-04
  -6.2228125e-03
  -1.8443923e-02
  -2.9165804e-02
  -2.8829550e-02
   0.0000000e+00
   0.0000000e+00
  -2.3853100e-02
  -2.2544784e-02
  -1.2055618e-02
  -8.7398486e-03
  -8.2251616e-03
  -9.2405546e-03
  -1.1463079e-02
  -1.2906756e-02
  -1.1136381e-02
  -3.2849209e-03
  -1.2018165e-02
   2.4255901e-03
   1.0416571e-03
  -8.8734233e-03
  -0.0000000e+00
  -1.0887140e-02
  -6.0445564e-03
  -3.2109143e-03
  -2.4549414e-03
  -3.4205171e-03
  -4.8035216e-03
  -6.4728656e-03
  -8.0062235e-03
  -8.9107193e-03
  -9.4151171e-03
  -9.6799945e-03
  -9.6101984e-03
  -1.0214597e-02
  -1.2559962e-02
  -1.6494077e-02
  -2.0970618e-02
  -2.6305890e-02
  -3.1821035e-02
  -3.4300741e-02
  -1.9462727e-02
  -3.3804036e-03
   0.0000000e+00
   0.0000000e+00
   0.0000000e+00
  -5.3147166e-02
  -2.9694463e-02
  -1.8090352e-02
  -2.7356151e-02
  -3.8177393e-02
  -2.6826354e-02
  -9.2082397e-03
   0.0000000e+00
   0.0000000e+00
  -3.6432389e-02
  -3.0005841e-02
  -2.2071315e-02
  -3.0515656e-02
  -3.5316199e-02
  -3.9222989e-02
  -4.2563025e-02
  -4.2904988e-02
  -3.7842780e-02
  -2.6977882e-02
  -3.0636020e-02
  -1.7861487e-02
  -1.2503701e-02
  -1.6712204e-02
  -1.7840632e-02
  -1.7241048e-02
  -1.1819432e-02
  -7.6686572e-03
  -6.9323019e-03
  -8.1785666e-03
  -1.0771836e-02
  -1.3340380e-02
  -1.5105953e-02
  -1.6336892e-02
  -1.6911440e-02
  -1.7158663e-02
  -1.7997187e-02
  -2.0535620e-02
  -2.4779266e-02
  -2.9980803e-02
  -3.5612211e-02
  -4.1732758e-02
  -4.7064062e-02
  -4.7277138e-02
  -3.1630311e-02
  -1.1971175e-02
   0.0000000e+00
   0.0000000e+00
   0.0000000e+00
   0.0000000e+00
  -2.8452304e-02
  -3.1560805e-02
  -4.1763794e-02
  -4.9857594e-02
  -4.5809854e-02
   0.0000000e+00
   0.0000000e+00
   0.0000000e+00
  -0.0000000e+00
  -3.7771894e-02
  -3.1969212e-02
  -4.7424573e-02
  -5.5304874e-02
  -6.1016675e-02
  -6.4957261e-02
  -6.4698681e-02
  -5.8166232e-02
  -4.5644667e-02
  -4.5615096e-02
  -3.3607386e-02
  -2.8158247e-02
  -2.5390569e-02
  -2.3109239e-02
  -1.8616756e-02
  -1.2428499e-02
  -8.6371452e-03
  -8.6438935e-03
  -1.1039794e-02
  -1.4293836e-02
  -1.7044771e-02
  -1.8739292e-02
  -2.0099113e-02
  -2.0923072e-02
  -2.2052012e-02
  -2.4976814e-02
  -2.9876020e-02
  -3.5615586e-02
  -4.1612960e-02
  -4.7925126e-02
  -5.4162577e-02
  -5.8452059e-02
  -5.6991804e-02
  -4.2777196e-02
  -3.2013656e-02
   0.0000000e+00
   0.0000000e+00
   0.0000000e+00
   0.0000000e+00
  -2.8981008e-02
  -4.2110253e-02
  -5.2065931e-02
  -5.6670837e-02
  -4.6706469e-02
   0.0000000e+00
   0.0000000e+00
   0.0000000e+00
  -0.0000000e+00
  -4.5896510e-02
  -4.2749855e-02
  -5.9562828e-02
  -6.9094233e-02
  -7.6265015e-02
  -8.1347153e-02
  -8.1542261e-02
  -7.4223600e-02
  -6.0431596e-02
  -5.5171032e-02
  -4.3079759e-02
  -3.4685030e-02
  -2.7685302e-02
  -1.9213670e-02
  -1.3884375e-02
  -9.8558681e-03
  -8.6195170e-03
  -1.0676372e-02
  -1.4380148e-02
  -1.7702302e-02
  -2.0569113e-02
  -2.2617760e-02
  -2.4210238e-02
  -2.5883172e-02
  -2.8833641e-02
  -3.3734552e-02
  -3.9661075e-02
  -4.5878949e-02
  -5.2071766e-02
  -5.8097438e-02
  -6.3198753e-02
  -6.5327011e-02
  -6.1687365e-02
  -4.5920980e-02
  -2.9215672e-02
   0.0000000e+00
   0.0000000e+00
   0.0000000e+00
   0.0000000e+00
  -3.0960809e-02
  -4.9553206e-02
  -5.9022546e-02
  -5.4828671e-02
  -3.0273662e-02
   0.0000000e+00
   0.0000000e+00
   0.0000000e+00
   0.0000000e+00
  -9.9339975e-03
  -5.9074562e-02
  -6.6240757e-02
  -7.5862324e-02
  -8.3712031e-02
  -9.0488043e-02
  -9.1911201e-02
  -8.4254858e-02
  -6.9845601e-02
  -5.7941683e-02
  -4.4430792e-02
  -3.1891093e-02
  -1.9908253e-02
  -1.1824965e-02
  -9.6873892e-03
  -1.0147813e-02
  -1.2960138e-02
  -1.7252408e-02
  -2.1554263e-02
  -2.4753511e-02
  -2.7339075e-02
  -2.9549818e-02
  -3.1827800e-02
  -3.4995031e-02
  -3.9612047e-02
  -4.5272235e-02
  -5.1110197e-02
  -5.6911781e-02
  -6.2178783e-02
  -6.6432640e-02
  -6.9352962e-02
  -6.9087334e-02
  -6.3488878e-02
  -4.7399220e-02
   0.0000000e+00
   0.0000000e+00
   0.0000000e+00
   0.0000000e+00
   0.0000000e+00
  -3.3277694e-02
  -5.4056507e-02
  -6.0214598e-02
  -4.4628147e-02
  -5.0977011e-03
   3.7349135e-02
   0.0000000e+00
   0.0000000e+00
   0.0000000e+00
  -1.8688627e-02
  -6.1109304e-02
  -6.7674071e-02
  -7.5150728e-02
  -8.1671812e-02
  -8.8987581e-02
  -9.1686688e-02
  -8.4980816e-02
  -7.1997724e-02
  -5.0545949e-02
  -3.4821652e-02
  -1.9775575e-02
  -9.4977040e-03
  -7.2555714e-03
  -1.0542177e-02
  -1.6114516e-02
  -2.2579355e-02
  -2.8583674e-02
  -3.3229534e-02
  -3.6346782e-02
  -3.8850043e-02
  -4.1519225e-02
  -4.4955920e-02
  -4.9427673e-02
  -5.4500494e-02
  -5.9745759e-02
  -6.4620934e-02
  -6.8743132e-02
  -7.1734890e-02
  -7.3030107e-02
  -7.2402894e-02
  -6.7700893e-02
  -5.1380098e-02
  -1.9425811e-02
   0.0000000e+00
   0.0000000e+00
   0.0000000e+00
   0.0000000e+00
   0.0000000e+00
  -3.6721619e-02
  -5.4215234e-02
  -5.4570295e-02
  -3.1430501e-02
   1.4590578e-02
   3.7349136e-02
   0.0000000e+00
   0.0000000e+00
   0.0000000e+00
  -3.8876593e-02
  -5.9452981e-02
  -6.3022755e-02
  -6.5705076e-02
  -6.8742618e-02
  -7.4339509e-02
  -7.8203626e-02
  -7.4042298e-02
  -6.4046010e-02
  -3.1287692e-02
  -1.7132076e-02
  -6.2140119e-03
  -3.0981144e-03
  -7.2117620e-03
  -1.5202743e-02
  -2.4540137e-02
  -3.3653926e-02
  -4.1306630e-02
  -4.6842985e-02
  -5.0597131e-02
  -5.3682782e-02
  -5.6981754e-02
  -6.1038632e-02
  -6.5453492e-02
  -6.9726124e-02
  -7.3820241e-02
  -7.7070147e-02
  -7.8865759e-02
  -7.8739978e-02
  -7.6177970e-02
  -7.0233822e-02
  -5.9723899e-02
  -3.8061101e-02
  -2.5062874e-02
   0.0000000e+00
   0.0000000e+00
   0.0000000e+00
   0.0000000e+00
   0.0000000e+00
  -0.0000000e+00
  -4.9788255e-02
  -4.4926159e-02
  -2.0927517e-02
   5.5894437e-03
   0.0000000e+00
   0.0000000e+00
   0.0000000e+00
   0.0000000e+00
  -4.2424926e-02
  -5.1986717e-02
  -5.0352860e-02
  -4.7568586e-02
  -4.4985980e-02
  -4.7307730e-02
  -5.2109517e-02
  -5.0793774e-02
  -4.3462012e-02
  -1.5136707e-02
  -6.8763294e-03
  -1.9907578e-03
  -4.3544795e-03
  -1.1470721e-02
  -2.0818469e-02
  -3.1042658e-02
  -4.1130668e-02
  -5.0099581e-02
  -5.6920934e-02
  -6.1734837e-02
  -6.5550987e-02
  -6.9089953e-02
  -7.2661091e-02
  -7.5946350e-02
  -7.8822014e-02
  -8.1392569e-02
  -8.2799089e-02
  -8.2334210e-02
  -7.9329972e-02
  -7.2999504e-02
  -6.2655631e-02
  -4.6652998e-02
  -2.0306093e-02
  -7.5362276e-03
   0.0000000e+00
   0.0000000e+00
   0.0000000e+00
   0.0000000e+00
   0.0000000e+00
  -0.0000000e+00
  -4.3356481e-02
  -3.4666194e-02
  -1.3346826e-02
   1.2602611e-03
   0.0000000e+00
   0.0000000e+00
   0.0000000e+00
   0.0000000e+00
  -3.6442272e-02
  -3.6279774e-02
  -3.2704754e-02
  -2.4824591e-02
  -1.6291083e-02
  -1.7349797e-02
  -2.3631451e-02
  -2.5538876e-02
  -2.2226585e-02
  -1.4105210e-02
  -1.1117699e-02
  -9.0769926e-03
  -1.3564586e-02
  -2.1224532e-02
  -2.9691700e-02
  -3.7943820e-02
  -4.6047489e-02
  -5.3755313e-02
  -6.0205363e-02
  -6.5069240e-02
  -6.8886396e-02
  -7.2095123e-02
  -7.4609284e-02
  -7.6478359e-02
  -7.7913632e-02
  -7.8899105e-02
  -7.8707893e-02
  -7.6642145e-02
  -7.2002289e-02
  -6.3789915e-02
  -5.0994034e-02
  -3.1745730e-02
  -8.2824040e-03
  -1.2741927e-03
   0.0000000e+00
   0.0000000e+00
   0.0000000e+00
   0.0000000e+00
   0.0000000e+00
  -0.0000000e+00
  -3.6484966e-02
  -2.5008442e-02
  -7.4347341e-03
  -2.2133292e-04
   0.0000000e+00
   0.0000000e+00
   0.0000000e+00
   0.0000000e+00
  -2.6598236e-02
  -1.8501095e-02
  -1.4991994e-02
  -3.5032271e-03
   9.8630000e-03
   6.2905377e-03
  -3.4367842e-03
  -1.0482894e-02
  -1.3844253e-02
  -2.3714080e-02
  -2.4766083e-02
  -2.2828852e-02
  -2.9062401e-02
  -3.7700901e-02
  -4.5619282e-02
  -5.1730558e-02
  -5.6448280e-02
  -6.0382493e-02
  -6.3503448e-02
  -6.5513168e-02
  -6.6757981e-02
  -6.7764987e-02
  -6.8296161e-02
  -6.8335090e-02
  -6.7936082e-02
  -6.6915628e-02
  -6.5039884e-02
  -6.1749034e-02
  -5.6419599e-02
  -4.7861680e-02
  -3.4802543e-02
  -1.6446346e-02
  -2.8900140e-04
   2.3628637e-04
   0.0000000e+00
   0.0000000e+00
   0.0000000e+00
   0.0000000e+00
  -0.0000000e+00
  -3.9131672e-02
  -2.9146088e-02
  -1.6691689e-02
  -3.1241362e-03
   1.4148032e-03
   0.0000000e+00
   0.0000000e+00
   0.0000000e+00
   0.0000000e+00
  -1.8072096e-02
  -2.8004902e-03
   1.3813197e-03
   1.4291763e-02
   3.1234951e-02
   2.2336684e-02
   7.6853665e-03
  -4.7420094e-03
  -1.5376222e-02
  -3.3881731e-02
  -4.0634170e-02
  -3.7154220e-02
  -4.5207545e-02
  -5.5434074e-02
  -6.4079128e-02
  -6.9796734e-02
  -7.2632536e-02
  -7.3037222e-02
  -7.1785249e-02
  -6.9249436e-02
  -6.6106953e-02
  -6.3207723e-02
  -6.0480133e-02
  -5.7959411e-02
  -5.5383701e-02
  -5.2455738e-02
  -4.9169440e-02
  -4.4874720e-02
  -3.9199132e-02
  -3.1143244e-02
  -1.9443858e-02
  -4.4809501e-03
   5.8211931e-03
   3.4734340e-03
   0.0000000e+00
   0.0000000e+00
   0.0000000e+00
  -0.0000000e+00
  -5.8496659e-02
  -4.7012791e-02
  -1.9255273e-02
  -7.5333528e-03
   2.8222913e-03
   6.9850853e-03
   0.0000000e+00
   0.0000000e+00
   0.0000000e+00
   0.0000000e+00
   0.0000000e+00
   1.1623713e-02
   1.4199665e-02
   1.5592728e-02
   3.4164670e-02
   2.8069170e-02
   1.2847140e-02
  -2.7710777e-03
  -1.7957600e-02
  -3.5557713e-02
  -4.9548534e-02
  -4.4278259e-02
  -5.2410373e-02
  -6.2111132e-02
  -7.0166721e-02
  -7.5811340e-02
  -7.8704676e-02
  -7.8361800e-02
  -7.5526206e-02
  -7.0774204e-02
  -6.5170787e-02
  -5.9636608e-02
  -5.4528364e-02
  -5.0298428e-02
  -4.6498874e-02
  -4.2742676e-02
  -3.9133939e-02
  -3.4851949e-02
  -2.9640868e-02
  -2.2817851e-02
  -1.2706040e-02
   3.0573081e-04
   8.8482842e-03
   7.6762221e-03
   0.0000000e+00
   0.0000000e+00
   0.0000000e+00
  -0.0000000e+00
  -5.0183298e-02
  -3.1408988e-02
  -9.4703294e-03
   5.2980742e-03
   1.4963784e-02
   1.6278496e-02
   0.0000000e+00
   0.0000000e+00
   0.0000000e+00
   0.0000000e+00
   0.0000000e+00
   2.7044464e-02
   2.1979087e-02
   1.1625312e-02
   2.3978571e-02
   2.6899577e-02
   1.5417808e-02
   2.0321689e-04
  -1.4579510e-02
  -5.0560961e-03
   0.0000000e+00
  -3.9874018e-02
  -4.9846103e-02
  -5.9266180e-02
  -6.7334487e-02
  -7.3362647e-02
  -7.6848632e-02
  -7.7182701e-02
  -7.4797271e-02
  -6.9977618e-02
  -6.3797086e-02
  -5.7164595e-02
  -5.0865935e-02
  -4.5659350e-02
  -4.1301246e-02
  -3.7517763e-02
  -3.4098718e-02
  -2.9994073e-02
  -2.5368673e-02
  -2.0468465e-02
  -1.3240507e-02
  -1.4384185e-03
   7.6935571e-03
   1.6861271e-02
   0.0000000e+00
   0.0000000e+00
   0.0000000e+00
  -3.8190640e-02
  -3.6396916e-02
  -1.4323179e-02
  -3.0958681e-03
   0.0000000e+00
   0.0000000e+00
   0.0000000e+00
   0.0000000e+00
   0.0000000e+00
   0.0000000e+00
   0.0000000e+00
   0.0000000e+00
   3.4274711e-02
   2.5997881e-02
   8.4948483e-03
   1.0560134e-02
   2.2066402e-02
   1.7119223e-02
   5.5560109e-03
  -2.5664875e-03
  -5.0560964e-03
   0.0000000e+00
  -3.5121778e-02
  -4.4845615e-02
  -5.2916758e-02
  -5.9832681e-02
  -6.5192759e-02
  -6.8405010e-02
  -6.8699136e-02
  -6.6710733e-02
  -6.2601693e-02
  -5.7117749e-02
  -5.0742164e-02
  -4.4147253e-02
  -3.8057461e-02
  -3.2389671e-02
  -2.7573761e-02
  -2.4005037e-02
  -2.1053746e-02
  -1.9002577e-02
  -1.8939037e-02
  -1.9524908e-02
  -1.1763681e-02
  -3.7943623e-03
   1.2431941e-03
   0.0000000e+00
   0.0000000e+00
  -0.0000000e+00
  -3.8534989e-02
  -2.2402830e-02
  -1.2685539e-03
   6.1155068e-03
   0.0000000e+00
   0.0000000e+00
   0.0000000e+00
   0.0000000e+00
   0.0000000e+00
   0.0000000e+00
   0.0000000e+00
   0.0000000e+00
   2.9637554e-02
   2.6107067e-02
   1.1931671e-02
   1.0560134e-02
   2.2838820e-02
   2.0006504e-02
   9.9512674e-03
   5.3452170e-03
   0.0000000e+00
   0.0000000e+00
  -3.8595317e-02
  -5.0480973e-02
  -5.9633579e-02
  -6.7177810e-02
  -7.2492152e-02
  -7.5242832e-02
  -7.4971259e-02
  -7.2286844e-02
  -6.7448400e-02
  -6.1168097e-02
  -5.3715676e-02
  -4.5502119e-02
  -3.7091490e-02
  -2.8700713e-02
  -2.0948924e-02
  -1.4485236e-02
  -1.0062028e-02
  -9.6549112e-03
  -1.5772672e-02
  -2.9161535e-02
  -2.8958058e-02
  -2.0090358e-02
  -2.2133124e-02
  -5.3128472e-02
  -5.3128472e-02
  -5.0236274e-02
  -3.5173532e-02
  -1.3516867e-02
   5.3865956e-03
   1.0242207e-02
   0.0000000e+00
   0.0000000e+00
   0.0000000e+00
   0.0000000e+00
   0.0000000e+00
   0.0000000e+00
   0.0000000e+00
  -0.0000000e+00
   1.0775359e-02
   2.1896623e-02
   1.8759101e-02
   0.0000000e+00
   0.0000000e+00
   2.3626916e-02
   1.3824135e-02
   9.8187874e-03
   0.0000000e+00
   0.0000000e+00
  -4.7534771e-02
  -6.3789152e-02
  -7.7332690e-02
  -8.9016832e-02
  -9.7552866e-02
  -1.0268295e-01
  -1.0419234e-01
  -1.0283493e-01
  -9.8885499e-02
  -9.2856370e-02
  -8.4890358e-02
  -7.5318925e-02
  -6.4542092e-02
  -5.2539010e-02
  -3.9772987e-02
  -2.6513740e-02
  -1.4012329e-02
  -6.2751621e-03
  -7.6701678e-03
  -2.9309254e-02
  -4.4570051e-02
  -3.3361562e-02
  -4.3332647e-02
  -5.5819011e-02
  -6.1821631e-02
  -5.0822846e-02
  -3.2513969e-02
  -1.1631393e-02
   7.8884941e-03
   1.4672862e-02
   0.0000000e+00
   0.0000000e+00
   0.0000000e+00
   0.0000000e+00
   0.0000000e+00
   0.0000000e+00
   0.0000000e+00
  -0.0000000e+00
  -1.1217764e-03
   1.4299094e-02
   1.7791724e-02
   0.0000000e+00
   0.0000000e+00
   2.2560287e-02
   1.5813403e-02
   1.2793488e-02
   0.0000000e+00
   0.0000000e+00
  -5.6264266e-02
  -7.4116264e-02
  -9.0859068e-02
  -1.0513396e-01
  -1.1586387e-01
  -1.2297792e-01
  -1.2659863e-01
  -1.2740131e-01
  -1.2556107e-01
  -1.2122296e-01
  -1.1423030e-01
  -1.0459488e-01
  -9.2623493e-02
  -7.8794961e-02
  -6.3738119e-02
  -4.7055128e-02
  -2.8699187e-02
  -1.1556876e-02
   5.3918062e-04
  -2.5886500e-03
  -4.0626900e-02
  -4.4589381e-02
  -5.5391963e-02
  -6.0711242e-02
  -6.2086899e-02
  -5.0967916e-02
  -3.4445362e-02
  -1.5677032e-02
   6.6811884e-03
   1.5637752e-02
   0.0000000e+00
   0.0000000e+00
   0.0000000e+00
   0.0000000e+00
   0.0000000e+00
   0.0000000e+00
   0.0000000e+00
  -0.0000000e+00
  -9.1176737e-03
   3.1606289e-03
   6.4915469e-03
   0.0000000e+00
   0.0000000e+00
   1.4467039e-02
   1.4393611e-02
   1.3008028e-02
   0.0000000e+00
  -6.3983816e-02
  -6.0632725e-02
  -7.5529887e-02
  -9.1263455e-02
  -1.0440984e-01
  -1.1477462e-01
  -1.2217347e-01
  -1.2670918e-01
  -1.2863049e-01
  -1.2814622e-01
  -1.2532841e-01
  -1.1977547e-01
  -1.1124417e-01
  -1.0039807e-01
  -8.7492098e-02
  -7.2675324e-02
  -5.5405193e-02
  -3.5199437e-02
  -1.3724886e-02
   3.2734269e-03
   8.7019799e-03
  -2.9107083e-02
  -5.0928192e-02
  -6.2029336e-02
  -6.5754778e-02
  -6.3377805e-02
  -5.3939381e-02
  -4.0265336e-02
  -2.4280972e-02
  -1.5367477e-03
   9.1729596e-03
   0.0000000e+00
   0.0000000e+00
   0.0000000e+00
   0.0000000e+00
   0.0000000e+00
   0.0000000e+00
   0.0000000e+00
  -0.0000000e+00
  -1.4215075e-02
  -4.9152266e-03
  -1.9680706e-05
   0.0000000e+00
   0.0000000e+00
   8.8350886e-03
   6.4615728e-03
   0.0000000e+00
   0.0000000e+00
  -5.7172737e-02
  -5.6814812e-02
  -6.7365050e-02
  -7.9334646e-02
  -9.0311348e-02
  -1.0018897e-01
  -1.0790415e-01
  -1.1325224e-01
  -1.1627959e-01
  -1.1710495e-01
  -1.1594304e-01
  -1.1267690e-01
  -1.0698587e-01
  -9.9268712e-02
  -8.9002311e-02
  -7.5484954e-02
  -5.7702802e-02
  -3.5238836e-02
  -1.0444988e-02
   3.9874059e-03
   7.1289040e-03
  -0.0000000e+00
  -5.3905107e-02
  -6.2335655e-02
  -6.5882526e-02
  -6.3105375e-02
  -5.6511611e-02
  -4.6540804e-02
  -3.4298915e-02
  -1.5414465e-02
  -4.4854583e-03
   0.0000000e+00
   0.0000000e+00
   0.0000000e+00
   0.0000000e+00
   0.0000000e+00
   0.0000000e+00
   0.0000000e+00
   0.0000000e+00
  -2.1509440e-02
  -1.0332253e-02
  -2.6320779e-03
   0.0000000e+00
   0.0000000e+00
   8.5940035e-03
   2.6218115e-03
   0.0000000e+00
   0.0000000e+00
  -0.0000000e+00
  -4.7361594e-02
  -5.3542323e-02
  -6.1112493e-02
  -7.0126094e-02
  -7.9964578e-02
  -8.8601828e-02
  -9.5322013e-02
  -9.9758826e-02
  -1.0183525e-01
  -1.0180885e-01
  -9.9984311e-02
  -9.6527472e-02
  -9.1671303e-02
  -8.4964514e-02
  -7.4246958e-02
  -5.7049017e-02
  -3.3482097e-02
  -7.4701360e-03
   4.6222267e-03
   4.5939478e-03
  -0.0000000e+00
  -5.3132165e-02
  -5.7431649e-02
  -6.0241316e-02
  -5.8242749e-02
  -5.5003848e-02
  -5.0237931e-02
  -4.4334080e-02
  -3.3448674e-02
  -2.4898705e-02
   0.0000000e+00
   0.0000000e+00
   0.0000000e+00
   0.0000000e+00
   0.0000000e+00
   0.0000000e+00
   0.0000000e+00
  -0.0000000e+00
  -2.6134074e-02
  -1.3476083e-02
  -3.8550998e-03
   0.0000000e+00
   0.0000000e+00
   1.1447983e-02
   3.5722343e-03
   0.0000000e+00
   0.0000000e+00
  -0.0000000e+00
  -3.7530965e-02
  -3.8925800e-02
  -4.2163099e-02
  -4.8818340e-02
  -5.8762018e-02
  -6.8701706e-02
  -7.7133877e-02
  -8.3382120e-02
  -8.7162440e-02
  -8.8310261e-02
  -8.7410201e-02
  -8.5029033e-02
  -8.1628179e-02
  -7.6849764e-02
  -6.8374283e-02
  -5.2575932e-02
  -2.9209018e-02
  -3.9829235e-03
   5.2465371e-03
   0.0000000e+00
  -5.1485388e-02
  -4.9147056e-02
  -4.8666728e-02
  -5.0596376e-02
  -4.9994172e-02
  -4.9484519e-02
  -4.9573911e-02
  -5.0006190e-02
  -4.7999618e-02
  -4.4582444e-02
   0.0000000e+00
   0.0000000e+00
   0.0000000e+00
   0.0000000e+00
   0.0000000e+00
   0.0000000e+00
   0.0000000e+00
  -0.0000000e+00
  -2.7173656e-02
  -1.6092006e-02
   1.9873877e-02
   4.0934414e-02
   0.0000000e+00
   7.4283212e-03
   3.7348094e-03
   0.0000000e+00
   0.0000000e+00
  -0.0000000e+00
  -2.9214516e-02
  -2.6428945e-02
  -2.5811998e-02
  -2.9967600e-02
  -3.9002132e-02
  -4.9772244e-02
  -5.9793845e-02
  -6.7922622e-02
  -7.3495731e-02
  -7.5981319e-02
  -7.5730875e-02
  -7.3694222e-02
  -7.0885926e-02
  -6.7327879e-02
  -6.0696155e-02
  -4.6225004e-02
  -2.2717893e-02
   2.0723217e-03
   7.3751554e-03
   0.0000000e+00
  -4.4193200e-02
  -3.9462745e-02
  -3.6701117e-02
  -3.8593218e-02
  -3.9484885e-02
  -4.0671065e-02
  -4.3567285e-02
  -4.7941480e-02
  -5.0176572e-02
  -4.0876153e-02
   0.0000000e+00
   0.0000000e+00
   0.0000000e+00
   0.0000000e+00
   0.0000000e+00
   0.0000000e+00
  -0.0000000e+00
  -4.5838504e-02
  -2.0359352e-02
  -1.7436596e-02
   1.6791459e-02
   4.0934417e-02
   0.0000000e+00
  -0.0000000e+00
  -0.0000000e+00
   0.0000000e+00
   0.0000000e+00
  -0.0000000e+00
  -1.8624153e-02
  -1.4351303e-02
  -1.1542724e-02
  -1.4623708e-02
  -2.2385452e-02
  -3.2809500e-02
  -4.3182548e-02
  -5.2144211e-02
  -5.8767270e-02
  -6.2377281e-02
  -6.2691860e-02
  -6.0821611e-02
  -5.8193892e-02
  -5.5472333e-02
  -5.0708409e-02
  -3.8480598e-02
  -1.4480927e-02
   8.6801928e-03
   9.4541956e-03
   0.0000000e+00
  -3.0682722e-02
  -1.8742550e-02
  -1.8142078e-02
  -2.3713432e-02
  -2.6160698e-02
  -2.8375033e-02
  -3.2543149e-02
  -3.8911041e-02
  -4.3103177e-02
  -3.2210300e-02
  -2.0227540e-02
   0.0000000e+00
   0.0000000e+00
   0.0000000e+00
  -4.1425158e-02
   0.0000000e+00
  -4.9821800e-02
  -2.8116778e-02
  -7.8058047e-03
  -1.2167323e-02
   8.0847842e-03
   0.0000000e+00
   0.0000000e+00
  -0.0000000e+00
  -0.0000000e+00
   0.0000000e+00
   0.0000000e+00
   0.0000000e+00
  -1.3317668e-03
   3.5371399e-03
   4.7013815e-03
   8.2225146e-05
  -8.1404950e-03
  -1.8063532e-02
  -2.7671801e-02
  -3.5995744e-02
  -4.2453665e-02
  -4.6175629e-02
  -4.6422385e-02
  -4.4449791e-02
  -4.1902471e-02
  -3.9871607e-02
  -3.7258934e-02
  -2.8054703e-02
  -4.5757717e-03
   1.2855953e-02
   9.7365087e-03
   0.0000000e+00
  -0.0000000e+00
  -1.5618570e-02
   7.2046508e-03
  -2.5387458e-03
  -9.3480218e-03
  -1.2509010e-02
  -1.7609028e-02
  -2.5108187e-02
  -3.1151066e-02
  -2.9307975e-02
  -2.6598156e-02
   0.0000000e+00
   0.0000000e+00
  -0.0000000e+00
  -2.3244781e-02
  -2.0943798e-02
  -2.8197532e-02
  -1.2492153e-02
   1.5547584e-03
   1.5520954e-02
   2.1097465e-02
   0.0000000e+00
   0.0000000e+00
  -0.0000000e+00
  -0.0000000e+00
   0.0000000e+00
   0.0000000e+00
   0.0000000e+00
   0.0000000e+00
   2.7893551e-02
   2.7326412e-02
   1.9685360e-02
   8.4276358e-03
  -2.3310282e-03
  -1.1265616e-02
  -1.8399246e-02
  -2.3672616e-02
  -2.6549565e-02
  -2.5994297e-02
  -2.3192987e-02
  -2.0231815e-02
  -1.8586300e-02
  -1.8592881e-02
  -1.3762888e-02
   7.1874950e-03
   1.6125921e-02
   0.0000000e+00
   0.0000000e+00
   0.0000000e+00
   0.0000000e+00
   0.0000000e+00
   2.6368098e-02
   1.7865004e-02
   1.0790416e-02
   3.1291549e-03
  -6.7126649e-03
  -1.5522872e-02
  -1.7809639e-02
  -2.2332191e-02
  -3.3403420e-02
  -2.3656620e-02
  -1.2391220e-02
  -6.2799300e-03
  -5.2016943e-03
  -1.3384881e-02
  -4.1033243e-03
   9.3780175e-04
   0.0000000e+00
   0.0000000e+00
   0.0000000e+00
   0.0000000e+00
   0.0000000e+00
   0.0000000e+00
   0.0000000e+00
   0.0000000e+00
   0.0000000e+00
   0.0000000e+00
   4.7987667e-02
   4.4211182e-02
   3.7068060e-02
   2.5221081e-02
   1.4406443e-02
   6.1704697e-03
  -7.9817143e-05
  -4.2046618e-03
  -5.5364914e-03
  -3.8048325e-03
  -9.0534280e-05
   3.4497983e-03
   4.8894177e-03
   2.5301531e-03
   1.9154825e-03
   1.6009708e-02
   1.9422495e-02
   0.0000000e+00
   0.0000000e+00
   0.0000000e+00
   0.0000000e+00
   0.0000000e+00
   3.6336091e-02
   4.3144210e-02
   3.6985988e-02
   2.5821725e-02
   1.3084984e-02
   5.0248523e-04
  -5.4239848e-03
  -5.6955814e-03
  -0.0000000e+00
  -2.1556819e-02
  -5.8242365e-03
   2.2222686e-03
   5.7071377e-03
   0.0000000e+00
   8.4712616e-05
   0.0000000e+00
   0.0000000e+00
   0.0000000e+00
   0.0000000e+00
   0.0000000e+00
   0.0000000e+00
   0.0000000e+00
   0.0000000e+00
   0.0000000e+00
   0.0000000e+00
   0.0000000e+00
   5.0362765e-02
   4.2300732e-02
   3.9453886e-02
   3.5006732e-02
   3.0845158e-02
   2.6440617e-02
   2.2298805e-02
   2.0053368e-02
   2.0618074e-02
   2.3866339e-02
   2.8149426e-02
   3.1418215e-02
   3.1842168e-02
   2.6840186e-02
   1.9048160e-02
   2.1047683e-02
   2.1942313e-02
   0.0000000e+00
   0.0000000e+00
   0.0000000e+00
   0.0000000e+00
   0.0000000e+00
   0.0000000e+00
   5.4294484e-02
   5.6130011e-02
   4.6251185e-02
   3.2961018e-02
   1.6599923e-02
   3.2478669e-03
  -1.7295590e-03
   0.0000000e+00
  -1.1826515e-02
  -5.7791378e-03
   4.5087973e-04
   0.0000000e+00
   0.0000000e+00
   0.0000000e+00
  -4.3059955e-03
   6.2867080e-03
   0.0000000e+00
   0.0000000e+00
   0.0000000e+00
   0.0000000e+00
   0.0000000e+00
   0.0000000e+00
   0.0000000e+00
   0.0000000e+00
   0.0000000e+00
   0.0000000e+00
   3.0930309e-02
   2.5880599e-02
   3.1233162e-02
   3.9368626e-02
   4.4804592e-02
   4.7176495e-02
   4.8882201e-02
   5.1831044e-02
   5.6036822e-02
   6.0505383e-02
   6.2749840e-02
   6.0576286e-02
   5.2002557e-02
   3.6570139e-02
   2.0452877e-02
   0.0000000e+00
   0.0000000e+00
   0.0000000e+00
   0.0000000e+00
   0.0000000e+00
   0.0000000e+00
   0.0000000e+00
   0.0000000e+00
   5.6973459e-02
   5.3740911e-02
   4.7803916e-02
   3.0903149e-02
   1.1122328e-02
   2.0928508e-03
   0.0000000e+00
  -9.4941590e-03
  -9.7266444e-03
   0.0000000e+00
   0.0000000e+00
   0.0000000e+00
  -2.9294066e-03
   1.2536950e-03
   8.2564953e-03
   8.5021261e-03
   0.0000000e+00
   0.0000000e+00
   0.0000000e+00
   0.0000000e+00
   0.0000000e+00
   0.0000000e+00
   0.0000000e+00
   0.0000000e+00
   0.0000000e+00
  -0.0000000e+00
  -3.0841044e-04
   1.7209752e-02
   3.7413418e-02
   5.4734051e-02
   6.7377172e-02
   7.5429969e-02
   8.1371762e-02
   8.6847454e-02
   9.1688722e-02
   9.2626326e-02
   8.7034225e-02
   7.4017502e-02
   5.2401409e-02
   2.4380622e-02
   0.0000000e+00
   0.0000000e+00
   0.0000000e+00
   0.0000000e+00
   0.0000000e+00
   0.0000000e+00
   0.0000000e+00
   0.0000000e+00
   0.0000000e+00
   5.3879769e-02
   5.5619515e-02
   4.1555673e-02
   2.2865534e-02
   1.4783828e-02
   0.0000000e+00
   0.0000000e+00
   4.1055866e-04
   4.1055866e-04
  -3.0715064e-03
   6.8925152e-03
   1.3311213e-02
   1.9445086e-02
   2.1801271e-02
   1.9412772e-02
   0.0000000e+00
   0.0000000e+00
   0.0000000e+00
   0.0000000e+00
   0.0000000e+00
   0.0000000e+00
   0.0000000e+00
   0.0000000e+00
   0.0000000e+00
  -0.0000000e+00
  -2.0860746e-02
   1.4924190e-03
   3.2500886e-02
   6.1239149e-02
   8.1844042e-02
   9.5962893e-02
   1.0689208e-01
   1.1405923e-01
   1.1681539e-01
   1.1385648e-01
   1.0436488e-01
   8.6527954e-02
   6.0539663e-02
   3.6596548e-02
   0.0000000e+00
   0.0000000e+00
   0.0000000e+00
   0.0000000e+00
   0.0000000e+00
   0.0000000e+00
   0.0000000e+00
   0.0000000e+00
   0.0000000e+00
   0.0000000e+00
   5.6260820e-02
   4.6808591e-02
   3.1148564e-02
   2.3175646e-02
   0.0000000e+00
   0.0000000e+00
   0.0000000e+00
   0.0000000e+00
   0.0000000e+00
   1.1303430e-02
   2.1875193e-02
   3.1590464e-02
   3.0446580e-02
   3.0129269e-02
   0.0000000e+00
   0.0000000e+00
   0.0000000e+00
   0.0000000e+00
   0.0000000e+00
   0.0000000e+00
   0.0000000e+00
   0.0000000e+00
   0.0000000e+00
   0.0000000e+00
  -1.4276571e-02
   5.4509584e-03
   4.0046759e-02
   7.1945876e-02
   9.5497794e-02
   1.1173092e-01
   1.2043659e-01
   1.2223198e-01
   1.1938587e-01
   1.1295041e-01
   9.9651441e-02
   7.9224586e-02
   5.0908193e-02
   3.8557633e-02
   0.0000000e+00
   0.0000000e+00
   0.0000000e+00
   0.0000000e+00
   0.0000000e+00
   0.0000000e+00
   0.0000000e+00
   0.0000000e+00
   0.0000000e+00
   6.4666313e-02
   5.9171584e-02
   4.7583342e-02
   3.5604192e-02
   0.0000000e+00
   0.0000000e+00
   0.0000000e+00
   0.0000000e+00
   0.0000000e+00
   0.0000000e+00
   0.0000000e+00
   0.0000000e+00
   0.0000000e+00
   0.0000000e+00
   0.0000000e+00
   0.0000000e+00
   0.0000000e+00
   0.0000000e+00
   0.0000000e+00
   0.0000000e+00
   0.0000000e+00
   0.0000000e+00
   0.0000000e+00
   0.0000000e+00
   0.0000000e+00
   6.9087767e-03
   1.9377328e-02
   4.9390142e-02
   7.1165249e-02
   8.7283544e-02
   9.8326907e-02
   1.0068091e-01
   9.2851937e-02
   8.5604124e-02
   7.9504937e-02
   6.2829576e-02
   4.2126395e-02
   2.1426333e-02
   3.7763224e-02
   0.0000000e+00
   0.0000000e+00
   0.0000000e+00
   0.0000000e+00
   0.0000000e+00
   0.0000000e+00
   0.0000000e+00
   0.0000000e+00
   0.0000000e+00
   5.1998357e-02
   4.8408732e-02
   3.6866079e-02
   2.4108665e-02
   1.9456712e-02
   0.0000000e+00
   0.0000000e+00
   0.0000000e+00
   0.0000000e+00
   0.0000000e+00
   0.0000000e+00
   0.0000000e+00
   0.0000000e+00
   0.0000000e+00
   0.0000000e+00
   0.0000000e+00
   0.0000000e+00
   0.0000000e+00
   0.0000000e+00
   0.0000000e+00
   0.0000000e+00
   0.0000000e+00
   0.0000000e+00
   0.0000000e+00
   0.0000000e+00
   3.6261942e-02
   2.2313685e-02
   1.5458221e-02
   1.4621210e-02
   3.2266002e-02
   4.3501288e-02
   4.0141664e-02
   3.3140052e-02
   4.6039345e-02
   1.7227184e-02
   1.0147474e-02
  -6.0348828e-03
  -2.4868378e-02
   0.0000000e+00
   0.0000000e+00
   0.0000000e+00
   0.0000000e+00
   0.0000000e+00
   0.0000000e+00
   0.0000000e+00
   0.0000000e+00
   0.0000000e+00
   0.0000000e+00
   0.0000000e+00
   0.0000000e+00
  -2.5464293e-03
  -4.8532366e-03
  -0.0000000e+00
  -0.0000000e+00
   0.0000000e+00
   0.0000000e+00
   0.0000000e+00
   0.0000000e+00
   0.0000000e+00
   0.0000000e+00
   0.0000000e+00
   0.0000000e+00
  -0.0000000e+00
  -0.0000000e+00
   0.0000000e+00
   0.0000000e+00
   0.0000000e+00
   0.0000000e+00
   0.0000000e+00
   0.0000000e+00
   0.0000000e+00
   0.0000000e+00
   0.0000000e+00
   0.0000000e+00
   0.0000000e+00
   0.0000000e+00
  -0.0000000e+00
  -6.5568953e-03
  -2.8428741e-03
  -4.3086200e-03
  -1.5007106e-02
   0.0000000e+00
   0.0000000e+00
   0.0000000e+00
  -0.0000000e+00
   0.0000000e+00
   0.0000000e+00
   0.0000000e+00
   0.0000000e+00
   0.0000000e+00
   0.0000000e+00
   0.0000000e+00
   0.0000000e+00
   0.0000000e+00
   0.0000000e+00
  -0.0000000e+00
  -0.0000000e+00
   0.0000000e+00
   0.0000000e+00
   0.0000000e+00
  -0.0000000e+00
  -0.0000000e+00
  -0.0000000e+00
   0.0000000e+00
   0.0000000e+00
   0.0000000e+00
   0.0000000e+00
   0.0000000e+00
   0.0000000e+00
   0.0000000e+00
  -0.0000000e+00
  -0.0000000e+00
   0.0000000e+00
   0.0000000e+00
   0.0000000e+00
   0.0000000e+00
   0.0000000e+00
   0.0000000e+00
   0.0000000e+00
   0.0000000e+00
   0.0000000e+00
   0.0000000e+00
   0.0000000e+00
   0.0000000e+00
   0.0000000e+00
   0.0000000e+00
   0.0000000e+00
   0.0000000e+00
   0.0000000e+00
   0.0000000e+00
   0.0000000e+00
   0.0000000e+00
   0.0000000e+00
  -0.0000000e+00
  -0.0000000e+00
  -0.0000000e+00
   0.0000000e+00
   0.0000000e+00
   0.0000000e+00
   0.0000000e+00
   0.0000000e+00
   0.0000000e+00
   0.0000000e+00
   0.0000000e+00
   0.0000000e+00
   0.0000000e+00
   0.0000000e+00
   0.0000000e+00
  -0.0000000e+00
  -0.0000000e+00
  -0.0000000e+00
   0.0000000e+00
   0.0000000e+00
   0.0000000e+00
   0.0000000e+00
   0.0000000e+00
   0.0000000e+00
  -0.0000000e+00
  -0.0000000e+00
  -0.0000000e+00
   0.0000000e+00
   0.0000000e+00
   0.0000000e+00
   0.0000000e+00
  -0.0000000e+00
  -0.0000000e+00
  -0.0000000e+00
  -0.0000000e+00
  -0.0000000e+00
  -0.0000000e+00
  -0.0000000e+00
  -1.6227375e-02
  -1.9700511e-02
  -2.6165809e-02
  -2.8294653e-02
  -2.8175348e-02
  -3.0856017e-02
  -3.5875683e-02
  -3.7590543e-02
  -3.4288491e-02
  -3.5157574e-02
  -2.5333327e-02
  -1.7304599e-02
  -1.1377020e-02
  -9.8250526e-03
  -7.5965007e-03
  -9.8401471e-03
  -1.3415554e-02
  -1.5716025e-02
  -1.6098869e-02
  -0.0000000e+00
  -0.0000000e+00
  -0.0000000e+00
  -0.0000000e+00
  -0.0000000e+00
  -0.0000000e+00
  -0.0000000e+00
  -0.0000000e+00
  -0.0000000e+00
  -0.0000000e+00
  -0.0000000e+00
  -0.0000000e+00
  -0.0000000e+00
  -0.0000000e+00
  -0.0000000e+00
  -0.0000000e+00
  -0.0000000e+00
  -0.0000000e+00
  -0.0000000e+00
  -0.0000000e+00
  -0.0000000e+00
  -0.0000000e+00
