  4.021084e-01
  3.394421e-01
  3.497396e-01
  3.459707e-01
  3.409334e-01
  3.322172e-01
  3.251479e-01
  3.145783e-01
  3.028264e-01
  2.812925e-01
  2.597305e-01
  2.542676e-01
  2.515019e-01
  2.431938e-01
  2.408914e-01
  2.396723e-01
  2.426605e-01
  2.490758e-01
  2.544457e-01
  2.588267e-01
  2.662396e-01
  2.658549e-01
  2.551006e-01
  2.351407e-01
  2.202700e-01
  2.190430e-01
  2.235547e-01
  2.306689e-01
  2.375840e-01
  2.387289e-01
  2.351727e-01
  2.298609e-01
  2.260928e-01
  2.256203e-01
  2.292548e-01
  2.317551e-01
  2.364821e-01
  2.482470e-01
  2.659427e-01
  2.941666e-01
  3.263952e-01
  3.574744e-01
  3.883691e-01
  4.119420e-01
  4.347756e-01
  4.413939e-01
  4.113416e-01
  3.527281e-01
