   4.2719826e-01
   2.7432767e-01
  -1.8145535e-02
  -6.1949059e-02
   2.6482478e-01
   5.1793122e-01
   6.6659236e-01
   9.2633343e-01
   1.3496363e+00
   1.7245680e+00
   1.5579199e+00
   1.1954201e+00
   9.7950381e-01
   8.2301378e-01
   5.5118608e-01
   1.9646896e-01
   1.9369230e-01
   7.7127826e-01
   9.6042866e-01
   5.3980809e-01
   2.6359546e-01
   1.5674582e-01
   2.3236640e-01
   7.2763897e-02
  -4.0145993e-01
  -3.8659474e-01
   6.2310278e-01
   1.4744654e+00
   1.6359061e+00
   1.3168621e+00
   9.2568970e-01
   5.0583518e-01
   2.3154177e-01
   1.6687974e-01
   1.5487897e-01
   2.1253930e-01
   2.0140634e-01
   2.1714989e-02
   1.1055071e-01
   5.9122247e-01
   6.8660766e-01
   2.0047185e-01
  -1.9623516e-01
   8.9486629e-02
   2.7180380e-01
  -4.8216000e-02
   3.0488754e-02
   1.8225077e-01
   8.3969682e-01
   4.7592804e-01
   4.1697834e-02
   1.9438666e-01
   6.6355586e-01
   5.3351110e-01
   4.7488984e-01
   6.6757679e-01
   1.1685171e+00
   1.4617703e+00
   1.4980067e+00
   1.6431173e+00
   1.5500978e+00
   1.3858930e+00
   1.1823499e+00
   8.1955135e-01
   7.4244219e-01
   8.9439040e-01
   9.3534470e-01
   9.3455547e-01
   5.9633732e-01
  -2.2313467e-01
  -3.2023522e-01
  -1.0000269e+00
  -1.6541985e+00
   4.8064834e-01
   1.2003018e+00
  -8.1931263e-02
   1.1350626e-02
   1.1699156e+00
   1.7989156e+00
   1.8633913e+00
   1.4696733e+00
   1.1357661e+00
   1.0227665e+00
   9.1156507e-01
   9.3494016e-01
   9.5683062e-01
   1.1250728e+00
   1.2256875e+00
   6.5037704e-01
   4.0949401e-02
   1.8267587e-01
   6.2848884e-01
   2.9459557e-01
  -1.4657888e-01
   1.0266061e-01
   6.7824000e-01
   7.2418533e-02
  -2.5007308e-01
  -8.5598208e-02
  -3.2230273e-02
   1.5175895e-01
   2.2226523e-01
  -1.4510192e-03
  -7.8951098e-02
   4.4844294e-01
   8.9234692e-01
   1.0404446e+00
   1.1085949e+00
   1.0687399e+00
   9.9410868e-01
   8.7645698e-01
   7.7124321e-01
   7.1417391e-01
   6.1283314e-01
   5.2132702e-01
   1.7294057e-01
  -1.6432685e-01
  -7.6230097e-01
  -1.1565697e+00
  -1.6770368e+00
  -2.0415049e+00
  -1.7267437e+00
  -9.7333580e-01
  -8.7059116e-01
  -4.0862089e-01
   4.5079160e-01
   1.1440177e+00
   1.5225242e+00
   1.5400642e+00
   1.2507849e+00
   8.0609381e-01
   5.2334470e-01
   2.4168305e-01
   1.2212869e-01
   2.9337835e-02
   3.6043969e-01
   1.9228896e-01
   5.6022662e-01
   9.6553338e-01
   8.3988518e-01
   4.1006723e-01
   3.1037810e-01
   1.8918698e-01
   2.5032315e-01
  -1.4407179e+00
  -1.2623156e+00
  -6.3722074e-01
  -1.8742841e-01
  -2.2008723e-01
  -6.9059998e-01
  -1.9441740e-01
   3.8175218e-02
   2.4478984e-01
   5.5654478e-01
   5.7917267e-01
   5.5441904e-01
   5.0409013e-01
   3.8575318e-01
   3.5073331e-01
   2.5354350e-01
   1.4610466e-01
  -1.0363865e-02
  -2.7299273e-01
  -5.3908455e-01
  -9.3926710e-01
  -1.2984133e+00
  -1.6160020e+00
  -2.1173739e+00
  -2.5101013e+00
  -3.7742255e+00
  -1.4549594e+00
  -5.8583927e-01
  -3.9137267e-02
   4.6769768e-01
   9.6018952e-01
   1.0906242e+00
   9.4982314e-01
   5.4667830e-01
   1.0285653e-01
  -2.2799252e-01
  -6.1586928e-01
  -7.6251727e-01
  -6.1374128e-01
  -2.6758301e-01
   1.6475369e-01
   4.3281218e-01
   4.7443953e-01
   4.3202475e-01
   2.3345703e-01
  -1.5383755e-01
  -6.9234526e-01
  -1.1575263e+00
  -2.0727170e+00
  -1.6005046e+00
  -9.0191656e-01
  -4.0614808e-01
  -6.3759953e-01
  -6.8385869e-01
   7.4133940e-02
   2.0110029e-01
   8.2669117e-02
   1.3282040e-01
  -1.5499850e-01
  -1.7201944e-01
   3.6764476e-03
  -1.2801972e-01
  -2.0270777e-01
  -2.5526914e-01
  -3.4134004e-01
  -6.1692744e-01
  -8.4029710e-01
  -1.0666652e+00
  -1.4286937e+00
  -1.6006190e+00
  -1.8401418e+00
  -2.2795923e+00
  -2.5865088e+00
  -4.1257510e+00
  -1.2588018e+00
  -3.6687386e-01
   1.1811935e-01
   4.3608412e-01
   6.5257841e-01
   6.1959749e-01
   3.5865572e-01
  -5.0425034e-02
  -4.7635669e-01
  -8.3497596e-01
  -1.1691138e+00
  -1.1670420e+00
  -9.0333945e-01
  -5.7078850e-01
  -1.6264862e-01
   1.7583363e-01
   3.6759046e-01
   3.0184665e-01
  -4.8743356e-02
  -6.2489218e-01
  -1.2690253e+00
  -1.9114361e+00
  -1.9376266e+00
  -1.1073717e+00
  -8.5517262e-01
  -5.4601896e-01
  -3.7648742e-01
  -5.4757679e-01
  -1.5359794e-01
   1.5127772e-01
  -3.2644896e-01
  -4.4933372e-01
  -5.2893168e-01
  -8.3961056e-01
  -6.5186437e-01
  -5.6637103e-01
  -5.5037386e-01
  -5.9195698e-01
  -7.0360287e-01
  -9.2582499e-01
  -1.1768390e+00
  -1.4359190e+00
  -1.5849453e+00
  -1.7255727e+00
  -1.9471111e+00
  -2.0620601e+00
  -2.0065057e+00
  -3.5299713e+00
  -7.8241429e-01
  -1.5254636e-01
  -9.3692202e-02
   5.0824425e-02
   6.3179463e-02
  -3.8115744e-02
  -2.5290337e-01
  -6.1703600e-01
  -9.5518726e-01
  -1.2207853e+00
  -1.1675606e+00
  -8.6251353e-01
  -5.1281279e-01
  -3.8050188e-01
  -2.7620235e-01
  -5.3680240e-02
   1.0462326e-01
  -6.5349654e-02
  -4.4843169e-01
  -9.9190730e-01
  -1.6182758e+00
  -2.1493108e+00
  -1.4443384e+00
  -9.9449849e-01
  -8.8379663e-01
  -4.1994333e-01
  -2.6218477e-01
  -5.1109850e-01
  -1.3863933e-01
   5.7134517e-02
  -6.7328835e-01
  -7.9047710e-01
  -7.6059419e-01
  -8.9443159e-01
  -8.7181664e-01
  -7.7592331e-01
  -7.4549770e-01
  -7.7005857e-01
  -8.7539178e-01
  -1.0947194e+00
  -1.3144205e+00
  -1.4842728e+00
  -1.6290398e+00
  -1.7488370e+00
  -1.8166916e+00
  -1.6896846e+00
  -1.1833992e+00
  -1.8383230e+00
  -6.3638681e-01
  -1.2823713e-01
  -5.3027844e-01
  -3.9416742e-01
  -4.2982405e-01
  -5.3339362e-01
  -7.1545494e-01
  -9.1514045e-01
  -1.0915650e+00
  -9.3803138e-01
  -4.7720370e-01
  -2.9608527e-01
  -1.5417199e-01
  -3.1888315e-01
  -3.2493833e-01
  -1.2315036e-01
  -2.8147507e-02
  -2.2224215e-01
  -5.6340486e-01
  -1.0614617e+00
  -1.4978476e+00
  -1.6119931e+00
  -7.1658850e-01
  -6.0687780e-01
  -5.4022110e-01
  -3.6969405e-01
  -2.7606800e-01
  -4.5343518e-01
  -1.0219590e-02
  -2.3323819e-01
  -7.1106267e-01
  -8.0084372e-01
  -8.2753134e-01
  -8.4126341e-01
  -8.3539027e-01
  -8.3298194e-01
  -8.5097122e-01
  -9.0208554e-01
  -1.0187954e+00
  -1.1535789e+00
  -1.3006245e+00
  -1.4767729e+00
  -1.6131961e+00
  -1.6129328e+00
  -1.4570444e+00
  -1.0283623e+00
   6.8301789e-02
   2.1174008e-01
  -3.7377053e-01
  -2.8650421e-01
  -7.0347500e-01
  -9.6464789e-01
  -1.1114992e+00
  -1.1447563e+00
  -1.1163558e+00
  -1.0228620e+00
  -7.3072386e-01
   1.9254503e-01
   4.0533835e-01
  -6.7967631e-02
  -3.6636889e-01
  -8.7573761e-01
  -7.6836020e-01
  -3.9733309e-01
  -1.7948264e-01
  -2.6078159e-01
  -5.3996837e-01
  -9.0527612e-01
  -1.0137016e+00
  -6.0405731e-01
   2.1928357e-01
  -2.4123880e-01
  -2.3363730e-01
  -1.9131178e-01
  -1.8632248e-01
  -2.3520847e-01
  -1.3279818e-01
  -4.4427299e-01
  -8.6980909e-01
  -9.1395038e-01
  -9.6195161e-01
  -9.3877190e-01
  -9.1497517e-01
  -9.2618042e-01
  -9.3101728e-01
  -9.6939892e-01
  -1.0391163e+00
  -1.1121579e+00
  -1.2442341e+00
  -1.4218798e+00
  -1.4782449e+00
  -1.3243616e+00
  -9.9300271e-01
  -3.1465003e-01
   1.2787998e+00
   1.9247721e+00
   8.9869604e-02
  -3.3467287e-01
  -5.9619194e-01
  -1.6633083e+00
  -1.8023597e+00
  -1.6703780e+00
  -1.3165019e+00
  -8.2836038e-01
   1.5287851e-01
   1.6986860e+00
   6.8899983e-01
   2.1583149e-01
  -5.5627310e-01
  -1.2251604e+00
  -9.0414816e-01
  -4.8854753e-01
  -2.2284020e-01
  -2.0272608e-01
  -3.7858292e-01
  -5.4886514e-01
  -4.1941836e-01
   3.3901185e-01
   1.4776338e+00
   2.9376704e-01
  -3.0944539e-02
  -1.4124868e-02
  -1.3946542e-01
  -2.6789340e-01
  -3.8779479e-01
  -5.7138205e-01
  -9.4868457e-01
  -1.0614151e+00
  -1.0985460e+00
  -1.0579218e+00
  -1.0029473e+00
  -9.8123753e-01
  -9.3265700e-01
  -9.3002445e-01
  -9.4183189e-01
  -1.0007719e+00
  -1.1344510e+00
  -1.2509843e+00
  -1.1890150e+00
  -9.1835034e-01
  -4.6285877e-01
   4.6215066e-01
   2.4198520e+00
   3.2455359e+00
   6.7140631e-02
  -1.8180561e-01
  -2.9926199e-01
  -2.0945449e+00
  -2.3684478e+00
  -2.0900564e+00
  -1.3472066e+00
  -3.3276629e-01
   1.4631529e+00
   3.2220089e+00
   9.1746783e-01
   3.3090740e-01
  -1.0865071e+00
  -1.4741435e+00
  -9.2353731e-01
  -5.0452256e-01
  -1.0440349e-01
   4.2336695e-02
  -8.1453472e-03
  -1.9568920e-02
   2.2654246e-01
   1.0336055e+00
   2.3482532e+00
   1.0656167e+00
   5.2210893e-02
   8.2663899e-03
  -2.8814338e-01
  -3.4954017e-01
  -1.6345648e-01
  -4.0892034e-01
  -8.1584733e-01
  -1.0432715e+00
  -1.0903003e+00
  -1.0569735e+00
  -9.8335493e-01
  -9.2233479e-01
  -8.1994515e-01
  -7.6213823e-01
  -7.4982487e-01
  -8.3577030e-01
  -9.6030253e-01
  -9.9451196e-01
  -8.2547944e-01
  -4.8444238e-01
   9.6452555e-02
   1.2426327e+00
   3.3847055e+00
   4.2914064e+00
  -5.6813553e-01
  -2.2683067e-01
  -1.4328022e-01
  -1.6762627e+00
  -2.9344758e+00
  -2.4856361e+00
  -1.2247738e+00
   3.9315500e-01
   2.8898031e+00
   4.3968795e+00
   8.9489215e-01
  -2.5926800e-01
  -1.5693422e+00
  -1.6546312e+00
  -1.1345372e+00
  -6.6044805e-01
   8.4579398e-02
   4.3032410e-01
   5.1569048e-01
   6.0229698e-01
   8.8302355e-01
   1.5879602e+00
   2.5926445e+00
   2.0180757e+00
   1.1036406e-01
  -1.0934511e-01
  -3.7060028e-01
  -3.3053654e-01
   8.7521505e-03
  -3.0181995e-01
  -6.4487064e-01
  -9.3154544e-01
  -1.0247189e+00
  -9.7610927e-01
  -8.7583041e-01
  -7.6863116e-01
  -6.1970550e-01
  -5.4612595e-01
  -5.8436680e-01
  -7.1349120e-01
  -7.9870659e-01
  -7.5117731e-01
  -4.8594525e-01
  -6.8190247e-02
   6.5170556e-01
   1.9517777e+00
   4.0903530e+00
   4.8334184e+00
   8.3368617e-01
   1.8609239e-01
  -2.0372075e-01
  -1.1651161e+00
  -3.5520048e+00
  -2.8978419e+00
  -8.9773917e-01
   1.3135560e+00
   4.3803258e+00
   5.5572562e+00
   1.2728875e+00
  -1.0645746e+00
  -1.8624020e+00
  -1.5111773e+00
  -1.5544970e+00
  -7.3482960e-01
   4.6833381e-01
   9.9366271e-01
   1.2009653e+00
   1.3364007e+00
   1.5297537e+00
   2.0078177e+00
   2.5960674e+00
   2.5655224e+00
   1.3572276e+00
   5.6333557e-02
  -2.3654394e-01
   5.3280693e-02
   5.6085000e-03
  -1.9372739e-01
  -5.4746276e-01
  -9.2970020e-01
  -9.7152084e-01
  -8.7661856e-01
  -7.2767395e-01
  -5.6909704e-01
  -4.2743397e-01
  -4.0290973e-01
  -5.1874554e-01
  -6.4999229e-01
  -6.5389389e-01
  -4.9235335e-01
  -1.2240011e-01
   3.8823336e-01
   1.2461488e+00
   2.6237333e+00
   4.5583534e+00
   5.1068254e+00
   1.1166555e+00
  -2.0525990e-01
  -1.2958522e-01
  -2.5416619e-01
  -4.1496124e+00
  -3.1250422e+00
  -2.3594503e-01
   2.4459987e+00
   5.3901296e+00
   4.6829724e+00
   1.2473800e+00
  -8.1886601e-01
  -1.2892348e+00
  -1.0948751e+00
  -8.1008834e-01
  -3.6838058e-01
   1.2143532e+00
   1.7787935e+00
   2.0286467e+00
   2.0450857e+00
   1.9792501e+00
   2.1891768e+00
   2.5911620e+00
   2.6507626e+00
   2.1452923e+00
   1.3304272e+00
   5.6896508e-01
   2.6063406e-01
  -4.6135057e-02
  -2.6452330e-01
  -7.2876781e-01
  -1.0124773e+00
  -9.6987736e-01
  -7.9611254e-01
  -6.1894673e-01
  -4.5710808e-01
  -3.6461866e-01
  -4.0337768e-01
  -5.5745167e-01
  -6.0587573e-01
  -4.8214996e-01
  -1.9470456e-01
   2.4723998e-01
   8.4292090e-01
   1.7733768e+00
   3.1308110e+00
   4.8402719e+00
   4.9221439e+00
   5.0299875e-02
  -9.6400553e-01
  -2.0046383e-01
   1.0372908e-01
  -3.4646208e+00
  -2.8331685e+00
   5.4979444e-01
   3.2908552e+00
   6.2176409e+00
   4.5648365e+00
   2.0921562e+00
  -2.7848539e-01
  -6.2250870e-01
  -1.9131817e+00
  -6.9818759e-01
   5.8803046e-01
   1.9373678e+00
   2.4307306e+00
   2.6303854e+00
   2.4802220e+00
   2.2108846e+00
   2.2680926e+00
   2.6266978e+00
   2.7575905e+00
   2.4642537e+00
   2.0713191e+00
   1.4528264e+00
   2.5782686e-01
  -2.3340234e-01
  -5.9955990e-01
  -1.0398878e+00
  -1.1659476e+00
  -1.0054106e+00
  -7.6599455e-01
  -5.8559722e-01
  -4.6081072e-01
  -4.2840084e-01
  -5.0735039e-01
  -6.0666198e-01
  -4.9786660e-01
  -2.4993090e-01
   1.1950169e-01
   6.1032158e-01
   1.2789994e+00
   2.2365489e+00
   3.5551262e+00
   5.1747394e+00
   4.8449674e+00
   1.2522273e+00
  -2.0720494e-01
  -2.2982848e-01
  -4.3271658e-01
  -3.0641720e+00
  -1.9829659e+00
   1.4190911e+00
   4.0683651e+00
   6.9688711e+00
   4.3413095e+00
   2.9815676e+00
   4.6395528e-01
  -1.9279397e-01
  -2.3748767e+00
  -6.4399906e-02
   1.5016687e+00
   2.5543432e+00
   2.9845126e+00
   3.1335468e+00
   2.8487811e+00
   2.4162865e+00
   2.3603361e+00
   2.6708018e+00
   2.8365137e+00
   2.6418833e+00
   2.1974420e+00
   1.0958429e+00
  -3.1109413e-01
  -7.2545001e-01
  -1.1273990e+00
  -1.3840849e+00
  -1.3083541e+00
  -1.0447283e+00
  -7.8626433e-01
  -6.2817799e-01
  -5.4097956e-01
  -5.4868179e-01
  -5.9853499e-01
  -5.5490332e-01
  -3.1747325e-01
  -4.1391216e-03
   4.3012137e-01
   9.8698497e-01
   1.7065026e+00
   2.6630179e+00
   3.9627574e+00
   5.5720895e+00
   3.2610956e+00
   1.3567956e+00
  -3.4750788e-01
  -2.9954945e-01
  -6.4440708e-01
  -2.2763757e+00
  -7.1136675e-01
   2.3286643e+00
   4.7487964e+00
   7.0575925e+00
   3.4938863e+00
   2.5735549e+00
   7.6516154e-01
   2.0650559e-01
  -1.7939600e+00
   7.3415157e-01
   2.4485616e+00
   3.0671617e+00
   3.4612098e+00
   3.5768109e+00
   3.1681932e+00
   2.5802805e+00
   2.4316346e+00
   2.6752048e+00
   2.7972713e+00
   2.4853330e+00
   1.6741537e+00
   1.7672089e-01
  -9.0245116e-01
  -1.2454998e+00
  -1.4928144e+00
  -1.5047072e+00
  -1.2931398e+00
  -1.0133637e+00
  -7.8883350e-01
  -6.7896783e-01
  -6.2145048e-01
  -6.0867602e-01
  -5.2847028e-01
  -3.3149752e-01
  -3.2966614e-02
   3.3878100e-01
   8.3612382e-01
   1.4415641e+00
   2.1772580e+00
   3.1321108e+00
   4.4434690e+00
   6.0926552e+00
   2.0011461e+00
   1.4924325e-01
  -5.5639243e-01
  -5.1473886e-01
  -7.2200418e-01
  -1.0462016e+00
   7.1403956e-01
   3.0893002e+00
   4.9948683e+00
   6.4562917e+00
   1.6068172e+00
   1.3450880e+00
   1.0795158e-01
  -9.9069118e-01
  -1.3556691e+00
   6.1210728e-01
   3.0444102e+00
   3.5290120e+00
   3.8477323e+00
   3.9148707e+00
   3.3533812e+00
   2.6041989e+00
   2.4080725e+00
   2.3458469e+00
   2.2332220e+00
   1.6272463e+00
   5.4607260e-01
  -7.4288476e-01
  -1.3445388e+00
  -1.4739228e+00
  -1.4788477e+00
  -1.3204771e+00
  -1.0804694e+00
  -8.4531063e-01
  -6.7071038e-01
  -5.6883425e-01
  -4.7206074e-01
  -3.4045538e-01
  -1.1242961e-01
   1.6911273e-01
   5.0039130e-01
   9.0778643e-01
   1.4041506e+00
   1.9873155e+00
   2.6889930e+00
   3.6134152e+00
   4.8526754e+00
   4.9281955e+00
   9.7813809e-01
  -1.0991488e+00
  -5.8720398e-01
  -5.8883452e-01
  -5.5073714e-01
   1.1461490e-01
   1.9311743e+00
   3.5570076e+00
   4.8635812e+00
   5.1463184e+00
   1.5450692e+00
   2.0457377e+00
  -2.2033562e-01
  -6.7018753e-01
   4.2789865e-02
   1.9956818e+00
   3.7691426e+00
   3.8191590e+00
   4.0530472e+00
   4.0334997e+00
   3.2638717e+00
   2.3375936e+00
   2.1249325e+00
   1.2168032e+00
   8.3930099e-01
   2.1720521e-01
  -5.7460248e-01
  -1.3113813e+00
  -1.5288788e+00
  -1.4502491e+00
  -1.2556725e+00
  -9.9809641e-01
  -7.3928237e-01
  -4.9584198e-01
  -2.9867145e-01
  -1.2981309e-01
   5.8731653e-02
   2.9268315e-01
   5.7530427e-01
   8.8173783e-01
   1.2295861e+00
   1.6173227e+00
   2.0491061e+00
   2.5483530e+00
   3.1490722e+00
   3.9302435e+00
   4.9178915e+00
   3.9598825e+00
   9.3537837e-01
  -1.1851321e+00
  -5.1944441e-01
  -5.5884731e-01
  -4.1475537e-01
   1.0137802e+00
   2.9188447e+00
   3.7646453e+00
   4.5126729e+00
   3.9326274e+00
   1.8046205e+00
   2.6904628e+00
  -3.1246627e-02
  -1.4897950e-01
   7.6345158e-01
   2.7749863e+00
   3.8318717e+00
   3.8642981e+00
   3.9095969e+00
   3.7311776e+00
   2.6567345e+00
   1.4796898e+00
   1.1797272e+00
  -1.1145318e-01
  -5.2447382e-01
  -8.6415916e-01
  -1.1837356e+00
  -1.5601814e+00
  -1.6322313e+00
  -1.4808477e+00
  -1.1944072e+00
  -8.4327715e-01
  -4.7819519e-01
  -1.3897822e-01
   1.5003488e-01
   4.1311895e-01
   6.7054806e-01
   9.4388663e-01
   1.2345197e+00
   1.5515170e+00
   1.9013661e+00
   2.2651957e+00
   2.6454400e+00
   3.0478389e+00
   3.5085461e+00
   4.0734503e+00
   4.6383703e+00
   2.8455798e+00
  -3.8133188e-01
  -1.2374444e+00
  -5.6852404e-01
  -6.5509973e-01
  -4.5042646e-01
   1.7655353e+00
   3.8604276e+00
   3.9489081e+00
   4.2433441e+00
   3.3459301e+00
   1.7856611e+00
   2.1170038e+00
   2.7981426e-01
   3.1524031e-01
   1.3189579e+00
   2.7614435e+00
   3.5953259e+00
   3.6055770e+00
   3.4110169e+00
   3.1601240e+00
   1.8074977e+00
   3.4268500e-01
  -3.6442636e-02
  -7.8363697e-01
  -1.1939437e+00
  -1.3991619e+00
  -1.4379075e+00
  -1.7345884e+00
  -1.8260306e+00
  -1.7078831e+00
  -1.4336683e+00
  -1.0420032e+00
  -5.9394244e-01
  -1.5351496e-01
   2.5537194e-01
   6.3237349e-01
   9.7823000e-01
   1.3032770e+00
   1.6266228e+00
   1.9661646e+00
   2.3344497e+00
   2.7163994e+00
   3.0953688e+00
   3.4545216e+00
   3.8058803e+00
   4.1401708e+00
   4.2545674e+00
   2.0594798e+00
  -9.4587004e-01
  -1.1238718e+00
  -4.7379926e-01
  -1.1516174e+00
  -9.4427251e-01
   2.3424639e+00
   4.8439987e+00
   4.2717126e+00
   4.3122523e+00
   3.3952124e+00
   1.3198087e+00
   1.3672927e+00
   1.3689596e-01
   3.3592786e-01
   1.8052978e+00
   2.2973472e+00
   3.0772244e+00
   3.0779464e+00
   2.7231831e+00
   2.7930209e+00
   1.2069678e+00
  -4.8305863e-01
  -7.8883647e-01
  -7.7174376e-01
  -1.3193726e+00
  -1.7463324e+00
  -1.6143327e+00
  -1.8782780e+00
  -2.0131415e+00
  -1.9643884e+00
  -1.7890353e+00
  -1.5024829e+00
  -1.1157011e+00
  -6.6566853e-01
  -1.8855852e-01
   2.7974577e-01
   7.2161393e-01
   1.1411378e+00
   1.5354212e+00
   1.9216695e+00
   2.3208980e+00
   2.7091424e+00
   3.0755042e+00
   3.4033293e+00
   3.6931112e+00
   3.9064410e+00
   3.7551868e+00
   1.6894026e+00
  -1.1427227e+00
  -1.1002654e+00
  -2.4189679e-01
  -1.4157490e+00
  -1.8592074e+00
   1.8100881e+00
   5.2907546e+00
   4.5848635e+00
   4.4887626e+00
   3.5959539e+00
   1.0326689e+00
   1.1086657e+00
  -1.6738615e-02
  -8.2786237e-02
   2.0659577e+00
   1.8245678e+00
   2.2322041e+00
   1.9533398e+00
   1.7705440e+00
   2.9144034e+00
   9.8449397e-01
  -8.8359504e-01
  -9.9756700e-01
  -2.3612469e-01
  -8.8139868e-01
  -1.7543077e+00
  -1.3414944e+00
  -1.4805603e+00
  -1.6359576e+00
  -1.7022017e+00
  -1.6906471e+00
  -1.5983081e+00
  -1.3906032e+00
  -1.0748549e+00
  -6.6304517e-01
  -2.0258187e-01
   2.8013957e-01
   7.6941586e-01
   1.2296373e+00
   1.6569018e+00
   2.0693364e+00
   2.4256666e+00
   2.6977215e+00
   2.8595378e+00
   2.9491305e+00
   3.0478594e+00
   2.8203075e+00
   1.5205327e+00
  -1.5697566e+00
  -1.1424590e+00
   9.5910653e-02
  -1.1295071e+00
  -1.2267863e+00
   3.0046186e+00
   5.2064524e+00
   4.2870607e+00
   4.3023973e+00
   2.5723846e+00
   2.3456874e-01
   9.5516300e-01
   3.0040946e-02
   2.1290283e-01
   1.3020229e+00
   1.4533262e+00
   1.3142884e+00
   3.6142346e-01
   8.1503022e-01
   3.8148191e+00
   1.0518614e+00
  -8.6935014e-01
  -7.3531479e-01
   2.8083372e-01
  -6.1969161e-02
  -1.3596592e+00
  -3.7450887e-01
  -3.2328194e-01
  -4.4490794e-01
  -5.5075418e-01
  -6.2280040e-01
  -6.3146083e-01
  -5.4202771e-01
  -3.5215043e-01
  -7.3365195e-02
   2.6840782e-01
   6.5347509e-01
   1.0615114e+00
   1.4530507e+00
   1.8126383e+00
   2.1231739e+00
   2.3658185e+00
   2.5184256e+00
   2.5168130e+00
   2.3444919e+00
   2.1634776e+00
   1.9002625e+00
   9.3651659e-01
  -1.7994741e+00
  -9.5178968e-01
  -8.0711433e-01
  -8.7168206e-01
   1.7983342e-01
   3.4424327e+00
   4.5172366e+00
   3.3283883e+00
   3.1704551e+00
   2.2791760e+00
   4.9488658e-01
   7.5175336e-01
  -4.0548864e-02
   9.3685413e-01
   1.7429523e+00
   1.3611804e+00
   5.5768263e-01
  -8.5404130e-01
   2.7547347e-01
   4.1207576e+00
   1.3004818e+00
  -6.4582954e-01
  -2.9184111e-01
   6.8213133e-01
   8.6632188e-01
  -9.3599070e-01
   2.7953589e-01
   4.9373189e-01
   4.4495473e-01
   3.7296318e-01
   3.2797956e-01
   3.4751030e-01
   4.4992218e-01
   6.3302247e-01
   8.8168533e-01
   1.1972562e+00
   1.5775451e+00
   1.9900866e+00
   2.4172532e+00
   2.8179270e+00
   3.0968066e+00
   3.1877090e+00
   3.0996843e+00
   2.8186096e+00
   2.1890156e+00
   1.3014944e+00
   7.7276209e-01
   5.1946813e-01
  -9.2480893e-01
  -1.3551217e+00
  -1.7055214e+00
  -1.0968203e+00
   9.1182173e-01
   3.3187216e+00
   3.8395155e+00
   1.7649138e+00
   1.9202236e+00
   1.6178810e+00
   3.3388944e-01
  -1.0290715e-01
  -8.0143137e-02
   2.8709489e-01
   1.0973575e+00
   1.3242917e+00
  -5.2950436e-02
  -1.1095102e+00
  -4.9008148e-02
   4.0247951e+00
   1.5473042e+00
  -2.2673928e-01
  -4.6124788e-03
   9.4334328e-01
   8.3200932e-01
  -1.1539271e+00
  -5.1553212e-02
   1.4715937e-01
   1.7418946e-01
   1.5478297e-01
   1.5134948e-01
   2.0836484e-01
   3.3907366e-01
   5.4048634e-01
   7.9554123e-01
   1.0945013e+00
   1.4641173e+00
   1.9072754e+00
   2.4184237e+00
   2.9501491e+00
   3.3569665e+00
   3.5184884e+00
   3.3659220e+00
   2.8430870e+00
   1.7589056e+00
   2.6268795e-02
  -6.7198515e-01
  -9.6726573e-01
  -1.7475295e+00
  -2.6179402e+00
  -1.2021919e+00
  -4.8690015e-01
   9.9986213e-01
   2.3746192e+00
   2.7051148e+00
   1.1032138e+00
   1.5615209e+00
   1.3158267e+00
   1.1661197e-01
  -7.5682491e-01
  -2.3413050e-01
   3.8940649e-02
  -4.7959396e-01
   7.0550692e-01
  -3.0455458e-01
  -1.5201865e+00
  -1.1193050e-01
   2.4504092e+00
   1.3057182e+00
   9.2993453e-02
   1.9244517e-01
   4.4935820e-01
  -4.8593655e-01
  -6.1939383e-01
  -7.5448763e-01
  -9.1801637e-01
  -1.0952940e+00
  -1.2569128e+00
  -1.3707490e+00
  -1.4141546e+00
  -1.3664958e+00
  -1.2412173e+00
  -1.0445744e+00
  -7.7111888e-01
  -4.1976821e-01
   1.8117107e-02
   5.2544791e-01
   1.0695773e+00
   1.6516379e+00
   2.2044249e+00
   2.4719157e+00
   2.2281990e+00
   1.2530652e+00
  -9.6567637e-01
  -1.8961869e+00
  -1.9439926e+00
  -2.1503565e+00
  -3.4190612e+00
  -1.6829307e+00
  -4.6874836e-01
   9.3482375e-02
   5.3805274e-01
   1.2263384e+00
   3.7718996e-01
   6.9386172e-01
   8.2991642e-01
  -4.9298215e-01
  -1.0860413e+00
  -3.5641405e-01
  -2.8691661e-01
  -6.7701823e-01
   1.7099987e-01
  -7.2766441e-01
  -2.0011384e+00
  -4.4995747e-03
   1.6865840e+00
   1.6855395e+00
   1.7484817e-01
   5.6174922e-01
   2.3609890e-01
  -2.1327756e-01
   9.9394232e-02
  -9.3257600e-01
  -1.4571984e+00
  -1.9010409e+00
  -2.3046861e+00
  -2.6270528e+00
  -2.8685136e+00
  -3.0263009e+00
  -3.1255553e+00
  -3.1878064e+00
  -3.1903219e+00
  -3.1120648e+00
  -2.9374108e+00
  -2.6308331e+00
  -2.1761973e+00
  -1.5538837e+00
  -7.4234039e-01
   2.1228161e-01
   1.0704577e+00
   1.3198967e+00
  -1.0978591e+00
  -2.8160057e+00
  -1.8977551e+00
  -2.1227260e+00
  -2.3195910e+00
  -1.3392403e+00
  -7.7382040e-01
  -9.5764464e-01
  -1.1344644e+00
  -2.7092737e-01
  -6.6505402e-02
   2.3374125e-01
   4.4669417e-01
  -9.5885009e-01
  -1.0149066e+00
  -6.6160142e-01
  -3.7578151e-02
  -2.0371963e-01
   1.4326064e-01
  -1.1215913e+00
  -2.2949355e+00
   2.1534574e-01
   4.9315590e-01
   1.8707194e+00
   4.1976947e-01
   2.1677399e-01
  -2.3043440e-02
  -2.1721726e-01
   4.2086571e-01
  -6.8814145e-01
  -1.4160528e+00
  -1.9681472e+00
  -2.4321548e+00
  -2.8081371e+00
  -3.1090435e+00
  -3.3616109e+00
  -3.5902865e+00
  -3.8227928e+00
  -4.0381811e+00
  -4.2030347e+00
  -4.3080342e+00
  -4.3130253e+00
  -4.1706498e+00
  -3.8148949e+00
  -3.1677517e+00
  -2.1615092e+00
  -7.7429651e-01
   1.0405502e+00
   4.4128513e-01
  -2.9539368e+00
  -2.1118347e+00
  -2.2743019e+00
  -2.0045608e+00
  -1.3187259e+00
  -1.2676378e+00
  -1.8405970e+00
  -2.2468642e+00
  -1.0896359e+00
  -1.2539544e-01
   8.2808932e-02
   1.1234821e-01
  -1.0866825e+00
  -9.4633108e-01
  -9.2600828e-01
   1.1094967e-01
   1.8962383e-01
   1.4303903e-01
  -1.5795648e+00
  -2.8497729e+00
  -4.9190494e-01
  -9.2703372e-01
   5.9952799e-01
   4.1633120e-01
   9.0404063e-01
   8.2001492e-01
   1.7814530e-01
   9.2707408e-01
  -1.6538292e-01
  -8.9617754e-01
  -1.3708803e+00
  -1.7475803e+00
  -2.0680220e+00
  -2.3462128e+00
  -2.6012449e+00
  -2.8456468e+00
  -3.1040553e+00
  -3.3782883e+00
  -3.6425953e+00
  -3.8917816e+00
  -4.1007619e+00
  -4.2328915e+00
  -4.2237835e+00
  -3.9591732e+00
  -3.3159350e+00
  -2.1542444e+00
  -2.2565158e-01
   2.0372613e-01
  -2.1205385e+00
  -1.9681304e+00
  -2.1959946e+00
  -2.0260899e+00
  -1.6409845e+00
  -1.7964971e+00
  -2.4321739e+00
  -3.0231880e+00
  -1.9730608e+00
   1.7202271e-03
   1.1124361e-01
   2.2593779e-01
  -9.6635884e-01
  -1.0551491e+00
  -1.2686772e+00
   2.9311594e-01
   7.5443754e-01
   1.0313263e+00
  -1.8088440e+00
  -2.9363500e+00
  -1.0286503e+00
  -1.0270847e+00
   3.3959063e-01
   4.5541263e-01
   1.1017605e+00
   1.2469975e+00
   1.3682982e+00
   1.6110055e+00
   4.3957800e-01
  -1.0722218e-01
  -4.3519801e-01
  -7.5053370e-01
  -1.0656688e+00
  -1.3606818e+00
  -1.6382523e+00
  -1.9014691e+00
  -2.1617455e+00
  -2.4437041e+00
  -2.7514894e+00
  -3.0858080e+00
  -3.4437144e+00
  -3.7773695e+00
  -4.0036335e+00
  -3.9921236e+00
  -3.6055408e+00
  -2.5068450e+00
  -6.4553452e-01
   2.9028463e-01
  -7.7135670e-01
  -1.5930386e+00
  -1.8801208e+00
  -1.9153951e+00
  -1.8583733e+00
  -2.1141636e+00
  -2.7356207e+00
  -3.5621562e+00
  -2.9038208e+00
  -2.0832625e-01
  -1.0494148e-01
   2.2437254e-01
  -1.0495094e+00
  -1.5041933e+00
  -1.5883431e+00
  -8.6292219e-01
   1.1899827e-01
   7.1138144e-01
  -2.0206196e+00
  -3.1145203e+00
  -9.8918760e-01
  -1.2016642e+00
   2.9932553e-01
   8.1864285e-01
   7.7524912e-01
   6.6333747e-01
   1.0676684e+00
   2.1530476e+00
   1.0855036e+00
   6.3364363e-01
   4.9840429e-01
   2.2317377e-01
  -1.6573548e-01
  -5.5379468e-01
  -9.0481710e-01
  -1.2149533e+00
  -1.4911430e+00
  -1.7629861e+00
  -2.0602102e+00
  -2.3989739e+00
  -2.8236825e+00
  -3.3317039e+00
  -3.8095348e+00
  -4.0652366e+00
  -3.8780556e+00
  -2.7534854e+00
  -1.4606431e-02
   3.0183914e-01
   5.1871800e-01
  -1.1484901e+00
  -1.5108520e+00
  -1.6481017e+00
  -1.8093369e+00
  -2.1710670e+00
  -2.8561697e+00
  -3.8879335e+00
  -3.8084066e+00
  -8.3179998e-01
  -5.1125449e-01
  -1.9109330e-01
  -1.0832126e+00
  -1.6649262e+00
  -1.7806530e+00
  -1.5121747e+00
  -2.4374886e-01
   8.1288439e-01
  -2.2024746e+00
  -3.5062990e+00
  -1.8912473e+00
  -6.9715500e-01
   4.3377098e-01
   1.0980196e+00
   2.0319612e-01
   3.8729592e-01
   6.7762283e-01
   2.4686894e+00
   1.6415192e+00
   1.1249013e+00
   1.2172805e+00
   1.0926965e+00
   6.3967983e-01
   9.5442671e-02
  -4.0551425e-01
  -8.2359966e-01
  -1.1703877e+00
  -1.4615817e+00
  -1.7343147e+00
  -2.0279491e+00
  -2.4002029e+00
  -2.9262363e+00
  -3.6022635e+00
  -4.1663594e+00
  -4.3258037e+00
  -2.5511095e+00
   8.0080559e-01
   1.5459095e+00
   1.4502427e+00
  -6.5532343e-01
  -1.1023590e+00
  -1.2942456e+00
  -1.6059670e+00
  -2.0422642e+00
  -2.8088953e+00
  -3.9101124e+00
  -4.6250114e+00
  -1.6713488e+00
  -7.5246623e-01
  -8.4808691e-01
  -7.5665417e-01
  -2.1635203e+00
  -2.5731580e+00
  -2.0170839e+00
  -3.8821377e-01
   5.7175880e-01
  -2.3349249e+00
  -4.1668091e+00
  -2.8324045e+00
   1.7948682e-01
   1.2996275e+00
   1.9291067e+00
   1.6325478e-01
   1.6794068e+00
   1.0402019e+00
   2.1271982e+00
   1.8878708e+00
   1.3050458e+00
   1.5348105e+00
   1.7149974e+00
   1.3863298e+00
   7.7030909e-01
   1.1766975e-01
  -4.5681453e-01
  -9.5023054e-01
  -1.3425819e+00
  -1.6422879e+00
  -1.9040334e+00
  -2.2142673e+00
  -2.7000940e+00
  -3.4678364e+00
  -4.2767687e+00
  -4.7201533e+00
  -2.4952869e+00
   6.9365132e-01
   2.3283396e+00
   1.9574566e+00
  -1.4500847e-01
  -5.8446354e-01
  -8.5367090e-01
  -1.3151389e+00
  -1.7770268e+00
  -2.5599144e+00
  -3.6712413e+00
  -4.8234797e+00
  -2.3578596e+00
  -5.7166964e-01
  -7.2253573e-01
  -6.9405103e-01
  -2.8314769e+00
  -3.3427725e+00
  -2.2369208e+00
  -3.1023198e-01
   1.7162532e-02
  -2.1829360e+00
  -4.9126325e+00
  -2.9926319e+00
   2.5673270e-01
   6.7232621e-01
   1.8010329e+00
   6.3175285e-01
   2.0591192e+00
   1.2271518e+00
   1.4684409e+00
   1.9661930e+00
   1.3594078e+00
   1.5547395e+00
   1.9889326e+00
   1.9569938e+00
   1.4439660e+00
   7.5327039e-01
   6.9886409e-02
  -5.6852567e-01
  -1.1322827e+00
  -1.5409905e+00
  -1.8302029e+00
  -2.1128728e+00
  -2.5798695e+00
  -3.4183364e+00
  -4.4466643e+00
  -5.0862556e+00
  -2.0255685e+00
   6.1432970e-01
   2.8009701e+00
   2.2525651e+00
   4.9982017e-01
   9.4826892e-02
  -3.1114686e-01
  -8.9984596e-01
  -1.3791665e+00
  -2.0887270e+00
  -3.2580874e+00
  -4.6681194e+00
  -3.5346756e+00
  -9.9955991e-02
  -5.5066979e-01
  -1.0085024e+00
  -2.7016711e+00
  -3.6220794e+00
  -1.8305633e+00
  -5.2363014e-01
  -5.9333444e-01
  -1.5731400e+00
  -5.4279361e+00
  -3.1411693e+00
   6.8453497e-01
   1.3234967e-01
   9.3045366e-01
   1.0171294e+00
   1.2076595e+00
   1.1725256e+00
   1.5901574e+00
   1.8375874e+00
   1.4989315e+00
   1.6222739e+00
   2.1031699e+00
   2.2888250e+00
   1.9760414e+00
   1.3533294e+00
   6.4635623e-01
  -5.8553573e-02
  -7.5373238e-01
  -1.2926733e+00
  -1.6539763e+00
  -1.9443382e+00
  -2.4168260e+00
  -3.3379955e+00
  -4.5883446e+00
  -5.3763747e+00
  -5.6374341e-01
   4.5438474e-01
   2.4651632e+00
   1.8674489e+00
   1.3463590e+00
   7.9619056e-01
   1.4908892e-01
  -4.3916041e-01
  -8.7148422e-01
  -1.4608580e+00
  -2.6009009e+00
  -4.2725959e+00
  -4.1656199e+00
  -4.3713012e-01
   2.9927328e-01
  -3.0889326e-01
  -1.9889541e+00
  -2.3152761e+00
  -9.0047884e-01
  -1.0362948e+00
  -1.2234147e+00
  -9.5256120e-01
  -5.7143383e+00
  -2.3919983e+00
   4.5789450e-01
   1.5422261e+00
   3.4678093e-01
   1.1490833e+00
   6.8677747e-01
   1.0244288e+00
   7.1786809e-01
   1.5010083e+00
   1.5019504e+00
   1.8240261e+00
   2.3428752e+00
   2.5494626e+00
   2.3590324e+00
   1.8505131e+00
   1.1684241e+00
   4.4094595e-01
  -3.0282009e-01
  -9.3151170e-01
  -1.3466380e+00
  -1.6471432e+00
  -2.1181948e+00
  -3.1393838e+00
  -4.6590247e+00
  -4.9468923e+00
   2.2593568e-01
   9.9565542e-01
   2.2699523e+00
   1.0335003e+00
   7.6766902e-01
   2.0239785e+00
   1.2236373e+00
   1.2703930e-01
  -2.5318944e-01
  -6.8782461e-01
  -1.7804754e+00
  -3.5462255e+00
  -3.3943214e+00
  -1.3412560e+00
  -1.5084198e-01
   9.4586223e-02
  -1.4235759e+00
  -1.9348310e+00
  -1.4811659e-01
  -1.2919390e+00
  -1.1212040e+00
  -1.5628641e+00
  -6.1913223e+00
  -1.4624058e+00
  -2.2649331e-02
   1.1293774e+00
   1.5134534e+00
   8.7392092e-01
  -4.6088874e-01
  -3.4327714e-02
   3.2874768e-01
   1.2691873e+00
   1.5584205e+00
   1.8917166e+00
   2.5871734e+00
   2.8027274e+00
   2.6142935e+00
   2.1799992e+00
   1.5435130e+00
   8.0288987e-01
   5.4295942e-02
  -6.0782526e-01
  -1.0421237e+00
  -1.3197006e+00
  -1.7325123e+00
  -2.7831485e+00
  -4.5510857e+00
  -3.5654740e+00
   1.0440679e+00
   1.4656763e+00
   2.0971760e+00
   8.1225936e-01
   1.7137485e-01
   1.2159283e+00
   1.6913225e+00
   7.0805137e-01
   3.6169883e-01
   6.7852717e-02
  -8.7489640e-01
  -2.7400252e+00
  -2.8591873e+00
  -1.6932381e-01
   9.6256098e-02
   4.2167261e-01
  -1.3125361e+00
  -1.4890868e+00
   7.0769463e-01
  -5.1900092e-01
  -7.6725148e-01
  -1.8159981e+00
  -5.7177023e+00
  -1.2854539e+00
  -1.5661876e+00
  -2.1530994e+00
   3.5379227e-01
  -6.5596793e-02
   3.1600699e-02
  -1.2256987e-01
  -5.9898593e-02
   3.7076375e-01
   1.2959366e+00
   1.5939039e+00
   2.4508219e+00
   2.8293538e+00
   2.7351482e+00
   2.3963013e+00
   1.8476778e+00
   1.1224885e+00
   3.7505642e-01
  -2.7775002e-01
  -7.2120231e-01
  -9.6951228e-01
  -1.2637174e+00
  -2.2211680e+00
  -4.3543081e+00
  -2.1157055e+00
   9.4001436e-01
   1.3991649e+00
   1.8900204e+00
   8.4521776e-01
   3.7957010e-01
   2.5502566e-01
   1.2817584e+00
   1.0746835e+00
   8.9645225e-01
   7.3008883e-01
   6.7089796e-02
  -1.7729102e+00
  -2.2433519e+00
   1.8278646e-01
   3.1814113e-01
   9.4422325e-02
  -1.0698047e+00
  -1.0761076e+00
   3.2538387e-01
  -7.1494544e-01
  -4.2269737e-01
  -1.1278020e+00
  -3.1975555e+00
  -1.6421674e+00
  -2.1020427e+00
  -1.4057757e+00
  -5.0843507e-01
   3.1161690e-01
  -1.4057323e-01
   1.2819485e-01
  -4.1885918e-01
  -2.8145921e-01
   6.5549827e-01
   1.2576976e+00
   1.9778402e+00
   2.4249012e+00
   2.5081124e+00
   2.3504455e+00
   1.9600804e+00
   1.3347408e+00
   6.3672489e-01
   2.8726146e-02
  -3.7193361e-01
  -5.7386845e-01
  -7.3960435e-01
  -1.4852005e+00
  -3.7004662e+00
  -7.5450182e-01
   5.7454956e-01
   1.2225562e+00
   1.6492274e+00
   8.0223829e-01
   4.1590214e-01
   1.9330126e-01
   1.0920214e-01
   8.5915893e-01
   1.1980742e+00
   1.0355314e+00
   8.0811572e-01
  -6.2930137e-01
  -1.4067898e+00
  -2.9727855e-01
   4.4003561e-01
   1.2892625e-01
  -6.4401686e-01
  -8.8370794e-01
  -1.2295951e-01
  -5.5692339e-01
  -2.6133281e-01
  -1.1778703e+00
  -2.0941455e+00
  -1.1631838e+00
  -1.4215608e+00
  -4.3664944e-01
   9.4658953e-01
  -8.2955360e-03
   3.1128925e-01
  -2.4415353e-01
  -5.9712660e-02
  -8.6597639e-01
  -2.9513612e-01
   2.8487495e-01
   1.1223480e+00
   1.6071122e+00
   1.8130568e+00
   1.8679879e+00
   1.7013623e+00
   1.2823179e+00
   7.3579800e-01
   2.4882644e-01
  -3.9275806e-02
  -1.3516197e-01
  -1.6919269e-01
  -6.4523661e-01
  -2.3183048e+00
  -2.8476748e-01
   1.7579873e-01
   4.4215921e-01
   1.0015658e+00
   6.4520621e-01
   2.8471193e-01
   4.2532185e-01
   1.2728655e-01
  -1.0206211e-01
   5.2526504e-01
   1.2360953e+00
   1.2777998e+00
   4.7747463e-01
  -4.0673146e-01
  -1.6094798e-01
   3.8840023e-01
   1.0079838e-01
  -1.9648337e-01
  -4.9771169e-01
  -7.7812660e-01
  -2.9412821e-01
  -2.7887768e-01
  -1.0352646e+00
  -1.4881921e+00
  -5.3073561e-01
  -9.4226968e-01
  -7.5883639e-01
   1.0341548e+00
   1.6584550e+00
  -5.4394049e-01
   3.0648605e-01
   4.5837655e-01
   8.4236388e-01
  -9.8783564e-01
  -9.9665338e-01
  -3.1295184e-01
   2.4718943e-01
   6.1925085e-01
   1.0201174e+00
   1.1820456e+00
   1.0425907e+00
   7.5446966e-01
   4.3266424e-01
   2.6387000e-01
   3.3519749e-01
   4.9755737e-01
   2.9112047e-01
  -6.0068638e-01
   4.1658582e-01
   9.3953077e-02
   2.3936432e-01
   3.2441057e-01
   2.5397691e-01
   8.7266836e-02
   1.9907509e-02
   2.6389739e-01
   2.4676341e-01
  -1.0745929e-01
   3.5193427e-01
   1.3007428e+00
   1.2938356e+00
   3.9376565e-01
   2.8295461e-01
   3.6444731e-01
   7.2889828e-02
   1.9634519e-01
   2.8677121e-01
   2.8691267e-03
  -3.1561658e-02
  -3.5841055e-01
  -5.0976080e-01
  -5.9164680e-01
   5.2351272e-01
  -1.8632089e-01
  -1.5822427e-01
   4.9234599e-01
  -2.0615372e-01
   1.1471967e-01
   1.5425424e-01
   1.0657945e-01
   4.7641826e-01
   2.4321133e-01
  -9.5311749e-01
  -1.0999824e+00
  -8.4051442e-01
  -1.5716667e-01
   5.9727263e-01
   9.8479724e-01
   9.4662517e-01
   7.2454470e-01
   4.8725021e-01
   4.0900877e-01
   6.2640238e-01
   9.9072707e-01
   9.7474414e-01
   3.2235277e-01
   9.6854824e-01
   2.2390342e-01
  -8.1525952e-02
  -1.6644455e-02
  -6.0612582e-02
  -1.3587199e-01
  -8.9001685e-02
   6.9541791e-03
  -8.4714741e-02
  -5.6070966e-01
  -3.5562402e-01
   1.0625296e+00
   1.6672287e+00
   1.1160492e+00
   2.3994318e-01
   2.3040354e-01
   9.3778938e-02
   4.9892738e-02
   1.9445701e-01
   1.9880500e-01
   8.4234960e-02
  -1.5300466e-01
  -3.2601649e-01
  -2.3656349e-01
   4.6760729e-01
   1.6476861e-01
   9.7298086e-02
  -1.8912211e-02
   3.2125108e-02
   6.5512329e-01
   6.2846184e-01
   7.1600981e-02
   4.0536639e-01
   8.0428171e-01
  -1.1265141e+00
  -1.6024876e+00
  -1.7379727e+00
  -7.5133181e-01
   3.1047359e-01
   5.6902140e-01
   6.6292834e-01
   5.3809315e-01
   2.2753827e-01
   2.1236263e-01
   7.5182068e-01
   1.2901582e+00
   1.5463628e+00
   8.9614284e-01
   1.2499700e+00
   2.8331611e-01
  -2.5864404e-01
  -2.5201446e-01
  -3.5536057e-01
  -3.6789390e-01
  -2.2020121e-01
  -5.0493799e-02
  -7.8582436e-02
  -1.4318078e+00
  -9.4445419e-01
   6.7979771e-01
   1.9973414e+00
   1.8045707e+00
   6.0096079e-01
   3.1259075e-02
   5.4697700e-02
  -1.6571130e-01
   3.7357740e-02
  -1.5337172e-02
  -1.4653547e-01
   2.6416057e-01
  -2.3022695e-01
  -1.2171951e-01
   1.8240581e-01
  -2.7155134e-01
   1.4087178e-01
   3.4813038e-01
  -2.4709763e-01
  -4.3943837e-01
   2.8401363e-01
   3.7931713e-01
   1.0580988e-01
   8.9008665e-01
  -1.5977645e+00
  -1.5589151e+00
  -8.6542255e-01
  -1.6979009e+00
  -9.2835182e-01
  -4.2989853e-01
   5.5316359e-02
   2.3192592e-01
  -1.4208426e-01
  -7.7071631e-01
   2.4573267e-02
   9.3084764e-01
   1.6879551e+00
   1.0496492e+00
   9.4978201e-01
  -2.3192894e-01
  -4.1507751e-01
  -4.5707962e-01
  -6.2361962e-01
  -5.9880990e-01
  -3.2492423e-01
  -1.6043405e-01
  -8.6770242e-01
  -1.3779511e+00
  -3.2628217e-01
  -6.3883227e-01
   1.4781287e+00
   3.9586833e-01
   3.2160601e-01
   1.5212238e-01
   4.2314239e-02
  -3.2702160e-01
  -3.5217187e-01
  -4.3547568e-01
  -4.7005111e-01
   9.8668590e-02
   3.7323385e-02
  -5.4429793e-01
  -1.9181490e-01
  -3.7768087e-01
  -4.0158629e-02
   2.9992476e-01
   2.2716747e-01
   1.4669518e-01
   6.7692958e-03
   2.3447895e-01
   3.6602071e-01
   4.1614875e-01
  -1.0859805e+00
  -2.3789821e+00
  -5.9487939e-01
  -1.1868216e+00
  -2.5536897e+00
  -1.7448543e+00
  -1.7331080e-01
  -3.1841889e-01
  -8.5770172e-01
  -9.0641963e-01
  -1.0322309e+00
  -3.4737942e-01
   3.3114231e-01
   1.9605113e+00
   7.8384048e-01
  -4.2782542e-01
  -4.9616107e-01
  -6.4500082e-01
  -8.8021356e-01
  -8.3013296e-01
  -4.6481818e-01
   2.2735201e-01
  -1.0083302e+00
  -1.2452261e+00
   6.9890952e-01
   7.6683745e-02
   4.4456445e-02
  -4.7865590e-01
  -9.6509773e-01
  -3.1794077e-01
   3.5755068e-01
   8.4126815e-02
  -4.0314990e-01
  -6.6486448e-01
  -4.2777044e-01
  -2.5091365e-01
  -4.3189850e-01
  -3.4859762e-01
  -3.0332527e-01
  -2.4469900e-01
   1.3111313e-01
  -5.0993091e-01
   3.4265783e-01
  -4.0055700e-02
  -4.4866216e-01
  -7.5900264e-02
   6.5186054e-02
   1.5410368e-01
   2.2808434e-01
   1.9626628e-01
  -4.7172785e-01
  -1.2380198e+00
  -1.5746461e+00
  -1.6211073e+00
  -9.6747977e-01
   5.0241995e-01
   3.7348476e-01
   3.7815002e-01
   9.6809626e-01
   1.0333323e+00
   1.5264513e+00
   1.0882623e+00
  -7.6786011e-02
  -6.3881975e-01
  -1.0715923e+00
  -6.8937635e-01
  -4.9404827e-01
  -8.9727551e-01
  -5.9090352e-01
  -3.3538550e-01
  -9.3352127e-01
  -6.9448185e-01
   4.7429344e-01
   1.0224055e+00
   1.3079163e+00
  -1.1872489e-01
  -1.7636260e+00
  -1.3952591e+00
  -3.7867408e-02
   1.5980719e-01
  -1.4986853e-01
  -4.2937064e-01
  -4.7756445e-01
  -2.5823370e-01
  -2.3895271e-01
  -6.2925035e-01
  -7.4835044e-01
   1.1575239e-01
   6.7066884e-01
   8.3570337e-01
   1.0023658e+00
   3.9482620e-01
   3.6831832e-01
   3.3335537e-01
   2.9245302e-01
   2.2015993e-01
   2.9020309e-01
   5.1538074e-01
   6.0574353e-01
   3.0488181e-01
   1.0210639e-03
   4.0101372e-02
   1.5401041e-02
  -2.1440506e-01
  -4.3143171e-01
  -2.2556287e-01
   8.1314124e-02
   6.1396565e-02
  -1.6766652e-01
  -5.2707177e-01
  -1.0467958e+00
  -1.3860894e+00
  -1.4230963e+00
  -1.3739493e+00
  -1.1654977e+00
  -7.2801912e-01
  -5.1358014e-01
  -9.0249240e-01
  -1.0273074e+00
  -8.4186918e-01
  -4.2872366e-01
  -2.5424659e-02
   8.6884096e-02
  -4.6809584e-01
  -8.0093324e-01
  -7.2820187e-01
  -6.5544784e-01
  -7.4066150e-01
  -7.7419037e-01
  -6.1814296e-01
  -6.1643207e-01
  -7.1941185e-01
  -6.0785747e-01
  -3.7946194e-01
  -3.2027638e-01
  -2.8768164e-01
  -1.1877118e-01
   1.5710744e-01
   3.4716460e-01
