   0.0000000e+00
   0.0000000e+00
   0.0000000e+00
   0.0000000e+00
   0.0000000e+00
   0.0000000e+00
   0.0000000e+00
   0.0000000e+00
   0.0000000e+00
   4.3740400e-02
   2.6929105e-02
   1.3465232e-02
   1.4811153e-02
   0.0000000e+00
   0.0000000e+00
   0.0000000e+00
   0.0000000e+00
   0.0000000e+00
   0.0000000e+00
   0.0000000e+00
   0.0000000e+00
   0.0000000e+00
   0.0000000e+00
   0.0000000e+00
   0.0000000e+00
   0.0000000e+00
   0.0000000e+00
   3.9127441e-02
   3.2866966e-02
   2.1385621e-02
   1.7807130e-02
   0.0000000e+00
   0.0000000e+00
   0.0000000e+00
   0.0000000e+00
   0.0000000e+00
   0.0000000e+00
   0.0000000e+00
   0.0000000e+00
   0.0000000e+00
   0.0000000e+00
   0.0000000e+00
   0.0000000e+00
   0.0000000e+00
   0.0000000e+00
   0.0000000e+00
   0.0000000e+00
   0.0000000e+00
   0.0000000e+00
   0.0000000e+00
   0.0000000e+00
   0.0000000e+00
   0.0000000e+00
   0.0000000e+00
   0.0000000e+00
   0.0000000e+00
   3.3376250e-02
   2.9212164e-02
   2.4028299e-02
   2.2321159e-02
   1.9722527e-02
   1.7403157e-02
   1.2360657e-02
   8.5821981e-03
   9.7054876e-03
   1.1826846e-02
   1.0930493e-02
   8.5045801e-03
  -2.8005826e-03
  -1.0640133e-02
  -1.4668645e-02
  -3.7800475e-02
  -3.7780932e-02
   0.0000000e+00
   1.5995643e-02
   2.0745010e-03
   1.2004746e-02
   2.2778325e-02
   2.6339576e-02
   2.4928676e-02
   2.2690715e-02
   1.5858155e-02
   6.8291522e-03
   6.0932424e-03
   0.0000000e+00
   0.0000000e+00
   0.0000000e+00
   0.0000000e+00
   0.0000000e+00
   0.0000000e+00
   0.0000000e+00
   0.0000000e+00
   0.0000000e+00
   0.0000000e+00
   0.0000000e+00
   0.0000000e+00
  -7.0514905e-03
  -5.5485286e-03
  -1.1059115e-03
   5.3087154e-04
   1.8701760e-03
   6.0493605e-03
   2.7478475e-03
   7.0658308e-03
   1.3576025e-02
   1.5897887e-02
   1.6461255e-02
   1.6739953e-02
   1.4476808e-02
   1.2240493e-02
   9.2981160e-03
   9.3743838e-03
   7.6737739e-03
   7.4265543e-03
   3.1902359e-03
  -2.4041927e-03
  -1.0037750e-02
  -1.8624319e-02
  -2.5245409e-02
  -3.4963027e-02
  -3.8706211e-02
  -3.3240934e-02
  -9.2871547e-03
  -6.2359627e-03
   2.0240403e-03
   1.1508426e-02
   1.9903412e-02
   2.3218494e-02
   2.2489626e-02
   1.5784431e-02
   9.8650269e-03
   4.8278105e-03
   3.2740855e-03
   1.4943035e-03
   4.2381431e-03
   5.1366717e-03
   4.2494374e-03
   9.5357497e-03
   8.5228361e-03
   7.0203824e-03
   1.6879562e-04
  -5.4836345e-03
  -7.2441256e-03
  -5.9279232e-03
  -1.9599872e-02
  -1.2294406e-02
  -4.7641792e-03
  -2.1795439e-03
  -2.1410956e-03
  -0.0000000e+00
   6.4632343e-03
   5.5203997e-03
   8.0826674e-03
   8.6657004e-03
   9.3319062e-03
   9.0829860e-03
   6.6303392e-03
   3.5345650e-03
   2.4819069e-03
   1.6934793e-03
  -6.8257959e-04
  -3.0767533e-03
  -8.3423890e-03
  -1.4968823e-02
  -2.0952122e-02
  -2.9146660e-02
  -3.3915211e-02
  -4.3276176e-02
  -6.2511444e-02
  -5.7929752e-02
  -9.4773006e-04
  -7.5588241e-04
   6.0365889e-03
   1.1013784e-02
   1.4687635e-02
   1.5347229e-02
   1.0728820e-02
   4.3681804e-03
  -1.0987950e-03
  -6.9378377e-03
  -1.0519574e-02
  -1.0637927e-02
  -7.2756950e-03
  -7.8771252e-04
   5.1621953e-03
   8.6606126e-03
   7.1227658e-03
   5.3312578e-03
  -1.9344507e-04
  -7.8362711e-03
  -1.4847641e-02
  -2.0678477e-02
  -2.9571269e-02
  -1.5307668e-02
  -6.6073160e-03
  -5.6759002e-03
   0.0000000e+00
   0.0000000e+00
   1.3951016e-02
   5.6521851e-03
   1.6235549e-03
  -6.9823611e-04
   2.8708026e-04
   3.5016227e-03
  -9.6211437e-04
  -4.6644039e-03
  -5.1091979e-03
  -6.8754721e-03
  -9.6676424e-03
  -1.2645565e-02
  -1.8548938e-02
  -2.3726605e-02
  -2.9092452e-02
  -3.5311449e-02
  -3.7401963e-02
  -4.7030021e-02
  -6.9860257e-02
  -9.2628152e-02
   0.0000000e+00
   4.4581726e-03
   6.8818913e-03
   9.0783332e-03
   8.4539978e-03
   6.5104244e-03
   1.0832774e-03
  -5.2123172e-03
  -1.0779072e-02
  -1.6789552e-02
  -1.8405290e-02
  -1.5775736e-02
  -1.1240656e-02
  -6.5456545e-03
  -1.0247696e-03
   5.2782726e-03
   6.3512530e-03
   3.2486832e-03
  -4.5649838e-03
  -1.5745148e-02
  -2.6963882e-02
  -3.3797436e-02
   0.0000000e+00
  -0.0000000e+00
  -4.7376351e-03
   0.0000000e+00
   0.0000000e+00
   0.0000000e+00
   0.0000000e+00
   2.6906695e-03
  -6.1746834e-03
  -9.6547978e-03
  -1.4602854e-02
  -1.1008851e-02
  -1.0807169e-02
  -1.0953704e-02
  -1.1372709e-02
  -1.2670857e-02
  -1.6040286e-02
  -2.0514150e-02
  -2.4466795e-02
  -2.9676847e-02
  -3.4015417e-02
  -3.5339047e-02
  -3.7070443e-02
  -4.2279669e-02
  -5.2506747e-02
  -7.5836134e-02
   0.0000000e+00
   5.6889402e-03
   2.6905174e-03
   1.9139682e-03
  -8.5439997e-04
  -4.8134365e-03
  -9.8431113e-03
  -1.4998979e-02
  -1.9847349e-02
  -2.0309751e-02
  -1.3778541e-02
  -6.5277716e-03
  -3.1583241e-03
  -3.8876263e-03
  -2.7526925e-03
   1.3496532e-03
   1.9036332e-03
  -1.7623133e-03
  -1.0795548e-02
  -2.2073020e-02
  -3.2603908e-02
  -3.7649935e-02
   0.0000000e+00
   0.0000000e+00
   0.0000000e+00
   0.0000000e+00
   0.0000000e+00
   0.0000000e+00
   0.0000000e+00
   1.7385406e-04
  -1.0421597e-02
  -1.3616900e-02
  -1.6568513e-02
  -1.7115026e-02
  -1.5779383e-02
  -1.4692755e-02
  -1.5051508e-02
  -1.6376924e-02
  -1.9728798e-02
  -2.3765760e-02
  -2.7838547e-02
  -3.2115422e-02
  -3.3645924e-02
  -3.3913694e-02
  -3.3826880e-02
  -3.1604860e-02
  -2.7292332e-02
  -4.1327345e-02
   0.0000000e+00
   2.8473136e-03
  -2.1343126e-03
  -3.5363501e-03
  -9.1355732e-03
  -1.3205812e-02
  -1.6755700e-02
  -2.0258630e-02
  -2.0461131e-02
  -1.1363550e-02
  -3.5249565e-03
   4.9307081e-04
  -1.9826693e-06
  -5.0264364e-03
  -4.2385566e-03
  -2.0199193e-05
   8.6322776e-05
  -4.6438733e-03
  -1.2560665e-02
  -2.1948624e-02
  -2.8305756e-02
  -3.0033741e-02
   0.0000000e+00
   0.0000000e+00
   0.0000000e+00
   0.0000000e+00
   0.0000000e+00
   0.0000000e+00
   0.0000000e+00
  -2.0440849e-03
  -9.9568609e-03
  -1.3294006e-02
  -1.5760476e-02
  -1.6259382e-02
  -1.5961543e-02
  -1.5774578e-02
  -1.6725708e-02
  -1.9127801e-02
  -2.2229047e-02
  -2.5629200e-02
  -2.8803777e-02
  -3.1166848e-02
  -3.0893032e-02
  -2.9230632e-02
  -2.4792021e-02
  -1.5078001e-02
   2.9218730e-03
  -2.3574240e-03
   0.0000000e+00
   0.0000000e+00
  -8.3951274e-03
  -1.3331483e-02
  -1.8616704e-02
  -2.1427052e-02
  -2.1237586e-02
  -1.9123234e-02
  -8.8964952e-03
   1.7245970e-03
   1.6066295e-04
  -9.3976519e-04
  -7.7764769e-03
  -1.4182450e-02
  -1.0112725e-02
  -4.8587713e-03
  -3.5573803e-03
  -6.0422164e-03
  -1.1463769e-02
  -1.7559739e-02
  -1.7375352e-02
  -9.3417474e-03
   0.0000000e+00
   0.0000000e+00
   0.0000000e+00
   0.0000000e+00
   0.0000000e+00
   0.0000000e+00
   7.9482142e-06
  -6.8540410e-03
  -1.3069486e-02
  -1.6218722e-02
  -1.7765069e-02
  -1.7134821e-02
  -1.6732045e-02
  -1.6927077e-02
  -1.7548610e-02
  -1.9534988e-02
  -2.1506447e-02
  -2.3804029e-02
  -2.6203359e-02
  -2.7533434e-02
  -2.5624620e-02
  -2.1433238e-02
  -1.4195213e-02
  -3.1895970e-04
   2.6323181e-02
   2.8379852e-02
   0.0000000e+00
   0.0000000e+00
  -1.8539058e-02
  -2.6572943e-02
  -2.7632905e-02
  -2.5704958e-02
  -2.0165287e-02
  -1.1068657e-02
   8.8171996e-03
   1.4756095e-02
  -7.6665171e-04
  -7.0699198e-04
  -1.1635974e-02
  -1.5388630e-02
  -1.0017534e-02
  -6.1570737e-03
  -4.1202470e-03
  -4.9409727e-03
  -8.0537060e-03
  -1.0758816e-02
  -6.7163077e-03
   1.8372317e-03
   1.7467849e-02
   0.0000000e+00
   0.0000000e+00
   0.0000000e+00
   0.0000000e+00
   0.0000000e+00
  -1.9457947e-03
  -9.1822207e-03
  -1.6513273e-02
  -1.8958388e-02
  -1.9194240e-02
  -1.7642468e-02
  -1.6704692e-02
  -1.6199725e-02
  -1.5903011e-02
  -1.6553422e-02
  -1.7569020e-02
  -1.9132968e-02
  -2.0699108e-02
  -2.0604389e-02
  -1.7426437e-02
  -1.2254015e-02
  -3.8533320e-03
   1.2523985e-02
   4.3945521e-02
   5.1826949e-02
   0.0000000e+00
   0.0000000e+00
  -2.5532986e-02
  -3.5737716e-02
  -3.4938376e-02
  -2.6672062e-02
  -1.5033477e-02
   1.5576205e-03
   3.0735709e-02
   3.6707821e-02
   0.0000000e+00
  -0.0000000e+00
  -1.7478272e-02
  -1.3251301e-02
  -8.3097685e-03
  -4.8791245e-03
  -1.1902261e-03
  -5.2731112e-04
  -1.6147855e-03
  -1.9008984e-03
   3.0820479e-03
   1.4892196e-02
   2.3435488e-02
   0.0000000e+00
   0.0000000e+00
   0.0000000e+00
   0.0000000e+00
  -4.8652689e-04
  -5.3621530e-04
  -5.7503907e-03
  -1.6079308e-02
  -1.7974318e-02
  -1.7348291e-02
  -1.5472692e-02
  -1.4030521e-02
  -1.2656164e-02
  -1.1583113e-02
  -1.1317162e-02
  -1.1848595e-02
  -1.2877292e-02
  -1.3693805e-02
  -1.2803568e-02
  -9.2468994e-03
  -3.8968220e-03
   5.1759121e-03
   2.2674620e-02
   5.5857464e-02
   6.6071440e-02
   0.0000000e+00
   0.0000000e+00
  -0.0000000e+00
  -4.1695916e-02
  -4.3382942e-02
  -2.5596598e-02
  -7.4854302e-03
   1.5309903e-02
   5.3021013e-02
   6.6432292e-02
   0.0000000e+00
  -0.0000000e+00
  -2.3656491e-02
  -1.1968493e-02
  -9.8071123e-03
  -3.4925546e-03
   3.2004125e-03
   5.8434348e-03
   6.5711801e-03
   7.5217504e-03
   1.1698581e-02
   2.0960805e-02
   2.5748208e-02
   2.4403367e-02
   0.0000000e+00
   0.0000000e+00
   0.0000000e+00
   3.4387652e-03
  -1.0619354e-03
  -8.0220161e-03
  -1.2123268e-02
  -1.5158165e-02
  -1.3656538e-02
  -1.1567633e-02
  -9.7903088e-03
  -7.7513168e-03
  -6.3997377e-03
  -6.1786929e-03
  -7.0196907e-03
  -7.8332555e-03
  -8.1864083e-03
  -6.6056671e-03
  -2.8087636e-03
   2.7786749e-03
   1.2433585e-02
   3.0667663e-02
   5.9056848e-02
   3.7560497e-02
   0.0000000e+00
   0.0000000e+00
   0.0000000e+00
  -4.3657644e-02
  -5.5545066e-02
  -2.3325820e-02
   1.1051962e-03
   2.9670199e-02
   7.4270889e-02
   8.6812847e-02
   0.0000000e+00
   0.0000000e+00
  -2.4497432e-02
  -1.0516254e-02
  -1.1891477e-02
   3.5338965e-04
   9.4582122e-03
   1.3832089e-02
   1.5961690e-02
   1.6832862e-02
   1.8692747e-02
   2.3509141e-02
   2.5858795e-02
   1.9985378e-02
   1.5376922e-02
   1.5672184e-02
   0.0000000e+00
   4.4630980e-03
  -1.5264183e-03
  -5.7174708e-03
  -1.0466738e-02
  -1.1739658e-02
  -1.0219052e-02
  -7.8626536e-03
  -5.4951236e-03
  -3.5168293e-03
  -2.4830375e-03
  -2.8639296e-03
  -4.0735928e-03
  -4.6827025e-03
  -4.2213551e-03
  -1.7307964e-03
   2.3478803e-03
   8.4965285e-03
   1.9211600e-02
   3.7854027e-02
   5.9143506e-02
   3.9602080e-02
   0.0000000e+00
   0.0000000e+00
   0.0000000e+00
  -3.7065878e-02
  -6.6776353e-02
  -1.8159017e-02
   1.1034806e-02
   4.4506893e-02
   7.2911598e-02
   6.9198588e-02
   0.0000000e+00
   0.0000000e+00
  -2.5752761e-02
  -2.0860742e-02
  -7.8539513e-03
   8.3388705e-03
   1.8402172e-02
   2.3998674e-02
   2.6211414e-02
   2.4908915e-02
   2.3250934e-02
   2.4493646e-02
   2.6836419e-02
   2.4416244e-02
   1.9118633e-02
   1.8792526e-02
   1.0158136e-02
   3.2521016e-03
  -1.3114978e-03
  -5.7911053e-03
  -1.0078909e-02
  -1.0283384e-02
  -8.1794653e-03
  -5.5683148e-03
  -3.4059361e-03
  -1.9104297e-03
  -1.3287771e-03
  -2.2326291e-03
  -3.4389619e-03
  -3.0912233e-03
  -1.3916328e-03
   1.8787110e-03
   6.5191854e-03
   1.3597958e-02
   2.5424704e-02
   4.3938275e-02
   6.0400661e-02
   3.7358420e-02
   0.0000000e+00
   0.0000000e+00
   0.0000000e+00
   0.0000000e+00
  -6.6355850e-02
  -1.0253626e-02
   1.9440562e-02
   5.5605587e-02
   8.6102282e-02
   0.0000000e+00
   0.0000000e+00
   0.0000000e+00
  -0.0000000e+00
  -3.8146965e-02
   2.9893877e-03
   1.7540056e-02
   2.6858335e-02
   3.2999560e-02
   3.4303810e-02
   3.0541087e-02
   2.6496105e-02
   2.6230570e-02
   2.9665498e-02
   2.8000491e-02
   2.4848448e-02
   2.2065666e-02
   1.2757981e-02
   1.3833676e-03
  -3.2343515e-03
  -8.1051979e-03
  -1.1034785e-02
  -1.0074033e-02
  -7.3362514e-03
  -5.0122468e-03
  -3.2016498e-03
  -2.1186946e-03
  -2.0884024e-03
  -3.0523452e-03
  -3.2587990e-03
  -1.4940943e-03
   1.2071244e-03
   5.1061041e-03
   1.0557806e-02
   1.8741364e-02
   3.1587757e-02
   5.0458189e-02
   6.4708859e-02
   6.1161986e-02
   0.0000000e+00
   0.0000000e+00
   0.0000000e+00
   0.0000000e+00
  -5.0598038e-02
  -5.1537674e-04
   2.8027263e-02
   6.7656696e-02
   9.6176569e-02
   0.0000000e+00
   0.0000000e+00
   0.0000000e+00
  -0.0000000e+00
  -4.6712060e-02
   1.2834369e-02
   2.6602264e-02
   3.5076000e-02
   4.1692760e-02
   4.2181287e-02
   3.6296919e-02
   3.0392904e-02
   2.9319931e-02
   3.2772664e-02
   3.1224132e-02
   2.7445967e-02
   2.0925192e-02
   5.6006511e-03
  -3.8475576e-03
  -8.0363285e-03
  -1.1713005e-02
  -1.2410415e-02
  -1.0123069e-02
  -7.3126038e-03
  -5.2458414e-03
  -3.7277905e-03
  -3.0554916e-03
  -3.2986475e-03
  -3.4836389e-03
  -2.2372470e-03
   4.1092904e-04
   3.7975460e-03
   8.5550164e-03
   1.5036212e-02
   2.4215056e-02
   3.7765610e-02
   5.8268980e-02
   6.2975945e-02
   4.4322574e-02
   0.0000000e+00
   0.0000000e+00
   0.0000000e+00
   0.0000000e+00
  -2.7089275e-02
   1.0254482e-02
   3.7552010e-02
   7.3900288e-02
   9.0499739e-02
   0.0000000e+00
   0.0000000e+00
   0.0000000e+00
   0.0000000e+00
  -1.3700287e-02
   3.0992385e-02
   3.5090565e-02
   4.2888312e-02
   4.9629895e-02
   4.9796359e-02
   4.1915509e-02
   3.4252278e-02
   3.2598775e-02
   3.4292482e-02
   3.1172631e-02
   2.4040530e-02
   1.1404203e-02
  -3.0257287e-03
  -9.3368776e-03
  -1.2050144e-02
  -1.3273099e-02
  -1.1938754e-02
  -9.2055146e-03
  -6.7007104e-03
  -5.0275684e-03
  -4.0203319e-03
  -3.5939058e-03
  -3.3208115e-03
  -2.1947077e-03
   1.3530847e-04
   3.3851480e-03
   7.6742810e-03
   1.3405817e-02
   2.0757141e-02
   3.0647995e-02
   4.4527777e-02
   6.5129645e-02
   7.2432443e-02
   0.0000000e+00
   0.0000000e+00
   0.0000000e+00
   0.0000000e+00
   0.0000000e+00
  -4.9853328e-03
   2.1134457e-02
   4.4126566e-02
   6.8457507e-02
   6.3443149e-02
   6.3615124e-03
   0.0000000e+00
   0.0000000e+00
   0.0000000e+00
  -6.9037545e-03
   3.7874001e-02
   4.3264277e-02
   4.8838738e-02
   5.5271659e-02
   5.4950237e-02
   4.4897873e-02
   3.5888776e-02
   3.4324218e-02
   2.9233959e-02
   2.2721238e-02
   1.2518038e-02
   1.2250138e-04
  -9.1968291e-03
  -1.2214898e-02
  -1.2490034e-02
  -1.1439108e-02
  -9.2188362e-03
  -6.7722774e-03
  -4.7975620e-03
  -3.5478880e-03
  -2.6009975e-03
  -1.6560216e-03
  -1.4769619e-04
   2.1833044e-03
   5.2727796e-03
   9.2082703e-03
   1.4211302e-02
   2.0369347e-02
   2.7811760e-02
   3.7383918e-02
   5.0131790e-02
   6.2234841e-02
   4.7153092e-02
   0.0000000e+00
   0.0000000e+00
   0.0000000e+00
   0.0000000e+00
   0.0000000e+00
   1.1089777e-02
   2.9536827e-02
   4.5245193e-02
   5.5717818e-02
   3.2411977e-02
   6.3615117e-03
   0.0000000e+00
   0.0000000e+00
   0.0000000e+00
   1.0891129e-02
   3.8955834e-02
   4.7793537e-02
   5.0643124e-02
   5.6001082e-02
   5.4325264e-02
   4.2083193e-02
   3.2638628e-02
   3.1177171e-02
   1.3700972e-02
   6.9928654e-03
  -1.0162301e-05
  -7.1481527e-03
  -1.1817934e-02
  -1.2191112e-02
  -1.0478388e-02
  -7.9590334e-03
  -5.4122368e-03
  -3.0292119e-03
  -1.0626388e-03
   4.5241602e-04
   2.0305666e-03
   3.9531756e-03
   6.4771604e-03
   9.5732557e-03
   1.3332203e-02
   1.7768620e-02
   2.2739675e-02
   2.8285580e-02
   3.4473252e-02
   4.1582812e-02
   5.0403275e-02
   5.4693799e-02
   5.0338229e-02
   0.0000000e+00
   0.0000000e+00
   0.0000000e+00
   0.0000000e+00
   0.0000000e+00
   0.0000000e+00
   3.4814540e-02
   4.2200483e-02
   4.2794339e-02
   2.6530740e-02
   0.0000000e+00
   0.0000000e+00
   0.0000000e+00
   0.0000000e+00
   2.3311142e-02
   4.3036502e-02
   4.6638835e-02
   4.6247479e-02
   4.8777744e-02
   4.4145674e-02
   2.9283043e-02
   1.9511387e-02
   1.7526660e-02
  -5.1110270e-04
  -4.3154897e-03
  -6.7386231e-03
  -1.0108122e-02
  -1.2662221e-02
  -1.2178659e-02
  -9.8930361e-03
  -6.7007075e-03
  -3.3052971e-03
   3.2371087e-05
   2.8975533e-03
   5.4327504e-03
   7.9498072e-03
   1.0683020e-02
   1.3766889e-02
   1.7278130e-02
   2.1432712e-02
   2.5945471e-02
   3.0462716e-02
   3.4793040e-02
   3.8702446e-02
   4.2330975e-02
   4.5497793e-02
   3.8962311e-02
   2.8829390e-02
   0.0000000e+00
   0.0000000e+00
   0.0000000e+00
   0.0000000e+00
   0.0000000e+00
   0.0000000e+00
   3.9168427e-02
   3.8811086e-02
   3.4939738e-02
   2.0293849e-02
   0.0000000e+00
   0.0000000e+00
   0.0000000e+00
   0.0000000e+00
   2.6904841e-02
   3.7903550e-02
   4.1062093e-02
   3.6781764e-02
   3.6379883e-02
   3.0081972e-02
   1.3182013e-02
   3.3110564e-03
   2.0713342e-03
  -6.2050460e-03
  -9.3166387e-03
  -9.6523516e-03
  -1.1644956e-02
  -1.4089779e-02
  -1.4245860e-02
  -1.2681410e-02
  -9.6696425e-03
  -5.6825172e-03
  -1.3712701e-03
   2.8119007e-03
   6.8065035e-03
   1.0626857e-02
   1.4334150e-02
   1.8030946e-02
   2.1925346e-02
   2.6229374e-02
   3.0738763e-02
   3.4989825e-02
   3.8460201e-02
   4.0556757e-02
   4.0944288e-02
   3.8695833e-02
   2.6616553e-02
   1.6378128e-02
   0.0000000e+00
   0.0000000e+00
   0.0000000e+00
   0.0000000e+00
   0.0000000e+00
   0.0000000e+00
   4.4106777e-02
   3.7839184e-02
   3.2359527e-02
   2.0296454e-02
   0.0000000e+00
   0.0000000e+00
   0.0000000e+00
   0.0000000e+00
   2.4467844e-02
   2.7189655e-02
   3.3100894e-02
   2.5259006e-02
   2.6546774e-02
   2.1441446e-02
   3.0478206e-03
  -5.8596743e-03
  -5.0556653e-03
  -6.3545973e-03
  -1.2206643e-02
  -1.2212832e-02
  -1.3394542e-02
  -1.6192067e-02
  -1.7428418e-02
  -1.6991341e-02
  -1.5101591e-02
  -1.1861065e-02
  -7.5786076e-03
  -2.7302838e-03
   2.2654786e-03
   7.1481685e-03
   1.1813826e-02
   1.6275474e-02
   2.0513165e-02
   2.4811454e-02
   2.8954258e-02
   3.2505339e-02
   3.5149204e-02
   3.6177842e-02
   3.4951711e-02
   3.0642686e-02
   1.9373174e-02
   1.1073818e-02
   0.0000000e+00
   0.0000000e+00
   0.0000000e+00
   0.0000000e+00
   0.0000000e+00
   6.2128733e-02
   4.6887475e-02
   3.7691651e-02
   3.2926979e-02
   3.0335730e-02
   0.0000000e+00
   0.0000000e+00
   0.0000000e+00
   0.0000000e+00
   2.1388118e-02
   1.4719718e-02
   2.2089116e-02
   1.0571766e-02
   2.2987738e-02
   2.0970880e-02
  -8.7841978e-04
  -8.7705483e-03
  -5.6670037e-03
  -1.7318595e-03
  -1.1985065e-02
  -1.1637721e-02
  -1.0889297e-02
  -1.3279035e-02
  -1.5314896e-02
  -1.6222762e-02
  -1.5998015e-02
  -1.4336163e-02
  -1.1287718e-02
  -7.1242522e-03
  -2.2777154e-03
   2.7504240e-03
   7.7646472e-03
   1.2531894e-02
   1.6740954e-02
   2.0679971e-02
   2.4072709e-02
   2.6375903e-02
   2.7323749e-02
   2.6581787e-02
   2.4447883e-02
   2.1464599e-02
   1.5282478e-02
   1.2597771e-02
   0.0000000e+00
   0.0000000e+00
   0.0000000e+00
   0.0000000e+00
   1.9557825e-02
   5.5674423e-02
   4.1774329e-02
   3.3394266e-02
   2.8779157e-02
   2.2970302e-02
   0.0000000e+00
   0.0000000e+00
   0.0000000e+00
   0.0000000e+00
   0.0000000e+00
   7.8613185e-03
   9.6840607e-03
  -4.2716249e-03
   4.6339058e-02
   2.7316432e-02
  -7.4374478e-04
  -7.3542446e-03
  -1.8643144e-03
   4.0564700e-03
  -8.2751745e-03
  -5.7950078e-03
  -1.3372195e-03
  -2.5096614e-03
  -4.0880111e-03
  -5.2930744e-03
  -5.8218420e-03
  -5.2344662e-03
  -3.5155141e-03
  -8.8568207e-04
   2.3682108e-03
   5.9057071e-03
   9.5207820e-03
   1.2986398e-02
   1.6068906e-02
   1.8742878e-02
   2.0920878e-02
   2.2343573e-02
   2.2495636e-02
   2.0662592e-02
   1.7244948e-02
   1.4342181e-02
   1.1521905e-02
   1.1141898e-02
   0.0000000e+00
   0.0000000e+00
   0.0000000e+00
   0.0000000e+00
   2.4972322e-02
   4.9023391e-02
   3.2466933e-02
   2.2609375e-02
   2.0650604e-02
   2.0081791e-02
   0.0000000e+00
   0.0000000e+00
   0.0000000e+00
   0.0000000e+00
   0.0000000e+00
   5.7254483e-03
   6.7658988e-04
  -1.0931168e-02
   5.3766533e-02
   3.4035194e-02
   1.3570090e-03
  -4.3206345e-03
   1.5523918e-03
   3.0114187e-03
   0.0000000e+00
  -6.2725881e-04
   4.6976315e-03
   4.7906748e-03
   4.0009888e-03
   3.2300691e-03
   3.0187556e-03
   3.6311825e-03
   5.0451344e-03
   7.0266720e-03
   9.4198173e-03
   1.2167598e-02
   1.5152679e-02
   1.8261498e-02
   2.1493959e-02
   2.4321751e-02
   2.6089604e-02
   2.6243773e-02
   2.4724410e-02
   2.0501146e-02
   1.2416709e-02
   6.0419256e-03
   4.6939481e-03
   2.8524285e-03
   0.0000000e+00
   0.0000000e+00
   0.0000000e+00
   1.4226104e-02
   2.7041324e-02
   4.0270864e-02
   2.9283276e-02
   0.0000000e+00
   0.0000000e+00
   0.0000000e+00
   0.0000000e+00
   0.0000000e+00
   0.0000000e+00
   0.0000000e+00
   0.0000000e+00
   1.1582263e-02
  -6.0196214e-03
  -6.7514434e-03
   5.0627086e-02
   3.7182044e-02
   4.7277104e-03
  -1.6849853e-03
   1.2729689e-03
   3.0114189e-03
   0.0000000e+00
  -4.3306157e-03
  -4.3239706e-06
   7.0883200e-04
   4.8715746e-04
  -5.7818943e-07
  -6.2331710e-05
   5.8233092e-04
   2.0505569e-03
   4.0978198e-03
   6.5261265e-03
   9.2829056e-03
   1.2603885e-02
   1.6495580e-02
   2.0906059e-02
   2.5053699e-02
   2.7912050e-02
   2.8608289e-02
   2.6388574e-02
   1.9594897e-02
   5.2723335e-03
  -7.7964440e-03
  -6.5832278e-03
  -8.3371792e-03
   0.0000000e+00
   0.0000000e+00
  -0.0000000e+00
   7.5519934e-03
   1.9915946e-02
   2.6490252e-02
   1.8520495e-02
   0.0000000e+00
   0.0000000e+00
   0.0000000e+00
   0.0000000e+00
   0.0000000e+00
   0.0000000e+00
   0.0000000e+00
   0.0000000e+00
   1.8080280e-02
  -1.0668444e-02
  -6.7556656e-03
   5.0627088e-02
   2.6614695e-02
   6.1740540e-03
  -1.2808702e-04
   1.5596327e-03
   0.0000000e+00
   0.0000000e+00
  -9.5856050e-03
  -9.6416520e-03
  -1.1807302e-02
  -1.4462346e-02
  -1.7032685e-02
  -1.8921463e-02
  -1.9702345e-02
  -1.9255424e-02
  -1.7786659e-02
  -1.5461391e-02
  -1.2423484e-02
  -8.6541045e-03
  -4.0004849e-03
   1.4577429e-03
   7.7429404e-03
   1.4445106e-02
   1.9565968e-02
   2.0363718e-02
   1.5574880e-02
  -2.9536895e-06
  -2.3172144e-02
  -1.6790133e-02
  -2.0247991e-02
  -3.9271730e-02
  -3.9271730e-02
  -8.0363847e-03
  -4.6434207e-04
   3.9189905e-03
   9.4241006e-03
   1.1570352e-02
   0.0000000e+00
   0.0000000e+00
   0.0000000e+00
   0.0000000e+00
   0.0000000e+00
   0.0000000e+00
   0.0000000e+00
   0.0000000e+00
   1.5076425e-02
  -1.6426919e-02
  -7.7524465e-03
   0.0000000e+00
   0.0000000e+00
   9.7805122e-03
   1.4206236e-03
   2.2840708e-03
   0.0000000e+00
   0.0000000e+00
  -8.8209111e-03
  -1.4692992e-02
  -2.0294622e-02
  -2.6612371e-02
  -3.2600060e-02
  -3.7439220e-02
  -4.0816586e-02
  -4.2727150e-02
  -4.3618698e-02
  -4.3505743e-02
  -4.2224646e-02
  -3.9800256e-02
  -3.6146820e-02
  -3.0955525e-02
  -2.3869587e-02
  -1.4404521e-02
  -3.2625538e-03
   6.2152385e-03
   1.1107856e-02
   3.6616414e-03
  -3.4151010e-02
  -2.3790171e-02
  -2.2041522e-02
  -2.4642575e-02
  -2.2360610e-02
  -1.2559895e-02
  -1.0414641e-02
  -1.0994348e-02
  -5.6297714e-03
  -2.1821486e-03
   0.0000000e+00
   0.0000000e+00
   0.0000000e+00
   0.0000000e+00
   0.0000000e+00
   0.0000000e+00
   0.0000000e+00
   0.0000000e+00
   9.8096011e-03
  -2.1091565e-02
  -2.0533711e-02
   0.0000000e+00
   0.0000000e+00
   1.2351517e-02
   1.6882038e-03
   3.4539751e-05
   0.0000000e+00
   0.0000000e+00
  -5.1012312e-03
  -1.3770632e-02
  -2.1534217e-02
  -2.9143998e-02
  -3.6124869e-02
  -4.1913884e-02
  -4.6565718e-02
  -5.0324905e-02
  -5.3543895e-02
  -5.6194722e-02
  -5.7572487e-02
  -5.7437051e-02
  -5.5678326e-02
  -5.2085626e-02
  -4.6660933e-02
  -3.8605312e-02
  -2.6689259e-02
  -1.1984744e-02
   1.7810471e-03
   8.7705587e-03
  -4.9072799e-02
  -2.9008707e-02
  -2.6469771e-02
  -2.6834786e-02
  -2.2953119e-02
  -1.7845121e-02
  -1.8253436e-02
  -2.1080288e-02
  -1.5958977e-02
  -1.0015437e-02
   0.0000000e+00
   0.0000000e+00
   0.0000000e+00
   0.0000000e+00
   0.0000000e+00
   0.0000000e+00
   0.0000000e+00
   0.0000000e+00
   2.0508339e-03
  -2.7792284e-02
  -3.5623979e-02
   0.0000000e+00
   0.0000000e+00
   9.1905666e-03
   3.0204551e-03
  -3.5288137e-04
   0.0000000e+00
   1.0324202e-02
   3.0165186e-03
  -8.4426142e-03
  -1.5148184e-02
  -2.0941858e-02
  -2.6265875e-02
  -3.1093536e-02
  -3.5473734e-02
  -3.9465151e-02
  -4.3220947e-02
  -4.6900349e-02
  -4.9990976e-02
  -5.2031991e-02
  -5.2933687e-02
  -5.2304847e-02
  -4.9981901e-02
  -4.5125978e-02
  -3.6197487e-02
  -2.2657626e-02
  -6.6174978e-03
   2.8457331e-03
  -4.0610059e-02
  -2.4959293e-02
  -2.6020265e-02
  -2.7071424e-02
  -2.4586507e-02
  -2.2428236e-02
  -2.4461930e-02
  -2.8948473e-02
  -2.7948114e-02
  -2.3021566e-02
   0.0000000e+00
   0.0000000e+00
   0.0000000e+00
   0.0000000e+00
   0.0000000e+00
   0.0000000e+00
   0.0000000e+00
   0.0000000e+00
  -3.8299953e-03
  -3.2177858e-02
  -3.8253130e-02
   0.0000000e+00
   0.0000000e+00
   7.2005905e-03
   5.3622391e-03
   0.0000000e+00
   0.0000000e+00
   1.7821114e-02
   8.5014887e-03
  -1.1826605e-03
  -5.0412323e-03
  -8.5636713e-03
  -1.2468202e-02
  -1.6576018e-02
  -2.0692313e-02
  -2.4702098e-02
  -2.8450076e-02
  -3.2117531e-02
  -3.5849363e-02
  -3.9329488e-02
  -4.2656735e-02
  -4.5255654e-02
  -4.6266615e-02
  -4.4200666e-02
  -3.7360888e-02
  -2.5153173e-02
  -9.5550735e-03
  -2.4228860e-03
  -0.0000000e+00
  -1.6586242e-02
  -2.1498499e-02
  -2.3705045e-02
  -2.3698663e-02
  -2.3872394e-02
  -2.7464902e-02
  -3.4810297e-02
  -4.0976837e-02
  -3.8541193e-02
   0.0000000e+00
   0.0000000e+00
   0.0000000e+00
   0.0000000e+00
   0.0000000e+00
   0.0000000e+00
   0.0000000e+00
   0.0000000e+00
  -9.0744458e-03
  -3.6319941e-02
  -4.3062998e-02
   0.0000000e+00
   0.0000000e+00
   9.0710968e-03
   1.0763824e-02
   0.0000000e+00
   0.0000000e+00
   0.0000000e+00
   1.3606343e-02
   4.5698597e-03
   3.5896085e-03
   2.1522329e-03
  -1.1705826e-03
  -5.4435460e-03
  -9.9529335e-03
  -1.4348648e-02
  -1.8246714e-02
  -2.1656264e-02
  -2.5013177e-02
  -2.8450146e-02
  -3.2408163e-02
  -3.7224360e-02
  -4.1784152e-02
  -4.3368939e-02
  -3.9159764e-02
  -2.7902715e-02
  -1.1926117e-02
  -6.1938401e-03
   0.0000000e+00
  -6.9270404e-03
  -1.6183928e-02
  -1.8741408e-02
  -2.0261558e-02
  -2.2014704e-02
  -2.7276821e-02
  -3.7753563e-02
  -5.2432485e-02
  -5.5055903e-02
   0.0000000e+00
   0.0000000e+00
   0.0000000e+00
   0.0000000e+00
   0.0000000e+00
   0.0000000e+00
   0.0000000e+00
   0.0000000e+00
  -8.5250387e-03
  -3.9044075e-02
  -4.7336098e-02
   0.0000000e+00
  -0.0000000e+00
   1.1888410e-02
   1.6493378e-02
   0.0000000e+00
   0.0000000e+00
   0.0000000e+00
   1.6284643e-02
   7.7965315e-03
   8.4602981e-03
   9.7126204e-03
   7.2534523e-03
   2.3663192e-03
  -3.1813398e-03
  -8.6121912e-03
  -1.3381380e-02
  -1.7150381e-02
  -2.0227277e-02
  -2.3020812e-02
  -2.6177757e-02
  -3.0635821e-02
  -3.6835387e-02
  -4.2175161e-02
  -4.2212884e-02
  -3.3367321e-02
  -1.9600326e-02
   0.0000000e+00
   3.0178874e-02
  -2.3897129e-04
  -1.1410315e-02
  -1.3888720e-02
  -1.6221076e-02
  -1.8909426e-02
  -2.5070871e-02
  -3.6899767e-02
  -5.6611315e-02
  -6.4957255e-02
   0.0000000e+00
   0.0000000e+00
   0.0000000e+00
   0.0000000e+00
   0.0000000e+00
   0.0000000e+00
   0.0000000e+00
   0.0000000e+00
  -9.0236476e-03
  -4.2180492e-02
  -4.6643342e-02
  -3.6287851e-02
  -0.0000000e+00
   2.1969671e-02
   2.6994022e-02
   0.0000000e+00
   0.0000000e+00
   0.0000000e+00
   1.3905361e-02
   9.4249398e-03
   1.0000154e-02
   1.4011082e-02
   1.3722224e-02
   9.0337526e-03
   2.8041275e-03
  -3.6982861e-03
  -9.8232618e-03
  -1.4935575e-02
  -1.8613510e-02
  -2.1201799e-02
  -2.3623589e-02
  -2.7264303e-02
  -3.3747632e-02
  -4.1463304e-02
  -4.6079401e-02
  -3.7389174e-02
  -2.7340823e-02
   0.0000000e+00
   4.2064778e-02
   2.8662020e-03
  -7.5495266e-03
  -9.8750778e-03
  -1.2479365e-02
  -1.5638543e-02
  -2.1291329e-02
  -3.2843467e-02
  -5.0923638e-02
  -5.8589311e-02
   0.0000000e+00
   0.0000000e+00
   0.0000000e+00
   0.0000000e+00
   0.0000000e+00
   0.0000000e+00
  -0.0000000e+00
   6.8879497e-03
  -8.1912316e-03
  -4.5955349e-02
  -6.1331160e-02
  -3.6287849e-02
   0.0000000e+00
   0.0000000e+00
   0.0000000e+00
   0.0000000e+00
   0.0000000e+00
   0.0000000e+00
   1.4592931e-02
   1.1044174e-02
   1.1173920e-02
   1.6432669e-02
   1.8782074e-02
   1.5267728e-02
   8.9672133e-03
   2.0550610e-03
  -4.8702992e-03
  -1.1491375e-02
  -1.6647473e-02
  -1.9870264e-02
  -2.2054067e-02
  -2.5281990e-02
  -3.2099966e-02
  -4.2176653e-02
  -5.0856043e-02
  -3.8909089e-02
  -2.0778940e-02
   0.0000000e+00
   4.7691677e-02
   6.3405363e-03
  -1.5006727e-03
  -6.0190009e-03
  -8.8387830e-03
  -1.2043529e-02
  -1.6352357e-02
  -2.6339907e-02
  -4.3674666e-02
  -5.4199422e-02
  -4.8156909e-02
   0.0000000e+00
   0.0000000e+00
   0.0000000e+00
  -3.6346964e-02
   0.0000000e+00
  -7.0815482e-03
  -1.0968363e-03
  -6.3807415e-03
  -4.5732610e-02
  -8.1442797e-02
   0.0000000e+00
   0.0000000e+00
   0.0000000e+00
   0.0000000e+00
   0.0000000e+00
   0.0000000e+00
   0.0000000e+00
   1.5089347e-02
   1.3260672e-02
   1.4993302e-02
   2.0123858e-02
   2.3831321e-02
   2.1446496e-02
   1.4943478e-02
   7.6293787e-03
   4.3020965e-04
  -6.9078398e-03
  -1.3340674e-02
  -1.7489038e-02
  -1.9847393e-02
  -2.2822522e-02
  -3.0116746e-02
  -4.3052476e-02
  -5.6258451e-02
  -5.0021311e-02
  -1.9665245e-02
   0.0000000e+00
   0.0000000e+00
   6.8476307e-03
   9.5438775e-03
   4.4445085e-04
  -5.4065953e-03
  -8.2974862e-03
  -1.1055802e-02
  -1.8927567e-02
  -3.4798615e-02
  -5.3582747e-02
  -5.5171417e-02
   0.0000000e+00
   0.0000000e+00
  -0.0000000e+00
  -2.3092771e-02
  -1.4228119e-02
  -8.2059029e-03
  -1.0133856e-02
  -7.4417263e-03
  -9.2835254e-02
  -1.0434705e-01
   0.0000000e+00
   0.0000000e+00
   0.0000000e+00
   0.0000000e+00
   0.0000000e+00
   0.0000000e+00
   0.0000000e+00
   0.0000000e+00
   1.3172111e-02
   1.9991685e-02
   2.8473474e-02
   3.2646246e-02
   2.9704625e-02
   2.2186346e-02
   1.3575900e-02
   5.4587601e-03
  -2.6600121e-03
  -1.0093539e-02
  -1.4948713e-02
  -1.7293291e-02
  -1.9639580e-02
  -2.6926013e-02
  -4.3764181e-02
  -6.0539357e-02
  -4.2958625e-02
   0.0000000e+00
   0.0000000e+00
   0.0000000e+00
   0.0000000e+00
   0.0000000e+00
   2.1582516e-02
   3.7358624e-03
  -3.4820493e-03
  -4.9688960e-03
  -1.0828830e-02
  -2.5716094e-02
  -4.3109816e-02
  -2.2868721e-02
   2.7099258e-03
   6.6007457e-04
  -7.6061842e-03
  -1.9785674e-02
  -9.2712226e-03
  -5.4270142e-03
  -1.4499039e-02
  -7.0067663e-03
  -0.0000000e+00
  -0.0000000e+00
   0.0000000e+00
   0.0000000e+00
   0.0000000e+00
   0.0000000e+00
   0.0000000e+00
   0.0000000e+00
   0.0000000e+00
   0.0000000e+00
   1.5916555e-02
   2.1671520e-02
   3.5843598e-02
   4.3785232e-02
   4.0196317e-02
   3.1078281e-02
   2.0608367e-02
   1.0669006e-02
   1.0066520e-03
  -7.7927755e-03
  -1.3540887e-02
  -1.5694222e-02
  -1.6831118e-02
  -2.2737383e-02
  -4.3185844e-02
  -6.0488123e-02
  -5.7296011e-02
   0.0000000e+00
   0.0000000e+00
   0.0000000e+00
   0.0000000e+00
   0.0000000e+00
   2.7381881e-02
   1.3628006e-02
   3.1733717e-03
   1.4946088e-03
  -2.5830678e-03
  -1.6573819e-02
  -3.6518371e-02
  -3.8679708e-02
   0.0000000e+00
   5.9040834e-04
  -4.5019433e-03
  -1.8012789e-02
  -2.1263735e-02
   0.0000000e+00
  -1.5907201e-02
   0.0000000e+00
   0.0000000e+00
   0.0000000e+00
   0.0000000e+00
   0.0000000e+00
   0.0000000e+00
   0.0000000e+00
   0.0000000e+00
   0.0000000e+00
   0.0000000e+00
   0.0000000e+00
   1.7096367e-02
   1.6730227e-02
   3.4447543e-02
   4.9561981e-02
   4.9763806e-02
   4.1317366e-02
   2.9708102e-02
   1.7675856e-02
   5.7674721e-03
  -4.8522754e-03
  -1.1940432e-02
  -1.4327680e-02
  -1.4054766e-02
  -1.7192474e-02
  -3.8666077e-02
  -5.8642191e-02
  -4.2703918e-02
   0.0000000e+00
   0.0000000e+00
   0.0000000e+00
   0.0000000e+00
   0.0000000e+00
   0.0000000e+00
   1.4872694e-02
   9.9392310e-03
   8.0159092e-03
   5.6307442e-03
  -5.7966630e-03
  -2.7531482e-02
  -2.9989923e-02
   0.0000000e+00
   1.1689259e-03
  -4.8777081e-03
  -1.3982312e-02
   0.0000000e+00
   0.0000000e+00
   0.0000000e+00
  -5.1264269e-03
  -2.1080938e-02
   0.0000000e+00
   0.0000000e+00
   0.0000000e+00
   0.0000000e+00
   0.0000000e+00
   0.0000000e+00
   0.0000000e+00
   0.0000000e+00
   0.0000000e+00
   0.0000000e+00
   1.0643010e-02
   2.4761019e-02
   4.4594463e-02
   5.0742578e-02
   4.7187708e-02
   3.7671149e-02
   2.4839494e-02
   1.0874394e-02
  -1.4443571e-03
  -9.6032480e-03
  -1.2212838e-02
  -1.0565349e-02
  -1.0324878e-02
  -2.8069941e-02
  -5.3704785e-02
   0.0000000e+00
   0.0000000e+00
   0.0000000e+00
   0.0000000e+00
   0.0000000e+00
   0.0000000e+00
   0.0000000e+00
   0.0000000e+00
   1.2688521e-02
   9.8603498e-03
   1.0812118e-02
   5.2930354e-03
  -1.3890287e-02
  -1.6095438e-02
   0.0000000e+00
   2.5029677e-03
  -3.4044201e-03
   0.0000000e+00
   0.0000000e+00
   0.0000000e+00
  -1.2381367e-02
  -7.6412167e-03
  -2.0444052e-02
  -2.5851017e-02
   0.0000000e+00
   0.0000000e+00
   0.0000000e+00
   0.0000000e+00
   0.0000000e+00
   0.0000000e+00
   0.0000000e+00
   0.0000000e+00
   0.0000000e+00
  -0.0000000e+00
  -5.5087212e-04
   2.6875688e-02
   3.8927659e-02
   4.1288525e-02
   3.6742195e-02
   2.6243940e-02
   1.2602629e-02
   5.4717780e-04
  -7.1982606e-03
  -9.1246553e-03
  -5.6728381e-03
  -2.0255840e-03
  -1.2123045e-02
  -2.6718835e-02
   0.0000000e+00
   0.0000000e+00
   0.0000000e+00
   0.0000000e+00
   0.0000000e+00
   0.0000000e+00
   0.0000000e+00
   0.0000000e+00
   0.0000000e+00
   8.7094881e-03
   1.2904116e-02
   1.5013569e-02
   1.3286873e-03
   1.0699271e-03
   0.0000000e+00
   0.0000000e+00
  -8.5421629e-03
  -8.5421629e-03
  -1.4990516e-02
  -1.0149484e-02
  -1.1165811e-02
  -9.3656927e-03
  -1.5796583e-02
  -1.8104609e-02
   0.0000000e+00
   0.0000000e+00
   0.0000000e+00
   0.0000000e+00
   0.0000000e+00
   0.0000000e+00
   0.0000000e+00
   0.0000000e+00
   0.0000000e+00
  -0.0000000e+00
  -3.7181844e-02
  -7.7322335e-03
   1.1393388e-02
   2.1097191e-02
   2.4460121e-02
   2.0006793e-02
   1.0629365e-02
   1.4237960e-03
  -4.3267943e-03
  -4.4014059e-03
   1.4411008e-03
   8.7277061e-03
   7.2079021e-03
   3.2126223e-03
   0.0000000e+00
   0.0000000e+00
   0.0000000e+00
   0.0000000e+00
   0.0000000e+00
   0.0000000e+00
   0.0000000e+00
   0.0000000e+00
   0.0000000e+00
  -0.0000000e+00
   5.4645610e-03
   2.2309224e-02
   1.5826172e-02
   7.7188431e-03
   0.0000000e+00
   0.0000000e+00
  -0.0000000e+00
  -0.0000000e+00
   0.0000000e+00
  -1.0331428e-02
  -1.0784035e-02
  -1.0272111e-02
  -9.9394078e-03
  -1.1274843e-02
   0.0000000e+00
   0.0000000e+00
   0.0000000e+00
   0.0000000e+00
   0.0000000e+00
   0.0000000e+00
   0.0000000e+00
   0.0000000e+00
   0.0000000e+00
   0.0000000e+00
  -4.7445458e-02
  -3.2878388e-02
  -1.2216446e-02
   5.8352873e-03
   1.7117953e-02
   1.7217137e-02
   1.0975275e-02
   2.5592591e-03
  -3.2433830e-03
  -8.3194883e-04
   8.7274313e-03
   1.8175079e-02
   2.0029258e-02
   1.3393103e-02
   0.0000000e+00
   0.0000000e+00
   0.0000000e+00
   0.0000000e+00
   0.0000000e+00
   0.0000000e+00
   0.0000000e+00
   0.0000000e+00
   0.0000000e+00
  -3.1633817e-02
  -2.8050023e-03
   2.4880253e-02
   2.9416073e-02
   0.0000000e+00
   0.0000000e+00
   0.0000000e+00
   0.0000000e+00
   0.0000000e+00
   0.0000000e+00
   0.0000000e+00
  -0.0000000e+00
  -0.0000000e+00
   0.0000000e+00
   0.0000000e+00
   0.0000000e+00
   0.0000000e+00
   0.0000000e+00
   0.0000000e+00
   0.0000000e+00
   0.0000000e+00
   0.0000000e+00
   0.0000000e+00
   0.0000000e+00
   0.0000000e+00
  -5.4554072e-02
  -4.4977962e-02
  -2.8752604e-02
  -3.1106924e-03
   9.7464714e-03
   1.3255471e-02
   9.3293991e-03
   2.7645049e-03
  -4.0588053e-03
  -5.0573086e-04
   1.4900967e-02
   2.8203925e-02
   3.4090962e-02
   1.6899897e-02
   0.0000000e+00
   0.0000000e+00
   0.0000000e+00
   0.0000000e+00
   0.0000000e+00
   0.0000000e+00
   0.0000000e+00
   0.0000000e+00
  -0.0000000e+00
  -3.6510855e-02
  -7.8512495e-03
   2.6087465e-02
   3.9429026e-02
   4.3485088e-02
  -0.0000000e+00
   0.0000000e+00
   0.0000000e+00
   0.0000000e+00
   0.0000000e+00
   0.0000000e+00
   0.0000000e+00
   0.0000000e+00
   0.0000000e+00
   0.0000000e+00
   0.0000000e+00
   0.0000000e+00
   0.0000000e+00
   0.0000000e+00
   0.0000000e+00
   0.0000000e+00
   0.0000000e+00
   0.0000000e+00
   0.0000000e+00
   0.0000000e+00
  -6.6188729e-02
  -3.1802550e-02
  -3.8512820e-02
  -2.1735821e-02
  -1.4603838e-02
   7.9315755e-04
   4.9527250e-03
   4.2342258e-03
  -3.4214002e-03
  -6.3758893e-03
   1.0519358e-02
   2.9431132e-02
   4.5930393e-02
   0.0000000e+00
   0.0000000e+00
   0.0000000e+00
   0.0000000e+00
   0.0000000e+00
   0.0000000e+00
   0.0000000e+00
   0.0000000e+00
   0.0000000e+00
  -0.0000000e+00
  -0.0000000e+00
   0.0000000e+00
   2.3829681e-02
   4.1132461e-02
  -0.0000000e+00
   0.0000000e+00
   0.0000000e+00
   0.0000000e+00
   0.0000000e+00
   0.0000000e+00
   0.0000000e+00
   0.0000000e+00
   0.0000000e+00
  -0.0000000e+00
  -0.0000000e+00
   0.0000000e+00
   0.0000000e+00
   0.0000000e+00
   0.0000000e+00
   0.0000000e+00
   0.0000000e+00
   0.0000000e+00
   0.0000000e+00
   0.0000000e+00
   0.0000000e+00
  -0.0000000e+00
  -0.0000000e+00
   0.0000000e+00
  -0.0000000e+00
  -4.6896273e-02
  -1.0659903e-02
   5.8492743e-03
   9.9396100e-03
   0.0000000e+00
   0.0000000e+00
   0.0000000e+00
   0.0000000e+00
   0.0000000e+00
   0.0000000e+00
   0.0000000e+00
   0.0000000e+00
   0.0000000e+00
   0.0000000e+00
   0.0000000e+00
   0.0000000e+00
   0.0000000e+00
   0.0000000e+00
  -0.0000000e+00
  -0.0000000e+00
   0.0000000e+00
   0.0000000e+00
   0.0000000e+00
  -0.0000000e+00
  -0.0000000e+00
  -0.0000000e+00
   0.0000000e+00
   0.0000000e+00
   0.0000000e+00
   0.0000000e+00
   0.0000000e+00
   0.0000000e+00
  -0.0000000e+00
  -0.0000000e+00
  -0.0000000e+00
   0.0000000e+00
   0.0000000e+00
   0.0000000e+00
   0.0000000e+00
   0.0000000e+00
   0.0000000e+00
   0.0000000e+00
   0.0000000e+00
   0.0000000e+00
   0.0000000e+00
   0.0000000e+00
   0.0000000e+00
   0.0000000e+00
   0.0000000e+00
   0.0000000e+00
   0.0000000e+00
   0.0000000e+00
   0.0000000e+00
   0.0000000e+00
   0.0000000e+00
   0.0000000e+00
   0.0000000e+00
   0.0000000e+00
  -0.0000000e+00
   0.0000000e+00
   0.0000000e+00
   0.0000000e+00
   0.0000000e+00
   0.0000000e+00
   0.0000000e+00
  -0.0000000e+00
  -0.0000000e+00
  -0.0000000e+00
   0.0000000e+00
   0.0000000e+00
   0.0000000e+00
  -0.0000000e+00
  -0.0000000e+00
  -0.0000000e+00
   0.0000000e+00
   0.0000000e+00
   0.0000000e+00
   0.0000000e+00
   0.0000000e+00
   0.0000000e+00
   0.0000000e+00
  -0.0000000e+00
  -0.0000000e+00
   0.0000000e+00
   0.0000000e+00
   0.0000000e+00
   0.0000000e+00
   0.0000000e+00
   0.0000000e+00
   0.0000000e+00
   0.0000000e+00
   0.0000000e+00
   0.0000000e+00
   0.0000000e+00
   1.3531803e-02
   6.2183492e-03
  -3.0533216e-04
  -5.0833881e-04
  -1.0425961e-03
  -4.0807160e-03
  -6.5147960e-03
  -1.8473317e-03
   3.7344410e-03
   2.5621988e-03
  -1.7244694e-03
  -6.3816893e-03
  -1.3772525e-02
  -1.6060477e-02
  -1.9351136e-02
  -2.2034744e-02
  -2.2460324e-02
  -1.9681533e-02
  -1.4660986e-02
  -0.0000000e+00
  -0.0000000e+00
  -0.0000000e+00
  -0.0000000e+00
  -0.0000000e+00
  -0.0000000e+00
  -0.0000000e+00
  -0.0000000e+00
  -0.0000000e+00
  -0.0000000e+00
  -0.0000000e+00
  -0.0000000e+00
  -0.0000000e+00
  -0.0000000e+00
  -0.0000000e+00
   0.0000000e+00
  -0.0000000e+00
  -0.0000000e+00
   0.0000000e+00
   0.0000000e+00
   0.0000000e+00
   0.0000000e+00
