   3.6864543e+00
   5.4995651e+00
   7.3275299e+00
   9.2508450e+00
   1.0690293e+01
   1.1735250e+01
   1.1975478e+01
   1.1308323e+01
   9.8652601e+00
   7.6105027e+00
   5.2547760e+00
   3.4903476e+00
   2.3404582e+00
   1.2831138e+00
   6.0906434e-01
   1.0311434e-01
  -3.0726966e-01
  -8.9976239e-01
  -1.6489998e+00
  -2.3860693e+00
  -3.1325932e+00
  -3.9529881e+00
  -4.1398768e+00
  -3.6974173e+00
  -3.0477500e+00
  -2.3192437e+00
  -1.5669954e+00
  -5.2553844e-01
   5.8159041e-01
   1.5190004e+00
   1.8371251e+00
   1.4279202e+00
   8.7407196e-01
   1.8647638e-01
  -4.4855538e-01
  -9.3071920e-01
  -1.2886992e+00
  -1.7770846e+00
  -2.3529708e+00
  -3.1406317e+00
  -3.8994393e+00
  -4.7240944e+00
  -5.5255995e+00
  -6.3146191e+00
  -7.0864668e+00
  -7.4368715e+00
  -6.7102180e+00
  -5.2092242e+00
  -3.5916498e+00
  -2.0891261e+00
  -1.2221752e+00
  -7.2580642e-01
  -3.4628895e-01
   2.6029873e-01
   1.0281289e+00
   1.9755728e+00
   2.1552196e+00
   1.2105135e+00
  -2.2195764e-01
  -1.6719387e+00
  -2.3037181e+00
  -1.6167269e+00
   1.4214554e-01
   2.0747657e+00
  -3.7978284e+00
  -2.3512259e+00
  -1.9314119e+00
  -2.0607729e+00
  -1.4485272e+00
   3.6233291e-01
   2.6968696e+00
   4.5635381e+00
   4.7191730e+00
   3.9382522e+00
   2.9269824e+00
   2.1028550e+00
   1.6646098e+00
   1.3432306e+00
   1.2434394e+00
   1.2564192e+00
   1.2140968e+00
   1.0591482e+00
   8.8646472e-01
   6.2577027e-01
   1.5973470e-01
  -5.3406984e-01
  -1.1386800e+00
  -1.5615871e+00
  -1.6172273e+00
  -1.3850245e+00
  -1.4179333e+00
  -2.0200498e+00
  -2.4176829e+00
  -2.1997774e+00
  -1.6824516e+00
  -1.8437119e+00
  -2.2672882e+00
  -1.6667572e+00
  -3.6848927e-01
   3.8182938e-01
   1.5118510e-01
  -2.6603520e-01
  -3.5505652e-01
  -4.1390753e-01
  -7.5921977e-01
  -1.5605412e+00
  -2.6935835e+00
  -4.0292158e+00
  -5.2113976e+00
  -5.8373151e+00
  -5.5604568e+00
  -5.1807413e+00
  -4.7981305e+00
  -4.8004470e+00
  -4.9014783e+00
  -5.0724044e+00
  -5.0084386e+00
  -5.5343618e+00
  -5.9196000e+00
  -1.5341688e+00
   4.1781859e+00
   3.7953994e+00
  -4.8847458e-01
  -5.2024536e+00
  -8.2838392e+00
  -7.6725926e+00
  -5.6408372e+00
  -4.7340260e+00
  -4.5198150e+00
  -4.2133994e+00
  -3.9521573e+00
  -3.9490898e+00
  -4.3964629e+00
  -4.4167981e+00
  -3.0755932e+00
  -1.7081540e+00
  -1.9161050e+00
  -2.3207908e+00
  -1.7447659e+00
  -9.4350231e-01
  -3.4024259e-01
   6.4987105e-01
   1.5662889e+00
   2.0834079e+00
   2.3988147e+00
   2.6404078e+00
   2.5749269e+00
   2.3981476e+00
   2.3162701e+00
   2.2415504e+00
   2.1015589e+00
   1.9423773e+00
   1.8822029e+00
   1.7754601e+00
   1.5791429e+00
   1.5165166e+00
   1.5254244e+00
   1.3410140e+00
   1.2813575e+00
   1.2939367e+00
   7.5547528e-01
  -3.3240084e-02
  -1.9791026e-01
   1.7084512e-01
   6.5202367e-01
   9.7390395e-01
   9.8054230e-01
   8.3286119e-01
   7.3416924e-01
   5.1076806e-01
   1.0982154e-01
  -4.3619469e-01
  -1.1237957e+00
  -1.9732341e+00
  -2.6787500e+00
  -3.2170553e+00
  -3.2491133e+00
  -2.9270086e+00
  -3.1855443e+00
  -3.6675668e+00
  -3.8467245e+00
  -4.5400519e+00
  -5.5400324e+00
  -5.0450172e+00
  -2.8756082e+00
  -1.3464226e+00
  -1.2761033e+00
  -2.2234490e+00
  -3.8668075e+00
  -5.0551567e+00
  -4.8721843e+00
  -4.4708223e+00
  -2.0233104e+00
  -2.1492920e+00
  -2.0213950e+00
  -1.7453675e+00
  -1.5720991e+00
  -1.5444851e+00
  -1.4073210e+00
  -7.7142590e-01
   1.6857485e-01
   1.0878375e+00
   1.7290813e+00
   2.2815609e+00
   2.6598656e+00
   2.9994254e+00
   3.3646224e+00
   3.6777642e+00
   3.7580960e+00
   3.7239730e+00
   3.6104007e+00
   3.3971877e+00
   3.2191694e+00
   3.0849764e+00
   2.9683433e+00
   2.8551912e+00
   2.7707667e+00
   2.7010360e+00
   2.6406236e+00
   2.5829954e+00
   2.5724874e+00
   2.6509895e+00
   2.7426832e+00
   2.7355628e+00
   2.6591911e+00
   2.5378623e+00
   2.3821962e+00
   2.2996092e+00
   2.4186561e+00
   2.5545213e+00
   2.6476171e+00
   2.6374590e+00
   2.5063484e+00
   2.3341899e+00
   2.1227541e+00
   1.9036484e+00
   1.7641989e+00
   1.5536845e+00
   1.3230541e+00
   1.1202204e+00
   9.8265576e-01
   9.8680174e-01
   1.0570827e+00
   1.0055213e+00
   8.5225886e-01
   4.6683764e-01
  -3.1015146e-01
  -1.3795294e+00
  -1.9024304e+00
  -1.5642581e+00
  -9.4265670e-01
  -5.5497706e-01
  -4.7568822e-01
  -7.1712548e-01
  -1.2155975e+00
  -1.7211225e+00
   1.3306595e+00
   1.2420817e+00
   1.2585915e+00
   1.3804867e+00
   1.6007398e+00
   1.9099060e+00
   2.2332662e+00
   2.5789049e+00
   2.9288217e+00
   3.3725189e+00
   3.7914190e+00
   4.1149326e+00
   4.3015092e+00
   4.4952846e+00
   4.6646898e+00
   4.7609459e+00
   4.6903670e+00
   4.5065008e+00
   4.2972892e+00
   4.0600004e+00
   3.8669734e+00
   3.6961231e+00
   3.5904917e+00
   3.5117444e+00
   3.4051301e+00
   3.3107566e+00
   3.3010079e+00
   3.3174900e+00
   3.3716809e+00
   3.4989647e+00
   3.6627342e+00
   3.8037643e+00
   3.8626654e+00
   3.8969498e+00
   3.8259995e+00
   3.6983838e+00
   3.7260430e+00
   3.7826462e+00
   3.8577766e+00
   3.9631545e+00
   3.9587078e+00
   3.8507361e+00
   3.7158620e+00
   3.5904083e+00
   3.5104043e+00
   3.4839997e+00
   3.4946007e+00
   3.5136291e+00
   3.5207383e+00
   3.5419065e+00
   3.6082060e+00
   3.6514692e+00
   3.6215346e+00
   3.5105814e+00
   3.3013990e+00
   2.9796852e+00
   2.6456811e+00
   2.3362174e+00
   2.0926763e+00
   1.8693175e+00
   1.8131846e+00
   1.8329983e+00
   1.7304677e+00
   1.5101166e+00
   4.0689950e+00
   3.9514248e+00
   3.9002729e+00
   3.9590111e+00
   4.0963607e+00
   4.2893667e+00
   4.4540686e+00
   4.6010756e+00
   4.7125815e+00
   4.8747582e+00
   5.0579499e+00
   5.1576228e+00
   5.1509937e+00
   5.2090273e+00
   5.2863620e+00
   5.2936740e+00
   5.1658786e+00
   4.9406133e+00
   4.6999635e+00
   4.4715858e+00
   4.3378133e+00
   4.2477217e+00
   4.2023558e+00
   4.2041006e+00
   4.1618695e+00
   4.1121550e+00
   4.1253943e+00
   4.1916170e+00
   4.2590198e+00
   4.3823547e+00
   4.5303230e+00
   4.7823586e+00
   5.1267675e+00
   5.0792775e+00
   5.2266153e+00
   4.8941603e+00
   4.8245310e+00
   4.9167018e+00
   5.0178665e+00
   5.2019715e+00
   5.2965878e+00
   5.3598852e+00
   5.3838213e+00
   5.4038658e+00
   5.3925265e+00
   5.4300709e+00
   5.5093129e+00
   5.6684899e+00
   5.7871654e+00
   5.8693995e+00
   5.9481475e+00
   6.0491848e+00
   6.0981920e+00
   6.1074557e+00
   6.0827839e+00
   6.0096936e+00
   5.8627708e+00
   5.5636988e+00
   5.1998471e+00
   4.8458567e+00
   4.6462607e+00
   4.5460043e+00
   4.4015030e+00
   4.2279367e+00
   5.8366755e+00
   5.7192157e+00
   5.6324399e+00
   5.6075643e+00
   5.6258548e+00
   5.6642202e+00
   5.6505378e+00
   5.6354245e+00
   5.5757998e+00
   5.5374216e+00
   5.5064581e+00
   5.4356793e+00
   5.2188080e+00
   5.1781381e+00
   5.2332066e+00
   5.2223891e+00
   5.1171063e+00
   4.9835342e+00
   4.8248990e+00
   4.6817043e+00
   4.5799516e+00
   4.5705169e+00
   4.5786922e+00
   4.6447900e+00
   4.6538527e+00
   4.6765216e+00
   4.6719759e+00
   4.7410963e+00
   4.7966588e+00
   4.9200991e+00
   4.9934266e+00
   5.1764749e+00
   4.8351191e+00
   3.6560221e+00
   4.9916266e+00
   5.0791553e+00
   5.0647433e+00
   5.3328427e+00
   5.5834473e+00
   5.8882917e+00
   6.0584153e+00
   6.2273315e+00
   6.3284029e+00
   6.4298367e+00
   6.4738773e+00
   6.5859002e+00
   6.7044219e+00
   6.8933787e+00
   7.0108156e+00
   7.1254701e+00
   7.2266783e+00
   7.3477749e+00
   7.3927765e+00
   7.4385104e+00
   7.4668526e+00
   7.5073447e+00
   7.4621696e+00
   7.2595458e+00
   6.9519533e+00
   6.7156834e+00
   6.6031989e+00
   6.4289783e+00
   6.1657714e+00
   5.9786714e+00
   7.1837072e+00
   7.0708976e+00
   6.9860124e+00
   6.8512516e+00
   6.7691468e+00
   6.6340971e+00
   6.4695696e+00
   6.2493362e+00
   5.9838432e+00
   5.6988158e+00
   5.4017313e+00
   5.3748369e+00
   5.1592954e+00
   4.6981592e+00
   4.6447041e+00
   4.7034445e+00
   4.7152222e+00
   4.7313585e+00
   4.7375811e+00
   4.7119865e+00
   4.7227538e+00
   4.7433543e+00
   4.8224099e+00
   4.8762493e+00
   4.9483350e+00
   4.9854565e+00
   5.0034221e+00
   5.0628319e+00
   5.0658496e+00
   5.2117548e+00
   5.1331938e+00
   5.2857075e+00
   3.0199305e+00
   2.7103763e+00
   4.0363843e+00
   4.0705175e+00
   4.6812184e+00
   5.2455149e+00
   5.6864546e+00
   6.1065826e+00
   6.3516683e+00
   6.6609564e+00
   6.8625716e+00
   7.0394950e+00
   7.1503667e+00
   7.2928295e+00
   7.4308405e+00
   7.5629725e+00
   7.6996932e+00
   7.8049297e+00
   7.9576716e+00
   8.0108452e+00
   7.9835076e+00
   7.9294624e+00
   7.9632044e+00
   8.0818949e+00
   8.1810765e+00
   8.1318922e+00
   7.9575024e+00
   7.9463181e+00
   7.9337735e+00
   7.7428460e+00
   7.4806156e+00
   7.2918301e+00
   8.1238551e+00
   8.0166526e+00
   7.8650865e+00
   7.6375785e+00
   7.3933129e+00
   7.0870990e+00
   6.7071375e+00
   6.3762812e+00
   5.9840764e+00
   5.3641427e+00
   4.9865482e+00
   4.0923984e+00
   3.4818623e+00
   3.3268263e+00
   3.7018297e+00
   3.8980489e+00
   4.1348932e+00
   4.2740481e+00
   4.4685595e+00
   4.5992883e+00
   4.6783879e+00
   4.7809141e+00
   4.8340033e+00
   4.9205363e+00
   4.9837144e+00
   5.0219892e+00
   5.1142171e+00
   5.1120284e+00
   5.1610702e+00
   5.1847032e+00
   5.1066592e+00
   5.2006639e+00
   2.8348796e+00
   2.5391442e+00
   3.9411991e+00
   3.6631105e+00
   4.2565663e+00
   4.9564565e+00
   5.4453066e+00
   5.9319013e+00
   6.2474722e+00
   6.6675643e+00
   6.9825930e+00
   7.2427687e+00
   7.4422149e+00
   7.5904646e+00
   7.7266083e+00
   7.8398108e+00
   7.9578671e+00
   8.0395856e+00
   8.1030335e+00
   8.0355487e+00
   7.8285732e+00
   7.6447654e+00
   7.6777677e+00
   7.8979039e+00
   8.1526876e+00
   8.2897582e+00
   8.3206039e+00
   8.5773101e+00
   8.6572500e+00
   8.4733167e+00
   8.2960382e+00
   8.1897302e+00
   8.6051817e+00
   8.4479618e+00
   8.2065144e+00
   7.7991982e+00
   7.3650951e+00
   6.8397121e+00
   6.2847261e+00
   5.2674141e+00
   4.1728878e+00
   4.5156393e+00
   4.2757807e+00
   2.4621015e+00
   1.7510434e+00
   2.1644163e+00
   2.8372440e+00
   3.2082860e+00
   3.5053957e+00
   3.8016605e+00
   4.1036797e+00
   4.3603334e+00
   4.4967904e+00
   4.6252899e+00
   4.6969004e+00
   4.7654557e+00
   4.7850690e+00
   4.8486018e+00
   4.9004598e+00
   4.9296961e+00
   4.9890251e+00
   4.9124107e+00
   4.9192553e+00
   4.8180342e+00
   3.6257136e+00
   2.5291452e+00
   3.5151317e+00
   3.0604303e+00
   3.6082010e+00
   4.4281087e+00
   4.9398422e+00
   5.4705315e+00
   5.8973989e+00
   6.3474245e+00
   6.7587571e+00
   7.0564938e+00
   7.3114347e+00
   7.4935369e+00
   7.5937195e+00
   7.7183294e+00
   7.7585182e+00
   7.7302046e+00
   7.6918983e+00
   7.4731531e+00
   7.0873046e+00
   6.8017097e+00
   6.8512878e+00
   7.1705637e+00
   7.5358086e+00
   7.8762136e+00
   8.1724548e+00
   8.5860205e+00
   8.7643785e+00
   8.6726046e+00
   8.6154261e+00
   8.6536169e+00
   8.5320349e+00
   8.2215471e+00
   7.8299894e+00
   7.2023954e+00
   6.5833044e+00
   5.9644146e+00
   5.3276529e+00
   4.1327386e+00
   2.8546038e+00
   3.7581394e+00
   3.3310108e+00
   2.5781169e+00
   1.3688885e+00
   1.7977663e+00
   2.4813457e+00
   2.8308306e+00
   3.0984387e+00
   3.4547458e+00
   3.7789106e+00
   4.0564270e+00
   4.2076888e+00
   4.3354425e+00
   4.4071312e+00
   4.4032993e+00
   4.4126720e+00
   4.4241109e+00
   4.4218607e+00
   4.4951725e+00
   4.5248260e+00
   4.5016170e+00
   4.5026655e+00
   4.3192234e+00
   3.5449831e+00
   1.9047602e+00
   2.8357449e+00
   2.3707447e+00
   2.8597460e+00
   3.6476798e+00
   4.1863909e+00
   4.7420788e+00
   5.2760124e+00
   5.8050728e+00
   6.2358170e+00
   6.5772405e+00
   6.8174400e+00
   7.0121469e+00
   7.1033816e+00
   7.1427479e+00
   7.0639329e+00
   6.9264421e+00
   6.7746878e+00
   6.5382719e+00
   6.1457505e+00
   5.8274002e+00
   5.9119368e+00
   6.2172551e+00
   6.6293664e+00
   7.1492548e+00
   7.6166096e+00
   8.1229877e+00
   8.4121532e+00
   8.5072336e+00
   8.5583515e+00
   8.6397467e+00
   7.7900767e+00
   7.3379269e+00
   6.6819534e+00
   5.8704786e+00
   5.2432761e+00
   4.5960045e+00
   3.8838909e+00
   2.6455052e+00
   2.1991131e+00
   2.6263225e+00
   2.4421022e+00
   2.5469930e+00
   2.0721235e+00
   1.4093411e+00
   2.3990045e+00
   2.6236672e+00
   2.8300786e+00
   3.1470971e+00
   3.4198561e+00
   3.6512289e+00
   3.7911744e+00
   3.8981466e+00
   3.9165654e+00
   3.8652978e+00
   3.8130171e+00
   3.7582040e+00
   3.7513895e+00
   3.8165305e+00
   3.8815584e+00
   3.9316678e+00
   3.9164879e+00
   3.6775413e+00
   2.7768455e+00
   1.5379069e+00
   2.0037987e+00
   1.6698245e+00
   1.8918043e+00
   2.6733859e+00
   3.2175856e+00
   3.7800767e+00
   4.4207559e+00
   5.0632596e+00
   5.4973946e+00
   5.8450499e+00
   6.0688186e+00
   6.2272654e+00
   6.2899814e+00
   6.1940908e+00
   5.9177446e+00
   5.5463791e+00
   5.2805114e+00
   5.3143296e+00
   5.1442423e+00
   4.8804951e+00
   4.9400549e+00
   5.1776257e+00
   5.6045341e+00
   6.2120132e+00
   6.7637463e+00
   7.3127451e+00
   7.6822567e+00
   7.9228830e+00
   8.0322857e+00
   8.0228643e+00
   6.4775361e+00
   5.8871722e+00
   5.0144370e+00
   4.1604853e+00
   3.5805073e+00
   2.9269512e+00
   2.3829226e+00
   1.1791043e+00
   1.2856047e+00
   1.4876659e+00
   1.6745601e+00
   1.8780482e+00
   2.1911110e+00
   1.2057357e+00
   2.2275411e+00
   2.3506038e+00
   2.4603592e+00
   2.6995201e+00
   2.8992893e+00
   3.0812528e+00
   3.2003393e+00
   3.2436190e+00
   3.2119505e+00
   3.1309268e+00
   3.0276877e+00
   2.9342082e+00
   2.9212024e+00
   2.9972730e+00
   3.1225378e+00
   3.2192850e+00
   3.1838548e+00
   2.9017403e+00
   1.9965518e+00
   1.2911178e+00
   1.2989239e+00
   8.3735174e-01
   7.5015770e-01
   1.4854431e+00
   2.1258925e+00
   2.7127881e+00
   3.4312577e+00
   4.1315365e+00
   4.5692675e+00
   4.8976240e+00
   5.1007679e+00
   5.2122393e+00
   5.1878775e+00
   4.9159570e+00
   4.3539198e+00
   3.8002546e+00
   3.8182845e+00
   4.1581478e+00
   3.8935320e+00
   3.6439157e+00
   3.6612468e+00
   3.8652709e+00
   4.3249738e+00
   4.9797816e+00
   5.5688933e+00
   6.1323261e+00
   6.5310735e+00
   6.8173618e+00
   6.9305796e+00
   6.8311300e+00
   4.7851084e+00
   4.0232816e+00
   3.0763111e+00
   2.3882654e+00
   1.6550982e+00
   1.1921728e+00
   1.1769940e+00
   6.3027477e-01
   5.1229987e-01
   8.6261505e-01
   1.0133755e+00
   1.1878972e+00
   1.4488868e+00
   1.3323493e+00
   1.8987170e+00
   1.8815711e+00
   1.9090679e+00
   2.0552559e+00
   2.1919204e+00
   2.3237555e+00
   2.3993987e+00
   2.3899338e+00
   2.3197059e+00
   2.2221148e+00
   2.1164390e+00
   2.0245543e+00
   2.0214268e+00
   2.1239021e+00
   2.2791411e+00
   2.3806610e+00
   2.3118142e+00
   2.0253143e+00
   1.2727562e+00
   9.9923402e-01
   8.8404434e-01
   1.6494910e-01
  -1.3024139e-01
   2.3896937e-01
   1.0274151e+00
   1.6642350e+00
   2.4012825e+00
   3.0749280e+00
   3.4966221e+00
   3.8064847e+00
   3.9685197e+00
   4.0051107e+00
   3.8375924e+00
   3.3389242e+00
   2.4810492e+00
   1.8963507e+00
   2.2742983e+00
   2.2819316e+00
   2.2842814e+00
   2.1138341e+00
   2.1623725e+00
   2.3920493e+00
   2.9164125e+00
   3.5759130e+00
   4.1316788e+00
   4.6649132e+00
   5.0399974e+00
   5.2994628e+00
   5.3797325e+00
   5.2206092e+00
   2.8690983e+00
   2.0074406e+00
   1.1739259e+00
   6.6092271e-01
  -3.0168419e-01
  -2.9111820e-01
   2.0503545e-01
   5.7619607e-01
   9.9803253e-03
   4.5929614e-01
   4.1864965e-01
   5.0813192e-01
   7.8778597e-01
   1.2733265e+00
   1.3539878e+00
   1.2001096e+00
   1.1683153e+00
   1.2425399e+00
   1.3180877e+00
   1.3867377e+00
   1.4200880e+00
   1.3891419e+00
   1.3064938e+00
   1.2063562e+00
   1.1159395e+00
   1.0753540e+00
   1.1195451e+00
   1.2366797e+00
   1.3734937e+00
   1.4333189e+00
   1.3279146e+00
   1.0749264e+00
   5.3346943e-01
   9.1887110e-01
   3.5361822e-01
  -3.7000775e-01
  -6.0901605e-01
  -8.0642247e-01
  -4.0283757e-02
   6.7569214e-01
   1.3921947e+00
   1.9896171e+00
   2.3655700e+00
   2.6374598e+00
   2.7321071e+00
   2.6334648e+00
   2.2694025e+00
   1.5376220e+00
   5.8888732e-01
   2.6498592e-01
   6.0941862e-01
  -1.0293849e-01
   5.7157623e-01
   5.7774943e-01
   6.9050137e-01
   9.9748087e-01
   1.5711360e+00
   2.1580391e+00
   2.6010830e+00
   3.0338631e+00
   3.3321007e+00
   3.5299406e+00
   3.5541194e+00
   3.3409891e+00
   8.6872724e-01
   1.6802860e-01
  -2.2752258e-01
  -9.7710665e-01
  -1.7612743e+00
  -1.1080973e+00
  -7.8688144e-01
  -1.6792726e-01
  -6.6950787e-01
  -2.3173468e-01
  -2.0239911e-01
  -1.6314769e-01
   7.7251940e-03
   2.7479820e-01
   3.6193775e-01
   2.9672188e-01
   2.3664834e-01
   2.6672477e-01
   2.9975544e-01
   3.2644440e-01
   3.3799482e-01
   3.0023251e-01
   2.2812308e-01
   1.4742509e-01
   8.3629234e-02
   1.0938840e-01
   2.1234404e-01
   3.3824765e-01
   4.2956930e-01
   4.1525577e-01
   2.7473870e-01
   1.4930961e-01
  -8.6095581e-02
   5.4892205e-01
  -5.5822793e-01
  -1.0010137e+00
  -9.0765372e-01
  -1.4522732e+00
  -1.1058492e+00
  -2.8766131e-01
   4.3397984e-01
   9.5198257e-01
   1.2461132e+00
   1.4271865e+00
   1.4036285e+00
   1.1136205e+00
   5.2573861e-01
  -3.9507502e-01
  -9.3257237e-01
  -1.5597314e-01
  -3.4875058e-03
  -1.9562914e-01
  -7.2684080e-01
  -8.0460528e-01
  -7.4255481e-01
  -3.4915167e-01
   1.9919226e-01
   6.6632464e-01
   9.5786242e-01
   1.2604540e+00
   1.4608283e+00
   1.5681516e+00
   1.5244124e+00
   1.2999661e+00
  -1.4361980e+00
  -1.5950429e+00
  -1.2833446e+00
  -2.0629063e+00
  -2.2479253e+00
  -1.4703166e+00
  -1.0721326e+00
  -9.3272722e-01
  -8.3095956e-01
  -9.4388485e-01
  -1.0020614e+00
  -1.1277623e+00
  -1.1098976e+00
  -1.0062648e+00
  -1.0193042e+00
  -1.1498799e+00
  -1.2414697e+00
  -1.2390140e+00
  -1.1917006e+00
  -1.1590805e+00
  -1.1420617e+00
  -1.1206696e+00
  -1.1225667e+00
  -1.1286156e+00
  -1.0976360e+00
  -9.7374856e-01
  -8.3199954e-01
  -7.4662882e-01
  -7.6821119e-01
  -9.2699164e-01
  -1.0993289e+00
  -1.0075867e+00
  -5.3397179e-01
   4.9928445e-01
   1.2339516e-01
  -1.6236883e+00
  -9.2999685e-01
  -1.6473992e+00
  -2.2582607e+00
  -1.3899035e+00
  -6.3360631e-01
  -2.6570168e-01
  -1.5775508e-01
  -1.8624562e-01
  -4.3161857e-01
  -9.5965266e-01
  -1.6473706e+00
  -2.2192140e+00
  -1.5622408e+00
   4.6370727e-01
  -4.2950204e-01
  -2.5209063e-01
  -1.6726106e+00
  -2.3988519e+00
  -2.3434548e+00
  -1.6253481e+00
  -1.4149964e+00
  -1.2339051e+00
  -1.1530684e+00
  -1.0450585e+00
  -9.7555923e-01
  -9.7374886e-01
  -1.0589758e+00
  -1.2247418e+00
  -2.8342047e+00
  -2.5334153e+00
  -1.7391391e+00
  -1.9943027e+00
  -1.6395206e+00
  -1.2589512e+00
  -1.1085922e+00
  -9.4089133e-01
  -4.3578339e-01
  -1.1304247e+00
  -1.8205247e+00
  -2.0415547e+00
  -2.0865283e+00
  -2.0889330e+00
  -2.1768832e+00
  -2.3264949e+00
  -2.4246120e+00
  -2.4198091e+00
  -2.3351440e+00
  -2.2579479e+00
  -2.1826234e+00
  -2.0684595e+00
  -1.9823644e+00
  -1.8793714e+00
  -1.7476326e+00
  -1.5774972e+00
  -1.4783607e+00
  -1.5145099e+00
  -1.6907498e+00
  -1.9841676e+00
  -2.1606133e+00
  -1.7850208e+00
  -4.7606847e-01
   5.1295793e-01
  -1.3589457e-02
  -1.6598222e+00
  -1.0307693e+00
  -1.1596957e+00
  -2.7771757e+00
  -2.0292678e+00
  -1.3323565e+00
  -1.1355441e+00
  -1.2244414e+00
  -1.4633043e+00
  -1.8796779e+00
  -2.4865916e+00
  -3.0829487e+00
  -3.3629901e+00
  -2.1545486e+00
   2.2072743e-01
  -2.8660911e-01
  -5.7410240e-01
  -1.5980406e+00
  -2.6900694e+00
  -2.6923304e+00
  -2.3150294e+00
  -2.4731312e+00
  -2.5243535e+00
  -2.5901005e+00
  -2.6190481e+00
  -2.6520629e+00
  -2.7188799e+00
  -2.8009164e+00
  -2.8706055e+00
  -3.8901844e+00
  -3.1666288e+00
  -1.8350397e+00
  -1.9073949e+00
  -1.6473279e+00
  -1.3859990e+00
  -1.0530922e+00
  -7.2948766e-01
  -4.1418600e-01
  -1.5381132e+00
  -2.6679008e+00
  -2.8752937e+00
  -2.9573476e+00
  -3.0160565e+00
  -3.1317728e+00
  -3.2819920e+00
  -3.3732986e+00
  -3.3713291e+00
  -3.2698746e+00
  -3.1434917e+00
  -2.9989998e+00
  -2.7965040e+00
  -2.6092272e+00
  -2.3860645e+00
  -2.1789947e+00
  -2.0278273e+00
  -2.0497677e+00
  -2.2553210e+00
  -2.5800083e+00
  -2.9505768e+00
  -3.0753946e+00
  -2.4817786e+00
  -7.4540645e-01
   4.0899682e-01
   2.4101555e-02
  -1.3127078e+00
  -1.0242071e+00
  -6.2769055e-01
  -2.3683593e+00
  -2.6144032e+00
  -1.9604985e+00
  -1.9945049e+00
  -2.2670355e+00
  -2.6725454e+00
  -3.1686640e+00
  -3.7185230e+00
  -4.0825915e+00
  -3.9367900e+00
  -2.1870952e+00
  -3.1096637e-01
  -8.0274683e-01
  -9.2480260e-01
  -1.4502507e+00
  -2.5027969e+00
  -2.1197300e+00
  -2.8901522e+00
  -3.3915367e+00
  -3.5845678e+00
  -3.7609766e+00
  -3.8965631e+00
  -4.0142674e+00
  -4.1345196e+00
  -4.2024059e+00
  -4.1635447e+00
  -4.6434813e+00
  -3.5398211e+00
  -1.7979454e+00
  -1.7104696e+00
  -1.7163388e+00
  -1.5361921e+00
  -9.8807943e-01
  -5.3057814e-01
  -6.1179900e-01
  -2.1518986e+00
  -3.4228160e+00
  -3.5762348e+00
  -3.6737096e+00
  -3.7542641e+00
  -3.8685591e+00
  -4.0063114e+00
  -4.0854659e+00
  -4.0884514e+00
  -3.9816899e+00
  -3.8043995e+00
  -3.5875680e+00
  -3.3039999e+00
  -3.0205173e+00
  -2.6952188e+00
  -2.4596574e+00
  -2.4006238e+00
  -2.5971131e+00
  -2.9852469e+00
  -3.4228888e+00
  -3.8114676e+00
  -3.8571215e+00
  -3.1289215e+00
  -1.2313508e+00
   2.7273864e-01
   8.5756339e-02
  -7.8195715e-01
  -8.6712611e-01
  -3.9194864e-01
  -1.5568842e+00
  -2.9310944e+00
  -2.5722499e+00
  -2.8644209e+00
  -3.2789550e+00
  -3.7799973e+00
  -4.2644663e+00
  -4.6584535e+00
  -4.7190013e+00
  -4.1414080e+00
  -1.8417116e+00
  -7.6505882e-01
  -1.3526031e+00
  -1.1906977e+00
  -1.3134211e+00
  -2.3494968e+00
  -1.7415593e+00
  -3.5138750e+00
  -4.1761951e+00
  -4.4584775e+00
  -4.7179379e+00
  -4.9331245e+00
  -5.1123004e+00
  -5.2580924e+00
  -5.2923217e+00
  -5.1384068e+00
  -5.1348846e+00
  -3.6742273e+00
  -1.7837331e+00
  -1.2935801e+00
  -1.4163653e+00
  -1.4723881e+00
  -9.7279789e-01
  -5.1658597e-01
  -9.5995636e-01
  -3.0477961e+00
  -4.0342680e+00
  -4.1369227e+00
  -4.2288887e+00
  -4.3048150e+00
  -4.3976389e+00
  -4.5107834e+00
  -4.5769137e+00
  -4.5853069e+00
  -4.4790131e+00
  -4.2468509e+00
  -3.9540765e+00
  -3.5934726e+00
  -3.2262178e+00
  -2.8349610e+00
  -2.6409536e+00
  -2.7743777e+00
  -3.2029106e+00
  -3.7764934e+00
  -4.2711513e+00
  -4.6082326e+00
  -4.5583534e+00
  -3.7967970e+00
  -1.9241251e+00
   1.5572766e-01
   5.9460553e-02
  -1.5111584e-01
  -4.8476908e-01
  -7.5976363e-01
  -6.2579584e-01
  -2.7855190e+00
  -3.2595639e+00
  -3.8376626e+00
  -4.3341547e+00
  -4.8328851e+00
  -5.1969278e+00
  -5.3354436e+00
  -5.0392427e+00
  -4.0898326e+00
  -1.1685089e+00
  -8.7078872e-01
  -1.4847447e+00
  -1.2875497e+00
  -1.2458293e+00
  -2.6360108e+00
  -2.4593127e+00
  -4.3784550e+00
  -4.8737764e+00
  -5.2214097e+00
  -5.5450365e+00
  -5.8172694e+00
  -6.0313621e+00
  -6.1617365e+00
  -6.1296223e+00
  -5.8481648e+00
  -5.1487360e+00
  -3.4453290e+00
  -1.5940112e+00
  -4.3599623e-01
  -5.6389022e-01
  -6.0855722e-01
  -8.6197490e-01
  -1.1006253e+00
  -2.3997080e+00
  -4.2241788e+00
  -4.4103680e+00
  -4.3914919e+00
  -4.4390993e+00
  -4.5124803e+00
  -4.5431175e+00
  -4.5648537e+00
  -4.5959425e+00
  -4.5979428e+00
  -4.4667301e+00
  -4.1769686e+00
  -3.8161213e+00
  -3.4053447e+00
  -3.0488491e+00
  -2.7994936e+00
  -2.9280901e+00
  -3.4355655e+00
  -4.0929656e+00
  -4.7478790e+00
  -5.1695023e+00
  -5.3585281e+00
  -5.1583848e+00
  -4.5729589e+00
  -3.3241467e+00
   3.6822286e-01
  -9.5718890e-02
   1.8498215e-01
  -4.5371091e-01
  -6.6049278e-01
  -8.1191307e-01
  -2.4752200e+00
  -4.3676696e+00
  -5.0515218e+00
  -5.4787545e+00
  -5.7885838e+00
  -5.8740578e+00
  -5.6266499e+00
  -4.8007455e+00
  -2.8754573e+00
  -6.7882770e-01
  -7.5040436e-01
  -9.0525770e-01
  -1.3224726e+00
  -8.8251662e-01
  -1.9449136e+00
  -2.0802314e+00
  -4.3647032e+00
  -5.3672948e+00
  -5.9517179e+00
  -6.2926149e+00
  -6.5486412e+00
  -6.7105737e+00
  -6.7730331e+00
  -6.6350956e+00
  -6.1412334e+00
  -4.7938352e+00
  -3.0149126e+00
  -1.2512465e+00
   5.3692400e-02
  -3.3758169e-01
  -5.0944662e-01
  -1.0125483e+00
  -1.7278941e+00
  -3.9617984e+00
  -4.3482099e+00
  -4.2654295e+00
  -4.1541657e+00
  -4.1325493e+00
  -4.1599617e+00
  -4.1594620e+00
  -4.1517334e+00
  -4.1646085e+00
  -4.1167226e+00
  -3.9494255e+00
  -3.6746373e+00
  -3.3607929e+00
  -3.0100052e+00
  -2.7979896e+00
  -2.8613150e+00
  -3.3187737e+00
  -4.0386186e+00
  -4.7197170e+00
  -5.2943974e+00
  -5.6005874e+00
  -5.6686850e+00
  -5.3983974e+00
  -4.7522125e+00
  -2.5269866e+00
   1.8029507e-01
   4.3303512e-02
   1.2793867e-01
  -2.7295136e-01
  -6.5399253e-01
  -1.1673511e+00
  -2.7130446e+00
  -4.9667854e+00
  -5.6949158e+00
  -6.0378036e+00
  -6.1577034e+00
  -6.0296936e+00
  -5.5123696e+00
  -4.3605299e+00
  -2.1161256e+00
   2.9971823e-01
  -7.8190500e-01
  -1.0080198e+00
  -1.6087277e+00
  -1.0225577e+00
  -1.0770571e+00
  -1.6079850e+00
  -4.3030539e+00
  -5.7505350e+00
  -6.2918606e+00
  -6.5815735e+00
  -6.7735529e+00
  -6.8562508e+00
  -6.8218594e+00
  -6.5733271e+00
  -5.9332290e+00
  -4.2858343e+00
  -2.4977310e+00
  -9.1125739e-01
   3.0725089e-01
  -5.2720822e-02
  -5.3652585e-01
  -1.2497236e+00
  -2.3811178e+00
  -4.7397299e+00
  -4.1788077e+00
  -3.8939540e+00
  -3.6683514e+00
  -3.5665371e+00
  -3.5490184e+00
  -3.5511816e+00
  -3.5568631e+00
  -3.5656464e+00
  -3.4826479e+00
  -3.3016195e+00
  -3.0702007e+00
  -2.8451669e+00
  -2.6332262e+00
  -2.6488400e+00
  -3.0531750e+00
  -3.7802777e+00
  -4.6208825e+00
  -5.2623081e+00
  -5.7261686e+00
  -5.9123526e+00
  -5.8588963e+00
  -5.4839678e+00
  -4.5574059e+00
  -1.6328924e+00
   5.7329167e-02
   8.5710071e-02
  -3.8594395e-02
  -2.0145480e-01
  -7.1371591e-01
  -1.4455009e+00
  -3.0796118e+00
  -5.4439220e+00
  -6.1552048e+00
  -6.4047122e+00
  -6.3435755e+00
  -6.0207062e+00
  -5.2698250e+00
  -3.8756540e+00
  -1.5706996e+00
   6.4183646e-01
  -6.9294977e-01
  -1.0324258e+00
  -1.5717342e+00
  -1.2536978e+00
  -8.9129603e-01
  -1.6854186e+00
  -4.4533048e+00
  -5.9932399e+00
  -6.4866648e+00
  -6.7120514e+00
  -6.8133578e+00
  -6.7921433e+00
  -6.6459622e+00
  -6.2967253e+00
  -5.5363960e+00
  -3.5422108e+00
  -1.8252580e+00
  -5.5786140e-01
   2.7462080e-01
   3.9990042e-01
  -6.8016643e-01
  -1.6107938e+00
  -3.1281787e+00
  -4.4399295e+00
  -3.6629895e+00
  -3.2065765e+00
  -2.8216252e+00
  -2.6185556e+00
  -2.5574031e+00
  -2.6087278e+00
  -2.6856927e+00
  -2.7089831e+00
  -2.6130179e+00
  -2.4504497e+00
  -2.3010493e+00
  -2.2232771e+00
  -2.2674637e+00
  -2.6402496e+00
  -3.4426400e+00
  -4.3776615e+00
  -5.2317688e+00
  -5.7564257e+00
  -6.0694768e+00
  -6.1218128e+00
  -5.9322669e+00
  -5.3857610e+00
  -3.8556671e+00
  -7.1440162e-01
   5.3528219e-02
  -3.4804852e-02
  -3.4384511e-01
  -2.9550620e-01
  -8.6667353e-01
  -1.6217444e+00
  -3.6172337e+00
  -5.8338687e+00
  -6.4435861e+00
  -6.5793750e+00
  -6.3335551e+00
  -5.8190585e+00
  -4.8554378e+00
  -3.2995926e+00
  -1.2444896e+00
   4.7462090e-02
  -4.0724810e-01
  -8.8369799e-01
  -1.0394311e+00
  -1.5928446e+00
  -1.6944924e+00
  -2.5762581e+00
  -4.9292775e+00
  -6.0642400e+00
  -6.5236754e+00
  -6.6659303e+00
  -6.6338991e+00
  -6.4658464e+00
  -6.1785292e+00
  -5.7341056e+00
  -4.8742596e+00
  -2.2333572e+00
  -8.5236973e-01
  -3.1034791e-01
  -4.1613385e-01
  -6.1964433e-01
  -1.0909681e+00
  -2.9689015e+00
  -5.8529706e+00
  -4.8479532e+00
  -2.5850811e+00
  -2.1875269e+00
  -1.6754706e+00
  -1.4351680e+00
  -1.4312488e+00
  -1.5798692e+00
  -1.7427883e+00
  -1.7997723e+00
  -1.7412629e+00
  -1.6592503e+00
  -1.6771203e+00
  -1.8828057e+00
  -2.3724418e+00
  -3.1393314e+00
  -4.1376791e+00
  -5.0133952e+00
  -5.7122984e+00
  -6.0770428e+00
  -6.2067637e+00
  -6.0809510e+00
  -5.6535273e+00
  -4.8095383e+00
  -3.1774793e+00
  -5.3127640e-01
  -3.4416720e-01
  -6.6132663e-01
  -8.9730823e-01
  -8.0134549e-01
  -9.4482780e-01
  -1.8572636e+00
  -2.8463795e+00
  -5.1782573e+00
  -6.4725485e+00
  -6.4262540e+00
  -5.9930749e+00
  -5.2884091e+00
  -4.1456594e+00
  -2.5525667e+00
  -8.7121516e-01
   5.1599437e-01
  -2.5024408e-01
  -4.4455285e-01
  -9.1284966e-01
  -1.7562659e+00
  -2.6145012e+00
  -4.8919519e+00
  -5.9441681e+00
  -5.8773768e+00
  -6.1371469e+00
  -6.1572754e+00
  -5.9370532e+00
  -5.5578754e+00
  -5.0789013e+00
  -4.5338187e+00
  -3.5946369e+00
  -1.2104220e+00
  -2.4460584e-01
  -1.6237156e-01
  -9.1570091e-01
  -1.6167163e+00
  -2.3674998e+00
  -2.9142165e+00
  -3.5655475e+00
  -2.9169302e+00
  -2.1632645e+00
  -1.8756661e+00
  -1.4187143e+00
  -1.2307253e+00
  -1.2620890e+00
  -1.3994401e+00
  -1.5238793e+00
  -1.5616201e+00
  -1.5297477e+00
  -1.5315007e+00
  -1.6947552e+00
  -2.0756631e+00
  -2.7329128e+00
  -3.5405469e+00
  -4.4614930e+00
  -5.2079229e+00
  -5.7767334e+00
  -6.0354614e+00
  -6.0471687e+00
  -5.8032560e+00
  -5.2214022e+00
  -4.2863550e+00
  -2.4784043e+00
  -5.1986319e-01
  -4.1533810e-01
  -8.6504209e-01
  -1.4311879e+00
  -1.1210856e+00
  -8.8605285e-01
  -1.6799382e+00
  -2.6307499e+00
  -4.9898691e+00
  -6.2752924e+00
  -6.1775351e+00
  -5.6410637e+00
  -4.8294940e+00
  -3.6107600e+00
  -2.0828300e+00
  -5.4651248e-01
   1.0961447e+00
  -6.1304227e-02
  -2.7398625e-01
  -8.8681388e-01
  -1.8601139e+00
  -2.7876761e+00
  -5.0024099e+00
  -5.5900564e+00
  -5.4568515e+00
  -5.5760283e+00
  -5.4775620e+00
  -5.1306281e+00
  -4.6335721e+00
  -4.0230145e+00
  -3.3896534e+00
  -2.4299812e+00
  -2.4289119e-01
   2.7832776e-01
  -1.7194629e-02
  -1.2366933e+00
  -2.2800052e+00
  -3.2432675e+00
  -2.4571890e+00
  -1.3910128e+00
  -1.3012553e+00
  -1.9233522e+00
  -1.7877145e+00
  -1.4450476e+00
  -1.3457408e+00
  -1.4127367e+00
  -1.5200856e+00
  -1.5881512e+00
  -1.6010350e+00
  -1.5927618e+00
  -1.6651094e+00
  -1.9376460e+00
  -2.4284381e+00
  -3.1582870e+00
  -3.9281499e+00
  -4.7220674e+00
  -5.3210915e+00
  -5.7466912e+00
  -5.8887522e+00
  -5.7776699e+00
  -5.4140580e+00
  -4.6788383e+00
  -3.6207908e+00
  -1.7403163e+00
  -5.6188601e-01
  -4.3544650e-01
  -9.5915860e-01
  -1.8776896e+00
  -1.5557935e+00
  -8.7570506e-01
  -1.4254443e+00
  -2.5367050e+00
  -4.8221806e+00
  -6.0100560e+00
  -5.8592990e+00
  -5.2431126e+00
  -4.3408064e+00
  -3.0647726e+00
  -1.6115396e+00
  -1.0986042e-01
   1.6159157e+00
   1.7682993e-01
  -1.3291906e-01
  -8.1747687e-01
  -1.9323177e+00
  -3.0248256e+00
  -4.8111404e+00
  -5.0446129e+00
  -4.9146146e+00
  -4.8848290e+00
  -4.6502732e+00
  -4.1638217e+00
  -3.5476623e+00
  -2.8162534e+00
  -2.1196596e+00
  -1.1711907e+00
   8.5704739e-01
   7.4796546e-01
   1.8341042e-01
  -1.0838266e+00
  -1.9739902e+00
  -2.7105116e+00
  -9.3427095e-01
  -5.5231160e-01
  -1.0576790e+00
  -2.0509408e+00
  -2.2325769e+00
  -2.1800633e+00
  -2.2886698e+00
  -2.4077018e+00
  -2.4459487e+00
  -2.4196404e+00
  -2.3981034e+00
  -2.4120445e+00
  -2.5263967e+00
  -2.8183149e+00
  -3.2550915e+00
  -3.8334890e+00
  -4.3931346e+00
  -4.9405777e+00
  -5.3150503e+00
  -5.5102171e+00
  -5.4548000e+00
  -5.1552674e+00
  -4.6194543e+00
  -3.6722723e+00
  -2.2911322e+00
  -6.9475684e-01
  -7.4561422e-01
  -3.8295222e-01
  -8.2764983e-01
  -2.1412698e+00
  -2.5439962e+00
  -1.0684831e+00
  -9.6766776e-01
  -2.6699979e+00
  -4.5458101e+00
  -5.5150269e+00
  -5.2544160e+00
  -4.5945279e+00
  -3.6097857e+00
  -2.2956269e+00
  -9.3758825e-01
   8.2977850e-01
   2.0239448e+00
   6.3154781e-01
   2.1533331e-02
  -5.5375987e-01
  -1.9319060e+00
  -3.7591343e+00
  -4.1965955e+00
  -4.1182740e+00
  -3.8937807e+00
  -3.6325475e+00
  -3.1679063e+00
  -2.4459280e+00
  -1.6497598e+00
  -7.8674867e-01
  -9.3200929e-02
   7.5065636e-01
   9.2727196e-01
   8.2562774e-01
   4.7215003e-01
  -4.5755306e-01
  -1.2093644e+00
  -1.2345266e+00
  -2.2597060e-01
  -1.0331537e+00
  -2.6363735e+00
  -2.9795949e+00
  -3.2620940e+00
  -3.5315211e+00
  -3.7735481e+00
  -3.9160814e+00
  -3.9342546e+00
  -3.8894248e+00
  -3.8518424e+00
  -3.8417616e+00
  -3.8954072e+00
  -4.0428419e+00
  -4.2609735e+00
  -4.5402374e+00
  -4.8081250e+00
  -5.0691900e+00
  -5.2224331e+00
  -5.2289019e+00
  -5.0298538e+00
  -4.5804768e+00
  -3.8921053e+00
  -2.7449992e+00
  -9.9225152e-01
   4.0581441e-01
  -9.1477120e-01
   1.7190874e-02
  -5.1573867e-01
  -2.5724187e+00
  -5.0664387e+00
  -1.9323742e+00
  -1.5207819e+00
  -4.0387859e+00
  -4.6649008e+00
  -4.6193924e+00
  -4.3440423e+00
  -3.7188559e+00
  -2.7071538e+00
  -1.3837869e+00
  -2.1929312e-01
   7.7408612e-01
   1.7457919e+00
   7.0898652e-01
   2.2951595e-01
  -3.3394539e-01
  -2.2756524e+00
  -3.5000536e+00
  -3.5414357e+00
  -3.1305199e+00
  -2.8063130e+00
  -2.3330538e+00
  -1.6618435e+00
  -7.1929133e-01
   2.6379853e-01
   1.1965227e+00
   1.6939259e+00
   1.7935821e+00
   9.0705811e-01
   6.8351382e-01
   4.4072786e-01
  -2.8521457e-01
  -8.6685156e-01
  -6.7897093e-01
  -3.3052592e-01
  -1.9923978e+00
  -3.6156122e+00
  -3.7232234e+00
  -4.0688250e+00
  -4.4671993e+00
  -4.7300137e+00
  -4.8685737e+00
  -4.8803785e+00
  -4.8304634e+00
  -4.7731240e+00
  -4.7195940e+00
  -4.7024143e+00
  -4.7281218e+00
  -4.7921269e+00
  -4.8770709e+00
  -4.9582456e+00
  -5.0378375e+00
  -5.0583275e+00
  -4.9694338e+00
  -4.7176311e+00
  -4.2248631e+00
  -3.4849689e+00
  -2.2451856e+00
  -3.2893481e-01
   9.2670733e-01
  -8.8537365e-01
   1.0854430e-01
  -2.6963537e-01
  -2.7088771e+00
  -5.8809732e+00
  -2.5356495e+00
  -2.5945195e+00
  -5.0420713e+00
  -4.3887413e+00
  -3.7666075e+00
  -3.4874532e+00
  -2.9010718e+00
  -1.8828245e+00
  -5.6184727e-01
   4.2314004e-01
   9.9884605e-01
   1.4444575e+00
   7.0203555e-01
   3.3519538e-01
  -1.4947717e-01
  -2.5035857e+00
  -3.3617222e+00
  -3.1499471e+00
  -2.5096836e+00
  -2.1123241e+00
  -1.5093098e+00
  -7.1579985e-01
   3.2423735e-01
   1.3869929e+00
   2.3523011e+00
   2.7060486e+00
   2.2132034e+00
   8.4753537e-01
   4.3488652e-01
   2.7488989e-01
  -2.7782768e-01
  -6.5619177e-01
  -4.3352863e-01
  -7.7927607e-01
  -3.2602878e+00
  -4.4658327e+00
  -4.4791832e+00
  -4.8799257e+00
  -5.3436985e+00
  -5.5837741e+00
  -5.7066751e+00
  -5.7169538e+00
  -5.6668377e+00
  -5.5858922e+00
  -5.4758482e+00
  -5.3753433e+00
  -5.2742305e+00
  -5.1922359e+00
  -5.1026902e+00
  -5.0179739e+00
  -4.9374771e+00
  -4.8456473e+00
  -4.6882262e+00
  -4.4145360e+00
  -3.9167085e+00
  -3.1604500e+00
  -1.8608222e+00
   1.5329480e-01
   1.2724997e+00
  -7.7144474e-01
   8.4631383e-02
  -2.1318495e-02
  -2.7411549e+00
  -6.0945134e+00
  -3.1038132e+00
  -4.0076666e+00
  -6.0146918e+00
  -3.9185941e+00
  -2.8305526e+00
  -2.5516086e+00
  -2.0102930e+00
  -9.9306035e-01
   3.2050994e-01
   1.1105118e+00
   1.3646555e+00
   1.0980541e+00
   6.5981209e-01
   4.1159737e-01
   4.2357601e-02
  -2.7111719e+00
  -3.2563410e+00
  -2.8198428e+00
  -1.9652829e+00
  -1.4969696e+00
  -7.8245425e-01
   1.1340346e-01
   1.2121947e+00
   2.3202429e+00
   3.3068278e+00
   3.5213737e+00
   2.4279485e+00
   1.2495785e+00
   4.6593323e-01
   4.5515770e-01
  -6.9062769e-01
  -1.4833251e+00
  -2.8196018e+00
  -4.6331120e+00
  -5.0564108e+00
  -4.9011631e+00
  -4.9484348e+00
  -5.3470187e+00
  -5.6555004e+00
  -5.8082962e+00
  -5.8993368e+00
  -5.9299383e+00
  -5.9245582e+00
  -5.8781996e+00
  -5.7937675e+00
  -5.6802497e+00
  -5.5367470e+00
  -5.4038148e+00
  -5.2235384e+00
  -5.0048099e+00
  -4.7454824e+00
  -4.4858651e+00
  -4.1789498e+00
  -3.8134780e+00
  -3.2863312e+00
  -2.6204941e+00
  -1.6795714e+00
  -3.8310939e-01
   9.5396382e-01
  -2.6326716e-01
  -1.0087161e+00
  -3.9293545e-01
  -3.0948188e+00
  -3.0838363e+00
  -4.2714090e+00
  -5.9638133e+00
  -4.7992053e+00
  -2.8377171e+00
  -1.4335432e+00
  -7.9882222e-01
  -5.5795923e-02
   1.0969944e+00
   2.1900878e+00
   2.5430756e+00
   1.9957132e+00
   9.1103208e-01
   6.3251352e-01
   5.8715445e-01
   1.8944532e-01
  -3.2116652e+00
  -3.5747395e+00
  -2.6692772e+00
  -1.1748676e+00
  -5.8651686e-01
   9.6558742e-02
   9.9967480e-01
   1.9898896e+00
   2.9801633e+00
   3.8763337e+00
   3.8456817e+00
   2.8417373e+00
   1.2240645e+00
   5.9011030e-01
   5.0358352e-01
  -9.5143926e-01
  -1.9940740e+00
  -3.2366953e+00
  -4.5784705e+00
  -4.9901609e+00
  -4.9815672e+00
  -5.1887450e+00
  -5.5774878e+00
  -5.8601918e+00
  -5.9897398e+00
  -6.0301819e+00
  -6.0027503e+00
  -5.9361510e+00
  -5.8370031e+00
  -5.7086835e+00
  -5.5679224e+00
  -5.4016647e+00
  -5.2420996e+00
  -5.0249691e+00
  -4.7516807e+00
  -4.3911200e+00
  -4.0036328e+00
  -3.5656109e+00
  -3.1539087e+00
  -2.7245269e+00
  -2.3849212e+00
  -2.0878689e+00
  -1.3715840e+00
   8.4955543e-01
   1.9572429e-01
  -1.1779575e+00
  -1.2733706e+00
  -3.2798421e+00
  -2.6166429e+00
  -4.3742003e+00
  -5.6511615e+00
  -4.3651567e+00
  -2.4131810e+00
  -7.8661311e-01
   1.8151511e-01
   1.1340038e+00
   1.7005290e+00
   2.7158334e+00
   3.5235522e+00
   1.8042837e+00
   7.6869582e-01
   3.9105362e-01
   4.1002836e-01
   1.1390044e-01
  -3.4696910e+00
  -3.4455237e+00
  -2.3619322e+00
  -5.8996987e-01
  -4.9914963e-02
   4.8249584e-01
   1.3608977e+00
   2.2717121e+00
   3.1337239e+00
   3.8725495e+00
   3.7295039e+00
   2.7426071e+00
   1.2174817e+00
   7.0628354e-01
   5.3520709e-01
  -1.0964208e+00
  -2.1850052e+00
  -3.5640975e+00
  -4.5617032e+00
  -4.9843658e+00
  -5.1326838e+00
  -5.4999722e+00
  -5.8939533e+00
  -6.1773302e+00
  -6.3042226e+00
  -6.3166277e+00
  -6.2437348e+00
  -6.1139586e+00
  -5.9446068e+00
  -5.7357152e+00
  -5.5182085e+00
  -5.2716640e+00
  -5.0424390e+00
  -4.7576188e+00
  -4.4175167e+00
  -3.9680383e+00
  -3.4884455e+00
  -2.9758049e+00
  -2.5836358e+00
  -2.3075368e+00
  -2.2609906e+00
  -2.4913055e+00
  -2.3593938e+00
   2.6908085e-01
   3.7233549e-01
  -1.5935995e+00
  -2.5800703e+00
  -3.5410111e+00
  -2.8331954e+00
  -4.7408561e+00
  -5.3723626e+00
  -4.0108895e+00
  -2.1298249e+00
  -3.2526295e-01
   9.7163552e-01
   2.0061238e+00
   1.9510999e+00
   2.7345456e+00
   3.6481287e+00
   1.5995405e+00
   6.6272694e-01
   1.8671126e-01
   2.3219347e-01
   3.0712508e-02
  -3.2907388e+00
  -2.9007896e+00
  -1.7956729e+00
  -5.6526706e-02
   4.2911595e-01
   8.0898156e-01
   1.6836751e+00
   2.6037442e+00
   3.3413949e+00
   3.9094827e+00
   3.5709431e+00
   2.5666870e+00
   1.2553666e+00
   8.3647543e-01
   5.3482601e-01
  -9.9963506e-01
  -1.6477923e+00
  -3.7665584e+00
  -4.6328537e+00
  -5.1249793e+00
  -5.5007493e+00
  -6.0749922e+00
  -6.5126645e+00
  -6.8617060e+00
  -7.0356105e+00
  -7.0671291e+00
  -6.9664122e+00
  -6.7503765e+00
  -6.4478466e+00
  -6.0452016e+00
  -5.6074826e+00
  -5.1164856e+00
  -4.6920398e+00
  -4.2444071e+00
  -3.7881368e+00
  -3.2541765e+00
  -2.7434200e+00
  -2.2729362e+00
  -2.0670430e+00
  -2.1245839e+00
  -2.3746624e+00
  -2.9996034e+00
  -3.6314787e+00
  -1.6455434e+00
  -9.1636930e-02
  -2.7331093e+00
  -5.3091198e+00
  -4.0642915e+00
  -4.7872836e+00
  -5.8599827e+00
  -5.0957981e+00
  -3.7495130e+00
  -2.1102823e+00
  -1.8496851e-01
   1.5244984e+00
   2.3524960e+00
   1.4095978e+00
   1.5166774e+00
   1.7122033e+00
   1.3029265e+00
   6.1517066e-01
   1.4146431e-02
   1.1511753e-03
  -9.5274666e-02
  -1.9895974e+00
  -1.1805650e+00
  -4.3130042e-01
   5.0527234e-01
   9.0577151e-01
   1.0843346e+00
   2.0057004e+00
   3.1548683e+00
   3.7417191e+00
   4.0568449e+00
   3.2626707e+00
   2.1517511e+00
   1.6416235e+00
   7.5823450e-01
   8.0745419e-02
  -1.4655477e+00
  -1.8901615e+00
  -3.8505740e+00
  -4.6326246e+00
  -5.2929068e+00
  -5.9054930e+00
  -6.5942874e+00
  -7.1040298e+00
  -7.5107946e+00
  -7.7428685e+00
  -7.8513107e+00
  -7.8341565e+00
  -7.7082987e+00
  -7.4790617e+00
  -7.1250219e+00
  -6.6807806e+00
  -6.0816450e+00
  -5.4474142e+00
  -4.7241859e+00
  -4.0385103e+00
  -3.3333514e+00
  -2.7821557e+00
  -2.3826604e+00
  -2.3780264e+00
  -2.6809402e+00
  -2.6256339e+00
  -2.0685763e+00
  -3.1822010e+00
  -3.8768389e+00
  -1.1875297e+00
  -4.0013781e+00
  -7.3808652e+00
  -7.6859646e+00
  -6.6202461e+00
  -6.2825127e+00
  -5.6753834e+00
  -4.6132069e+00
  -3.1852995e+00
  -1.0656264e+00
   1.3713038e+00
   2.5834155e+00
   9.5404649e-01
   8.9129162e-01
   1.0419557e+00
   9.3335867e-01
   6.0022597e-01
  -1.7124054e-01
   1.1452614e-02
  -4.3815604e-01
  -1.0424466e+00
  -1.7804666e-01
   4.0540422e-01
   1.0305963e+00
   1.5071157e+00
   1.5134448e+00
   2.4095349e+00
   3.6853127e+00
   3.0323750e+00
   4.0055313e+00
   3.1206952e+00
   2.4248114e+00
   1.5803103e+00
   5.6684652e-01
  -2.7190787e-01
  -1.8322564e+00
  -2.4958858e+00
  -3.8438005e+00
  -4.6128936e+00
  -5.3561734e+00
  -6.0561247e+00
  -6.7756719e+00
  -7.2993364e+00
  -7.7154016e+00
  -7.9710832e+00
  -8.1192746e+00
  -8.1495857e+00
  -8.0834594e+00
  -7.9240394e+00
  -7.6555810e+00
  -7.2923927e+00
  -6.7575945e+00
  -6.1184688e+00
  -5.3119810e+00
  -4.5118122e+00
  -3.6985936e+00
  -3.0900147e+00
  -2.6638743e+00
  -2.6476302e+00
  -3.0064282e+00
  -2.8094370e+00
  -1.0633222e+00
  -1.7554352e+00
  -4.5478952e+00
  -3.7122188e+00
  -5.4913982e+00
  -7.5959129e+00
  -8.3803716e+00
  -7.1741281e+00
  -6.7676815e+00
  -6.2963338e+00
  -5.3962258e+00
  -4.1201787e+00
  -2.0152997e+00
   8.6787438e-01
   2.7278730e+00
   8.0595791e-01
   5.1038989e-01
   7.5300950e-01
   5.6335608e-01
   4.9452689e-01
  -2.7898897e-01
   1.0321888e-01
  -2.9984241e-01
  -6.6206640e-01
  -3.9896856e-02
   6.1632919e-01
   1.1137503e+00
   1.8220844e+00
   1.8775262e+00
   2.5691788e+00
   3.2238664e+00
   2.3716047e+00
   3.6348161e+00
   3.0103824e+00
   2.6198284e+00
   1.3481826e+00
   3.3450291e-01
  -6.3871912e-01
  -2.1785417e+00
  -3.1774863e+00
  -3.8056915e+00
  -4.5771918e+00
  -5.3780718e+00
  -6.1225917e+00
  -6.8483953e+00
  -7.3688122e+00
  -7.7798233e+00
  -8.0502291e+00
  -8.2304134e+00
  -8.3012943e+00
  -8.2888250e+00
  -8.1999645e+00
  -8.0294380e+00
  -7.7745600e+00
  -7.3593583e+00
  -6.7842776e+00
  -5.9621263e+00
  -5.0867809e+00
  -4.1834779e+00
  -3.5074604e+00
  -3.0124807e+00
  -2.8910369e+00
  -3.2449033e+00
  -3.0591456e+00
  -2.1941777e-01
  -1.5926502e-01
  -4.7348714e+00
  -6.7181217e+00
  -7.2176714e+00
  -7.3471118e+00
  -8.2196674e+00
  -7.3878408e+00
  -7.2706466e+00
  -6.9312488e+00
  -6.1703882e+00
  -5.0475925e+00
  -3.0490575e+00
   1.7316563e-01
   2.7604465e+00
   7.2581247e-01
   1.6647317e-01
   5.2420240e-01
   1.8622795e-01
   3.4257706e-01
  -3.7081856e-01
   1.9036160e-01
  -4.8888545e-02
  -4.3224282e-01
  -1.3205126e-01
   6.7485813e-01
   1.1341751e+00
   2.1157095e+00
   2.2718644e+00
   2.6786002e+00
   2.4380660e+00
   1.6763369e+00
   3.1196840e+00
   2.8825671e+00
   2.6825418e+00
   7.1069750e-01
   1.7081488e-01
  -1.2198638e+00
  -2.3214438e+00
  -3.0045823e+00
  -3.7188756e+00
  -4.4396688e+00
  -5.2245883e+00
  -5.9532699e+00
  -6.6607947e+00
  -7.1650670e+00
  -7.5615337e+00
  -7.8416049e+00
  -8.0571021e+00
  -8.1718551e+00
  -8.1965366e+00
  -8.1408172e+00
  -8.0147956e+00
  -7.8193778e+00
  -7.5245102e+00
  -7.1196391e+00
  -6.4797070e+00
  -5.6886619e+00
  -4.7784158e+00
  -4.0237951e+00
  -3.3256628e+00
  -2.7494027e+00
  -2.9915816e+00
  -4.1434890e+00
  -2.3174804e+00
  -1.0943217e+00
  -4.0607805e+00
  -8.3533086e+00
  -9.6851756e+00
  -7.8495309e+00
  -7.5224467e+00
  -7.5458443e+00
  -7.3657718e+00
  -7.0737788e+00
  -6.4675577e+00
  -5.5894278e+00
  -4.0332803e+00
  -1.1261088e+00
   1.6762104e+00
   5.1207331e-01
  -2.6245369e-01
  -6.1217565e-02
   3.4449984e-02
   5.1701662e-02
  -4.5246274e-01
  -1.2702016e-01
  -2.4041427e-01
  -3.3671386e-01
  -7.1489237e-02
   9.1748410e-01
   1.8572851e+00
   2.8707493e+00
   2.9336194e+00
   2.9024680e+00
   1.6478684e+00
   9.6577250e-01
   2.3261354e+00
   2.5372495e+00
   1.3228313e+00
   5.2750570e-01
  -1.6630455e-01
  -1.5682839e+00
  -2.4868084e+00
  -3.0065773e+00
  -3.6302411e+00
  -4.2438741e+00
  -4.9493998e+00
  -5.6224551e+00
  -6.3138508e+00
  -6.8182173e+00
  -7.2104620e+00
  -7.4870038e+00
  -7.7205329e+00
  -7.8702397e+00
  -7.9319482e+00
  -7.9113789e+00
  -7.8172479e+00
  -7.6576643e+00
  -7.4156437e+00
  -7.0853891e+00
  -6.5692391e+00
  -5.8981209e+00
  -5.0192302e+00
  -4.1690960e+00
  -3.2171075e+00
  -2.2455261e+00
  -1.0553623e+00
  -1.2108681e+00
  -1.9246640e+00
  -1.9303273e+00
  -4.0615737e+00
  -7.9328160e+00
  -8.7390953e+00
  -7.5871639e+00
  -7.2428107e+00
  -7.2030802e+00
  -7.0766043e+00
  -6.8982444e+00
  -6.4689769e+00
  -5.7890911e+00
  -4.4772461e+00
  -1.8881190e+00
   5.0585893e-01
  -4.4693923e-01
  -6.3697664e-01
  -3.3153784e-01
  -2.2030008e-02
  -1.1461113e-01
  -6.0388920e-01
  -4.3844166e-01
  -5.7024756e-01
  -3.0641204e-01
   5.6424067e-01
   1.3233390e+00
   1.9108671e+00
   3.1889777e+00
   3.4657957e+00
   2.9597311e+00
   1.5600655e+00
   1.0329137e+00
   1.7081628e+00
   2.2053230e+00
   8.2053332e-01
   4.6369210e-01
  -4.9546069e-01
  -1.9653983e+00
  -2.6312041e+00
  -2.9796855e+00
  -3.5178082e+00
  -4.0233407e+00
  -4.6231766e+00
  -5.2259026e+00
  -5.8938780e+00
  -6.4090962e+00
  -6.8146205e+00
  -7.0944791e+00
  -7.3335772e+00
  -7.4932985e+00
  -7.5756230e+00
  -7.5831847e+00
  -7.5201502e+00
  -7.3981419e+00
  -7.2095175e+00
  -6.9398336e+00
  -6.5169830e+00
  -5.9375119e+00
  -5.0895977e+00
  -4.1514359e+00
  -2.9638648e+00
  -1.7363666e+00
   3.8740620e-02
  -2.3813576e-01
  -1.9004643e+00
  -4.0782824e+00
  -4.9480391e+00
  -7.2805438e+00
  -7.7422256e+00
  -7.0715723e+00
  -6.8305531e+00
  -6.7984662e+00
  -6.7361784e+00
  -6.6474295e+00
  -6.3736968e+00
  -5.8709087e+00
  -4.8002300e+00
  -2.5589786e+00
  -5.5067468e-01
  -1.0316166e+00
  -8.6874914e-01
  -5.0097167e-01
  -8.5101642e-02
  -4.2333671e-01
  -9.3244064e-01
  -7.3101234e-01
  -7.8215694e-01
  -2.4153514e-01
   1.3060391e+00
   1.6930135e+00
   1.8660005e+00
   3.0607285e+00
   3.7821960e+00
   3.1591721e+00
   1.4294300e+00
   1.0051749e+00
   1.0080886e+00
   1.3702301e+00
   5.4076970e-01
   4.9207842e-01
  -8.2090747e-01
  -2.3746853e+00
  -2.7824414e+00
  -2.9306321e+00
  -3.3713725e+00
  -3.7576919e+00
  -4.2224154e+00
  -4.7364421e+00
  -5.3694711e+00
  -5.9019637e+00
  -6.3356400e+00
  -6.6260619e+00
  -6.8639045e+00
  -7.0178146e+00
  -7.1104469e+00
  -7.1414371e+00
  -7.1096611e+00
  -7.0285592e+00
  -6.8975992e+00
  -6.6839876e+00
  -6.3390555e+00
  -5.8351259e+00
  -5.0174026e+00
  -3.9894738e+00
  -2.5566196e+00
  -1.1513226e+00
   5.8127165e-01
  -5.8434379e-01
  -2.1829307e+00
  -7.0322366e+00
  -6.3431735e+00
  -6.4050679e+00
  -6.6387696e+00
  -6.3337998e+00
  -6.2766271e+00
  -6.2987881e+00
  -6.3119583e+00
  -6.3033166e+00
  -6.1807737e+00
  -5.8526001e+00
  -5.0397835e+00
  -3.2009065e+00
  -1.5474087e+00
  -1.3147928e+00
  -9.5156395e-01
  -5.7100582e-01
  -1.8159351e-01
  -8.6584640e-01
  -1.3947693e+00
  -1.0472738e+00
  -9.3765378e-01
  -1.7048669e-01
   2.0853341e+00
   1.9978969e+00
   1.7041935e+00
   2.5602298e+00
   3.9170516e+00
   3.3463168e+00
   1.2581668e+00
   8.9436847e-01
   2.3562270e-01
   1.7492874e-01
   4.1764736e-01
   7.4535197e-01
  -8.3990210e-01
  -2.0364370e+00
  -3.1287079e+00
  -2.8726330e+00
  -3.0565109e+00
  -3.2655230e+00
  -3.5210420e+00
  -3.8855915e+00
  -4.4030533e+00
  -4.9258814e+00
  -5.4194167e+00
  -5.7576634e+00
  -6.0169154e+00
  -6.1765616e+00
  -6.2745479e+00
  -6.3025005e+00
  -6.2816916e+00
  -6.2375712e+00
  -6.1723523e+00
  -6.0363894e+00
  -5.7646695e+00
  -5.2972626e+00
  -4.4697757e+00
  -3.3309185e+00
  -1.5344402e+00
   7.6136626e-02
   4.6963327e-01
  -1.4177260e+00
  -3.3368428e+00
  -6.2281320e+00
  -5.2054479e+00
  -5.1729777e+00
  -5.3996952e+00
  -5.3540378e+00
  -5.3342542e+00
  -5.3683017e+00
  -5.4553647e+00
  -5.5488897e+00
  -5.5864217e+00
  -5.4467924e+00
  -4.9493115e+00
  -3.7041112e+00
  -1.7678869e+00
  -3.0236176e-01
   1.4574544e-02
   1.1661700e-02
  -6.7783197e-01
  -1.5671971e+00
  -1.7114671e+00
  -1.6549998e+00
  -1.2763690e+00
  -4.4898728e-01
   1.5381055e+00
   1.2861269e+00
   7.9901050e-01
   1.1516022e+00
   3.2015246e+00
   1.5593773e+00
   1.0412367e+00
   5.2742922e-01
  -7.8629498e-02
  -3.8827465e-01
   6.3273271e-01
   9.9271005e-01
  -7.8386211e-01
  -1.0112267e+00
  -2.0947380e+00
  -2.6423991e+00
  -2.6640749e+00
  -2.6820173e+00
  -2.7788048e+00
  -3.0122061e+00
  -3.3928702e+00
  -3.8537974e+00
  -4.3533540e+00
  -4.7395301e+00
  -5.0507145e+00
  -5.2425551e+00
  -5.3780642e+00
  -5.4346237e+00
  -5.4320173e+00
  -5.4059396e+00
  -5.3673859e+00
  -5.2800360e+00
  -5.0597591e+00
  -4.5958304e+00
  -3.6945734e+00
  -2.4257555e+00
  -6.9157064e-01
   6.0204512e-01
   8.1968546e-02
  -2.0272307e+00
  -4.4558139e+00
  -5.0594673e+00
  -4.0614634e+00
  -4.0158811e+00
  -4.2585979e+00
  -4.3115478e+00
  -4.3407688e+00
  -4.3788118e+00
  -4.4895554e+00
  -4.6537085e+00
  -4.8021574e+00
  -4.8081989e+00
  -4.5098324e+00
  -3.6012955e+00
  -1.5116677e+00
   7.4515849e-01
   1.1151632e+00
   2.7368152e-01
  -5.5535388e-01
  -1.6452365e+00
  -1.9285984e+00
  -1.7327541e+00
  -9.6862721e-01
   3.2368338e-01
   1.4671519e+00
   7.9644674e-01
   5.0792500e-02
   6.2097371e-01
   1.1274879e+00
   1.2394129e+00
   1.1496201e+00
   8.3656156e-01
   3.8818754e-02
  -1.1246537e-01
   6.2119490e-01
   1.1364475e+00
  -6.5316093e-01
  -4.3116856e-01
  -1.2646466e+00
  -2.1659925e+00
  -2.2279639e+00
  -2.0568027e+00
  -1.9841119e+00
  -2.0860426e+00
  -2.3551033e+00
  -2.7431562e+00
  -3.2053504e+00
  -3.6042063e+00
  -3.9486451e+00
  -4.1738706e+00
  -4.3457131e+00
  -4.4359074e+00
  -4.4676881e+00
  -4.4698119e+00
  -4.4586124e+00
  -4.4127116e+00
  -4.2435656e+00
  -3.7950768e+00
  -2.8073831e+00
  -1.4204004e+00
   8.0632150e-02
   4.7700787e-01
  -5.4424739e-01
  -2.5150082e+00
  -3.9895508e+00
  -3.5496376e+00
  -2.5890288e+00
  -2.7699754e+00
  -3.0700045e+00
  -3.1798728e+00
  -3.2871962e+00
  -3.3701513e+00
  -3.5109305e+00
  -3.7118540e+00
  -3.9310145e+00
  -4.0440755e+00
  -3.9035816e+00
  -3.2574451e+00
  -1.1700971e+00
   1.6288539e+00
   1.9486263e+00
   7.2156894e-01
  -3.3792835e-01
  -1.8382760e+00
  -2.0264664e+00
  -1.4480972e+00
  -4.7608966e-01
   5.9108645e-01
   1.4839116e+00
   9.3906534e-01
   3.2023075e-01
   4.5331624e-01
   3.7462282e-01
   1.3326299e+00
   1.3619074e+00
   1.0320009e+00
   1.3776609e-01
  -1.1703458e-01
   7.7944058e-01
   1.1538829e+00
  -6.0391426e-01
  -2.8863773e-01
  -7.0281905e-01
  -1.7626375e+00
  -1.8262914e+00
  -1.4778153e+00
  -1.2101324e+00
  -1.1395123e+00
  -1.2794415e+00
  -1.5687308e+00
  -1.9548894e+00
  -2.3353627e+00
  -2.6905794e+00
  -2.9408140e+00
  -3.1415124e+00
  -3.2594392e+00
  -3.3288453e+00
  -3.3655314e+00
  -3.3870089e+00
  -3.3816209e+00
  -3.2651818e+00
  -2.8433843e+00
  -1.7648487e+00
  -3.1019101e-01
   8.3781260e-01
   1.2268228e-01
  -1.2961589e+00
  -2.7846797e+00
  -2.5688102e+00
  -1.8768862e+00
  -1.0876969e+00
  -1.4235659e+00
  -1.7706513e+00
  -1.9396629e+00
  -2.1452818e+00
  -2.2991538e+00
  -2.4768436e+00
  -2.6922350e+00
  -2.9568670e+00
  -3.1531594e+00
  -3.1393747e+00
  -2.6710513e+00
  -7.4807054e-01
   2.2312102e+00
   2.2024286e+00
   1.0062724e+00
  -3.5043454e-01
  -2.0994606e+00
  -1.8837622e+00
  -9.7059584e-01
   9.3757756e-02
   7.3941118e-01
   1.6043593e+00
   1.3850591e+00
   8.0608422e-01
   7.2583753e-01
   3.2213172e-01
   1.1661013e+00
   1.4039475e+00
   1.0105014e+00
   2.0458923e-01
  -1.6695920e-01
   1.0581158e+00
   9.7393394e-01
  -8.6164057e-01
  -7.3136044e-01
  -6.3493782e-01
  -1.8945177e+00
  -1.6090477e+00
  -1.1295208e+00
  -6.3496548e-01
  -3.0467033e-01
  -2.5260386e-01
  -4.0056273e-01
  -6.7318022e-01
  -1.0012115e+00
  -1.3315833e+00
  -1.5812440e+00
  -1.7900724e+00
  -1.9114478e+00
  -2.0027819e+00
  -2.0741522e+00
  -2.1377227e+00
  -2.1751285e+00
  -2.1103454e+00
  -1.7264922e+00
  -5.7098478e-01
   8.2933539e-01
   1.5654540e+00
   2.4988383e-02
  -1.9963161e+00
  -2.6175287e+00
  -8.1411642e-01
  -3.8351625e-01
  -7.6218344e-02
  -6.9431052e-02
  -3.8104248e-01
  -6.6053486e-01
  -9.6993488e-01
  -1.2032963e+00
  -1.4238136e+00
  -1.6369612e+00
  -1.9274660e+00
  -2.1852663e+00
  -2.2562277e+00
  -1.8222930e+00
  -2.6937217e-01
   2.2520897e+00
   1.2733917e+00
   6.1157292e-01
  -1.0698844e+00
  -2.3656106e+00
  -1.2863786e+00
  -4.9774790e-01
   5.7332110e-01
   1.1941212e+00
   1.8695508e+00
   1.7782570e+00
   5.3313482e-01
   1.6493260e+00
   4.3236649e-01
  -1.6313674e-01
   8.7548113e-01
   5.7547623e-01
   2.0496617e-01
   2.0085314e-02
   1.4061348e+00
   1.3841370e+00
  -1.0030160e+00
  -1.0367919e+00
  -1.0828663e+00
  -2.1795103e+00
  -2.0986740e+00
  -1.3332003e+00
  -3.4836091e-01
   3.2714187e-01
   6.7591573e-01
   7.6958793e-01
   7.2110724e-01
   5.5208173e-01
   3.0665591e-01
   8.2298765e-02
  -1.1230283e-01
  -2.0670852e-01
  -2.6311220e-01
  -3.3612987e-01
  -4.4569633e-01
  -5.4133393e-01
  -5.5478820e-01
  -2.2549053e-01
   8.6656759e-01
   2.1058834e+00
   1.1710524e+00
  -3.2800489e-01
  -1.6189059e+00
  -1.2415635e+00
  -5.4117845e-02
   9.7099977e-02
   3.4111655e-01
   1.3211730e+00
   1.1472701e+00
   7.1716633e-01
   4.1465401e-01
   1.5476270e-01
  -1.0343145e-01
  -3.1150440e-01
  -5.9971696e-01
  -9.0708534e-01
  -1.1264334e+00
  -9.7420401e-01
  -3.9215224e-01
   3.4629831e-01
   9.3649322e-01
   5.1134048e-01
  -2.5321280e+00
  -2.8796859e+00
  -8.7419462e-01
   6.3428136e-01
   1.3928424e+00
   1.5157015e+00
   2.3169734e+00
   1.0749828e+00
   1.1168547e+00
   1.9213193e+00
   2.7109281e-01
  -4.8430294e-01
  -4.0756111e-01
   1.7017005e-01
   1.0866135e+00
   7.4847186e-01
   1.5745722e+00
   1.3341943e+00
   2.1940404e-01
  -7.9213464e-01
  -1.2105415e+00
  -1.6750789e+00
  -1.2237737e+00
  -3.9073333e-01
   1.7857581e-01
   6.7658877e-01
   1.0719429e+00
   1.3038764e+00
   1.4408336e+00
   1.4370971e+00
   1.3397230e+00
   1.1988914e+00
   1.0471836e+00
   9.7758657e-01
   9.5692670e-01
   9.2065656e-01
   8.1232661e-01
   6.8160379e-01
   5.8554375e-01
   8.3755493e-01
   1.6043775e+00
   1.7743857e+00
   3.1009799e-01
  -6.8415415e-01
  -1.0997899e+00
  -5.4688793e-01
   1.4657235e-01
   2.4653454e-01
   6.4446032e-01
   1.0215385e+00
   1.6625042e+00
   1.4341669e+00
   1.2833314e+00
   1.0824440e+00
   8.5079134e-01
   6.7024714e-01
   4.1422087e-01
   9.9130094e-02
  -1.8378414e-01
  -2.0486517e-01
  -1.6327554e-01
   7.9531096e-02
   6.1880970e-01
   3.3067733e-01
  -8.1297338e-01
  -1.3240945e+00
   3.5271949e-01
   1.6828659e+00
   2.3346996e+00
   2.0472033e+00
   2.2343066e+00
  -4.6066433e-01
   1.6272604e+00
   8.8778102e-01
  -2.2472668e-01
   7.0022359e-02
  -4.4788337e-01
   1.7466685e-01
   1.4839840e+00
   8.9313412e-01
   1.6400080e+00
   1.7265801e+00
   2.4827345e-01
  -5.0390342e-01
  -1.0916157e+00
  -1.3292098e+00
  -5.7364982e-01
   1.3816492e-01
   6.9365001e-01
   9.7217381e-01
   1.2598872e+00
   1.5673424e+00
   1.9053226e+00
   2.0581290e+00
   2.0949261e+00
   2.0724458e+00
   2.0136104e+00
   1.9928766e+00
   2.0166187e+00
   2.0200988e+00
   1.9445355e+00
   1.7939468e+00
   1.5924726e+00
   1.6855806e+00
   2.2552974e+00
   1.1094183e+00
   5.2811468e-01
  -4.6243670e-01
  -4.1414115e-01
  -1.5191920e-01
   1.6299728e-01
   4.9683312e-01
   8.5713339e-01
   1.1013690e+00
   1.7035364e+00
   1.9510441e+00
   1.9400899e+00
   1.8023499e+00
   1.6524408e+00
   1.5486258e+00
   1.3498994e+00
   1.0422094e+00
   6.9819158e-01
   5.2740529e-01
   6.4229548e-01
   8.1512516e-01
   5.6484294e-01
   3.9180499e-01
   3.6447358e-01
   4.7598007e-01
   1.2764013e+00
   1.4154746e+00
   9.8794198e-01
   1.0960227e+00
   2.7725202e-01
  -6.2866990e-01
   1.0127287e+00
  -4.5926893e-01
  -1.7643410e-01
   1.6971102e-01
  -3.8550228e-02
   1.7367555e-01
   1.2622833e+00
   6.9074283e-01
   1.4999964e+00
   2.1884209e+00
   2.1371022e-02
  -5.7450678e-02
  -1.0361420e+00
  -8.8671392e-01
  -1.8320112e-01
   4.5592352e-01
   1.1141895e+00
   9.7699815e-01
   1.0637580e+00
   1.4626461e+00
   2.0335557e+00
   2.3623141e+00
   2.5286047e+00
   2.6445121e+00
   2.7400632e+00
   2.8179929e+00
   2.8936501e+00
   2.9257280e+00
   2.8867602e+00
   2.7246119e+00
   2.4006875e+00
   2.2272598e+00
   2.1540267e+00
   8.1443184e-01
   7.0924264e-01
  -1.3928638e-03
   2.0472020e-02
   5.7534318e-02
   2.4539106e-01
   5.5488816e-01
   8.6678886e-01
   9.9776453e-01
   1.2667104e+00
   2.0049020e+00
   2.2231870e+00
   2.2197462e+00
   2.2418535e+00
   2.2721251e+00
   2.1742039e+00
   1.8856476e+00
   1.4875122e+00
   1.1712141e+00
   1.1796063e+00
   9.4231569e-01
   3.2348645e-01
   2.2547571e-01
   1.6841060e+00
   2.3038665e+00
   1.6159155e+00
   1.8980898e-01
  -3.8208660e-01
   1.4527787e-01
  -8.9593351e-01
  -6.3703284e-01
  -1.7035057e-01
  -9.5722830e-01
  -6.9094354e-01
  -1.6793748e-01
   7.8863716e-01
   5.2392498e-01
   7.5916243e-01
   5.9336362e-01
   1.7590299e+00
   2.1307662e+00
   5.1201284e-01
   4.5469397e-01
  -8.6300641e-01
  -3.2681325e-01
   1.9263713e-01
   4.7899705e-01
   1.2577810e+00
   8.8821274e-01
   8.3902526e-01
   1.3352304e+00
   2.0146940e+00
   2.4530337e+00
   2.7506256e+00
   2.9798973e+00
   3.1970272e+00
   3.3864837e+00
   3.5253060e+00
   3.5828340e+00
   3.5525877e+00
   3.3522744e+00
   2.9590845e+00
   2.5373824e+00
   1.5205121e+00
   7.7021742e-01
   6.3516235e-01
   2.3884910e-01
   2.2694048e-01
   2.4293466e-01
   2.4601719e-01
   3.6567131e-01
   7.1508098e-01
   8.5930812e-01
   7.8649288e-01
   1.6709878e+00
   2.2116988e+00
   2.3117328e+00
   2.5718338e+00
   2.7897978e+00
   2.8221440e+00
   2.5910227e+00
   2.1375654e+00
   1.6562204e+00
   1.2459611e+00
   2.7601138e-01
   1.7889425e-01
   4.7331491e-01
   2.5574217e+00
   2.4590886e+00
   5.8902746e-01
  -6.2390143e-01
  -6.5524077e-01
  -4.5974359e-02
  -6.5552384e-01
  -9.2678684e-01
  -1.9787874e+00
  -2.4399388e+00
  -1.7834604e+00
  -2.8003323e-01
   1.2681929e+00
   1.1329159e+00
   8.0921090e-01
   1.3452768e+00
   2.1978490e+00
   1.5756155e+00
   1.5020387e+00
   7.5677383e-01
  -3.6102995e-01
   1.6948773e-01
   3.3795524e-01
   3.6320102e-01
   8.1289262e-01
   8.3678889e-01
   9.0570700e-01
   1.4499495e+00
   2.0235517e+00
   2.4251897e+00
   2.8021696e+00
   3.0674639e+00
   3.3305132e+00
   3.6089590e+00
   3.8063991e+00
   3.8909879e+00
   3.8616424e+00
   3.6107869e+00
   3.2112749e+00
   2.6486914e+00
   1.1345849e+00
   7.5647777e-01
   4.2399791e-01
   3.4239289e-01
   4.9435306e-01
   3.2530415e-01
   5.7614211e-02
   8.3525710e-02
   6.5334225e-01
   1.0617641e+00
   7.6802874e-01
   1.1314248e+00
   1.9293119e+00
   2.2208319e+00
   2.6037645e+00
   3.0153720e+00
   3.2516708e+00
   3.0684001e+00
   2.6435423e+00
   1.9991965e+00
   1.0075960e+00
  -1.6841713e-01
   3.3718809e-01
   9.7387010e-01
   1.8262908e+00
   6.0307062e-01
  -7.0603991e-01
  -3.0628511e-01
  -6.1648095e-01
  -3.6408529e-02
  -2.9218990e-01
  -1.0902108e+00
  -3.3788571e+00
  -3.8562527e+00
  -1.7244786e+00
   1.6140246e-01
   7.1116400e-01
   2.1573648e+00
   1.8831644e+00
   1.7096673e+00
   2.2571499e+00
   1.0886999e+00
   1.6865753e+00
   9.4904411e-01
   2.5274450e-01
   3.5405168e-01
   2.6950827e-01
   8.2475936e-01
   3.5622019e-01
   7.2206604e-01
   9.1108227e-01
   1.3886855e+00
   1.8079396e+00
   2.1296971e+00
   2.4415627e+00
   2.7167628e+00
   3.0692065e+00
   3.4085009e+00
   3.6850903e+00
   3.7886922e+00
   3.7858329e+00
   3.5314219e+00
   3.1003942e+00
   2.5501883e+00
   1.1910299e+00
   7.5617033e-01
   1.8539888e-01
   6.3614708e-01
   5.4640740e-01
   8.2982719e-02
  -2.2089148e-01
   3.1740256e-03
   7.7270526e-01
   1.1999210e+00
   1.1012374e+00
   8.0971766e-01
   1.3553661e+00
   1.8506676e+00
   2.4666517e+00
   3.0427432e+00
   3.4859681e+00
   3.3331411e+00
   2.9907928e+00
   2.2839596e+00
   9.2742074e-01
   1.9836098e-01
   5.7190520e-01
   6.8377095e-01
   1.3300441e-01
  -1.0667679e+00
  -1.2822023e-01
   3.4656182e-02
  -1.1268747e+00
  -1.2546749e+00
  -1.2428708e+00
  -1.6041845e+00
  -2.8558400e+00
  -2.2724249e+00
  -4.8496938e-01
   4.0141635e-02
   1.3515326e-01
   3.1339772e+00
   2.2299671e+00
   8.8987589e-01
   1.6823322e+00
   7.7811633e-01
   1.2526585e+00
   1.3244048e+00
   7.6997912e-01
   3.9513906e-01
   5.6647259e-01
   1.3444017e+00
   1.0772111e+00
   5.3356102e-01
   6.2132043e-01
   7.1232836e-01
   1.1365997e+00
   1.2904623e+00
   1.5063235e+00
   1.8189253e+00
   2.3187282e+00
   2.7488362e+00
   3.1400285e+00
   3.3404014e+00
   3.3109541e+00
   3.1008753e+00
   2.5972121e+00
   2.2320246e+00
   1.0216700e+00
   3.8592514e-01
   2.7068934e-01
   7.4122272e-01
  -3.8631149e-02
  -3.5060250e-01
  -3.8619590e-01
   2.6579835e-01
   6.1332273e-01
   9.0610408e-01
   1.2238343e+00
   1.2170410e+00
   9.8157537e-01
   1.2946566e+00
   2.4843092e+00
   3.1351685e+00
   3.5691786e+00
   3.5250053e+00
   3.1343374e+00
   2.4971346e+00
   1.4567738e+00
   8.5228174e-01
   6.4390028e-01
   3.5721209e-01
  -6.6550744e-01
  -5.3469160e-01
   1.0134647e+00
   2.4004081e-02
  -1.3016355e+00
  -2.6659383e+00
  -2.7638464e+00
  -2.3623516e+00
  -1.6324868e+00
  -1.0778126e+00
  -4.0291876e-01
  -4.6204752e-01
   7.5608146e-01
   2.3023108e+00
   1.0445372e+00
   7.7529465e-01
   8.8394278e-01
   7.2648321e-01
   8.6065185e-01
   1.4814977e+00
   9.0092516e-01
   5.9733835e-01
   2.3310459e-01
   1.1587516e+00
   1.6585586e+00
   4.8794427e-01
   3.0931410e-01
  -4.9391425e-02
   7.4344024e-02
  -7.7318278e-02
   1.1714612e-01
   4.9858710e-01
   1.0447364e+00
   1.6569613e+00
   2.1181054e+00
   2.5045470e+00
   2.4923663e+00
   2.2860845e+00
   1.8560413e+00
   1.3708499e+00
   1.8514110e-01
   2.7173554e-02
   5.7804906e-01
   6.7204825e-01
  -5.7847273e-01
  -6.8303959e-01
  -3.1180793e-01
   2.1427029e-01
   3.3920354e-01
   7.1500967e-01
   1.0019896e+00
   1.3280655e+00
   1.0676066e+00
   1.3422960e+00
   2.6516831e+00
   3.1223070e+00
   3.5034237e+00
   3.4532725e+00
   3.0944135e+00
   2.5277168e+00
   1.8380648e+00
   9.2158448e-01
   8.8567801e-02
   9.8601854e-02
  -4.4582289e-01
   9.7750479e-01
   8.7248117e-01
  -3.3008512e-01
  -1.3104918e+00
  -1.8729188e+00
  -2.2173827e+00
  -1.2276550e+00
  -7.0799732e-01
  -1.1914833e-01
   2.4577096e-01
   3.7286784e-01
   1.1305032e+00
   1.0812495e+00
   7.5786567e-01
   6.6370789e-01
   8.2408559e-01
   5.2732572e-01
   5.9112686e-01
   1.2597645e+00
   5.8149451e-01
   1.8119295e-01
   6.8926007e-02
   1.3898037e+00
   1.2215629e+00
   1.1793156e+00
  -2.8958327e-01
  -6.8351011e-01
  -8.5338831e-01
  -1.6718750e+00
  -1.4867576e+00
  -1.1088372e+00
  -4.2170805e-01
   1.5333206e-01
   8.5576582e-01
   1.2422230e+00
   1.4585333e+00
   1.1314160e+00
   1.0823942e+00
  -7.2634701e-02
  -7.5881255e-01
   1.1835673e-01
   1.1716523e+00
   6.5393496e-02
  -9.0815085e-01
  -7.4953346e-01
  -3.5725123e-01
   3.6412927e-02
   4.9472684e-01
   6.9485728e-01
   9.0869963e-01
   1.0313750e+00
   1.1802623e+00
   1.6393003e+00
   2.8431661e+00
   2.9933695e+00
   3.2194893e+00
   3.0819635e+00
   2.8546038e+00
   2.2989096e+00
   1.8589593e+00
   6.9689791e-01
  -9.1056027e-02
  -1.0331382e-01
  -4.2548692e-01
  -1.2539411e-01
  -5.5356222e-01
  -8.2842307e-01
  -1.0315671e+00
  -6.4413140e-01
  -5.8571869e-01
   1.3114695e-01
   1.6585998e-01
   8.3601712e-01
   1.0201514e+00
   9.1943794e-01
   1.3308733e+00
   1.0661573e+00
   7.9664153e-01
   1.1740518e+00
   9.8533690e-01
   9.1108913e-01
   7.8878713e-01
   9.7840798e-01
   1.3230772e+00
   4.7382826e-01
   4.2285091e-01
   9.2371095e-01
  -5.5145241e-02
   9.5647607e-02
  -9.1537935e-01
  -3.0926230e-01
  -7.8885335e-01
  -2.5617801e+00
  -2.6850431e+00
  -2.3574092e+00
  -1.5908797e+00
  -1.0689980e+00
  -2.7693695e-01
   1.6119524e-01
   1.3253613e-01
  -2.3445794e-01
  -5.4875791e-01
  -1.5403181e+00
   5.5729330e-02
   1.5174102e+00
   1.6620593e-01
  -6.8801192e-01
  -8.8889712e-01
  -5.4265624e-01
  -2.1636358e-01
   2.3881242e-01
   6.1889005e-01
   8.0708554e-01
   9.6234536e-01
   1.1060148e+00
   1.4932921e+00
   2.1313741e+00
   2.4009445e+00
   2.1823516e+00
   2.3579683e+00
   2.2284870e+00
   1.9963272e+00
   1.4446397e+00
   1.1910806e+00
   4.0186973e-01
  -1.4757931e-01
  -6.7467003e-02
  -7.3518312e-01
  -1.1057920e+00
  -7.2298419e-01
  -2.1254534e-01
  -1.5712871e-01
   3.0157765e-01
   3.5924941e-01
   8.1682821e-01
   7.1695215e-01
   1.0997090e+00
   1.3410174e+00
   9.6647919e-01
   1.2795762e+00
   1.0112228e+00
   1.1032962e+00
   1.3371875e+00
   1.1497260e+00
   5.9069977e-01
   4.0948819e-01
   1.1385922e+00
   1.0667427e+00
   1.1175789e+00
   7.6838997e-01
  -8.7275592e-02
  -7.4411467e-01
  -8.6476581e-01
  -7.6868114e-01
  -9.5191002e-01
  -7.7135232e-01
  -2.5110427e+00
  -2.7852186e+00
  -1.9617450e+00
  -2.0113411e+00
  -9.5009428e-01
  -1.0787156e+00
  -1.6258859e+00
  -2.1852677e+00
  -2.7034139e+00
  -1.9971341e+00
  -1.6960695e+00
   2.7145544e+00
   6.6694556e-01
  -9.7556960e-01
  -7.0171384e-01
  -7.1094885e-01
  -2.0618601e-01
  -7.9046207e-02
   2.8477429e-01
   6.7350008e-01
   7.8175293e-01
   1.1594438e+00
   1.3219407e+00
   1.7571921e+00
   1.3002106e+00
   7.4296185e-02
   4.9677226e-02
   6.3367398e-01
   7.4999259e-01
   2.7749771e-01
  -2.5616248e-01
  -4.9976149e-01
  -5.0205752e-01
   3.7235264e-02
  -3.4047629e-01
  -1.0939834e+00
   4.1861883e-02
   4.6530783e-01
  -3.5375424e-01
   5.6453574e-02
   3.1172289e-01
   4.8085633e-01
   7.3645942e-01
   2.4238416e-01
   7.2387378e-01
   1.1109305e+00
   6.2573657e-01
   5.5295814e-01
   4.0384057e-01
   5.6217171e-01
   4.5425653e-01
   5.7494141e-01
  -7.0659826e-01
  -1.1206970e-02
   6.1391579e-01
   3.4893790e-01
   4.0425039e-02
  -8.6221790e-01
  -1.4901708e+00
   7.2198921e-01
   1.7139832e+00
  -2.5524530e-01
  -1.1360683e+00
  -1.0873746e+00
  -5.5049011e-02
   5.2118003e-01
  -8.9436115e-01
  -1.6524113e+00
  -3.7092082e-01
   3.1693757e-01
  -1.0153204e+00
  -1.6142931e+00
   1.3501849e+00
   7.2910422e-01
  -1.0636383e+00
   6.7723906e-01
   1.7858829e-01
  -1.0775063e+00
  -7.3990545e-01
  -3.4690207e-01
  -1.4060384e-01
   2.6347488e-01
   3.6768814e-01
   6.0241520e-01
   9.8978633e-01
   7.2163832e-01
   7.5710788e-01
   1.1580808e+00
  -4.6705792e-01
  -2.0727553e+00
  -1.3757218e+00
  -1.3209321e+00
  -1.4170874e+00
  -1.6136055e+00
  -2.3224246e+00
  -1.4375467e+00
  -9.7857607e-01
  -7.0064485e-01
  -1.8025488e-01
  -2.0486845e-01
   4.4913805e-01
   4.1984585e-01
  -2.0638812e-01
   4.4044483e-01
   7.9080393e-01
   5.1042718e-01
   4.8134908e-01
   3.5830653e-01
   5.2167105e-01
   8.0635267e-01
   3.1762218e-01
   7.1430057e-03
   2.8427293e-01
   1.6005948e-01
   5.5438329e-02
  -1.6532387e-01
  -3.2718396e-01
  -1.0965811e-01
   2.2791679e-01
  -3.2113552e-01
  -1.1604607e+00
  -7.1340996e-01
   1.2323228e+00
   1.7387513e+00
   8.1405389e-01
  -6.9806650e-03
  -4.6887940e-01
  -3.2544047e-01
   1.1924783e+00
   1.2220838e+00
   5.6538147e-01
   4.1312620e-01
   8.0648132e-02
  -4.7178510e-01
  -5.6405765e-01
  -2.6213482e-02
   3.0618617e-01
  -2.4150354e-01
  -6.6218770e-01
  -7.8327292e-01
  -7.9001403e-01
  -6.2651145e-01
  -3.3182973e-01
  -1.0594481e-01
  -3.6217403e-02
   2.7626818e-01
   5.8277518e-01
   3.0129161e-01
  -3.5186207e-01
  -3.1688812e-01
   5.0269437e-01
   6.2719488e-01
  -7.7744853e-01
  -2.5083747e+00
  -2.1486211e+00
  -8.5235286e-01
  -1.7305597e+00
  -2.1671391e+00
  -9.8119301e-01
  -2.1559347e-01
  -7.1091115e-01
  -9.3608814e-01
  -4.9091920e-01
   4.2163394e-03
   2.3096770e-01
   3.5640600e-01
   5.6793112e-01
   8.5677016e-01
   8.4845489e-01
   6.3191140e-01
   3.7685317e-01
   2.9522440e-01
   4.1338575e-01
   4.7095215e-01
   2.7671006e-01
   1.0604877e-01
  -6.0154188e-02
  -4.3603170e-01
  -6.3797176e-01
  -4.7285965e-01
  -5.1458174e-01
  -2.3890309e-01
   6.8292588e-02
   1.0241997e-01
   5.1005431e-02
  -1.2573987e-02
  -2.7871776e-01
  -6.7578864e-01
  -7.8605634e-01
  -6.7442811e-01
  -7.8193891e-01
  -1.1620488e+00
  -1.2730200e+00
  -1.1011878e+00
  -1.0078988e+00
  -1.0632160e+00
  -1.1609393e+00
  -1.2960314e+00
  -1.5704199e+00
  -1.7238153e+00
  -1.5958287e+00
  -1.4393356e+00
  -1.4210368e+00
  -1.2776361e+00
  -8.5439903e-01
  -3.3788061e-01
  -7.7796265e-02
   1.4223808e-01
   4.1330904e-01
   5.4530996e-01
   4.1333082e-01
   4.3982723e-01
   1.1036806e+00
   1.8291366e+00
   1.4223025e+00
  -5.5610704e-01
  -2.6280930e+00
  -3.8606904e+00
  -2.0767393e+00
   1.6454126e+00
   2.0049784e+00
   5.8364409e-01
  -4.6391866e-01
  -1.0554060e+00
  -1.0739715e+00
  -8.6321461e-01
  -6.6570145e-01
  -5.6273931e-01
  -4.5316800e-01
  -1.6978373e-01
   1.9701745e-01
   2.7102846e-01
  -2.5169935e-02
  -2.6506162e-01
  -2.1810116e-01
  -1.5867248e-01
  -2.9729521e-01
  -3.6275446e-01
  -2.6048866e-01
  -2.1248244e-01
  -3.5611111e-01
  -5.2394527e-01
  -5.6793427e-01
  -5.8316594e-01
  -7.1458024e-01
  -7.7712107e-01
  -9.2114580e-01
  -1.0924046e+00
  -1.1318561e+00
  -1.0435613e+00
  -8.9431882e-01
  -7.1734583e-01
  -5.6257105e-01
  -3.9809269e-01
  -2.5142732e-01
  -1.1438102e-01
  -1.9971916e-02
   4.5926079e-02
   8.0259785e-02
   9.3401328e-02
   8.2727119e-02
   5.3474292e-02
   4.0302500e-02
   7.3993728e-02
   1.5088689e-01
   2.4184334e-01
   3.0999142e-01
   3.8245881e-01
   4.7635186e-01
   5.7910943e-01
   6.2566125e-01
   6.1193001e-01
   5.4853493e-01
   4.7432616e-01
   3.9261723e-01
   2.9206604e-01
   2.7234122e-02
  -5.9289253e-01
  -1.2325164e+00
  -1.7651426e+00
  -1.8446747e+00
  -1.1283582e+00
   4.5159101e-01
   2.0123153e+00
   2.1161788e+00
   1.3518293e+00
   5.7050759e-01
  -4.6233762e-02
  -5.4784608e-01
  -8.2913911e-01
  -8.5009742e-01
  -7.7653235e-01
  -7.0894694e-01
  -7.1952540e-01
  -7.5118464e-01
  -6.9678068e-01
  -6.0771602e-01
  -5.4263353e-01
  -5.5530876e-01
  -6.1463332e-01
  -6.6029036e-01
  -6.9271970e-01
  -7.5110692e-01
  -8.7415719e-01
  -1.0108130e+00
  -1.0795512e+00
  -9.5697016e-01
  -7.6610279e-01
