   0.0000000e+00
   0.0000000e+00
   0.0000000e+00
   0.0000000e+00
   0.0000000e+00
   0.0000000e+00
   0.0000000e+00
   0.0000000e+00
   0.0000000e+00
   0.0000000e+00
   0.0000000e+00
   0.0000000e+00
   0.0000000e+00
   0.0000000e+00
   0.0000000e+00
   0.0000000e+00
   0.0000000e+00
   0.0000000e+00
   0.0000000e+00
   0.0000000e+00
   0.0000000e+00
   0.0000000e+00
   0.0000000e+00
   0.0000000e+00
   0.0000000e+00
   0.0000000e+00
   0.0000000e+00
   0.0000000e+00
   0.0000000e+00
   0.0000000e+00
   0.0000000e+00
   0.0000000e+00
   0.0000000e+00
   0.0000000e+00
   0.0000000e+00
   0.0000000e+00
   0.0000000e+00
   0.0000000e+00
   0.0000000e+00
   0.0000000e+00
   0.0000000e+00
   0.0000000e+00
   0.0000000e+00
   0.0000000e+00
   0.0000000e+00
   0.0000000e+00
   0.0000000e+00
   0.0000000e+00
   0.0000000e+00
   0.0000000e+00
   0.0000000e+00
   0.0000000e+00
   0.0000000e+00
   0.0000000e+00
   0.0000000e+00
   0.0000000e+00
   0.0000000e+00
   0.0000000e+00
   0.0000000e+00
   0.0000000e+00
   0.0000000e+00
   0.0000000e+00
   0.0000000e+00
   0.0000000e+00
   0.0000000e+00
   0.0000000e+00
   0.0000000e+00
   0.0000000e+00
   0.0000000e+00
   0.0000000e+00
   0.0000000e+00
   0.0000000e+00
   0.0000000e+00
   0.0000000e+00
   0.0000000e+00
   1.1910853e-01
   1.2140033e-01
   1.0690179e-01
   7.6113449e-02
   5.1971495e-02
   3.6155801e-02
   2.3726680e-02
   1.4385181e-02
   2.2118392e-03
  -5.9750612e-03
  -1.0730378e-02
  -9.4412741e-03
  -1.1433805e-02
  -1.3467432e-02
  -1.1549502e-02
  -8.1185531e-03
  -9.0972200e-03
   0.0000000e+00
   4.6249904e-04
   8.6287385e-03
   1.9384113e-03
  -1.8658869e-02
   0.0000000e+00
   0.0000000e+00
   6.4859327e-02
   6.0226694e-02
   3.6082716e-02
   1.5258572e-02
   1.1290924e-02
   9.8835362e-03
  -5.6414182e-03
  -1.1584489e-02
   0.0000000e+00
   0.0000000e+00
   0.0000000e+00
   0.0000000e+00
   0.0000000e+00
   0.0000000e+00
   0.0000000e+00
   0.0000000e+00
   0.0000000e+00
   0.0000000e+00
   0.0000000e+00
   0.0000000e+00
   0.0000000e+00
   0.0000000e+00
   0.0000000e+00
   0.0000000e+00
   0.0000000e+00
   0.0000000e+00
   0.0000000e+00
   0.0000000e+00
   0.0000000e+00
   0.0000000e+00
   0.0000000e+00
   0.0000000e+00
   0.0000000e+00
   0.0000000e+00
   0.0000000e+00
   0.0000000e+00
   0.0000000e+00
   5.2819664e-02
   3.2114703e-02
   3.4889053e-02
   7.3957041e-02
   7.2385507e-02
   7.2420105e-02
   4.9843613e-02
   3.1555276e-02
   2.1003585e-02
   1.4034612e-02
   7.7543841e-03
   1.7723542e-03
  -8.0667343e-04
  -4.1121440e-03
  -7.9125771e-03
  -9.2680398e-03
  -1.0122875e-02
  -1.2001647e-02
  -1.1264146e-02
  -1.0191798e-02
  -1.1289673e-02
  -7.4985343e-03
   2.1860139e-03
  -1.6359298e-03
  -1.6752499e-02
  -9.0251359e-03
   0.0000000e+00
   4.4975168e-02
   4.0540431e-02
   2.8279634e-02
   2.3722844e-02
   2.3317395e-02
   2.2250775e-02
   1.5304851e-02
   4.8228251e-03
   1.1785318e-02
   1.2349410e-02
   1.1328113e-02
   1.1042088e-02
   2.0031144e-02
   2.3869293e-02
   3.3421901e-02
   2.6674248e-02
   8.1111675e-03
   3.5437419e-03
  -1.5036982e-02
  -2.2768395e-02
   0.0000000e+00
   0.0000000e+00
   9.2412846e-02
   6.5387233e-02
   1.8299031e-02
   6.2273407e-03
   0.0000000e+00
   0.0000000e+00
   0.0000000e+00
   2.7057808e-02
   2.5748590e-02
   2.2271926e-02
   1.4444929e-02
   6.1843301e-03
   3.3842743e-03
   1.0407703e-02
   1.7063340e-02
   2.8677430e-02
   1.5560961e-02
   1.6585923e-02
   1.8477229e-02
   1.6105800e-02
   1.4349364e-02
   1.3100197e-02
   1.2056447e-02
   1.1337266e-02
   7.9272045e-03
   3.6158678e-03
   5.3575443e-04
  -2.2088733e-03
  -3.6512052e-03
  -4.6030323e-03
  -7.2701899e-03
  -9.2586173e-03
  -1.0504200e-02
  -1.2357003e-02
  -1.2825048e-02
  -1.0689876e-02
  -8.9335432e-03
  -7.2421506e-03
  -5.8692368e-03
  -7.0592747e-03
  -6.8133007e-03
  -5.0745117e-03
   6.4293681e-03
   1.2046059e-02
   1.7063279e-02
   1.8664961e-02
   2.0843416e-02
   2.3203423e-02
   2.3308199e-02
   2.3052003e-02
   2.3078758e-02
   1.9356628e-02
   1.4845653e-02
   1.3018441e-02
   1.2253644e-02
   1.4641115e-02
   1.6238982e-02
   1.0422091e-02
   5.1346100e-03
   1.6950170e-03
  -9.6375048e-03
  -9.1856955e-03
   5.5121464e-03
   2.8719789e-02
   5.9213823e-02
   5.3028725e-02
   2.3100019e-02
   1.8904587e-02
   2.1051615e-02
   2.3477976e-02
   2.6462849e-02
   1.0688080e-02
   4.2860387e-03
  -2.0835318e-03
  -9.1169365e-03
  -1.5137450e-02
  -1.9032823e-02
  -2.0007124e-02
  -2.0567100e-02
  -2.2250198e-02
  -2.2812514e-02
  -1.9439463e-02
  -1.4708307e-02
  -1.1832763e-02
  -8.6591709e-03
  -4.1727135e-03
   1.5463618e-03
   4.8717228e-03
   5.6917779e-03
   4.1809496e-03
   1.5368168e-03
  -2.6823473e-06
  -8.2529342e-04
  -2.3322410e-03
  -5.0542466e-03
  -7.9115769e-03
  -9.8164901e-03
  -1.1664554e-02
  -1.3847861e-02
  -1.4186646e-02
  -1.2647227e-02
  -1.1128495e-02
  -1.0394974e-02
  -9.5952684e-03
  -6.7048445e-03
  -2.6289407e-03
   3.0392421e-03
   7.6799914e-03
   1.1820435e-02
   1.3904128e-02
   1.6392116e-02
   1.8844038e-02
   2.0584231e-02
   2.0575399e-02
   1.8301800e-02
   1.4821136e-02
   1.0563971e-02
   7.1610413e-03
   4.6536885e-03
   1.7738118e-03
  -1.9979090e-03
  -4.9862205e-03
  -7.3560216e-03
  -8.2550691e-03
  -8.3053727e-03
  -6.7151226e-03
  -1.7019570e-03
   6.2906253e-03
   1.4322527e-02
   1.7700246e-02
   1.9440183e-02
   2.0912059e-02
   2.0867873e-02
   1.8973552e-02
   1.5376216e-02
  -1.9811860e-04
  -1.0263614e-02
  -1.9582018e-02
  -2.8329158e-02
  -3.4849407e-02
  -3.9337859e-02
  -4.2406033e-02
  -4.5416839e-02
  -4.4573969e-02
  -3.9762013e-02
  -3.3580596e-02
  -2.8179303e-02
  -2.4124432e-02
  -1.8368680e-02
  -1.1427060e-02
  -3.1809725e-03
   2.5442796e-03
   5.3073862e-03
   5.0495666e-03
   2.9126923e-03
   1.8799117e-03
   8.1226521e-04
  -1.1368271e-03
  -4.4416101e-03
  -8.5885260e-03
  -1.2603660e-02
  -1.6230241e-02
  -1.9126350e-02
  -2.0403127e-02
  -1.9936578e-02
  -1.8863426e-02
  -1.8537601e-02
  -1.8580166e-02
  -1.3749527e-02
  -4.6539198e-03
   1.2882255e-03
   4.3291038e-03
   6.8007912e-03
   7.9085152e-03
   1.0563182e-02
   1.2668143e-02
   1.3725393e-02
   1.2601388e-02
   9.1420282e-03
   4.5402439e-03
   2.6928232e-04
  -2.9056412e-03
  -6.7857644e-03
  -1.1614778e-02
  -1.7174330e-02
  -2.0432485e-02
  -2.1992020e-02
  -2.1450070e-02
  -1.8667355e-02
  -1.4697746e-02
  -9.7802524e-03
  -5.0743123e-03
  -6.7854556e-04
   2.4784877e-03
   6.5792240e-03
   1.1027834e-02
   1.3971794e-02
   1.2640481e-02
   7.6102214e-03
  -7.8819655e-03
  -1.9764146e-02
  -3.0875528e-02
  -4.1029505e-02
  -4.7380261e-02
  -5.1520173e-02
  -5.4506268e-02
  -5.5910289e-02
  -5.2908175e-02
  -4.6281151e-02
  -4.0062107e-02
  -3.4058042e-02
  -2.8082451e-02
  -1.9256003e-02
  -1.0136930e-02
  -1.4827622e-03
   4.1729975e-03
   6.9599673e-03
   6.5123010e-03
   3.8678469e-03
   2.3263860e-03
   5.0086348e-04
  -2.3777911e-03
  -6.9801267e-03
  -1.2805157e-02
  -1.8939951e-02
  -2.3431655e-02
  -2.5813667e-02
  -2.6961822e-02
  -2.6872944e-02
  -2.6695963e-02
  -2.9637514e-02
  -3.4605681e-02
  -1.7755386e-02
  -6.2721170e-03
  -8.7519875e-04
  -2.1506234e-03
  -1.4898716e-03
  -1.8480344e-04
   3.1560352e-03
   4.8722480e-03
   5.2783093e-03
   3.0961183e-03
  -9.8584755e-04
  -5.6385100e-03
  -9.8188873e-03
  -1.3693700e-02
  -1.8438209e-02
  -2.3714593e-02
  -2.9500678e-02
  -3.2905366e-02
  -3.3702139e-02
  -3.2030769e-02
  -2.8005056e-02
  -2.3684530e-02
  -1.8245168e-02
  -1.2561087e-02
  -7.8626722e-03
  -5.0926884e-03
  -8.0313138e-04
   5.5472120e-03
   1.0270393e-02
   8.1485156e-03
   1.7045676e-03
  -1.4735688e-02
  -2.8019758e-02
  -4.0069059e-02
  -4.9908970e-02
  -5.4678481e-02
  -5.8824454e-02
  -6.1087281e-02
  -5.9834991e-02
  -5.3761285e-02
  -4.5758795e-02
  -4.0449228e-02
  -3.4136478e-02
  -2.4078680e-02
  -1.2647082e-02
  -3.0538088e-03
   3.9164410e-03
   7.7472650e-03
   9.0915887e-03
   7.6140934e-03
   4.1543273e-03
   1.3086369e-03
  -1.9135547e-03
  -6.2526539e-03
  -1.2290885e-02
  -1.9519301e-02
  -2.5716275e-02
  -2.9916104e-02
  -3.0772926e-02
  -3.2176439e-02
  -3.0706190e-02
  -3.2318950e-02
  -3.4834217e-02
  -4.0201410e-02
   0.0000000e+00
   3.6526122e-03
  -1.9861576e-03
  -7.3606777e-03
  -8.5770246e-03
  -5.9581459e-03
  -3.4413196e-03
  -2.3265616e-03
  -3.3459635e-03
  -5.8761896e-03
  -1.0191164e-02
  -1.4409298e-02
  -1.8492064e-02
  -2.3097582e-02
  -2.8490152e-02
  -3.3739872e-02
  -3.8833480e-02
  -4.1281790e-02
  -4.0263627e-02
  -3.7453189e-02
  -3.3107441e-02
  -2.9036185e-02
  -2.2884505e-02
  -1.6693046e-02
  -1.1593826e-02
  -8.1383381e-03
  -8.8318839e-04
   7.9584662e-03
   1.1209068e-02
   5.6263395e-03
  -3.7867315e-03
  -2.2966070e-02
  -3.6648825e-02
  -4.7805007e-02
  -5.5068526e-02
  -5.8886833e-02
  -6.2432803e-02
  -6.1967015e-02
  -5.6356221e-02
  -4.5887413e-02
  -3.7482657e-02
  -3.2316068e-02
  -3.4570243e-02
  -1.4826660e-02
   1.9373554e-03
   6.6396593e-03
   9.7563341e-03
   1.0380700e-02
   9.4914930e-03
   7.2831865e-03
   3.3043688e-03
  -6.0435592e-04
  -5.5939509e-03
  -1.1018171e-02
  -1.8475896e-02
  -2.5131553e-02
  -3.0423496e-02
  -3.2412389e-02
  -3.3393998e-02
  -3.3434378e-02
  -3.1489912e-02
  -3.2799440e-02
  -3.0330408e-02
  -2.8576072e-02
   0.0000000e+00
  -0.0000000e+00
  -7.9718940e-03
  -1.1650117e-02
  -1.1767196e-02
  -8.7075108e-03
  -7.3481537e-03
  -8.0012544e-03
  -1.0450135e-02
  -1.3760172e-02
  -1.7657973e-02
  -2.1383775e-02
  -2.5176750e-02
  -3.0173303e-02
  -3.5582565e-02
  -4.0497663e-02
  -4.3859575e-02
  -4.2758087e-02
  -3.8197495e-02
  -3.3621768e-02
  -3.0331947e-02
  -2.6871020e-02
  -2.1508988e-02
  -1.5686600e-02
  -1.0560341e-02
  -5.2282110e-03
   5.8898339e-03
   1.4766768e-02
   1.3245799e-02
   2.4338545e-03
  -1.0091631e-02
  -3.0430546e-02
  -4.3355307e-02
  -5.0952300e-02
  -5.4953821e-02
  -5.7817493e-02
  -5.8096673e-02
  -5.4152586e-02
  -4.5967334e-02
  -3.4754965e-02
  -2.5634402e-02
  -1.8716095e-02
  -2.9805808e-02
   1.2740913e-02
   9.2641503e-03
   9.5600458e-03
   1.1391422e-02
   1.0317008e-02
   7.5959060e-03
   5.8068796e-03
   1.8603323e-03
  -2.6256768e-03
  -7.8456919e-03
  -1.4898313e-02
  -2.1263308e-02
  -2.7217338e-02
  -3.0928621e-02
  -3.1229805e-02
  -3.2723783e-02
  -3.0430967e-02
  -3.0274630e-02
  -2.9205421e-02
  -2.3948723e-02
  -1.9622779e-02
   0.0000000e+00
  -0.0000000e+00
  -1.3874912e-02
  -1.5020478e-02
  -1.2946881e-02
  -1.1219095e-02
  -1.0469726e-02
  -1.2433603e-02
  -1.5411732e-02
  -1.8466532e-02
  -2.2038068e-02
  -2.4626175e-02
  -2.8924372e-02
  -3.3316407e-02
  -3.7828418e-02
  -4.1598428e-02
  -4.0941144e-02
  -3.5090264e-02
  -2.5607282e-02
  -2.0450937e-02
  -1.9527444e-02
  -1.7935103e-02
  -1.4620891e-02
  -9.8190736e-03
  -4.8353130e-03
   1.9227709e-03
   1.3941546e-02
   1.8838322e-02
   1.0901695e-02
  -3.4171240e-03
  -1.7743311e-02
  -3.5069942e-02
  -4.4257972e-02
  -4.6847895e-02
  -4.7518790e-02
  -4.8689324e-02
  -4.5151692e-02
  -3.8075931e-02
  -3.0021478e-02
  -1.5109676e-02
  -1.4191750e-02
  -8.1136366e-03
  -7.9510135e-03
  -1.9810119e-03
   5.9632032e-03
   8.7132899e-03
   1.0590500e-02
   6.7840596e-03
   5.2129631e-03
   2.9476087e-03
  -7.4573676e-05
  -3.2862769e-03
  -9.9385260e-03
  -1.6024144e-02
  -2.1653460e-02
  -2.6470555e-02
  -2.8046984e-02
  -2.8794732e-02
  -2.8739693e-02
  -2.6746083e-02
  -2.7176449e-02
  -2.3888253e-02
  -1.7849987e-02
  -2.1167472e-02
   0.0000000e+00
  -0.0000000e+00
  -9.1489233e-03
  -1.4432698e-02
  -1.2749790e-02
  -1.2086863e-02
  -1.3423646e-02
  -1.5382383e-02
  -1.8143246e-02
  -2.0888351e-02
  -2.3173593e-02
  -2.5777176e-02
  -2.9299339e-02
  -3.2584891e-02
  -3.5649054e-02
  -3.5657462e-02
  -2.9606659e-02
  -1.8169638e-02
  -6.5661101e-03
  -3.3521177e-03
  -5.6736819e-03
  -6.6244723e-03
  -4.9607912e-03
  -1.2819391e-03
   3.5976206e-03
   9.6850628e-03
   1.7423268e-02
   1.5519643e-02
   2.7221779e-03
  -1.1809792e-02
  -2.4997978e-02
  -3.3905683e-02
  -3.6698885e-02
  -3.4128493e-02
  -3.3230722e-02
  -3.3053486e-02
  -2.7793607e-02
  -2.1413138e-02
  -2.0849996e-02
  -6.7695874e-03
  -4.7534076e-03
   1.2578142e-04
   1.8138181e-03
  -1.4667674e-03
   0.0000000e+00
   7.0986432e-03
   4.5796530e-03
   4.6906536e-04
  -6.5503287e-04
  -1.3705043e-03
  -2.2411433e-03
  -5.0843082e-03
  -1.0709570e-02
  -1.5481423e-02
  -1.9959319e-02
  -2.3029878e-02
  -2.3873728e-02
  -2.4696298e-02
  -2.4309579e-02
  -2.2987898e-02
  -2.2999709e-02
  -1.9023544e-02
  -1.0707618e-02
  -1.0750987e-02
   0.0000000e+00
   0.0000000e+00
  -1.1790661e-02
  -1.3755903e-02
  -1.2733011e-02
  -1.2101210e-02
  -1.4542807e-02
  -1.6625389e-02
  -1.8657694e-02
  -2.1034996e-02
  -2.2414470e-02
  -2.4289552e-02
  -2.6769985e-02
  -2.8375858e-02
  -2.8570095e-02
  -2.3904318e-02
  -1.1735038e-02
  -2.5522058e-04
   6.0185585e-03
   4.5768356e-03
  -2.0969650e-03
  -4.5504526e-03
  -3.4802582e-03
  -7.5004068e-04
   3.7302678e-03
   7.8991051e-03
   9.7709009e-03
   3.8028825e-03
  -8.3200485e-03
  -1.9277345e-02
  -2.8092233e-02
  -2.4961122e-02
  -2.0492259e-02
  -1.4569201e-02
  -1.5708992e-02
  -1.6373360e-02
  -1.0959045e-02
  -4.3901471e-03
   0.0000000e+00
   0.0000000e+00
   5.6927752e-03
   5.4657055e-03
   5.6840836e-03
   2.6242468e-04
   0.0000000e+00
   1.1794618e-03
  -3.0362456e-03
  -6.3260246e-03
  -5.2370187e-03
  -3.9733073e-03
  -3.9523775e-03
  -6.0647943e-03
  -9.8706047e-03
  -1.3483158e-02
  -1.6549765e-02
  -1.8366593e-02
  -1.9093989e-02
  -1.9925502e-02
  -2.0132658e-02
  -1.9742886e-02
  -1.8775481e-02
  -1.3619081e-02
  -2.1637274e-03
   1.1298957e-03
   0.0000000e+00
   0.0000000e+00
   0.0000000e+00
  -1.2064115e-02
  -1.2376145e-02
  -1.1430412e-02
  -1.4611644e-02
  -1.6901009e-02
  -1.8441934e-02
  -1.9912663e-02
  -2.0585294e-02
  -2.1310562e-02
  -2.2012468e-02
  -2.1349676e-02
  -1.7497680e-02
  -7.7161735e-03
   4.1124865e-03
   6.1452189e-03
   4.4955156e-03
   3.7494266e-05
  -8.3091206e-03
  -1.0163659e-02
  -9.2107158e-03
  -7.5959918e-03
  -4.2140376e-03
  -1.7430486e-03
  -2.4875137e-03
  -7.8757377e-03
  -1.5250314e-02
  -2.0520791e-02
  -2.4061764e-02
  -7.4115377e-03
   2.1794771e-03
   4.0852395e-03
  -6.0337689e-04
  -1.3317687e-03
   4.6659764e-03
   6.7572495e-03
   0.0000000e+00
   0.0000000e+00
   7.4220343e-03
   7.0735621e-03
   5.7174219e-03
   2.9984957e-03
   0.0000000e+00
  -8.7807843e-04
  -6.1426386e-03
  -8.6850701e-03
  -6.5943133e-03
  -4.6111457e-03
  -3.6171232e-03
  -4.6209162e-03
  -7.0156334e-03
  -9.3603246e-03
  -1.1067688e-02
  -1.2299981e-02
  -1.3526932e-02
  -1.5414285e-02
  -1.6592620e-02
  -1.6625909e-02
  -1.4697182e-02
  -7.7307965e-03
   7.9885973e-03
   1.5345600e-02
   0.0000000e+00
   0.0000000e+00
   0.0000000e+00
  -1.0912569e-02
  -1.0875583e-02
  -1.1872521e-02
  -1.5381520e-02
  -1.7538350e-02
  -1.8121388e-02
  -1.7809164e-02
  -1.7176701e-02
  -1.6555777e-02
  -1.5162248e-02
  -1.1601688e-02
  -3.2230741e-03
   7.9728700e-03
   8.3587226e-03
   2.5056838e-03
   5.6775790e-03
   5.6626252e-04
  -7.3306225e-03
  -7.4795638e-03
  -9.0881772e-03
  -1.0606956e-02
  -8.9058178e-03
  -7.2858986e-03
  -7.6335142e-03
  -9.6381707e-03
  -1.1648224e-02
  -1.2284542e-02
  -1.1514364e-02
   1.0902933e-02
   2.4079610e-02
   2.0316292e-02
  -0.0000000e+00
   6.5400372e-03
   1.5056631e-02
   0.0000000e+00
   0.0000000e+00
   0.0000000e+00
   7.5044535e-03
   6.9829118e-03
   5.5856472e-03
   4.7821344e-03
   2.0326927e-03
   6.9603679e-05
  -6.9096428e-03
  -8.0272579e-03
  -4.9991952e-03
  -2.6720270e-03
  -1.2683804e-03
  -1.2744324e-03
  -2.2970783e-03
  -3.6201067e-03
  -4.9832454e-03
  -6.5278294e-03
  -8.9742215e-03
  -1.2058470e-02
  -1.4045252e-02
  -1.3950361e-02
  -1.0675784e-02
  -1.7377421e-03
   1.7586162e-02
   2.7840110e-02
   0.0000000e+00
   0.0000000e+00
   0.0000000e+00
  -0.0000000e+00
  -1.2158300e-02
  -1.5067929e-02
  -1.8668745e-02
  -1.9145691e-02
  -1.7390212e-02
  -1.5204468e-02
  -1.3173278e-02
  -1.1323550e-02
  -7.8699738e-03
  -1.6717240e-03
   1.1443106e-02
   2.8393576e-02
   0.0000000e+00
   0.0000000e+00
   5.4815938e-03
   9.8577031e-04
  -2.5902698e-03
  -3.5656150e-03
  -9.3889721e-03
  -1.2514530e-02
  -9.8482892e-03
  -6.8724313e-03
  -4.9738241e-03
  -4.0809775e-03
  -2.9407670e-03
  -1.1701216e-03
   2.5855550e-03
   2.8134126e-02
   4.3233797e-02
   4.6931957e-02
   0.0000000e+00
   0.0000000e+00
   0.0000000e+00
   0.0000000e+00
   0.0000000e+00
   0.0000000e+00
   6.8928466e-03
   6.9578057e-03
   6.3527785e-03
   6.2107705e-03
   3.9391355e-03
  -2.9423740e-05
  -5.3719473e-03
  -5.0461954e-03
  -1.6618408e-03
   8.9833455e-04
   2.6911567e-03
   3.4774181e-03
   3.5114582e-03
   2.5817580e-03
   1.1158031e-03
  -1.3289754e-03
  -5.2483641e-03
  -9.2325211e-03
  -1.1762252e-02
  -1.1245769e-02
  -6.5215183e-03
   4.3154540e-03
   2.6359310e-02
   3.9312243e-02
   0.0000000e+00
   0.0000000e+00
   0.0000000e+00
   0.0000000e+00
  -1.2027436e-02
  -1.8174374e-02
  -2.3430385e-02
  -2.0653302e-02
  -1.6150421e-02
  -1.2338732e-02
  -9.0069091e-03
  -5.7819304e-03
  -3.4979935e-04
   8.6668264e-03
   2.8055962e-02
   4.9789736e-02
   0.0000000e+00
   0.0000000e+00
   0.0000000e+00
   3.0955408e-04
   1.8015937e-03
  -1.3155652e-03
  -9.8847784e-03
  -1.1666926e-02
  -6.5958560e-03
  -2.1469051e-03
   1.2759592e-03
   3.9007470e-03
   6.8557598e-03
   1.0249756e-02
   1.6523890e-02
   4.2771711e-02
   5.8225416e-02
   6.0471462e-02
   0.0000000e+00
   0.0000000e+00
   0.0000000e+00
   0.0000000e+00
   0.0000000e+00
   0.0000000e+00
   7.4731231e-03
   7.9568922e-03
   8.2475701e-03
   8.0964137e-03
   5.5767074e-03
   1.1109294e-03
  -1.8387133e-03
  -5.4495123e-04
   2.7813285e-03
   5.4875713e-03
   7.6450435e-03
   9.0198040e-03
   9.5401835e-03
   8.6465579e-03
   6.7392103e-03
   2.9840871e-03
  -2.5420305e-03
  -7.3078192e-03
  -1.0009503e-02
  -8.6389490e-03
  -2.2583981e-03
   1.0091204e-02
   3.3549130e-02
   4.8480555e-02
   0.0000000e+00
   0.0000000e+00
   0.0000000e+00
   0.0000000e+00
  -1.0611698e-02
  -2.1387072e-02
  -2.9156156e-02
  -2.2021129e-02
  -1.4479861e-02
  -9.3586452e-03
  -5.0042402e-03
  -5.1913980e-04
   6.8885251e-03
   1.9100239e-02
   4.2856622e-02
   6.0529955e-02
   0.0000000e+00
   0.0000000e+00
   0.0000000e+00
   2.2809258e-03
   6.3391016e-03
  -1.0962256e-03
  -1.0877538e-02
  -8.5892071e-03
  -1.2156651e-03
   3.9601433e-03
   8.1596617e-03
   1.1749014e-02
   1.5767340e-02
   2.0405175e-02
   2.8751487e-02
   5.4558236e-02
   6.8979323e-02
   6.9265499e-02
   0.0000000e+00
   0.0000000e+00
   0.0000000e+00
   0.0000000e+00
   0.0000000e+00
   0.0000000e+00
   1.0034267e-02
   1.0467572e-02
   1.1359436e-02
   1.0693373e-02
   7.4609434e-03
   3.8570564e-03
   2.8339894e-03
   4.5709638e-03
   7.6388838e-03
   1.0448194e-02
   1.2932019e-02
   1.4605893e-02
   1.5130837e-02
   1.3997027e-02
   1.1233890e-02
   5.8872974e-03
  -1.1495715e-03
  -6.4085014e-03
  -8.7155513e-03
  -6.0145394e-03
   2.0919349e-03
   1.5517857e-02
   3.8922094e-02
   5.1692222e-02
   1.8234075e-02
   0.0000000e+00
   0.0000000e+00
   0.0000000e+00
  -9.4760586e-03
  -2.5018992e-02
  -3.5281479e-02
  -2.3236016e-02
  -1.2712023e-02
  -6.6083516e-03
  -1.3979494e-03
   4.3059993e-03
   1.3835919e-02
   2.9569756e-02
   5.6470826e-02
   6.4894470e-02
   0.0000000e+00
   0.0000000e+00
   0.0000000e+00
   5.1397134e-03
   1.0054504e-02
  -2.0964315e-03
  -1.1731422e-02
  -4.5071794e-03
   4.3327021e-03
   9.5954929e-03
   1.4221508e-02
   1.8353669e-02
   2.3064336e-02
   2.8803829e-02
   3.8890567e-02
   6.3714497e-02
   7.5935386e-02
   7.3640107e-02
   0.0000000e+00
   0.0000000e+00
   0.0000000e+00
   0.0000000e+00
   0.0000000e+00
   0.0000000e+00
   1.4684811e-02
   1.4598221e-02
   1.5584971e-02
   1.4006482e-02
   1.0421216e-02
   7.9282364e-03
   7.8774914e-03
   9.6273385e-03
   1.2400683e-02
   1.5311580e-02
   1.8068898e-02
   1.9692196e-02
   1.9887697e-02
   1.8251594e-02
   1.4153395e-02
   7.0442180e-03
  -1.2165811e-03
  -6.4924867e-03
  -7.7107791e-03
  -3.2401304e-03
   6.5010772e-03
   2.0593023e-02
   4.2495918e-02
   4.7434643e-02
   1.8367644e-02
   0.0000000e+00
   0.0000000e+00
   0.0000000e+00
   0.0000000e+00
  -3.0313949e-02
  -4.1283190e-02
  -2.4286781e-02
  -1.1112605e-02
  -4.3294299e-03
   1.7191030e-03
   8.7270793e-03
   2.0622475e-02
   4.0087745e-02
   7.0076019e-02
   7.9449310e-02
   0.0000000e+00
   0.0000000e+00
   0.0000000e+00
   0.0000000e+00
   1.3611345e-02
  -0.0000000e+00
  -1.1800841e-02
  -4.0163161e-04
   8.8060685e-03
   1.3829840e-02
   1.8875431e-02
   2.3367777e-02
   2.8640570e-02
   3.5471354e-02
   4.7065575e-02
   7.2358282e-02
   8.0342609e-02
   7.6301650e-02
   0.0000000e+00
   0.0000000e+00
   0.0000000e+00
   0.0000000e+00
   0.0000000e+00
   0.0000000e+00
   2.1375106e-02
   2.1551376e-02
   2.0380828e-02
   1.7874784e-02
   1.4660032e-02
   1.3044061e-02
   1.3305275e-02
   1.4856605e-02
   1.7591105e-02
   2.0888056e-02
   2.3641421e-02
   2.4564883e-02
   2.3739734e-02
   2.0599873e-02
   1.3791996e-02
   4.8149178e-03
  -3.7404884e-03
  -7.4962546e-03
  -5.6065817e-03
   1.2443806e-03
   1.2366967e-02
   2.6125171e-02
   4.3587620e-02
   4.5695553e-02
   2.3849838e-02
   0.0000000e+00
   0.0000000e+00
   0.0000000e+00
   0.0000000e+00
  -4.7597243e-02
  -4.4568955e-02
  -2.5083167e-02
  -9.0513055e-03
  -1.6166328e-03
   6.0176731e-03
   1.5305368e-02
   3.0714091e-02
   5.4936512e-02
   8.2440992e-02
   8.4817101e-02
   0.0000000e+00
   0.0000000e+00
   0.0000000e+00
   0.0000000e+00
   1.1724539e-02
  -0.0000000e+00
  -8.4754860e-03
   4.6561332e-03
   1.2688258e-02
   1.7854675e-02
   2.3452837e-02
   2.8683878e-02
   3.5298510e-02
   4.3756710e-02
   5.6628930e-02
   7.7205634e-02
   7.9213306e-02
   7.3152233e-02
   0.0000000e+00
   0.0000000e+00
   0.0000000e+00
   0.0000000e+00
   0.0000000e+00
   0.0000000e+00
   2.7600562e-02
   2.5208172e-02
   2.2999700e-02
   2.0160241e-02
   1.7275183e-02
   1.6081734e-02
   1.6314428e-02
   1.7918186e-02
   2.0889610e-02
   2.4116876e-02
   2.6204534e-02
   2.6144665e-02
   2.3965482e-02
   1.8756512e-02
   9.9620800e-03
   6.5378767e-04
  -6.2813768e-03
  -7.1978169e-03
  -2.6299132e-03
   5.5626508e-03
   1.7189231e-02
   3.0794900e-02
   4.5938052e-02
   4.3096098e-02
   2.3399564e-02
   0.0000000e+00
   0.0000000e+00
   0.0000000e+00
   0.0000000e+00
  -0.0000000e+00
  -4.1227426e-02
  -2.3080024e-02
  -6.1738407e-03
   1.8831876e-03
   1.0964331e-02
   2.1980346e-02
   3.9245978e-02
   6.4005986e-02
   8.6681098e-02
   8.6292466e-02
   0.0000000e+00
   0.0000000e+00
   0.0000000e+00
   0.0000000e+00
   7.0402409e-03
  -0.0000000e+00
  -3.7692278e-03
   8.1070279e-03
   1.5666556e-02
   2.1435539e-02
   2.7890470e-02
   3.4225046e-02
   4.2127714e-02
   5.1437528e-02
   6.4103127e-02
   7.9281136e-02
   7.5568199e-02
   5.0892505e-02
   0.0000000e+00
   0.0000000e+00
   0.0000000e+00
   0.0000000e+00
   0.0000000e+00
   3.8579653e-02
   3.4073620e-02
   2.7854843e-02
   2.4773384e-02
   2.1645840e-02
   1.8831532e-02
   1.7920619e-02
   1.8243693e-02
   1.9947112e-02
   2.2945518e-02
   2.5737394e-02
   2.6766922e-02
   2.5554772e-02
   2.1716056e-02
   1.4725529e-02
   5.0385711e-03
  -3.2623298e-03
  -7.3953848e-03
  -5.5319662e-03
   1.0929843e-03
   1.0216760e-02
   2.2205586e-02
   3.5571299e-02
   4.8400082e-02
   3.9820149e-02
   2.3246152e-02
   0.0000000e+00
   0.0000000e+00
   0.0000000e+00
   0.0000000e+00
   0.0000000e+00
  -3.4106749e-02
  -1.8532962e-02
  -2.0380609e-03
   6.7425901e-03
   1.6946658e-02
   2.8936252e-02
   4.6506971e-02
   6.8705864e-02
   8.1626572e-02
   7.6466136e-02
   0.0000000e+00
   0.0000000e+00
   0.0000000e+00
   0.0000000e+00
   5.4442306e-03
  -0.0000000e+00
   8.3346766e-04
   1.1577261e-02
   1.9530607e-02
   2.5935855e-02
   3.3251986e-02
   4.0612310e-02
   4.9684323e-02
   5.9235826e-02
   7.0274316e-02
   7.8733018e-02
   6.9665715e-02
   4.2349892e-02
   6.3080183e-03
   0.0000000e+00
   0.0000000e+00
   0.0000000e+00
   0.0000000e+00
   3.8196372e-02
   3.6668111e-02
   2.9610735e-02
   2.5786523e-02
   2.2313074e-02
   1.9402666e-02
   1.8677199e-02
   1.9140065e-02
   2.0929097e-02
   2.3774484e-02
   2.5850254e-02
   2.5578011e-02
   2.3095815e-02
   1.7557388e-02
   9.2484614e-03
  -3.3112091e-04
  -6.5964951e-03
  -7.3025189e-03
  -2.8198277e-03
   5.4170568e-03
   1.5194806e-02
   2.7430946e-02
   4.0619015e-02
   5.1661659e-02
   3.7247515e-02
   0.0000000e+00
   0.0000000e+00
   0.0000000e+00
   0.0000000e+00
   0.0000000e+00
   0.0000000e+00
  -2.6678203e-02
  -1.2455686e-02
   3.1607240e-03
   1.2628053e-02
   2.3589114e-02
   3.5879455e-02
   5.2485887e-02
   7.0089779e-02
   7.1193807e-02
   6.0925870e-02
   0.0000000e+00
   0.0000000e+00
   0.0000000e+00
   0.0000000e+00
   0.0000000e+00
   0.0000000e+00
   1.1238299e-02
   1.5703715e-02
   2.4082121e-02
   3.1020084e-02
   3.9128397e-02
   4.7422646e-02
   5.7406370e-02
   6.6545419e-02
   7.4806266e-02
   7.1020052e-02
   5.6564757e-02
   3.0088931e-02
   6.3080181e-03
   0.0000000e+00
   0.0000000e+00
   0.0000000e+00
   0.0000000e+00
   3.7804472e-02
   3.7947108e-02
   2.9656443e-02
   2.5158741e-02
   2.0769338e-02
   1.7542736e-02
   1.6905844e-02
   1.7474411e-02
   1.9144987e-02
   2.1375538e-02
   2.2005766e-02
   1.9847671e-02
   1.5581039e-02
   8.5882634e-03
   4.6723485e-04
  -6.4157461e-03
  -8.1263690e-03
  -4.4181898e-03
   2.6092341e-03
   1.2151843e-02
   2.2372073e-02
   3.4675096e-02
   4.8272264e-02
   6.0155953e-02
   5.9750608e-02
   0.0000000e+00
   0.0000000e+00
   0.0000000e+00
   0.0000000e+00
   0.0000000e+00
   0.0000000e+00
  -1.4264336e-02
  -3.5053509e-03
   1.2163108e-02
   2.1972035e-02
   3.2719601e-02
   4.3723383e-02
   5.6356359e-02
   6.5604579e-02
   5.4621557e-02
   4.2033928e-02
   0.0000000e+00
   0.0000000e+00
   0.0000000e+00
   0.0000000e+00
   0.0000000e+00
   0.0000000e+00
   2.5384486e-02
   2.4727271e-02
   3.1187912e-02
   3.8086233e-02
   4.6775201e-02
   5.5945643e-02
   6.5924495e-02
   7.2544814e-02
   7.4840917e-02
   5.7091050e-02
   4.0346973e-02
   1.7355402e-02
  -3.9842214e-03
  -1.0436661e-02
   0.0000000e+00
   0.0000000e+00
   0.0000000e+00
   3.8389013e-02
   3.2704633e-02
   2.6457254e-02
   2.0586401e-02
   1.5267421e-02
   1.1937806e-02
   1.1384659e-02
   1.2306601e-02
   1.3940257e-02
   1.5452294e-02
   1.4980441e-02
   1.1798387e-02
   6.9883721e-03
   5.3719553e-04
  -5.2458479e-03
  -8.1680492e-03
  -6.2546790e-03
  -7.9815742e-05
   8.1185135e-03
   1.8221714e-02
   2.8598832e-02
   4.0927403e-02
   5.3269594e-02
   5.4725893e-02
   4.7361492e-02
   0.0000000e+00
   0.0000000e+00
   0.0000000e+00
   0.0000000e+00
   0.0000000e+00
   0.0000000e+00
  -2.6486964e-03
   4.3014873e-03
   2.0061467e-02
   2.9038152e-02
   3.8325340e-02
   4.6947504e-02
   5.5119634e-02
   5.8266125e-02
   4.5650229e-02
   3.5517931e-02
   0.0000000e+00
   0.0000000e+00
   0.0000000e+00
   0.0000000e+00
  -3.6152806e-03
  -3.6152806e-03
   3.3102817e-02
   3.1640464e-02
   3.6625396e-02
   4.2952853e-02
   5.1027849e-02
   5.9137914e-02
   6.7178935e-02
   7.0267369e-02
   6.6334695e-02
   4.4098206e-02
   2.7583083e-02
   9.0318453e-03
  -6.1819581e-03
  -9.6212290e-03
   0.0000000e+00
   1.8551005e-02
   2.0794106e-02
   3.2101978e-02
   2.6507374e-02
   2.1286404e-02
   1.4300743e-02
   8.7553347e-03
   5.7302047e-03
   5.5131009e-03
   6.7023826e-03
   8.1564011e-03
   9.1163684e-03
   8.1933653e-03
   4.9346327e-03
   6.1128754e-04
  -4.3545607e-03
  -7.6467525e-03
  -7.5432034e-03
  -3.4180258e-03
   4.0513184e-03
   1.2748706e-02
   2.2863984e-02
   3.2708470e-02
   4.3866303e-02
   5.3463321e-02
   4.8212141e-02
   3.9291522e-02
   0.0000000e+00
   0.0000000e+00
   0.0000000e+00
   0.0000000e+00
   0.0000000e+00
   0.0000000e+00
   5.8544646e-04
   1.1535841e-02
   2.5711657e-02
   3.3491172e-02
   4.1157547e-02
   4.7713552e-02
   5.2723452e-02
   5.2292913e-02
   3.9293721e-02
   3.0546377e-02
   0.0000000e+00
   0.0000000e+00
   0.0000000e+00
   0.0000000e+00
   4.1517303e-03
   1.3495936e-02
   3.8711130e-02
   3.6510274e-02
   3.9940916e-02
   4.5542512e-02
   5.2592456e-02
   5.9199326e-02
   6.5003328e-02
   6.4740762e-02
   5.6021079e-02
   3.0853106e-02
   1.6271000e-02
   2.5616574e-03
  -6.8203961e-03
  -8.7914612e-03
   1.3271386e-02
   1.8541155e-02
   2.0794105e-02
   2.5256019e-02
   1.9505177e-02
   1.4748502e-02
   6.8491045e-03
   1.4380604e-03
  -1.0946804e-03
  -9.0445001e-04
   4.7207941e-04
   1.6599316e-03
   2.1272765e-03
   1.0421848e-03
  -1.8258411e-03
  -5.1213958e-03
  -8.0568800e-03
  -8.6531207e-03
  -5.7929321e-03
   2.6910495e-05
   8.3291298e-03
   1.7218039e-02
   2.7029257e-02
   3.5909685e-02
   4.5171984e-02
   5.1311019e-02
   4.1439832e-02
   3.3067553e-02
   0.0000000e+00
   0.0000000e+00
   0.0000000e+00
   0.0000000e+00
   0.0000000e+00
   0.0000000e+00
   0.0000000e+00
   2.0868588e-02
   3.0638350e-02
   3.7034316e-02
   4.2913839e-02
   4.7413356e-02
   4.9656078e-02
   4.6588509e-02
   3.3727661e-02
   2.6063134e-02
   0.0000000e+00
   0.0000000e+00
   0.0000000e+00
   0.0000000e+00
   1.5362716e-02
   1.9490163e-02
   4.1107975e-02
   4.0608535e-02
   4.2397354e-02
   4.7107137e-02
   5.2854743e-02
   5.7668186e-02
   6.0918268e-02
   5.7126559e-02
   4.4111129e-02
   1.4772398e-02
   1.0251625e-02
  -2.4950753e-03
  -3.8702760e-03
  -5.8803812e-04
   1.3271385e-02
   1.8459272e-02
   0.0000000e+00
   1.2015506e-02
   9.1910519e-03
   1.9080894e-03
  -4.7787672e-03
  -8.6814906e-03
  -1.0489473e-02
  -1.0530670e-02
  -9.8246736e-03
  -9.2690992e-03
  -9.1083276e-03
  -9.6566703e-03
  -1.0696879e-02
  -1.1192585e-02
  -1.0259869e-02
  -7.2397400e-03
  -1.6143722e-03
   5.4434314e-03
   1.3983365e-02
   2.2181153e-02
   3.0162497e-02
   3.5922089e-02
   4.0049099e-02
   4.2351303e-02
   4.0405273e-02
   0.0000000e+00
   0.0000000e+00
   0.0000000e+00
   0.0000000e+00
   0.0000000e+00
   0.0000000e+00
   0.0000000e+00
   0.0000000e+00
   3.0311792e-02
   3.5259355e-02
   4.0274610e-02
   4.3639610e-02
   4.5370889e-02
   4.4611381e-02
   3.9763313e-02
   2.7604727e-02
   2.2236088e-02
   0.0000000e+00
   0.0000000e+00
   0.0000000e+00
   0.0000000e+00
   2.7805194e-02
   3.3987692e-02
   4.6524182e-02
   4.2790501e-02
   4.2890468e-02
   4.5469479e-02
   4.8693742e-02
   5.0743217e-02
   4.9549094e-02
   4.0107191e-02
   2.4039981e-02
   1.1898012e-02
   1.0251625e-02
  -3.4766851e-03
  -3.4440425e-03
   2.0966982e-03
   1.3571008e-02
   1.7248911e-02
   0.0000000e+00
   6.8962747e-03
   3.5519248e-03
  -5.9188940e-03
  -1.2032358e-02
  -1.5366251e-02
  -1.7065100e-02
  -1.7384656e-02
  -1.7074227e-02
  -1.6727783e-02
  -1.6509501e-02
  -1.6480755e-02
  -1.6095446e-02
  -1.4746855e-02
  -1.1724719e-02
  -7.1294848e-03
  -6.0825556e-04
   6.5010679e-03
   1.4472302e-02
   2.1485727e-02
   2.7805500e-02
   3.1716991e-02
   3.3592343e-02
   3.4554336e-02
   3.1329333e-02
   0.0000000e+00
   0.0000000e+00
   0.0000000e+00
   0.0000000e+00
   0.0000000e+00
   0.0000000e+00
   0.0000000e+00
   0.0000000e+00
   4.2244641e-02
   3.6089811e-02
   3.9689977e-02
   4.2261548e-02
   4.2858303e-02
   4.1009493e-02
   3.5080008e-02
   2.2822391e-02
   1.9040308e-02
   0.0000000e+00
   0.0000000e+00
   0.0000000e+00
   0.0000000e+00
   3.8554931e-02
   3.9522950e-02
   4.4687178e-02
   4.0598921e-02
   3.9928943e-02
   4.0881548e-02
   4.2318784e-02
   4.2766824e-02
   3.9333943e-02
   2.7931396e-02
   1.2872637e-02
   5.7222214e-03
   0.0000000e+00
  -3.9453621e-03
  -3.2405341e-03
   2.7682920e-03
   1.2055544e-02
   1.6671015e-02
   0.0000000e+00
   4.8254753e-03
  -9.9288591e-04
  -1.1877258e-02
  -1.7156145e-02
  -2.0086538e-02
  -2.1769254e-02
  -2.2360349e-02
  -2.2415336e-02
  -2.2263300e-02
  -2.1952674e-02
  -2.1358799e-02
  -1.9808123e-02
  -1.7059943e-02
  -1.2556376e-02
  -6.9594914e-03
  -5.3789990e-06
   6.8920054e-03
   1.4147514e-02
   2.0040730e-02
   2.4900902e-02
   2.7344074e-02
   2.7651839e-02
   2.7050707e-02
   2.2404405e-02
   0.0000000e+00
   0.0000000e+00
   0.0000000e+00
   0.0000000e+00
   0.0000000e+00
   0.0000000e+00
   0.0000000e+00
   0.0000000e+00
   4.8373016e-02
   3.4921031e-02
   3.7744150e-02
   3.9829779e-02
   3.9810590e-02
   3.7401460e-02
   3.0710177e-02
   2.0062952e-02
   1.7514458e-02
   0.0000000e+00
   0.0000000e+00
   0.0000000e+00
   0.0000000e+00
   4.6893874e-02
   4.2124793e-02
   4.0503096e-02
   3.6917333e-02
   3.5932593e-02
   3.5826061e-02
   3.6134794e-02
   3.5569027e-02
   3.0910801e-02
   1.8862901e-02
   5.9021585e-03
   0.0000000e+00
   0.0000000e+00
   0.0000000e+00
   0.0000000e+00
   8.3783036e-04
   4.7104060e-03
   0.0000000e+00
   0.0000000e+00
   4.9567258e-03
  -5.5504577e-03
  -1.7342578e-02
  -2.1241662e-02
  -2.3847501e-02
  -2.5618729e-02
  -2.6550916e-02
  -2.7040289e-02
  -2.7120907e-02
  -2.6650634e-02
  -2.5344244e-02
  -2.2600899e-02
  -1.8575734e-02
  -1.2881771e-02
  -6.6707602e-03
   2.9601673e-04
   6.6114211e-03
   1.2774024e-02
   1.7302395e-02
   2.0523269e-02
   2.1524834e-02
   2.0620803e-02
   1.7748133e-02
   1.1107347e-02
   0.0000000e+00
   0.0000000e+00
   0.0000000e+00
   0.0000000e+00
   0.0000000e+00
   0.0000000e+00
   0.0000000e+00
   0.0000000e+00
   4.9433342e-02
   3.1069800e-02
   3.3643409e-02
   3.5465499e-02
   3.5263606e-02
   3.2755519e-02
   2.5460272e-02
   1.7954509e-02
   0.0000000e+00
   0.0000000e+00
   0.0000000e+00
   0.0000000e+00
   0.0000000e+00
   5.4782906e-02
   4.2023906e-02
   3.2366561e-02
   3.0433665e-02
   2.9578980e-02
   2.8777137e-02
   2.8408590e-02
   2.7229707e-02
   2.2186590e-02
   1.0854104e-02
  -1.3545246e-03
   0.0000000e+00
   0.0000000e+00
   0.0000000e+00
   0.0000000e+00
  -1.8729229e-03
  -2.0927382e-03
   0.0000000e+00
   4.6437576e-03
   2.4201549e-03
  -8.5057840e-03
  -1.3885668e-02
  -1.6377609e-02
  -1.8405491e-02
  -2.0220499e-02
  -2.1501247e-02
  -2.2509661e-02
  -2.2960048e-02
  -2.2715181e-02
  -2.1436967e-02
  -1.8685207e-02
  -1.4766271e-02
  -9.4806002e-03
  -3.9478620e-03
   2.0607840e-03
   7.2112912e-03
   1.2003978e-02
   1.5318049e-02
   1.7211635e-02
   1.6791228e-02
   1.3746222e-02
   8.3783539e-03
   3.8870580e-03
   0.0000000e+00
   0.0000000e+00
   0.0000000e+00
   0.0000000e+00
   0.0000000e+00
   0.0000000e+00
   1.0397199e-02
   1.9453865e-02
   3.3414911e-02
   2.5385307e-02
   2.9029492e-02
   3.1172588e-02
   3.1272899e-02
   2.8862882e-02
   2.1175653e-02
   1.0758731e-02
   0.0000000e+00
   0.0000000e+00
   0.0000000e+00
   0.0000000e+00
   0.0000000e+00
   0.0000000e+00
   3.9516533e-02
   2.7170058e-02
   2.6422374e-02
   2.4896346e-02
   2.3080444e-02
   2.1752056e-02
   1.9901814e-02
   1.5788231e-02
   6.7274570e-03
  -3.2257819e-03
  -0.0000000e+00
  -1.5702523e-03
   0.0000000e+00
  -3.4865456e-03
  -2.6890872e-03
  -4.3215826e-03
  -3.2155903e-03
   3.8286877e-03
   3.9939825e-04
  -7.4735326e-03
  -1.0947878e-02
  -1.2956135e-02
  -1.4647179e-02
  -1.6242221e-02
  -1.7387643e-02
  -1.8320030e-02
  -1.8734624e-02
  -1.8527843e-02
  -1.7426453e-02
  -1.4995689e-02
  -1.1436325e-02
  -6.4507956e-03
  -1.0476046e-03
   4.9598371e-03
   1.0179921e-02
   1.4971064e-02
   1.7966931e-02
   1.8772218e-02
   1.6326720e-02
   1.0516804e-02
   3.9565177e-03
  -4.7118070e-04
   0.0000000e+00
   0.0000000e+00
   0.0000000e+00
   0.0000000e+00
   0.0000000e+00
  -2.1594696e-02
  -5.6980351e-03
   1.5809773e-02
   2.6001784e-02
   2.3768373e-02
   2.7716417e-02
   2.9391048e-02
   2.9241849e-02
   2.7268460e-02
   1.9692128e-02
   1.1425062e-02
   0.0000000e+00
   0.0000000e+00
   0.0000000e+00
   0.0000000e+00
   0.0000000e+00
   0.0000000e+00
   3.7287089e-02
   2.4763359e-02
   2.4271238e-02
   2.2560166e-02
   1.9528470e-02
   1.6905950e-02
   1.4774833e-02
   1.2333819e-02
   6.1372087e-03
  -1.9252384e-03
  -0.0000000e+00
  -1.5592160e-03
   0.0000000e+00
  -3.0294561e-03
  -3.1584103e-03
  -5.1921271e-03
  -3.2316775e-03
   2.8072698e-03
  -1.8896309e-03
  -6.5341066e-03
  -8.9872489e-03
  -1.0853658e-02
  -1.2379939e-02
  -1.3788018e-02
  -1.4722128e-02
  -1.5422321e-02
  -1.5628254e-02
  -1.5279134e-02
  -1.4218951e-02
  -1.1994160e-02
  -8.6982604e-03
  -3.8965580e-03
   1.5036477e-03
   7.6620369e-03
   1.3072864e-02
   1.7891901e-02
   2.0444769e-02
   1.9967819e-02
   1.5523130e-02
   7.2701103e-03
  -2.9795460e-04
  -4.9097418e-03
  -6.9876486e-03
   0.0000000e+00
   0.0000000e+00
   0.0000000e+00
   0.0000000e+00
  -2.1521117e-02
  -8.0040656e-03
   1.0768910e-02
   1.8360823e-02
   2.1315323e-02
   2.5612248e-02
   2.6818378e-02
   2.7364920e-02
   2.5935688e-02
   1.8910097e-02
   1.2928227e-02
   0.0000000e+00
   0.0000000e+00
   0.0000000e+00
   0.0000000e+00
   0.0000000e+00
   0.0000000e+00
   0.0000000e+00
   2.3220422e-02
   2.2261454e-02
   1.9910865e-02
   1.5671818e-02
   1.1887981e-02
   9.7942920e-03
   9.4081983e-03
   6.2354445e-03
   2.8749311e-04
  -0.0000000e+00
  -1.4643176e-03
   0.0000000e+00
   9.0097007e-04
  -3.8439094e-03
  -5.8098572e-03
  -3.3700098e-03
  -2.8607599e-03
  -6.1693451e-03
  -1.0287619e-02
  -1.3932716e-02
  -1.7331431e-02
  -1.9759332e-02
  -2.1495055e-02
  -2.2124269e-02
  -2.2000719e-02
  -2.1089866e-02
  -1.9414753e-02
  -1.7216590e-02
  -1.3994356e-02
  -9.9782534e-03
  -4.5847102e-03
   1.2255164e-03
   7.7341015e-03
   1.3021904e-02
   1.6724161e-02
   1.6989638e-02
   1.3517766e-02
   7.8738074e-03
   2.4698592e-04
  -8.2286190e-03
  -9.3047249e-03
  -6.9876482e-03
   0.0000000e+00
   0.0000000e+00
   0.0000000e+00
   0.0000000e+00
  -2.0888406e-02
  -1.2455419e-02
  -1.2416328e-03
   3.9429061e-03
   8.4412676e-03
   1.4195780e-02
   1.5722671e-02
   1.5370334e-02
   2.2239597e-02
   2.0875909e-02
   0.0000000e+00
   0.0000000e+00
   0.0000000e+00
   0.0000000e+00
   0.0000000e+00
   0.0000000e+00
   0.0000000e+00
   0.0000000e+00
   2.5451235e-02
   1.9465635e-02
   1.2535728e-02
   7.3552040e-03
   3.7536231e-03
   3.7255807e-03
   7.5568423e-03
   8.0289288e-03
   6.2599629e-03
  -6.1919713e-03
  -3.8984583e-03
   1.3364597e-04
   9.0097017e-04
  -4.2189565e-03
  -5.5476744e-03
  -4.9201641e-03
  -6.4620459e-03
  -1.0281501e-02
  -1.5337052e-02
  -2.0234482e-02
  -2.5292009e-02
  -2.9338542e-02
  -3.2718003e-02
  -3.4618896e-02
  -3.5324737e-02
  -3.4717567e-02
  -3.2853425e-02
  -3.0072844e-02
  -2.6094483e-02
  -2.1562828e-02
  -1.6087674e-02
  -1.0556310e-02
  -4.4836090e-03
   4.2616215e-04
   3.9056398e-03
   4.6319831e-03
   2.9121197e-03
   6.8266760e-04
  -1.7554143e-03
  -1.0089162e-02
  -1.9311238e-02
  -1.7699223e-02
   0.0000000e+00
   0.0000000e+00
   0.0000000e+00
  -2.2793118e-02
  -2.3738130e-02
  -2.2043275e-02
  -1.6876137e-02
  -1.3105243e-02
  -6.4992160e-03
   3.1444961e-03
   9.7327346e-03
   0.0000000e+00
   0.0000000e+00
   0.0000000e+00
   0.0000000e+00
   0.0000000e+00
   0.0000000e+00
   0.0000000e+00
   0.0000000e+00
   0.0000000e+00
   0.0000000e+00
   0.0000000e+00
   2.3908355e-02
   1.8368891e-02
   8.2282163e-03
   2.3838645e-03
   3.2650749e-04
   4.3557375e-03
   1.0957784e-02
   1.2120759e-02
   8.4349242e-03
  -2.0114105e-03
  -3.3197767e-03
   5.1236613e-04
  -2.2335709e-03
  -5.9518993e-03
  -5.8254828e-03
  -6.1158015e-03
  -8.4854458e-03
  -1.2484300e-02
  -1.7965090e-02
  -2.3625209e-02
  -2.9785419e-02
  -3.5090091e-02
  -3.9942853e-02
  -4.3264086e-02
  -4.5354374e-02
  -4.5787885e-02
  -4.4683311e-02
  -4.2231991e-02
  -3.8346112e-02
  -3.3800827e-02
  -2.8283577e-02
  -2.2710641e-02
  -1.6616607e-02
  -1.1364023e-02
  -6.7886631e-03
  -4.3470601e-03
  -4.2066933e-03
  -4.8065584e-03
  -2.8993236e-03
  -7.6082244e-03
  -2.3378261e-02
  -2.2052808e-02
   0.0000000e+00
   0.0000000e+00
   0.0000000e+00
  -2.4146367e-02
  -2.6632160e-02
  -2.9580030e-02
  -2.8362334e-02
  -2.5898669e-02
  -1.8814545e-02
  -6.1644776e-03
   3.6981604e-03
   0.0000000e+00
   0.0000000e+00
   0.0000000e+00
   0.0000000e+00
   0.0000000e+00
   0.0000000e+00
   0.0000000e+00
   0.0000000e+00
   0.0000000e+00
   0.0000000e+00
   0.0000000e+00
   3.0877209e-02
   2.3309353e-02
   7.2346544e-03
  -8.8450091e-04
  -1.8346496e-03
   5.7198248e-03
   1.7842360e-02
   1.7543248e-02
   1.0048958e-02
   4.3787461e-03
   1.9973228e-03
   6.8863321e-04
  -2.2335708e-03
  -6.7080791e-03
  -6.6305175e-03
  -7.3004044e-03
  -9.6577026e-03
  -1.3597411e-02
  -1.9170983e-02
  -2.5362447e-02
  -3.2420074e-02
  -3.8981954e-02
  -4.5521215e-02
  -5.0734733e-02
  -5.5018612e-02
  -5.7373223e-02
  -5.8020441e-02
  -5.6754517e-02
  -5.3705985e-02
  -4.9571030e-02
  -4.4035071e-02
  -3.8137678e-02
  -3.1627923e-02
  -2.5335537e-02
  -1.8275295e-02
  -1.2633517e-02
  -1.0088437e-02
  -1.0181860e-02
  -3.5906092e-03
   1.9205036e-05
   0.0000000e+00
   0.0000000e+00
   0.0000000e+00
   0.0000000e+00
   0.0000000e+00
  -2.4551263e-02
  -3.1615350e-02
  -3.7203516e-02
  -3.9110422e-02
  -3.8181272e-02
  -3.1889968e-02
  -1.6254002e-02
   2.3730047e-04
   0.0000000e+00
   0.0000000e+00
   0.0000000e+00
   0.0000000e+00
   0.0000000e+00
   0.0000000e+00
   0.0000000e+00
   0.0000000e+00
   0.0000000e+00
   0.0000000e+00
   0.0000000e+00
   4.8428059e-02
   3.4590391e-02
   8.8204949e-03
  -3.4979850e-03
  -4.7309258e-03
   0.0000000e+00
   2.9366545e-02
   2.5417067e-02
   1.0898419e-02
   9.1544023e-03
   0.0000000e+00
   5.8197868e-03
  -7.6661669e-04
  -6.3368669e-03
  -8.0744484e-03
  -8.5136253e-03
  -9.5785316e-03
  -1.2104091e-02
  -1.6466703e-02
  -2.1711522e-02
  -2.7911928e-02
  -3.3932211e-02
  -4.0439993e-02
  -4.6402614e-02
  -5.2356523e-02
  -5.6946702e-02
  -6.0555082e-02
  -6.2102128e-02
  -6.1693117e-02
  -5.9527613e-02
  -5.5653296e-02
  -5.0422925e-02
  -4.3626301e-02
  -3.6332475e-02
  -2.6747078e-02
  -1.6455083e-02
  -9.7414050e-03
  -1.3829718e-02
  -1.0711826e-02
  -0.0000000e+00
   0.0000000e+00
   0.0000000e+00
   0.0000000e+00
   0.0000000e+00
  -1.8536974e-02
  -2.4268714e-02
  -3.4155115e-02
  -4.0673452e-02
  -4.5676872e-02
  -4.8746917e-02
  -4.8920617e-02
  -3.7210591e-02
   0.0000000e+00
   0.0000000e+00
   0.0000000e+00
   0.0000000e+00
   0.0000000e+00
   0.0000000e+00
   0.0000000e+00
   0.0000000e+00
   0.0000000e+00
   0.0000000e+00
   0.0000000e+00
   0.0000000e+00
   6.1484319e-02
   5.9710197e-02
   2.4302673e-02
   1.0948342e-03
  -0.0000000e+00
   0.0000000e+00
   2.9676788e-02
   3.2174194e-02
   1.5109663e-02
   0.0000000e+00
   0.0000000e+00
   7.1312477e-03
   6.3410675e-04
  -6.2962240e-03
  -9.1359979e-03
  -9.4389701e-03
  -9.7802039e-03
  -1.1165442e-02
  -1.4433095e-02
  -1.8863719e-02
  -2.4116229e-02
  -2.9245704e-02
  -3.4974005e-02
  -4.0489756e-02
  -4.6284214e-02
  -5.1066868e-02
  -5.5360720e-02
  -5.8099732e-02
  -5.9460983e-02
  -5.9070293e-02
  -5.6969117e-02
  -5.3106457e-02
  -4.7133744e-02
  -3.9970011e-02
  -3.0021578e-02
  -1.7606074e-02
  -6.7146020e-03
  -1.2645595e-02
  -1.9841659e-02
  -0.0000000e+00
  -4.2122325e-02
  -2.4281139e-02
  -1.4149748e-03
  -5.2659976e-03
  -1.5113392e-02
  -2.2363881e-02
  -3.1081362e-02
  -3.7896357e-02
  -4.4844627e-02
  -5.1223177e-02
  -5.6922697e-02
  -5.1728890e-02
   0.0000000e+00
   0.0000000e+00
   0.0000000e+00
   0.0000000e+00
   0.0000000e+00
   0.0000000e+00
   0.0000000e+00
   0.0000000e+00
   0.0000000e+00
   0.0000000e+00
   0.0000000e+00
   0.0000000e+00
   6.4495832e-02
   6.6964075e-02
   3.4188628e-02
   5.5162441e-03
   0.0000000e+00
   0.0000000e+00
   2.2646576e-02
   3.0868659e-02
   1.5362990e-02
   0.0000000e+00
   1.1642633e-02
   8.3512948e-03
   1.6984623e-03
  -5.9906616e-03
  -9.8751094e-03
  -1.0209835e-02
  -1.0060150e-02
  -1.0433656e-02
  -1.2540361e-02
  -1.6140041e-02
  -2.0465195e-02
  -2.4667436e-02
  -2.9502215e-02
  -3.4374064e-02
  -3.9716169e-02
  -4.4372464e-02
  -4.8950858e-02
  -5.2535194e-02
  -5.5456255e-02
  -5.6830641e-02
  -5.6650881e-02
  -5.4394621e-02
  -4.9507059e-02
  -4.2706932e-02
  -3.2776933e-02
  -1.8905943e-02
  -4.7116887e-03
  -1.1603637e-02
  -3.1469061e-02
   0.0000000e+00
  -3.7253957e-02
  -2.2455533e-02
  -1.7183428e-03
  -4.9835577e-03
  -1.3295295e-02
  -2.0022172e-02
  -2.7402598e-02
  -3.4433747e-02
  -4.3024629e-02
  -5.2440807e-02
  -6.3567162e-02
  -6.5074506e-02
   0.0000000e+00
   0.0000000e+00
   0.0000000e+00
   0.0000000e+00
   0.0000000e+00
   0.0000000e+00
   0.0000000e+00
   0.0000000e+00
   0.0000000e+00
   0.0000000e+00
   0.0000000e+00
   0.0000000e+00
   6.6148425e-02
   7.1884771e-02
   4.2726573e-02
   1.0177013e-02
   0.0000000e+00
   0.0000000e+00
   1.6776847e-02
   2.7154606e-02
   0.0000000e+00
   0.0000000e+00
   1.1642633e-02
   9.8627519e-03
   1.9171897e-03
  -4.9949631e-03
  -9.9308979e-03
  -1.0705823e-02
  -1.0515195e-02
  -1.0068559e-02
  -1.0730865e-02
  -1.3365182e-02
  -1.6749513e-02
  -1.9909781e-02
  -2.3608680e-02
  -2.7479536e-02
  -3.1889972e-02
  -3.5937767e-02
  -4.0185441e-02
  -4.4078867e-02
  -4.8305489e-02
  -5.1603003e-02
  -5.3863012e-02
  -5.3836570e-02
  -5.0603627e-02
  -4.4601935e-02
  -3.5301083e-02
  -2.1118596e-02
  -6.1894561e-03
   0.0000000e+00
   0.0000000e+00
   0.0000000e+00
  -1.9768904e-02
  -1.5898743e-02
  -2.8079092e-03
  -3.9691559e-03
  -1.0822437e-02
  -1.6655290e-02
  -2.2792832e-02
  -2.9958503e-02
  -3.9760141e-02
  -5.1906253e-02
  -6.8827131e-02
  -7.8077994e-02
   0.0000000e+00
   0.0000000e+00
   0.0000000e+00
   0.0000000e+00
   0.0000000e+00
   0.0000000e+00
   0.0000000e+00
   0.0000000e+00
   0.0000000e+00
   0.0000000e+00
   0.0000000e+00
   0.0000000e+00
   0.0000000e+00
   7.4920637e-02
   4.9515826e-02
   1.5956571e-02
   0.0000000e+00
   0.0000000e+00
   1.1630179e-02
   1.8950580e-02
   0.0000000e+00
   0.0000000e+00
   1.3450818e-02
   7.9590669e-03
  -1.6664081e-03
  -4.5728818e-03
  -9.0723224e-03
  -1.0035913e-02
  -9.7617423e-03
  -9.1569767e-03
  -8.7940451e-03
  -1.0470881e-02
  -1.3321770e-02
  -1.6025701e-02
  -1.9080840e-02
  -2.2160969e-02
  -2.5532452e-02
  -2.8699741e-02
  -3.2172844e-02
  -3.5521384e-02
  -3.9854199e-02
  -4.4349524e-02
  -4.8860550e-02
  -5.1466571e-02
  -5.0653059e-02
  -4.5960436e-02
  -3.7952427e-02
  -2.4973600e-02
  -0.0000000e+00
   0.0000000e+00
   0.0000000e+00
   0.0000000e+00
  -2.6138149e-04
  -9.2096262e-03
  -5.2118166e-03
  -4.8011275e-03
  -8.6665479e-03
  -1.3674180e-02
  -1.9493382e-02
  -2.6226963e-02
  -3.6141831e-02
  -4.9473481e-02
  -7.0347764e-02
  -8.7282679e-02
   0.0000000e+00
   0.0000000e+00
   0.0000000e+00
   0.0000000e+00
   0.0000000e+00
   0.0000000e+00
   0.0000000e+00
   0.0000000e+00
   0.0000000e+00
   0.0000000e+00
   0.0000000e+00
   0.0000000e+00
   0.0000000e+00
   6.6974186e-02
   4.9076512e-02
   2.0422527e-02
   0.0000000e+00
   0.0000000e+00
   1.7422373e-03
   7.0252296e-03
   0.0000000e+00
   0.0000000e+00
   1.3703444e-02
   5.8293972e-03
  -6.9028344e-03
  -6.0096320e-03
  -7.9514999e-03
  -8.9227798e-03
  -8.4403772e-03
  -7.5743301e-03
  -6.6518807e-03
  -7.5918488e-03
  -1.0072732e-02
  -1.2706631e-02
  -1.5683344e-02
  -1.8688183e-02
  -2.1956721e-02
  -2.4793069e-02
  -2.7784407e-02
  -3.0639382e-02
  -3.4502245e-02
  -3.9148177e-02
  -4.4621408e-02
  -4.8753323e-02
  -4.9816843e-02
  -4.6587272e-02
  -3.9777875e-02
  -2.5949235e-02
   0.0000000e+00
   0.0000000e+00
   0.0000000e+00
   7.8441092e-04
  -1.9356844e-03
  -4.6134818e-03
  -4.1269939e-03
  -4.2734113e-03
  -6.8567991e-03
  -1.1029332e-02
  -1.6427407e-02
  -2.2908055e-02
  -3.2610387e-02
  -4.5975061e-02
  -6.7827746e-02
  -8.9281134e-02
   0.0000000e+00
   0.0000000e+00
   0.0000000e+00
   0.0000000e+00
   0.0000000e+00
   0.0000000e+00
   0.0000000e+00
   0.0000000e+00
   0.0000000e+00
   0.0000000e+00
   0.0000000e+00
   0.0000000e+00
   0.0000000e+00
   0.0000000e+00
   3.7477672e-02
   2.1753509e-02
   0.0000000e+00
   0.0000000e+00
   0.0000000e+00
   0.0000000e+00
   0.0000000e+00
   0.0000000e+00
   0.0000000e+00
  -0.0000000e+00
  -1.1354256e-02
  -8.7441941e-03
  -6.8001025e-03
  -7.3673926e-03
  -6.5462100e-03
  -5.3656840e-03
  -3.9755451e-03
  -4.1279662e-03
  -6.1552525e-03
  -8.7336338e-03
  -1.1779794e-02
  -1.4890526e-02
  -1.8370025e-02
  -2.1215000e-02
  -2.4003487e-02
  -2.6539980e-02
  -2.9914243e-02
  -3.4449037e-02
  -4.0525559e-02
  -4.5908356e-02
  -4.8770707e-02
  -4.6923546e-02
  -4.1335966e-02
  -2.5793283e-02
   0.0000000e+00
   0.0000000e+00
  -4.6068677e-04
  -4.6050147e-03
  -4.6086237e-03
  -1.2250708e-03
  -1.9650366e-03
  -3.1086403e-03
  -4.9041365e-03
  -8.1066675e-03
  -1.2847484e-02
  -1.8990120e-02
  -2.8314393e-02
  -4.1360325e-02
  -6.3084245e-02
  -8.7455344e-02
   0.0000000e+00
   0.0000000e+00
   0.0000000e+00
   0.0000000e+00
   0.0000000e+00
   0.0000000e+00
   0.0000000e+00
   0.0000000e+00
   0.0000000e+00
   0.0000000e+00
   0.0000000e+00
   0.0000000e+00
   0.0000000e+00
   2.6107741e-02
   2.5326739e-02
   2.4017860e-02
   0.0000000e+00
   0.0000000e+00
   0.0000000e+00
   0.0000000e+00
   0.0000000e+00
   0.0000000e+00
   0.0000000e+00
   0.0000000e+00
  -1.5711115e-02
  -1.3255348e-02
  -5.7726937e-03
  -5.1981421e-03
  -3.8445334e-03
  -2.3030835e-03
  -5.1848716e-04
   2.2332776e-04
  -1.1669955e-03
  -3.5971766e-03
  -6.8201134e-03
  -1.0158965e-02
  -1.4158443e-02
  -1.7517324e-02
  -2.0588257e-02
  -2.3170945e-02
  -2.6250380e-02
  -3.0498326e-02
  -3.6823454e-02
  -4.3156137e-02
  -4.7681557e-02
  -4.6883537e-02
  -4.2489818e-02
  -2.4466768e-02
   0.0000000e+00
   0.0000000e+00
  -4.6068722e-04
  -4.5524001e-03
  -5.6728197e-03
   1.1554217e-04
   1.0418655e-03
  -1.2032618e-03
  -2.7179941e-03
  -4.7650489e-03
  -8.4618861e-03
  -1.4064960e-02
  -2.2816254e-02
  -3.5238288e-02
  -5.5583108e-02
  -8.0422466e-02
   0.0000000e+00
   0.0000000e+00
   0.0000000e+00
   0.0000000e+00
   0.0000000e+00
   0.0000000e+00
   0.0000000e+00
   0.0000000e+00
   0.0000000e+00
   0.0000000e+00
   0.0000000e+00
   0.0000000e+00
   0.0000000e+00
   9.9346989e-03
   9.9347000e-03
   0.0000000e+00
   0.0000000e+00
   0.0000000e+00
   0.0000000e+00
   0.0000000e+00
   0.0000000e+00
   0.0000000e+00
   0.0000000e+00
   0.0000000e+00
  -0.0000000e+00
  -1.0748309e-02
  -8.7462729e-03
  -4.4431132e-03
  -8.0486335e-04
   2.1792972e-03
   4.6253228e-03
   5.9783440e-03
   5.4956982e-03
   3.4514207e-03
   2.3228873e-04
  -3.1143029e-03
  -7.2824871e-03
  -1.1168604e-02
  -1.4849070e-02
  -1.7883392e-02
  -2.1175206e-02
  -2.5447518e-02
  -3.2448914e-02
  -4.0728003e-02
  -4.7996037e-02
  -4.7015473e-02
  -4.0339392e-02
  -3.5154211e-02
   0.0000000e+00
   0.0000000e+00
   4.9395296e-03
  -3.0322153e-03
  -0.0000000e+00
  -1.3647786e-03
   4.0580588e-03
   3.5400535e-03
   1.3961183e-03
  -7.8321144e-04
  -3.6908526e-03
  -8.2247537e-03
  -1.5698807e-02
  -2.6790740e-02
  -4.5242812e-02
  -6.8749567e-02
   0.0000000e+00
   0.0000000e+00
   0.0000000e+00
   0.0000000e+00
   0.0000000e+00
   0.0000000e+00
   0.0000000e+00
   0.0000000e+00
   0.0000000e+00
   0.0000000e+00
   0.0000000e+00
   0.0000000e+00
   0.0000000e+00
   0.0000000e+00
   0.0000000e+00
   0.0000000e+00
   0.0000000e+00
   0.0000000e+00
   0.0000000e+00
   0.0000000e+00
   0.0000000e+00
   0.0000000e+00
   0.0000000e+00
   0.0000000e+00
   0.0000000e+00
  -1.4599526e-02
  -1.4570946e-02
  -8.7459432e-03
  -3.5833027e-03
   2.7981843e-03
   8.0753332e-03
   1.0319597e-02
   1.0490993e-02
   8.6572822e-03
   5.3267172e-03
   1.7868154e-03
  -2.3863264e-03
  -6.3371425e-03
  -9.9790953e-03
  -1.2963833e-02
  -1.6286701e-02
  -2.0611210e-02
  -2.8121915e-02
  -3.8353920e-02
  -4.8652422e-02
  -4.6102084e-02
  -3.7545370e-02
  -0.0000000e+00
   0.0000000e+00
   0.0000000e+00
   0.0000000e+00
  -0.0000000e+00
   0.0000000e+00
  -4.2673069e-04
   6.0428442e-03
   6.8111708e-03
   5.1496467e-03
   2.6117647e-03
  -2.6349764e-04
  -4.3010521e-03
  -1.0969386e-02
  -2.1259565e-02
  -3.8772620e-02
  -6.2820555e-02
  -8.3542738e-02
   0.0000000e+00
   0.0000000e+00
   0.0000000e+00
   0.0000000e+00
   0.0000000e+00
   0.0000000e+00
   0.0000000e+00
   0.0000000e+00
   0.0000000e+00
   0.0000000e+00
   0.0000000e+00
   0.0000000e+00
   0.0000000e+00
   0.0000000e+00
   0.0000000e+00
   0.0000000e+00
   0.0000000e+00
   0.0000000e+00
   0.0000000e+00
   0.0000000e+00
   0.0000000e+00
   0.0000000e+00
   0.0000000e+00
   0.0000000e+00
  -1.3902298e-02
  -1.9456878e-02
  -1.2679155e-02
  -1.0517554e-02
  -4.5092340e-04
   1.0005616e-02
   1.4068896e-02
   1.5138669e-02
   1.3877234e-02
   1.0642294e-02
   6.8358394e-03
   2.3826710e-03
  -1.7835826e-03
  -5.3736083e-03
  -8.0170305e-03
  -1.1050218e-02
  -1.5305608e-02
  -2.3216326e-02
  -3.5324867e-02
  -4.8598498e-02
  -4.3278818e-02
  -3.5664527e-02
   0.0000000e+00
   0.0000000e+00
   0.0000000e+00
   0.0000000e+00
   0.0000000e+00
   0.0000000e+00
   3.3436289e-03
   6.4897402e-03
   9.0227275e-03
   8.5670706e-03
   6.4931993e-03
   3.5488375e-03
  -2.1494789e-04
  -6.1379899e-03
  -1.5711144e-02
  -3.2729059e-02
  -5.7952766e-02
  -8.3314478e-02
  -8.6192160e-02
   0.0000000e+00
   0.0000000e+00
   0.0000000e+00
   0.0000000e+00
   0.0000000e+00
   0.0000000e+00
   0.0000000e+00
   0.0000000e+00
   0.0000000e+00
   0.0000000e+00
   0.0000000e+00
   0.0000000e+00
   0.0000000e+00
   0.0000000e+00
   0.0000000e+00
   0.0000000e+00
   0.0000000e+00
   0.0000000e+00
   0.0000000e+00
   0.0000000e+00
   0.0000000e+00
   0.0000000e+00
   0.0000000e+00
  -1.1707326e-02
  -2.2150459e-02
  -1.4965422e-02
  -1.8108936e-02
  -7.3681962e-03
   9.3678962e-03
   1.6330787e-02
   1.8685678e-02
   1.8391813e-02
   1.5729131e-02
   1.1862767e-02
   7.0307562e-03
   2.5073117e-03
  -1.0995860e-03
  -3.3668787e-03
  -5.8464566e-03
  -9.7832890e-03
  -1.7859755e-02
  -3.1738879e-02
  -4.7344469e-02
  -4.1151394e-02
   0.0000000e+00
   0.0000000e+00
   0.0000000e+00
   0.0000000e+00
   0.0000000e+00
   0.0000000e+00
   0.0000000e+00
   6.9430345e-03
   7.1753254e-03
   9.6055703e-03
   1.0772701e-02
   1.0195579e-02
   7.4656233e-03
   3.8134514e-03
  -1.2956962e-03
  -1.0035760e-02
  -2.6742712e-02
  -5.2628476e-02
  -8.1515811e-02
  -8.4167193e-02
   0.0000000e+00
   0.0000000e+00
   0.0000000e+00
  -2.2747523e-02
  -2.2747524e-02
  -2.1087818e-02
  -1.0964949e-02
   1.6886392e-03
   0.0000000e+00
   0.0000000e+00
   0.0000000e+00
   0.0000000e+00
   0.0000000e+00
   0.0000000e+00
   0.0000000e+00
   0.0000000e+00
   0.0000000e+00
   0.0000000e+00
   0.0000000e+00
   0.0000000e+00
   0.0000000e+00
   0.0000000e+00
   0.0000000e+00
   0.0000000e+00
   0.0000000e+00
   0.0000000e+00
  -2.9090673e-02
  -1.7238580e-02
   5.0183255e-03
   1.5631154e-02
   1.9831983e-02
   2.1038312e-02
   1.9637218e-02
   1.6212158e-02
   1.1315121e-02
   6.4647510e-03
   2.7888415e-03
   6.9736771e-04
  -1.1224411e-03
  -4.3564644e-03
  -1.2170588e-02
  -2.7720243e-02
  -4.3970853e-02
  -4.5050796e-02
   0.0000000e+00
   0.0000000e+00
   0.0000000e+00
   0.0000000e+00
   0.0000000e+00
   0.0000000e+00
   0.0000000e+00
   0.0000000e+00
   8.7185148e-03
   8.0621522e-03
   1.0679285e-02
   1.2537965e-02
   1.0683524e-02
   7.2223167e-03
   3.2654707e-03
  -4.2562089e-03
  -2.0420842e-02
  -4.6093345e-02
  -7.5881667e-02
  -7.7026920e-02
   0.0000000e+00
   0.0000000e+00
   0.0000000e+00
  -2.3231990e-02
  -2.2064286e-02
  -2.1176386e-02
  -1.0964948e-02
   1.6886393e-03
   0.0000000e+00
   0.0000000e+00
   0.0000000e+00
   0.0000000e+00
   0.0000000e+00
   0.0000000e+00
   0.0000000e+00
   0.0000000e+00
   0.0000000e+00
   0.0000000e+00
   0.0000000e+00
   0.0000000e+00
   0.0000000e+00
   0.0000000e+00
   0.0000000e+00
   0.0000000e+00
  -4.8764287e-02
  -4.8764287e-02
  -4.1895595e-02
  -2.9408708e-02
  -3.5728544e-03
   9.7094392e-03
   1.6488869e-02
   2.0319233e-02
   2.0622252e-02
   1.8055720e-02
   1.4136324e-02
   9.5366696e-03
   6.1164093e-03
   4.3087718e-03
   2.9938943e-03
   8.5708662e-04
  -5.9936009e-03
  -2.3104981e-02
  -3.6777808e-02
  -3.3087019e-02
   0.0000000e+00
   0.0000000e+00
   0.0000000e+00
   0.0000000e+00
   0.0000000e+00
   0.0000000e+00
   0.0000000e+00
   0.0000000e+00
   4.7776094e-03
   4.4068410e-03
   7.5455690e-03
   1.1847758e-02
   1.1339342e-02
   8.8092824e-03
   6.8470468e-03
   1.1070253e-03
  -1.3890276e-02
  -3.9008453e-02
  -6.4919442e-02
  -6.2016331e-02
   0.0000000e+00
  -2.8716689e-02
  -2.4279203e-02
  -2.3347835e-02
  -1.9741298e-02
  -2.1241375e-02
   0.0000000e+00
   0.0000000e+00
   0.0000000e+00
   0.0000000e+00
   0.0000000e+00
   0.0000000e+00
   0.0000000e+00
   0.0000000e+00
   0.0000000e+00
   0.0000000e+00
   0.0000000e+00
   0.0000000e+00
   0.0000000e+00
   0.0000000e+00
   0.0000000e+00
   0.0000000e+00
   0.0000000e+00
   0.0000000e+00
  -4.8764282e-02
  -4.8764282e-02
  -6.6348545e-02
  -4.8830989e-02
  -2.0729485e-02
  -5.4381511e-03
   5.4226384e-03
   1.3687056e-02
   1.7330924e-02
   1.6544268e-02
   1.4725999e-02
   1.1307796e-02
   8.7267023e-03
   7.9783793e-03
   7.0561084e-03
   6.1534824e-03
   1.3200508e-03
  -1.5665767e-02
  -3.2244097e-02
   0.0000000e+00
   0.0000000e+00
   0.0000000e+00
   0.0000000e+00
   0.0000000e+00
   0.0000000e+00
   0.0000000e+00
   0.0000000e+00
   0.0000000e+00
  -1.1915009e-02
  -8.3841485e-03
  -1.7260556e-03
   5.9695383e-03
   7.4722656e-03
   6.8004705e-03
   8.0711782e-03
   5.7228059e-03
  -6.3551792e-03
  -2.9108056e-02
  -5.9746455e-02
  -6.1896135e-02
   0.0000000e+00
  -2.8716686e-02
  -2.4279205e-02
  -1.2068630e-02
  -1.1224857e-02
   0.0000000e+00
   0.0000000e+00
   0.0000000e+00
   0.0000000e+00
   0.0000000e+00
   0.0000000e+00
   0.0000000e+00
   0.0000000e+00
   0.0000000e+00
   0.0000000e+00
   0.0000000e+00
   0.0000000e+00
   0.0000000e+00
   0.0000000e+00
   0.0000000e+00
   0.0000000e+00
   0.0000000e+00
   0.0000000e+00
   0.0000000e+00
  -5.0144089e-02
  -3.4521985e-02
  -4.0591494e-02
  -4.5345078e-02
  -2.5966978e-02
  -1.1234543e-02
   7.6776987e-04
   1.0728694e-02
   1.7140102e-02
   1.6805342e-02
   1.5478712e-02
   1.2436026e-02
   9.9070985e-03
   9.8939302e-03
   9.8523814e-03
   1.0659774e-02
   7.8653116e-03
  -6.1871748e-03
  -1.3921291e-02
   0.0000000e+00
   0.0000000e+00
   0.0000000e+00
   0.0000000e+00
   0.0000000e+00
   0.0000000e+00
   0.0000000e+00
   0.0000000e+00
   0.0000000e+00
  -0.0000000e+00
  -1.9947671e-02
  -1.3573660e-02
  -1.7657512e-03
   8.9518831e-04
   1.3321213e-03
   5.5451579e-03
   7.7645872e-03
   2.4547917e-04
  -1.7822147e-02
  -4.7752075e-02
  -4.5147879e-02
   0.0000000e+00
  -0.0000000e+00
  -3.3354342e-02
  -8.9866133e-04
  -0.0000000e+00
   0.0000000e+00
   0.0000000e+00
   0.0000000e+00
   0.0000000e+00
   0.0000000e+00
   0.0000000e+00
   0.0000000e+00
   0.0000000e+00
   0.0000000e+00
   0.0000000e+00
   0.0000000e+00
   0.0000000e+00
   0.0000000e+00
   0.0000000e+00
   0.0000000e+00
   0.0000000e+00
   0.0000000e+00
   0.0000000e+00
   0.0000000e+00
  -0.0000000e+00
  -3.5619872e-02
  -3.8809668e-02
  -3.8465373e-02
  -2.1691285e-02
  -1.0623962e-02
   1.3417900e-03
   1.1395311e-02
   1.7793413e-02
   1.7366938e-02
   1.4669265e-02
   1.1385825e-02
   8.9121517e-03
   1.0272754e-02
   1.1132972e-02
   1.3345883e-02
   1.3611100e-02
   3.1958187e-03
   4.4281698e-03
   0.0000000e+00
   0.0000000e+00
   0.0000000e+00
   0.0000000e+00
   0.0000000e+00
   0.0000000e+00
   0.0000000e+00
   0.0000000e+00
   0.0000000e+00
   0.0000000e+00
  -0.0000000e+00
  -1.6511500e-02
  -1.0107569e-02
  -6.3389945e-03
  -2.8073026e-03
   7.4723200e-04
   7.4987421e-03
   5.9161931e-03
  -5.9089777e-03
  -2.8975289e-02
  -2.6177261e-02
   0.0000000e+00
  -0.0000000e+00
  -0.0000000e+00
   0.0000000e+00
   0.0000000e+00
   0.0000000e+00
  -0.0000000e+00
  -0.0000000e+00
   0.0000000e+00
   0.0000000e+00
   0.0000000e+00
   0.0000000e+00
   0.0000000e+00
   0.0000000e+00
   0.0000000e+00
   0.0000000e+00
   0.0000000e+00
   0.0000000e+00
   0.0000000e+00
   0.0000000e+00
   0.0000000e+00
   0.0000000e+00
   0.0000000e+00
   0.0000000e+00
   0.0000000e+00
  -0.0000000e+00
  -4.2347575e-02
  -3.7899204e-02
  -2.6278211e-02
  -1.7999288e-02
  -3.3653136e-03
   9.0139164e-03
   1.4981327e-02
   1.5088244e-02
   1.0462139e-02
   7.4833026e-03
   5.2538103e-03
   7.7502434e-03
   1.1367813e-02
   1.4920694e-02
   1.8181888e-02
   1.1291063e-02
   1.6979437e-02
   0.0000000e+00
   0.0000000e+00
   0.0000000e+00
   0.0000000e+00
   0.0000000e+00
   0.0000000e+00
   0.0000000e+00
   0.0000000e+00
   0.0000000e+00
   0.0000000e+00
   0.0000000e+00
  -1.7135970e-02
  -1.2941854e-02
  -1.1929258e-02
  -4.2716004e-03
   3.3985622e-04
   6.0859718e-03
   1.1103864e-02
   5.1353667e-03
  -6.3102952e-03
  -4.1208371e-03
  -2.2121736e-03
   0.0000000e+00
   0.0000000e+00
   0.0000000e+00
   0.0000000e+00
   0.0000000e+00
  -0.0000000e+00
  -0.0000000e+00
   0.0000000e+00
   0.0000000e+00
   0.0000000e+00
   0.0000000e+00
   0.0000000e+00
   0.0000000e+00
   0.0000000e+00
   0.0000000e+00
   0.0000000e+00
   0.0000000e+00
   0.0000000e+00
   0.0000000e+00
   0.0000000e+00
   0.0000000e+00
   0.0000000e+00
   0.0000000e+00
   0.0000000e+00
   0.0000000e+00
  -5.5967802e-02
  -3.6587326e-02
  -2.9506503e-02
  -3.1152925e-02
  -2.0058174e-02
   2.9551521e-03
   6.3557322e-03
   5.9722838e-03
   1.6003737e-03
  -2.0827501e-03
  -1.2614659e-03
   1.6461884e-03
   1.0261390e-02
   1.5767739e-02
   2.0999009e-02
   1.6720747e-02
   2.1810966e-02
   0.0000000e+00
   0.0000000e+00
   0.0000000e+00
   0.0000000e+00
   0.0000000e+00
   0.0000000e+00
   0.0000000e+00
   0.0000000e+00
   0.0000000e+00
   0.0000000e+00
   0.0000000e+00
   0.0000000e+00
  -0.0000000e+00
  -1.8900795e-02
  -6.5629849e-03
   2.0823833e-03
   7.5391610e-03
   1.5901541e-02
   1.5424862e-02
   1.0211835e-02
  -4.6537284e-04
  -2.4322078e-03
   0.0000000e+00
   0.0000000e+00
   0.0000000e+00
   0.0000000e+00
   0.0000000e+00
   0.0000000e+00
   0.0000000e+00
   0.0000000e+00
   0.0000000e+00
   0.0000000e+00
   0.0000000e+00
   0.0000000e+00
   0.0000000e+00
   0.0000000e+00
   0.0000000e+00
   0.0000000e+00
   0.0000000e+00
   0.0000000e+00
   0.0000000e+00
   0.0000000e+00
   0.0000000e+00
   0.0000000e+00
   0.0000000e+00
   0.0000000e+00
   0.0000000e+00
  -0.0000000e+00
  -2.2928464e-02
  -5.1435535e-03
  -0.0000000e+00
  -4.6406126e-02
  -1.2639675e-02
  -9.7386632e-03
  -1.0575962e-02
  -1.7162088e-02
  -1.7717903e-02
  -1.6777817e-02
  -6.7175794e-03
   5.4138722e-03
   1.7748734e-02
   2.0862414e-02
   2.3616568e-02
   0.0000000e+00
   0.0000000e+00
   0.0000000e+00
   0.0000000e+00
   0.0000000e+00
   0.0000000e+00
   0.0000000e+00
   0.0000000e+00
   0.0000000e+00
   0.0000000e+00
   0.0000000e+00
   0.0000000e+00
   0.0000000e+00
  -3.3926352e-02
  -3.0181585e-02
  -1.1589300e-02
   3.4896916e-04
   9.7318161e-03
   1.8434856e-02
   2.4485448e-02
   2.1620357e-02
   1.8243938e-02
  -0.0000000e+00
   0.0000000e+00
   0.0000000e+00
   0.0000000e+00
   0.0000000e+00
   0.0000000e+00
   0.0000000e+00
   0.0000000e+00
   0.0000000e+00
   0.0000000e+00
   0.0000000e+00
   0.0000000e+00
   0.0000000e+00
   0.0000000e+00
   0.0000000e+00
   0.0000000e+00
   0.0000000e+00
   0.0000000e+00
   0.0000000e+00
   0.0000000e+00
   0.0000000e+00
   0.0000000e+00
   0.0000000e+00
   0.0000000e+00
   0.0000000e+00
   0.0000000e+00
  -0.0000000e+00
  -1.1764622e-02
   5.0646023e-03
   0.0000000e+00
  -5.1545431e-02
  -2.7254117e-02
  -3.3057377e-02
  -3.7422488e-02
  -4.2422086e-02
  -4.2324341e-02
  -3.4322114e-02
  -1.5037463e-02
   2.3745922e-03
   1.5336547e-02
   2.0248779e-02
   0.0000000e+00
   0.0000000e+00
   0.0000000e+00
   0.0000000e+00
   0.0000000e+00
   0.0000000e+00
   0.0000000e+00
   0.0000000e+00
   0.0000000e+00
  -2.1657484e-02
  -2.1657484e-02
   0.0000000e+00
   0.0000000e+00
   0.0000000e+00
  -5.1321479e-02
  -3.8748048e-02
  -1.8016708e-02
  -6.4368080e-03
   8.0127991e-03
   1.8240677e-02
   2.9964749e-02
   2.6807977e-02
   3.2044900e-02
   0.0000000e+00
  -2.4031470e-03
   1.0189188e-02
   0.0000000e+00
   0.0000000e+00
   0.0000000e+00
   0.0000000e+00
   0.0000000e+00
   0.0000000e+00
   0.0000000e+00
   0.0000000e+00
   0.0000000e+00
   0.0000000e+00
   0.0000000e+00
   0.0000000e+00
   0.0000000e+00
   0.0000000e+00
   0.0000000e+00
   0.0000000e+00
   0.0000000e+00
   0.0000000e+00
   0.0000000e+00
   0.0000000e+00
   0.0000000e+00
   0.0000000e+00
   0.0000000e+00
  -0.0000000e+00
  -0.0000000e+00
   0.0000000e+00
   0.0000000e+00
  -4.7267489e-02
  -3.0487571e-02
  -5.1748388e-02
  -7.5525254e-02
  -6.6283964e-02
  -6.9886384e-02
  -4.8772880e-02
  -0.0000000e+00
   0.0000000e+00
   1.2006391e-02
   1.6965143e-02
   0.0000000e+00
   0.0000000e+00
   0.0000000e+00
   0.0000000e+00
   0.0000000e+00
   0.0000000e+00
   0.0000000e+00
   0.0000000e+00
  -2.6288836e-02
  -2.5798468e-02
  -2.3446857e-02
   0.0000000e+00
   0.0000000e+00
  -5.6823027e-02
  -5.7583246e-02
  -4.5277562e-02
  -3.2077968e-02
  -2.0258274e-02
  -8.5921213e-04
   1.3698690e-02
   2.6215473e-02
   2.5407722e-02
   3.0892958e-02
   0.0000000e+00
   3.4877821e-03
   1.0189189e-02
   0.0000000e+00
  -0.0000000e+00
  -0.0000000e+00
   0.0000000e+00
   0.0000000e+00
   0.0000000e+00
   0.0000000e+00
   0.0000000e+00
   0.0000000e+00
   0.0000000e+00
   0.0000000e+00
   0.0000000e+00
   0.0000000e+00
   0.0000000e+00
   0.0000000e+00
   0.0000000e+00
   0.0000000e+00
   0.0000000e+00
   0.0000000e+00
   0.0000000e+00
   0.0000000e+00
   0.0000000e+00
   0.0000000e+00
   0.0000000e+00
   0.0000000e+00
   0.0000000e+00
   0.0000000e+00
  -0.0000000e+00
  -0.0000000e+00
  -0.0000000e+00
  -8.1433484e-02
  -8.2510056e-02
  -8.4746631e-02
   0.0000000e+00
   0.0000000e+00
   0.0000000e+00
   0.0000000e+00
   0.0000000e+00
   0.0000000e+00
   0.0000000e+00
   0.0000000e+00
   0.0000000e+00
   0.0000000e+00
   0.0000000e+00
   0.0000000e+00
   0.0000000e+00
  -2.9008336e-02
  -2.9487618e-02
  -3.1278899e-02
   0.0000000e+00
  -4.4983482e-02
  -5.7116112e-02
  -3.8451051e-02
  -0.0000000e+00
  -0.0000000e+00
  -4.9505709e-02
  -2.3387462e-02
   4.0338137e-03
   1.3800064e-02
   1.2314435e-02
   1.1910477e-02
   6.6413269e-03
   2.2674295e-02
   0.0000000e+00
   0.0000000e+00
  -0.0000000e+00
  -0.0000000e+00
   0.0000000e+00
   0.0000000e+00
   0.0000000e+00
   0.0000000e+00
   0.0000000e+00
   0.0000000e+00
   0.0000000e+00
   0.0000000e+00
   0.0000000e+00
   0.0000000e+00
   0.0000000e+00
   0.0000000e+00
   0.0000000e+00
   0.0000000e+00
   0.0000000e+00
   0.0000000e+00
   0.0000000e+00
   0.0000000e+00
   0.0000000e+00
   0.0000000e+00
   0.0000000e+00
   0.0000000e+00
   0.0000000e+00
   0.0000000e+00
   0.0000000e+00
   0.0000000e+00
   0.0000000e+00
  -5.7043321e-02
   0.0000000e+00
   0.0000000e+00
   0.0000000e+00
   0.0000000e+00
   0.0000000e+00
   0.0000000e+00
   0.0000000e+00
   0.0000000e+00
   0.0000000e+00
   0.0000000e+00
   0.0000000e+00
   0.0000000e+00
   0.0000000e+00
   0.0000000e+00
   0.0000000e+00
   0.0000000e+00
  -0.0000000e+00
  -3.0051353e-02
   0.0000000e+00
  -7.0408824e-02
  -6.0800046e-02
  -2.1280650e-02
   0.0000000e+00
   0.0000000e+00
  -0.0000000e+00
  -5.6394403e-02
  -1.0222713e-02
   1.0351045e-02
   0.0000000e+00
   8.0320352e-03
   2.3047915e-03
   1.2505276e-02
   2.6003436e-02
   0.0000000e+00
   0.0000000e+00
   0.0000000e+00
   0.0000000e+00
   0.0000000e+00
   0.0000000e+00
   0.0000000e+00
   0.0000000e+00
   0.0000000e+00
   0.0000000e+00
   0.0000000e+00
   0.0000000e+00
   0.0000000e+00
   0.0000000e+00
   0.0000000e+00
   0.0000000e+00
   0.0000000e+00
   0.0000000e+00
   0.0000000e+00
   0.0000000e+00
   0.0000000e+00
   0.0000000e+00
   0.0000000e+00
   0.0000000e+00
   0.0000000e+00
   0.0000000e+00
   0.0000000e+00
  -1.6690133e-02
  -1.6690133e-02
  -8.5608820e-03
  -1.1848324e-02
  -3.5227433e-02
  -6.1838019e-02
   0.0000000e+00
   0.0000000e+00
   0.0000000e+00
   1.1635265e-03
  -3.3742780e-03
  -9.0465332e-03
   0.0000000e+00
   0.0000000e+00
   0.0000000e+00
   0.0000000e+00
   0.0000000e+00
   0.0000000e+00
   0.0000000e+00
   0.0000000e+00
   0.0000000e+00
  -2.1374227e-02
   0.0000000e+00
  -6.3112061e-02
  -4.4746138e-02
  -0.0000000e+00
   0.0000000e+00
   0.0000000e+00
   0.0000000e+00
  -0.0000000e+00
  -0.0000000e+00
  -4.4750670e-02
  -1.7438202e-02
   7.6727377e-03
   1.0098830e-02
   1.6917121e-03
   3.3591678e-03
   8.8006492e-03
   0.0000000e+00
   0.0000000e+00
   0.0000000e+00
  -1.7136220e-02
  -1.6619027e-02
  -1.5006116e-02
   0.0000000e+00
  -1.7014977e-02
  -1.1911326e-02
   0.0000000e+00
   0.0000000e+00
   0.0000000e+00
   0.0000000e+00
   0.0000000e+00
   0.0000000e+00
   0.0000000e+00
   7.7170886e-03
   6.3932707e-03
   2.8912538e-03
   8.2030204e-03
   9.8731709e-03
   8.4949627e-03
   1.2364349e-02
   1.1757472e-02
   8.3688415e-03
   4.0857926e-03
  -8.3845511e-04
  -4.3744696e-03
  -5.9715372e-03
  -7.4359747e-03
  -1.0781134e-02
  -1.6433316e-02
  -2.0231264e-02
  -1.7298784e-02
  -9.6353622e-03
  -4.2817479e-03
  -3.3345859e-03
  -4.1832955e-03
  -4.9572261e-03
  -7.8617705e-03
  -1.3191330e-02
  -1.7478970e-02
  -2.1709097e-02
  -2.4558066e-02
  -2.3213176e-02
   0.0000000e+00
   0.0000000e+00
  -0.0000000e+00
  -4.8057380e-02
  -3.3852666e-02
  -0.0000000e+00
  -0.0000000e+00
   0.0000000e+00
   0.0000000e+00
   0.0000000e+00
   0.0000000e+00
   0.0000000e+00
  -0.0000000e+00
  -4.1424660e-02
  -2.0052385e-02
  -4.5542798e-04
   6.9562956e-03
   5.9512982e-03
   1.2588686e-03
   5.0563079e-03
   7.5188893e-03
   7.8164885e-03
   4.5593818e-03
  -1.0419720e-03
  -6.5605109e-03
  -6.0281026e-03
  -1.0058116e-02
  -1.1368745e-02
  -1.1180008e-02
  -8.9561195e-03
  -2.0137023e-03
   5.2962290e-03
   4.3785705e-03
   0.0000000e+00
