   0.0000000e+00
   0.0000000e+00
   0.0000000e+00
   0.0000000e+00
   0.0000000e+00
   0.0000000e+00
   0.0000000e+00
   0.0000000e+00
   0.0000000e+00
   0.0000000e+00
   0.0000000e+00
   0.0000000e+00
   0.0000000e+00
   0.0000000e+00
   0.0000000e+00
   0.0000000e+00
   0.0000000e+00
   0.0000000e+00
   0.0000000e+00
   0.0000000e+00
   0.0000000e+00
   0.0000000e+00
   0.0000000e+00
   0.0000000e+00
   0.0000000e+00
   0.0000000e+00
   0.0000000e+00
   0.0000000e+00
   0.0000000e+00
   0.0000000e+00
   0.0000000e+00
   0.0000000e+00
   0.0000000e+00
   0.0000000e+00
   0.0000000e+00
   0.0000000e+00
   0.0000000e+00
   0.0000000e+00
   0.0000000e+00
   0.0000000e+00
   0.0000000e+00
   0.0000000e+00
   0.0000000e+00
   0.0000000e+00
   0.0000000e+00
   0.0000000e+00
   0.0000000e+00
   0.0000000e+00
   0.0000000e+00
   0.0000000e+00
   0.0000000e+00
   0.0000000e+00
   0.0000000e+00
   0.0000000e+00
   0.0000000e+00
   0.0000000e+00
   0.0000000e+00
   0.0000000e+00
   0.0000000e+00
   0.0000000e+00
   0.0000000e+00
   0.0000000e+00
   0.0000000e+00
   0.0000000e+00
   0.0000000e+00
   0.0000000e+00
   0.0000000e+00
   0.0000000e+00
   0.0000000e+00
   0.0000000e+00
   0.0000000e+00
   0.0000000e+00
   0.0000000e+00
   0.0000000e+00
   0.0000000e+00
   8.2650540e-02
   6.8053694e-02
   3.3486555e-02
   1.7640670e-02
   1.2401386e-02
   1.2224444e-02
   1.1122001e-02
   8.4421435e-03
  -1.0138026e-03
  -1.4350983e-02
  -2.6892633e-02
   1.7848534e-02
   7.8165525e-03
  -3.0519920e-03
  -5.8138520e-03
  -3.1239593e-03
  -5.9458404e-03
   0.0000000e+00
  -3.2355122e-02
  -3.1026165e-02
  -3.3449021e-02
  -3.8127591e-02
   0.0000000e+00
   0.0000000e+00
   1.4103724e-02
   3.3838962e-03
  -1.4947048e-02
  -1.9511044e-02
  -2.0562134e-02
  -2.6365969e-02
  -4.3074314e-02
  -3.8120093e-02
   0.0000000e+00
   0.0000000e+00
   0.0000000e+00
   0.0000000e+00
   0.0000000e+00
   0.0000000e+00
   0.0000000e+00
   0.0000000e+00
   0.0000000e+00
   0.0000000e+00
   0.0000000e+00
   0.0000000e+00
   0.0000000e+00
   0.0000000e+00
   0.0000000e+00
   0.0000000e+00
   0.0000000e+00
   0.0000000e+00
   0.0000000e+00
   0.0000000e+00
   0.0000000e+00
   0.0000000e+00
   0.0000000e+00
   0.0000000e+00
   0.0000000e+00
   0.0000000e+00
   0.0000000e+00
   0.0000000e+00
   0.0000000e+00
  -7.0559856e-02
  -6.5250600e-02
  -4.4368384e-02
  -3.9347524e-02
  -2.4794451e-02
   9.2783384e-03
   3.2255296e-02
   4.4112705e-02
   4.6563592e-02
   4.7379654e-02
   4.5538180e-02
   4.1009873e-02
   3.7609637e-02
   3.4014978e-02
   2.8733570e-02
   2.2069015e-02
   1.6630437e-02
   1.3200941e-02
   1.2236133e-02
   1.4597805e-02
   2.1028416e-02
   3.9507244e-03
  -4.2483248e-03
  -4.9488381e-03
  -1.2049546e-02
   1.8632384e-02
   0.0000000e+00
  -7.0481763e-03
  -4.0940277e-04
   4.8323851e-03
   4.5107729e-03
   1.2342796e-03
  -2.3269283e-03
  -8.8336058e-03
  -2.3245600e-02
  -3.3641443e-02
  -5.5402537e-02
  -7.8917003e-02
  -1.0115191e-01
  -1.1774359e-01
  -1.0131115e-01
  -1.0540545e-01
  -1.1608617e-01
  -6.4159808e-02
  -7.4091053e-02
  -1.0271105e-01
  -1.1801534e-01
   0.0000000e+00
   0.0000000e+00
  -7.6886761e-02
  -5.8844453e-02
  -5.3475548e-02
  -6.3018629e-02
   0.0000000e+00
   0.0000000e+00
   0.0000000e+00
  -9.2893076e-02
  -9.3039304e-02
  -8.6243778e-02
  -7.6706361e-02
  -7.3192898e-02
  -7.5101588e-02
  -7.1138306e-02
  -4.8255848e-02
  -4.0671281e-02
  -2.7956456e-02
  -9.1335798e-03
   1.2741283e-02
   2.8707072e-02
   4.5503967e-02
   5.8950018e-02
   6.8415746e-02
   7.2677617e-02
   7.2288178e-02
   6.7986954e-02
   6.3240200e-02
   5.8811266e-02
   5.4668672e-02
   5.2040360e-02
   4.9060006e-02
   4.6623449e-02
   4.5324538e-02
   4.2903389e-02
   4.0271446e-02
   3.9969320e-02
   3.9154090e-02
   3.8268442e-02
   3.7444092e-02
   3.3818586e-02
   3.3204024e-02
   4.0408250e-02
   3.1814955e-02
   3.5803234e-02
   3.9404716e-02
   3.7534578e-02
   3.3990566e-02
   3.1293912e-02
   2.6696049e-02
   2.0638367e-02
   1.5354754e-02
   9.2004329e-03
  -6.2971562e-04
  -9.9158498e-03
  -1.9612260e-02
  -2.4795135e-02
  -2.4419766e-02
  -2.6118066e-02
  -3.1011621e-02
  -3.8903332e-02
  -6.0855009e-02
  -5.9951392e-02
  -8.0546464e-02
  -8.8626077e-02
  -7.0383770e-02
  -5.0995182e-02
  -4.2118721e-02
  -4.1717034e-02
  -5.5569659e-02
  -7.4960237e-02
  -8.7794525e-02
  -6.7192973e-03
  -8.5493345e-03
  -6.8425806e-03
  -2.2644326e-03
   2.9306323e-03
   8.7849181e-03
   1.6046191e-02
   2.7571559e-02
   4.1722272e-02
   5.6859925e-02
   6.8600297e-02
   7.7458344e-02
   8.2423657e-02
   8.7492257e-02
   9.3225002e-02
   9.7618274e-02
   9.6548401e-02
   9.2244215e-02
   8.7060839e-02
   8.0950014e-02
   7.5797677e-02
   7.1402147e-02
   6.8217300e-02
   6.5630786e-02
   6.3285746e-02
   6.1141323e-02
   5.9678759e-02
   5.8779139e-02
   5.9077859e-02
   6.0969550e-02
   6.3379548e-02
   6.4721510e-02
   6.4283662e-02
   6.2631033e-02
   6.1513747e-02
   6.1585960e-02
   6.3750818e-02
   6.5142632e-02
   6.5469667e-02
   6.5349877e-02
   6.3329652e-02
   5.9995346e-02
   5.6283344e-02
   5.2531503e-02
   5.0022811e-02
   4.8248962e-02
   4.6799641e-02
   4.5346987e-02
   4.4532645e-02
   4.5047745e-02
   4.6768852e-02
   4.7776848e-02
   4.6905864e-02
   4.2641148e-02
   3.3453170e-02
   1.9898336e-02
   1.1320774e-02
   1.0752161e-02
   1.3089623e-02
   1.3789011e-02
   1.3301789e-02
   9.9114412e-03
   3.5165446e-03
  -2.7199411e-03
   6.0235668e-02
   5.7655070e-02
   5.7446114e-02
   5.9674129e-02
   6.4100046e-02
   7.0545234e-02
   7.7071068e-02
   8.2851008e-02
   8.7452059e-02
   9.3660191e-02
   1.0066234e-01
   1.0562726e-01
   1.0723679e-01
   1.0946067e-01
   1.1270323e-01
   1.1440187e-01
   1.1123628e-01
   1.0476115e-01
   9.8257935e-02
   9.2217304e-02
   8.8264597e-02
   8.4893055e-02
   8.2791594e-02
   8.1589282e-02
   7.9809253e-02
   7.7563837e-02
   7.6726128e-02
   7.6676190e-02
   7.7472751e-02
   7.9774149e-02
   8.3283057e-02
   8.8367164e-02
   9.3631810e-02
   9.6025780e-02
   9.1388678e-02
   8.2256280e-02
   8.1538742e-02
   8.2978018e-02
   8.5239252e-02
   8.9689098e-02
   9.1997301e-02
   9.2154711e-02
   9.1087764e-02
   8.9835718e-02
   8.8855533e-02
   8.9264825e-02
   9.1111971e-02
   9.4093621e-02
   9.6430680e-02
   9.8601840e-02
   1.0116143e-01
   1.0415964e-01
   1.0580876e-01
   1.0564253e-01
   1.0383294e-01
   1.0050453e-01
   9.6113963e-02
   8.9546904e-02
   8.2030689e-02
   7.5143740e-02
   7.2816130e-02
   7.2111472e-02
   6.9282193e-02
   6.4461246e-02
   1.0735175e-01
   1.0475639e-01
   1.0347313e-01
   1.0401491e-01
   1.0573374e-01
   1.0843156e-01
   1.1058481e-01
   1.1170018e-01
   1.1123841e-01
   1.1195563e-01
   1.1415906e-01
   1.1499047e-01
   1.1229891e-01
   1.1181387e-01
   1.1432869e-01
   1.1611582e-01
   1.1356369e-01
   1.0838693e-01
   1.0272463e-01
   9.7936451e-02
   9.5394358e-02
   9.4211712e-02
   9.3808182e-02
   9.4332650e-02
   9.3707658e-02
   9.2475295e-02
   9.1788493e-02
   9.1956101e-02
   9.2414945e-02
   9.4370455e-02
   9.7060442e-02
   1.0276867e-01
   1.1211463e-01
   1.0864412e-01
   1.0675390e-01
   9.6634910e-02
   9.2412986e-02
   9.5962040e-02
   1.0127958e-01
   1.0973333e-01
   1.1512497e-01
   1.1920680e-01
   1.2124147e-01
   1.2304772e-01
   1.2357924e-01
   1.2543468e-01
   1.2874828e-01
   1.3443303e-01
   1.3855180e-01
   1.4208962e-01
   1.4528698e-01
   1.4891979e-01
   1.5060894e-01
   1.5166309e-01
   1.5225346e-01
   1.5289822e-01
   1.5138833e-01
   1.4540556e-01
   1.3631919e-01
   1.2790577e-01
   1.2425044e-01
   1.2128490e-01
   1.1594450e-01
   1.1117237e-01
   1.4898695e-01
   1.4571473e-01
   1.4320329e-01
   1.4046550e-01
   1.3887940e-01
   1.3707310e-01
   1.3422161e-01
   1.2990078e-01
   1.2437777e-01
   1.1871923e-01
   1.1505923e-01
   1.1311549e-01
   1.0511596e-01
   9.9688902e-02
   1.0142582e-01
   1.0419780e-01
   1.0487860e-01
   1.0403220e-01
   1.0205617e-01
   1.0011818e-01
   9.8789282e-02
   9.9445596e-02
   1.0040935e-01
   1.0239308e-01
   1.0242020e-01
   1.0244694e-01
   1.0152662e-01
   1.0185840e-01
   1.0184585e-01
   1.0391144e-01
   1.0419726e-01
   1.0481893e-01
   1.0512884e-01
   0.0000000e+00
   8.2748952e-02
   8.0907620e-02
   8.7065436e-02
   9.8324843e-02
   1.0984765e-01
   1.2192611e-01
   1.3037567e-01
   1.3838924e-01
   1.4410877e-01
   1.4828748e-01
   1.5055636e-01
   1.5378301e-01
   1.5767652e-01
   1.6342066e-01
   1.6776595e-01
   1.7144480e-01
   1.7481178e-01
   1.7719804e-01
   1.7725761e-01
   1.7749372e-01
   1.7926857e-01
   1.8304333e-01
   1.8587624e-01
   1.8293019e-01
   1.7635170e-01
   1.7212135e-01
   1.7088288e-01
   1.6548118e-01
   1.5806465e-01
   1.5221378e-01
   1.8154266e-01
   1.7771998e-01
   1.7362640e-01
   1.6696833e-01
   1.6189479e-01
   1.5470828e-01
   1.4626474e-01
   1.3617034e-01
   1.2499285e-01
   1.1246354e-01
   1.0194200e-01
   1.0060985e-01
   9.4512169e-02
   7.6036371e-02
   7.7179146e-02
   8.2783699e-02
   8.7659767e-02
   9.1589637e-02
   9.4974315e-02
   9.6428454e-02
   9.7884460e-02
   9.8948702e-02
   1.0161002e-01
   1.0283216e-01
   1.0412440e-01
   1.0397714e-01
   1.0429913e-01
   1.0472825e-01
   1.0382790e-01
   1.0559801e-01
   1.0165167e-01
   9.9202558e-02
   9.0602863e-02
   0.0000000e+00
   0.0000000e+00
   5.3843800e-02
   7.0848730e-02
   9.0310894e-02
   1.0583445e-01
   1.2136483e-01
   1.3167583e-01
   1.4450467e-01
   1.5336143e-01
   1.6119018e-01
   1.6559791e-01
   1.6964725e-01
   1.7346280e-01
   1.7706732e-01
   1.8070186e-01
   1.8232496e-01
   1.8466524e-01
   1.8276490e-01
   1.7850965e-01
   1.7480278e-01
   1.7694144e-01
   1.8451017e-01
   1.9237886e-01
   1.9584383e-01
   1.9493135e-01
   2.0175938e-01
   2.0513652e-01
   1.9939581e-01
   1.9067013e-01
   1.8476434e-01
   1.9844912e-01
   1.9356770e-01
   1.8595581e-01
   1.7594420e-01
   1.6540128e-01
   1.5294663e-01
   1.3909441e-01
   1.2683738e-01
   1.1443329e-01
   9.5062440e-02
   8.6060017e-02
   6.9012089e-02
   4.0048176e-02
   4.0356039e-02
   5.3567357e-02
   6.2749665e-02
   7.1432516e-02
   7.7911240e-02
   8.4290653e-02
   8.9345855e-02
   9.1605224e-02
   9.4730517e-02
   9.6001759e-02
   9.8104773e-02
   9.8366119e-02
   9.8663559e-02
   1.0020815e-01
   9.9629423e-02
   1.0031048e-01
   9.8232633e-02
   9.5514134e-02
   9.0083023e-02
   8.0609183e-02
   0.0000000e+00
   0.0000000e+00
   5.0456121e-02
   6.1583258e-02
   8.0733259e-02
   9.6091382e-02
   1.1159547e-01
   1.2403868e-01
   1.3797516e-01
   1.4957662e-01
   1.5830166e-01
   1.6504358e-01
   1.6964843e-01
   1.7259628e-01
   1.7501790e-01
   1.7600287e-01
   1.7552216e-01
   1.7420523e-01
   1.6924056e-01
   1.5957753e-01
   1.5237128e-01
   1.5474331e-01
   1.6505458e-01
   1.7767146e-01
   1.8758615e-01
   1.9533537e-01
   2.1111765e-01
   2.1854544e-01
   2.1212256e-01
   2.0519541e-01
   2.0146003e-01
   1.9970733e-01
   1.9141968e-01
   1.8036935e-01
   1.6491158e-01
   1.5016390e-01
   1.3283932e-01
   1.1753132e-01
   1.0688601e-01
   7.7009461e-02
   7.1490452e-02
   6.6098817e-02
   5.0380199e-02
   3.8951481e-02
   2.9576623e-02
   4.0004958e-02
   5.0360683e-02
   5.7394907e-02
   6.6418223e-02
   7.3693149e-02
   7.9780400e-02
   8.3776504e-02
   8.6264901e-02
   8.7810732e-02
   8.8194504e-02
   8.7994546e-02
   8.8557489e-02
   8.8666566e-02
   8.9624204e-02
   8.9755490e-02
   8.7611169e-02
   8.5346304e-02
   7.9103097e-02
   6.3196456e-02
   0.0000000e+00
   0.0000000e+00
   3.5721243e-02
   4.7013022e-02
   6.6662982e-02
   8.1452005e-02
   9.6608050e-02
   1.1037461e-01
   1.2482052e-01
   1.3701347e-01
   1.4582206e-01
   1.5264304e-01
   1.5717292e-01
   1.5830027e-01
   1.5920892e-01
   1.5721561e-01
   1.5385029e-01
   1.5294564e-01
   1.4778665e-01
   1.3661401e-01
   1.2736940e-01
   1.2947619e-01
   1.4003670e-01
   1.5347584e-01
   1.6900817e-01
   1.8396138e-01
   2.0310831e-01
   2.1187507e-01
   2.0856473e-01
   2.0484318e-01
   2.0389897e-01
   1.8331295e-01
   1.7057548e-01
   1.5586759e-01
   1.3707979e-01
   1.2005608e-01
   1.0379063e-01
   8.9111416e-02
   8.3353675e-02
   5.7896076e-02
   5.5519495e-02
   4.7944161e-02
   4.3435428e-02
   3.8674832e-02
   0.0000000e+00
   3.9103001e-02
   4.3990195e-02
   5.0010822e-02
   5.8436185e-02
   6.5071900e-02
   7.0644878e-02
   7.4282643e-02
   7.6911308e-02
   7.7104849e-02
   7.5901009e-02
   7.5154339e-02
   7.4328274e-02
   7.4368839e-02
   7.5467519e-02
   7.5606827e-02
   7.4809685e-02
   7.2619927e-02
   6.6841088e-02
   5.2775827e-02
   0.0000000e+00
   0.0000000e+00
   2.9934939e-02
   3.6183900e-02
   5.1367376e-02
   6.4466227e-02
   7.7562749e-02
   9.2024324e-02
   1.0752296e-01
   1.1857679e-01
   1.2696111e-01
   1.3215255e-01
   1.3513860e-01
   1.3535445e-01
   1.3293625e-01
   1.2833568e-01
   1.2658709e-01
   1.2653451e-01
   1.2471478e-01
   1.1601959e-01
   1.0727001e-01
   1.0926915e-01
   1.1703955e-01
   1.2931558e-01
   1.4678752e-01
   1.6374324e-01
   1.8208028e-01
   1.9162106e-01
   1.9308683e-01
   1.9223407e-01
   1.9039582e-01
   1.4979095e-01
   1.3616924e-01
   1.1832886e-01
   9.8605005e-02
   8.4916673e-02
   7.0615583e-02
   5.8463471e-02
   0.0000000e+00
   0.0000000e+00
   3.1465281e-02
   3.3290217e-02
   3.5490093e-02
   3.7744585e-02
   0.0000000e+00
   3.8668996e-02
   4.0525881e-02
   4.4417186e-02
   5.0888516e-02
   5.5845901e-02
   6.0254350e-02
   6.3352422e-02
   6.5152614e-02
   6.4565552e-02
   6.2538993e-02
   6.0150419e-02
   5.8395679e-02
   5.8033736e-02
   5.8911300e-02
   6.0188249e-02
   6.0533207e-02
   5.8758400e-02
   5.2402682e-02
   3.6594256e-02
   0.0000000e+00
   0.0000000e+00
   0.0000000e+00
   2.1503041e-02
   3.4676133e-02
   4.5966975e-02
   5.7203603e-02
   7.1743651e-02
   8.7181070e-02
   9.6875950e-02
   1.0372192e-01
   1.0749664e-01
   1.0830332e-01
   1.0657813e-01
   1.0175878e-01
   9.6138638e-02
   9.3120193e-02
   9.3298843e-02
   9.8421426e-02
   9.4559484e-02
   8.7245566e-02
   8.8051333e-02
   9.3530831e-02
   1.0390228e-01
   1.2002245e-01
   1.3629225e-01
   1.5209266e-01
   1.6130713e-01
   1.6503397e-01
   1.6473371e-01
   1.5991814e-01
   1.0449648e-01
   9.2016675e-02
   7.5066350e-02
   5.9384745e-02
   4.7589060e-02
   3.6040880e-02
   3.3908960e-02
   0.0000000e+00
   0.0000000e+00
   2.3339752e-02
   2.1765351e-02
   2.3625921e-02
   2.5965254e-02
   0.0000000e+00
   3.1905189e-02
   3.2938346e-02
   3.5307039e-02
   3.9781816e-02
   4.3437585e-02
   4.6885431e-02
   4.9157534e-02
   4.9693964e-02
   4.8398443e-02
   4.5679338e-02
   4.2664785e-02
   4.0300291e-02
   3.9855663e-02
   4.1274846e-02
   4.3604616e-02
   4.4781379e-02
   4.2710278e-02
   3.6101148e-02
   2.3616987e-02
   0.0000000e+00
   0.0000000e+00
   0.0000000e+00
   1.1032516e-02
   1.5125232e-02
   2.6455509e-02
   3.6329869e-02
   4.9660683e-02
   6.2956132e-02
   7.0878915e-02
   7.6021962e-02
   7.8148060e-02
   7.7625215e-02
   7.3892310e-02
   6.6341355e-02
   5.7403479e-02
   5.3321421e-02
   6.2188551e-02
   7.0840821e-02
   6.1787955e-02
   5.3882271e-02
   5.3905152e-02
   5.8203265e-02
   6.8296485e-02
   8.2808457e-02
   9.6329272e-02
   1.0905354e-01
   1.1656255e-01
   1.1982305e-01
   1.1916180e-01
   1.1393748e-01
   6.3904408e-02
   5.1236294e-02
   5.4155510e-02
   0.0000000e+00
   2.9971322e-02
   1.1438503e-02
   0.0000000e+00
   0.0000000e+00
   0.0000000e+00
   1.3854019e-02
   1.2619614e-02
   1.3082592e-02
   1.5061419e-02
   1.7860637e-02
   2.2308408e-02
   2.3202538e-02
   2.4123547e-02
   2.6864454e-02
   2.9391207e-02
   3.1670354e-02
   3.3176409e-02
   3.3083290e-02
   3.1327935e-02
   2.8684411e-02
   2.6046324e-02
   2.4451256e-02
   2.4662090e-02
   2.6151139e-02
   2.8339041e-02
   2.9252354e-02
   2.7049862e-02
   2.0628337e-02
   1.0664994e-02
   0.0000000e+00
   0.0000000e+00
   0.0000000e+00
   0.0000000e+00
   4.8794557e-03
   9.1289986e-03
   1.9188847e-02
   3.0992737e-02
   4.1338727e-02
   4.7408587e-02
   5.1313825e-02
   5.2248772e-02
   5.0175220e-02
   4.4490627e-02
   3.4057949e-02
   2.2223103e-02
   0.0000000e+00
   0.0000000e+00
   3.0203267e-02
   2.6493722e-02
   2.3884319e-02
   2.4524139e-02
   2.8963100e-02
   3.9104732e-02
   5.0821155e-02
   6.0091190e-02
   6.8763927e-02
   7.4047540e-02
   7.6804757e-02
   7.6380779e-02
   7.1915857e-02
   2.7639480e-02
   1.6701393e-02
   1.2814525e-02
   0.0000000e+00
   0.0000000e+00
   0.0000000e+00
   0.0000000e+00
   0.0000000e+00
   0.0000000e+00
   4.2259287e-03
   3.3513361e-03
   3.1140244e-03
   4.6241274e-03
   7.5929542e-03
   9.7830351e-03
   1.0250960e-02
   1.0329383e-02
   1.1869576e-02
   1.3502195e-02
   1.4809263e-02
   1.5658380e-02
   1.5335469e-02
   1.3824861e-02
   1.1693379e-02
   9.8719094e-03
   9.3663801e-03
   1.0302659e-02
   1.2015458e-02
   1.3820403e-02
   1.4041217e-02
   1.1630028e-02
   6.6242446e-03
   1.0054271e-03
   0.0000000e+00
   0.0000000e+00
   0.0000000e+00
   0.0000000e+00
  -1.0887677e-02
  -7.1980758e-03
   3.9713015e-03
   1.4829220e-02
   2.2894138e-02
   2.7170353e-02
   2.9486768e-02
   2.8931655e-02
   2.5129635e-02
   1.7560447e-02
   4.8525892e-03
  -5.0429797e-03
   0.0000000e+00
   0.0000000e+00
   0.0000000e+00
   5.0269724e-03
   3.8691727e-04
   2.0014180e-04
   4.7089485e-03
   1.3560598e-02
   2.2132171e-02
   2.7712835e-02
   3.3328727e-02
   3.7090018e-02
   3.9149642e-02
   3.8605548e-02
   3.4810364e-02
  -3.1954479e-03
  -9.5435344e-03
  -1.0452970e-02
   0.0000000e+00
   0.0000000e+00
   0.0000000e+00
   0.0000000e+00
   0.0000000e+00
   0.0000000e+00
  -3.5120646e-03
  -5.4948291e-03
  -6.8293610e-03
  -6.1402490e-03
  -4.7121397e-03
  -4.1003464e-03
  -4.6514357e-03
  -5.2365701e-03
  -4.5408634e-03
  -3.3923519e-03
  -2.5599007e-03
  -2.1454675e-03
  -2.2929695e-03
  -3.1360021e-03
  -4.2599114e-03
  -4.7943679e-03
  -3.9290413e-03
  -2.1913412e-03
  -4.1272736e-04
   6.2707135e-04
  -1.4777551e-04
  -2.7482776e-03
  -5.7767285e-03
  -5.5162494e-03
   0.0000000e+00
   0.0000000e+00
   0.0000000e+00
   0.0000000e+00
  -2.1968447e-02
  -2.0380364e-02
  -9.1016637e-03
   1.5227907e-03
   7.5791464e-03
   1.0065937e-02
   1.0660780e-02
   8.5946535e-03
   3.1557253e-03
  -5.7988551e-03
  -1.7790373e-02
  -1.8836823e-02
   0.0000000e+00
   0.0000000e+00
   0.0000000e+00
  -1.2537913e-02
  -1.7294407e-02
  -1.7735282e-02
  -1.2782881e-02
  -7.0252787e-03
  -1.7811272e-03
   9.6930377e-04
   4.3124002e-03
   6.7189835e-03
   7.7027949e-03
   6.5816517e-03
   2.9375697e-03
  -2.8055357e-02
  -2.8121237e-02
  -2.5791493e-02
   0.0000000e+00
   0.0000000e+00
   0.0000000e+00
   0.0000000e+00
   0.0000000e+00
   0.0000000e+00
  -1.1236463e-02
  -1.4672145e-02
  -1.7241232e-02
  -1.7356128e-02
  -1.7141709e-02
  -1.8044461e-02
  -1.9851863e-02
  -2.0996409e-02
  -2.0862274e-02
  -1.9843318e-02
  -1.9104611e-02
  -1.8787067e-02
  -1.8352145e-02
  -1.8158132e-02
  -1.7752767e-02
  -1.6669299e-02
  -1.4508979e-02
  -1.2300352e-02
  -1.0973542e-02
  -1.1200206e-02
  -1.3226053e-02
  -1.5934441e-02
  -1.6267132e-02
  -8.1280420e-03
   1.6516324e-03
   0.0000000e+00
   0.0000000e+00
   0.0000000e+00
  -2.7752228e-02
  -2.9516506e-02
  -1.9514581e-02
  -8.9735603e-03
  -4.8877420e-03
  -4.2509008e-03
  -5.4044155e-03
  -8.9660548e-03
  -1.5884165e-02
  -2.5810201e-02
  -3.5368208e-02
  -2.5618057e-02
   0.0000000e+00
   0.0000000e+00
   0.0000000e+00
  -2.1840290e-02
  -2.7793845e-02
  -2.7154156e-02
  -2.4321005e-02
  -2.2822451e-02
  -2.0880524e-02
  -2.0346344e-02
  -1.8891716e-02
  -1.7903117e-02
  -1.8234901e-02
  -2.0126384e-02
  -2.3738954e-02
  -4.6974018e-02
  -4.0351924e-02
  -3.5202744e-02
   0.0000000e+00
   0.0000000e+00
   0.0000000e+00
   0.0000000e+00
   0.0000000e+00
   0.0000000e+00
  -2.0859068e-02
  -2.4838867e-02
  -2.8293001e-02
  -2.9086662e-02
  -2.9705176e-02
  -3.1604227e-02
  -3.4088016e-02
  -3.5656851e-02
  -3.5848781e-02
  -3.4727357e-02
  -3.3874221e-02
  -3.3254113e-02
  -3.1854812e-02
  -3.0263886e-02
  -2.7850343e-02
  -2.4997141e-02
  -2.1938931e-02
  -1.9938951e-02
  -1.9798538e-02
  -2.1810729e-02
  -2.5282403e-02
  -2.7971609e-02
  -2.4718279e-02
  -6.8645827e-03
   1.5437519e-03
   0.0000000e+00
   0.0000000e+00
   0.0000000e+00
   0.0000000e+00
  -3.5909296e-02
  -2.7010942e-02
  -1.6934393e-02
  -1.4889976e-02
  -1.6191322e-02
  -1.9076785e-02
  -2.4133196e-02
  -3.2350186e-02
  -4.2954769e-02
  -4.9886771e-02
  -4.7943572e-02
   0.0000000e+00
   0.0000000e+00
   0.0000000e+00
  -0.0000000e+00
  -3.2428103e-02
  -0.0000000e+00
  -3.1293105e-02
  -3.4511626e-02
  -3.5669938e-02
  -3.7020493e-02
  -3.7367325e-02
  -3.7928857e-02
  -3.9643995e-02
  -4.2242534e-02
  -4.5506608e-02
  -6.3234227e-02
  -4.8362111e-02
  -3.9558493e-02
   0.0000000e+00
   0.0000000e+00
   0.0000000e+00
   0.0000000e+00
   0.0000000e+00
   0.0000000e+00
  -3.3123672e-02
  -3.7769831e-02
  -4.0715149e-02
  -4.2227330e-02
  -4.3468762e-02
  -4.5352941e-02
  -4.7799064e-02
  -4.9397519e-02
  -5.0043023e-02
  -4.9298071e-02
  -4.7833263e-02
  -4.5992210e-02
  -4.2806960e-02
  -3.8925189e-02
  -3.3905843e-02
  -2.9749476e-02
  -2.7168692e-02
  -2.7329542e-02
  -3.0307561e-02
  -3.4719302e-02
  -3.9360306e-02
  -4.1119062e-02
  -3.3841264e-02
  -1.2217905e-02
  -2.8840866e-03
   0.0000000e+00
   0.0000000e+00
   0.0000000e+00
   0.0000000e+00
  -3.8597717e-02
  -3.2704514e-02
  -2.5022463e-02
  -2.5893911e-02
  -2.9624443e-02
  -3.4878141e-02
  -4.1451198e-02
  -5.0084277e-02
  -5.8947509e-02
  -5.7690243e-02
  -5.0999957e-02
   0.0000000e+00
   0.0000000e+00
   0.0000000e+00
  -0.0000000e+00
  -3.0441983e-02
  -0.0000000e+00
  -3.5955494e-02
  -4.5514829e-02
  -4.9410471e-02
  -5.2719213e-02
  -5.5298942e-02
  -5.8003801e-02
  -6.1489666e-02
  -6.4597100e-02
  -6.6321514e-02
  -7.0375464e-02
  -4.9764693e-02
  -3.9225569e-02
   0.0000000e+00
   0.0000000e+00
   0.0000000e+00
   0.0000000e+00
   0.0000000e+00
   0.0000000e+00
  -4.0531444e-02
  -4.4218319e-02
  -4.6514176e-02
  -4.8370099e-02
  -4.9916491e-02
  -5.1486762e-02
  -5.3410754e-02
  -5.4832515e-02
  -5.5559579e-02
  -5.4888328e-02
  -5.2622516e-02
  -4.9445061e-02
  -4.4858918e-02
  -3.9534084e-02
  -3.3672452e-02
  -3.0171560e-02
  -2.9835805e-02
  -3.2951914e-02
  -3.8354293e-02
  -4.3700407e-02
  -4.8359502e-02
  -4.9397571e-02
  -4.1127630e-02
  -1.8812073e-02
  -4.5648236e-03
   0.0000000e+00
   0.0000000e+00
   0.0000000e+00
   0.0000000e+00
  -0.0000000e+00
  -3.0508243e-02
  -3.1033143e-02
  -3.4752537e-02
  -3.9854328e-02
  -4.6095703e-02
  -5.2633942e-02
  -5.9751116e-02
  -6.4426727e-02
  -5.5525191e-02
  -4.6269221e-02
   0.0000000e+00
   0.0000000e+00
   0.0000000e+00
  -0.0000000e+00
  -2.8675301e-02
  -0.0000000e+00
  -4.0468510e-02
  -5.1387207e-02
  -5.7183404e-02
  -6.1919272e-02
  -6.6128388e-02
  -7.0238843e-02
  -7.4511677e-02
  -7.7344095e-02
  -7.7394128e-02
  -7.3126562e-02
  -4.8417263e-02
  -2.5409296e-02
   0.0000000e+00
   0.0000000e+00
   0.0000000e+00
   0.0000000e+00
   0.0000000e+00
  -4.6923753e-02
  -4.6924273e-02
  -4.8226710e-02
  -4.9547911e-02
  -5.1278707e-02
  -5.2880190e-02
  -5.4153122e-02
  -5.5470109e-02
  -5.6521229e-02
  -5.6964949e-02
  -5.5977792e-02
  -5.2890457e-02
  -4.8592005e-02
  -4.2902056e-02
  -3.7141334e-02
  -3.2002352e-02
  -3.0570397e-02
  -3.3270173e-02
  -3.8778670e-02
  -4.5684904e-02
  -5.1408164e-02
  -5.5790033e-02
  -5.6142386e-02
  -4.8433024e-02
  -2.7638980e-02
  -5.1374768e-03
   0.0000000e+00
   0.0000000e+00
   0.0000000e+00
   0.0000000e+00
   0.0000000e+00
  -3.0808741e-02
  -3.7539918e-02
  -4.3780327e-02
  -4.9700417e-02
  -5.5970550e-02
  -6.1466090e-02
  -6.5730684e-02
  -6.4386636e-02
  -4.6200033e-02
  -3.4427345e-02
   0.0000000e+00
   0.0000000e+00
   0.0000000e+00
  -0.0000000e+00
  -2.8073366e-02
  -0.0000000e+00
  -4.3593143e-02
  -5.5771310e-02
  -6.3998386e-02
  -6.9878846e-02
  -7.5044349e-02
  -7.9786077e-02
  -8.4405884e-02
  -8.6567789e-02
  -8.4180959e-02
  -7.2308010e-02
  -4.4794358e-02
  -1.9622629e-02
   3.2332850e-03
   0.0000000e+00
   0.0000000e+00
   0.0000000e+00
   0.0000000e+00
  -5.4001388e-02
  -4.9409203e-02
  -5.0159717e-02
  -5.0283544e-02
  -5.1515122e-02
  -5.2958444e-02
  -5.3954807e-02
  -5.4647088e-02
  -5.5216127e-02
  -5.5158377e-02
  -5.3597250e-02
  -4.9743325e-02
  -4.4623511e-02
  -3.8289797e-02
  -3.2973412e-02
  -2.9813804e-02
  -3.1426333e-02
  -3.7451431e-02
  -4.4820233e-02
  -5.2501112e-02
  -5.8152620e-02
  -6.2011376e-02
  -6.1728045e-02
  -5.4617792e-02
  -3.7248034e-02
   0.0000000e+00
   0.0000000e+00
   0.0000000e+00
   0.0000000e+00
   0.0000000e+00
   0.0000000e+00
  -3.3660354e-02
  -4.4150969e-02
  -5.2788787e-02
  -5.9148610e-02
  -6.4667903e-02
  -6.8303562e-02
  -6.8744123e-02
  -6.0560387e-02
  -3.3525757e-02
  -2.0018048e-02
   0.0000000e+00
   0.0000000e+00
   0.0000000e+00
   0.0000000e+00
   0.0000000e+00
   0.0000000e+00
  -4.9288408e-02
  -5.9647128e-02
  -7.0077412e-02
  -7.6679347e-02
  -8.2235150e-02
  -8.7034044e-02
  -9.1510758e-02
  -9.2560578e-02
  -8.7249815e-02
  -6.3606762e-02
  -3.5180983e-02
  -1.0028339e-02
   3.2332848e-03
   0.0000000e+00
   0.0000000e+00
   0.0000000e+00
   0.0000000e+00
  -6.1238344e-02
  -5.1823339e-02
  -4.7802905e-02
  -4.6091385e-02
  -4.5915483e-02
  -4.6663052e-02
  -4.7381884e-02
  -4.7438858e-02
  -4.7332789e-02
  -4.6466914e-02
  -4.3846356e-02
  -3.9409769e-02
  -3.4362015e-02
  -2.9021084e-02
  -2.6386502e-02
  -2.8368467e-02
  -3.5272989e-02
  -4.4800471e-02
  -5.3098784e-02
  -6.0264402e-02
  -6.4876984e-02
  -6.7524807e-02
  -6.6626564e-02
  -5.5771035e-02
  -4.7645488e-02
   0.0000000e+00
   0.0000000e+00
   0.0000000e+00
   0.0000000e+00
   0.0000000e+00
   0.0000000e+00
  -3.6332929e-02
  -5.1609277e-02
  -6.3543952e-02
  -6.9912704e-02
  -7.2808897e-02
  -7.2347991e-02
  -6.6301529e-02
  -5.0221447e-02
  -1.9578683e-02
  -8.3363851e-03
   0.0000000e+00
   0.0000000e+00
   0.0000000e+00
   0.0000000e+00
   0.0000000e+00
   0.0000000e+00
  -5.8131595e-02
  -6.6082766e-02
  -7.6339860e-02
  -8.2220622e-02
  -8.6982992e-02
  -9.0829125e-02
  -9.3576417e-02
  -9.1823204e-02
  -8.2269010e-02
  -4.9645613e-02
  -2.3333289e-02
  -2.1974152e-03
   6.8779760e-03
   6.8557562e-03
   0.0000000e+00
   0.0000000e+00
   0.0000000e+00
  -5.7391867e-02
  -4.5182236e-02
  -4.0157790e-02
  -3.6276553e-02
  -3.4692141e-02
  -3.4856565e-02
  -3.5689639e-02
  -3.6285169e-02
  -3.6254125e-02
  -3.5037104e-02
  -3.2233948e-02
  -2.8349236e-02
  -2.4857601e-02
  -2.2599978e-02
  -2.4350596e-02
  -3.1351048e-02
  -4.1261657e-02
  -5.1725112e-02
  -5.9443552e-02
  -6.5216020e-02
  -6.8293166e-02
  -6.9029242e-02
  -6.4687502e-02
  -4.3926541e-02
  -3.1641531e-02
   0.0000000e+00
   0.0000000e+00
   0.0000000e+00
   0.0000000e+00
   0.0000000e+00
   0.0000000e+00
  -4.2133339e-02
  -5.5121049e-02
  -6.8804897e-02
  -7.4010675e-02
  -7.3583387e-02
  -6.9174346e-02
  -5.8728740e-02
  -4.0234658e-02
  -1.4284045e-02
  -6.3608430e-03
   0.0000000e+00
   0.0000000e+00
   0.0000000e+00
   0.0000000e+00
  -8.0715495e-03
  -8.0715495e-03
  -6.1686888e-02
  -6.8677981e-02
  -7.7286243e-02
  -8.1534093e-02
  -8.4031977e-02
  -8.5143020e-02
  -8.4941171e-02
  -8.0877450e-02
  -6.9024719e-02
  -3.6899868e-02
  -1.3848083e-02
   1.9673170e-03
   5.2142348e-03
  -5.7609671e-04
   0.0000000e+00
  -6.4233351e-02
  -6.6309334e-02
  -5.3867203e-02
  -3.6946386e-02
  -3.2399476e-02
  -2.7188428e-02
  -2.4830835e-02
  -2.4823265e-02
  -2.6005685e-02
  -2.7125668e-02
  -2.7279289e-02
  -2.6131205e-02
  -2.3824781e-02
  -2.1153575e-02
  -1.9737078e-02
  -2.0734381e-02
  -2.5845272e-02
  -3.5545722e-02
  -4.6334248e-02
  -5.6529775e-02
  -6.3342936e-02
  -6.7609377e-02
  -6.8878725e-02
  -6.7060076e-02
  -5.9137106e-02
  -3.5086211e-02
  -2.2623671e-02
   0.0000000e+00
   0.0000000e+00
   0.0000000e+00
   0.0000000e+00
   0.0000000e+00
   0.0000000e+00
  -4.3748354e-02
  -5.6027680e-02
  -7.0455723e-02
  -7.4090078e-02
  -7.1121007e-02
  -6.4097933e-02
  -5.1391043e-02
  -3.2715805e-02
  -1.0829834e-02
  -5.2335237e-03
   0.0000000e+00
   0.0000000e+00
   0.0000000e+00
   0.0000000e+00
  -1.8754796e-02
  -3.9250207e-02
  -6.6148751e-02
  -6.8744741e-02
  -7.4973367e-02
  -7.7644885e-02
  -7.7906676e-02
  -7.6502122e-02
  -7.3891252e-02
  -6.8407565e-02
  -5.5734780e-02
  -2.3849058e-02
  -5.2426409e-03
   4.5805991e-03
   1.6375354e-03
  -4.2554155e-03
  -3.8193478e-02
  -6.2151416e-02
  -6.6309332e-02
  -5.1071986e-02
  -2.7726311e-02
  -2.4266904e-02
  -1.8176960e-02
  -1.5383912e-02
  -1.5385225e-02
  -1.6961503e-02
  -1.8542293e-02
  -1.8914583e-02
  -1.8050328e-02
  -1.6607205e-02
  -1.5563813e-02
  -1.6571351e-02
  -2.0990090e-02
  -2.9046764e-02
  -4.0443130e-02
  -5.1163464e-02
  -6.0495649e-02
  -6.6141401e-02
  -6.8706997e-02
  -6.7911920e-02
  -6.3107409e-02
  -5.1572359e-02
  -2.7583185e-02
  -1.6478615e-02
   0.0000000e+00
   0.0000000e+00
   0.0000000e+00
   0.0000000e+00
   0.0000000e+00
   0.0000000e+00
   0.0000000e+00
  -5.5842829e-02
  -7.0378572e-02
  -7.2227311e-02
  -6.6941068e-02
  -5.7767179e-02
  -4.3652285e-02
  -2.5823885e-02
  -7.8899162e-03
  -4.2439032e-03
   0.0000000e+00
   0.0000000e+00
   0.0000000e+00
   0.0000000e+00
  -3.3536598e-02
  -4.8805378e-02
  -6.7839444e-02
  -6.7362603e-02
  -7.0767939e-02
  -7.1729642e-02
  -6.9643281e-02
  -6.5726150e-02
  -6.0821623e-02
  -5.4214160e-02
  -4.1390680e-02
  -5.2642827e-03
   2.8968901e-03
  -4.3587520e-03
  -7.9400259e-03
  -2.1641015e-02
  -3.8193475e-02
  -4.4846643e-02
   0.0000000e+00
  -1.7484469e-02
  -1.7472462e-02
  -1.5137966e-02
  -1.0688051e-02
  -9.1880904e-03
  -9.5527414e-03
  -1.0565687e-02
  -1.1420765e-02
  -1.1760610e-02
  -1.1881549e-02
  -1.2528148e-02
  -1.4811977e-02
  -1.9349839e-02
  -2.6982316e-02
  -3.6103715e-02
  -4.6521359e-02
  -5.5191272e-02
  -6.2007021e-02
  -6.4902421e-02
  -6.4231842e-02
  -6.0026682e-02
  -5.0874925e-02
  -3.8017575e-02
  -2.6473823e-02
   0.0000000e+00
   0.0000000e+00
   0.0000000e+00
   0.0000000e+00
   0.0000000e+00
   0.0000000e+00
   0.0000000e+00
   0.0000000e+00
  -5.4818383e-02
  -6.4930528e-02
  -6.5032918e-02
  -5.7423563e-02
  -4.6414704e-02
  -3.2102503e-02
  -1.7357116e-02
  -3.3560175e-03
  -7.1944318e-04
   0.0000000e+00
   0.0000000e+00
   0.0000000e+00
   0.0000000e+00
  -4.0036430e-02
  -5.2496676e-02
  -6.1390632e-02
  -5.9072055e-02
  -5.8550606e-02
  -5.6206502e-02
  -5.1038820e-02
  -4.4631758e-02
  -3.7155893e-02
  -2.9258698e-02
  -1.7962167e-02
  -5.7520268e-04
   2.8968900e-03
  -4.2386184e-03
  -7.6952213e-03
  -2.0420944e-02
  -3.3076376e-02
  -3.4835738e-02
   0.0000000e+00
  -1.5120723e-02
  -1.5935041e-02
  -1.6107665e-02
  -1.4568218e-02
  -1.4773074e-02
  -1.5549567e-02
  -1.6089998e-02
  -1.6287979e-02
  -1.6436027e-02
  -1.6864477e-02
  -1.8135117e-02
  -2.1070162e-02
  -2.5666008e-02
  -3.2352999e-02
  -3.9587818e-02
  -4.7387071e-02
  -5.3465076e-02
  -5.7599254e-02
  -5.8146711e-02
  -5.5378232e-02
  -4.9459357e-02
  -3.8947813e-02
  -2.5521941e-02
  -1.3405559e-02
   0.0000000e+00
   0.0000000e+00
   0.0000000e+00
   0.0000000e+00
   0.0000000e+00
   0.0000000e+00
   0.0000000e+00
   0.0000000e+00
  -5.0163461e-02
  -5.8383763e-02
  -5.6425147e-02
  -4.8659347e-02
  -3.7560131e-02
  -2.4138357e-02
  -1.1540874e-02
   1.7533492e-03
   6.2205581e-03
   0.0000000e+00
   0.0000000e+00
   0.0000000e+00
   0.0000000e+00
  -3.9523724e-02
  -4.7613233e-02
  -5.1325772e-02
  -4.8445851e-02
  -4.5999676e-02
  -4.1721556e-02
  -3.4886692e-02
  -2.7320433e-02
  -1.8904254e-02
  -1.1339367e-02
  -2.1538080e-03
   9.4995614e-03
   0.0000000e+00
  -4.1812594e-03
  -7.5783380e-03
  -1.7328176e-02
  -2.7029600e-02
  -3.0055954e-02
   0.0000000e+00
  -2.1284510e-02
  -1.7927442e-02
  -2.0102786e-02
  -2.1120712e-02
  -2.2659125e-02
  -2.3807805e-02
  -2.4077523e-02
  -2.3864001e-02
  -2.3792528e-02
  -2.4150614e-02
  -2.5347698e-02
  -2.7920019e-02
  -3.1607319e-02
  -3.6499713e-02
  -4.1437436e-02
  -4.6558626e-02
  -5.0300866e-02
  -5.2260540e-02
  -5.1133953e-02
  -4.6978857e-02
  -4.0112972e-02
  -2.9060585e-02
  -1.5380443e-02
  -3.8049861e-03
   0.0000000e+00
   0.0000000e+00
   0.0000000e+00
   0.0000000e+00
   0.0000000e+00
   0.0000000e+00
   0.0000000e+00
   0.0000000e+00
  -4.6521760e-02
  -5.0628357e-02
  -4.7443539e-02
  -4.0024653e-02
  -2.9377811e-02
  -1.7012222e-02
  -6.4716428e-03
   4.1182856e-03
   9.5341138e-03
   0.0000000e+00
   0.0000000e+00
   0.0000000e+00
   0.0000000e+00
  -3.8417906e-02
  -4.2243160e-02
  -4.1497804e-02
  -3.8349122e-02
  -3.4604207e-02
  -2.8972344e-02
  -2.0961339e-02
  -1.2469091e-02
  -3.4999107e-03
   3.1033633e-03
   7.5571682e-03
   0.0000000e+00
   0.0000000e+00
   0.0000000e+00
   0.0000000e+00
  -9.3873616e-03
  -1.1070337e-02
   0.0000000e+00
   0.0000000e+00
  -2.3847682e-02
  -2.4635618e-02
  -2.8793257e-02
  -3.2684309e-02
  -3.5501105e-02
  -3.7081707e-02
  -3.7240446e-02
  -3.6786385e-02
  -3.6400101e-02
  -3.6223822e-02
  -3.6506837e-02
  -3.7421705e-02
  -3.8805497e-02
  -4.0393157e-02
  -4.1895334e-02
  -4.3503336e-02
  -4.4543462e-02
  -4.4303106e-02
  -4.1815923e-02
  -3.6713680e-02
  -2.9530920e-02
  -1.8745235e-02
  -5.1073674e-03
   4.4645115e-03
   0.0000000e+00
   0.0000000e+00
   0.0000000e+00
   0.0000000e+00
   0.0000000e+00
   0.0000000e+00
   0.0000000e+00
   0.0000000e+00
  -4.3030039e-02
  -3.9237655e-02
  -3.5457058e-02
  -2.9075460e-02
  -1.9647804e-02
  -8.8348388e-03
  -8.3184756e-04
   3.7880375e-03
   0.0000000e+00
   0.0000000e+00
   0.0000000e+00
   0.0000000e+00
   0.0000000e+00
  -3.6299428e-02
  -3.4767371e-02
  -2.9140602e-02
  -2.5990078e-02
  -2.1310799e-02
  -1.4620160e-02
  -5.6738731e-03
   3.7349345e-03
   1.2960091e-02
   1.7587789e-02
   1.7137197e-02
   0.0000000e+00
   0.0000000e+00
   0.0000000e+00
   0.0000000e+00
  -5.1474169e-03
  -5.7707994e-03
   0.0000000e+00
  -3.2578742e-02
  -3.3509141e-02
  -3.4553334e-02
  -3.9034180e-02
  -4.3390475e-02
  -4.5960959e-02
  -4.7350124e-02
  -4.7451638e-02
  -4.6894126e-02
  -4.5992620e-02
  -4.4664327e-02
  -4.3251973e-02
  -4.1701119e-02
  -4.0533591e-02
  -3.9459549e-02
  -3.8689896e-02
  -3.8108811e-02
  -3.7516799e-02
  -3.6272325e-02
  -3.3689700e-02
  -2.8942157e-02
  -2.2166330e-02
  -1.2060016e-02
  -1.2564089e-04
   8.1738740e-03
   0.0000000e+00
   0.0000000e+00
   0.0000000e+00
   0.0000000e+00
   0.0000000e+00
   0.0000000e+00
  -6.1175810e-02
  -5.6705135e-02
  -3.5729353e-02
  -2.4894595e-02
  -2.1965344e-02
  -1.6831070e-02
  -8.6584855e-03
   1.0069731e-03
   6.1443695e-03
   7.1883533e-03
   0.0000000e+00
   0.0000000e+00
   0.0000000e+00
   0.0000000e+00
   0.0000000e+00
  -0.0000000e+00
  -2.7262315e-02
  -1.8875994e-02
  -1.5398758e-02
  -1.0176931e-02
  -2.8013876e-03
   6.6743484e-03
   1.6702825e-02
   2.5975566e-02
   2.7664734e-02
   2.2616009e-02
   0.0000000e+00
   1.7942230e-04
   0.0000000e+00
  -2.2388326e-03
  -7.4032300e-03
  -1.4606371e-02
  -3.4763929e-02
  -3.8370633e-02
  -3.7598605e-02
  -3.8312558e-02
  -4.2115452e-02
  -4.5759991e-02
  -4.7997514e-02
  -4.9318969e-02
  -4.9581153e-02
  -4.9227241e-02
  -4.8368508e-02
  -4.6966806e-02
  -4.5280969e-02
  -4.3267928e-02
  -4.1577092e-02
  -3.9779928e-02
  -3.8148771e-02
  -3.6554478e-02
  -3.5062823e-02
  -3.3054162e-02
  -3.0066017e-02
  -2.5234735e-02
  -1.8976874e-02
  -1.0627435e-02
  -1.1642182e-03
   6.3054745e-03
   0.0000000e+00
   0.0000000e+00
   0.0000000e+00
   0.0000000e+00
   0.0000000e+00
  -5.6823901e-02
  -5.4781910e-02
  -4.8986770e-02
  -2.8869774e-02
  -1.7809024e-02
  -1.3960474e-02
  -8.2602166e-03
   1.0441465e-04
   8.8426154e-03
   1.1921488e-02
   9.8234157e-03
   0.0000000e+00
   0.0000000e+00
   0.0000000e+00
   0.0000000e+00
   0.0000000e+00
   0.0000000e+00
  -2.4389226e-02
  -1.3762153e-02
  -9.5474019e-03
  -4.5080851e-03
   2.8607404e-03
   1.2259181e-02
   2.2365133e-02
   3.1372439e-02
   3.0926749e-02
   2.2379996e-02
   0.0000000e+00
   4.7760140e-04
   0.0000000e+00
  -2.7710017e-03
  -1.0220303e-02
  -2.0753207e-02
  -3.5232019e-02
  -4.1284483e-02
  -4.1290682e-02
  -4.1772895e-02
  -4.5005385e-02
  -4.7991671e-02
  -4.9951442e-02
  -5.1163159e-02
  -5.1486764e-02
  -5.1217653e-02
  -5.0331790e-02
  -4.8863988e-02
  -4.7002681e-02
  -4.4722695e-02
  -4.2715948e-02
  -4.0398043e-02
  -3.8026664e-02
  -3.5446726e-02
  -3.2981317e-02
  -3.0057395e-02
  -2.6567668e-02
  -2.1760589e-02
  -1.6443998e-02
  -1.0579810e-02
  -3.9741569e-03
   3.5428388e-03
   9.8845379e-03
   0.0000000e+00
   0.0000000e+00
   0.0000000e+00
   0.0000000e+00
  -5.6564662e-02
  -5.3746264e-02
  -4.0572263e-02
  -2.2063088e-02
  -1.1452107e-02
  -6.2654153e-03
   2.5270914e-04
   7.7897488e-03
   1.6232525e-02
   1.8130638e-02
   1.2063037e-02
   0.0000000e+00
   0.0000000e+00
   0.0000000e+00
   0.0000000e+00
   0.0000000e+00
   0.0000000e+00
  -0.0000000e+00
  -8.7031247e-03
  -3.8726972e-03
   5.9319660e-04
   7.7898931e-03
   1.7062979e-02
   2.7299900e-02
   3.5957843e-02
   3.3359304e-02
   2.1955602e-02
   0.0000000e+00
   3.0415852e-03
   0.0000000e+00
  -7.3470192e-03
  -1.6059223e-02
  -2.8455946e-02
  -3.9257056e-02
  -4.4205274e-02
  -4.5388016e-02
  -4.9120520e-02
  -5.3600891e-02
  -5.7512592e-02
  -5.9700678e-02
  -6.0359641e-02
  -5.9772657e-02
  -5.8378594e-02
  -5.6376371e-02
  -5.3819405e-02
  -5.1105469e-02
  -4.8038740e-02
  -4.5263896e-02
  -4.2024670e-02
  -3.8424198e-02
  -3.3892282e-02
  -2.9157398e-02
  -2.3930322e-02
  -1.9519109e-02
  -1.5994973e-02
  -1.4725138e-02
  -1.5803584e-02
  -1.4224016e-02
   1.3317238e-03
   9.8845380e-03
   0.0000000e+00
   0.0000000e+00
   0.0000000e+00
   0.0000000e+00
  -5.4335491e-02
  -5.0949746e-02
  -3.4586359e-02
  -1.6839485e-02
  -3.3746089e-03
   4.5623190e-03
   1.1998983e-02
   1.5545724e-02
   2.9752887e-02
   3.0158161e-02
   0.0000000e+00
   0.0000000e+00
   0.0000000e+00
   0.0000000e+00
   0.0000000e+00
   0.0000000e+00
   0.0000000e+00
  -0.0000000e+00
   1.0901559e-03
   5.1996808e-03
   6.8466952e-03
   1.3305956e-02
   2.2695236e-02
   3.4011723e-02
   4.1995632e-02
   3.6303891e-02
   2.5814535e-02
   4.1854954e-03
   3.4107503e-03
   2.0487117e-03
  -7.3470205e-03
  -1.8947420e-02
  -3.1815972e-02
  -4.1907061e-02
  -4.7764841e-02
  -5.1895626e-02
  -5.8909200e-02
  -6.5617941e-02
  -7.1834564e-02
  -7.5693198e-02
  -7.7422529e-02
  -7.6945923e-02
  -7.4742258e-02
  -7.1233250e-02
  -6.6465475e-02
  -6.1296340e-02
  -5.5471573e-02
  -5.0346170e-02
  -4.4953082e-02
  -3.9554741e-02
  -3.3164844e-02
  -2.6958719e-02
  -2.1017917e-02
  -1.7590310e-02
  -1.6223527e-02
  -1.6193766e-02
  -1.8910933e-02
  -2.3446251e-02
  -1.1198190e-02
  -1.3431876e-03
   0.0000000e+00
   0.0000000e+00
   0.0000000e+00
  -5.8413970e-02
  -5.7056107e-02
  -5.1811486e-02
  -3.6981434e-02
  -2.0512808e-02
  -4.0584989e-03
   7.9667680e-03
   1.3741354e-02
   0.0000000e+00
   0.0000000e+00
   0.0000000e+00
   0.0000000e+00
   0.0000000e+00
   0.0000000e+00
   0.0000000e+00
   0.0000000e+00
   0.0000000e+00
   0.0000000e+00
  -0.0000000e+00
   1.1297885e-02
   1.2885869e-02
   1.0581180e-02
   1.6984133e-02
   2.9439991e-02
   4.3294821e-02
   5.2135278e-02
   4.0286385e-02
   2.8090633e-02
   1.6354129e-02
   3.3581208e-03
  -1.4434692e-03
  -1.7155439e-02
  -3.1358112e-02
  -3.4823529e-02
  -4.4304150e-02
  -5.1055759e-02
  -5.7456378e-02
  -6.6682473e-02
  -7.5103161e-02
  -8.3097130e-02
  -8.8462082e-02
  -9.1554120e-02
  -9.1927817e-02
  -9.0091147e-02
  -8.6330479e-02
  -8.0706574e-02
  -7.4265969e-02
  -6.6653423e-02
  -5.9573661e-02
  -5.1947176e-02
  -4.4565438e-02
  -3.6268089e-02
  -2.8612288e-02
  -2.1728447e-02
  -1.8708662e-02
  -1.8693171e-02
  -1.7959452e-02
  -1.7341269e-02
  -2.5016479e-02
  -1.6290814e-02
  -5.9065538e-03
   0.0000000e+00
   0.0000000e+00
   0.0000000e+00
  -7.0760861e-02
  -6.2046137e-02
  -5.6759089e-02
  -4.3388672e-02
  -2.7555486e-02
  -8.3624832e-03
   8.5706762e-03
   1.7293405e-02
   0.0000000e+00
   0.0000000e+00
   0.0000000e+00
   0.0000000e+00
   0.0000000e+00
   0.0000000e+00
   0.0000000e+00
   0.0000000e+00
   0.0000000e+00
   0.0000000e+00
   0.0000000e+00
   2.5912603e-02
   2.2177092e-02
   1.5732903e-02
   2.0770400e-02
   3.3214749e-02
   4.8204799e-02
   6.0422897e-02
   4.4994305e-02
   2.9983916e-02
   2.8610405e-02
   2.7172922e-03
  -3.0688286e-03
  -1.7155439e-02
  -3.5224124e-02
  -3.8262393e-02
  -4.7068851e-02
  -5.4918257e-02
  -6.3563322e-02
  -7.4630407e-02
  -8.4739697e-02
  -9.4494143e-02
  -1.0159188e-01
  -1.0662687e-01
  -1.0868746e-01
  -1.0830864e-01
  -1.0530357e-01
  -9.9768517e-02
  -9.2754875e-02
  -8.3745774e-02
  -7.4573649e-02
  -6.4102986e-02
  -5.4097595e-02
  -4.3386863e-02
  -3.3947201e-02
  -2.5695802e-02
  -2.2692859e-02
  -2.3671102e-02
  -2.0407374e-02
  -1.1408587e-02
  -1.9884531e-02
   0.0000000e+00
   0.0000000e+00
   0.0000000e+00
   0.0000000e+00
   0.0000000e+00
  -7.4455092e-02
  -7.1468109e-02
  -6.6387927e-02
  -5.4769345e-02
  -3.9178936e-02
  -1.6794704e-02
   6.9374673e-03
   2.2063154e-02
   0.0000000e+00
   0.0000000e+00
   0.0000000e+00
   0.0000000e+00
   0.0000000e+00
   0.0000000e+00
   0.0000000e+00
   0.0000000e+00
   0.0000000e+00
   0.0000000e+00
   0.0000000e+00
   3.6970997e-02
   3.5093989e-02
   2.3343824e-02
   2.5569403e-02
   3.7110772e-02
   0.0000000e+00
   6.9149306e-02
   5.1464606e-02
   3.1110468e-02
   3.1315293e-02
   0.0000000e+00
  -1.1048725e-02
  -2.6342366e-02
  -3.5465753e-02
  -4.2194203e-02
  -5.0156544e-02
  -5.8224238e-02
  -6.7446266e-02
  -7.8663975e-02
  -8.8840885e-02
  -9.8663695e-02
  -1.0633986e-01
  -1.1255658e-01
  -1.1619390e-01
  -1.1796746e-01
  -1.1744665e-01
  -1.1473124e-01
  -1.0993466e-01
  -1.0239334e-01
  -9.3196018e-02
  -8.1356734e-02
  -6.8880465e-02
  -5.4956771e-02
  -4.2603503e-02
  -3.1130172e-02
  -2.5399217e-02
  -2.7416693e-02
  -2.7009047e-02
  -5.4899082e-03
   0.0000000e+00
   0.0000000e+00
   0.0000000e+00
   0.0000000e+00
   0.0000000e+00
  -8.9287594e-02
  -8.6323833e-02
  -8.5957244e-02
  -8.2173635e-02
  -7.1377531e-02
  -5.6734144e-02
  -3.3732865e-02
  -4.9192949e-03
   0.0000000e+00
   0.0000000e+00
   0.0000000e+00
   0.0000000e+00
   0.0000000e+00
   0.0000000e+00
   0.0000000e+00
   0.0000000e+00
   0.0000000e+00
   0.0000000e+00
   0.0000000e+00
   0.0000000e+00
   4.4440289e-02
   5.4207101e-02
   4.2599309e-02
   3.4094997e-02
   0.0000000e+00
   0.0000000e+00
   5.9999675e-02
   5.3250275e-02
   3.4807887e-02
   0.0000000e+00
   0.0000000e+00
  -1.5927881e-02
  -2.8768603e-02
  -3.6671501e-02
  -4.3879006e-02
  -5.1263247e-02
  -5.8922097e-02
  -6.7667454e-02
  -7.8268550e-02
  -8.7865181e-02
  -9.7088784e-02
  -1.0454164e-01
  -1.1089411e-01
  -1.1492762e-01
  -1.1716904e-01
  -1.1727442e-01
  -1.1552064e-01
  -1.1181464e-01
  -1.0570526e-01
  -9.7718887e-02
  -8.6710401e-02
  -7.4332491e-02
  -5.9757933e-02
  -4.6121355e-02
  -3.2400407e-02
  -2.3263190e-02
  -2.4078296e-02
  -3.1544492e-02
  -2.0736040e-02
   0.0000000e+00
  -5.8878583e-02
  -1.1759634e-01
  -1.3470340e-01
  -9.4640274e-02
  -8.9239674e-02
  -8.8938817e-02
  -8.8623814e-02
  -8.5241958e-02
  -7.6017633e-02
  -6.3535154e-02
  -4.3264329e-02
  -1.4518839e-02
   0.0000000e+00
   0.0000000e+00
   0.0000000e+00
   0.0000000e+00
   0.0000000e+00
   0.0000000e+00
   0.0000000e+00
   0.0000000e+00
   0.0000000e+00
   0.0000000e+00
   0.0000000e+00
   0.0000000e+00
   5.1175383e-02
   6.7122713e-02
   5.7783522e-02
   4.2430665e-02
   0.0000000e+00
   0.0000000e+00
   4.7491819e-02
   4.8262399e-02
   3.5030305e-02
   0.0000000e+00
  -1.1072622e-02
  -2.0319231e-02
  -3.1558096e-02
  -3.8074432e-02
  -4.5134164e-02
  -5.1786761e-02
  -5.8903355e-02
  -6.6976894e-02
  -7.6816499e-02
  -8.5725439e-02
  -9.4231218e-02
  -1.0126825e-01
  -1.0757121e-01
  -1.1183300e-01
  -1.1435015e-01
  -1.1489192e-01
  -1.1385788e-01
  -1.1110382e-01
  -1.0639445e-01
  -9.9784335e-02
  -9.0002328e-02
  -7.8182501e-02
  -6.3319385e-02
  -4.8559322e-02
  -3.2618038e-02
  -2.0092284e-02
  -1.9321251e-02
  -3.4616642e-02
  -4.1584585e-02
   0.0000000e+00
  -5.9937770e-02
  -1.1318193e-01
  -1.2956502e-01
  -9.3564464e-02
  -8.7860234e-02
  -8.9167012e-02
  -8.8729814e-02
  -8.6061326e-02
  -7.8855127e-02
  -6.8964634e-02
  -5.1939517e-02
  -2.4084285e-02
   0.0000000e+00
   0.0000000e+00
   0.0000000e+00
   0.0000000e+00
   0.0000000e+00
   0.0000000e+00
   0.0000000e+00
   0.0000000e+00
   0.0000000e+00
   0.0000000e+00
   0.0000000e+00
   0.0000000e+00
   5.5841729e-02
   7.6150971e-02
   7.0885092e-02
   4.9509910e-02
   0.0000000e+00
   0.0000000e+00
   3.7217998e-02
   4.0281845e-02
   0.0000000e+00
   0.0000000e+00
  -1.1072623e-02
  -2.3747899e-02
  -3.5926367e-02
  -3.9902609e-02
  -4.5780615e-02
  -5.1211461e-02
  -5.7505640e-02
  -6.4529690e-02
  -7.3302581e-02
  -8.1299666e-02
  -8.8835902e-02
  -9.5067611e-02
  -1.0102038e-01
  -1.0529858e-01
  -1.0790378e-01
  -1.0874180e-01
  -1.0818110e-01
  -1.0629377e-01
  -1.0303014e-01
  -9.8130200e-02
  -9.0318591e-02
  -7.9844572e-02
  -6.5165103e-02
  -4.9324338e-02
  -3.0884509e-02
  -1.4833025e-02
  -5.6710084e-03
   0.0000000e+00
   0.0000000e+00
   0.0000000e+00
  -6.3741927e-02
  -9.7327232e-02
  -1.1111016e-01
  -8.9700553e-02
  -8.2962713e-02
  -8.4494930e-02
  -8.4324657e-02
  -8.3355066e-02
  -7.9338199e-02
  -7.3147430e-02
  -6.0400388e-02
  -3.4983756e-02
   0.0000000e+00
   0.0000000e+00
   0.0000000e+00
   0.0000000e+00
   0.0000000e+00
   0.0000000e+00
   0.0000000e+00
   0.0000000e+00
   0.0000000e+00
   0.0000000e+00
   0.0000000e+00
   0.0000000e+00
   0.0000000e+00
   7.7507006e-02
   8.0543586e-02
   5.4248808e-02
   0.0000000e+00
   0.0000000e+00
   2.5928719e-02
   2.6902649e-02
   0.0000000e+00
   0.0000000e+00
  -1.7986359e-02
  -3.1974304e-02
  -4.2031951e-02
  -4.1651780e-02
  -4.4975735e-02
  -4.8394175e-02
  -5.3062886e-02
  -5.8799755e-02
  -6.6414759e-02
  -7.3487131e-02
  -8.0207095e-02
  -8.5842420e-02
  -9.1176495e-02
  -9.4876725e-02
  -9.7249657e-02
  -9.8284240e-02
  -9.8114014e-02
  -9.6904460e-02
  -9.4881505e-02
  -9.1464002e-02
  -8.5726544e-02
  -7.6974338e-02
  -6.2946446e-02
  -4.6380097e-02
  -2.6077878e-02
  -1.0926043e-02
  -0.0000000e+00
   0.0000000e+00
   0.0000000e+00
  -0.0000000e+00
  -7.0086567e-02
  -7.8153176e-02
  -8.4431753e-02
  -7.6233214e-02
  -7.4477807e-02
  -7.5861080e-02
  -7.6599553e-02
  -7.7253109e-02
  -7.6706402e-02
  -7.4488467e-02
  -6.7285046e-02
  -4.7074802e-02
   0.0000000e+00
   0.0000000e+00
   0.0000000e+00
   0.0000000e+00
   0.0000000e+00
   0.0000000e+00
   0.0000000e+00
   0.0000000e+00
   0.0000000e+00
   0.0000000e+00
   0.0000000e+00
   0.0000000e+00
   0.0000000e+00
   7.3012713e-02
   6.9626585e-02
   5.4492995e-02
   0.0000000e+00
   0.0000000e+00
   6.5235500e-03
   1.2090276e-02
   0.0000000e+00
   0.0000000e+00
  -1.8952291e-02
  -3.5094677e-02
  -4.5412213e-02
  -4.2964271e-02
  -4.3154743e-02
  -4.4918372e-02
  -4.8121635e-02
  -5.2472105e-02
  -5.8696508e-02
  -6.4955093e-02
  -7.1172245e-02
  -7.6529471e-02
  -8.1574388e-02
  -8.5050871e-02
  -8.7432832e-02
  -8.8554893e-02
  -8.8623144e-02
  -8.7906924e-02
  -8.6631559e-02
  -8.4081528e-02
  -7.9339571e-02
  -7.1342944e-02
  -5.7746172e-02
  -4.1248477e-02
  -2.0156864e-02
  -5.3606489e-03
   0.0000000e+00
   0.0000000e+00
   0.0000000e+00
  -6.9495234e-02
  -6.4149030e-02
  -6.5637640e-02
  -6.9763288e-02
  -6.6426411e-02
  -6.6062875e-02
  -6.6996574e-02
  -6.8089366e-02
  -6.9833077e-02
  -7.1307629e-02
  -7.1450389e-02
  -6.7984499e-02
  -5.3023379e-02
   0.0000000e+00
   0.0000000e+00
   0.0000000e+00
   0.0000000e+00
   0.0000000e+00
   0.0000000e+00
   0.0000000e+00
   0.0000000e+00
   0.0000000e+00
   0.0000000e+00
   0.0000000e+00
   0.0000000e+00
   0.0000000e+00
   0.0000000e+00
   5.0306164e-02
   5.1672982e-02
   0.0000000e+00
   0.0000000e+00
   0.0000000e+00
   0.0000000e+00
   0.0000000e+00
   0.0000000e+00
   0.0000000e+00
  -0.0000000e+00
  -4.6220695e-02
  -4.2819920e-02
  -4.0391438e-02
  -4.0237292e-02
  -4.1866750e-02
  -4.4758154e-02
  -4.9308956e-02
  -5.4540412e-02
  -6.0170129e-02
  -6.5220430e-02
  -7.0005655e-02
  -7.3318331e-02
  -7.5824961e-02
  -7.7127440e-02
  -7.7519238e-02
  -7.7369308e-02
  -7.6851986e-02
  -7.5187160e-02
  -7.1325399e-02
  -6.3840397e-02
  -5.0473601e-02
  -3.4154627e-02
  -1.3444644e-02
  -1.4319217e-05
   0.0000000e+00
  -0.0000000e+00
  -4.6425224e-02
  -5.2379709e-02
  -5.4227937e-02
  -5.3598446e-02
  -5.6474026e-02
  -5.5792545e-02
  -5.6030326e-02
  -5.6495168e-02
  -5.7833239e-02
  -6.0468573e-02
  -6.3529968e-02
  -6.5617554e-02
  -6.5310970e-02
  -5.5742225e-02
   0.0000000e+00
   0.0000000e+00
   0.0000000e+00
   0.0000000e+00
   0.0000000e+00
   0.0000000e+00
   0.0000000e+00
   0.0000000e+00
   0.0000000e+00
   0.0000000e+00
   0.0000000e+00
   0.0000000e+00
   0.0000000e+00
   2.4164109e-02
   3.1028462e-02
   4.2532389e-02
   0.0000000e+00
   0.0000000e+00
   0.0000000e+00
   0.0000000e+00
   0.0000000e+00
   0.0000000e+00
   0.0000000e+00
   0.0000000e+00
  -3.8197483e-02
  -3.9886357e-02
  -3.6296045e-02
  -3.3741159e-02
  -3.3661495e-02
  -3.5105831e-02
  -3.7632285e-02
  -4.1457789e-02
  -4.6276942e-02
  -5.0884139e-02
  -5.5383518e-02
  -5.8551482e-02
  -6.1326512e-02
  -6.3017511e-02
  -6.3926726e-02
  -6.4502130e-02
  -6.4860183e-02
  -6.4241657e-02
  -6.1304905e-02
  -5.4111291e-02
  -4.0620306e-02
  -2.4426319e-02
  -6.0799939e-03
   4.0420890e-03
   0.0000000e+00
  -0.0000000e+00
  -4.6425220e-02
  -4.8688094e-02
  -3.9987964e-02
  -4.1378580e-02
  -4.3180674e-02
  -4.3205702e-02
  -4.3573385e-02
  -4.3669664e-02
  -4.5193359e-02
  -4.8416727e-02
  -5.2525059e-02
  -5.6077652e-02
  -5.8080815e-02
  -5.3713086e-02
   0.0000000e+00
   0.0000000e+00
   0.0000000e+00
   0.0000000e+00
   0.0000000e+00
   0.0000000e+00
   0.0000000e+00
   0.0000000e+00
   0.0000000e+00
   0.0000000e+00
   0.0000000e+00
   0.0000000e+00
   0.0000000e+00
   4.4546892e-03
   4.4546901e-03
   0.0000000e+00
   0.0000000e+00
   0.0000000e+00
   0.0000000e+00
   0.0000000e+00
   0.0000000e+00
   0.0000000e+00
   0.0000000e+00
   0.0000000e+00
  -0.0000000e+00
  -2.9760176e-02
  -2.8443215e-02
  -2.2973025e-02
  -1.9657401e-02
  -1.9042004e-02
  -2.0033743e-02
  -2.2167578e-02
  -2.5426161e-02
  -2.9157661e-02
  -3.3102065e-02
  -3.6086384e-02
  -3.8839765e-02
  -4.0655561e-02
  -4.1977607e-02
  -4.3145865e-02
  -4.4427767e-02
  -4.5364931e-02
  -4.4476137e-02
  -3.8808562e-02
  -2.5149770e-02
  -9.1363713e-03
   2.4393178e-03
   4.2425738e-03
   0.0000000e+00
  -0.0000000e+00
  -3.1934626e-02
  -2.6808051e-02
  -0.0000000e+00
  -2.5129962e-02
  -2.5186302e-02
  -2.4933096e-02
  -2.5985427e-02
  -2.6780564e-02
  -2.8583001e-02
  -3.1750057e-02
  -3.6033183e-02
  -4.0256273e-02
  -4.3590292e-02
  -4.3057825e-02
   0.0000000e+00
   0.0000000e+00
   0.0000000e+00
   0.0000000e+00
   0.0000000e+00
   0.0000000e+00
   0.0000000e+00
   0.0000000e+00
   0.0000000e+00
   0.0000000e+00
   0.0000000e+00
   0.0000000e+00
   0.0000000e+00
   0.0000000e+00
   0.0000000e+00
   0.0000000e+00
   0.0000000e+00
   0.0000000e+00
   0.0000000e+00
   0.0000000e+00
   0.0000000e+00
   0.0000000e+00
   0.0000000e+00
   0.0000000e+00
   0.0000000e+00
  -2.8549384e-02
  -2.4619963e-02
  -1.8145895e-02
  -1.0980276e-02
  -5.8219656e-03
  -4.7192308e-03
  -5.8294749e-03
  -7.9853022e-03
  -1.1066830e-02
  -1.4624392e-02
  -1.7606808e-02
  -2.0374225e-02
  -2.2133775e-02
  -2.3380898e-02
  -2.4557039e-02
  -2.6182376e-02
  -2.7988467e-02
  -2.8698158e-02
  -2.4881365e-02
  -1.1581395e-02
   3.5217246e-03
   9.2037836e-03
   0.0000000e+00
   0.0000000e+00
  -0.0000000e+00
  -0.0000000e+00
  -0.0000000e+00
   0.0000000e+00
  -8.6605337e-03
  -1.0089384e-02
  -1.0382128e-02
  -1.2189736e-02
  -1.3770537e-02
  -1.5846387e-02
  -1.8882513e-02
  -2.3196287e-02
  -2.7922409e-02
  -3.1967763e-02
  -3.0542642e-02
  -1.7700371e-02
   0.0000000e+00
   0.0000000e+00
   0.0000000e+00
   0.0000000e+00
   0.0000000e+00
   0.0000000e+00
   0.0000000e+00
   0.0000000e+00
   0.0000000e+00
   0.0000000e+00
   0.0000000e+00
   0.0000000e+00
   0.0000000e+00
   0.0000000e+00
   0.0000000e+00
   0.0000000e+00
   0.0000000e+00
   0.0000000e+00
   0.0000000e+00
   0.0000000e+00
   0.0000000e+00
   0.0000000e+00
   0.0000000e+00
   0.0000000e+00
  -2.7720987e-02
  -2.5189396e-02
  -1.7341973e-02
  -4.5058448e-03
   6.5198584e-03
   1.1019526e-02
   1.1374569e-02
   1.0543716e-02
   8.3196246e-03
   5.1019690e-03
   2.0165190e-03
  -8.6384616e-04
  -2.5508773e-03
  -3.6696417e-03
  -4.7948154e-03
  -6.8007139e-03
  -9.4448568e-03
  -1.1776903e-02
  -9.8162543e-03
   2.2191119e-03
   1.5345103e-02
   1.3702041e-02
   0.0000000e+00
   0.0000000e+00
   0.0000000e+00
   0.0000000e+00
   0.0000000e+00
   0.0000000e+00
   6.4807510e-03
   5.3479429e-03
   4.3448572e-03
   2.5978726e-03
   3.9349369e-04
  -2.3005691e-03
  -5.2645359e-03
  -9.5624877e-03
  -1.4750446e-02
  -1.9853061e-02
  -2.0397845e-02
  -1.1815615e-02
  -5.7148550e-03
   0.0000000e+00
   0.0000000e+00
   0.0000000e+00
   0.0000000e+00
   0.0000000e+00
   0.0000000e+00
   0.0000000e+00
   0.0000000e+00
   0.0000000e+00
   0.0000000e+00
   0.0000000e+00
   0.0000000e+00
   0.0000000e+00
   0.0000000e+00
   0.0000000e+00
   0.0000000e+00
   0.0000000e+00
   0.0000000e+00
   0.0000000e+00
   0.0000000e+00
   0.0000000e+00
   0.0000000e+00
   0.0000000e+00
  -2.7233158e-02
  -2.7143064e-02
  -1.8277826e-02
   1.7922115e-03
   1.7226880e-02
   2.5118431e-02
   2.7621012e-02
   2.8532233e-02
   2.7522228e-02
   2.5029302e-02
   2.2097764e-02
   1.9115210e-02
   1.7471169e-02
   1.6437905e-02
   1.5394930e-02
   1.3075894e-02
   9.6126177e-03
   5.5444972e-03
   5.5360048e-03
   1.4504206e-02
   2.3328187e-02
   0.0000000e+00
   0.0000000e+00
   0.0000000e+00
   0.0000000e+00
   0.0000000e+00
   0.0000000e+00
   0.0000000e+00
   1.6107640e-02
   1.8585404e-02
   1.8063842e-02
   1.7279143e-02
   1.5013366e-02
   1.1821158e-02
   8.9141881e-03
   4.7223340e-03
  -7.8403652e-04
  -6.9389073e-03
  -1.0071149e-02
  -6.9215219e-03
  -6.2658085e-03
   0.0000000e+00
   0.0000000e+00
   0.0000000e+00
   7.9012472e-04
   7.9012479e-04
   2.6627638e-02
   2.3115428e-02
   1.8725164e-02
   0.0000000e+00
   0.0000000e+00
   0.0000000e+00
   0.0000000e+00
   0.0000000e+00
   0.0000000e+00
   0.0000000e+00
   0.0000000e+00
   0.0000000e+00
   0.0000000e+00
   0.0000000e+00
   0.0000000e+00
   0.0000000e+00
   0.0000000e+00
   0.0000000e+00
   0.0000000e+00
   0.0000000e+00
   0.0000000e+00
   1.8185831e-02
   2.5615009e-02
   3.4725402e-02
   3.9959524e-02
   4.3532684e-02
   4.4275697e-02
   4.3189414e-02
   4.1136499e-02
   3.8382988e-02
   3.6779307e-02
   3.5808865e-02
   3.4860980e-02
   3.2443721e-02
   2.8246019e-02
   2.2225490e-02
   1.9797912e-02
   2.3611056e-02
   2.3825890e-02
   0.0000000e+00
   0.0000000e+00
   0.0000000e+00
   0.0000000e+00
   0.0000000e+00
   0.0000000e+00
   0.0000000e+00
   0.0000000e+00
   2.6110882e-02
   2.9162936e-02
   3.0034674e-02
   2.8455427e-02
   2.5650069e-02
   2.3173364e-02
   1.9317247e-02
   1.3668277e-02
   6.8023466e-03
   1.6337307e-03
  -9.0082135e-04
  -4.2564053e-03
   0.0000000e+00
   0.0000000e+00
   0.0000000e+00
   9.5840711e-03
   4.2557088e-03
   1.5516948e-02
   2.3115426e-02
   1.8725165e-02
   0.0000000e+00
   0.0000000e+00
   0.0000000e+00
   0.0000000e+00
   0.0000000e+00
   0.0000000e+00
   0.0000000e+00
   0.0000000e+00
   0.0000000e+00
   0.0000000e+00
   0.0000000e+00
   0.0000000e+00
   0.0000000e+00
   0.0000000e+00
   0.0000000e+00
   0.0000000e+00
   2.6939651e-04
   2.6939651e-04
   2.4942979e-02
   3.1592481e-02
   3.7334211e-02
   4.4609923e-02
   5.3002872e-02
   5.6203552e-02
   5.6419514e-02
   5.6171138e-02
   5.4750636e-02
   5.3518876e-02
   5.3079218e-02
   5.2248120e-02
   4.9985651e-02
   4.5425177e-02
   3.7254103e-02
   3.1199927e-02
   3.0390815e-02
   2.9432453e-02
   0.0000000e+00
   0.0000000e+00
   0.0000000e+00
   0.0000000e+00
   0.0000000e+00
   0.0000000e+00
   0.0000000e+00
   0.0000000e+00
   2.5231896e-02
   3.6141291e-02
   3.8630150e-02
   3.7555508e-02
   3.6864258e-02
   3.6544550e-02
   3.3656806e-02
   2.7735652e-02
   2.0039020e-02
   1.2966055e-02
   1.2905623e-02
   1.4827714e-02
   0.0000000e+00
   2.3562902e-02
   3.6922427e-02
   1.7613561e-02
   1.5653979e-02
   7.3640319e-03
   0.0000000e+00
   0.0000000e+00
   0.0000000e+00
   0.0000000e+00
   0.0000000e+00
   0.0000000e+00
   0.0000000e+00
   0.0000000e+00
   0.0000000e+00
   0.0000000e+00
   0.0000000e+00
   0.0000000e+00
   0.0000000e+00
   0.0000000e+00
   0.0000000e+00
   0.0000000e+00
   0.0000000e+00
   0.0000000e+00
   2.6939649e-04
   2.6939649e-04
   3.6718959e-02
   3.0754025e-02
   2.7871609e-02
   3.7510022e-02
   5.2301030e-02
   5.9980430e-02
   6.2640834e-02
   6.4789458e-02
   6.6247090e-02
   6.7159791e-02
   6.7861085e-02
   6.7369002e-02
   6.5209955e-02
   6.0212040e-02
   4.9886804e-02
   3.8234454e-02
   2.9511378e-02
   0.0000000e+00
   0.0000000e+00
   0.0000000e+00
   0.0000000e+00
   0.0000000e+00
   0.0000000e+00
   0.0000000e+00
   0.0000000e+00
   0.0000000e+00
   1.9545634e-02
   2.9484797e-02
   3.8661072e-02
   4.0182939e-02
   4.3902107e-02
   4.7869903e-02
   4.8148956e-02
   4.2523339e-02
   3.3407627e-02
   2.3411794e-02
   1.5554241e-02
   1.3191661e-02
   0.0000000e+00
   2.3562901e-02
   3.6922429e-02
   4.3040412e-02
   2.4281643e-02
   0.0000000e+00
   0.0000000e+00
   0.0000000e+00
   0.0000000e+00
   0.0000000e+00
   0.0000000e+00
   0.0000000e+00
   0.0000000e+00
   0.0000000e+00
   0.0000000e+00
   0.0000000e+00
   0.0000000e+00
   0.0000000e+00
   0.0000000e+00
   0.0000000e+00
   0.0000000e+00
   0.0000000e+00
   0.0000000e+00
   0.0000000e+00
   1.2190644e-02
   1.2696373e-02
   3.3302909e-02
   2.9671069e-02
   2.5654789e-02
   3.5858469e-02
   4.9402595e-02
   5.8317534e-02
   6.4602658e-02
   6.8574373e-02
   7.1441650e-02
   7.4363713e-02
   7.6154701e-02
   7.6020022e-02
   7.3499769e-02
   6.6952978e-02
   5.6428134e-02
   4.2479577e-02
   2.3342936e-02
   0.0000000e+00
   0.0000000e+00
   0.0000000e+00
   0.0000000e+00
   0.0000000e+00
   0.0000000e+00
   0.0000000e+00
   0.0000000e+00
   0.0000000e+00
   0.0000000e+00
   2.0385924e-02
   3.3745747e-02
   3.7702339e-02
   4.6220541e-02
   5.4292239e-02
   5.8135137e-02
   5.4673079e-02
   4.3837614e-02
   2.9831482e-02
   1.4776913e-02
   6.5806467e-03
   0.0000000e+00
   0.0000000e+00
   3.3015683e-02
   2.0467561e-02
   0.0000000e+00
   0.0000000e+00
   0.0000000e+00
   0.0000000e+00
   0.0000000e+00
   0.0000000e+00
   0.0000000e+00
   0.0000000e+00
   0.0000000e+00
   0.0000000e+00
   0.0000000e+00
   0.0000000e+00
   0.0000000e+00
   0.0000000e+00
   0.0000000e+00
   0.0000000e+00
   0.0000000e+00
   0.0000000e+00
   0.0000000e+00
   0.0000000e+00
   0.0000000e+00
   8.5155999e-03
   8.1034191e-03
   1.7913625e-02
   2.1072660e-02
   3.1945042e-02
   4.3791458e-02
   5.1461242e-02
   5.8981229e-02
   6.4131916e-02
   6.8657696e-02
   7.3560148e-02
   7.6549090e-02
   7.6627970e-02
   7.4195057e-02
   6.7083351e-02
   5.6188099e-02
   4.1812744e-02
   2.1970391e-02
   0.0000000e+00
   0.0000000e+00
   0.0000000e+00
   0.0000000e+00
   0.0000000e+00
   0.0000000e+00
   0.0000000e+00
   0.0000000e+00
   0.0000000e+00
   0.0000000e+00
   0.0000000e+00
   2.9998932e-02
   3.3367448e-02
   4.3963552e-02
   5.5692218e-02
   6.4873755e-02
   6.1779168e-02
   5.2853402e-02
   3.6447249e-02
   1.0961751e-02
  -7.4327042e-04
   0.0000000e+00
   0.0000000e+00
   0.0000000e+00
   0.0000000e+00
   0.0000000e+00
   0.0000000e+00
  -0.0000000e+00
  -0.0000000e+00
   0.0000000e+00
   0.0000000e+00
   0.0000000e+00
   0.0000000e+00
   0.0000000e+00
   0.0000000e+00
   0.0000000e+00
   0.0000000e+00
   0.0000000e+00
   0.0000000e+00
   0.0000000e+00
   0.0000000e+00
   0.0000000e+00
   0.0000000e+00
   0.0000000e+00
   0.0000000e+00
   0.0000000e+00
   0.0000000e+00
   2.1314069e-03
   8.5539669e-03
   7.1932724e-03
   1.6050812e-02
   2.8499024e-02
   3.5917096e-02
   4.1521224e-02
   4.7904909e-02
   5.5909607e-02
   6.2433518e-02
   6.8069507e-02
   6.9388255e-02
   6.7526836e-02
   6.0777288e-02
   4.9154467e-02
   3.7809782e-02
   2.1973487e-02
   0.0000000e+00
   0.0000000e+00
   0.0000000e+00
   0.0000000e+00
   0.0000000e+00
   0.0000000e+00
   0.0000000e+00
   0.0000000e+00
   0.0000000e+00
   0.0000000e+00
   0.0000000e+00
   2.8972405e-02
   3.4137829e-02
   4.2455482e-02
   5.8383279e-02
   6.9876288e-02
   6.8331331e-02
   5.8285050e-02
   4.2460803e-02
   1.9303699e-02
   1.1486664e-02
   1.4655104e-02
   0.0000000e+00
   0.0000000e+00
   0.0000000e+00
   0.0000000e+00
   0.0000000e+00
  -0.0000000e+00
  -0.0000000e+00
   0.0000000e+00
   0.0000000e+00
   0.0000000e+00
   0.0000000e+00
   0.0000000e+00
   0.0000000e+00
   0.0000000e+00
   0.0000000e+00
   0.0000000e+00
   0.0000000e+00
   0.0000000e+00
   0.0000000e+00
   0.0000000e+00
   0.0000000e+00
   0.0000000e+00
   0.0000000e+00
   0.0000000e+00
   0.0000000e+00
   1.2395586e-02
  -3.0134306e-03
  -1.0531501e-02
  -1.6694726e-02
   3.6419753e-03
   8.0222809e-03
   1.3378217e-02
   2.0267098e-02
   3.2050781e-02
   4.2995727e-02
   5.0871551e-02
   5.5975411e-02
   5.3586636e-02
   4.8063277e-02
   3.5447501e-02
   2.6104381e-02
   1.1657815e-02
   0.0000000e+00
   0.0000000e+00
   0.0000000e+00
   0.0000000e+00
   0.0000000e+00
   0.0000000e+00
   0.0000000e+00
   0.0000000e+00
   0.0000000e+00
   0.0000000e+00
   0.0000000e+00
   0.0000000e+00
   0.0000000e+00
   4.7189545e-02
   6.2022280e-02
   7.2392210e-02
   7.2102998e-02
   6.1432149e-02
   4.7280810e-02
   2.8974256e-02
   1.7323461e-02
   7.5349324e-03
   0.0000000e+00
   0.0000000e+00
   0.0000000e+00
   0.0000000e+00
   0.0000000e+00
   0.0000000e+00
   0.0000000e+00
   0.0000000e+00
   0.0000000e+00
   0.0000000e+00
   0.0000000e+00
   0.0000000e+00
   0.0000000e+00
   0.0000000e+00
   0.0000000e+00
   0.0000000e+00
   0.0000000e+00
   0.0000000e+00
   0.0000000e+00
   0.0000000e+00
   0.0000000e+00
   0.0000000e+00
   0.0000000e+00
   0.0000000e+00
   0.0000000e+00
   0.0000000e+00
   4.9576679e-03
  -7.5034476e-03
  -0.0000000e+00
  -3.2036405e-02
  -3.1837240e-02
  -2.5862837e-02
  -1.5801892e-02
  -9.8081329e-04
   1.4222804e-02
   2.6479973e-02
   3.4657504e-02
   3.4944024e-02
   2.7889658e-02
   1.9148527e-02
   8.5343801e-03
   0.0000000e+00
   0.0000000e+00
   0.0000000e+00
   0.0000000e+00
   0.0000000e+00
   0.0000000e+00
   0.0000000e+00
   0.0000000e+00
   0.0000000e+00
   0.0000000e+00
   0.0000000e+00
   0.0000000e+00
   0.0000000e+00
   4.9742363e-02
   5.4525644e-02
   6.1830819e-02
   6.9098130e-02
   6.7150697e-02
   5.8143534e-02
   4.4931207e-02
   3.2983378e-02
   2.8529511e-02
   0.0000000e+00
   0.0000000e+00
   0.0000000e+00
   0.0000000e+00
   0.0000000e+00
   0.0000000e+00
   0.0000000e+00
   0.0000000e+00
   0.0000000e+00
   0.0000000e+00
   0.0000000e+00
   0.0000000e+00
   0.0000000e+00
   0.0000000e+00
   0.0000000e+00
   0.0000000e+00
   0.0000000e+00
   0.0000000e+00
   0.0000000e+00
   0.0000000e+00
   0.0000000e+00
   0.0000000e+00
   0.0000000e+00
   0.0000000e+00
   0.0000000e+00
   0.0000000e+00
  -0.0000000e+00
   1.0275038e-02
  -1.2150564e-03
   0.0000000e+00
  -5.7226232e-02
  -6.9939893e-02
  -6.6885933e-02
  -5.4738383e-02
  -3.2862328e-02
  -1.6766629e-02
   3.0709221e-03
   1.5079776e-02
   1.1292077e-02
   3.3394710e-03
   1.5082143e-03
  -0.0000000e+00
   0.0000000e+00
   0.0000000e+00
   0.0000000e+00
   0.0000000e+00
   0.0000000e+00
   0.0000000e+00
   0.0000000e+00
   0.0000000e+00
   1.0872852e-02
   1.0872852e-02
   0.0000000e+00
   0.0000000e+00
   0.0000000e+00
   5.0915382e-02
   5.5546898e-02
   5.2851099e-02
   5.4994807e-02
   5.2355848e-02
   4.5963690e-02
   3.4037346e-02
   2.6775351e-02
   1.5372572e-02
   0.0000000e+00
  -2.3216156e-03
  -9.6090023e-03
   0.0000000e+00
   0.0000000e+00
   0.0000000e+00
   0.0000000e+00
   0.0000000e+00
   0.0000000e+00
   0.0000000e+00
   0.0000000e+00
   0.0000000e+00
   0.0000000e+00
   0.0000000e+00
   0.0000000e+00
   0.0000000e+00
   0.0000000e+00
   0.0000000e+00
   0.0000000e+00
   0.0000000e+00
   0.0000000e+00
   0.0000000e+00
   0.0000000e+00
   0.0000000e+00
   0.0000000e+00
   0.0000000e+00
  -0.0000000e+00
  -0.0000000e+00
  -0.0000000e+00
   0.0000000e+00
  -5.0765500e-02
  -8.5272379e-02
  -9.9772707e-02
  -7.7143565e-02
  -5.6684822e-02
  -3.4711732e-02
  -1.8390522e-02
  -0.0000000e+00
  -0.0000000e+00
  -2.8156170e-02
  -1.6125733e-02
   0.0000000e+00
   0.0000000e+00
   0.0000000e+00
   0.0000000e+00
   0.0000000e+00
   0.0000000e+00
   0.0000000e+00
   0.0000000e+00
   1.4515894e-03
   8.7324405e-03
   9.9376633e-03
   0.0000000e+00
   0.0000000e+00
   3.9794397e-02
   3.9344694e-02
   2.8047435e-02
   2.0288860e-02
   2.6682587e-02
   2.7375767e-02
   1.9133879e-02
   9.3775783e-03
   4.5593577e-03
   8.8388942e-04
   0.0000000e+00
  -3.5281568e-03
  -9.6090028e-03
   0.0000000e+00
   0.0000000e+00
   0.0000000e+00
   0.0000000e+00
   0.0000000e+00
   0.0000000e+00
   0.0000000e+00
   0.0000000e+00
   0.0000000e+00
   0.0000000e+00
   0.0000000e+00
   0.0000000e+00
   0.0000000e+00
   0.0000000e+00
   0.0000000e+00
   0.0000000e+00
   0.0000000e+00
   0.0000000e+00
   0.0000000e+00
   0.0000000e+00
   0.0000000e+00
   0.0000000e+00
   0.0000000e+00
   0.0000000e+00
   0.0000000e+00
   0.0000000e+00
   0.0000000e+00
  -0.0000000e+00
  -0.0000000e+00
  -0.0000000e+00
  -5.2750983e-02
  -5.7795541e-02
  -4.3607994e-02
   0.0000000e+00
   0.0000000e+00
   0.0000000e+00
  -0.0000000e+00
   0.0000000e+00
   0.0000000e+00
   0.0000000e+00
   0.0000000e+00
   0.0000000e+00
   0.0000000e+00
   0.0000000e+00
   0.0000000e+00
   0.0000000e+00
   1.5024079e-03
   7.4356794e-03
   9.5238919e-03
   0.0000000e+00
   1.7356900e-02
   2.8239627e-02
   1.5387441e-02
   0.0000000e+00
  -0.0000000e+00
  -2.0060452e-02
  -1.9613648e-02
  -2.5247045e-02
  -3.7428043e-02
  -3.1174095e-02
  -2.2630947e-02
  -9.5558967e-03
  -2.2856868e-03
   0.0000000e+00
   0.0000000e+00
   0.0000000e+00
   0.0000000e+00
   0.0000000e+00
   0.0000000e+00
   0.0000000e+00
   0.0000000e+00
   0.0000000e+00
   0.0000000e+00
   0.0000000e+00
   0.0000000e+00
   0.0000000e+00
   0.0000000e+00
   0.0000000e+00
   0.0000000e+00
   0.0000000e+00
   0.0000000e+00
   0.0000000e+00
   0.0000000e+00
   0.0000000e+00
   0.0000000e+00
   0.0000000e+00
   0.0000000e+00
   0.0000000e+00
   0.0000000e+00
   0.0000000e+00
   0.0000000e+00
   0.0000000e+00
   0.0000000e+00
   0.0000000e+00
  -2.6243190e-02
   0.0000000e+00
   0.0000000e+00
   0.0000000e+00
   0.0000000e+00
   0.0000000e+00
   0.0000000e+00
   0.0000000e+00
   0.0000000e+00
   0.0000000e+00
   0.0000000e+00
   0.0000000e+00
   0.0000000e+00
   0.0000000e+00
   0.0000000e+00
   0.0000000e+00
   0.0000000e+00
   0.0000000e+00
   7.0872859e-03
   0.0000000e+00
   9.7443563e-03
   6.4252550e-03
  -1.4386173e-02
   0.0000000e+00
   0.0000000e+00
  -0.0000000e+00
  -5.9612533e-02
  -5.5327322e-02
  -4.7893976e-02
   0.0000000e+00
  -1.8919985e-02
  -1.9131673e-02
  -2.4643274e-03
   6.7261452e-03
   0.0000000e+00
   0.0000000e+00
   0.0000000e+00
   0.0000000e+00
   0.0000000e+00
   0.0000000e+00
   0.0000000e+00
   0.0000000e+00
   0.0000000e+00
   0.0000000e+00
   0.0000000e+00
   0.0000000e+00
   0.0000000e+00
   0.0000000e+00
   0.0000000e+00
   0.0000000e+00
   0.0000000e+00
   0.0000000e+00
   0.0000000e+00
   0.0000000e+00
   0.0000000e+00
   0.0000000e+00
   0.0000000e+00
   0.0000000e+00
   0.0000000e+00
   0.0000000e+00
   0.0000000e+00
  -2.2588096e-02
  -2.2588096e-02
  -1.1894489e-02
  -1.0596518e-02
  -9.3950036e-03
  -1.8566497e-02
   0.0000000e+00
   0.0000000e+00
   0.0000000e+00
  -2.5220321e-02
  -2.6937879e-02
  -2.9084827e-02
   0.0000000e+00
   0.0000000e+00
   0.0000000e+00
   0.0000000e+00
   0.0000000e+00
   0.0000000e+00
   0.0000000e+00
   0.0000000e+00
   0.0000000e+00
  -1.0374223e-03
   0.0000000e+00
   4.1912316e-02
   1.5604842e-02
   0.0000000e+00
   0.0000000e+00
   0.0000000e+00
   0.0000000e+00
  -0.0000000e+00
  -0.0000000e+00
  -3.5372758e-02
  -3.2961640e-02
  -2.6608106e-02
  -2.1526529e-02
  -1.3468526e-02
  -3.1143884e-03
  -2.0598922e-03
   0.0000000e+00
   0.0000000e+00
   0.0000000e+00
   3.6353501e-03
   1.6648556e-03
   1.6679908e-04
   0.0000000e+00
  -5.0303143e-03
  -2.7646469e-03
   0.0000000e+00
   0.0000000e+00
   0.0000000e+00
   0.0000000e+00
   0.0000000e+00
   0.0000000e+00
   0.0000000e+00
  -2.4628914e-02
  -2.5758461e-02
  -2.7236044e-02
  -2.9961380e-02
  -2.4654692e-02
  -2.2000508e-02
  -2.2756664e-02
  -1.9788985e-02
  -1.8010956e-02
  -1.5728993e-02
  -1.7335717e-02
  -1.9286924e-02
  -1.9418077e-02
  -1.8329650e-02
  -1.8417202e-02
  -2.1896165e-02
  -2.9295818e-02
  -3.5055424e-02
  -3.5286202e-02
  -2.8672079e-02
  -1.9924648e-02
  -1.5034971e-02
  -8.1075546e-03
   3.4362604e-03
   9.0601783e-03
   1.2155352e-02
   1.1080174e-02
   9.8071672e-03
   9.2422658e-03
   0.0000000e+00
   0.0000000e+00
   0.0000000e+00
   3.1426313e-02
   2.7242804e-02
  -0.0000000e+00
  -0.0000000e+00
   0.0000000e+00
   0.0000000e+00
   0.0000000e+00
   0.0000000e+00
   0.0000000e+00
  -0.0000000e+00
  -1.6121611e-02
  -2.0386612e-02
  -2.2246038e-02
  -1.9705944e-02
  -1.6956342e-02
  -1.7411011e-02
  -1.6195479e-02
  -1.5039050e-02
  -1.1687663e-02
  -9.1496188e-03
  -7.8098001e-03
  -7.7760950e-03
  -1.1332208e-02
  -1.1534609e-02
  -1.3954083e-02
  -1.6334378e-02
  -1.9621476e-02
  -2.1159145e-02
  -2.1062225e-02
  -2.1708698e-02
   0.0000000e+00
