   0.0000000e+00
   0.0000000e+00
   0.0000000e+00
   0.0000000e+00
   0.0000000e+00
   0.0000000e+00
   0.0000000e+00
   0.0000000e+00
   0.0000000e+00
   0.0000000e+00
   0.0000000e+00
   0.0000000e+00
   0.0000000e+00
   0.0000000e+00
   0.0000000e+00
   0.0000000e+00
   0.0000000e+00
   0.0000000e+00
   0.0000000e+00
   0.0000000e+00
   0.0000000e+00
   0.0000000e+00
   0.0000000e+00
   0.0000000e+00
   0.0000000e+00
   0.0000000e+00
   0.0000000e+00
   0.0000000e+00
   0.0000000e+00
   0.0000000e+00
   0.0000000e+00
   0.0000000e+00
   0.0000000e+00
   0.0000000e+00
   0.0000000e+00
   0.0000000e+00
   0.0000000e+00
   0.0000000e+00
   0.0000000e+00
  -0.0000000e+00
   0.0000000e+00
   0.0000000e+00
   0.0000000e+00
   0.0000000e+00
   0.0000000e+00
   0.0000000e+00
   0.0000000e+00
   0.0000000e+00
   0.0000000e+00
   0.0000000e+00
   0.0000000e+00
   0.0000000e+00
   0.0000000e+00
   0.0000000e+00
   0.0000000e+00
   0.0000000e+00
   0.0000000e+00
   0.0000000e+00
   0.0000000e+00
   0.0000000e+00
   0.0000000e+00
   0.0000000e+00
   0.0000000e+00
   0.0000000e+00
   0.0000000e+00
   0.0000000e+00
   0.0000000e+00
   0.0000000e+00
   0.0000000e+00
   0.0000000e+00
   0.0000000e+00
   0.0000000e+00
   0.0000000e+00
   0.0000000e+00
   0.0000000e+00
   9.9444374e-02
   1.1173495e-01
   8.3521781e-02
   5.6249243e-02
   3.7391149e-02
   2.5612223e-02
   1.5788483e-02
   8.3195172e-03
   1.9157841e-04
  -5.5639569e-03
  -8.0575799e-03
  -9.9283501e-03
  -1.1977693e-02
  -1.2775401e-02
  -9.9669050e-03
  -8.9141133e-03
  -1.0075200e-02
  -0.0000000e+00
   2.2911316e-03
   8.4443430e-03
  -1.0452033e-02
  -2.2110355e-02
   0.0000000e+00
   0.0000000e+00
   6.0572317e-02
   4.6883560e-02
   2.5062697e-02
   1.9517337e-02
   2.0094255e-02
   9.7304776e-03
  -1.1443555e-03
  -7.4784266e-03
   0.0000000e+00
   0.0000000e+00
   0.0000000e+00
   0.0000000e+00
   0.0000000e+00
   0.0000000e+00
   0.0000000e+00
   0.0000000e+00
   0.0000000e+00
   0.0000000e+00
   0.0000000e+00
   0.0000000e+00
   0.0000000e+00
   0.0000000e+00
   0.0000000e+00
   0.0000000e+00
   0.0000000e+00
   0.0000000e+00
   0.0000000e+00
   0.0000000e+00
   0.0000000e+00
   0.0000000e+00
   0.0000000e+00
   0.0000000e+00
   0.0000000e+00
   0.0000000e+00
   0.0000000e+00
   0.0000000e+00
   0.0000000e+00
   4.2158274e-02
   3.2011432e-02
   3.6288647e-02
   5.2441791e-02
   4.3339137e-02
   3.3953345e-02
   2.4699708e-02
   1.6208109e-02
   1.2833430e-02
   6.8891025e-03
   1.3911785e-03
  -1.8410742e-03
  -2.8289850e-03
  -4.7911972e-03
  -7.0972140e-03
  -8.2769995e-03
  -9.6646259e-03
  -1.3046296e-02
  -1.3117211e-02
  -1.0836394e-02
  -1.0407713e-02
  -7.2321607e-03
  -3.0672166e-03
  -8.2692742e-03
  -1.1052854e-02
  -8.8660315e-03
   0.0000000e+00
   2.0371838e-02
   2.1842089e-02
   2.2108964e-02
   2.1662816e-02
   2.2818172e-02
   2.3299182e-02
   2.0369624e-02
   1.8242849e-02
   1.6673016e-02
   1.4062210e-02
   1.2081990e-02
   1.3340421e-02
   1.9315336e-02
   2.1611258e-02
   2.5041784e-02
   1.3794008e-02
   6.8803646e-03
  -3.7906081e-03
  -2.1627385e-02
  -3.3940283e-03
   0.0000000e+00
   0.0000000e+00
   8.3513696e-02
   4.1413291e-02
   7.9701714e-03
   2.0796272e-02
   0.0000000e+00
   0.0000000e+00
   0.0000000e+00
   1.9299552e-02
   1.5140300e-02
   9.7498987e-03
   1.3436981e-03
  -4.2382348e-03
  -3.5856806e-03
   1.3305298e-03
   7.3583791e-04
  -6.1932961e-03
  -9.5730023e-03
  -6.3048759e-03
  -2.7359740e-03
  -1.5525139e-03
   8.2390895e-04
   4.3337857e-03
   7.1411938e-03
   7.5387456e-03
   5.5095893e-03
   2.6282603e-03
  -2.0940133e-04
  -1.4468723e-03
  -2.6207864e-03
  -4.4567790e-03
  -7.3104920e-03
  -9.3388036e-03
  -1.0557120e-02
  -1.2125611e-02
  -1.2876886e-02
  -1.1420204e-02
  -9.1617275e-03
  -8.3871922e-03
  -7.8461077e-03
  -6.7312252e-03
  -4.6441891e-03
   2.2991462e-04
   5.6632893e-03
   1.1303287e-02
   1.5126203e-02
   1.7511129e-02
   2.0130288e-02
   2.2195434e-02
   2.3089990e-02
   2.2441855e-02
   2.0126818e-02
   1.6519124e-02
   1.2119524e-02
   9.8894946e-03
   8.2763480e-03
   7.1005728e-03
   4.2923349e-03
   5.8864657e-04
  -1.9496609e-03
  -3.8863819e-03
  -6.2470459e-03
  -3.6390084e-03
   1.1567555e-02
   2.7114689e-02
   3.3416137e-02
   2.8664367e-02
   2.3025004e-02
   2.1575782e-02
   2.1696813e-02
   2.2210335e-02
   2.1528596e-02
   1.3610179e-03
  -7.5813443e-03
  -1.4753400e-02
  -2.2096873e-02
  -2.7032420e-02
  -3.0473370e-02
  -3.3038519e-02
  -3.4929444e-02
  -3.3941306e-02
  -2.9448133e-02
  -2.4291517e-02
  -2.0018798e-02
  -1.6744392e-02
  -1.1523161e-02
  -5.4542073e-03
   1.3534828e-03
   4.3712640e-03
   4.9687518e-03
   3.2964402e-03
   1.3162875e-03
   5.5680465e-04
  -6.8105311e-04
  -2.6800716e-03
  -6.2232579e-03
  -9.0198219e-03
  -1.1554911e-02
  -1.4301747e-02
  -1.6283395e-02
  -1.6279392e-02
  -1.4709483e-02
  -1.3408817e-02
  -1.2916101e-02
  -1.1270017e-02
  -5.7398996e-03
  -2.6401592e-04
   4.9315953e-03
   8.8003436e-03
   1.1251813e-02
   1.2815198e-02
   1.5647255e-02
   1.7483339e-02
   1.8132463e-02
   1.6715948e-02
   1.2683605e-02
   8.7400135e-03
   4.6435349e-03
   1.8910102e-03
  -1.8655128e-03
  -6.1989087e-03
  -1.0598038e-02
  -1.2819292e-02
  -1.3980506e-02
  -1.3422209e-02
  -1.0948287e-02
  -7.4016210e-03
  -2.1327976e-03
   2.9297906e-03
   7.7430280e-03
   1.1173953e-02
   1.5710747e-02
   1.7998613e-02
   1.7470928e-02
   1.4275339e-02
   8.2673515e-03
  -9.9034570e-03
  -2.1740565e-02
  -3.1246668e-02
  -4.0099747e-02
  -4.5253623e-02
  -4.8907481e-02
  -5.1727809e-02
  -5.2079741e-02
  -4.8017029e-02
  -4.0912136e-02
  -3.5225026e-02
  -2.9696940e-02
  -2.4165627e-02
  -1.5403683e-02
  -7.3584090e-03
   7.6478679e-04
   4.9993219e-03
   6.4021093e-03
   4.9053198e-03
   2.7452307e-03
   1.9294105e-03
  -2.3628354e-04
  -3.0443380e-03
  -8.1132604e-03
  -1.3143399e-02
  -1.8336443e-02
  -2.1824971e-02
  -2.3753028e-02
  -2.4509339e-02
  -2.3575677e-02
  -2.3803141e-02
  -2.6091123e-02
  -2.4064616e-02
  -1.0855952e-02
  -2.1490934e-03
   2.9078373e-04
   1.6793690e-03
   2.6054601e-03
   4.7303722e-03
   7.5763171e-03
   8.9132674e-03
   8.3098207e-03
   5.6534046e-03
   7.2491041e-04
  -3.6381097e-03
  -7.4995160e-03
  -1.1088672e-02
  -1.6252117e-02
  -2.1682559e-02
  -2.6763016e-02
  -2.8904263e-02
  -2.8888339e-02
  -2.6574900e-02
  -2.2102114e-02
  -1.7743694e-02
  -1.2145585e-02
  -7.4200057e-03
  -3.7048336e-03
  -7.6729129e-04
   4.1198269e-03
   9.2981420e-03
   1.0983387e-02
   7.7308058e-03
  -2.9530231e-04
  -1.7566727e-02
  -3.0980343e-02
  -4.1482326e-02
  -4.9813613e-02
  -5.3926416e-02
  -5.7702169e-02
  -5.9254356e-02
  -5.6718238e-02
  -5.0673205e-02
  -4.3343239e-02
  -3.8292702e-02
  -3.0498823e-02
  -2.2066973e-02
  -1.0803784e-02
  -2.6654461e-03
   4.2646495e-03
   7.3398529e-03
   8.0842162e-03
   5.6715449e-03
   2.9220674e-03
   7.0354703e-04
  -2.3803075e-03
  -6.7262631e-03
  -1.3127553e-02
  -1.9720228e-02
  -2.5378881e-02
  -2.8389433e-02
  -2.9436190e-02
  -2.9938720e-02
  -2.9571369e-02
  -3.0421266e-02
  -3.7591286e-02
  -4.1139452e-02
  -2.3901816e-03
  -8.4565725e-04
  -4.0616957e-03
  -6.0100709e-03
  -4.8811520e-03
  -2.3986211e-03
   3.3260279e-04
   7.2855293e-04
  -6.1564246e-04
  -3.9490331e-03
  -8.6885747e-03
  -1.2747082e-02
  -1.7048275e-02
  -2.1563793e-02
  -2.7080325e-02
  -3.2283172e-02
  -3.7097678e-02
  -3.8415603e-02
  -3.7005939e-02
  -3.3759017e-02
  -2.9212305e-02
  -2.4650464e-02
  -1.8027285e-02
  -1.2536724e-02
  -8.7709110e-03
  -5.1308256e-03
   2.5556595e-03
   9.4119776e-03
   8.9606959e-03
   3.3160823e-03
  -6.7657176e-03
  -2.4927823e-02
  -3.9293956e-02
  -4.8732519e-02
  -5.5588420e-02
  -5.8878809e-02
  -6.2330876e-02
  -6.1187193e-02
  -5.4631777e-02
  -4.6162751e-02
  -3.8701460e-02
  -3.6694661e-02
  -2.7505618e-02
  -1.1426382e-02
  -1.1398031e-03
   4.9112742e-03
   8.4256073e-03
   9.6023912e-03
   8.8106040e-03
   5.7072146e-03
   2.1503011e-03
  -1.6477302e-03
  -6.0742730e-03
  -1.1899025e-02
  -1.9146914e-02
  -2.5896948e-02
  -3.0051265e-02
  -3.2389678e-02
  -3.2493684e-02
  -3.2694139e-02
  -3.1506650e-02
  -3.2433063e-02
  -3.4731151e-02
   0.0000000e+00
   0.0000000e+00
  -1.1473573e-04
  -8.2780672e-03
  -1.0838445e-02
  -8.6378260e-03
  -6.7094830e-03
  -4.8299008e-03
  -6.2492634e-03
  -8.2543371e-03
  -1.2073820e-02
  -1.6226847e-02
  -2.0004606e-02
  -2.4505520e-02
  -2.9496349e-02
  -3.5198435e-02
  -3.9805662e-02
  -4.2851679e-02
  -4.1719478e-02
  -3.8077906e-02
  -3.4370635e-02
  -3.0449623e-02
  -2.6044229e-02
  -1.9304195e-02
  -1.3929402e-02
  -9.3499953e-03
  -3.4433377e-03
   7.7084843e-03
   1.3602672e-02
   8.4294705e-03
  -6.3233264e-04
  -1.3325744e-02
  -3.3064391e-02
  -4.5970256e-02
  -5.2876826e-02
  -5.7420838e-02
  -5.9983410e-02
  -6.0686912e-02
  -5.5471607e-02
  -4.6034704e-02
  -3.4853596e-02
  -2.8442887e-02
  -2.9823804e-02
  -2.6896243e-02
   3.4089758e-03
   5.8651542e-03
   1.0615477e-02
   1.0087249e-02
   9.7165974e-03
   7.9155327e-03
   4.4801389e-03
   9.1213261e-04
  -4.0782187e-03
  -9.8357933e-03
  -1.6033193e-02
  -2.3831650e-02
  -2.8603457e-02
  -3.1931905e-02
  -3.2945462e-02
  -3.2375937e-02
  -3.2718137e-02
  -2.9531974e-02
  -3.1407788e-02
  -2.3353225e-02
   0.0000000e+00
   0.0000000e+00
  -0.0000000e+00
  -1.3052420e-02
  -1.3730516e-02
  -1.0730800e-02
  -9.1963131e-03
  -9.3735564e-03
  -1.1316993e-02
  -1.4692265e-02
  -1.8048737e-02
  -2.1512156e-02
  -2.5030326e-02
  -2.9446533e-02
  -3.4383364e-02
  -3.9413451e-02
  -4.2700090e-02
  -4.1982974e-02
  -3.6306672e-02
  -2.9832352e-02
  -2.6219215e-02
  -2.4400087e-02
  -2.1118550e-02
  -1.5477193e-02
  -1.0922676e-02
  -5.0005208e-03
   2.9418392e-03
   1.5287151e-02
   1.6872397e-02
   5.8508686e-03
  -6.3938317e-03
  -2.0858360e-02
  -3.9074621e-02
  -4.7420616e-02
  -5.0924736e-02
  -5.2661780e-02
  -5.2968073e-02
  -5.0150047e-02
  -4.0871563e-02
  -4.0936501e-02
  -2.2690168e-02
  -1.6776578e-02
  -1.5406832e-02
  -1.8601649e-02
   1.2740913e-02
   7.0602166e-03
   1.1233861e-02
   9.9039261e-03
   7.8972499e-03
   5.3713623e-03
   2.8811227e-03
  -8.5405178e-04
  -5.8113545e-03
  -1.2123674e-02
  -1.8579546e-02
  -2.4669088e-02
  -2.8103148e-02
  -3.0669950e-02
  -3.0109573e-02
  -3.0104110e-02
  -2.9529722e-02
  -2.6502749e-02
  -2.6889583e-02
  -1.6679333e-02
  -2.6453654e-02
   0.0000000e+00
  -0.0000000e+00
  -1.3980051e-02
  -1.4182673e-02
  -1.1972501e-02
  -1.1466160e-02
  -1.3211507e-02
  -1.5195220e-02
  -1.8574036e-02
  -2.1295476e-02
  -2.3994242e-02
  -2.7185164e-02
  -3.1307669e-02
  -3.5207788e-02
  -3.8347716e-02
  -3.8542645e-02
  -3.1369260e-02
  -2.1087789e-02
  -1.2604775e-02
  -1.0999704e-02
  -1.2370264e-02
  -1.0750743e-02
  -7.1042259e-03
  -3.0155978e-03
   3.3316367e-03
   1.0977893e-02
   1.8985233e-02
   1.4360087e-02
  -1.2409020e-03
  -1.4225754e-02
  -2.8085714e-02
  -3.8705036e-02
  -4.0372662e-02
  -4.0271364e-02
  -4.0519737e-02
  -3.8477782e-02
  -3.3248253e-02
  -2.6071440e-02
  -2.4817001e-02
  -1.0962530e-02
  -6.1942362e-03
  -1.8777200e-03
  -1.8914846e-03
   0.0000000e+00
   7.1632115e-03
   8.6261164e-03
   5.1667388e-03
   2.5822360e-03
   1.3486088e-03
   2.5791104e-04
  -3.1099892e-03
  -6.9090775e-03
  -1.3246554e-02
  -1.8790193e-02
  -2.2495726e-02
  -2.5405379e-02
  -2.6694795e-02
  -2.6067179e-02
  -2.6251150e-02
  -2.5307819e-02
  -2.2757836e-02
  -2.0445999e-02
  -1.0795629e-02
  -1.8780044e-02
   0.0000000e+00
  -0.0000000e+00
  -1.2987974e-02
  -1.3844606e-02
  -1.2137849e-02
  -1.2825910e-02
  -1.5147828e-02
  -1.7188592e-02
  -1.9757526e-02
  -2.1858413e-02
  -2.4015179e-02
  -2.6316755e-02
  -2.9561708e-02
  -3.1629838e-02
  -3.1319313e-02
  -2.6384588e-02
  -1.3417509e-02
  -3.2726829e-03
   1.9621018e-03
  -5.9973949e-04
  -5.0324230e-03
  -4.7836322e-03
  -2.4855563e-03
   1.3089181e-03
   6.7928713e-03
   1.1545535e-02
   1.2872952e-02
   4.3837028e-03
  -1.0729101e-02
  -2.1198671e-02
  -3.1553283e-02
  -2.9816503e-02
  -2.5004578e-02
  -2.3266897e-02
  -2.4375593e-02
  -2.2026420e-02
  -1.5288072e-02
  -1.4871384e-02
  -2.0849995e-02
   6.8582288e-04
   1.6697818e-03
   4.3456098e-03
   1.9155704e-03
  -1.6102407e-03
   0.0000000e+00
   2.8242196e-03
  -1.8018988e-03
  -3.5786950e-03
  -2.7769370e-03
  -2.5708743e-03
  -4.4461566e-03
  -7.3842611e-03
  -1.2787674e-02
  -1.6657490e-02
  -1.9044041e-02
  -2.1007834e-02
  -2.1921744e-02
  -2.2007756e-02
  -2.1891049e-02
  -2.1345237e-02
  -1.8547868e-02
  -1.3785565e-02
  -1.1421248e-03
  -6.5098062e-03
   0.0000000e+00
   0.0000000e+00
  -1.2416823e-02
  -1.3170269e-02
  -1.1685119e-02
  -1.2914224e-02
  -1.5801691e-02
  -1.7640509e-02
  -1.9544530e-02
  -2.0868476e-02
  -2.2181848e-02
  -2.3351394e-02
  -2.4687163e-02
  -2.4300149e-02
  -1.9285663e-02
  -9.9521950e-03
   1.4929548e-03
   4.5732781e-03
   4.2817418e-03
  -1.5752476e-03
  -7.2354464e-03
  -7.1544675e-03
  -5.7721914e-03
  -2.7021386e-03
   1.4118319e-03
   3.4251581e-03
   1.1189763e-03
  -6.6184616e-03
  -1.6878222e-02
  -2.2944877e-02
  -2.7995169e-02
  -1.3981815e-02
  -5.8261076e-03
  -6.5860176e-03
  -9.2064371e-03
  -6.9927694e-03
  -1.4031241e-03
  -3.0347457e-03
   0.0000000e+00
   0.0000000e+00
   5.9383036e-03
   6.0938960e-03
   4.1064213e-03
   2.8539708e-04
   0.0000000e+00
  -1.7007727e-03
  -6.5522729e-03
  -7.0759919e-03
  -4.9813458e-03
  -3.8268822e-03
  -4.3609625e-03
  -6.5459060e-03
  -1.0321676e-02
  -1.2860585e-02
  -1.4524184e-02
  -1.5813490e-02
  -1.7172485e-02
  -1.8218610e-02
  -1.8308533e-02
  -1.7902577e-02
  -1.4220968e-02
  -6.9133583e-03
   9.8802267e-03
   6.6394771e-03
   0.0000000e+00
   0.0000000e+00
  -0.0000000e+00
  -1.1970033e-02
  -1.1292730e-02
  -1.3044216e-02
  -1.6363618e-02
  -1.7824566e-02
  -1.8651591e-02
  -1.8893424e-02
  -1.9002752e-02
  -1.8929604e-02
  -1.7875218e-02
  -1.4561118e-02
  -4.9910888e-03
   3.5514245e-03
   6.3388356e-03
   4.5042438e-03
   3.3923331e-03
  -4.2138370e-03
  -8.8101705e-03
  -8.6928876e-03
  -9.5754393e-03
  -8.0163619e-03
  -5.2137057e-03
  -4.3248227e-03
  -6.5999435e-03
  -1.0955640e-02
  -1.5467603e-02
  -1.7389286e-02
  -1.7566980e-02
   5.1937159e-03
   1.3102232e-02
   2.0071347e-03
  -1.2930120e-03
   5.4000977e-03
   7.7207308e-03
   0.0000000e+00
   0.0000000e+00
   0.0000000e+00
   7.3747043e-03
   6.4598713e-03
   4.7263992e-03
   3.1579343e-03
   7.0071047e-04
  -3.0026771e-03
  -8.3004236e-03
  -7.5526205e-03
  -4.6413573e-03
  -3.0711347e-03
  -2.7546016e-03
  -3.9331084e-03
  -6.1049033e-03
  -7.7560870e-03
  -9.1298129e-03
  -1.0527007e-02
  -1.2859894e-02
  -1.4957389e-02
  -1.5594767e-02
  -1.4810342e-02
  -9.6376948e-03
   4.3683930e-04
   2.0875599e-02
   2.0040078e-02
   0.0000000e+00
   0.0000000e+00
   0.0000000e+00
  -1.0751132e-02
  -1.2023854e-02
  -1.4925402e-02
  -1.7820120e-02
  -1.8218914e-02
  -1.7248798e-02
  -1.6106809e-02
  -1.4908205e-02
  -1.3498778e-02
  -9.9784695e-03
  -3.6660088e-03
   1.1051114e-02
   1.4156074e-02
   5.7294320e-03
   3.5245177e-03
   4.0491236e-03
  -3.1816761e-03
  -5.4863743e-03
  -6.8125366e-03
  -1.1202217e-02
  -1.0742567e-02
  -8.0584185e-03
  -6.6523133e-03
  -6.9075511e-03
  -7.7617872e-03
  -7.9233907e-03
  -6.8908939e-03
  -3.0783713e-03
   2.4641378e-02
   3.5892055e-02
   0.0000000e+00
   0.0000000e+00
   1.8146736e-02
   1.8146735e-02
   0.0000000e+00
   0.0000000e+00
   0.0000000e+00
   7.2299173e-03
   6.4434279e-03
   5.5149947e-03
   4.2361235e-03
   1.4379979e-03
  -3.1070539e-03
  -7.6167006e-03
  -5.7646735e-03
  -2.3759075e-03
  -5.6470203e-04
   4.2758026e-04
   3.0604785e-04
  -6.4668525e-04
  -1.8127342e-03
  -3.4009358e-03
  -5.6108711e-03
  -9.2955399e-03
  -1.2259404e-02
  -1.3243269e-02
  -1.1698896e-02
  -4.7786641e-03
   7.9439972e-03
   3.1334721e-02
   3.2586482e-02
   0.0000000e+00
   0.0000000e+00
   0.0000000e+00
   0.0000000e+00
  -1.3801587e-02
  -1.8936129e-02
  -2.0389603e-02
  -1.8599845e-02
  -1.5391267e-02
  -1.2826391e-02
  -1.0327653e-02
  -7.4962224e-03
  -1.5370321e-03
   7.9252804e-03
   2.9360598e-02
   4.0826889e-02
   0.0000000e+00
   0.0000000e+00
   3.5695317e-03
  -8.3768106e-04
  -7.9488597e-04
  -5.2601672e-03
  -1.2451094e-02
  -1.1259298e-02
  -6.9998931e-03
  -4.1173198e-03
  -1.9416407e-03
  -2.9323576e-04
   2.0911777e-03
   5.1283413e-03
   1.2605048e-02
   4.2734002e-02
   5.2871624e-02
   0.0000000e+00
   0.0000000e+00
   0.0000000e+00
   0.0000000e+00
   0.0000000e+00
   0.0000000e+00
   0.0000000e+00
   6.7677320e-03
   6.8367747e-03
   6.7748531e-03
   6.3023665e-03
   2.3757138e-03
  -2.8457835e-03
  -4.6714203e-03
  -2.2728093e-03
   1.2707569e-03
   3.3461084e-03
   4.8980425e-03
   5.6669550e-03
   5.4068537e-03
   4.2575727e-03
   2.1020981e-03
  -1.4037695e-03
  -6.3542922e-03
  -9.9260362e-03
  -1.0952217e-02
  -8.5270519e-03
   2.0270036e-04
   1.5141425e-02
   4.0839916e-02
   4.4234536e-02
   0.0000000e+00
   0.0000000e+00
   0.0000000e+00
   0.0000000e+00
  -1.4382187e-02
  -2.3961151e-02
  -2.3468115e-02
  -1.8574097e-02
  -1.3177358e-02
  -9.3998633e-03
  -5.6013982e-03
  -1.2728128e-03
   7.0826213e-03
   2.0306468e-02
   4.9033024e-02
   6.1431889e-02
   0.0000000e+00
   0.0000000e+00
  -0.0000000e+00
   1.2325224e-03
   2.9108045e-03
  -5.0691825e-03
  -1.2374587e-02
  -8.5460028e-03
  -2.1941671e-03
   1.8623032e-03
   5.5480316e-03
   8.6084700e-03
   1.2491783e-02
   1.7146379e-02
   2.7672107e-02
   6.0298540e-02
   6.7449315e-02
   0.0000000e+00
   0.0000000e+00
   0.0000000e+00
   0.0000000e+00
   0.0000000e+00
   0.0000000e+00
   0.0000000e+00
   8.5408464e-03
   9.3929544e-03
   9.8800454e-03
   8.4243231e-03
   4.0863059e-03
   1.1369454e-03
   1.6813218e-03
   4.0812190e-03
   7.4554691e-03
   9.8463818e-03
   1.1982719e-02
   1.3253642e-02
   1.2983184e-02
   1.1596134e-02
   7.9325149e-03
   2.4002681e-03
  -4.1907588e-03
  -8.2006045e-03
  -8.5703442e-03
  -4.3133553e-03
   6.6524823e-03
   2.3061292e-02
   4.9366552e-02
   5.5098257e-02
   0.0000000e+00
   0.0000000e+00
   0.0000000e+00
   0.0000000e+00
  -1.4360831e-02
  -3.1989358e-02
  -2.7795667e-02
  -1.7898861e-02
  -9.9103497e-03
  -5.0950521e-03
   3.6402736e-05
   6.1213374e-03
   1.7973537e-02
   3.6565892e-02
   6.1361268e-02
   6.4116031e-02
   0.0000000e+00
   0.0000000e+00
   0.0000000e+00
   7.0074378e-03
   5.9446734e-03
  -8.3489539e-03
  -1.0144825e-02
  -1.6081164e-03
   5.8607296e-03
   1.0144541e-02
   1.4647989e-02
   1.8528515e-02
   2.3610365e-02
   2.9996108e-02
   4.3311734e-02
   6.9913663e-02
   7.2444811e-02
   0.0000000e+00
   0.0000000e+00
   0.0000000e+00
   0.0000000e+00
   0.0000000e+00
   0.0000000e+00
   0.0000000e+00
   1.3110635e-02
   1.3768973e-02
   1.3814260e-02
   1.1471055e-02
   7.6608620e-03
   6.0032867e-03
   7.0228944e-03
   9.2119444e-03
   1.2409559e-02
   1.5064623e-02
   1.7376655e-02
   1.8442532e-02
   1.7763007e-02
   1.5613349e-02
   1.0066136e-02
   2.9365523e-03
  -4.3611632e-03
  -7.9461262e-03
  -6.5720295e-03
  -5.7726307e-04
   1.1754523e-02
   2.8258635e-02
   5.0248127e-02
   3.3405715e-02
   1.8234076e-02
   0.0000000e+00
   0.0000000e+00
   0.0000000e+00
  -2.1063679e-02
  -3.7280820e-02
  -3.1293103e-02
  -1.7235829e-02
  -7.8033046e-03
  -2.3876149e-03
   3.9005897e-03
   1.1631975e-02
   2.6860459e-02
   4.9910735e-02
   7.3245810e-02
   6.4116032e-02
   0.0000000e+00
   0.0000000e+00
   0.0000000e+00
   1.1523563e-02
   7.1892069e-03
  -1.2378174e-02
  -7.2642546e-03
   3.2399129e-03
   1.0291828e-02
   1.4753802e-02
   1.9715446e-02
   2.3964439e-02
   2.9943816e-02
   3.7649654e-02
   5.2522193e-02
   7.6420814e-02
   7.5444913e-02
   0.0000000e+00
   0.0000000e+00
   0.0000000e+00
   0.0000000e+00
   0.0000000e+00
   0.0000000e+00
   0.0000000e+00
   1.8119905e-02
   1.8281586e-02
   1.7176655e-02
   1.4423334e-02
   1.1236471e-02
   1.0303050e-02
   1.1413268e-02
   1.3455385e-02
   1.6729369e-02
   1.9617276e-02
   2.1759590e-02
   2.2304650e-02
   2.0853118e-02
   1.7398076e-02
   9.8415628e-03
   1.6841452e-03
  -5.4385311e-03
  -7.6716002e-03
  -4.1098043e-03
   3.3396159e-03
   1.6434836e-02
   3.2084011e-02
   4.9498636e-02
   3.2164134e-02
   2.1175525e-02
   0.0000000e+00
   0.0000000e+00
   0.0000000e+00
  -0.0000000e+00
  -4.2341396e-02
  -3.4224348e-02
  -1.6331561e-02
  -5.9679946e-03
   1.8316448e-04
   7.9281670e-03
   1.7529886e-02
   3.6145194e-02
   6.2867746e-02
   8.1396978e-02
   0.0000000e+00
   0.0000000e+00
   0.0000000e+00
   0.0000000e+00
   0.0000000e+00
   1.2644957e-02
  -0.0000000e+00
  -3.5003545e-03
   7.0115756e-03
   1.3583640e-02
   1.8394660e-02
   2.3811942e-02
   2.8681092e-02
   3.5805596e-02
   4.4716850e-02
   6.0243260e-02
   8.0530591e-02
   7.5915196e-02
   0.0000000e+00
   0.0000000e+00
   0.0000000e+00
   0.0000000e+00
   0.0000000e+00
   0.0000000e+00
   0.0000000e+00
   2.3207653e-02
   2.2187317e-02
   1.9968668e-02
   1.7092433e-02
   1.4494671e-02
   1.3947332e-02
   1.4990538e-02
   1.7016696e-02
   2.0448120e-02
   2.3376537e-02
   2.5004866e-02
   2.4802437e-02
   2.2134906e-02
   1.7004516e-02
   7.6849810e-03
  -8.0710812e-04
  -6.7311442e-03
  -6.9297925e-03
  -1.1334461e-03
   7.4525243e-03
   2.0948119e-02
   3.5540190e-02
   4.8444740e-02
   3.2636706e-02
   2.3701411e-02
   0.0000000e+00
   0.0000000e+00
   0.0000000e+00
   0.0000000e+00
  -4.7597246e-02
  -3.5272315e-02
  -1.4852857e-02
  -3.8359691e-03
   3.1579924e-03
   1.2506612e-02
   2.3939334e-02
   4.5278259e-02
   7.3660076e-02
   8.5100632e-02
   0.0000000e+00
   0.0000000e+00
   0.0000000e+00
   0.0000000e+00
   0.0000000e+00
   1.0180397e-02
  -0.0000000e+00
   5.1076052e-04
   1.0158469e-02
   1.6488597e-02
   2.1795446e-02
   2.7853563e-02
   3.3568107e-02
   4.1903727e-02
   5.1703453e-02
   6.6984192e-02
   8.2731880e-02
   7.3013711e-02
   0.0000000e+00
   0.0000000e+00
   0.0000000e+00
   0.0000000e+00
   0.0000000e+00
   0.0000000e+00
   0.0000000e+00
   2.8523198e-02
   2.5106352e-02
   2.2323539e-02
   1.9499388e-02
   1.7395255e-02
   1.7052816e-02
   1.8020454e-02
   2.0237627e-02
   2.3796784e-02
   2.6412815e-02
   2.7079423e-02
   2.5871560e-02
   2.1297793e-02
   1.4055012e-02
   3.4145395e-03
  -4.5239394e-03
  -7.8286559e-03
  -5.2151834e-03
   2.7383485e-03
   1.2153050e-02
   2.5847550e-02
   3.9658138e-02
   4.8012146e-02
   3.0756034e-02
   2.3246151e-02
   0.0000000e+00
   0.0000000e+00
   0.0000000e+00
   0.0000000e+00
   0.0000000e+00
  -3.3002431e-02
  -1.2305219e-02
  -7.1811831e-04
   7.2933402e-03
   1.8429469e-02
   3.1588225e-02
   5.4554902e-02
   8.1374726e-02
   8.6979387e-02
   0.0000000e+00
   0.0000000e+00
   0.0000000e+00
   0.0000000e+00
   0.0000000e+00
   5.4442310e-03
  -0.0000000e+00
   4.6368215e-03
   1.3196300e-02
   1.9786803e-02
   2.5784545e-02
   3.2906540e-02
   3.9781328e-02
   4.9361031e-02
   5.9587301e-02
   7.3544649e-02
   7.9160511e-02
   5.7910893e-02
   3.7811632e-02
   0.0000000e+00
   0.0000000e+00
   0.0000000e+00
   0.0000000e+00
   0.0000000e+00
   3.8579655e-02
   3.2461433e-02
   2.7452007e-02
   2.3950576e-02
   2.0891208e-02
   1.8961669e-02
   1.8869542e-02
   2.0045313e-02
   2.2345420e-02
   2.5434187e-02
   2.6743393e-02
   2.5510213e-02
   2.2401143e-02
   1.4988286e-02
   6.2573291e-03
  -3.3558096e-03
  -7.7463430e-03
  -6.0671309e-03
  -5.4023019e-04
   9.1410268e-03
   1.9187624e-02
   3.2893054e-02
   4.6158917e-02
   4.5507400e-02
   3.1613463e-02
   2.3246152e-02
   0.0000000e+00
   0.0000000e+00
   0.0000000e+00
   0.0000000e+00
   0.0000000e+00
  -2.3811505e-02
  -5.2210088e-03
   6.4778972e-03
   1.5728338e-02
   2.8098140e-02
   4.1563079e-02
   6.1704885e-02
   7.8290500e-02
   6.6162040e-02
   0.0000000e+00
   0.0000000e+00
   0.0000000e+00
   0.0000000e+00
   0.0000000e+00
   5.4442303e-03
  -0.0000000e+00
   1.0594549e-02
   1.8477365e-02
   2.6290846e-02
   3.3285439e-02
   4.1795018e-02
   5.0123461e-02
   6.0736627e-02
   6.9537833e-02
   7.8061914e-02
   7.1034819e-02
   4.8712734e-02
   1.9130607e-02
   6.3080180e-03
   0.0000000e+00
   0.0000000e+00
   0.0000000e+00
   0.0000000e+00
   3.9998228e-02
   3.2143638e-02
   2.7641945e-02
   2.3229079e-02
   1.9687461e-02
   1.7776400e-02
   1.7750343e-02
   1.8976023e-02
   2.1071786e-02
   2.3345301e-02
   2.3409305e-02
   2.0678477e-02
   1.6284116e-02
   8.1515303e-03
   1.7205473e-04
  -6.3966596e-03
  -7.4215191e-03
  -2.8164135e-03
   4.1375794e-03
   1.4496366e-02
   2.4764562e-02
   3.8480341e-02
   5.2491356e-02
   5.3214494e-02
   3.1742663e-02
   0.0000000e+00
   0.0000000e+00
   0.0000000e+00
   0.0000000e+00
   0.0000000e+00
   0.0000000e+00
  -1.5425728e-02
   1.1988434e-03
   1.3436643e-02
   2.2850970e-02
   3.4800716e-02
   4.6757899e-02
   6.2181283e-02
   7.0395567e-02
   5.1764934e-02
   0.0000000e+00
   0.0000000e+00
   0.0000000e+00
   0.0000000e+00
   0.0000000e+00
   0.0000000e+00
   0.0000000e+00
   1.9644121e-02
   2.3964345e-02
   3.1707324e-02
   3.8841747e-02
   4.8101529e-02
   5.6946255e-02
   6.6756457e-02
   7.2743714e-02
   7.5426206e-02
   6.0579997e-02
   3.8086079e-02
   1.1558879e-02
  -7.1337766e-03
   0.0000000e+00
   0.0000000e+00
   0.0000000e+00
   0.0000000e+00
   3.9267506e-02
   3.0602060e-02
   2.6338864e-02
   2.0853981e-02
   1.6886294e-02
   1.4986081e-02
   1.5074600e-02
   1.6410735e-02
   1.8261736e-02
   1.9673854e-02
   1.8657248e-02
   1.4765795e-02
   9.6091041e-03
   1.6978999e-03
  -4.6798601e-03
  -7.8861238e-03
  -5.9438115e-03
   9.1719872e-04
   8.9185657e-03
   1.9742677e-02
   3.0153360e-02
   4.3782424e-02
   5.6886487e-02
   5.5684569e-02
   0.0000000e+00
   0.0000000e+00
   0.0000000e+00
   0.0000000e+00
   0.0000000e+00
   0.0000000e+00
   0.0000000e+00
  -7.0226329e-03
   7.5417734e-03
   2.0096704e-02
   2.9216092e-02
   4.0136740e-02
   5.0091963e-02
   6.0610060e-02
   6.2176257e-02
   4.1303304e-02
   0.0000000e+00
   0.0000000e+00
   0.0000000e+00
   0.0000000e+00
   0.0000000e+00
  -3.6152804e-03
   0.0000000e+00
   2.7598395e-02
   2.9317440e-02
   3.6592722e-02
   4.3609295e-02
   5.2968446e-02
   6.1601527e-02
   6.9865756e-02
   7.2569765e-02
   6.9425665e-02
   4.6194524e-02
   2.4254314e-02
   3.5018336e-03
  -9.7636819e-03
   0.0000000e+00
   0.0000000e+00
   0.0000000e+00
   3.9308216e-02
   3.6072291e-02
   2.7507162e-02
   2.2943587e-02
   1.6072476e-02
   1.1743393e-02
   9.8580548e-03
   1.0158728e-02
   1.1717659e-02
   1.3268687e-02
   1.3704371e-02
   1.1741121e-02
   7.0351888e-03
   1.7494891e-03
  -4.7454343e-03
  -8.3424263e-03
  -7.5976691e-03
  -2.9772957e-03
   5.5605135e-03
   1.4288697e-02
   2.5407802e-02
   3.5896306e-02
   4.9289845e-02
   5.8888994e-02
   4.5199956e-02
   0.0000000e+00
   0.0000000e+00
   0.0000000e+00
   0.0000000e+00
   0.0000000e+00
   0.0000000e+00
   0.0000000e+00
   2.2510688e-03
   1.4416352e-02
   2.6957098e-02
   3.5185568e-02
   4.4247883e-02
   5.1463618e-02
   5.6525183e-02
   5.3164939e-02
   3.5011955e-02
   0.0000000e+00
   0.0000000e+00
   0.0000000e+00
   0.0000000e+00
   0.0000000e+00
  -3.6152801e-03
   0.0000000e+00
   3.4446597e-02
   3.4949838e-02
   4.1254770e-02
   4.7846072e-02
   5.6426592e-02
   6.3856683e-02
   6.9520239e-02
   6.8083375e-02
   5.8635569e-02
   2.6509294e-02
   9.8036230e-03
  -2.4283393e-03
  -8.8803805e-03
  -9.5242904e-03
   0.0000000e+00
   1.8551003e-02
   2.4503505e-02
   2.4044484e-02
   1.8932471e-02
   1.2673862e-02
   5.0713122e-03
   1.2387251e-03
   1.2731722e-04
   9.9370547e-04
   2.5536462e-03
   3.4956560e-03
   3.2545838e-03
   1.3342593e-03
  -2.4030737e-03
  -5.7960474e-03
  -8.4362747e-03
  -8.0448613e-03
  -3.5805963e-03
   2.8481963e-03
   1.2177531e-02
   2.1012435e-02
   3.1256609e-02
   4.0079836e-02
   4.9727973e-02
   5.0890759e-02
   3.5042491e-02
   0.0000000e+00
   0.0000000e+00
   0.0000000e+00
   0.0000000e+00
   0.0000000e+00
   0.0000000e+00
   0.0000000e+00
   1.5376566e-02
   2.3997391e-02
   3.3304051e-02
   3.9420411e-02
   4.5488235e-02
   4.9364433e-02
   4.9713500e-02
   4.3730099e-02
   2.7938424e-02
   0.0000000e+00
   0.0000000e+00
   0.0000000e+00
   0.0000000e+00
   0.0000000e+00
   1.4323642e-02
   2.8607587e-02
   4.3173977e-02
   3.9675776e-02
   4.4475146e-02
   4.9810842e-02
   5.5927947e-02
   6.0516395e-02
   6.1513245e-02
   5.4211490e-02
   3.9382312e-02
   1.7583374e-02
   8.7544336e-03
  -2.7251633e-03
  -6.1488020e-03
   1.8443634e-03
   1.7740950e-02
   1.8551005e-02
   2.4175194e-02
   1.8277635e-02
   1.0793665e-02
   4.5014601e-03
  -2.1578038e-03
  -5.2871895e-03
  -6.2157245e-03
  -5.5860877e-03
  -4.4713377e-03
  -3.8715964e-03
  -4.1115766e-03
  -5.4166121e-03
  -7.5716162e-03
  -8.9754388e-03
  -8.8333083e-03
  -6.3102921e-03
  -3.1724530e-04
   6.6590314e-03
   1.5886295e-02
   2.4074059e-02
   3.2706110e-02
   3.9146647e-02
   4.5187577e-02
   4.5352377e-02
   3.4775509e-02
   0.0000000e+00
   0.0000000e+00
   0.0000000e+00
   0.0000000e+00
   0.0000000e+00
   0.0000000e+00
   0.0000000e+00
   0.0000000e+00
   2.8807865e-02
   3.6251011e-02
   4.1018158e-02
   4.5163869e-02
   4.7109958e-02
   4.5564084e-02
   3.8512446e-02
   2.4927239e-02
   0.0000000e+00
   0.0000000e+00
   0.0000000e+00
   0.0000000e+00
   0.0000000e+00
   2.3301822e-02
   3.5676517e-02
   4.4797393e-02
   4.1115813e-02
   4.4380213e-02
   4.8320539e-02
   5.2613511e-02
   5.5108979e-02
   5.2398022e-02
   4.1608121e-02
   2.6939202e-02
   1.1728094e-02
   1.0251625e-02
  -2.7515416e-03
  -3.4268962e-03
   5.9146443e-03
   1.7479344e-02
   0.0000000e+00
   0.0000000e+00
   1.0677998e-02
   3.0805678e-03
  -3.4104316e-03
  -9.0043014e-03
  -1.1531550e-02
  -1.2398359e-02
  -1.2083540e-02
  -1.1411610e-02
  -1.1070453e-02
  -1.1187783e-02
  -1.1768830e-02
  -1.2245311e-02
  -1.1698534e-02
  -9.0564657e-03
  -4.7784694e-03
   2.3168190e-03
   9.5529445e-03
   1.8399445e-02
   2.5709344e-02
   3.2625936e-02
   3.6757529e-02
   3.9645694e-02
   3.9210200e-02
   3.8033989e-02
   0.0000000e+00
   0.0000000e+00
   0.0000000e+00
   0.0000000e+00
   0.0000000e+00
   0.0000000e+00
   0.0000000e+00
   0.0000000e+00
   3.3732541e-02
   3.8072672e-02
   4.1804709e-02
   4.4310343e-02
   4.4646095e-02
   4.1622948e-02
   3.3512600e-02
   2.2087081e-02
   0.0000000e+00
   0.0000000e+00
   0.0000000e+00
   0.0000000e+00
   0.0000000e+00
   3.1997348e-02
   4.1705385e-02
   4.4833250e-02
   4.1385613e-02
   4.3107271e-02
   4.5588590e-02
   4.8119850e-02
   4.8684556e-02
   4.2670600e-02
   2.9150048e-02
   1.6606523e-02
   0.0000000e+00
   0.0000000e+00
  -3.9453619e-03
  -6.9138093e-04
   8.4763261e-03
   1.6261593e-02
   0.0000000e+00
   0.0000000e+00
   4.4520591e-03
  -5.1971378e-03
  -1.2990500e-02
  -1.7337367e-02
  -1.9520944e-02
  -2.0549185e-02
  -2.0655002e-02
  -2.0394153e-02
  -2.0168388e-02
  -1.9919095e-02
  -1.9397643e-02
  -1.7638419e-02
  -1.4823719e-02
  -9.7158251e-03
  -3.9883803e-03
   3.6724574e-03
   1.0624200e-02
   1.8310755e-02
   2.3964220e-02
   2.8611301e-02
   3.0332693e-02
   3.0805462e-02
   2.8778188e-02
   2.6995954e-02
   0.0000000e+00
   0.0000000e+00
   0.0000000e+00
   0.0000000e+00
   0.0000000e+00
   0.0000000e+00
   0.0000000e+00
   0.0000000e+00
   4.1663178e-02
   3.7508591e-02
   4.0797620e-02
   4.1906393e-02
   4.0911239e-02
   3.6639996e-02
   2.6784332e-02
   1.7933247e-02
   0.0000000e+00
   0.0000000e+00
   0.0000000e+00
   0.0000000e+00
   0.0000000e+00
   4.2946936e-02
   4.3571239e-02
   4.1422493e-02
   3.8702906e-02
   3.8486518e-02
   3.8976107e-02
   3.9338332e-02
   3.7831481e-02
   2.8803106e-02
   1.3763682e-02
   5.9740124e-03
   0.0000000e+00
   0.0000000e+00
  -3.9453618e-03
  -2.4112242e-04
   4.1188314e-03
   1.3681415e-02
   0.0000000e+00
   0.0000000e+00
   3.0311039e-03
  -1.2240536e-02
  -1.8045947e-02
  -2.1644651e-02
  -2.3683155e-02
  -2.4994031e-02
  -2.5532233e-02
  -2.5711343e-02
  -2.5561560e-02
  -2.4774554e-02
  -2.3251258e-02
  -1.9980134e-02
  -1.5836827e-02
  -9.6269834e-03
  -3.5574695e-03
   3.7262631e-03
   9.8173227e-03
   1.6005110e-02
   2.0088952e-02
   2.2860811e-02
   2.3225091e-02
   2.1921146e-02
   1.6981207e-02
   1.4460103e-02
   0.0000000e+00
   0.0000000e+00
   0.0000000e+00
   0.0000000e+00
   0.0000000e+00
   0.0000000e+00
   0.0000000e+00
   0.0000000e+00
   3.9817929e-02
   3.3196267e-02
   3.6081247e-02
   3.6937318e-02
   3.5842430e-02
   3.1088470e-02
   2.1912398e-02
   1.7937996e-02
   0.0000000e+00
   0.0000000e+00
   0.0000000e+00
   0.0000000e+00
   0.0000000e+00
   4.8672093e-02
   3.7317950e-02
   3.3202387e-02
   3.1911455e-02
   3.1027231e-02
   3.0793458e-02
   3.0396143e-02
   2.8278161e-02
   1.9397046e-02
   5.3699994e-03
   4.3370435e-03
   0.0000000e+00
   0.0000000e+00
   0.0000000e+00
  -0.0000000e+00
   7.6782046e-04
   1.7044207e-03
   0.0000000e+00
   4.5769402e-03
   5.3940830e-04
  -1.3284209e-02
  -1.7510938e-02
  -2.0465006e-02
  -2.2368370e-02
  -2.3874072e-02
  -2.4713162e-02
  -2.5225613e-02
  -2.5222838e-02
  -2.4350034e-02
  -2.2553053e-02
  -1.8888162e-02
  -1.4485889e-02
  -8.2512028e-03
  -2.4178214e-03
   4.2547535e-03
   9.5860269e-03
   1.4754812e-02
   1.7913178e-02
   1.9533259e-02
   1.8860301e-02
   1.5817140e-02
   1.0120186e-02
   7.9170454e-03
   0.0000000e+00
   0.0000000e+00
   0.0000000e+00
   0.0000000e+00
   0.0000000e+00
   0.0000000e+00
   0.0000000e+00
   3.7053912e-02
   3.4541391e-02
   3.0109271e-02
   3.2781996e-02
   3.3804121e-02
   3.2771368e-02
   2.7856869e-02
   1.7996507e-02
   1.4775038e-02
   0.0000000e+00
   0.0000000e+00
   0.0000000e+00
   0.0000000e+00
   0.0000000e+00
   4.8736627e-02
   3.4456216e-02
   2.8996223e-02
   2.8283890e-02
   2.6718005e-02
   2.5890078e-02
   2.4865085e-02
   2.2520371e-02
   1.4587480e-02
   1.9254235e-03
  -2.1813443e-03
   0.0000000e+00
   0.0000000e+00
   0.0000000e+00
  -2.0722136e-03
  -2.5682510e-03
  -2.8839109e-03
   0.0000000e+00
   4.1108865e-03
  -2.9094107e-03
  -1.2001865e-02
  -1.4630461e-02
  -1.6905980e-02
  -1.8662307e-02
  -2.0350002e-02
  -2.1471856e-02
  -2.2313498e-02
  -2.2504102e-02
  -2.1719843e-02
  -1.9914113e-02
  -1.6265394e-02
  -1.2010227e-02
  -6.1874785e-03
  -8.5418043e-04
   5.0394735e-03
   9.5623787e-03
   1.3787613e-02
   1.6174123e-02
   1.6801663e-02
   1.5099507e-02
   1.0126925e-02
   4.4635460e-03
   3.0473727e-03
   0.0000000e+00
   0.0000000e+00
   0.0000000e+00
   0.0000000e+00
   0.0000000e+00
   0.0000000e+00
   1.0397199e-02
   3.0497391e-02
   2.7240593e-02
   2.7157731e-02
   2.9671445e-02
   3.1050185e-02
   3.0153003e-02
   2.5190506e-02
   1.4008221e-02
   9.9218969e-03
   0.0000000e+00
   0.0000000e+00
   0.0000000e+00
   0.0000000e+00
   0.0000000e+00
   0.0000000e+00
   3.2640919e-02
   2.5931710e-02
   2.5519330e-02
   2.3185590e-02
   2.1746062e-02
   2.0073045e-02
   1.7631745e-02
   1.1086094e-02
   9.4270799e-05
  -3.4434003e-03
  -0.0000000e+00
  -1.5702521e-03
   0.0000000e+00
  -3.2552392e-03
  -3.8211185e-03
  -5.1089856e-03
   7.4083090e-04
   1.8833112e-03
  -4.0727518e-03
  -7.5408723e-03
  -9.2221359e-03
  -1.0887936e-02
  -1.2195123e-02
  -1.3444999e-02
  -1.4267659e-02
  -1.4903843e-02
  -1.4990855e-02
  -1.4405410e-02
  -1.3065559e-02
  -1.0185146e-02
  -6.5243794e-03
  -1.0112507e-03
   4.3695383e-03
   1.0642070e-02
   1.5551005e-02
   1.9835703e-02
   2.1333367e-02
   1.8917667e-02
   1.2888621e-02
   3.7574135e-03
  -2.4282131e-03
  -3.9897348e-03
   0.0000000e+00
   0.0000000e+00
   0.0000000e+00
   0.0000000e+00
   0.0000000e+00
  -1.6816602e-02
   2.7517374e-03
   1.7864000e-02
   2.0800807e-02
   2.5596241e-02
   2.7831554e-02
   2.7918682e-02
   2.7415015e-02
   2.2882139e-02
   1.4775194e-02
   1.2928228e-02
   0.0000000e+00
   0.0000000e+00
   0.0000000e+00
   0.0000000e+00
   0.0000000e+00
   0.0000000e+00
   2.4305322e-02
   2.1955684e-02
   2.2480289e-02
   1.8499967e-02
   1.4776753e-02
   1.1344384e-02
   1.0028094e-02
   8.4079932e-03
   2.0901714e-03
  -4.0707653e-04
  -0.0000000e+00
  -1.5062488e-03
   0.0000000e+00
  -1.7894977e-03
  -5.0853997e-03
  -4.7396354e-03
  -1.2435078e-03
  -1.8953870e-03
  -6.4865485e-03
  -1.0440987e-02
  -1.3074227e-02
  -1.5623849e-02
  -1.7337610e-02
  -1.8578793e-02
  -1.9046354e-02
  -1.8951533e-02
  -1.8257481e-02
  -1.6770058e-02
  -1.4753275e-02
  -1.1255868e-02
  -7.1843951e-03
  -1.3210778e-03
   4.3086314e-03
   1.0706180e-02
   1.5286709e-02
   1.8305739e-02
   1.8031416e-02
   1.3921634e-02
   7.8920662e-03
  -1.1994327e-03
  -7.3135444e-03
  -7.1492504e-03
   0.0000000e+00
   0.0000000e+00
   0.0000000e+00
   0.0000000e+00
   0.0000000e+00
  -1.7544967e-02
  -2.8076737e-03
   8.3009783e-03
   1.1612990e-02
   1.7287762e-02
   2.0440308e-02
   2.1364504e-02
   2.7415017e-02
   2.2187012e-02
   1.6878327e-02
   1.2928229e-02
   0.0000000e+00
   0.0000000e+00
   0.0000000e+00
   0.0000000e+00
   0.0000000e+00
   0.0000000e+00
   0.0000000e+00
   2.1532578e-02
   1.8886474e-02
   1.3022892e-02
   9.1133673e-03
   6.4275576e-03
   6.9633615e-03
   8.7572276e-03
   4.9579794e-03
   3.6210128e-03
  -0.0000000e+00
  -7.1597915e-04
   0.0000000e+00
  -8.2923638e-04
  -5.8683268e-03
  -4.6708398e-03
  -3.3455226e-03
  -5.5370578e-03
  -9.4051901e-03
  -1.4012672e-02
  -1.7691432e-02
  -2.1348869e-02
  -2.3783192e-02
  -2.5489558e-02
  -2.6022002e-02
  -2.5622563e-02
  -2.4439182e-02
  -2.2222437e-02
  -1.9569285e-02
  -1.5453818e-02
  -1.1023475e-02
  -4.9741236e-03
   7.1385480e-04
   7.0587089e-03
   1.1328923e-02
   1.3538441e-02
   1.2379257e-02
   7.9721976e-03
   3.2013252e-03
  -4.6555130e-03
  -1.2355150e-02
  -1.0458497e-02
   0.0000000e+00
   0.0000000e+00
   0.0000000e+00
   0.0000000e+00
  -0.0000000e+00
  -1.9768391e-02
  -1.0333320e-02
  -2.9812318e-03
   7.2529214e-04
   7.9676546e-03
   1.2988007e-02
   1.5216153e-02
   0.0000000e+00
   2.1704818e-02
   2.0421347e-02
   0.0000000e+00
   0.0000000e+00
   0.0000000e+00
   0.0000000e+00
   0.0000000e+00
   0.0000000e+00
   0.0000000e+00
   0.0000000e+00
   2.1231590e-02
   1.5680294e-02
   7.9948017e-03
   3.9699478e-03
   2.8561922e-03
   5.5372715e-03
   1.0279812e-02
   7.7223741e-03
   6.9054508e-03
  -8.1134672e-03
  -5.0074737e-04
   0.0000000e+00
   0.0000000e+00
  -5.5908555e-03
  -5.3183509e-03
  -6.3441776e-03
  -9.8970891e-03
  -1.4405221e-02
  -2.0263157e-02
  -2.5519183e-02
  -3.1153754e-02
  -3.5286301e-02
  -3.8753276e-02
  -4.0398144e-02
  -4.0650366e-02
  -3.9550645e-02
  -3.6816422e-02
  -3.3442086e-02
  -2.8527049e-02
  -2.3760934e-02
  -1.7873811e-02
  -1.2577705e-02
  -6.7361025e-03
  -2.8217163e-03
  -5.3861781e-04
  -6.6573531e-04
  -2.0345930e-03
  -2.0979666e-03
  -5.4357156e-03
  -1.9238753e-02
  -2.2236334e-02
   0.0000000e+00
   0.0000000e+00
   0.0000000e+00
   0.0000000e+00
  -2.2793119e-02
  -2.5934807e-02
  -2.4853497e-02
  -2.1740084e-02
  -1.7477569e-02
  -6.5280141e-03
   3.2292124e-03
   5.3505743e-03
   0.0000000e+00
   0.0000000e+00
   0.0000000e+00
   0.0000000e+00
   0.0000000e+00
   0.0000000e+00
   0.0000000e+00
   0.0000000e+00
   0.0000000e+00
   0.0000000e+00
   0.0000000e+00
   2.1137385e-02
   1.2495670e-02
   2.6112311e-03
  -1.3884620e-03
   1.5469159e-03
   7.7123440e-03
   1.5117253e-02
   1.1033557e-02
   9.3189105e-03
  -8.1134669e-03
   1.3270804e-03
  -1.0774011e-03
  -2.2335708e-03
  -6.5105109e-03
  -6.5078386e-03
  -7.8338264e-03
  -1.1289429e-02
  -1.5731536e-02
  -2.2036305e-02
  -2.8068222e-02
  -3.5125665e-02
  -4.0915169e-02
  -4.6734918e-02
  -5.0724406e-02
  -5.3690739e-02
  -5.4696970e-02
  -5.3883631e-02
  -5.1647343e-02
  -4.7527414e-02
  -4.3012004e-02
  -3.6833681e-02
  -3.1142239e-02
  -2.4473088e-02
  -1.8658167e-02
  -1.2431141e-02
  -8.9823809e-03
  -8.8897115e-03
  -7.2056577e-03
  -1.0910665e-03
  -6.9082187e-03
  -2.2236332e-02
   0.0000000e+00
   0.0000000e+00
   0.0000000e+00
  -0.0000000e+00
  -2.6576209e-02
  -3.3580985e-02
  -3.6088590e-02
  -3.5940737e-02
  -3.3049315e-02
  -2.1479201e-02
  -4.1616340e-03
   1.1415236e-03
   0.0000000e+00
   0.0000000e+00
   0.0000000e+00
   0.0000000e+00
   0.0000000e+00
   0.0000000e+00
   0.0000000e+00
   0.0000000e+00
   0.0000000e+00
   0.0000000e+00
   0.0000000e+00
   3.9974656e-02
   1.9850336e-02
   1.3087620e-03
  -4.3317541e-03
   2.5701284e-04
   2.1690868e-02
   2.7502181e-02
   1.7900288e-02
   5.3471055e-03
   0.0000000e+00
   2.6318860e-03
   1.1313583e-03
  -4.3653452e-03
  -7.1537078e-03
  -7.5111058e-03
  -8.4686931e-03
  -1.1188629e-02
  -1.5024940e-02
  -2.0906351e-02
  -2.6698019e-02
  -3.3704182e-02
  -3.9698578e-02
  -4.6202722e-02
  -5.1216245e-02
  -5.5775407e-02
  -5.8371507e-02
  -5.9465274e-02
  -5.8678690e-02
  -5.5887565e-02
  -5.2229315e-02
  -4.6596586e-02
  -4.0889576e-02
  -3.3722164e-02
  -2.6816256e-02
  -1.7900181e-02
  -1.1347033e-02
  -1.0685559e-02
  -1.2007141e-02
  -1.5591017e-03
  -9.6638994e-05
   0.0000000e+00
   0.0000000e+00
   0.0000000e+00
   0.0000000e+00
  -2.1314746e-02
  -2.8011093e-02
  -3.6513476e-02
  -4.0722642e-02
  -4.3003632e-02
  -4.2620648e-02
  -3.3747362e-02
  -1.2724931e-02
   2.3730046e-04
   0.0000000e+00
   0.0000000e+00
   0.0000000e+00
   0.0000000e+00
   0.0000000e+00
   0.0000000e+00
   0.0000000e+00
   0.0000000e+00
   0.0000000e+00
   0.0000000e+00
   0.0000000e+00
   5.2475799e-02
   3.2901607e-02
   4.6853766e-03
  -4.2749366e-03
  -4.7309260e-03
   0.0000000e+00
   3.2647798e-02
   2.1892071e-02
   7.4889347e-03
   0.0000000e+00
   0.0000000e+00
   4.0716212e-03
  -4.4178176e-03
  -7.5779399e-03
  -8.5733132e-03
  -8.9458786e-03
  -1.0643341e-02
  -1.3603549e-02
  -1.8714560e-02
  -2.3899579e-02
  -3.0331882e-02
  -3.6036491e-02
  -4.2678431e-02
  -4.8299391e-02
  -5.4111537e-02
  -5.8166977e-02
  -6.1243832e-02
  -6.2130943e-02
  -6.1026748e-02
  -5.8578424e-02
  -5.3920623e-02
  -4.8438460e-02
  -4.0929742e-02
  -3.3173390e-02
  -2.1828147e-02
  -1.1971967e-02
  -1.0624499e-02
  -1.7182276e-02
  -4.1639488e-03
   0.0000000e+00
  -0.0000000e+00
  -1.1268157e-02
  -3.7013775e-04
  -9.8380687e-03
  -2.0199166e-02
  -2.8850611e-02
  -3.7707005e-02
  -4.3207668e-02
  -4.8074033e-02
  -5.0939504e-02
  -4.6477847e-02
  -3.7101016e-02
   0.0000000e+00
   0.0000000e+00
   0.0000000e+00
   0.0000000e+00
   0.0000000e+00
   0.0000000e+00
   0.0000000e+00
   0.0000000e+00
   0.0000000e+00
   0.0000000e+00
   0.0000000e+00
   0.0000000e+00
   6.3531388e-02
   4.8416764e-02
   1.0100378e-02
  -1.6648227e-03
   0.0000000e+00
   0.0000000e+00
   3.5049908e-02
   2.5226629e-02
   1.0261555e-02
   0.0000000e+00
   0.0000000e+00
   6.1511045e-03
  -3.2118192e-03
  -8.6073305e-03
  -1.0114542e-02
  -9.9696210e-03
  -1.0104904e-02
  -1.1398822e-02
  -1.5030785e-02
  -1.9019166e-02
  -2.3879222e-02
  -2.8330582e-02
  -3.3883224e-02
  -3.8926391e-02
  -4.4546777e-02
  -4.8986389e-02
  -5.3391732e-02
  -5.6281808e-02
  -5.8089547e-02
  -5.8158350e-02
  -5.6144569e-02
  -5.2387374e-02
  -4.5645658e-02
  -3.7977442e-02
  -2.5181097e-02
  -1.0706262e-02
  -4.7752312e-03
  -2.3727952e-02
  -3.1469058e-02
   0.0000000e+00
  -3.6085919e-02
  -1.1268157e-02
  -3.7013782e-04
  -9.8380697e-03
  -1.7784109e-02
  -2.4605519e-02
  -3.2363558e-02
  -3.9401157e-02
  -4.8462340e-02
  -5.7187018e-02
  -6.3458854e-02
  -6.0232928e-02
   0.0000000e+00
   0.0000000e+00
   0.0000000e+00
   0.0000000e+00
   0.0000000e+00
   0.0000000e+00
   0.0000000e+00
   0.0000000e+00
   0.0000000e+00
   0.0000000e+00
   0.0000000e+00
   0.0000000e+00
   6.9001837e-02
   6.2282745e-02
   2.0402431e-02
   3.1503257e-03
   0.0000000e+00
   0.0000000e+00
   2.6042768e-02
   3.0819420e-02
   0.0000000e+00
   0.0000000e+00
   1.0917233e-02
   6.4630788e-03
  -2.3468914e-03
  -8.1149377e-03
  -1.0436411e-02
  -1.0484176e-02
  -1.0219753e-02
  -1.0437244e-02
  -1.2853733e-02
  -1.6090915e-02
  -1.9966302e-02
  -2.3474699e-02
  -2.7972948e-02
  -3.2174263e-02
  -3.7033258e-02
  -4.1056298e-02
  -4.5402891e-02
  -4.8951197e-02
  -5.2431419e-02
  -5.4366790e-02
  -5.4732672e-02
  -5.2699570e-02
  -4.7095700e-02
  -4.0038079e-02
  -2.7549766e-02
  -1.1403159e-02
  -4.9503247e-03
  -2.3727953e-02
  -3.1469060e-02
   0.0000000e+00
  -2.3647543e-02
  -1.0183932e-02
  -9.5329789e-04
  -7.9441695e-03
  -1.5166093e-02
  -2.0849910e-02
  -2.8102513e-02
  -3.5650268e-02
  -4.6585909e-02
  -5.8671713e-02
  -7.2337177e-02
  -7.3640570e-02
   0.0000000e+00
   0.0000000e+00
   0.0000000e+00
   0.0000000e+00
   0.0000000e+00
   0.0000000e+00
   0.0000000e+00
   0.0000000e+00
   0.0000000e+00
   0.0000000e+00
   0.0000000e+00
   0.0000000e+00
   7.2404957e-02
   6.6569820e-02
   2.6103517e-02
   8.2620502e-03
   0.0000000e+00
   0.0000000e+00
   1.7893425e-02
   2.4051585e-02
   0.0000000e+00
   0.0000000e+00
   1.1425445e-02
   4.9379100e-03
  -2.6470961e-03
  -7.4382438e-03
  -1.0277705e-02
  -1.0374105e-02
  -9.9309357e-03
  -9.5104063e-03
  -1.0906630e-02
  -1.3573325e-02
  -1.6853748e-02
  -1.9773781e-02
  -2.3533491e-02
  -2.7028359e-02
  -3.1129943e-02
  -3.4660965e-02
  -3.8675085e-02
  -4.2345166e-02
  -4.6795189e-02
  -5.0152309e-02
  -5.2630529e-02
  -5.2343383e-02
  -4.8025906e-02
  -4.1650519e-02
  -2.9711159e-02
  -1.3742635e-02
  -6.1894560e-03
   0.0000000e+00
   0.0000000e+00
   0.0000000e+00
  -1.4163364e-02
  -8.9712897e-03
  -2.3451364e-03
  -6.8156999e-03
  -1.2925593e-02
  -1.8038085e-02
  -2.4904972e-02
  -3.2534581e-02
  -4.4499759e-02
  -5.8709975e-02
  -7.8287937e-02
  -8.3606858e-02
   0.0000000e+00
   0.0000000e+00
   0.0000000e+00
   0.0000000e+00
   0.0000000e+00
   0.0000000e+00
   0.0000000e+00
   0.0000000e+00
   0.0000000e+00
   0.0000000e+00
   0.0000000e+00
   0.0000000e+00
   0.0000000e+00
   6.5808258e-02
   2.9691158e-02
   1.2421782e-02
   0.0000000e+00
   0.0000000e+00
   1.0263466e-02
   2.1390714e-02
   0.0000000e+00
   0.0000000e+00
   1.1767673e-02
   1.8801495e-03
  -4.1342364e-03
  -6.5956907e-03
  -9.7078858e-03
  -9.7501278e-03
  -9.2460765e-03
  -8.4462920e-03
  -8.8860039e-03
  -1.1053676e-02
  -1.3978711e-02
  -1.6542729e-02
  -1.9768268e-02
  -2.2651227e-02
  -2.5988495e-02
  -2.8949505e-02
  -3.2411069e-02
  -3.5810191e-02
  -4.0742707e-02
  -4.5263212e-02
  -4.9781647e-02
  -5.1386625e-02
  -4.8606038e-02
  -4.3093801e-02
  -3.1831652e-02
  -2.2513489e-02
   0.0000000e+00
   0.0000000e+00
   0.0000000e+00
   0.0000000e+00
  -6.7782085e-03
  -7.3719686e-03
  -4.2010425e-03
  -6.0851225e-03
  -1.0733007e-02
  -1.5592435e-02
  -2.2122715e-02
  -2.9538309e-02
  -4.1964661e-02
  -5.7499375e-02
  -8.2223251e-02
  -9.1523002e-02
   0.0000000e+00
   0.0000000e+00
   0.0000000e+00
   0.0000000e+00
   0.0000000e+00
   0.0000000e+00
   0.0000000e+00
   0.0000000e+00
   0.0000000e+00
   0.0000000e+00
   0.0000000e+00
   0.0000000e+00
   0.0000000e+00
   5.7675731e-02
   3.1615033e-02
   1.5968410e-02
   0.0000000e+00
   0.0000000e+00
   3.6077391e-04
   0.0000000e+00
   0.0000000e+00
   0.0000000e+00
   0.0000000e+00
  -7.6001039e-03
  -1.1488503e-02
  -5.8171163e-03
  -8.0138855e-03
  -7.8955564e-03
  -6.9604436e-03
  -5.7355893e-03
  -5.1208434e-03
  -6.5181049e-03
  -9.2289171e-03
  -1.1843743e-02
  -1.5074066e-02
  -1.8084316e-02
  -2.1273271e-02
  -2.3746827e-02
  -2.6488160e-02
  -2.9120406e-02
  -3.3497147e-02
  -3.8506556e-02
  -4.4715380e-02
  -4.8541648e-02
  -4.8368897e-02
  -4.5138969e-02
  -3.3389268e-02
  -2.2674033e-02
   0.0000000e+00
   0.0000000e+00
   0.0000000e+00
  -4.7663543e-03
  -2.8855576e-03
  -2.2161490e-03
  -3.1454052e-03
  -4.4235680e-03
  -7.4120788e-03
  -1.1445632e-02
  -1.7495614e-02
  -2.4600958e-02
  -3.6661367e-02
  -5.2195531e-02
  -8.0126254e-02
  -9.4448580e-02
   0.0000000e+00
   0.0000000e+00
   0.0000000e+00
   0.0000000e+00
   0.0000000e+00
   0.0000000e+00
   0.0000000e+00
   0.0000000e+00
   0.0000000e+00
   0.0000000e+00
   0.0000000e+00
   0.0000000e+00
   0.0000000e+00
   0.0000000e+00
   2.4602497e-02
   0.0000000e+00
   0.0000000e+00
   0.0000000e+00
   0.0000000e+00
   0.0000000e+00
   0.0000000e+00
   0.0000000e+00
   0.0000000e+00
  -0.0000000e+00
  -1.4181178e-02
  -8.1385896e-03
  -6.1543267e-03
  -5.4226764e-03
  -4.0251627e-03
  -2.5167977e-03
  -1.1658249e-03
  -1.7352507e-03
  -4.0654684e-03
  -6.7080716e-03
  -1.0172290e-02
  -1.3497568e-02
  -1.7328961e-02
  -2.0175746e-02
  -2.3088040e-02
  -2.5626615e-02
  -2.9588910e-02
  -3.4543749e-02
  -4.1383673e-02
  -4.6496361e-02
  -4.7967143e-02
  -4.5522191e-02
  -3.3979192e-02
  -2.0275265e-02
   0.0000000e+00
   0.0000000e+00
  -5.6740083e-03
  -5.1254211e-03
  -3.0370606e-03
   6.9778564e-04
  -9.4603520e-04
  -2.5616880e-03
  -4.5893118e-03
  -7.5063016e-03
  -1.2739118e-02
  -1.9376647e-02
  -3.0771747e-02
  -4.5544103e-02
  -7.2293706e-02
  -8.7762289e-02
   0.0000000e+00
   0.0000000e+00
   0.0000000e+00
   0.0000000e+00
   0.0000000e+00
   0.0000000e+00
   0.0000000e+00
   0.0000000e+00
   0.0000000e+00
   0.0000000e+00
   0.0000000e+00
   0.0000000e+00
   0.0000000e+00
   1.5266021e-02
   2.1802455e-02
   0.0000000e+00
   0.0000000e+00
   0.0000000e+00
   0.0000000e+00
   0.0000000e+00
   0.0000000e+00
   0.0000000e+00
   0.0000000e+00
   0.0000000e+00
  -1.4195236e-02
  -9.5813982e-03
  -6.0029802e-03
  -3.6031217e-03
  -1.2050456e-03
   9.4561081e-04
   2.7362135e-03
   2.8706263e-03
   9.8406983e-04
  -1.5702890e-03
  -5.1482169e-03
  -8.5686073e-03
  -1.2821429e-02
  -1.6055156e-02
  -1.9309222e-02
  -2.1980884e-02
  -2.5837095e-02
  -3.0856915e-02
  -3.8601624e-02
  -4.5327660e-02
  -4.8157781e-02
  -4.5256630e-02
  -3.5198400e-02
  -1.9493191e-02
   0.0000000e+00
   0.0000000e+00
  -4.0350214e-03
  -4.6127377e-03
  -2.9241787e-03
   1.5498458e-03
   1.8966307e-03
   2.8345041e-04
  -1.7746261e-03
  -4.1421270e-03
  -8.5868496e-03
  -1.4540941e-02
  -2.5043986e-02
  -3.8897585e-02
  -6.4210471e-02
  -7.9825371e-02
   0.0000000e+00
   0.0000000e+00
   0.0000000e+00
   0.0000000e+00
   0.0000000e+00
   0.0000000e+00
   0.0000000e+00
   0.0000000e+00
   0.0000000e+00
   0.0000000e+00
   0.0000000e+00
   0.0000000e+00
   0.0000000e+00
   9.9347004e-03
   9.9346995e-03
   0.0000000e+00
   0.0000000e+00
   0.0000000e+00
   0.0000000e+00
   0.0000000e+00
   0.0000000e+00
   0.0000000e+00
   0.0000000e+00
   0.0000000e+00
  -0.0000000e+00
  -1.1756460e-02
  -8.2572797e-03
  -3.5889703e-03
   4.3404972e-04
   4.2581190e-03
   6.8292198e-03
   7.6173125e-03
   6.2319887e-03
   3.7968487e-03
   9.9604679e-05
  -3.3276482e-03
  -7.8256815e-03
  -1.1352737e-02
  -1.4895935e-02
  -1.7744372e-02
  -2.1641118e-02
  -2.6798861e-02
  -3.5675613e-02
  -4.4532020e-02
  -4.8710286e-02
  -4.3642700e-02
  -3.6738397e-02
   0.0000000e+00
   0.0000000e+00
   0.0000000e+00
  -2.2323141e-03
  -2.9603808e-03
  -0.0000000e+00
   1.8403332e-03
   5.0371949e-03
   3.8446451e-03
   1.3907306e-03
  -8.6249621e-04
  -4.6314400e-03
  -9.8282965e-03
  -1.9309302e-02
  -3.2211438e-02
  -5.5988796e-02
  -7.4320689e-02
  -8.3542745e-02
   0.0000000e+00
   0.0000000e+00
   0.0000000e+00
   0.0000000e+00
   0.0000000e+00
   0.0000000e+00
   0.0000000e+00
   0.0000000e+00
   0.0000000e+00
   0.0000000e+00
   0.0000000e+00
   0.0000000e+00
   0.0000000e+00
   0.0000000e+00
   0.0000000e+00
   0.0000000e+00
   0.0000000e+00
   0.0000000e+00
   0.0000000e+00
   0.0000000e+00
   0.0000000e+00
   0.0000000e+00
   0.0000000e+00
  -0.0000000e+00
  -1.6676588e-02
  -1.4331823e-02
  -7.4000349e-03
  -9.8640379e-04
   6.5387525e-03
   1.1052693e-02
   1.2451717e-02
   1.1584979e-02
   9.1920951e-03
   5.2242749e-03
   1.7443155e-03
  -2.7955056e-03
  -6.3280128e-03
  -9.7829988e-03
  -1.2620354e-02
  -1.6546883e-02
  -2.1866996e-02
  -3.2001607e-02
  -4.3688215e-02
  -4.9398657e-02
  -3.9540570e-02
  -3.5664526e-02
   0.0000000e+00
   0.0000000e+00
   0.0000000e+00
   0.0000000e+00
   0.0000000e+00
  -0.0000000e+00
   3.2196341e-03
   7.8170402e-03
   7.6527316e-03
   5.1372717e-03
   2.5733665e-03
  -8.4233173e-04
  -5.4390081e-03
  -1.3952157e-02
  -2.6112735e-02
  -4.8577972e-02
  -7.5435027e-02
  -8.3542741e-02
   0.0000000e+00
   0.0000000e+00
   0.0000000e+00
   0.0000000e+00
   0.0000000e+00
   0.0000000e+00
   0.0000000e+00
   0.0000000e+00
   0.0000000e+00
   0.0000000e+00
   0.0000000e+00
   0.0000000e+00
   0.0000000e+00
   0.0000000e+00
   0.0000000e+00
   0.0000000e+00
   0.0000000e+00
   0.0000000e+00
   0.0000000e+00
   0.0000000e+00
   0.0000000e+00
   0.0000000e+00
   0.0000000e+00
  -0.0000000e+00
  -1.6440267e-02
  -2.0611056e-02
  -1.4410513e-02
  -1.2421284e-02
   4.2966166e-03
   1.4359690e-02
   1.7388677e-02
   1.7836801e-02
   1.6019955e-02
   1.1960044e-02
   7.9618733e-03
   2.9051233e-03
  -8.5457020e-04
  -3.8755076e-03
  -6.0305727e-03
  -9.5881699e-03
  -1.4884941e-02
  -2.6337883e-02
  -4.1347153e-02
  -4.6978073e-02
  -3.6906802e-02
   0.0000000e+00
   0.0000000e+00
   0.0000000e+00
   0.0000000e+00
   0.0000000e+00
   0.0000000e+00
   0.0000000e+00
   5.1625474e-03
   9.1497098e-03
   1.0540675e-02
   1.0035987e-02
   7.8017135e-03
   4.2966055e-03
   2.1799796e-04
  -7.2850874e-03
  -1.8794582e-02
  -4.1672509e-02
  -7.1418694e-02
  -8.5776155e-02
   0.0000000e+00
   0.0000000e+00
   0.0000000e+00
   0.0000000e+00
   0.0000000e+00
   0.0000000e+00
   0.0000000e+00
   0.0000000e+00
   0.0000000e+00
   0.0000000e+00
   0.0000000e+00
   0.0000000e+00
   0.0000000e+00
   0.0000000e+00
   0.0000000e+00
   0.0000000e+00
   0.0000000e+00
   0.0000000e+00
   0.0000000e+00
   0.0000000e+00
   0.0000000e+00
   0.0000000e+00
   0.0000000e+00
  -0.0000000e+00
  -1.6440265e-02
  -2.0611055e-02
  -1.4410512e-02
  -2.1023168e-02
  -2.7713431e-03
   1.3407923e-02
   1.8600149e-02
   2.0437019e-02
   1.9809257e-02
   1.6592136e-02
   1.2580393e-02
   7.0927306e-03
   3.0630445e-03
   4.9327937e-06
  -1.7260151e-03
  -4.5495550e-03
  -9.3766963e-03
  -2.1550287e-02
  -3.8816016e-02
  -4.6863609e-02
  -3.6906801e-02
   0.0000000e+00
   0.0000000e+00
   0.0000000e+00
   0.0000000e+00
   0.0000000e+00
   0.0000000e+00
   0.0000000e+00
   8.7643170e-03
   8.6131431e-03
   9.7339842e-03
   1.1951914e-02
   1.1217689e-02
   7.8748474e-03
   4.1954797e-03
  -2.0753513e-03
  -1.2764008e-02
  -3.5470355e-02
  -6.6559196e-02
  -8.0575546e-02
   0.0000000e+00
   0.0000000e+00
   0.0000000e+00
   0.0000000e+00
  -2.2747525e-02
  -2.2747526e-02
  -2.1087820e-02
  -6.3396254e-05
   0.0000000e+00
   0.0000000e+00
   0.0000000e+00
   0.0000000e+00
   0.0000000e+00
   0.0000000e+00
   0.0000000e+00
   0.0000000e+00
   0.0000000e+00
   0.0000000e+00
   0.0000000e+00
   0.0000000e+00
   0.0000000e+00
   0.0000000e+00
   0.0000000e+00
   0.0000000e+00
   0.0000000e+00
   0.0000000e+00
   0.0000000e+00
  -3.2457148e-02
  -1.2187183e-02
   8.0288900e-03
   1.5439171e-02
   1.9842342e-02
   2.1016257e-02
   1.8787669e-02
   1.5408431e-02
   1.0450199e-02
   6.3709719e-03
   3.4852116e-03
   2.0660050e-03
   1.5234652e-04
  -3.7732203e-03
  -1.6215712e-02
  -3.5480730e-02
  -3.8291003e-02
   0.0000000e+00
   0.0000000e+00
   0.0000000e+00
   0.0000000e+00
   0.0000000e+00
   0.0000000e+00
   0.0000000e+00
   0.0000000e+00
   0.0000000e+00
   5.9747440e-03
   6.9108163e-03
   1.1089792e-02
   1.2176167e-02
   9.6488269e-03
   7.0267380e-03
   2.5471807e-03
  -6.8184901e-03
  -2.8980244e-02
  -5.9885938e-02
  -6.8422163e-02
   0.0000000e+00
   0.0000000e+00
   0.0000000e+00
  -0.0000000e+00
  -2.1517355e-02
  -2.0964208e-02
  -2.1234795e-02
  -6.3396078e-05
   0.0000000e+00
   0.0000000e+00
   0.0000000e+00
   0.0000000e+00
   0.0000000e+00
   0.0000000e+00
   0.0000000e+00
   0.0000000e+00
   0.0000000e+00
   0.0000000e+00
   0.0000000e+00
   0.0000000e+00
   0.0000000e+00
   0.0000000e+00
   0.0000000e+00
   0.0000000e+00
   0.0000000e+00
  -4.8764284e-02
   0.0000000e+00
  -4.9487586e-02
  -2.5955280e-02
  -3.2811372e-03
   6.4076673e-03
   1.4536117e-02
   1.8741802e-02
   1.8067441e-02
   1.5969730e-02
   1.2610053e-02
   8.8740425e-03
   6.4494372e-03
   5.5621386e-03
   4.6151884e-03
   1.9056831e-03
  -9.8936517e-03
  -3.0064536e-02
  -3.3500491e-02
   0.0000000e+00
   0.0000000e+00
   0.0000000e+00
   0.0000000e+00
   0.0000000e+00
   0.0000000e+00
   0.0000000e+00
   0.0000000e+00
   0.0000000e+00
  -3.1385122e-03
  -4.5271954e-04
   6.5518989e-03
   9.7369129e-03
   8.5406253e-03
   7.6189777e-03
   6.1376122e-03
  -9.6502405e-04
  -2.1734993e-02
  -5.1656648e-02
  -6.2000186e-02
   0.0000000e+00
   0.0000000e+00
  -2.8716687e-02
  -1.8401325e-02
  -1.5720802e-02
  -2.0360770e-02
  -2.1361603e-02
   0.0000000e+00
   0.0000000e+00
   0.0000000e+00
   0.0000000e+00
   0.0000000e+00
   0.0000000e+00
   0.0000000e+00
   0.0000000e+00
   0.0000000e+00
   0.0000000e+00
   0.0000000e+00
   0.0000000e+00
   0.0000000e+00
   0.0000000e+00
   0.0000000e+00
   0.0000000e+00
   0.0000000e+00
   0.0000000e+00
  -4.6347650e-02
  -3.1037740e-02
  -5.4663310e-02
  -3.6068160e-02
  -1.3701575e-02
  -2.6846998e-03
   8.4312414e-03
   1.5778176e-02
   1.6964813e-02
   1.5971771e-02
   1.3692144e-02
   1.0439171e-02
   8.7209442e-03
   8.4888171e-03
   8.5762139e-03
   7.1613970e-03
  -2.2010241e-03
  -1.9797195e-02
  -2.3763823e-02
   0.0000000e+00
   0.0000000e+00
   0.0000000e+00
   0.0000000e+00
   0.0000000e+00
   0.0000000e+00
   0.0000000e+00
   0.0000000e+00
   0.0000000e+00
  -1.2682387e-02
  -1.1749886e-02
  -1.5613452e-03
   4.0284125e-03
   4.4963060e-03
   5.3798240e-03
   7.3153451e-03
   4.2609111e-03
  -1.3328584e-02
  -4.2201169e-02
  -5.4151598e-02
   0.0000000e+00
   0.0000000e+00
  -3.7924207e-02
  -1.4239497e-02
  -7.2322978e-03
  -1.1224857e-02
   0.0000000e+00
   0.0000000e+00
   0.0000000e+00
   0.0000000e+00
   0.0000000e+00
   0.0000000e+00
   0.0000000e+00
   0.0000000e+00
   0.0000000e+00
   0.0000000e+00
   0.0000000e+00
   0.0000000e+00
   0.0000000e+00
   0.0000000e+00
   0.0000000e+00
   0.0000000e+00
   0.0000000e+00
   0.0000000e+00
   0.0000000e+00
  -4.4093735e-02
  -3.2733294e-02
  -4.4470821e-02
  -3.4894019e-02
  -1.6346315e-02
  -5.5714464e-03
   6.3963146e-03
   1.5143122e-02
   1.7435940e-02
   1.6527539e-02
   1.3406746e-02
   1.0515571e-02
   9.6757468e-03
   9.9080959e-03
   1.1782278e-02
   1.1512988e-02
   5.9365705e-03
  -5.1656109e-03
  -5.2114390e-03
   0.0000000e+00
   0.0000000e+00
   0.0000000e+00
   0.0000000e+00
   0.0000000e+00
   0.0000000e+00
   0.0000000e+00
   0.0000000e+00
   0.0000000e+00
  -0.0000000e+00
  -1.9445974e-02
  -1.0326899e-02
  -3.4577544e-03
  -1.5041619e-03
   1.2302112e-03
   5.5376492e-03
   7.5247153e-03
  -3.6440410e-03
  -2.9557779e-02
  -3.6635741e-02
   0.0000000e+00
   0.0000000e+00
  -0.0000000e+00
  -1.0779653e-02
   4.6984802e-03
   0.0000000e+00
   0.0000000e+00
  -0.0000000e+00
  -0.0000000e+00
   0.0000000e+00
   0.0000000e+00
   0.0000000e+00
   0.0000000e+00
   0.0000000e+00
   0.0000000e+00
   0.0000000e+00
   0.0000000e+00
   0.0000000e+00
   0.0000000e+00
   0.0000000e+00
   0.0000000e+00
   0.0000000e+00
   0.0000000e+00
   0.0000000e+00
   0.0000000e+00
   0.0000000e+00
  -3.7238811e-02
  -4.0505708e-02
  -3.1272242e-02
  -1.7825064e-02
  -7.7126324e-03
   5.4322536e-03
   1.4773047e-02
   1.6592764e-02
   1.5339336e-02
   1.0681861e-02
   7.8480667e-03
   8.4265587e-03
   9.1355616e-03
   1.3979299e-02
   1.5030094e-02
   1.2715964e-02
   8.2358825e-03
   1.1100769e-02
   0.0000000e+00
   0.0000000e+00
   0.0000000e+00
   0.0000000e+00
   0.0000000e+00
   0.0000000e+00
   0.0000000e+00
   0.0000000e+00
   0.0000000e+00
   0.0000000e+00
   0.0000000e+00
  -1.4972400e-02
  -1.0201575e-02
  -6.5733035e-03
  -1.8208030e-03
   3.5370965e-03
   8.5922261e-03
   5.8627626e-03
  -1.1397529e-02
  -1.5407986e-02
  -2.4892969e-03
  -2.2121735e-03
   0.0000000e+00
   0.0000000e+00
   0.0000000e+00
   0.0000000e+00
   0.0000000e+00
  -0.0000000e+00
  -0.0000000e+00
   0.0000000e+00
   0.0000000e+00
   0.0000000e+00
   0.0000000e+00
   0.0000000e+00
   0.0000000e+00
   0.0000000e+00
   0.0000000e+00
   0.0000000e+00
   0.0000000e+00
   0.0000000e+00
   0.0000000e+00
   0.0000000e+00
   0.0000000e+00
   0.0000000e+00
   0.0000000e+00
   0.0000000e+00
   0.0000000e+00
  -4.4861501e-02
  -3.1796522e-02
  -2.5885027e-02
  -2.0704910e-02
  -6.6038039e-04
   9.8287351e-03
   1.1075117e-02
   8.8989185e-03
   4.2485616e-03
   1.4837242e-03
   3.7849182e-03
   6.7404141e-03
   1.4191051e-02
   1.8061794e-02
   1.7288515e-02
   1.6727185e-02
   1.9973597e-02
   0.0000000e+00
   0.0000000e+00
   0.0000000e+00
   0.0000000e+00
   0.0000000e+00
   0.0000000e+00
   0.0000000e+00
   0.0000000e+00
   0.0000000e+00
   0.0000000e+00
   0.0000000e+00
   0.0000000e+00
  -1.8932141e-02
  -9.5958045e-03
  -2.2645798e-03
   4.3380333e-03
   1.0170623e-02
   1.3488670e-02
   7.0397006e-03
  -7.0848076e-04
  -2.4546217e-03
  -2.3109270e-03
   0.0000000e+00
   0.0000000e+00
   0.0000000e+00
   0.0000000e+00
   0.0000000e+00
   0.0000000e+00
   0.0000000e+00
   0.0000000e+00
   0.0000000e+00
   0.0000000e+00
   0.0000000e+00
   0.0000000e+00
   0.0000000e+00
   0.0000000e+00
   0.0000000e+00
   0.0000000e+00
   0.0000000e+00
   0.0000000e+00
   0.0000000e+00
   0.0000000e+00
   0.0000000e+00
   0.0000000e+00
   0.0000000e+00
   0.0000000e+00
   0.0000000e+00
  -4.4658015e-02
  -2.2358166e-02
  -2.9709491e-02
  -4.2704343e-02
  -1.5104857e-02
  -4.4497149e-04
  -1.0804302e-03
  -3.6337199e-03
  -8.8707060e-03
  -9.0396646e-03
  -6.0869902e-03
   2.7186377e-03
   1.2686070e-02
   2.0310860e-02
   2.0177966e-02
   2.0955962e-02
   2.2152254e-02
   0.0000000e+00
   0.0000000e+00
   0.0000000e+00
   0.0000000e+00
   0.0000000e+00
   0.0000000e+00
   0.0000000e+00
   0.0000000e+00
   0.0000000e+00
   0.0000000e+00
   0.0000000e+00
   0.0000000e+00
  -0.0000000e+00
  -1.6302528e-02
  -3.2425444e-03
   5.5451011e-03
   1.2750100e-02
   1.9769516e-02
   1.9386996e-02
   1.0832718e-02
  -2.4041264e-03
  -2.4547357e-03
   0.0000000e+00
   0.0000000e+00
   0.0000000e+00
   0.0000000e+00
   0.0000000e+00
   0.0000000e+00
   0.0000000e+00
   0.0000000e+00
   0.0000000e+00
   0.0000000e+00
   0.0000000e+00
   0.0000000e+00
   0.0000000e+00
   0.0000000e+00
   0.0000000e+00
   0.0000000e+00
   0.0000000e+00
   0.0000000e+00
   0.0000000e+00
   0.0000000e+00
   0.0000000e+00
   0.0000000e+00
   0.0000000e+00
   0.0000000e+00
   0.0000000e+00
  -0.0000000e+00
  -5.7303803e-03
   1.9382386e-03
  -0.0000000e+00
  -3.3580513e-02
  -1.6391480e-02
  -2.0617900e-02
  -2.3584243e-02
  -2.8837787e-02
  -2.7040195e-02
  -1.9037405e-02
  -4.4460567e-03
   1.1521450e-02
   1.9079246e-02
   2.3045019e-02
   2.4820613e-02
   0.0000000e+00
   0.0000000e+00
   0.0000000e+00
   0.0000000e+00
   0.0000000e+00
   0.0000000e+00
   0.0000000e+00
   0.0000000e+00
   0.0000000e+00
   0.0000000e+00
   0.0000000e+00
   0.0000000e+00
   0.0000000e+00
  -3.7278225e-02
  -2.3812376e-02
  -6.2980647e-03
   3.5776745e-03
   1.4871255e-02
   2.3785008e-02
   2.7708568e-02
   2.2355591e-02
   0.0000000e+00
   0.0000000e+00
   0.0000000e+00
   0.0000000e+00
   0.0000000e+00
   0.0000000e+00
   0.0000000e+00
   0.0000000e+00
   0.0000000e+00
   0.0000000e+00
   0.0000000e+00
   0.0000000e+00
   0.0000000e+00
   0.0000000e+00
   0.0000000e+00
   0.0000000e+00
   0.0000000e+00
   0.0000000e+00
   0.0000000e+00
   0.0000000e+00
   0.0000000e+00
   0.0000000e+00
   0.0000000e+00
   0.0000000e+00
   0.0000000e+00
   0.0000000e+00
   0.0000000e+00
  -0.0000000e+00
  -6.1932263e-03
   1.7588974e-03
   0.0000000e+00
  -4.6347931e-02
  -2.8408613e-02
  -5.3777035e-02
  -5.2357104e-02
  -5.6245912e-02
  -4.9890528e-02
  -2.7724491e-02
  -5.3280510e-03
   1.0642085e-02
   1.6218019e-02
   2.2698452e-02
   0.0000000e+00
   0.0000000e+00
   0.0000000e+00
   0.0000000e+00
   0.0000000e+00
   0.0000000e+00
   0.0000000e+00
  -0.0000000e+00
  -0.0000000e+00
  -2.1717898e-02
   0.0000000e+00
   0.0000000e+00
   0.0000000e+00
  -0.0000000e+00
  -5.2500047e-02
  -3.2339681e-02
  -1.8027758e-02
  -3.1157963e-03
   9.7351316e-03
   2.4042666e-02
   2.9694259e-02
   2.9871986e-02
   3.9924888e-02
  -0.0000000e+00
   4.5078901e-03
   1.0189189e-02
   0.0000000e+00
  -0.0000000e+00
   0.0000000e+00
   0.0000000e+00
   0.0000000e+00
   0.0000000e+00
   0.0000000e+00
   0.0000000e+00
   0.0000000e+00
   0.0000000e+00
   0.0000000e+00
   0.0000000e+00
   0.0000000e+00
   0.0000000e+00
   0.0000000e+00
   0.0000000e+00
   0.0000000e+00
   0.0000000e+00
   0.0000000e+00
   0.0000000e+00
   0.0000000e+00
   0.0000000e+00
   0.0000000e+00
   0.0000000e+00
   0.0000000e+00
   0.0000000e+00
   0.0000000e+00
  -3.2875997e-02
  -3.0949992e-02
  -8.4066564e-02
  -8.0736049e-02
  -8.0569404e-02
  -8.1036973e-02
   0.0000000e+00
   0.0000000e+00
   0.0000000e+00
   9.9185630e-03
   0.0000000e+00
   0.0000000e+00
   0.0000000e+00
   0.0000000e+00
   0.0000000e+00
   0.0000000e+00
   0.0000000e+00
   0.0000000e+00
  -0.0000000e+00
  -2.8599435e-02
  -2.6684779e-02
   0.0000000e+00
  -0.0000000e+00
  -5.1990577e-02
  -5.4854451e-02
  -5.0527633e-02
  -3.9028008e-02
  -4.1204774e-02
  -2.0512656e-02
  -4.1245273e-04
   1.6038202e-02
   2.0180549e-02
   1.9228347e-02
   1.5917574e-02
   1.3740613e-02
   1.6450386e-02
   0.0000000e+00
   0.0000000e+00
  -0.0000000e+00
   0.0000000e+00
   0.0000000e+00
   0.0000000e+00
   0.0000000e+00
   0.0000000e+00
   0.0000000e+00
   0.0000000e+00
   0.0000000e+00
   0.0000000e+00
   0.0000000e+00
   0.0000000e+00
   0.0000000e+00
   0.0000000e+00
   0.0000000e+00
   0.0000000e+00
   0.0000000e+00
   0.0000000e+00
   0.0000000e+00
   0.0000000e+00
   0.0000000e+00
   0.0000000e+00
   0.0000000e+00
   0.0000000e+00
   0.0000000e+00
   0.0000000e+00
   0.0000000e+00
   0.0000000e+00
  -0.0000000e+00
  -7.1912410e-02
  -8.9956683e-02
   0.0000000e+00
   0.0000000e+00
   0.0000000e+00
   0.0000000e+00
   0.0000000e+00
   0.0000000e+00
   0.0000000e+00
   0.0000000e+00
   0.0000000e+00
   0.0000000e+00
   0.0000000e+00
   0.0000000e+00
   0.0000000e+00
  -0.0000000e+00
  -3.0012004e-02
  -3.2473992e-02
  -3.7987010e-02
  -4.2005515e-02
  -6.1468484e-02
  -4.2558815e-02
  -1.2956222e-02
   0.0000000e+00
  -0.0000000e+00
  -6.3574910e-02
  -1.8642161e-02
   1.4335356e-02
   9.6608782e-03
   9.1670750e-03
   7.4557913e-03
   1.0116949e-02
   2.5171061e-02
   0.0000000e+00
   0.0000000e+00
   0.0000000e+00
   0.0000000e+00
   0.0000000e+00
   0.0000000e+00
   0.0000000e+00
   0.0000000e+00
   0.0000000e+00
   0.0000000e+00
   0.0000000e+00
   0.0000000e+00
   0.0000000e+00
   0.0000000e+00
   0.0000000e+00
   0.0000000e+00
   0.0000000e+00
   0.0000000e+00
   0.0000000e+00
   0.0000000e+00
   0.0000000e+00
   0.0000000e+00
   0.0000000e+00
   0.0000000e+00
   0.0000000e+00
   0.0000000e+00
   0.0000000e+00
   0.0000000e+00
   0.0000000e+00
   0.0000000e+00
  -0.0000000e+00
  -5.7043322e-02
  -6.4959425e-02
  -7.8620648e-02
   0.0000000e+00
   0.0000000e+00
   0.0000000e+00
   0.0000000e+00
   0.0000000e+00
   0.0000000e+00
   0.0000000e+00
   0.0000000e+00
   0.0000000e+00
   0.0000000e+00
   0.0000000e+00
   0.0000000e+00
   0.0000000e+00
   0.0000000e+00
  -0.0000000e+00
  -2.1428711e-02
   0.0000000e+00
  -6.7470553e-02
  -4.3204497e-02
  -3.0093158e-03
   0.0000000e+00
   0.0000000e+00
  -0.0000000e+00
  -5.0116887e-02
  -1.2556571e-02
  -2.6458457e-02
   7.4415112e-03
   8.6792661e-03
   2.7795764e-03
   1.1525876e-02
   1.6742029e-02
   0.0000000e+00
   0.0000000e+00
   0.0000000e+00
   0.0000000e+00
   0.0000000e+00
  -2.2104024e-02
   0.0000000e+00
   0.0000000e+00
   0.0000000e+00
   0.0000000e+00
   0.0000000e+00
   0.0000000e+00
   0.0000000e+00
   0.0000000e+00
   0.0000000e+00
   0.0000000e+00
   0.0000000e+00
   0.0000000e+00
  -0.0000000e+00
   0.0000000e+00
   0.0000000e+00
   4.0192122e-03
   4.8956313e-03
   0.0000000e+00
   8.3796532e-03
   2.9391008e-03
  -3.0157959e-03
  -1.2123480e-02
  -1.1304060e-02
  -1.0256747e-02
  -1.4354908e-02
  -2.9912917e-02
  -3.8731231e-02
  -3.2434983e-02
  -2.2077618e-02
  -7.5694566e-03
  -8.2179374e-04
  -5.1219769e-03
  -3.7943451e-03
  -3.8264363e-03
  -8.2948667e-03
  -0.0000000e+00
  -0.0000000e+00
  -2.3865384e-02
  -2.3351774e-02
  -0.0000000e+00
   0.0000000e+00
   0.0000000e+00
  -5.0035388e-02
  -4.9009171e-02
  -3.9134163e-02
  -2.0345670e-02
   0.0000000e+00
   0.0000000e+00
   0.0000000e+00
   0.0000000e+00
   0.0000000e+00
  -0.0000000e+00
  -4.6170062e-02
  -1.8909244e-02
   2.8666740e-03
   7.5008208e-03
   1.4849204e-03
   1.0884160e-03
   3.1088951e-03
   5.2024602e-03
   6.7659346e-03
   2.1702808e-04
  -8.0772024e-03
  -1.0607540e-02
  -1.2482350e-02
  -1.4733528e-02
  -1.4293140e-02
  -1.3474601e-02
  -1.3787662e-02
  -0.0000000e+00
   0.0000000e+00
   0.0000000e+00
   0.0000000e+00
   0.0000000e+00
   1.6037222e-02
   1.3147211e-02
   1.0267164e-02
   1.0928937e-02
   1.3010285e-02
   1.3735425e-02
   1.3572991e-02
   1.3190687e-02
   1.2494335e-02
   1.0638696e-02
   8.7384227e-03
   5.9972809e-03
   3.5513530e-03
   1.0424606e-03
  -7.9765332e-04
  -2.5253709e-03
  -3.6282233e-03
  -4.4504600e-03
  -4.7838403e-03
  -5.3448464e-03
  -6.2282102e-03
  -7.5421918e-03
  -8.8173141e-03
  -1.0690803e-02
  -1.3508516e-02
  -1.7456479e-02
  -1.9738458e-02
  -2.3832463e-02
  -2.6168135e-02
  -3.1362833e-02
  -3.2381870e-02
  -0.0000000e+00
  -0.0000000e+00
  -2.6306509e-02
  -1.5903929e-02
  -0.0000000e+00
  -0.0000000e+00
  -0.0000000e+00
  -0.0000000e+00
  -0.0000000e+00
  -0.0000000e+00
  -0.0000000e+00
  -0.0000000e+00
  -2.1068248e-02
  -1.1805471e-02
  -7.9562434e-05
   6.0685184e-03
   7.5416081e-03
   1.0524804e-02
   1.0520563e-02
   1.0695663e-02
   1.0301726e-02
   8.3783249e-03
   5.0326709e-03
   2.5798547e-03
   9.3243647e-04
  -6.2195937e-04
  -2.5421822e-03
  -2.9178263e-03
  -2.9418667e-04
   4.3478827e-03
   7.0009928e-03
   1.3302914e-02
   1.5644259e-02
