  -3.1576824e+00
  -2.9827626e+00
  -2.6604090e+00
  -1.9675456e+00
  -1.1322774e+00
  -2.6162410e-01
   5.7910109e-01
   1.7729048e+00
   3.1473193e+00
   4.3562245e+00
   4.7104626e+00
   4.7493677e+00
   4.5499949e+00
   4.0403042e+00
   3.3745868e+00
   2.5124471e+00
   1.6942790e+00
   7.7810776e-01
  -6.5565512e-02
  -9.1668701e-01
  -1.5899071e+00
  -2.0649493e+00
  -1.9981112e+00
  -1.4811642e+00
  -8.7733549e-01
  -4.2878115e-01
  -2.7191553e-01
   1.6754705e-01
   9.6751076e-01
   1.8116194e+00
   2.0899944e+00
   1.9298208e+00
   1.7066991e+00
   1.5953009e+00
   1.6176090e+00
   1.7404728e+00
   1.7938622e+00
   1.5931689e+00
   1.0893059e+00
   4.6299574e-01
  -2.8533075e-02
  -4.1692922e-01
  -7.1502167e-01
  -1.0492659e+00
  -1.5035986e+00
  -2.2221458e+00
  -2.7003822e+00
  -2.5151966e+00
  -1.6737101e+00
  -6.1242175e-01
  -7.4316770e-02
  -1.4626491e-01
  -7.8902733e-01
  -1.5211380e+00
  -1.3923291e+00
  -2.1794844e-01
   1.2227056e+00
   1.9659650e+00
   1.6060754e+00
   3.2629043e-01
  -1.3994660e+00
  -3.0229197e+00
  -3.5561924e+00
  -3.3829474e+00
   5.2229156e+00
   5.4552274e+00
   6.2978997e+00
   6.4108949e+00
   5.3268437e+00
   4.4238324e+00
   5.0027871e+00
   5.3136721e+00
   4.5573673e+00
   4.0747781e+00
   4.3171930e+00
   4.6486397e+00
   4.4264917e+00
   3.6303215e+00
   2.7152991e+00
   1.8919301e+00
   1.4340767e+00
   1.0493330e+00
   6.6744626e-01
   2.4219088e-01
  -8.6595327e-02
  -2.5349528e-01
  -1.5681379e-01
   1.5118326e-01
   5.2088720e-01
   7.7753371e-01
   6.2907237e-01
   1.4826173e-01
  -4.2182859e-05
   8.9837217e-01
   1.9480485e+00
   1.6422758e+00
   4.6383864e-01
   6.0981758e-02
   1.0505712e+00
   2.2433991e+00
   2.3460953e+00
   1.7473737e+00
   1.3239158e+00
   1.2714865e+00
   1.0961474e+00
   4.2102545e-01
  -2.5367239e-01
  -3.1687027e-01
   6.6911960e-01
   2.3939745e+00
   3.6999416e+00
   5.1387935e+00
   6.3713851e+00
   7.2948833e+00
   7.1269608e+00
   7.2802005e+00
   7.1493721e+00
   6.1999998e+00
   5.2706857e+00
   5.0589452e+00
   7.2459650e+00
   8.1101809e+00
   6.0433536e+00
   3.4505863e+00
   7.3210204e-01
   4.0443462e-01
   3.1115472e+00
   5.0558133e+00
   4.7731128e+00
   4.9488888e+00
   4.8947124e+00
   4.5398054e+00
   3.8675108e+00
   3.5109260e+00
   4.7428799e+00
   5.2374611e+00
   3.9737971e+00
   2.9455307e+00
   2.7464449e+00
   2.4022627e+00
   1.8379236e+00
   1.4387437e+00
   1.0980638e+00
   6.7015249e-01
   4.5484412e-01
   2.8788713e-01
   3.7271906e-02
  -1.6556604e-01
  -2.1377133e-01
  -2.5791958e-01
  -3.7202200e-01
  -4.4357580e-01
  -4.5011565e-01
  -5.9494001e-01
  -7.0336396e-01
  -5.7927448e-01
  -4.9977332e-01
  -4.6360168e-01
  -2.1588868e-01
  -2.1808413e-01
  -5.9621453e-01
  -3.8590151e-01
   2.9268417e-01
   7.0603383e-01
   8.2181096e-01
   1.0028832e+00
   1.0636429e+00
   1.0956742e+00
   1.2246878e+00
   1.2174300e+00
   1.1358625e+00
   1.1566648e+00
   1.0997297e+00
   9.1449785e-01
   8.2228464e-01
   1.0252874e+00
   1.5010325e+00
   1.6632940e+00
   1.2728106e+00
   9.4579983e-01
   8.5350192e-01
   5.6840140e-01
   8.2160449e-01
   2.4669619e+00
   4.5892129e+00
   5.1351624e+00
   3.6287112e+00
   1.3468302e+00
   7.9590398e-01
   2.6061573e+00
   4.2200546e+00
   4.3898802e+00
   1.1221046e+00
   9.6620524e-01
   7.3762220e-01
   3.5321954e-01
  -2.9869460e-02
  -2.5694394e-01
  -1.6691710e-01
   1.5512466e-02
  -1.3008069e-01
  -4.5495054e-01
  -4.9319491e-01
  -3.6127013e-01
  -3.3596450e-01
  -3.3138245e-01
  -2.2396448e-01
  -6.6809721e-02
   1.9855414e-02
   3.9347012e-02
  -4.2606268e-02
  -1.8168452e-01
  -2.5566992e-01
  -2.7926755e-01
  -3.0719343e-01
  -3.9391819e-01
  -5.0366032e-01
  -5.6145942e-01
  -5.9892249e-01
  -6.6723692e-01
  -6.5428203e-01
  -5.5447793e-01
  -4.9132895e-01
  -4.8351175e-01
  -4.7666642e-01
  -4.2345691e-01
  -2.9826972e-01
  -9.5748536e-02
   1.8994954e-01
   4.7127402e-01
   6.9268560e-01
   9.0129381e-01
   1.0826007e+00
   1.1926355e+00
   1.1924595e+00
   1.1525128e+00
   1.0400473e+00
   8.2137847e-01
   6.6751260e-01
   5.6494755e-01
   4.4379321e-01
   2.9912618e-01
   1.1430858e-01
  -1.0828317e-01
  -2.3244859e-01
  -3.2845807e-01
  -3.0262446e-01
   1.0248856e-01
   8.9368862e-01
   1.6139716e+00
   1.6334168e+00
   1.3188459e+00
   1.1771805e+00
   1.1191424e+00
   1.1219709e+00
   1.1755450e+00
   2.8672494e-01
  -1.3407080e-01
  -5.5885199e-01
  -9.7890973e-01
  -1.3159065e+00
  -1.5737365e+00
  -1.7244433e+00
  -1.8516042e+00
  -1.8959904e+00
  -1.8033091e+00
  -1.5842348e+00
  -1.3789510e+00
  -1.2656400e+00
  -1.0956838e+00
  -8.3072590e-01
  -4.8274261e-01
  -2.4129277e-01
  -1.0832426e-01
  -1.1268315e-01
  -1.9016627e-01
  -2.1130509e-01
  -2.2325016e-01
  -2.5833519e-01
  -3.4992723e-01
  -4.8092374e-01
  -5.8813823e-01
  -6.8870316e-01
  -8.0687616e-01
  -8.6444019e-01
  -8.4986619e-01
  -7.8694354e-01
  -7.4790499e-01
  -7.6639848e-01
  -6.5647711e-01
  -4.0365296e-01
  -1.7662527e-01
   5.7545323e-02
   2.9497856e-01
   4.4072556e-01
   6.5041460e-01
   8.2421248e-01
   9.0852206e-01
   8.9449697e-01
   7.6451525e-01
   5.6463394e-01
   3.3558957e-01
   1.5078064e-01
  -1.7997494e-02
  -2.3681267e-01
  -5.1326764e-01
  -6.9314555e-01
  -8.2435338e-01
  -8.7432753e-01
  -8.0087862e-01
  -6.2259237e-01
  -3.5859783e-01
  -7.0500050e-02
   2.2701105e-01
   4.2214620e-01
   5.7457204e-01
   6.9685964e-01
   8.1081698e-01
   7.9309266e-01
   5.9279896e-01
  -3.4690260e-01
  -8.9699888e-01
  -1.4262480e+00
  -1.9125576e+00
  -2.2402146e+00
  -2.4731786e+00
  -2.6235773e+00
  -2.7357607e+00
  -2.6991765e+00
  -2.4680436e+00
  -2.1786628e+00
  -1.9308774e+00
  -1.7530933e+00
  -1.4473119e+00
  -1.0315305e+00
  -5.8973712e-01
  -2.5823703e-01
  -5.2265134e-02
  -1.8009688e-02
  -8.8108934e-02
  -1.2358481e-01
  -1.7899676e-01
  -2.6956066e-01
  -4.0624970e-01
  -6.1209010e-01
  -8.5046089e-01
  -1.0450108e+00
  -1.1548241e+00
  -1.2350107e+00
  -1.2422007e+00
  -1.2308224e+00
  -1.2818184e+00
  -1.4279049e+00
  -1.2829241e+00
  -7.1912960e-01
  -3.8347384e-01
  -2.5891232e-01
  -1.1408319e-01
  -2.2747801e-02
   1.7833877e-01
   2.9996547e-01
   3.5475802e-01
   2.7372852e-01
   1.0065860e-01
  -1.3395961e-01
  -3.5793361e-01
  -5.5807727e-01
  -7.7785891e-01
  -1.0339223e+00
  -1.3292196e+00
  -1.5059362e+00
  -1.5891663e+00
  -1.5575287e+00
  -1.4119413e+00
  -1.2046877e+00
  -9.5356572e-01
  -6.8249575e-01
  -4.6280530e-01
  -3.3271404e-01
  -1.4934625e-01
   1.2961693e-01
   3.8724640e-01
   3.5691305e-01
   8.9491561e-02
  -7.7802502e-01
  -1.3659867e+00
  -1.9264811e+00
  -2.4050032e+00
  -2.6730928e+00
  -2.8768765e+00
  -3.0205571e+00
  -3.0690979e+00
  -2.9317912e+00
  -2.6113326e+00
  -2.3208691e+00
  -2.0304109e+00
  -1.7785036e+00
  -1.3492087e+00
  -8.2836234e-01
  -3.9448466e-01
  -9.3879705e-02
   8.0310469e-02
   9.1860941e-02
  -8.0809402e-03
  -1.0412072e-01
  -2.2422309e-01
  -3.7507080e-01
  -5.8113227e-01
  -8.6242276e-01
  -1.1506649e+00
  -1.3480204e+00
  -1.4276777e+00
  -1.4970669e+00
  -1.4727226e+00
  -1.5043781e+00
  -1.6525887e+00
  -2.2524997e+00
  -1.8285805e+00
  -8.5463088e-01
  -5.8479050e-01
  -6.5427283e-01
  -5.7244602e-01
  -4.0187701e-01
  -1.8779178e-01
  -9.6327668e-02
  -9.3825882e-02
  -2.0469795e-01
  -3.9476257e-01
  -6.1737923e-01
  -8.2415240e-01
  -1.0549421e+00
  -1.2985297e+00
  -1.5444392e+00
  -1.8116203e+00
  -1.9853084e+00
  -2.0172411e+00
  -1.9505081e+00
  -1.7871952e+00
  -1.5943048e+00
  -1.3090322e+00
  -1.0180903e+00
  -7.9925315e-01
  -6.9573812e-01
  -4.3284776e-01
  -2.3419266e-02
   2.1579547e-01
   5.8629159e-02
  -2.9567851e-01
  -1.1203477e+00
  -1.7392514e+00
  -2.2800919e+00
  -2.6913538e+00
  -2.9112303e+00
  -3.1204772e+00
  -3.2127068e+00
  -3.1487288e+00
  -2.8440098e+00
  -2.4622228e+00
  -2.1283101e+00
  -1.9566932e+00
  -1.4491161e+00
  -8.6465698e-01
  -3.9104744e-01
  -7.4070312e-02
   1.1465891e-01
   1.9541752e-01
   1.6379679e-01
   2.3863796e-02
  -1.3457752e-01
  -3.2941261e-01
  -5.3335783e-01
  -8.1288803e-01
  -1.1327583e+00
  -1.3881106e+00
  -1.5381646e+00
  -1.5842001e+00
  -1.6307744e+00
  -1.5379596e+00
  -1.6350151e+00
  -1.6287808e+00
  -2.3025586e+00
  -1.8522949e+00
  -4.0951821e-01
  -7.6146990e-01
  -8.9788037e-01
  -8.2657242e-01
  -5.7863555e-01
  -4.3005532e-01
  -3.7920748e-01
  -4.4447088e-01
  -5.6290773e-01
  -7.5908196e-01
  -9.6162539e-01
  -1.1637175e+00
  -1.3999567e+00
  -1.6493537e+00
  -1.8923038e+00
  -2.1375585e+00
  -2.2440556e+00
  -2.1837339e+00
  -2.0662001e+00
  -1.9138744e+00
  -1.7256390e+00
  -1.4335811e+00
  -1.1444784e+00
  -9.1775292e-01
  -7.6275973e-01
  -3.4911567e-01
   1.0766920e-01
   2.1198827e-01
  -1.1375520e-01
  -5.8770794e-01
  -1.4310058e+00
  -2.0477132e+00
  -2.4988624e+00
  -2.8111979e+00
  -3.0161292e+00
  -3.1649396e+00
  -3.1448056e+00
  -2.9046695e+00
  -2.4632627e+00
  -2.0472809e+00
  -1.5227033e+00
  -2.0326663e+00
  -1.1393777e+00
  -1.9209039e-01
  -2.2706538e-02
   1.7112518e-01
   2.4790405e-01
   2.0899153e-01
   1.7466139e-01
  -2.4170840e-03
  -2.0585224e-01
  -4.1958460e-01
  -6.9866942e-01
  -9.9854714e-01
  -1.3000782e+00
  -1.5135814e+00
  -1.5566020e+00
  -1.6404978e+00
  -1.5622029e+00
  -1.5338951e+00
  -1.5900419e+00
  -1.3543731e+00
  -1.7985122e+00
  -1.5999309e+00
  -5.6931177e-01
  -1.1925424e+00
  -1.1304203e+00
  -9.2993760e-01
  -7.0720528e-01
  -5.8060840e-01
  -5.9410993e-01
  -6.8971310e-01
  -7.9781770e-01
  -9.9301922e-01
  -1.1639057e+00
  -1.3735826e+00
  -1.6053587e+00
  -1.8465937e+00
  -2.0966147e+00
  -2.2476188e+00
  -2.1995212e+00
  -1.9516093e+00
  -1.7727240e+00
  -1.6859983e+00
  -1.5334910e+00
  -1.3027731e+00
  -1.0341771e+00
  -7.8737681e-01
  -5.4050318e-01
  -2.5804886e-02
   3.2421641e-01
   1.9807028e-01
  -3.0000462e-01
  -8.6304014e-01
  -1.6580102e+00
  -2.2073123e+00
  -2.5072036e+00
  -2.6985464e+00
  -2.8722470e+00
  -2.8547068e+00
  -2.6269650e+00
  -2.2732334e+00
  -1.9081792e+00
  -1.4698517e+00
  -8.5465020e-01
  -1.1141759e+00
  -9.5929003e-01
  -2.6958966e-01
   1.1657360e-01
   3.0963162e-01
   2.3830545e-01
   1.8589567e-01
   1.1158367e-01
  -6.4800180e-02
  -2.3182587e-01
  -4.9916160e-01
  -7.8892297e-01
  -1.0739744e+00
  -1.3532881e+00
  -1.4619348e+00
  -1.4866821e+00
  -1.5245883e+00
  -1.3927914e+00
  -1.4555972e+00
  -1.3789688e+00
  -1.0562143e+00
  -1.4457943e+00
  -1.6249828e+00
  -5.8876956e-01
  -1.1488469e+00
  -1.2174690e+00
  -9.7847468e-01
  -7.9522938e-01
  -7.2487068e-01
  -7.5434119e-01
  -8.3747953e-01
  -9.3418539e-01
  -1.0863345e+00
  -1.2444859e+00
  -1.4493635e+00
  -1.6588727e+00
  -1.8849120e+00
  -2.0461583e+00
  -1.9986725e+00
  -1.6532966e+00
  -1.1763706e+00
  -1.0091647e+00
  -1.0434130e+00
  -1.0027771e+00
  -8.6527359e-01
  -6.4498520e-01
  -3.9724487e-01
  -1.0900857e-01
   3.2465115e-01
   4.0785837e-01
   1.7050736e-02
  -5.6803912e-01
  -1.1456699e+00
  -1.7028186e+00
  -2.0561061e+00
  -2.1605237e+00
  -2.2513809e+00
  -2.3601162e+00
  -2.1682897e+00
  -1.7902431e+00
  -1.5637150e+00
  -1.3133614e+00
  -9.3377280e-01
  -3.4844264e-01
  -9.9327549e-02
  -5.0028056e-01
  -6.7721343e-01
   2.9012978e-02
   1.8327653e-01
   4.4874877e-02
   1.0837942e-02
  -6.1105132e-02
  -1.4078924e-01
  -2.7106115e-01
  -5.5324018e-01
  -7.7821046e-01
  -1.0445509e+00
  -1.2552305e+00
  -1.2842394e+00
  -1.3247275e+00
  -1.3044453e+00
  -1.2169843e+00
  -1.2918278e+00
  -1.1273608e+00
  -6.9457173e-01
  -7.7639896e-01
  -1.1615865e+00
  -4.8758841e-01
  -9.3854594e-01
  -1.2191128e+00
  -1.0099726e+00
  -8.3834678e-01
  -8.3947635e-01
  -8.4731001e-01
  -8.8122666e-01
  -9.7957253e-01
  -1.0791497e+00
  -1.2200618e+00
  -1.4025327e+00
  -1.5605395e+00
  -1.7087193e+00
  -1.6650624e+00
  -1.2276328e+00
  -6.7084229e-01
  -2.8773072e-01
  -2.9485846e-01
  -5.2577621e-01
  -5.9056699e-01
  -5.0304699e-01
  -3.3727720e-01
  -1.0388269e-01
   1.3777731e-01
   3.3700937e-01
   1.5971637e-01
  -3.4320334e-01
  -8.6218786e-01
  -1.3269303e+00
  -1.4313976e+00
  -1.4407827e+00
  -1.3439932e+00
  -1.5086114e+00
  -1.6028590e+00
  -1.2741654e+00
  -8.0511427e-01
  -1.1975839e+00
  -6.8351436e-01
  -2.9068404e-01
   2.1666571e-02
   2.7297533e-01
  -2.9572818e-02
  -6.2264073e-01
  -1.3741530e-01
  -1.4730108e-01
  -2.5824857e-01
  -2.2152314e-01
  -2.1563892e-01
  -2.1176571e-01
  -3.1012723e-01
  -5.1902473e-01
  -6.9167960e-01
  -8.9619613e-01
  -1.0255151e+00
  -1.0471587e+00
  -1.0886664e+00
  -1.0944185e+00
  -1.0747921e+00
  -1.0952578e+00
  -8.5334229e-01
  -1.7786933e-01
   5.5322155e-02
  -7.2341418e-01
  -9.4617374e-02
  -8.1649137e-01
  -1.1482340e+00
  -1.0324941e+00
  -8.6204410e-01
  -9.0967917e-01
  -9.0135032e-01
  -8.9769173e-01
  -9.7148842e-01
  -1.0364289e+00
  -1.1375072e+00
  -1.2692196e+00
  -1.3310536e+00
  -1.2661252e+00
  -8.3470464e-01
  -1.2878209e-01
   7.1934409e-02
   9.2490204e-04
  -2.1372867e-01
  -5.8397883e-01
  -6.4218372e-01
  -5.4829413e-01
  -4.1715756e-01
  -2.0590866e-01
  -3.2327477e-02
  -9.6343793e-03
  -2.6561928e-01
  -6.6293204e-01
  -9.8565024e-01
  -1.2517207e+00
  -7.5973474e-01
  -3.7579370e-01
  -2.8551103e-01
  -6.8837154e-01
  -8.0551891e-01
  -3.2466990e-01
   9.4284182e-02
  -5.7838422e-01
  -2.5496082e-01
   2.4553116e-02
   2.2039665e-01
   3.5560322e-01
   2.2157316e-01
  -2.7184445e-01
  -2.1527357e-01
  -3.8672888e-01
  -4.6351948e-01
  -3.5043746e-01
  -2.7556665e-01
  -2.2102095e-01
  -2.6164849e-01
  -3.8393003e-01
  -5.1290461e-01
  -6.4212835e-01
  -7.2834878e-01
  -7.8183669e-01
  -8.6517071e-01
  -9.3511981e-01
  -9.6660656e-01
  -9.1363204e-01
  -5.3616300e-01
   4.6240997e-01
   9.9551326e-01
  -2.5933325e-01
   6.1905488e-02
  -5.2479601e-01
  -9.1587018e-01
  -1.0141180e+00
  -8.9993667e-01
  -9.8787963e-01
  -9.8140377e-01
  -9.4378555e-01
  -9.5347094e-01
  -9.7430336e-01
  -1.0243015e+00
  -1.0622282e+00
  -9.5941937e-01
  -5.4819602e-01
   2.6583417e-01
   6.8511337e-01
   2.0922297e-01
  -3.3681408e-02
  -3.5803609e-01
  -7.3623210e-01
  -7.0536409e-01
  -6.6900223e-01
  -6.1936758e-01
  -4.4299129e-01
  -3.1310220e-01
  -3.3592415e-01
  -5.0887737e-01
  -6.9863427e-01
  -8.0265795e-01
  -8.4867120e-01
   2.5180696e-01
   1.0059770e+00
   7.4674992e-01
   5.0102517e-02
   1.8754718e-02
   6.4782858e-01
   5.3189126e-01
   1.6017689e-01
  -1.8704642e-01
  -8.3770491e-03
   2.6780032e-01
   3.4965044e-01
   3.6571070e-01
   5.3184532e-02
  -1.4981137e-01
  -4.6974093e-01
  -5.0423369e-01
  -3.4876168e-01
  -2.3219886e-01
  -1.2970896e-01
  -1.0426782e-01
  -1.5317975e-01
  -2.3897223e-01
  -3.2353634e-01
  -4.0858104e-01
  -5.2300483e-01
  -6.9218664e-01
  -8.3439320e-01
  -8.8368218e-01
  -7.4114621e-01
  -1.8076768e-01
   1.1646551e+00
   1.9753901e+00
   1.6867356e-01
   3.1520804e-02
  -1.8833366e-01
  -5.6959078e-01
  -9.7992384e-01
  -1.0388702e+00
  -1.1626719e+00
  -1.1368921e+00
  -1.0248491e+00
  -9.4164508e-01
  -8.9303648e-01
  -8.7113004e-01
  -7.6784325e-01
  -4.3465805e-01
   3.9831108e-01
   1.6003109e+00
   1.1753631e+00
   1.8486623e-01
   1.2502243e-01
  -4.0368485e-01
  -6.3746697e-01
  -5.8529696e-01
  -7.4666369e-01
  -8.0712466e-01
  -6.1765915e-01
  -4.6635839e-01
  -4.2932627e-01
  -4.5124262e-01
  -4.3566445e-01
  -3.4942647e-01
  -1.5950006e-01
   1.4434963e+00
   2.4862640e+00
   1.5753274e+00
   6.5759611e-01
   8.4355118e-01
   1.5301532e+00
   6.1578398e-01
   5.3356898e-01
  -2.3590647e-01
   1.4016536e-02
   2.5069880e-01
   3.4928668e-01
   4.8936618e-01
   2.7282619e-01
  -1.1332141e-02
  -4.5228109e-01
  -4.2696903e-01
  -2.3018473e-01
  -7.7566696e-02
   6.3691571e-02
   1.4830316e-01
   1.6013603e-01
   1.0155071e-01
   2.0061942e-02
  -9.8259057e-02
  -3.0426282e-01
  -5.7156061e-01
  -7.8390622e-01
  -8.1926092e-01
  -5.5595434e-01
   2.1208115e-01
   1.8757067e+00
   2.8732389e+00
   1.8956205e-01
   2.9748108e-01
   6.9770023e-02
  -2.4189963e-01
  -9.6861219e-01
  -1.2867607e+00
  -1.4704189e+00
  -1.3625332e+00
  -1.1273869e+00
  -9.3646533e-01
  -7.9192853e-01
  -6.6588304e-01
  -3.7027657e-01
   2.4019356e-01
   1.5389352e+00
   3.1775242e+00
   1.6945362e+00
   2.7525699e-01
   3.0596238e-01
  -4.2998896e-01
  -3.9111605e-01
  -4.6786139e-01
  -9.0606892e-01
  -1.0036483e+00
  -6.9634485e-01
  -4.4928098e-01
  -2.8886491e-01
  -1.5200311e-01
   3.9591983e-02
   2.9423627e-01
   7.2883433e-01
   2.6447844e+00
   3.7800833e+00
   2.0204000e+00
   1.1051082e+00
   1.4568197e+00
   2.0454935e+00
   1.1049653e+00
   9.1601971e-01
   9.1566754e-02
   1.3910841e-01
   2.4860530e-01
   3.9479042e-01
   5.5991772e-01
   4.5536877e-01
   4.0129179e-02
  -3.0462919e-01
  -2.3210196e-01
  -1.1597770e-02
   1.7572763e-01
   3.4936992e-01
   4.7664146e-01
   5.2698494e-01
   4.6867767e-01
   3.6227167e-01
   1.7746253e-01
  -1.4895509e-01
  -5.0830084e-01
  -7.6426123e-01
  -7.5618113e-01
  -3.5219610e-01
   6.3122760e-01
   2.5474575e+00
   3.7385842e+00
   3.9579000e-01
   5.2656801e-01
   4.3115735e-01
  -7.3868290e-02
  -9.7443801e-01
  -1.5265390e+00
  -1.8568522e+00
  -1.6105553e+00
  -1.2308788e+00
  -9.2727673e-01
  -6.6785150e-01
  -3.9978790e-01
   1.3205389e-01
   1.0595665e+00
   2.8926389e+00
   4.7173694e+00
   2.3785246e+00
   3.6111000e-02
  -2.0751266e-01
  -4.5981822e-01
  -1.4102411e-01
  -4.2750179e-01
  -1.0939041e+00
  -1.0864177e+00
  -5.7538495e-01
  -2.1347867e-01
   6.9718835e-02
   3.4847348e-01
   6.9597072e-01
   1.0992586e+00
   1.7350951e+00
   3.8303275e+00
   4.9021873e+00
   2.5809195e+00
   1.6408565e+00
   1.4398773e+00
   1.6611454e+00
   1.2462132e+00
   6.8544054e-01
  -6.7839004e-02
  -1.6148090e-03
   3.8537985e-01
   6.3837123e-01
   7.5818080e-01
   5.8090723e-01
   2.5475496e-01
   1.0081792e-01
   2.0479095e-01
   4.2180678e-01
   6.3222975e-01
   8.3524501e-01
   9.8514515e-01
   1.0138322e+00
   9.1805488e-01
   7.4924242e-01
   4.0490958e-01
  -1.1321358e-01
  -5.6561053e-01
  -8.0211270e-01
  -6.6537958e-01
  -2.3693204e-02
   1.1871798e+00
   3.2452459e+00
   4.6247211e+00
  -3.5744011e-02
  -1.7575254e-01
   6.9431096e-01
  -1.0226250e-01
  -6.4791965e-01
  -1.8887469e+00
  -2.4621477e+00
  -1.9341753e+00
  -1.2964001e+00
  -8.5638672e-01
  -4.4549716e-01
   4.8463933e-02
   9.2053556e-01
   2.2511990e+00
   4.2476921e+00
   5.1176319e+00
   1.7087100e+00
   1.9198591e-01
  -4.6142673e-01
  -2.6909223e-01
   3.4778285e-01
  -5.8568752e-01
  -1.4372207e+00
  -8.7218142e-01
  -8.2010061e-02
   3.4523916e-01
   7.3785722e-01
   1.1290781e+00
   1.5920880e+00
   2.1034811e+00
   2.8508413e+00
   4.4875193e+00
   5.4170136e+00
   3.2157679e+00
   1.5261514e+00
   1.0825354e+00
   1.1022890e+00
   1.2119231e+00
   4.8949802e-01
  -2.0040256e-01
   2.0515156e-01
   7.2845680e-01
   1.0223222e+00
   1.0288794e+00
   8.1252062e-01
   5.7317364e-01
   4.9364698e-01
   5.9286314e-01
   7.9369819e-01
   1.0207188e+00
   1.2304323e+00
   1.3473943e+00
   1.3318855e+00
   1.1938771e+00
   9.0951645e-01
   3.9016330e-01
  -2.6282766e-01
  -7.2229898e-01
  -8.4442937e-01
  -5.2508342e-01
   3.2858318e-01
   1.6460652e+00
   3.6397071e+00
   4.7150331e+00
   1.1431488e+00
   2.7011597e-01
   5.8866227e-01
  -1.8848576e-01
  -1.1314125e-01
  -1.9648879e+00
  -3.0214283e+00
  -2.1393795e+00
  -1.2999032e+00
  -7.5240499e-01
  -1.9991711e-01
   4.8617116e-01
   1.6103125e+00
   3.1573560e+00
   5.2928047e+00
   5.1288662e+00
   1.4803069e+00
  -4.7403321e-01
  -3.4917432e-01
   3.2782751e-01
   9.0848494e-01
  -5.2918708e-01
  -1.5869915e+00
  -5.5804217e-01
   3.0102515e-01
   7.2763175e-01
   1.1789641e+00
   1.6117772e+00
   2.1118426e+00
   2.6741436e+00
   3.4761527e+00
   4.9911661e+00
   5.7680998e+00
   3.4739299e+00
   1.3233010e+00
   1.0248555e+00
   9.1591221e-01
   9.5551383e-01
   1.4164381e-01
  -4.9871977e-02
   6.0814822e-01
   1.1876172e+00
   1.3797331e+00
   1.2903953e+00
   1.0522122e+00
   8.6598599e-01
   8.2042253e-01
   9.1235650e-01
   1.1110269e+00
   1.3572756e+00
   1.5600359e+00
   1.6284493e+00
   1.5586748e+00
   1.3477709e+00
   9.0299499e-01
   2.2274858e-01
  -5.0289226e-01
  -8.8199514e-01
  -8.1743491e-01
  -2.9791266e-01
   7.1541619e-01
   2.0485418e+00
   3.8548670e+00
   4.7395940e+00
   1.6046929e+00
   1.1152013e-01
   3.5667330e-01
  -2.4181157e-01
  -1.6025370e-01
  -1.4805251e+00
  -3.5559182e+00
  -2.2895381e+00
  -1.2355379e+00
  -5.8368742e-01
   1.2227694e-01
   9.8494256e-01
   2.2993112e+00
   3.9884305e+00
   6.0066528e+00
   4.8095164e+00
   1.0564446e+00
  -3.1177044e-01
  -4.3833166e-02
   6.7322838e-01
   7.5762850e-01
  -6.9775754e-01
  -1.4924299e+00
  -2.0298362e-01
   6.0894614e-01
   1.0497978e+00
   1.5415328e+00
   2.0102422e+00
   2.5546541e+00
   3.1706738e+00
   4.0133719e+00
   5.3740911e+00
   5.9362578e+00
   3.5601013e+00
   1.1481837e+00
   9.0273619e-01
   8.1762952e-01
   5.6679291e-01
  -1.8169127e-01
   1.5711632e-01
   1.0843664e+00
   1.6433454e+00
   1.6995242e+00
   1.5271091e+00
   1.2761732e+00
   1.1237630e+00
   1.0875121e+00
   1.1750417e+00
   1.3822129e+00
   1.6403537e+00
   1.8162971e+00
   1.8238387e+00
   1.6843977e+00
   1.3649756e+00
   7.3935008e-01
  -6.2689334e-02
  -7.7322721e-01
  -9.9330646e-01
  -6.9965363e-01
   8.2161855e-03
   1.1281331e+00
   2.4341116e+00
   4.0304971e+00
   4.6707621e+00
   1.7458395e+00
  -1.6717601e-01
   7.4495442e-02
  -3.3598220e-01
  -3.4890899e-01
  -9.8378205e-01
  -3.6478543e+00
  -2.3443468e+00
  -1.0744835e+00
  -3.2468122e-01
   5.2847427e-01
   1.5333816e+00
   2.9650676e+00
   4.7034054e+00
   6.5198498e+00
   4.0131664e+00
   6.2529540e-01
   6.0413040e-02
   2.0070049e-01
   8.4345025e-01
   4.5084134e-01
  -6.7678666e-01
  -1.1897271e+00
   1.5675430e-01
   8.8701063e-01
   1.3540126e+00
   1.8816847e+00
   2.3882389e+00
   2.9776130e+00
   3.6328573e+00
   4.4835501e+00
   5.6732613e+00
   5.8875090e+00
   3.6156491e+00
   1.0843840e+00
   4.0130137e-01
   5.8593848e-01
   6.1935016e-02
  -3.6115107e-01
   2.6547719e-01
   1.5876898e+00
   2.0369559e+00
   1.9928430e+00
   1.7418435e+00
   1.4811811e+00
   1.3542492e+00
   1.3117647e+00
   1.4022618e+00
   1.6285153e+00
   1.8828750e+00
   2.0013479e+00
   1.9310490e+00
   1.6936697e+00
   1.2106769e+00
   3.8465526e-01
  -4.8319548e-01
  -1.0534083e+00
  -1.0155471e+00
  -4.4774640e-01
   4.2663691e-01
   1.5989216e+00
   2.8638500e+00
   4.2867960e+00
   4.4638690e+00
   1.8408988e+00
  -2.2072278e-01
  -2.2913017e-01
  -5.4553921e-01
  -3.6558174e-01
  -8.7219350e-01
  -2.8896644e+00
  -2.2589427e+00
  -7.6281221e-01
   8.2971040e-02
   1.0736108e+00
   2.1770862e+00
   3.6410928e+00
   5.3084213e+00
   6.9447599e+00
   2.4702096e+00
   3.0097179e-01
   2.1321771e-01
   1.8962992e-01
   8.8298023e-01
   3.8201240e-01
  -9.6893583e-02
  -6.4557145e-01
   5.2294643e-01
   1.1896176e+00
   1.6965856e+00
   2.2690902e+00
   2.8251071e+00
   3.4585599e+00
   4.1253036e+00
   4.9310500e+00
   5.7352734e+00
   5.4630108e+00
   3.6454303e+00
   8.4137201e-01
  -1.6612099e-01
  -8.9341491e-02
  -4.4843644e-01
  -1.5239595e-01
   1.0082294e+00
   2.7114294e+00
   2.3915114e+00
   2.2099788e+00
   1.8931966e+00
   1.6134484e+00
   1.4919314e+00
   1.4445426e+00
   1.5543350e+00
   1.7904111e+00
   1.9703333e+00
   1.9496789e+00
   1.7478193e+00
   1.3272852e+00
   6.2504828e-01
  -3.0652580e-01
  -9.8279029e-01
  -1.1179658e+00
  -6.9734418e-01
   1.3410999e-01
   1.1008745e+00
   2.2545283e+00
   3.4088664e+00
   4.4664555e+00
   3.5235760e+00
   1.0824503e+00
  -2.9823282e-01
  -4.5500082e-01
  -6.1546636e-01
  -5.1389748e-01
  -7.3876506e-01
  -2.3412089e+00
  -1.5275840e+00
  -3.8656116e-02
   8.8470525e-01
   1.9233887e+00
   2.9859765e+00
   4.3049741e+00
   5.6525278e+00
   6.2722645e+00
   2.3684809e+00
   1.1792690e-01
  -2.8985912e-01
   1.1351392e-01
   9.7400594e-01
   1.2084961e-01
   1.6587275e-01
   3.8344750e-01
   9.7307944e-01
   1.7164681e+00
   2.2496433e+00
   2.8714337e+00
   3.4692209e+00
   4.1292715e+00
   4.7414823e+00
   5.3400607e+00
   5.4600253e+00
   4.8466678e+00
   3.1153588e+00
   5.1550132e-01
  -1.8522358e-01
  -1.4804849e-01
  -3.9447385e-01
  -2.2069864e-02
   1.8818846e+00
   2.8639753e+00
   2.4436498e+00
   2.1879673e+00
   1.8114665e+00
   1.4994884e+00
   1.3677818e+00
   1.3354784e+00
   1.4671290e+00
   1.6751175e+00
   1.7591693e+00
   1.6256783e+00
   1.3280970e+00
   7.9428005e-01
   3.8966358e-02
  -7.5441170e-01
  -1.1119324e+00
  -9.0124232e-01
  -2.7722523e-01
   6.3786393e-01
   1.6078624e+00
   2.7164855e+00
   3.8263667e+00
   5.0022984e+00
   3.1624088e+00
   8.7663507e-01
  -3.2975778e-01
  -5.4627675e-01
  -5.9083074e-01
  -3.9230582e-01
  -4.2183214e-01
  -1.5393467e+00
  -8.6206305e-01
   6.1431348e-01
   1.5142672e+00
   2.4940186e+00
   3.4558377e+00
   4.5884156e+00
   5.6268630e+00
   5.5809293e+00
   1.7874887e+00
  -2.5014587e-02
  -5.6067668e-03
   3.8220552e-01
   8.7595075e-01
  -2.7463233e-01
   1.5853298e-01
   1.0227566e+00
   1.5569810e+00
   2.1363692e+00
   2.6640592e+00
   3.3026705e+00
   3.9101322e+00
   4.5347009e+00
   5.0282025e+00
   5.3874679e+00
   5.0046310e+00
   4.0862751e+00
   2.3989713e+00
   1.3583136e-01
  -3.5078678e-01
  -1.0304525e-01
  -2.3655066e-01
   2.6277977e-01
   2.4282975e+00
   2.7756233e+00
   2.3524008e+00
   2.0050585e+00
   1.5635169e+00
   1.2230893e+00
   1.0964121e+00
   1.1006970e+00
   1.2498598e+00
   1.4212782e+00
   1.4212644e+00
   1.1937054e+00
   8.1688029e-01
   2.1761811e-01
  -4.9435928e-01
  -1.0566977e+00
  -1.0895541e+00
  -5.9578359e-01
   1.6667117e-01
   1.1244555e+00
   2.0827539e+00
   3.1518478e+00
   4.2105808e+00
   5.2496767e+00
   2.5692563e+00
   4.3573081e-01
  -2.2622177e-01
  -5.3461218e-01
  -4.5942149e-01
  -2.2988829e-01
  -2.1318647e-01
  -7.5546575e-01
  -1.9297422e-01
   1.2348326e+00
   2.0752535e+00
   2.9744205e+00
   3.8246229e+00
   4.7616029e+00
   5.4952598e+00
   5.0212960e+00
   1.3830143e+00
   1.3398210e-02
   2.6129594e-01
   4.7849590e-01
   7.3383844e-01
  -3.6103749e-01
   1.0973498e-01
   1.5671040e+00
   2.0843046e+00
   2.5335310e+00
   3.0469563e+00
   3.6779506e+00
   4.2627110e+00
   4.8228216e+00
   5.1735988e+00
   5.2601118e+00
   4.2763494e+00
   3.0642028e+00
   1.3968524e+00
  -3.4935558e-01
  -7.9370620e-01
   4.0923662e-02
   3.5805118e-02
   8.0520237e-01
   2.5381332e+00
   2.4172313e+00
   2.0719572e+00
   1.5933936e+00
   1.0725568e+00
   7.0773966e-01
   6.1005417e-01
   6.8369736e-01
   8.4544281e-01
   9.6804068e-01
   8.9530218e-01
   5.8989368e-01
   1.4721650e-01
  -4.6038563e-01
  -1.0001104e+00
  -1.1974234e+00
  -8.7865628e-01
  -1.5885041e-01
   6.7669145e-01
   1.6379376e+00
   2.5698380e+00
   3.6061396e+00
   4.5933315e+00
   5.0689124e+00
   1.5325044e+00
  -4.3688419e-01
   7.8722709e-02
  -3.8461684e-01
  -1.6948939e-01
  -1.7663245e-02
  -1.5911483e-01
   5.1502140e-02
   5.4876915e-01
   1.8717426e+00
   2.6038446e+00
   3.3932539e+00
   4.1112413e+00
   4.8250572e+00
   5.2311949e+00
   4.6030713e+00
   1.2408668e+00
   3.1495762e-01
   4.5642140e-01
   3.0224423e-01
   5.3179282e-01
   5.3764156e-03
   2.0677433e-02
   2.0588812e+00
   2.5659092e+00
   2.9438714e+00
   3.4318406e+00
   4.0219793e+00
   4.5378566e+00
   4.9911319e+00
   5.1569973e+00
   4.9000465e+00
   2.9530498e+00
   1.7654197e+00
   4.4857905e-01
  -6.2472028e-01
  -1.0201592e+00
  -3.7491858e-01
   8.3376422e-01
   1.5777233e+00
   2.0054965e+00
   1.5445216e+00
   1.2176089e+00
   5.5699056e-01
   2.2056804e-02
  -2.6883706e-01
  -2.7223089e-01
  -1.3576111e-01
   4.5187598e-03
   6.5555267e-02
  -4.2500573e-02
  -3.4154382e-01
  -7.0345322e-01
  -1.0528505e+00
  -1.1664876e+00
  -8.9966041e-01
  -3.1869545e-01
   4.9010989e-01
   1.3182565e+00
   2.2203512e+00
   3.0430995e+00
   3.9097683e+00
   4.6143936e+00
   4.5968766e+00
   7.0807973e-01
   4.4012222e-01
   2.8748157e-01
   3.6838267e-02
  -3.4643720e-02
  -1.6318515e-01
   2.2579238e-01
   6.3835371e-01
   1.6338516e+00
   2.5520871e+00
   3.1059819e+00
   3.7299051e+00
   4.2784567e+00
   4.7374887e+00
   4.8171176e+00
   3.9913988e+00
   1.5521569e+00
   5.1415521e-01
   2.8755578e-01
   5.3511631e-01
   3.3781837e-02
   4.3227541e-01
   1.5400298e+00
   3.1093075e+00
   3.1164690e+00
   3.3593483e+00
   3.7803762e+00
   4.2749472e+00
   4.6620068e+00
   4.9240756e+00
   4.7398571e+00
   3.9121375e+00
   2.1424110e+00
   1.1878622e+00
   1.3193147e-01
  -5.5938578e-01
  -5.7014960e-01
   4.1419584e-01
   1.3169529e+00
   1.6285059e+00
   1.2422037e+00
   9.7928452e-01
   4.4827452e-01
  -2.3239706e-01
  -7.2540677e-01
  -9.7531414e-01
  -9.7291583e-01
  -8.5951722e-01
  -7.5917763e-01
  -7.2724295e-01
  -8.1389153e-01
  -1.0075214e+00
  -1.1815147e+00
  -1.2446113e+00
  -1.0822986e+00
  -6.1186802e-01
   4.6062235e-02
   8.5630351e-01
   1.6476969e+00
   2.4726253e+00
   3.1697860e+00
   3.8422413e+00
   4.4007244e+00
   3.8215861e+00
   5.7069981e-01
   3.6092976e-01
   2.9092783e-01
   7.7603102e-02
  -1.1972459e-01
  -1.2920862e-01
   4.9850190e-01
   1.1217127e+00
   2.2742507e+00
   2.9029562e+00
   3.3946488e+00
   3.9166536e+00
   4.3512001e+00
   4.6509461e+00
   4.5779867e+00
   3.6926861e+00
   1.3301694e+00
   4.6925879e-01
   2.7809632e-01
   4.1917747e-01
   2.8826046e-01
   1.3206667e+00
   2.3203933e+00
   3.4326885e+00
   3.3201244e+00
   3.5212932e+00
   3.8682351e+00
   4.2756505e+00
   4.5674725e+00
   4.6493397e+00
   4.1397009e+00
   2.9705989e+00
   1.3887895e+00
   6.9739443e-01
  -3.5425923e-02
  -5.1001829e-01
  -1.6684900e-01
   1.0570701e+00
   1.6631759e+00
   1.3558433e+00
   5.3258323e-01
   4.6351314e-01
  -3.3034470e-01
  -1.0181123e+00
  -1.4586328e+00
  -1.6721380e+00
  -1.6782903e+00
  -1.6011904e+00
  -1.5393123e+00
  -1.5235183e+00
  -1.5696060e+00
  -1.6327403e+00
  -1.6056235e+00
  -1.3978230e+00
  -1.0012830e+00
  -3.7609977e-01
   3.2907464e-01
   1.1256618e+00
   1.8672810e+00
   2.6061573e+00
   3.1822749e+00
   3.6819499e+00
   4.1316686e+00
   3.0620427e+00
   4.1200979e-01
   2.2417718e-01
   2.4273278e-01
   1.9638751e-02
  -3.6379199e-01
  -2.4785857e-01
   5.0858062e-01
   1.4076371e+00
   2.9760109e+00
   3.1906452e+00
   3.6274107e+00
   4.0714030e+00
   4.4064626e+00
   4.5646186e+00
   4.3410091e+00
   3.3862295e+00
   1.1746105e+00
   3.9203018e-01
   2.5392711e-01
   2.9168373e-01
   5.3580802e-01
   2.1078641e+00
   2.9523531e+00
   3.6017380e+00
   3.4309970e+00
   3.5988326e+00
   3.8630448e+00
   4.1740799e+00
   4.3672027e+00
   4.2679644e+00
   3.4452854e+00
   2.0267906e+00
   4.9351698e-01
   1.7051180e-01
   7.8491665e-02
  -6.0382373e-01
  -2.4293714e-02
   1.0020380e+00
   1.7201738e+00
   1.2699367e-01
  -9.9402018e-02
  -1.0075214e-01
  -1.3563065e+00
  -2.0566516e+00
  -2.4123862e+00
  -2.5864681e+00
  -2.6259917e+00
  -2.6137655e+00
  -2.5892522e+00
  -2.5589516e+00
  -2.5060199e+00
  -2.3504960e+00
  -2.0597676e+00
  -1.5756229e+00
  -9.8540117e-01
  -2.5710127e-01
   4.6032845e-01
   1.2143677e+00
   1.8583150e+00
   2.4651096e+00
   2.9109272e+00
   3.2759047e+00
   3.6773501e+00
   2.2600626e+00
  -6.1458890e-02
   1.4058230e-01
   6.7384683e-02
  -2.7655865e-01
  -1.1446854e+00
  -9.6913420e-01
  -3.4129643e-01
   1.1208595e+00
   4.1903159e+00
   3.4307568e+00
   3.7896477e+00
   4.1992486e+00
   4.4435890e+00
   4.4575946e+00
   4.0016263e+00
   2.8857775e+00
   1.3653012e+00
   2.5786517e-01
   1.2651753e-01
   1.9679078e-01
   5.9765442e-01
   2.6060559e+00
   3.4515165e+00
   3.5009660e+00
   3.3552346e+00
   3.4825203e+00
   3.6163999e+00
   3.7735177e+00
   3.8220546e+00
   3.4910524e+00
   2.3136631e+00
   8.3057168e-01
   2.3277397e-01
   9.9384516e-02
   9.4822094e-02
  -1.6069645e-01
  -2.2748855e-01
   9.9430847e-01
   5.7424581e-01
  -4.2128557e-01
   2.4066973e-01
  -5.7972598e-01
  -2.0121858e+00
  -2.4669237e+00
  -2.7449749e+00
  -2.9147661e+00
  -2.9994750e+00
  -3.0459857e+00
  -3.0515342e+00
  -3.0057096e+00
  -2.8840957e+00
  -2.6242218e+00
  -2.2302258e+00
  -1.6546717e+00
  -1.0083985e+00
  -2.6738805e-01
   4.1961917e-01
   1.1081344e+00
   1.6545403e+00
   2.1295984e+00
   2.4493089e+00
   2.7004268e+00
   2.7948551e+00
   1.2780237e+00
  -6.5240502e-02
   1.7450261e-01
   2.3984488e-02
  -5.5964917e-01
  -2.8171003e+00
  -1.7926066e+00
  -9.1317749e-01
   1.0234275e+00
   4.3315430e+00
   3.2414885e+00
   3.6758995e+00
   4.0835695e+00
   4.2971115e+00
   4.2294345e+00
   3.5506220e+00
   2.0402546e+00
   1.1266241e+00
   4.9262312e-01
   9.1543801e-02
   2.0472449e-01
   9.6773231e-01
   3.5134096e+00
   3.4322133e+00
   2.8803511e+00
   2.8653409e+00
   2.9926531e+00
   3.0724981e+00
   3.1463270e+00
   3.1059389e+00
   2.6904974e+00
   1.4894292e+00
   1.7730184e-02
   5.9403196e-02
   5.1000997e-02
   1.8272207e-01
  -6.4318143e-02
  -3.4853517e-01
   2.6509735e-01
  -1.8593536e-01
  -3.2753769e-01
   3.3388044e-01
  -8.3616453e-01
  -1.9629400e+00
  -2.2790563e+00
  -2.5093555e+00
  -2.6809077e+00
  -2.7923679e+00
  -2.8754704e+00
  -2.9073641e+00
  -2.8739436e+00
  -2.7448577e+00
  -2.4688540e+00
  -2.0594510e+00
  -1.4813439e+00
  -8.4766703e-01
  -1.3650683e-01
   5.0330916e-01
   1.1293830e+00
   1.6067680e+00
   1.9848642e+00
   2.1844567e+00
   2.2496321e+00
   2.0116764e+00
   6.9625944e-01
  -5.4101221e-02
   1.9873597e-02
  -6.7391683e-02
  -7.2673869e-01
  -3.3763373e+00
  -2.2113175e+00
  -9.5885670e-01
   1.2275586e+00
   3.9591365e+00
   3.0396464e+00
   3.5611484e+00
   3.9745288e+00
   4.1681278e+00
   4.0493178e+00
   3.2291762e+00
   1.4919194e+00
   7.7536820e-01
   5.1925987e-01
   1.8315863e-01
   2.5977799e-01
   1.3871245e+00
   4.2259011e+00
   3.5015983e+00
   2.5655496e+00
   2.5951261e+00
   2.6748266e+00
   2.6959819e+00
   2.6853566e+00
   2.5665466e+00
   2.1620958e+00
   1.0558429e+00
  -3.0094799e-01
  -9.8783731e-02
   6.1855540e-03
   3.1022573e-01
  -9.8109007e-02
  -4.5034814e-01
  -8.4481394e-01
  -8.7846041e-01
   3.9388672e-02
   3.3732599e-01
  -1.0320554e+00
  -1.6200145e+00
  -1.8248062e+00
  -2.0139294e+00
  -2.1899230e+00
  -2.3237693e+00
  -2.4387467e+00
  -2.4985809e+00
  -2.4904313e+00
  -2.3779798e+00
  -2.1199551e+00
  -1.7291926e+00
  -1.1845059e+00
  -5.9293818e-01
   6.7469478e-02
   6.4767259e-01
   1.2051857e+00
   1.6170372e+00
   1.9009119e+00
   1.9686389e+00
   1.7964741e+00
   1.1765037e+00
   2.0916364e-01
  -3.5554420e-02
  -2.2999954e-01
  -1.8915039e-01
  -8.6621499e-01
  -3.5472083e+00
  -2.5142632e+00
  -7.9511642e-01
   1.5789195e+00
   3.3330400e+00
   2.8088222e+00
   3.4324298e+00
   3.8553138e+00
   4.0310464e+00
   3.8675327e+00
   2.9226401e+00
   1.0001189e+00
   3.3664966e-01
   4.6408051e-01
   3.3727705e-01
   3.4057277e-01
   1.8762038e+00
   4.9430299e+00
   3.6153884e+00
   2.3383975e+00
   2.3826654e+00
   2.3896818e+00
   2.3433106e+00
   2.2377777e+00
   2.0355666e+00
   1.6823639e+00
   7.3050338e-01
  -4.5554298e-01
   2.6664030e-02
  -3.3922762e-02
   2.1165743e-01
   3.2984614e-02
  -4.2457366e-01
  -6.5896744e-01
  -4.5331806e-01
   5.1645851e-01
   1.6751558e-02
  -5.6045550e-01
  -8.1770718e-01
  -9.6919030e-01
  -1.0945889e+00
  -1.2046297e+00
  -1.2834650e+00
  -1.3551683e+00
  -1.3950492e+00
  -1.3899138e+00
  -1.3141685e+00
  -1.1190469e+00
  -7.9813820e-01
  -3.0845249e-01
   2.6621497e-01
   9.5374000e-01
   1.5791950e+00
   2.1724086e+00
   2.5576169e+00
   2.6533637e+00
   2.2707264e+00
   1.3273828e+00
   2.1768114e-01
  -9.3766409e-01
   6.6950664e-02
  -7.3937821e-01
  -4.8544979e-01
  -2.1713977e+00
  -2.4382803e+00
  -2.1869600e+00
  -1.0054494e+00
   1.0776234e+00
   2.1526053e+00
   2.6364303e+00
   3.3712506e+00
   3.6748123e+00
   3.7736375e+00
   3.5574040e+00
   2.5393162e+00
   1.1507937e+00
   2.1106911e-01
   6.4659035e-01
   2.4686863e-01
   1.1565438e-01
   2.6605151e+00
   5.4991150e+00
   4.2870369e+00
   2.0669622e+00
   2.0242460e+00
   1.9386303e+00
   1.6708555e+00
   1.2577239e+00
   9.0535116e-01
   8.3509099e-01
   5.6939089e-01
  -3.1000555e-02
  -4.7944406e-01
  -7.4504659e-02
  -2.3329192e-01
   1.7665550e-02
  -3.7829392e-01
  -5.9320641e-01
  -2.8564124e-01
   1.7030732e-01
  -2.1847693e-01
  -7.0336521e-01
  -1.0066158e+00
  -1.2516177e+00
  -1.4206445e+00
  -1.5336730e+00
  -1.5706358e+00
  -1.5604906e+00
  -1.5050050e+00
  -1.3976834e+00
  -1.2443311e+00
  -9.9284452e-01
  -6.4304242e-01
  -1.4759484e-01
   4.0499755e-01
   1.0549911e+00
   1.6306239e+00
   2.1224437e+00
   2.3399955e+00
   2.2011323e+00
   1.6648478e+00
   6.5771937e-01
  -5.8619920e-01
  -1.2142882e+00
  -3.9888012e-02
  -1.1061708e+00
  -1.3181585e+00
  -2.8346839e+00
  -1.8233913e+00
  -1.8688078e+00
  -1.0433012e+00
   4.4342715e-01
   1.1568378e+00
   1.6448905e+00
   2.4846431e+00
   2.8390584e+00
   2.6821567e+00
   2.9282258e+00
   2.7168602e+00
   1.0496598e+00
   1.8341656e-01
   4.8819849e-01
   2.4346410e-01
   5.4133433e-01
   2.7289316e+00
   5.1263695e+00
   4.3121870e+00
   2.1329739e+00
   1.7390692e+00
   1.3541789e+00
   1.0070830e+00
   6.0431445e-01
   3.6873811e-01
   5.1741797e-01
   5.5229977e-01
  -4.7392249e-03
  -7.0487309e-01
  -1.3267846e-01
  -4.2453828e-01
   8.2153594e-03
  -2.9877046e-01
  -4.8661593e-01
  -1.8313746e-01
  -1.3982434e-01
  -4.7319803e-01
  -9.1345526e-01
  -1.2730732e+00
  -1.6115520e+00
  -1.8405324e+00
  -1.9919319e+00
  -2.0337770e+00
  -1.9947023e+00
  -1.8857902e+00
  -1.7033327e+00
  -1.4755477e+00
  -1.1560209e+00
  -7.6917899e-01
  -2.7128958e-01
   2.4815026e-01
   8.3488156e-01
   1.3316164e+00
   1.7091104e+00
   1.7922813e+00
   1.5180269e+00
   9.7440213e-01
   1.1539605e-01
  -1.1537377e+00
  -1.6610654e+00
  -2.6730895e-01
  -1.3691210e+00
  -2.2190263e+00
  -2.7774483e+00
  -1.4627028e+00
  -1.7218771e+00
  -1.2475983e+00
  -3.4994494e-01
   2.9372066e-02
   5.0041169e-01
   1.4659249e+00
   1.9779999e+00
   1.7224802e+00
   2.3208983e+00
   2.5715261e+00
   1.0668138e+00
   1.6793394e-01
   4.2029683e-01
   2.3891956e-01
   8.3150854e-01
   2.5710747e+00
   4.6327104e+00
   3.9859357e+00
   2.0786827e+00
   1.4443634e+00
   8.0077478e-01
   3.7877375e-01
   5.6317069e-02
   1.3151401e-02
   3.1427231e-01
   5.8350253e-01
   1.0384731e-01
  -3.0801540e-01
  -2.5078175e-01
  -4.9682459e-02
   1.0406062e-02
  -1.1479879e-01
  -2.4916159e-01
  -2.1060947e-01
  -4.5148685e-01
  -8.4939117e-01
  -1.3489135e+00
  -1.8066104e+00
  -2.2655202e+00
  -2.6117953e+00
  -2.8993433e+00
  -3.0620113e+00
  -3.1152620e+00
  -3.0401932e+00
  -2.8271148e+00
  -2.5111282e+00
  -2.0752698e+00
  -1.6207123e+00
  -1.1278069e+00
  -6.7824974e-01
  -2.3611956e-01
   8.7659894e-02
   2.8606111e-01
   2.7746628e-01
   7.1674133e-02
  -1.2303066e-01
  -2.7196897e-01
  -1.3066127e+00
  -2.6539497e+00
  -8.5592332e-01
  -1.4538129e+00
  -3.5475926e+00
  -9.3870422e-01
  -1.6202937e+00
  -1.9518343e+00
  -1.9187391e+00
  -1.7628517e+00
  -1.7470179e+00
  -1.3499456e+00
  -1.7125079e-01
   8.0573953e-01
   8.0790117e-01
   1.5913157e+00
   1.5932267e+00
   1.3786830e+00
   1.7778078e-01
   5.5440154e-01
   2.3026702e-01
   8.7374249e-01
   1.8132640e+00
   3.6999897e+00
   2.7044855e+00
   1.7139917e+00
   1.0410176e+00
   1.6324900e-01
  -3.4451919e-01
  -3.9207765e-01
  -1.9228799e-03
   3.3286851e-01
   7.4203408e-01
   4.4552083e-01
  -1.8734033e-01
   1.3828641e-01
   3.7725423e-01
   1.8387771e-01
   1.8407287e-02
  -1.5654521e-01
  -2.2222579e-01
  -5.0997853e-01
  -9.0779371e-01
  -1.4081235e+00
  -1.9018335e+00
  -2.4074898e+00
  -2.8304676e+00
  -3.2329793e+00
  -3.5413516e+00
  -3.7919168e+00
  -3.9280615e+00
  -3.9534841e+00
  -3.8407321e+00
  -3.5678854e+00
  -3.1891190e+00
  -2.7208290e+00
  -2.2713153e+00
  -1.8301392e+00
  -1.4918631e+00
  -1.1622601e+00
  -8.9808596e-01
  -8.3695674e-01
  -9.6512378e-01
  -3.9712253e-01
  -4.3640489e-01
  -5.1434069e+00
  -2.5068762e+00
  -1.2269012e+00
  -3.3657797e+00
  -1.5661216e+00
  -1.8974108e+00
  -2.3725245e+00
  -2.8010365e+00
  -3.0880928e+00
  -3.2620483e+00
  -2.9760580e+00
  -1.6257797e+00
   3.3471632e-01
   5.5690675e-01
   1.4808223e+00
   2.1301656e+00
   1.1752541e+00
   4.6781826e-01
   3.5264957e-01
   2.3059577e-01
   7.6337457e-03
   1.3324927e+00
   2.4208007e+00
   2.5522785e+00
   2.4630828e+00
   1.6106210e+00
   4.8067570e-02
  -8.7913997e-01
  -2.3628823e-01
   6.7027847e-01
   1.0813490e+00
   1.1443752e+00
   5.5018979e-01
  -8.7143406e-03
   1.9814895e-01
   7.3984188e-01
   4.0374585e-01
   7.5004339e-02
  -1.0009795e-01
  -2.0706214e-01
  -4.6786889e-01
  -8.2154369e-01
  -1.2878707e+00
  -1.7635138e+00
  -2.2529575e+00
  -2.6751585e+00
  -3.0968775e+00
  -3.4526091e+00
  -3.7870707e+00
  -4.0297489e+00
  -4.2000163e+00
  -4.2420030e+00
  -4.1410000e+00
  -3.9022064e+00
  -3.5381453e+00
  -3.1352253e+00
  -2.6936440e+00
  -2.3149872e+00
  -1.8741856e+00
  -1.3798429e+00
  -1.0580667e+00
  -1.2952247e+00
  -7.8070812e-01
  -2.2092503e-01
  -5.9375499e+00
  -4.5846715e+00
  -1.6031559e+00
  -2.6547182e+00
  -1.6085331e+00
  -1.9135766e+00
  -2.5788757e+00
  -3.1484823e+00
  -3.6337786e+00
  -3.9782610e+00
  -3.9871998e+00
  -2.7120967e+00
   2.2597493e-01
   4.5678437e-01
   1.2916089e+00
   2.3118045e+00
   9.4107824e-01
   3.3545658e-01
   2.6232804e-01
  -1.2666395e-01
  -1.2336309e-01
   1.0229361e+00
   1.3623056e+00
   1.7541567e+00
   2.5842313e+00
   2.2095363e+00
   3.0328845e-01
  -9.5272321e-01
  -2.2189298e-01
   6.6388261e-01
   1.2372016e+00
   1.3453333e+00
   7.2994606e-01
   2.1851775e-01
   2.0070803e-01
   1.0933850e+00
   6.5379757e-01
   1.2080556e-01
  -5.5497143e-02
  -1.8205991e-01
  -3.8875934e-01
  -6.7792372e-01
  -1.0933543e+00
  -1.5317759e+00
  -1.9823883e+00
  -2.3772573e+00
  -2.7869930e+00
  -3.1601852e+00
  -3.5456531e+00
  -3.8657501e+00
  -4.1568732e+00
  -4.3455963e+00
  -4.4297729e+00
  -4.3641052e+00
  -4.1454086e+00
  -3.8169117e+00
  -3.3834684e+00
  -2.9591128e+00
  -2.4142370e+00
  -1.6878223e+00
  -1.0559324e+00
  -1.4718331e+00
  -1.3156468e+00
  -2.1197568e-01
  -5.9648013e+00
  -6.3817064e+00
  -1.9766816e+00
  -1.7020761e+00
  -1.4556353e+00
  -1.8393649e+00
  -2.6901751e+00
  -3.3109537e+00
  -3.9363523e+00
  -4.4668059e+00
  -4.8604050e+00
  -3.8102353e+00
   4.7300696e-02
   3.0638256e-01
   9.8703569e-01
   2.3353998e+00
   7.2873098e-01
   7.1040890e-02
   2.0213367e-01
  -5.8838301e-01
  -6.9070041e-02
   7.7742687e-01
   4.0131074e-01
   8.2178017e-01
   2.5889628e+00
   2.8300041e+00
   6.9678277e-01
  -8.8044543e-01
  -2.6988733e-01
   4.1423858e-01
   1.2007196e+00
   1.4834855e+00
   9.1828406e-01
   6.6238193e-01
   6.0595015e-01
   1.2602961e+00
   9.1308688e-01
   2.5429414e-01
  -7.1875872e-02
  -1.4671324e-01
  -2.5803638e-01
  -4.3330216e-01
  -7.4889414e-01
  -1.1270484e+00
  -1.5043241e+00
  -1.8283014e+00
  -2.1743077e+00
  -2.5135813e+00
  -2.8849113e+00
  -3.2125641e+00
  -3.5447916e+00
  -3.8239589e+00
  -4.0750395e+00
  -4.2319265e+00
  -4.2774459e+00
  -4.1482640e+00
  -3.8263397e+00
  -3.4158796e+00
  -2.8733976e+00
  -1.9393563e+00
  -6.2155774e-01
  -1.3367509e+00
  -2.4043622e+00
  -5.4880943e-01
  -2.2260479e+00
  -1.7816298e+00
   3.1039875e-02
  -3.4186705e-01
  -9.9377862e-01
  -1.5920772e+00
  -2.2596872e+00
  -2.8618026e+00
  -3.6203167e+00
  -4.4388383e+00
  -5.3860184e+00
  -5.3907120e+00
  -2.0719384e+00
  -8.5065329e-01
  -2.2461187e-01
   1.5880383e+00
   1.0655727e+00
  -1.7829996e-01
   1.8726368e-01
  -7.5002555e-01
  -2.5537174e-01
   9.4746080e-01
   6.9360571e-01
   1.1851733e+00
   3.2740447e+00
   3.1044909e+00
   1.2210200e+00
  -6.2437325e-01
  -5.7099347e-01
  -3.4021420e-01
   8.2150165e-01
   1.4121876e+00
   8.0308507e-01
   3.8432676e-01
   9.1314327e-01
   1.5364286e+00
   1.0168356e+00
   3.6286193e-01
  -3.2296507e-02
  -1.0815778e-01
  -1.7273768e-01
  -2.7564275e-01
  -5.0221714e-01
  -8.3631462e-01
  -1.1804922e+00
  -1.4635369e+00
  -1.7599307e+00
  -2.0576642e+00
  -2.3953415e+00
  -2.7051003e+00
  -3.0300662e+00
  -3.3277919e+00
  -3.6480381e+00
  -3.9137270e+00
  -4.1228306e+00
  -4.1711392e+00
  -3.9835837e+00
  -3.6197727e+00
  -3.1157069e+00
  -2.2274137e+00
  -4.5325145e-01
  -6.2803037e-02
  -2.7036463e+00
  -1.1962445e+00
  -1.2064185e+00
  -1.4658644e+00
  -1.3217271e-01
  -2.5512433e-01
  -8.1332343e-01
  -1.3321375e+00
  -1.9035014e+00
  -2.5098925e+00
  -3.3293817e+00
  -4.2842054e+00
  -5.5047611e+00
  -6.0534968e+00
  -3.6059627e+00
  -2.1546524e+00
  -1.0836759e+00
   1.2474265e+00
   6.1297981e-01
  -1.1777642e-01
   3.2213499e-01
  -7.4971265e-01
  -7.1723352e-01
   7.8097117e-01
   7.8199654e-01
   9.6510965e-01
   2.4837939e+00
   3.6373570e+00
   1.5924603e+00
  -2.7508384e-01
  -3.4658905e-01
  -4.4604458e-02
   6.0709993e-01
   1.2837353e+00
   6.6130779e-01
   3.8785431e-01
   1.0960214e+00
   1.6271217e+00
   1.0145191e+00
   4.6684319e-01
   2.2600710e-02
  -6.5053485e-02
  -9.0073019e-02
  -1.3574849e-01
  -2.8109208e-01
  -5.7257760e-01
  -9.0177065e-01
  -1.1694601e+00
  -1.4377640e+00
  -1.7013543e+00
  -2.0015078e+00
  -2.2855434e+00
  -2.5933256e+00
  -2.8884521e+00
  -3.2425146e+00
  -3.5843048e+00
  -3.9206018e+00
  -4.1256533e+00
  -4.0918789e+00
  -3.7973778e+00
  -3.3467193e+00
  -2.4381073e+00
  -2.4266092e-01
   2.1710244e-01
  -2.3958030e+00
  -9.8173457e-01
  -4.2175102e-01
  -1.0501045e+00
  -2.3591039e-01
  -2.2218750e-01
  -6.4829952e-01
  -1.1164689e+00
  -1.6415499e+00
  -2.2394381e+00
  -3.0831466e+00
  -4.1153550e+00
  -5.5230494e+00
  -6.5052471e+00
  -4.7107196e+00
  -3.1223602e+00
  -1.8493688e+00
   6.5811861e-01
   4.4615966e-01
  -1.3218282e-01
   1.9488664e-01
  -8.5969174e-01
  -1.2204477e+00
   3.5389420e-01
   7.2010624e-01
   8.1754202e-01
   1.7413214e+00
   3.7446957e+00
   2.0472710e+00
   1.6450649e-01
  -1.5339994e-01
   5.7085004e-02
   2.0803553e-01
   1.0066347e+00
   6.2434494e-01
   6.1704451e-01
   1.1818222e+00
   1.5376233e+00
   9.1129351e-01
   5.6689781e-01
   9.8369814e-02
  -1.2321914e-02
  -4.7477917e-04
   5.1559070e-03
  -5.7694662e-02
  -3.0127111e-01
  -6.2559056e-01
  -8.9617389e-01
  -1.1521732e+00
  -1.3876262e+00
  -1.6486073e+00
  -1.9007449e+00
  -2.1827269e+00
  -2.4590166e+00
  -2.8210690e+00
  -3.2179458e+00
  -3.6626992e+00
  -4.0202513e+00
  -4.1678815e+00
  -3.9703476e+00
  -3.5878174e+00
  -2.5999162e+00
  -1.5429726e-02
  -1.3256633e-01
  -1.6538284e+00
  -2.3144461e-01
   1.9130361e-01
  -5.3038090e-01
  -2.8131154e-01
  -2.1246757e-01
  -4.7706264e-01
  -9.0909040e-01
  -1.4190097e+00
  -1.9999660e+00
  -2.8432465e+00
  -3.9136615e+00
  -5.4532790e+00
  -6.8150349e+00
  -5.5527592e+00
  -3.8917828e+00
  -2.5812731e+00
  -1.1020397e-01
   4.4389871e-01
  -2.2168323e-01
  -1.4317124e-01
  -1.0814813e+00
  -1.7941384e+00
  -2.9803973e-01
   5.0691819e-01
   6.3414383e-01
   9.4192517e-01
   3.4308441e+00
   2.5489326e+00
   6.8592352e-01
   2.5050089e-02
   4.1229082e-03
  -2.9107651e-01
   6.1719942e-01
   6.4609665e-01
   1.3514196e+00
   8.9784568e-01
   5.1344741e-01
   3.6322576e-01
   5.4880982e-01
   2.8403846e-01
   1.0085564e-01
   1.4553121e-01
   2.1653156e-01
   2.5995799e-01
   1.2200764e-01
  -1.7463788e-01
  -4.7382922e-01
  -7.6149176e-01
  -1.0181800e+00
  -1.2945425e+00
  -1.5284174e+00
  -1.7734724e+00
  -2.0068947e+00
  -2.3188245e+00
  -2.7176644e+00
  -3.2431856e+00
  -3.7552141e+00
  -4.1566425e+00
  -4.1790506e+00
  -3.8808435e+00
  -2.6182143e+00
  -2.0318486e-01
   1.2060890e-01
  -9.7038544e-01
  -6.3197717e-01
  -1.5068465e-01
   1.2965272e-01
   5.7784943e-02
  -1.3740160e-02
  -2.0317584e-01
  -5.6441449e-01
  -1.0532413e+00
  -1.6319459e+00
  -2.4610068e+00
  -3.5135646e+00
  -5.0620304e+00
  -6.7201144e+00
  -5.8009143e+00
  -4.2128701e+00
  -3.0244812e+00
  -4.0211457e-01
   9.2194403e-02
  -6.7359561e-01
  -8.3729384e-01
  -1.7668848e+00
  -2.5302054e+00
  -1.2435164e+00
  -4.1059650e-01
  -7.7704375e-01
  -5.4509584e-01
   9.5099608e-01
   2.4176423e+00
   1.0750633e+00
   1.1558360e-01
  -4.9054247e-01
   5.2494917e-02
   3.5033774e-01
   4.8865422e-01
   6.0706496e-01
   1.1998827e+00
   4.6051788e-01
   1.4205778e-01
   2.5509349e-01
   4.3951616e-01
   2.6443672e-01
   3.2828975e-01
   4.5463747e-01
   5.5610609e-01
   5.1947165e-01
   2.9522383e-01
  -2.1038055e-03
  -3.3054405e-01
  -6.3075733e-01
  -9.6474552e-01
  -1.2504809e+00
  -1.5260032e+00
  -1.7647228e+00
  -2.0532136e+00
  -2.4245601e+00
  -2.9637299e+00
  -3.5536928e+00
  -4.1122174e+00
  -4.2540817e+00
  -4.0487986e+00
  -2.6042016e+00
  -3.3338708e-01
   3.0198738e-01
   7.1532190e-02
  -1.8404002e-01
  -7.5788490e-02
   4.5354047e-01
   4.5334208e-01
   2.2138166e-01
   2.9661827e-02
  -2.3927850e-01
  -6.5413547e-01
  -1.2129506e+00
  -2.0327241e+00
  -3.0805931e+00
  -4.5822654e+00
  -6.2536621e+00
  -5.9737616e+00
  -4.4066930e+00
  -2.6248820e+00
  -6.8226612e-01
   1.1236203e-01
  -5.5945069e-01
  -1.0748091e+00
  -2.0114944e+00
  -2.9773216e+00
  -1.3652959e+00
  -3.6692768e-01
  -1.3900321e+00
  -1.4053469e+00
   7.7458248e-02
   1.3470110e+00
   1.2563101e+00
   8.1339800e-01
  -1.1405666e-01
   1.3973281e-01
   5.5530930e-01
   2.4981646e-01
   6.6868460e-01
   1.1130731e+00
   8.3156049e-01
   1.6805549e-01
   2.3888360e-01
   4.1422772e-01
   3.5817969e-01
   4.7851837e-01
   6.7276764e-01
   8.2851017e-01
   8.6022067e-01
   7.1706879e-01
   4.5252615e-01
   1.1315521e-01
  -2.1377096e-01
  -5.8387280e-01
  -9.1673928e-01
  -1.2394816e+00
  -1.5069008e+00
  -1.8036700e+00
  -2.1667733e+00
  -2.7268069e+00
  -3.3992176e+00
  -4.1051111e+00
  -4.2814345e+00
  -4.0379801e+00
  -1.9551275e+00
  -1.8665862e-01
   7.8058672e-01
   7.0597208e-01
   7.9473265e-02
  -3.7601829e-02
   5.8208418e-01
   7.7619231e-01
   5.3588486e-01
   3.0737245e-01
   5.7756528e-02
  -3.0743828e-01
  -8.2143098e-01
  -1.6008873e+00
  -2.6216044e+00
  -4.0959225e+00
  -5.7976685e+00
  -5.8938708e+00
  -3.6571662e+00
  -1.9533882e+00
  -3.3248153e-01
   3.1976736e-01
  -3.6168775e-01
  -1.3881158e+00
  -2.0217595e+00
  -3.1288979e+00
  -1.8331019e+00
  -6.0764420e-01
  -1.7148329e+00
  -1.0912949e+00
   1.0017735e-01
   1.1366433e+00
   1.5427426e+00
   1.4193914e+00
   1.0437731e-01
   2.6129407e-01
   4.1604671e-01
   4.3849859e-01
   1.0069159e+00
   8.4347826e-01
   1.0321915e+00
   3.0120105e-01
   2.3388034e-01
   1.9805937e-01
   2.9981261e-01
   4.9920833e-01
   8.0573928e-01
   1.0524068e+00
   1.1505808e+00
   1.0958520e+00
   8.8659126e-01
   5.5846345e-01
   2.1854992e-01
  -1.7026746e-01
  -5.3600496e-01
  -9.0036720e-01
  -1.2018675e+00
  -1.5237643e+00
  -1.8930508e+00
  -2.4822314e+00
  -3.2488513e+00
  -4.1063967e+00
  -4.2431140e+00
  -3.7157831e+00
  -1.0423309e+00
   7.6702423e-02
   1.1484562e+00
   8.3856499e-01
   2.0877255e-01
   1.1979790e-02
   6.4535338e-01
   1.0575540e+00
   8.8316774e-01
   6.2351096e-01
   3.5283387e-01
   1.3366446e-02
  -4.4463289e-01
  -1.1637336e+00
  -2.1390493e+00
  -3.5870807e+00
  -5.2959404e+00
  -5.6381249e+00
  -2.5616922e+00
  -1.0693914e+00
   1.3422459e-01
   6.0174024e-01
  -1.5937354e-01
  -1.6892091e+00
  -1.9984456e+00
  -3.0592182e+00
  -2.2075694e+00
  -9.8192954e-01
  -1.8392943e+00
  -4.8242912e-01
   4.7019047e-01
   1.2993823e+00
   1.6146853e+00
   1.6771326e+00
   1.4243698e-01
   3.4011793e-01
   2.9077032e-01
   6.7173314e-01
   1.0191455e+00
   6.1557645e-01
   2.4788658e-01
   3.8861766e-01
  -8.6485967e-02
  -2.6118529e-01
  -5.6272399e-02
   2.2557254e-01
   7.3105878e-01
   1.1579733e+00
   1.3518174e+00
   1.3843265e+00
   1.2439532e+00
   9.4575930e-01
   6.0856706e-01
   2.2093043e-01
  -1.4352320e-01
  -5.0999236e-01
  -8.2678062e-01
  -1.1750598e+00
  -1.5630158e+00
  -2.1906173e+00
  -3.0662394e+00
  -4.0827446e+00
  -4.0993881e+00
  -2.8496950e+00
  -3.3610594e-01
   2.6817745e-01
   8.2464719e-01
   1.7501363e-01
   2.0909725e-01
   1.3125290e-01
   7.7707070e-01
   1.2934402e+00
   1.1799059e+00
   9.4970322e-01
   6.4710140e-01
   2.9942587e-01
  -1.1068863e-01
  -7.6280224e-01
  -1.6784834e+00
  -3.0815578e+00
  -4.7159834e+00
  -5.2713790e+00
  -1.8635681e+00
  -6.9428191e-02
   7.0218347e-02
   8.1329083e-01
  -7.0263818e-02
  -1.8335042e+00
  -2.1823950e+00
  -2.7957876e+00
  -1.8737071e+00
  -1.3070171e+00
  -1.7943866e+00
  -6.3842970e-01
   5.8023691e-01
   1.3346817e+00
   9.9783307e-01
   1.1280158e+00
  -9.0254411e-02
   2.5839338e-01
   6.4195889e-01
   4.6412969e-01
   5.7750889e-01
   2.9697230e-01
  -1.6998611e-01
   1.5451764e-01
  -3.8140183e-02
  -8.7899491e-01
  -5.1785372e-01
  -6.3766225e-01
   1.7771751e-01
   9.5112013e-01
   1.3364321e+00
   1.5157994e+00
   1.5079786e+00
   1.2969397e+00
   9.8465879e-01
   5.9603986e-01
   2.2280122e-01
  -1.0881719e-01
  -3.7674232e-01
  -6.9778762e-01
  -1.0929680e+00
  -1.7577002e+00
  -2.7479529e+00
  -3.9151627e+00
  -3.4516468e+00
  -1.2561355e+00
   2.8730079e-01
   8.6459783e-01
   7.4016994e-01
   1.4466688e-01
   1.5901223e-01
   2.9773649e-01
   1.0665892e+00
   1.2152376e+00
   1.3511132e+00
   1.2124516e+00
   9.9414895e-01
   6.4207768e-01
   2.5888539e-01
  -2.9463786e-01
  -1.1254718e+00
  -2.4847507e+00
  -4.2359230e+00
  -6.2752280e+00
  -2.3333045e+00
   9.1274677e-01
   1.1542828e+00
   1.1618912e+00
  -8.8010665e-01
  -2.4489152e+00
  -2.7215054e+00
  -2.4183325e+00
  -1.0995831e+00
  -1.7925765e+00
  -1.0333920e+00
   7.1124248e-01
   1.5292333e+00
   6.0215556e-01
   1.7114857e-03
   1.0317207e-02
   1.1575320e-01
   7.2171481e-01
   1.3988594e+00
   1.4356309e+00
   6.5820217e-01
   9.2578524e-01
   8.8278964e-02
  -6.3293666e-02
  -8.1631094e-02
  -9.1844118e-01
  -6.8054456e-01
  -6.7510664e-01
  -3.3593130e-01
   5.9149915e-01
   1.0991216e+00
   1.3858879e+00
   1.4976254e+00
   1.4139978e+00
   1.1760025e+00
   8.1827497e-01
   4.4210607e-01
   1.2388391e-01
  -1.0234062e-01
  -3.7293530e-01
  -7.3246729e-01
  -1.3890007e+00
  -2.4501097e+00
  -3.6894422e+00
  -2.3875299e+00
  -5.2161771e-01
   3.4299183e-01
   5.0770724e-01
   7.7349186e-01
   3.4288138e-01
   1.7394680e-01
   2.0475884e-01
   5.2416337e-01
   1.3819767e+00
   1.2593696e+00
   1.2306557e+00
   1.1356746e+00
   8.3452690e-01
   4.7523558e-01
   2.3568362e-02
  -6.9549644e-01
  -1.9823381e+00
  -3.6804302e+00
  -5.7516012e+00
  -1.8877177e+00
   2.8619859e-01
   3.0616615e-02
   1.2627052e-01
  -1.1539930e+00
  -2.2282834e+00
  -2.5065057e+00
  -1.2752643e+00
   3.5249120e-01
  -1.2182324e+00
  -6.1132526e-01
   1.6888249e+00
   9.9747407e-01
  -6.2643421e-01
  -1.1962136e+00
  -8.7076986e-01
   1.0027102e-01
   9.8984057e-01
   1.1823963e+00
   1.1224895e+00
   4.3688279e-01
   8.3868611e-01
   3.4302994e-01
   1.2308644e-01
  -1.2851901e-01
  -1.0799863e+00
  -4.5998785e-01
  -9.0618289e-01
  -7.9839127e-01
   1.4713892e-01
   7.0813982e-01
   1.0799680e+00
   1.3226472e+00
   1.3737075e+00
   1.2325996e+00
   9.5032007e-01
   6.0855196e-01
   3.1474543e-01
   1.3097347e-01
  -7.7225506e-02
  -3.7594923e-01
  -9.8583597e-01
  -2.1208838e+00
  -3.3082538e+00
  -1.3135064e+00
   1.0754196e-01
   6.7483799e-01
   5.0369734e-01
   5.7299301e-01
   2.8182992e-01
   3.1192272e-01
   1.2294039e-02
   4.0733492e-01
   1.2283233e+00
   1.0815181e+00
   1.1188223e+00
   1.1368879e+00
   8.9676583e-01
   5.8104489e-01
   2.6222152e-01
  -2.9974033e-01
  -1.4659978e+00
  -3.1181855e+00
  -4.9937792e+00
  -1.8774854e+00
   3.9216644e-01
  -2.0939295e-01
  -1.9148660e-01
  -1.4178214e+00
  -2.0828533e+00
  -2.1120263e+00
  -7.2684896e-01
   1.4116705e-01
  -1.1362004e+00
   1.0906248e-01
   3.7895018e-01
  -5.5684677e-01
  -1.4702879e+00
  -1.2495983e+00
  -1.5424272e+00
   8.0212240e-02
  -2.4244450e-03
  -6.0939828e-01
  -5.1872522e-02
  -5.5765379e-02
   2.6721990e-01
   2.4259703e-01
   3.4870800e-01
  -1.7197720e-01
  -1.4912477e+00
  -4.6441012e-01
  -1.2783504e+00
  -1.4655633e+00
  -5.0445408e-01
   9.9061078e-02
   5.8138692e-01
   9.7528553e-01
   1.1837097e+00
   1.1638888e+00
   9.9666154e-01
   7.2189967e-01
   4.7430503e-01
   3.3762782e-01
   1.9550276e-01
  -2.5306118e-02
  -5.5135500e-01
  -1.7210784e+00
  -2.5650327e+00
  -2.5408752e-01
   1.8231571e-01
   8.5859864e-01
   6.1193490e-01
   3.8103812e-01
   2.2025418e-01
   2.1609993e-01
  -1.4524907e-02
   3.9042188e-02
   7.0459425e-01
   6.3457743e-01
   7.9241353e-01
   9.5559376e-01
   8.1619561e-01
   5.6987068e-01
   3.9342842e-01
   3.0740736e-02
  -9.2995018e-01
  -2.4789294e+00
  -4.3951530e+00
  -1.6815091e+00
   2.1559419e-01
  -3.9734387e-01
  -1.1291853e+00
  -1.1919877e+00
  -1.5664177e+00
  -1.7389785e+00
  -6.8601799e-01
  -4.8675117e-01
  -8.6154175e-01
  -3.3751598e-04
  -1.0075530e+00
  -8.3809381e-01
  -1.9160788e+00
  -9.0391772e-01
  -7.9268074e-01
  -5.0527218e-01
  -3.8062882e-01
  -1.8137087e+00
   7.0454478e-03
  -2.1518980e-01
  -1.3006726e-01
   1.5058270e-01
   4.0441927e-01
  -1.1964102e-01
  -1.8593316e+00
  -1.0529481e+00
  -1.5072275e+00
  -1.8299061e+00
  -1.0206442e+00
  -4.0372667e-01
   1.5720049e-01
   6.5059066e-01
   1.0047330e+00
   1.0758842e+00
   1.0007139e+00
   7.9152584e-01
   5.9092897e-01
   5.0560635e-01
   4.3129236e-01
   3.1233606e-01
  -1.0289748e-01
  -1.2143377e+00
  -1.5648892e+00
   1.1808318e-01
   1.8583608e-01
   6.1359829e-01
   6.3325638e-01
   3.2880405e-01
   1.2948805e-01
   6.5550655e-02
   1.9379902e-01
  -5.9316295e-01
  -8.3852157e-02
   3.1909943e-02
   2.6165587e-01
   6.1718237e-01
   6.0824144e-01
   4.3735471e-01
   4.0574574e-01
   2.7026954e-01
  -4.1362646e-01
  -1.7340693e+00
  -3.7902038e+00
  -1.3066552e+00
  -1.3054942e-01
  -1.0880836e+00
  -2.1050003e+00
  -4.1945311e-01
  -9.9264508e-01
  -1.4790214e+00
  -6.3241202e-01
  -4.7890007e-01
  -1.3546090e-01
  -5.4950762e-01
  -1.7122757e+00
  -7.8250349e-01
  -2.4304166e+00
  -1.1449132e+00
   3.2728592e-01
  -1.2270842e+00
  -9.3690276e-02
  -4.3805867e-02
   9.1695094e-01
   1.4338548e-01
   7.5226314e-02
   5.6714494e-02
   1.8658991e-01
   1.3637520e-01
  -1.6545668e+00
  -1.8052431e+00
  -1.3575743e+00
  -1.5082135e+00
  -1.0015258e+00
  -5.1326835e-01
   2.7345369e-02
   5.1974022e-01
   9.2531675e-01
   1.0185205e+00
   9.5569152e-01
   7.8826153e-01
   6.1980152e-01
   6.1243808e-01
   6.0682589e-01
   5.9367228e-01
   3.3838677e-01
  -6.2859708e-01
  -5.4426932e-01
  -2.5607683e-03
   2.9188824e-01
   3.3506483e-01
   6.2720329e-01
   3.2839018e-01
   6.0358576e-02
   7.5840771e-02
   4.4532663e-01
  -3.6811724e-01
  -8.6763346e-01
  -4.9675056e-01
  -2.3968634e-01
   2.0201290e-01
   3.0631211e-01
   2.5011212e-01
   3.0265141e-01
   4.0323263e-01
   3.1395506e-02
  -9.2702740e-01
  -2.7913532e+00
  -8.1844211e-01
  -1.0973586e-01
  -1.4703687e+00
  -2.2048628e+00
   1.1436137e-01
  -4.2039445e-01
  -8.3389354e-01
  -8.3260715e-01
  -6.8749481e-01
   3.5882050e-01
  -3.3696598e-01
  -1.6810524e+00
  -1.3488880e+00
  -2.8164873e+00
  -1.6536578e+00
   2.6680562e-01
  -4.2113802e-01
   5.4356611e-01
   1.6300819e+00
   1.2381203e+00
   1.0569702e-01
   2.3312099e-01
  -2.1943063e-01
  -1.9848722e-01
   1.1170952e-01
  -3.9122805e-01
  -1.6474231e+00
  -1.2366332e+00
  -1.0753543e+00
  -8.4681821e-01
  -5.8224916e-01
  -4.9197987e-02
   4.2770305e-01
   7.8432167e-01
   8.8734663e-01
   7.7103060e-01
   6.5405649e-01
   5.2630013e-01
   6.2521416e-01
   7.2187901e-01
   7.9223275e-01
   7.4032569e-01
  -3.1951785e-02
   2.9106885e-01
   1.5776969e-01
   2.8791687e-01
   2.7059221e-01
   5.1935142e-01
   2.8529516e-01
   1.1734381e-01
   2.8240865e-02
   3.8554391e-01
   4.8519143e-01
  -8.7742275e-01
  -9.5580351e-01
  -6.3315916e-01
  -1.5082456e-01
   2.0643052e-02
   1.4805396e-01
   2.1350506e-01
   4.2687750e-01
   3.9850622e-01
  -1.6463242e-01
  -1.3847702e+00
  -3.7091976e-01
  -1.1645129e-01
  -7.9791391e-01
  -2.1184642e+00
  -1.2511182e+00
   3.8355619e-01
  -3.4749605e-02
  -1.4924281e+00
  -1.8518025e+00
  -2.9385731e-02
   2.1305691e-01
  -9.3583357e-01
  -1.3986603e+00
  -2.6951787e+00
  -1.3862858e+00
   6.8492639e-01
   1.3206065e+00
   9.2970914e-01
   5.2866244e-01
   6.9866520e-01
  -1.7597942e-01
  -2.4561660e-02
  -8.9834971e-02
  -3.3454740e-01
  -4.6014693e-01
   5.8729655e-01
  -4.5919758e-01
  -1.5089351e+00
  -9.4731128e-01
  -1.0966622e+00
  -9.2212027e-01
  -4.1831738e-01
   2.0785264e-01
   4.2850018e-01
   5.4385808e-01
   4.0001988e-01
   3.1375562e-01
   3.1028980e-01
   4.6771398e-01
   7.8355122e-01
   9.5054853e-01
   1.0396464e+00
   4.8875052e-01
   7.8008735e-01
   2.4871556e-01
   4.8875612e-01
   6.8807196e-02
   8.2367696e-02
   2.5067435e-01
   1.7526749e-01
  -1.1632179e-02
  -6.5443948e-02
   8.5531583e-02
  -3.8931280e-02
  -1.0263144e+00
  -1.2019846e+00
  -3.0358740e-01
  -2.3466715e-01
   9.2244489e-02
   2.8302765e-01
   4.3773266e-01
   6.9342184e-01
   4.8099548e-01
  -1.0596558e-02
  -3.2639628e-01
  -3.1988189e-01
  -3.4757104e-01
  -8.8720667e-01
  -9.7046965e-01
   7.6431602e-01
   2.5453337e-01
  -1.0105413e+00
  -1.8200253e+00
  -5.1332694e-01
  -6.8042059e-02
  -4.6189928e-01
  -1.3330810e+00
  -2.4454937e+00
  -6.5821330e-01
   2.2054687e+00
   1.4288662e+00
   3.4999943e-01
   6.2752108e-01
   4.2727988e-02
  -2.2945292e-01
   1.0443784e-01
  -3.7531736e-01
  -2.7269453e-01
  -4.7003785e-01
  -6.9748193e-02
   3.2913734e-01
  -1.0099313e+00
  -9.1464465e-01
  -9.7207898e-01
  -1.2549752e+00
  -9.9092138e-01
  -1.6070248e-01
  -1.2289654e-01
  -5.2967067e-02
  -2.1999086e-01
  -2.5805874e-01
  -1.7665195e-01
   1.6851320e-01
   6.9125700e-01
   1.1154342e+00
   1.1501232e+00
   9.2960417e-01
   8.1098509e-01
   6.7993502e-01
   5.0064832e-01
   2.0091946e-01
  -1.5407089e-02
   1.4659738e-01
   1.0096218e-01
  -6.7974221e-02
  -3.4353063e-01
  -2.7158608e-01
  -7.3849693e-02
  -5.5788568e-01
  -1.1569008e+00
  -4.2222133e-01
  -6.8980193e-01
  -1.0325570e-01
   2.7290118e-01
   5.3339401e-01
   8.5506600e-01
   9.9539125e-01
   8.3100498e-01
   1.6706033e-01
  -1.6761915e-01
  -2.3433639e-01
   8.7225771e-01
   2.2726528e+00
   6.0722166e-01
   3.1035708e-01
  -1.1794718e-01
  -9.6361482e-01
  -5.0996578e-01
  -3.7094154e-01
  -2.0648369e-01
  -1.0740163e+00
  -1.4137454e+00
   1.6851395e-01
   1.0543802e+00
   6.5522663e-01
   4.5806149e-01
   4.4810037e-02
   8.4627964e-02
  -2.5321473e-01
   3.0611625e-01
  -1.4133749e-01
  -1.1449567e+00
  -8.8451552e-01
  -6.0684025e-01
  -1.8773920e-01
  -3.0700803e-01
  -4.7769308e-01
  -3.1663996e-01
  -2.1857704e+00
  -1.6397874e+00
  -5.9407768e-01
  -8.7141871e-01
  -8.1989579e-01
  -1.1200231e+00
  -1.0591484e+00
  -9.9169064e-01
  -3.4974714e-01
   4.5188826e-01
   1.1078362e+00
   1.1609426e+00
   1.2086309e+00
   4.5384195e-01
   8.4538334e-01
   9.5693266e-01
   1.6995520e-01
   5.4174051e-02
  -1.1087405e-03
  -1.7221099e-01
  -2.6264648e-01
  -4.7658581e-01
  -3.9342191e-01
  -4.2173862e-01
  -4.7263402e-01
  -6.8698049e-01
  -7.5630711e-01
  -1.1325165e+00
  -3.3183404e-01
   6.6016138e-02
   5.8004234e-01
   8.9218515e-01
   1.3774494e+00
   1.2775328e+00
   1.1372611e+00
   3.0873173e-01
  -2.7275454e-01
   2.1418253e-01
   6.8420885e-01
   3.5848130e-02
  -1.5773993e-01
   2.5151303e-01
  -3.4303766e-01
  -1.6241008e-01
  -5.9077284e-01
   3.6454755e-01
  -3.0007388e-01
  -8.4375060e-01
   1.8083752e-01
   6.6084534e-02
  -7.8930815e-02
   5.3882861e-01
   3.4820347e-01
   1.0723719e-01
   8.0042394e-01
   6.3462853e-01
   5.9191721e-01
  -1.1791725e-01
  -9.0515925e-01
  -1.2415615e+00
  -1.9225819e+00
  -1.0651175e+00
  -7.8922501e-01
   9.5112962e-01
   2.4148274e-01
  -1.9067032e+00
  -8.8768305e-01
  -1.4053541e+00
  -1.8830898e+00
  -1.9087830e+00
  -2.0857425e+00
  -1.5641116e+00
  -8.7864162e-01
   3.6115503e-01
   9.2581231e-01
   1.0855142e+00
   8.0296656e-01
   1.4904507e-02
   1.1977151e+00
   7.2400093e-01
  -6.0152870e-02
   1.6558003e-01
  -2.4515510e-01
  -2.3140016e-01
  -5.4991495e-01
  -8.8608748e-01
  -6.6353379e-01
  -4.1763631e-01
  -5.3964072e-01
  -9.6022725e-01
  -1.6603296e+00
  -1.7000957e+00
  -9.0715916e-01
  -4.2622402e-01
   2.7848014e-01
   6.9792873e-01
   1.4213348e+00
   1.4195265e+00
   1.8834179e+00
   7.9044664e-01
  -4.5811901e-02
   4.9201348e-01
  -2.3988994e-01
  -6.6811490e-01
   1.5636958e-01
   4.9020106e-01
  -7.7586448e-02
   1.3850191e-02
  -6.6717891e-01
   3.0208796e-01
   3.9254494e-01
  -6.1123884e-01
   1.1759608e-02
   1.0997677e-01
   3.3180927e-01
   7.8650469e-01
   5.2969855e-01
   3.1703281e-01
   3.6650308e-01
   8.9956145e-01
   4.9284214e-01
   3.0518383e-01
   4.7018027e-01
   7.2342589e-01
  -2.4224214e-01
  -1.9934324e+00
  -2.3862664e+00
  -9.8411572e-01
   2.0100774e-01
  -1.0664316e+00
  -1.3731724e+00
  -1.9973950e+00
  -2.7237965e+00
  -2.5100129e+00
  -2.6314825e+00
  -1.1206265e+00
  -1.6125674e+00
  -1.1897098e+00
  -3.2767566e-01
  -5.3891302e-01
   1.4845326e+00
   6.1979599e-01
  -5.0967386e-01
   1.3249391e-01
   7.6214013e-02
   5.2584505e-02
  -2.6331617e-01
  -6.4497055e-01
  -1.1702058e+00
  -1.2983925e+00
  -9.5714897e-01
  -7.4273953e-01
  -1.0375513e+00
  -1.7775764e+00
  -1.9577613e+00
  -1.7926292e+00
  -1.8614869e+00
  -1.3719783e+00
  -3.9154273e-01
   3.8164239e-01
   8.8833141e-01
   1.1228860e+00
   1.2895481e+00
   1.2398718e+00
   1.0050061e+00
   4.1816648e-01
   1.6052013e-01
  -3.3992569e-01
  -9.5299734e-02
   7.3881791e-02
  -1.7764008e-01
  -1.6093319e-01
  -5.1530448e-01
  -1.3606006e-01
  -4.3112540e-03
  -6.0955567e-01
  -2.4867976e-01
   1.3657412e-01
   3.0023994e-01
   4.7930735e-01
   5.2999768e-01
   1.2766315e-01
  -9.3185637e-02
  -1.6847077e-01
  -1.1571236e-01
  -1.4958347e-01
  -3.8453083e-02
  -1.5245622e-01
  -1.1189152e-01
  -6.4303142e-01
  -1.2194562e+00
  -1.9799636e-01
   1.9078404e-01
  -4.5471063e-01
  -1.0580649e+00
  -1.8841944e+00
  -2.2640035e+00
  -2.7245443e+00
  -2.6042136e+00
  -8.6727518e-01
   8.1706085e-01
   1.9645088e+00
   1.0107851e+00
   1.7455137e-01
   2.5489756e+00
   2.3720622e+00
  -9.3305800e-02
   6.3251778e-03
   8.3860134e-02
  -2.3123553e-01
  -2.5495008e-01
  -8.1430787e-01
  -1.2770035e+00
  -1.3864089e+00
  -1.6637580e+00
  -1.1757348e+00
  -1.7053711e+00
  -2.4990840e+00
  -7.7397874e-01
  -6.0774529e-01
  -2.8452071e+00
  -3.2010880e+00
  -1.7264427e+00
   1.9210765e-01
   1.0169886e-01
  -2.8478944e-01
   5.6745993e-01
   5.3389066e-01
   1.1998580e+00
   1.7771387e+00
   4.7522945e-01
  -1.0135887e-01
   3.9864437e-01
  -4.6488479e-02
  -2.9081466e-01
  -4.1478491e-01
  -4.3585605e-01
   1.0476138e-02
  -2.5522089e-01
  -8.6705673e-01
  -4.9457911e-01
  -3.2637846e-02
   5.1659991e-02
   2.6128909e-01
   5.1129925e-01
   3.5376424e-01
   1.3422782e+00
   6.3316673e-01
  -7.3002470e-01
  -6.0101110e-01
   3.2322159e-01
   1.0563205e+00
   1.6179634e+00
   1.4112761e+00
   2.1588346e-01
  -4.8796558e-01
   3.0208570e-01
   2.2313361e+00
   1.8811527e+00
  -5.5947483e-02
  -9.7053683e-01
  -1.8731463e+00
  -2.5099041e+00
  -1.6572509e+00
  -2.2233576e-01
   8.8397980e-01
   7.4683398e-02
  -7.3580152e-01
  -3.8581368e-01
   2.0772536e-01
   1.8623216e-01
  -3.3731017e-02
  -1.3239771e-01
  -2.9543480e-01
  -4.6290776e-01
  -7.2948563e-01
  -1.1035652e+00
  -1.2992098e+00
  -1.3547184e+00
  -1.6215528e+00
  -2.4763203e+00
  -2.4717455e+00
  -2.9010293e-01
   1.7328744e+00
  -1.6396385e-01
  -4.1629329e+00
  -4.3910661e+00
  -2.0638986e+00
  -2.6930207e-01
   4.3512946e-01
   5.2103865e-01
   2.6257634e-01
   3.1350908e-01
   1.0438684e+00
   1.3329766e+00
   9.7122979e-01
   4.2484227e-01
   3.3602003e-02
  -2.6941508e-01
  -6.8626410e-01
  -7.8319937e-01
  -3.6519092e-01
   2.8747983e-02
  -1.6537698e-01
  -6.5275335e-01
  -6.3754058e-01
  -1.7641455e-01
   1.7133957e-01
   3.9687049e-01
   9.9891400e-01
   1.5888381e-01
   5.5399024e-01
   7.9076993e-01
   8.0133307e-01
   7.7362561e-01
   7.6108515e-01
   7.3091727e-01
   6.8528128e-01
   6.2455207e-01
   2.9805163e-01
  -2.4858747e-01
  -6.6864169e-01
  -6.5413809e-01
  -5.8014214e-01
  -7.0436376e-01
  -1.1106354e+00
  -1.7024522e+00
  -1.8189851e+00
  -1.2895263e+00
  -3.9568907e-01
  -1.8441422e-02
  -3.0514285e-01
  -5.9574014e-01
  -4.0877107e-01
  -2.1013635e-01
  -3.7548667e-01
  -5.8735251e-01
  -7.2367191e-01
  -8.2687211e-01
  -1.0035743e+00
  -1.0350738e+00
  -8.2366103e-01
  -1.1192805e+00
  -1.7773681e+00
  -2.0234461e+00
  -1.0438557e+00
   6.1228931e-01
   1.9734914e+00
   1.3902100e+00
  -1.2834760e+00
  -2.7498381e+00
  -2.6140773e+00
  -2.0701976e+00
  -1.2266263e+00
  -2.3626372e-01
   3.2004452e-01
   1.8914871e-01
  -3.0312831e-02
   2.1762607e-01
   6.2842399e-01
   6.5141463e-01
   1.6039284e-01
  -2.8253061e-01
  -4.5836425e-01
  -6.3715637e-01
  -8.4774297e-01
  -8.6353308e-01
  -6.2818635e-01
  -5.0683820e-01
  -5.1720583e-01
  -2.7369887e-01
   2.1849731e-01
   4.2776194e-01
   2.5978565e-01
   4.6909645e-01
   3.8764045e-01
   3.4374526e-01
   3.9367330e-01
   5.1753896e-01
   6.1615837e-01
   6.4299905e-01
   6.4007741e-01
   6.2918258e-01
   5.9118766e-01
   5.1317120e-01
   3.8274312e-01
   2.3376012e-01
   7.9371318e-02
  -4.1793510e-02
  -1.5024015e-01
  -2.3104930e-01
  -2.9978502e-01
  -3.4894967e-01
  -3.9909703e-01
  -4.5108417e-01
  -5.0741410e-01
  -5.5109423e-01
  -5.9849209e-01
  -6.7584616e-01
  -8.0324763e-01
  -9.3581635e-01
  -1.1005616e+00
  -1.2358230e+00
  -1.3030026e+00
  -1.2613178e+00
  -1.2521874e+00
  -1.3050183e+00
  -8.7459731e-01
  -1.7826267e-01
   7.0958972e-01
   1.4536082e+00
   1.8719519e+00
   1.5600842e+00
   4.9705616e-01
  -4.7645724e-01
  -9.9431503e-01
  -9.9321717e-01
  -9.7363079e-01
  -6.8538749e-01
  -2.5922462e-01
   2.8744288e-02
   1.5968971e-01
   1.5429524e-01
   1.5398669e-01
   1.8235505e-01
   1.9094186e-01
   1.3711309e-01
   2.3386445e-02
  -8.4065460e-02
  -1.5875894e-01
  -2.1015608e-01
  -2.8531563e-01
  -3.5796550e-01
  -3.4666988e-01
  -1.7237686e-01
   1.4438778e-01
   3.9172822e-01
   5.0853801e-01
