  4.935757e-01
  4.263061e-01
  4.225205e-01
  3.879190e-01
  3.766783e-01
  3.707103e-01
  3.601523e-01
  3.437039e-01
  3.305286e-01
  3.154133e-01
  3.026261e-01
  2.881135e-01
  2.733822e-01
  2.639464e-01
  2.536869e-01
  2.452160e-01
  2.372460e-01
  2.335732e-01
  2.306565e-01
  2.313688e-01
  2.304020e-01
  2.281235e-01
  2.233901e-01
  2.193710e-01
  2.223163e-01
  2.340161e-01
  2.466339e-01
  2.495763e-01
  2.451528e-01
  2.420130e-01
  2.417932e-01
  2.391505e-01
  2.360726e-01
  2.363602e-01
  2.377567e-01
  2.429540e-01
  2.510922e-01
  2.633190e-01
  2.788932e-01
  3.059551e-01
  3.373835e-01
  3.680373e-01
  3.972940e-01
  4.169851e-01
  4.303996e-01
  4.284705e-01
  5.243125e-01
  6.511565e-01
