   4.2137432e+00
   4.7809300e+00
   4.9008136e+00
   5.7304168e+00
   7.4690266e+00
   8.6637020e+00
   8.6507263e+00
   7.5021334e+00
   4.7116752e+00
   2.8144486e+00
   1.1344813e+00
  -1.6405601e-02
  -6.0839432e-01
  -1.0961951e+00
  -1.6386704e+00
  -2.1603403e+00
  -2.4383538e+00
  -2.1853230e+00
  -1.7702311e+00
  -2.1397159e+00
  -2.6491563e+00
  -2.2929339e+00
  -1.7615696e+00
  -1.2465124e+00
  -6.1578166e-01
   8.1916839e-02
  -5.6086707e-01
  -1.6902982e+00
  -2.1585460e+00
  -2.5389724e+00
  -3.6556046e+00
  -5.0398502e+00
  -5.5885916e+00
  -5.9490466e+00
  -6.4097586e+00
  -5.6664791e+00
  -4.5849915e+00
  -4.0536718e+00
  -3.8085537e+00
  -3.4542680e+00
  -1.9235752e+00
   2.1533735e+00
   4.4875546e+00
   5.6408775e-01
  -4.3599210e+00
  -6.2297006e+00
  -2.0504892e+00
   2.1869404e+00
  -2.2784956e+00
  -2.2125251e+00
  -3.7535543e+00
  -3.4908440e+00
  -1.0172571e+00
   7.9428416e-01
  -6.6916203e-01
  -1.7778826e+00
  -9.4610906e-01
  -1.5427402e-01
   5.9342796e-01
   1.3364726e+00
   1.9061875e+00
   2.3758566e+00
   2.4404066e+00
   2.1689203e+00
   1.6172017e+00
   7.3284090e-01
   2.5879157e-01
  -1.2357355e-01
  -6.2524742e-01
  -6.1742818e-01
  -6.4414531e-02
  -1.8134545e-01
  -1.2835063e+00
   1.3586238e-01
   1.4930309e+00
   1.4224698e-01
   1.2529477e-01
   4.0147310e-01
   3.6289105e-01
  -1.6495487e-01
  -1.6676700e+00
  -2.6210361e+00
  -3.5455403e+00
  -4.2981882e+00
  -4.0506577e+00
  -4.5472050e+00
  -4.9597783e+00
  -4.5363979e+00
  -5.6500926e+00
  -4.0424442e+00
   4.4469347e+00
   2.5197904e+00
  -2.9929156e+00
  -7.3452640e+00
  -5.6311083e+00
  -3.6959572e+00
  -2.4072766e+00
  -2.0433185e+00
  -2.1154499e+00
  -2.2085838e+00
  -2.1124620e+00
  -1.4128864e+00
   8.5297786e-02
   1.1285207e+00
   1.7843527e+00
   2.4523931e+00
   3.1372185e+00
   3.6512535e+00
   4.0386457e+00
   4.1186438e+00
   4.2806187e+00
   4.2445431e+00
   4.2420897e+00
   3.9939468e+00
   3.7695575e+00
   3.5286427e+00
   3.3451083e+00
   3.2952108e+00
   3.1482391e+00
   3.0157204e+00
   2.3952374e+00
   1.2282639e+00
   1.9459273e+00
   2.2957458e+00
   2.5327170e+00
   2.5075688e+00
   2.4110579e+00
   2.3184404e+00
   2.2211030e+00
   2.0737860e+00
   1.8440356e+00
   1.5610328e+00
   1.4313564e+00
   1.5073700e+00
   1.5220449e+00
   1.4677742e+00
   5.6332958e-01
  -8.1913465e-01
  -1.4843149e+00
  -1.4156094e+00
  -2.1859896e-01
  -4.3742418e-01
  -1.3491220e+00
  -2.0768323e+00
   3.3412752e+00
   3.1814117e+00
   3.2335520e+00
   3.3567355e+00
   3.5230289e+00
   3.7617657e+00
   4.0558028e+00
   4.4003992e+00
   4.7891879e+00
   5.0525055e+00
   5.3858404e+00
   5.7169819e+00
   5.8705730e+00
   5.8548441e+00
   5.8530469e+00
   5.8870101e+00
   5.8633366e+00
   5.7617335e+00
   5.6268897e+00
   5.5284123e+00
   5.4570155e+00
   5.3870111e+00
   5.3605833e+00
   5.3707275e+00
   5.5329680e+00
   5.0974154e+00
   4.7949486e+00
   4.3645344e+00
   4.3709779e+00
   4.4345856e+00
   4.3256416e+00
   4.2506766e+00
   4.2665892e+00
   4.3376923e+00
   4.4531083e+00
   4.5870690e+00
   4.7336259e+00
   4.9256449e+00
   5.1211505e+00
   5.2169228e+00
   5.1487188e+00
   4.9415102e+00
   4.6364074e+00
   4.3715067e+00
   4.1622024e+00
   4.0985870e+00
   4.0086579e+00
   3.6664863e+00
   6.2401166e+00
   6.1256261e+00
   6.0580087e+00
   6.0094914e+00
   6.0393934e+00
   6.0720806e+00
   6.0895724e+00
   6.1135182e+00
   6.1486430e+00
   6.0402951e+00
   6.1216097e+00
   6.2946301e+00
   6.4151015e+00
   6.4661055e+00
   6.5190811e+00
   6.6019111e+00
   6.6669698e+00
   6.6849384e+00
   6.6362820e+00
   6.6093359e+00
   6.5887599e+00
   6.5505800e+00
   6.5668960e+00
   6.6165018e+00
   6.6370578e+00
   4.6705117e+00
   5.8629961e+00
   5.6241703e+00
   5.5794005e+00
   5.7311621e+00
   5.7227530e+00
   5.7303872e+00
   5.8105335e+00
   5.9659662e+00
   6.1887708e+00
   6.4550695e+00
   6.6968861e+00
   6.8925729e+00
   7.0985756e+00
   7.2435079e+00
   7.3045654e+00
   7.3481898e+00
   7.4181094e+00
   7.3253827e+00
   7.1110473e+00
   6.9607124e+00
   6.7533197e+00
   6.4493799e+00
   7.9334612e+00
   7.8301916e+00
   7.7515902e+00
   7.6107730e+00
   7.4432926e+00
   7.2165579e+00
   6.9313611e+00
   6.6151307e+00
   6.2672584e+00
   5.9559467e+00
   5.7168028e+00
   5.6441714e+00
   5.7819855e+00
   6.0113866e+00
   6.2112305e+00
   6.4601644e+00
   6.6639579e+00
   6.7736591e+00
   6.8040102e+00
   6.8181833e+00
   6.8261226e+00
   6.7644704e+00
   6.7272767e+00
   6.6774977e+00
   3.7111051e+00
   4.5766402e+00
   5.4845573e+00
   5.7070276e+00
   6.1271789e+00
   6.4005645e+00
   6.5173557e+00
   6.6556924e+00
   6.7913202e+00
   6.9923619e+00
   7.2693848e+00
   7.5382800e+00
   7.7424206e+00
   7.8392687e+00
   7.8886123e+00
   7.8763900e+00
   7.8693771e+00
   7.9803667e+00
   8.2119236e+00
   8.2561722e+00
   8.3248015e+00
   8.5944434e+00
   8.3787060e+00
   8.0915518e+00
   8.5271549e+00
   8.3848171e+00
   8.1678877e+00
   7.8325806e+00
   7.4619217e+00
   7.1166496e+00
   6.6329527e+00
   5.9377151e+00
   5.4715824e+00
   3.9817150e+00
   4.3239284e+00
   4.5791149e+00
   4.8181105e+00
   5.1595607e+00
   5.4770551e+00
   5.8041139e+00
   6.0737867e+00
   6.2545781e+00
   6.3295312e+00
   6.3667159e+00
   6.3627968e+00
   6.3303843e+00
   6.3017206e+00
   6.0871906e+00
   2.8464212e+00
   4.1022964e+00
   4.4009743e+00
   5.0648379e+00
   5.7974496e+00
   6.2051239e+00
   6.4804745e+00
   6.7295971e+00
   6.9538164e+00
   7.2273469e+00
   7.4707909e+00
   7.6063452e+00
   7.6744571e+00
   7.6294703e+00
   7.4909010e+00
   7.2536521e+00
   7.1339254e+00
   7.2925673e+00
   7.6478910e+00
   7.9235148e+00
   8.3059511e+00
   8.8781128e+00
   8.7959766e+00
   8.6459894e+00
   8.1487179e+00
   7.8691387e+00
   7.3296819e+00
   6.7835956e+00
   6.2482162e+00
   4.9234276e+00
   3.6956849e+00
   4.2866917e+00
   3.8947618e+00
   2.5312164e+00
   3.5285592e+00
   3.7207239e+00
   3.8107841e+00
   3.9969461e+00
   4.2659111e+00
   4.5558605e+00
   4.8419824e+00
   5.0521760e+00
   5.1526084e+00
   5.2377672e+00
   5.2869086e+00
   5.3204217e+00
   5.3030214e+00
   5.0027952e+00
   3.4340336e+00
   3.3872089e+00
   3.3015513e+00
   4.0196719e+00
   4.7691526e+00
   5.1497321e+00
   5.6555815e+00
   6.1419883e+00
   6.5055499e+00
   6.8075309e+00
   6.9869971e+00
   6.9557824e+00
   6.7195525e+00
   6.2790093e+00
   5.8168654e+00
   5.3930039e+00
   5.2433600e+00
   5.5034938e+00
   5.9826388e+00
   6.5847936e+00
   7.3235822e+00
   7.9848423e+00
   8.1635160e+00
   8.2403660e+00
   6.7977638e+00
   6.2525239e+00
   5.3949337e+00
   4.8673677e+00
   4.3649826e+00
   2.5726914e+00
   2.2178652e+00
   2.7607274e+00
   2.4298232e+00
   2.8441594e+00
   2.8231266e+00
   2.6386726e+00
   2.6224823e+00
   2.6898940e+00
   2.8557065e+00
   3.0890586e+00
   3.3664536e+00
   3.5979519e+00
   3.7548640e+00
   3.8796930e+00
   3.9826264e+00
   4.0729785e+00
   4.0948763e+00
   3.7946537e+00
   2.2865250e+00
   2.2670100e+00
   1.9556992e+00
   2.8000753e+00
   3.7555382e+00
   4.0065351e+00
   4.5755353e+00
   5.1101079e+00
   5.4977489e+00
   5.8277478e+00
   5.9252372e+00
   5.6582885e+00
   4.8869810e+00
   3.8968325e+00
   3.5918002e+00
   3.4775503e+00
   3.3612986e+00
   3.6038847e+00
   4.1523099e+00
   4.9611502e+00
   5.8282304e+00
   6.5298839e+00
   6.8999004e+00
   7.0234790e+00
   4.7238240e+00
   3.8813612e+00
   2.6914368e+00
   2.4465840e+00
   2.1537569e+00
   1.3817258e+00
   1.1215749e+00
   1.4716569e+00
   1.2796034e+00
   1.4385004e+00
   1.4762779e+00
   1.3055943e+00
   1.2453498e+00
   1.2345403e+00
   1.3192496e+00
   1.5050117e+00
   1.7419192e+00
   1.9788837e+00
   2.1884317e+00
   2.3800936e+00
   2.5673506e+00
   2.7109885e+00
   2.7466016e+00
   2.4315989e+00
   1.2766218e+00
   1.4981230e+00
   7.8136587e-01
   1.2777362e+00
   2.6559362e+00
   2.9387567e+00
   3.4462163e+00
   3.8648076e+00
   4.1449008e+00
   4.3540325e+00
   4.3059464e+00
   3.7311678e+00
   2.2438152e+00
   1.4180043e+00
   1.8282384e+00
   1.7610849e+00
   1.5936046e+00
   1.7376946e+00
   2.3482406e+00
   3.2133253e+00
   4.0201917e+00
   4.6665339e+00
   5.0587368e+00
   5.1087074e+00
   2.2581772e+00
   1.5143146e+00
   5.0463674e-01
   2.0778958e-01
   3.4806480e-01
   5.1759073e-01
   3.1360068e-01
   4.9244264e-01
   2.4991237e-01
   2.0743848e-01
   8.8027795e-02
  -1.2330203e-01
  -2.3210665e-01
  -2.7856143e-01
  -2.3667847e-01
  -9.2200270e-02
   1.0120896e-01
   3.4282204e-01
   6.2078873e-01
   8.9700800e-01
   1.1471712e+00
   1.3051040e+00
   1.2756186e+00
   9.8607141e-01
   6.0241464e-01
   9.0612727e-01
   9.0694746e-02
   3.1681800e-02
   1.2084980e+00
   1.5497262e+00
   2.0172094e+00
   2.3365566e+00
   2.5031277e+00
   2.5669440e+00
   2.3141576e+00
   1.3292495e+00
  -2.5393264e-01
   2.0408246e-01
   7.4492027e-02
  -8.8630398e-03
  -9.8501331e-02
   3.1903142e-02
   6.0320828e-01
   1.2915462e+00
   1.8935705e+00
   2.3918187e+00
   2.7191345e+00
   2.7017621e+00
  -1.3431183e-01
  -3.0318838e-01
  -4.4954973e-01
  -7.7351743e-01
  -6.2526405e-01
  -3.5685617e-01
  -3.3599192e-01
  -4.8576391e-01
  -8.0829102e-01
  -1.0560808e+00
  -1.2845851e+00
  -1.5103709e+00
  -1.6542900e+00
  -1.7286079e+00
  -1.7125988e+00
  -1.5683739e+00
  -1.3779994e+00
  -1.1079910e+00
  -7.4703991e-01
  -3.8938811e-01
  -1.3845693e-01
  -6.2264103e-02
  -2.2712192e-01
  -4.2153075e-01
  -9.2019275e-02
   2.2789955e-01
  -5.3154927e-01
  -4.7384953e-01
  -1.2055159e-01
   1.1790630e-01
   5.0914508e-01
   7.5737923e-01
   7.8053457e-01
   6.2789583e-01
   7.4449919e-02
  -1.0090457e+00
  -1.2584114e+00
  -1.9518635e-01
  -1.9327238e-01
  -1.0860233e+00
  -1.4360082e+00
  -1.3537028e+00
  -1.0829581e+00
  -7.8070855e-01
  -4.4004780e-01
  -1.0726867e-01
   1.2868778e-01
   1.4176348e-01
  -2.1985559e+00
  -1.4952070e+00
  -1.0229856e+00
  -1.1937958e+00
  -1.2337070e+00
  -1.1070516e+00
  -8.8779807e-01
  -1.5583344e+00
  -1.9882849e+00
  -2.3322861e+00
  -2.5972540e+00
  -2.8216748e+00
  -2.9579790e+00
  -3.0449557e+00
  -3.0424395e+00
  -2.9083371e+00
  -2.7070608e+00
  -2.3554194e+00
  -1.9038150e+00
  -1.5203985e+00
  -1.3613920e+00
  -1.4776144e+00
  -1.8221033e+00
  -1.8048010e+00
  -5.4658586e-01
   2.8843689e-01
  -9.9420041e-01
  -9.3024766e-01
  -1.4801178e+00
  -1.1326044e+00
  -9.1166234e-01
  -7.8933752e-01
  -9.5740062e-01
  -1.4771765e+00
  -2.3078032e+00
  -2.9714584e+00
  -6.9789881e-01
   2.4685141e-02
  -1.4898314e-01
  -1.7817030e+00
  -2.6132555e+00
  -2.5090537e+00
  -2.7422345e+00
  -2.8624165e+00
  -2.8149135e+00
  -2.6585763e+00
  -2.4801962e+00
  -2.3228843e+00
  -3.2933044e+00
  -1.6502620e+00
  -1.2764866e+00
  -1.6776369e+00
  -1.4078217e+00
  -1.5131094e+00
  -1.4711713e+00
  -2.6265218e+00
  -3.0090497e+00
  -3.3168330e+00
  -3.5633602e+00
  -3.7593040e+00
  -3.8696280e+00
  -3.9540067e+00
  -3.9787710e+00
  -3.8858881e+00
  -3.6006818e+00
  -3.1344895e+00
  -2.6489489e+00
  -2.3497415e+00
  -2.3645065e+00
  -2.7388296e+00
  -3.1816254e+00
  -2.7392325e+00
  -6.7333311e-01
   1.3585569e-01
  -1.1553032e+00
  -1.2252877e+00
  -1.6298546e+00
  -1.9776909e+00
  -1.9272079e+00
  -2.0271716e+00
  -2.4493160e+00
  -3.2594056e+00
  -4.0814867e+00
  -4.0503039e+00
  -1.0562599e+00
  -1.4093865e-01
  -4.9370444e-01
  -2.3000271e+00
  -2.3518553e+00
  -3.1234117e+00
  -3.8539779e+00
  -4.2835178e+00
  -4.4659901e+00
  -4.4525499e+00
  -4.2964039e+00
  -3.9844556e+00
  -3.9272900e+00
  -2.0028327e+00
  -1.2945098e+00
  -1.7224193e+00
  -1.7874177e+00
  -1.7570523e+00
  -2.3815775e+00
  -3.5457406e+00
  -3.8141482e+00
  -4.0368199e+00
  -4.2314029e+00
  -4.3669033e+00
  -4.4382906e+00
  -4.5105314e+00
  -4.5491996e+00
  -4.4487495e+00
  -4.0821776e+00
  -3.5854621e+00
  -3.1976552e+00
  -3.0905688e+00
  -3.3817158e+00
  -3.9523187e+00
  -4.2796373e+00
  -3.4962666e+00
  -1.0650761e+00
   2.4648403e-01
  -1.0830749e+00
  -1.2628092e+00
  -9.8925376e-01
  -2.4464052e+00
  -2.7182474e+00
  -3.0779316e+00
  -3.7938337e+00
  -4.7098055e+00
  -5.1897879e+00
  -4.2670584e+00
  -1.0162921e+00
  -5.8211356e-01
  -8.0697966e-01
  -1.8441197e+00
  -1.7821890e+00
  -3.5386426e+00
  -4.6222439e+00
  -5.2432613e+00
  -5.5605769e+00
  -5.6469932e+00
  -5.4994493e+00
  -5.0177398e+00
  -4.1321773e+00
  -2.0865793e+00
  -1.1663279e+00
  -1.5073859e+00
  -1.9718009e+00
  -2.2996852e+00
  -3.7961474e+00
  -4.2159700e+00
  -4.2519626e+00
  -4.3936367e+00
  -4.5139574e+00
  -4.5741686e+00
  -4.5862822e+00
  -4.5945300e+00
  -4.5583939e+00
  -4.4152712e+00
  -4.1059184e+00
  -3.7890558e+00
  -3.7184286e+00
  -3.9581232e+00
  -4.5082087e+00
  -5.0249866e+00
  -5.0681442e+00
  -4.1436539e+00
  -1.7238326e+00
   2.5868690e-01
  -6.3940142e-01
  -9.7900647e-01
  -9.5665801e-01
  -2.3229775e+00
  -3.3668280e+00
  -3.9901474e+00
  -4.8697575e+00
  -5.5683916e+00
  -5.4750398e+00
  -3.8442214e+00
  -6.0072528e-01
  -8.4993358e-01
  -9.0873898e-01
  -1.4782669e+00
  -1.6207463e+00
  -3.8285470e+00
  -5.0791176e+00
  -5.8293579e+00
  -6.2056229e+00
  -6.3201849e+00
  -6.1216123e+00
  -5.4722412e+00
  -3.9433355e+00
  -2.2562840e+00
  -1.2791984e+00
  -1.2459396e+00
  -2.1943362e+00
  -3.1386569e+00
  -4.6058879e+00
  -4.2732282e+00
  -4.1825814e+00
  -4.2514186e+00
  -4.3012590e+00
  -4.2769928e+00
  -4.2173610e+00
  -4.1076565e+00
  -3.9419761e+00
  -3.7903674e+00
  -3.7632217e+00
  -3.8983638e+00
  -4.3437314e+00
  -4.9730678e+00
  -5.5653596e+00
  -5.8257117e+00
  -5.5493584e+00
  -4.6207752e+00
  -2.2124708e+00
   9.3848154e-02
  -2.4652778e-01
  -6.7873734e-01
  -9.9312800e-01
  -2.3541524e+00
  -3.9479363e+00
  -4.7731309e+00
  -5.5231104e+00
  -5.7736874e+00
  -5.1458373e+00
  -3.0511014e+00
  -4.8967817e-01
  -7.5799376e-01
  -1.0790733e+00
  -9.6701074e-01
  -1.1029261e+00
  -3.0836427e+00
  -5.2420893e+00
  -6.0287914e+00
  -6.4173465e+00
  -6.4907560e+00
  -6.1982055e+00
  -5.3955588e+00
  -3.4314928e+00
  -2.1931262e+00
  -1.5486839e+00
  -1.5128170e+00
  -2.5204263e+00
  -3.6522796e+00
  -4.3718739e+00
  -3.7957425e+00
  -3.6043968e+00
  -3.5810890e+00
  -3.5909109e+00
  -3.5041575e+00
  -3.3520508e+00
  -3.1080618e+00
  -2.8445008e+00
  -2.7988629e+00
  -3.2047532e+00
  -3.9952097e+00
  -4.9929037e+00
  -5.7992682e+00
  -6.2126479e+00
  -6.1934276e+00
  -5.6766319e+00
  -4.5412092e+00
  -1.0646465e+00
  -4.6239499e-02
  -1.0985010e-01
  -5.1389456e-01
  -9.6058685e-01
  -2.6054842e+00
  -4.4047146e+00
  -5.2389445e+00
  -5.6765385e+00
  -5.4290395e+00
  -4.2947092e+00
  -1.7781830e+00
  -1.3734704e-01
  -6.1821997e-01
  -1.0783660e+00
  -7.4112201e-01
  -8.8977522e-01
  -2.8867438e+00
  -5.0784850e+00
  -5.8188968e+00
  -6.1681414e+00
  -6.1443439e+00
  -5.7403812e+00
  -4.8335276e+00
  -2.6236026e+00
  -1.8949934e+00
  -2.0474763e+00
  -2.4573982e+00
  -3.2154975e+00
  -4.1226854e+00
  -3.8019111e+00
  -3.0751450e+00
  -2.8228681e+00
  -2.6233521e+00
  -2.5504081e+00
  -2.4480078e+00
  -2.2169943e+00
  -1.8824010e+00
  -1.6248722e+00
  -1.7975478e+00
  -2.6107843e+00
  -3.9685161e+00
  -5.3545680e+00
  -6.2016053e+00
  -6.4213200e+00
  -6.1580377e+00
  -5.3706522e+00
  -3.5922093e+00
  -3.5947937e-01
  -1.1737084e-01
  -3.5242313e-01
  -5.3942961e-01
  -9.4368309e-01
  -2.5850048e+00
  -4.4863234e+00
  -5.1760926e+00
  -5.2971482e+00
  -4.6022162e+00
  -3.0261033e+00
  -3.9970380e-01
   2.4449208e-01
  -3.9913920e-01
  -8.6145324e-01
  -1.0273961e+00
  -1.6486036e+00
  -3.2019553e+00
  -4.5950794e+00
  -5.2480664e+00
  -5.4904799e+00
  -5.3330240e+00
  -4.7964339e+00
  -3.8193970e+00
  -1.6928589e+00
  -1.4250615e+00
  -2.1002840e+00
  -3.2163755e+00
  -4.0596383e+00
  -3.8867178e+00
  -2.0404171e+00
  -2.4961316e+00
  -2.1651028e+00
  -1.7998025e+00
  -1.6308914e+00
  -1.5129176e+00
  -1.2849601e+00
  -1.0110098e+00
  -9.4260388e-01
  -1.3326875e+00
  -2.2686590e+00
  -3.6862168e+00
  -5.0677226e+00
  -5.9050621e+00
  -6.0539349e+00
  -5.5915907e+00
  -4.5005863e+00
  -2.5135988e+00
  -3.7742039e-01
  -3.7379100e-01
  -9.4398307e-01
  -7.3937182e-01
  -9.0710109e-01
  -1.7252786e+00
  -3.8717174e+00
  -4.5231474e+00
  -4.3476136e+00
  -3.3357920e+00
  -1.5738677e+00
   6.0113875e-01
   6.4668391e-01
  -2.4905923e-01
  -7.4227039e-01
  -1.4629367e+00
  -2.7735526e+00
  -3.4870429e+00
  -3.9191019e+00
  -4.3911751e+00
  -4.4678853e+00
  -4.1461194e+00
  -3.5051408e+00
  -2.5545196e+00
  -6.0000286e-01
  -6.3131908e-01
  -1.6037019e+00
  -2.6937350e+00
  -2.4940840e+00
  -1.1821483e+00
  -1.7359568e+00
  -2.2180835e+00
  -1.8978618e+00
  -1.5943552e+00
  -1.5193374e+00
  -1.4834788e+00
  -1.4098992e+00
  -1.3646751e+00
  -1.4868194e+00
  -1.8671608e+00
  -2.5284061e+00
  -3.4579427e+00
  -4.3363922e+00
  -4.8404267e+00
  -4.8103140e+00
  -4.2130864e+00
  -3.0762171e+00
  -1.2947596e+00
  -5.6794438e-01
  -9.5815748e-01
  -1.7014086e+00
  -1.1413482e+00
  -8.5301565e-01
  -1.2137597e+00
  -3.0292379e+00
  -3.4189753e+00
  -2.9739041e+00
  -1.7740699e+00
  -1.0992195e-01
   1.3350441e+00
   8.9880949e-01
  -9.4760494e-04
  -6.2752257e-01
  -1.9118273e+00
  -3.0272755e+00
  -3.0226068e+00
  -3.0926215e+00
  -3.2900135e+00
  -3.1566650e+00
  -2.7180344e+00
  -2.0909940e+00
  -1.3197680e+00
   3.3189561e-01
   1.3030858e-02
  -7.6867764e-01
  -1.6896128e+00
  -6.9059209e-01
  -1.0907553e+00
  -2.7891170e+00
  -2.4816598e+00
  -2.3936826e+00
  -2.4770397e+00
  -2.6776513e+00
  -2.8410146e+00
  -2.9980127e+00
  -3.1816675e+00
  -3.3702287e+00
  -3.5806062e+00
  -3.8098340e+00
  -4.0647686e+00
  -4.2146819e+00
  -4.0578783e+00
  -3.5307262e+00
  -2.6057960e+00
  -1.2368687e+00
   1.3599382e-01
  -8.5689001e-01
  -1.2629672e+00
  -2.1879066e+00
  -1.8186662e+00
  -9.1175997e-01
  -1.2202749e+00
  -2.2359678e+00
  -2.1720673e+00
  -1.5510746e+00
  -2.9933553e-01
   1.1517536e+00
   1.8113068e+00
   1.0178955e+00
   2.4956501e-01
  -4.3857747e-01
  -2.0968019e+00
  -2.7941407e+00
  -2.3927104e+00
  -2.1123978e+00
  -2.0348951e+00
  -1.7278474e+00
  -1.2549117e+00
  -7.4108379e-01
  -1.4396920e-01
   8.2717037e-01
   6.0248709e-01
  -4.1922018e-02
  -9.8511380e-01
  -5.2849495e-01
  -2.8518565e+00
  -3.5723522e+00
  -3.2211010e+00
  -3.5755343e+00
  -3.9978387e+00
  -4.3867483e+00
  -4.6915975e+00
  -4.9772420e+00
  -5.2669706e+00
  -5.5355592e+00
  -5.7766867e+00
  -5.9285617e+00
  -5.9128938e+00
  -5.6341095e+00
  -4.9226360e+00
  -3.7694631e+00
  -2.1915696e+00
  -1.1121270e-02
   1.5344268e+00
  -1.0131171e+00
  -1.2647020e+00
  -2.4773750e+00
  -2.7006972e+00
  -1.4142956e+00
  -1.6959738e+00
  -1.5350679e+00
  -1.0224591e+00
  -3.7913802e-01
   7.6771533e-01
   2.0409098e+00
   2.1660852e+00
   9.6606410e-01
   4.5330486e-01
  -1.8157431e-01
  -2.3982859e+00
  -2.8201194e+00
  -1.7959635e+00
  -1.1412258e+00
  -7.9317743e-01
  -3.8030836e-01
   4.4353306e-02
   3.7423018e-01
   7.3625189e-01
   8.9431758e-01
   7.7648976e-01
   3.8473665e-02
  -8.7981494e-01
  -2.6484424e+00
  -4.3629884e+00
  -3.9428246e+00
  -3.9538262e+00
  -4.4789805e+00
  -4.8993801e+00
  -5.2488030e+00
  -5.5558460e+00
  -5.8475640e+00
  -6.1509898e+00
  -6.4562866e+00
  -6.7401897e+00
  -6.9301020e+00
  -6.9604741e+00
  -6.7212254e+00
  -6.0791204e+00
  -4.9952282e+00
  -3.3861633e+00
  -8.2121744e-01
   1.2683992e+00
  -1.0333524e+00
  -1.3703941e+00
  -3.3432811e+00
  -3.7074049e+00
  -2.8867282e+00
  -3.0421377e+00
  -1.1743309e+00
  -1.0015798e-01
   6.3528429e-01
   1.6224421e+00
   2.6317910e+00
   2.4556977e+00
   9.3595333e-01
   4.9522105e-01
   1.9203832e-03
  -3.0198954e+00
  -2.6559865e+00
  -1.4048503e+00
  -5.4190236e-01
   1.2107551e-01
   6.7171089e-01
   1.0329500e+00
   1.2137812e+00
   1.5210143e+00
   6.9124398e-01
   7.5291887e-01
  -5.9820097e-02
  -9.9470466e-01
  -2.7690369e+00
  -3.9841642e+00
  -3.8378427e+00
  -4.1383877e+00
  -4.6642069e+00
  -5.0272416e+00
  -5.2706297e+00
  -5.4841192e+00
  -5.7352884e+00
  -6.0545933e+00
  -6.3840210e+00
  -6.7022297e+00
  -6.9743224e+00
  -7.1150910e+00
  -7.0381185e+00
  -6.6467005e+00
  -5.9621708e+00
  -4.8838200e+00
  -2.7879042e+00
  -6.6861383e-02
  -1.2006758e+00
  -1.7064897e+00
  -4.3771219e+00
  -4.0666137e+00
  -4.2720642e+00
  -3.1550003e+00
  -8.6549164e-01
   7.2157535e-01
   1.8326097e+00
   3.0042816e+00
   3.4322577e+00
   2.7420541e+00
   8.0968490e-01
   4.2491741e-01
   7.4860430e-02
  -3.7594595e+00
  -2.4210243e+00
  -1.0234356e+00
  -1.6465978e-01
   6.8167291e-01
   1.3734294e+00
   1.6529751e+00
   1.6456191e+00
   1.1727224e+00
   3.3422500e-01
   7.3920262e-01
  -1.3828018e-01
  -1.1901852e+00
  -2.6580577e+00
  -3.5420027e+00
  -3.6210368e+00
  -4.0794444e+00
  -4.5814605e+00
  -4.8796554e+00
  -5.0029445e+00
  -5.0531363e+00
  -5.1419058e+00
  -5.3571682e+00
  -5.6866732e+00
  -6.0937953e+00
  -6.5398679e+00
  -6.9445133e+00
  -7.1849751e+00
  -7.1339788e+00
  -6.7984791e+00
  -6.1439629e+00
  -4.5142894e+00
  -9.1147006e-01
  -8.5081899e-01
  -2.5903661e+00
  -4.9720311e+00
  -4.6654539e+00
  -4.4373741e+00
  -3.1750064e+00
  -9.1404498e-01
   1.0716159e+00
   2.7504160e+00
   2.3915415e+00
   2.3801861e+00
   1.7830008e+00
   4.4897574e-01
   2.1576031e-01
   1.5505239e-01
  -2.3528349e+00
  -1.7698545e+00
  -7.3418462e-01
   9.8557927e-02
   1.0072577e+00
   1.9139473e+00
   1.9945886e+00
   1.5996143e+00
   9.0822089e-01
   4.6321470e-01
   6.8466747e-01
  -2.5146574e-01
  -1.3906829e+00
  -2.5488515e+00
  -3.3229780e+00
  -3.6766071e+00
  -4.2103682e+00
  -4.7034702e+00
  -4.9622974e+00
  -5.0162230e+00
  -4.9547811e+00
  -4.8675928e+00
  -4.8459849e+00
  -4.9391050e+00
  -5.1710873e+00
  -5.5412621e+00
  -6.0386004e+00
  -6.5523291e+00
  -6.9092760e+00
  -7.0041981e+00
  -6.8853149e+00
  -6.2355547e+00
  -3.1919498e+00
  -1.4189478e+00
  -4.8383532e+00
  -6.0521560e+00
  -6.1247554e+00
  -5.2973609e+00
  -3.9037273e+00
  -1.7180158e+00
   7.6428705e-01
   2.6238565e+00
   1.3103967e+00
   8.3536810e-01
   5.2514660e-01
   1.3897860e-01
  -3.3131156e-02
   1.1904373e-01
  -7.2338694e-01
  -7.2048056e-01
  -4.1666570e-01
   1.4222321e-01
   1.1273537e+00
   2.5540099e+00
   2.1885450e+00
   1.3944468e+00
   9.7322005e-01
   8.3397293e-01
   5.3016126e-01
  -3.1612462e-01
  -1.4927362e+00
  -2.5709465e+00
  -3.3785081e+00
  -3.9797332e+00
  -4.6268845e+00
  -5.1743422e+00
  -5.5100718e+00
  -5.6468120e+00
  -5.6798453e+00
  -5.6485319e+00
  -5.5850191e+00
  -5.5519719e+00
  -5.5921736e+00
  -5.6822109e+00
  -5.8528714e+00
  -6.1532178e+00
  -6.5051155e+00
  -6.7240105e+00
  -6.7948818e+00
  -7.0113773e+00
  -5.2403483e+00
  -3.0502455e+00
  -5.3949642e+00
  -7.4530277e+00
  -6.5422611e+00
  -5.9995565e+00
  -4.7454281e+00
  -2.6401124e+00
   1.8762930e-01
   2.3505213e+00
   6.6946644e-01
   4.2538278e-02
  -9.6095785e-02
   2.5768742e-02
  -1.7830397e-01
  -9.3465313e-02
  -3.6845490e-01
  -5.9002346e-01
  -4.8723865e-01
   1.7616914e-01
   1.1207258e+00
   2.4289017e+00
   2.0671973e+00
   1.5357525e+00
   1.3794421e+00
   5.6459949e-01
   1.8555864e-01
  -5.7727918e-01
  -1.5939731e+00
  -2.6163196e+00
  -3.5082171e+00
  -4.2979162e+00
  -5.0561960e+00
  -5.6911391e+00
  -6.1476015e+00
  -6.4071602e+00
  -6.5757083e+00
  -6.6647438e+00
  -6.6580915e+00
  -6.6170553e+00
  -6.5723600e+00
  -6.4893774e+00
  -6.3076838e+00
  -6.1212038e+00
  -6.0658654e+00
  -6.0015019e+00
  -5.7649168e+00
  -6.5967096e+00
  -7.5316801e+00
  -6.3539537e+00
  -5.7577623e+00
  -7.9882398e+00
  -7.0236153e+00
  -6.4882402e+00
  -5.3481611e+00
  -3.4522526e+00
  -6.5208624e-01
   1.9150745e+00
   2.4746925e-01
  -4.3069437e-01
  -3.7826934e-01
  -2.0835559e-01
  -3.9389112e-01
  -2.8771185e-01
  -5.1440886e-01
  -1.2290679e+00
  -1.1867454e+00
   3.1246482e-01
   1.2196513e+00
   1.9475301e+00
   1.2367984e+00
   1.7283743e+00
   1.3458328e+00
   1.6037984e-01
  -3.7323169e-01
  -1.1728349e+00
  -1.8598303e+00
  -2.6908592e+00
  -3.5719591e+00
  -4.4451289e+00
  -5.2995380e+00
  -6.0410345e+00
  -6.6013314e+00
  -6.9600464e+00
  -7.1973043e+00
  -7.3325563e+00
  -7.3719254e+00
  -7.3560134e+00
  -7.2590614e+00
  -7.0617810e+00
  -6.6497962e+00
  -6.0092237e+00
  -5.3598488e+00
  -4.8411907e+00
  -4.4057850e+00
  -3.5525079e+00
  -6.0838582e+00
  -9.7831228e+00
  -8.2052488e+00
  -7.6869073e+00
  -7.3833624e+00
  -6.9295102e+00
  -6.0181859e+00
  -4.4261178e+00
  -1.8564590e+00
   1.0018857e+00
  -1.9909762e-01
  -8.8858153e-01
  -7.9699805e-01
  -7.2548768e-01
  -7.8946784e-01
  -5.8972000e-01
  -7.2690675e-01
  -1.0164620e+00
  -9.9083758e-01
   7.4958190e-01
   1.6924899e+00
   1.9626507e+00
   8.8021387e-01
   1.8578153e+00
   1.0685292e+00
  -5.9012920e-03
  -1.1004325e+00
  -1.8347182e+00
  -2.3225906e+00
  -2.8688598e+00
  -3.5448031e+00
  -4.3703294e+00
  -5.2861753e+00
  -6.1366224e+00
  -6.7703180e+00
  -7.1838236e+00
  -7.4458685e+00
  -7.5683799e+00
  -7.5984697e+00
  -7.5854530e+00
  -7.4882102e+00
  -7.2379460e+00
  -6.6713910e+00
  -5.6272726e+00
  -4.2455645e+00
  -3.1779184e+00
  -2.4128270e+00
  -3.5025475e+00
  -4.9484491e+00
  -8.9540415e+00
  -7.9478931e+00
  -7.3830009e+00
  -7.3603988e+00
  -7.1604915e+00
  -6.5629988e+00
  -5.3269291e+00
  -3.0255561e+00
  -1.5192124e-01
  -8.8771880e-01
  -1.3072392e+00
  -1.1885403e+00
  -1.2869914e+00
  -1.6932995e+00
  -1.4402679e+00
  -5.0719941e-01
  -3.5207912e-01
  -2.6187110e-01
   1.4438902e+00
   2.5069561e+00
   2.3700285e+00
   1.4825553e+00
   2.2401261e+00
   8.3684886e-01
   2.4068153e-02
  -1.3894750e+00
  -2.6121407e+00
  -2.8882108e+00
  -3.1482894e+00
  -3.5279369e+00
  -4.1691065e+00
  -5.0431218e+00
  -5.9151740e+00
  -6.5899696e+00
  -7.0504427e+00
  -7.3115125e+00
  -7.3894730e+00
  -7.3640571e+00
  -7.3272748e+00
  -7.2493978e+00
  -6.9717870e+00
  -6.2675405e+00
  -4.8720508e+00
  -2.7238879e+00
  -7.0787990e-01
  -1.2240326e+00
  -4.9953032e+00
  -5.6776218e+00
  -6.8892446e+00
  -6.6711817e+00
  -6.6572132e+00
  -6.8617954e+00
  -6.9566278e+00
  -6.7288508e+00
  -5.8994980e+00
  -3.9960365e+00
  -1.5830414e+00
  -1.8448390e+00
  -1.6429840e+00
  -1.3525530e+00
  -1.6199794e+00
  -2.5331202e+00
  -2.5132980e+00
  -1.0138946e+00
  -1.0188608e+00
  -2.1201564e-01
   2.0324619e+00
   3.5771585e+00
   3.0074861e+00
   1.9732206e+00
   2.1751068e+00
   5.8936244e-01
   3.0789163e-02
  -1.3638376e+00
  -3.3512276e+00
  -3.4140292e+00
  -3.3853048e+00
  -3.5299719e+00
  -3.8931387e+00
  -4.5604452e+00
  -5.3203419e+00
  -5.9874933e+00
  -6.4826624e+00
  -6.7443782e+00
  -6.7888910e+00
  -6.7111689e+00
  -6.6274902e+00
  -6.5295512e+00
  -6.2425625e+00
  -5.4549502e+00
  -3.8097964e+00
  -1.0159804e+00
   1.8750856e-01
  -8.4053190e-01
  -5.0943287e+00
  -4.9909552e+00
  -5.1555012e+00
  -5.2348021e+00
  -5.4560469e+00
  -5.9052556e+00
  -6.3046682e+00
  -6.4746949e+00
  -6.0658882e+00
  -4.6174382e+00
  -2.6023497e+00
  -2.5097577e+00
  -1.9263791e+00
  -1.5184445e+00
  -2.0911929e+00
  -2.7932760e+00
  -2.4695732e+00
  -8.9719428e-01
  -1.5487278e+00
  -5.7883148e-01
   2.1329136e+00
   4.3591399e+00
   3.7036386e+00
   2.4006674e+00
   1.9013605e+00
   6.9563583e-01
   3.4206584e-03
  -1.1466087e+00
  -2.8506866e+00
  -3.5561535e+00
  -3.3130205e+00
  -3.3361921e+00
  -3.4491847e+00
  -3.8169494e+00
  -4.3481865e+00
  -4.9216423e+00
  -5.3881860e+00
  -5.6330919e+00
  -5.6686897e+00
  -5.5920391e+00
  -5.4970994e+00
  -5.4019790e+00
  -5.1501832e+00
  -4.3016224e+00
  -2.4360671e+00
   6.6888028e-01
   3.3434042e-01
  -1.4999095e+00
  -4.2406154e+00
  -3.7733526e+00
  -3.7822196e+00
  -3.9660702e+00
  -4.1754942e+00
  -4.6606264e+00
  -5.2822089e+00
  -5.8185248e+00
  -5.8876371e+00
  -4.9838619e+00
  -3.1478450e+00
  -2.6827645e+00
  -2.3979437e+00
  -1.5713600e+00
  -2.5494268e+00
  -2.7095594e+00
  -1.7170417e+00
  -6.7448497e-01
  -1.1454060e+00
  -3.9654374e-01
   1.7426003e+00
   4.3990870e+00
   4.3009191e+00
   3.3633578e+00
   9.0108877e-01
   4.8188829e-01
  -3.8452029e-02
  -9.3688357e-01
  -2.2530448e+00
  -3.4153504e+00
  -2.8877769e+00
  -2.6720345e+00
  -2.6616695e+00
  -2.8007860e+00
  -3.0815754e+00
  -3.4402947e+00
  -3.7765250e+00
  -3.9562294e+00
  -3.9941766e+00
  -3.9576128e+00
  -3.9224899e+00
  -3.9363291e+00
  -3.7707968e+00
  -2.8589995e+00
  -7.7902788e-01
   1.4111327e+00
   1.7438571e-01
  -1.9023098e+00
  -3.0974066e+00
  -2.3899963e+00
  -2.3879907e+00
  -2.7543111e+00
  -3.0140941e+00
  -3.4099841e+00
  -3.9974630e+00
  -4.6994352e+00
  -5.2111349e+00
  -4.8991165e+00
  -3.2475410e+00
  -2.4131520e+00
  -3.2084160e+00
  -2.1316886e+00
  -2.7062831e+00
  -2.5176468e+00
  -1.3038591e+00
  -6.3252097e-01
  -2.2159861e-01
   7.4372590e-01
   1.3315142e+00
   3.5749145e+00
   4.5191865e+00
   1.7242173e+00
   6.4767259e-01
   8.6395293e-01
  -9.5706463e-01
  -8.7827170e-01
  -1.3296273e+00
  -2.4681273e+00
  -2.0591729e+00
  -1.5114397e+00
  -1.4013679e+00
  -1.4515061e+00
  -1.5860161e+00
  -1.7262878e+00
  -1.8838917e+00
  -1.9626708e+00
  -1.9899083e+00
  -1.9958347e+00
  -2.0723557e+00
  -2.2389576e+00
  -2.1833754e+00
  -1.2389731e+00
   1.0423235e+00
   1.7062284e+00
   2.0781730e-01
  -1.3369427e+00
  -8.7711334e-01
  -4.0841472e-01
  -6.2379181e-01
  -1.1913655e+00
  -1.6353866e+00
  -2.0332496e+00
  -2.5414002e+00
  -3.1860321e+00
  -3.9058974e+00
  -4.1802316e+00
  -3.1365774e+00
  -1.7656192e+00
  -3.0531476e+00
  -3.4313149e+00
  -2.3328474e+00
  -1.7331610e+00
  -4.7489259e-01
   3.3792830e-01
   9.9600774e-01
   2.6767787e-01
   6.1317623e-01
   2.2334943e+00
   2.2664225e+00
   1.0991518e+00
   2.9876404e+00
   2.1219418e+00
  -1.5989629e+00
  -6.2631392e-01
  -5.9165990e-01
  -8.7749916e-01
  -4.2070255e-01
   1.1092149e-01
   3.5489440e-01
   3.1076911e-01
   2.0435828e-01
   1.9377886e-01
   1.8080397e-01
   2.0632716e-01
   2.2394592e-01
   1.7506693e-01
  -3.0267542e-02
  -3.4731168e-01
  -4.4075176e-01
   4.7846442e-01
   2.4531388e+00
   1.7106643e+00
   5.4602188e-01
  -5.2360129e-01
  -5.5314150e-02
   3.6895874e-01
   1.1394719e+00
   8.8072091e-01
   3.7297201e-01
  -5.2835066e-02
  -5.5930024e-01
  -1.1845771e+00
  -1.9464575e+00
  -2.6284349e+00
  -2.5398419e+00
  -1.1356543e+00
  -1.1175449e+00
  -3.0497231e+00
  -1.7274511e+00
  -4.0371066e-01
   5.3596348e-01
   1.4335353e+00
   1.2286565e+00
   3.1484470e-01
   2.1595593e-01
   1.5637437e+00
  -5.5413794e-02
   2.8223565e+00
   3.6276534e+00
   1.7165887e+00
  -7.4124466e-01
  -1.4286149e-01
  -9.4935333e-02
   1.1378295e-01
   5.2327785e-01
   1.6912869e+00
   1.9237471e+00
   1.7760513e+00
   1.6768272e+00
   1.7428077e+00
   1.8471434e+00
   1.9472141e+00
   2.0156144e+00
   1.9386848e+00
   1.6531424e+00
   1.2172647e+00
   9.6118122e-01
   1.6214539e+00
   1.9401473e+00
   3.6892568e-01
   6.7355231e-01
  -4.1532698e-02
   2.9770534e-01
   6.5152941e-01
   1.5415294e+00
   2.3539103e+00
   2.1741954e+00
   1.8889053e+00
   1.4415652e+00
   8.2775079e-01
   9.3648886e-02
  -7.3749928e-01
  -1.1783978e+00
  -2.2844171e-01
   9.7255459e-02
  -6.2857989e-01
  -3.4210323e-01
   1.2443031e+00
   1.6586290e+00
   2.3901757e+00
   9.4222462e-01
  -5.4729688e-02
  -4.6649080e-01
   8.7893485e-01
   2.7123196e-02
   2.2019345e+00
   2.3488893e+00
   5.9569947e-01
   3.8653123e-01
   5.4838878e-01
   3.3900955e-01
   5.2806318e-01
   1.5549659e+00
   3.0516517e+00
   2.8484168e+00
   2.5731602e+00
   2.6083045e+00
   2.7878661e+00
   3.0671773e+00
   3.3384025e+00
   3.4747450e+00
   3.3781054e+00
   3.0290151e+00
   2.4906285e+00
   2.0565822e+00
   2.2294252e+00
   1.0816554e+00
   3.6356992e-01
   9.2797047e-01
   2.4680832e-01
   5.7590902e-01
   9.5847344e-01
   1.6108232e+00
   3.1055133e+00
   3.4417295e+00
   3.3756030e+00
   3.0136616e+00
   2.5366385e+00
   2.0017815e+00
   1.2899027e+00
   5.4750031e-01
   1.6543740e-01
  -2.0379883e-01
   9.9675405e-01
   1.4455038e+00
   1.3315161e+00
   4.8460418e-01
   6.1627233e-01
  -1.5377613e-02
  -5.9810436e-01
  -4.4430822e-01
   4.2986757e-01
   7.2805047e-01
   2.4175467e-01
   8.3258772e-01
   7.9222912e-01
   1.4367548e+00
   1.1894865e+00
   5.2918041e-01
   7.1938938e-01
   2.1113877e+00
   3.2273953e+00
   2.6556602e+00
   2.6062388e+00
   3.0071502e+00
   3.5348356e+00
   4.0594606e+00
   4.4650836e+00
   4.6141591e+00
   4.4600406e+00
   4.0280423e+00
   3.4169402e+00
   2.7911177e+00
   2.1368132e+00
   5.1512992e-01
   5.0866413e-01
   1.1588562e+00
   1.4826593e-01
   5.0743061e-01
   1.0173103e+00
   1.3400509e+00
   2.4558940e+00
   3.9765103e+00
   4.1126065e+00
   3.7941904e+00
   3.6044757e+00
   3.4212568e+00
   2.9916806e+00
   1.9918965e+00
   6.2313515e-01
   2.4110484e-01
   1.2827451e+00
   1.6889465e+00
   7.6490945e-01
   4.6633717e-01
   6.2105346e-01
  -1.5575629e-02
  -1.5254256e+00
  -9.8668182e-01
  -2.3244515e-02
   7.1954250e-01
   2.6066504e-02
   5.8580178e-01
   1.5328556e+00
   1.8271487e+00
   1.3514546e+00
   9.2990214e-01
   9.5003176e-01
   1.4944181e+00
   2.4730847e+00
   2.5883503e+00
   3.0512168e+00
   3.5798628e+00
   4.2727966e+00
   4.7736540e+00
   5.0666065e+00
   5.1473866e+00
   4.9501438e+00
   4.4970760e+00
   3.8933406e+00
   3.2092843e+00
   1.8195901e+00
   3.2232168e-01
   4.9136084e-01
   1.2283792e+00
  -1.0729675e-02
   2.6359165e-01
   8.4124058e-01
   1.1601598e+00
   1.3979073e+00
   2.5239584e+00
   3.7873971e+00
   3.8093951e+00
   4.0425425e+00
   4.2414408e+00
   4.1483488e+00
   3.2091644e+00
   1.8042672e+00
   1.2332600e+00
   9.5730764e-01
   9.6280491e-01
   7.1178955e-01
   8.4102732e-01
   1.0583279e+00
   3.5010794e-01
  -6.6430229e-01
  -6.4351082e-01
  -1.1531792e-01
   7.0670450e-01
   9.7625393e-01
   1.2239338e+00
   1.6100103e+00
   1.8482204e+00
   1.2349946e+00
   8.2968221e-01
   9.1052364e-01
   1.2773919e+00
   2.0480495e+00
   2.7215429e+00
   2.9148551e+00
   3.2949676e+00
   3.9984500e+00
   4.3550673e+00
   4.5627037e+00
   4.6232281e+00
   4.5042635e+00
   4.1690288e+00
   3.6525652e+00
   3.0538582e+00
   1.7710314e+00
   4.3348109e-01
   9.3011313e-01
   1.0123165e+00
   1.0492801e-01
   2.6471800e-01
   6.6394450e-01
   1.0188091e+00
   1.2830531e+00
   1.1902309e+00
   1.5383554e+00
   2.9727229e+00
   3.8950477e+00
   4.4783912e+00
   4.6871234e+00
   4.2502904e+00
   3.9611983e+00
   1.9853802e+00
   1.0261582e+00
   7.0363661e-01
   5.7880885e-01
   7.3113802e-01
   4.7417748e-01
   1.1142271e-01
   1.8142307e-01
   3.0834226e-01
   2.5985682e-02
   5.6033427e-01
   1.0106612e+00
   1.0784834e+00
   2.2820354e+00
   1.5633326e+00
   1.2175651e+00
   4.7213224e-01
   6.3312912e-01
   7.8722739e-01
   1.5782759e+00
   1.8541594e+00
   1.3595111e+00
   1.8197597e+00
   2.4379640e+00
   2.8491588e+00
   3.2161827e+00
   3.3989193e+00
   3.3944414e+00
   3.1596241e+00
   2.7207344e+00
   2.1192703e+00
   4.8949611e-01
  -7.5151421e-02
   1.2827443e+00
   7.6513571e-01
   1.8001436e-01
   3.4122527e-01
   5.9770364e-01
   8.4619939e-01
   1.0276965e+00
   9.5105207e-01
   1.3729589e+00
   2.4017198e+00
   3.4286590e+00
   4.1684375e+00
   4.4534254e+00
   4.3230553e+00
   3.2407961e+00
   1.5041127e+00
   1.1916373e+00
   1.0963093e+00
   7.3083508e-01
   5.2797866e-01
   3.3690855e-01
   1.4304298e-01
   2.9259387e-01
   6.0830379e-01
   7.4554539e-01
   1.2575299e+00
   8.0515075e-01
   1.5253744e+00
   2.0518913e+00
   1.1208456e+00
   9.0360570e-01
   6.4409989e-01
   2.3854168e-01
   8.2369643e-01
   7.8765672e-01
   7.2535500e-04
  -6.7257082e-01
  -4.2479852e-01
  -3.8234231e-01
   1.4073536e-01
   8.2211876e-01
   9.0086931e-01
   8.2800311e-01
   8.7996316e-01
   5.7091790e-01
  -4.8411876e-01
  -8.8410074e-01
   7.1350390e-01
   1.0200322e+00
   2.3113951e-01
   1.3158564e-01
   3.3986095e-01
   5.8886337e-01
   6.9995832e-01
   6.4521563e-01
   1.0069499e+00
   1.4678069e+00
   1.8265160e+00
   2.4377022e+00
   3.0686150e+00
   3.1210487e+00
   3.0502064e+00
   1.3734469e+00
   1.0788002e+00
   1.7114552e+00
   8.0552387e-01
   5.5153108e-01
   4.1894776e-01
   3.5148895e-01
   3.8187933e-01
   4.4289064e-01
   7.4937582e-01
   8.8277650e-01
   9.0476781e-01
   8.1573355e-01
   1.2550873e+00
   1.6186025e+00
   7.1729124e-01
   8.1483060e-01
   8.6909711e-01
   8.9785802e-01
   6.1755282e-01
  -8.8274032e-01
  -1.5277808e+00
  -1.0288419e+00
  -1.0179416e+00
  -2.3214362e+00
  -1.7917687e+00
  -1.3216619e+00
  -1.6115937e+00
  -2.1256766e+00
  -1.8616639e+00
  -2.5275879e+00
  -2.2455354e+00
   2.9216650e-01
   9.0240151e-01
   1.3168138e-01
  -2.1499723e-01
   5.6114353e-02
   3.1877810e-01
   5.1585180e-01
   5.1775742e-01
   5.0381112e-01
   7.5653845e-01
   7.3381913e-01
   4.1130438e-01
   5.0755399e-01
   6.6641891e-01
   4.1777548e-01
   5.9006089e-01
   2.4012570e-01
   6.4200872e-01
  -1.0399267e-01
   1.9471420e-01
   2.3857276e-01
   3.0627450e-01
   3.4548742e-01
   3.3336100e-01
   3.5211092e-01
   5.0570208e-01
   4.6880037e-01
   4.2029214e-01
   4.5929000e-01
   6.1232913e-01
   6.9323623e-01
  -3.2047249e-02
   5.1183656e-02
   4.2804974e-01
  -1.2988597e-01
  -8.7601417e-01
  -8.0014229e-01
  -3.0637798e-01
  -2.7264687e-01
  -1.1381502e+00
  -7.8583068e-01
  -1.6514966e+00
  -1.7830662e+00
  -1.3068231e+00
  -2.6240439e+00
  -2.0611098e+00
  -1.8407756e+00
   1.1041932e+00
   2.4129648e+00
   1.1492915e-01
  -5.3113210e-01
  -2.2891289e-01
   7.4873284e-02
   3.0650041e-01
   4.7046492e-01
   1.6186754e-01
  -1.3811710e-01
   7.8682497e-02
  -3.2112756e-01
  -1.1358143e+00
  -1.1713578e+00
  -2.0738964e+00
  -2.1394424e+00
  -1.1384904e+00
  -8.2126635e-01
  -3.8101372e-01
  -5.2417126e-02
   1.6352533e-01
   1.1097531e-01
   3.9597809e-02
   1.0373658e-01
   1.1754075e-01
   8.4869370e-02
   1.3370338e-01
   1.2681393e-01
   8.5139215e-02
   1.7144668e-01
  -1.9630475e-01
  -4.3070778e-02
  -2.6924276e-01
  -2.4585101e-01
  -1.3422775e-01
  -4.2864323e-01
  -3.6381713e-01
  -3.1027293e-01
  -3.4094319e-01
  -4.1602367e-01
  -5.6583238e-01
  -2.7986795e-01
  -4.5956094e-02
  -6.4077938e-01
  -1.5655012e+00
  -1.5297980e+00
  -8.0392408e-01
   1.7347765e-01
   6.1578488e-01
  -5.1775503e-01
  -7.4516553e-01
  -2.6697692e-01
  -1.1390378e-01
   1.0466564e-01
   3.7442639e-01
   8.2076848e-02
   1.0448896e-01
   8.1897640e-01
   5.8869064e-01
  -4.7353458e-01
  -1.1904943e+00
  -1.1282502e+00
  -4.6719842e-02
   2.6418597e-01
  -8.0694336e-01
  -1.2974329e+00
  -1.0612175e+00
  -8.6110365e-01
  -4.4235229e-01
   5.6429356e-02
  -2.2755053e-02
  -1.6920686e-01
  -2.3612094e-01
  -2.8303546e-01
  -2.7130133e-01
  -2.6106340e-01
  -1.8862557e-01
  -3.1467411e-01
  -4.7372198e-01
  -2.7157220e-01
  -6.0868663e-01
  -5.4923147e-01
  -6.9434768e-01
  -8.5456026e-01
  -8.7533337e-01
  -7.5314271e-01
  -6.5168411e-01
  -6.9505244e-01
  -7.3643392e-01
  -7.5844288e-01
  -7.7801490e-01
  -8.0847704e-01
  -9.5780522e-01
  -1.1894295e+00
  -1.2086272e+00
  -9.8205513e-01
  -7.5568706e-01
  -5.4092419e-01
  -2.2755221e-01
   2.1349339e-02
   9.1032147e-02
   6.0987538e-03
  -8.7795235e-02
  -2.0087132e-02
   1.0893689e-01
  -6.2711224e-02
  -4.3600306e-01
  -5.3208363e-01
  -5.4067147e-01
  -6.4334947e-01
  -4.0515652e-01
   8.5383886e-01
   4.0317881e-01
  -1.2847024e-01
  -5.9810930e-01
  -9.9281645e-01
  -1.2703636e+00
  -1.3016889e+00
  -7.3200017e-01
  -2.9296908e-01
  -1.8768415e-01
  -2.3490746e-01
  -2.4336457e-01
  -1.6513975e-01
  -2.1692489e-01
  -5.0650233e-01
  -7.7667439e-01
  -7.6700574e-01
