   7.5790095e-01
   7.9934669e-01
   1.3997433e+00
   1.7448946e+00
   2.1007171e+00
   3.7387981e+00
   5.2321630e+00
   5.4868226e+00
   5.1382303e+00
   5.2618861e+00
   5.1841588e+00
   4.3188534e+00
   3.2910163e+00
   2.3870432e+00
   1.3907255e+00
   4.2625478e-01
  -1.1363016e-01
   1.3922532e-01
   9.8732829e-01
   1.3782851e+00
   1.3161274e+00
   1.7939138e+00
   2.6315622e+00
   2.4682090e+00
   1.5136302e+00
   1.3467762e+00
   1.9262726e+00
   2.0949867e+00
   1.5484488e+00
   8.5951883e-01
   2.7905697e-01
  -2.0786543e-01
  -4.9176735e-01
  -7.0543545e-01
  -1.1002791e+00
  -1.6257043e+00
  -1.8626012e+00
  -1.0081302e+00
   4.0081251e-01
   6.9616270e-01
   1.2393937e-01
   1.5979683e+00
   6.3425522e+00
   7.8898945e+00
   5.8445005e+00
   9.2202097e-01
  -1.4013555e+00
  -1.0181054e-01
   7.5113502e+00
   7.7763314e+00
   6.7619910e+00
   5.0222149e+00
   6.3495984e+00
   7.8361006e+00
   5.5412164e+00
   3.5214024e+00
   3.1632509e+00
   3.1259942e+00
   2.6067357e+00
   1.7771910e+00
   1.5148379e+00
   1.4547049e+00
   1.0668066e+00
   8.8305134e-01
   3.7975931e-01
   1.8241738e-01
   5.9790379e-01
   3.1087133e-01
   5.5363908e-02
   1.0774654e-01
   2.0737834e-01
  -5.1150542e-01
  -2.0269318e+00
  -7.9878318e-01
   1.8053139e+00
   1.3193562e+00
   5.9619683e-01
   1.0291554e+00
   1.3959290e+00
   1.0853068e+00
   8.3015305e-01
   1.4181507e+00
   2.0272632e+00
   3.1644423e+00
   4.4740105e+00
   4.6978059e+00
   5.0343547e+00
   4.8266664e+00
   3.3676555e+00
   1.7641627e+00
   5.6137433e+00
   7.2748151e+00
   4.2771072e+00
   8.1311268e-01
   3.7829704e+00
   7.3879399e+00
   2.7220714e+00
   2.3492446e+00
   1.3667476e+00
   8.4258932e-01
   7.3302311e-01
   8.9668083e-01
   5.2173197e-01
  -2.8189358e-01
  -4.2378736e-01
  -3.3936459e-01
  -1.9846952e-01
  -8.1835061e-02
   9.7750477e-02
   2.2048669e-01
   3.3357364e-01
   3.7005514e-01
   2.9750082e-01
   1.2024254e-01
  -1.1308397e-01
  -3.7221357e-01
  -6.9546777e-01
  -9.3279010e-01
  -1.2669975e+00
  -1.3505850e+00
  -1.5452163e+00
  -1.2095138e+00
   1.1794777e-01
  -4.1540511e-02
   1.0132696e-01
   4.9633461e-01
   8.7813449e-01
   9.7539997e-01
   1.0025806e+00
   7.7148414e-01
   5.5195689e-01
   1.7863190e-01
   9.2613325e-02
  -1.4392820e-01
  -4.5824355e-01
  -9.0586740e-01
  -1.1819737e+00
  -5.3671086e-01
   1.1334252e+00
   2.3938053e+00
   2.2820034e+00
   1.4359016e+00
   1.7167598e+00
   2.1855531e+00
   1.8982959e-01
  -2.7111232e-01
  -8.3444566e-01
  -1.3945459e+00
  -1.7876432e+00
  -2.0860746e+00
  -2.2272158e+00
  -2.1859829e+00
  -1.9480023e+00
  -1.7487414e+00
  -1.5147530e+00
  -1.2007496e+00
  -8.1634951e-01
  -4.7932795e-01
  -2.4841148e-01
  -1.1957803e-01
  -1.0426773e-01
  -2.4856232e-01
  -5.3861219e-01
  -9.0456259e-01
  -1.2469647e+00
  -1.5601412e+00
  -1.7523208e+00
  -1.9048134e+00
  -1.8156059e+00
  -1.4573700e+00
  -7.8154296e-01
  -4.3339282e-01
  -1.3012818e-01
   1.8167806e-01
   3.3816794e-01
   3.4336677e-01
   2.5418395e-01
   2.5982725e-02
  -2.5957847e-01
  -6.3389254e-01
  -1.0315661e+00
  -1.4067577e+00
  -1.6585743e+00
  -1.7398057e+00
  -1.6221642e+00
  -1.2941219e+00
  -7.4846566e-01
  -2.1806005e-01
   6.3603736e-02
   2.9269910e-01
   5.1255101e-01
   4.5584354e-01
  -5.0427014e-01
  -1.1306069e+00
  -1.7704794e+00
  -2.3152876e+00
  -2.7211733e+00
  -2.9847732e+00
  -3.0112128e+00
  -2.8552978e+00
  -2.5602984e+00
  -2.3869157e+00
  -2.0448315e+00
  -1.5341253e+00
  -1.0500702e+00
  -7.2148913e-01
  -5.2589607e-01
  -3.8821024e-01
  -3.9219394e-01
  -5.6763476e-01
  -9.3449581e-01
  -1.3310653e+00
  -1.6485435e+00
  -1.9339395e+00
  -2.1431086e+00
  -2.4303319e+00
  -2.8313093e+00
  -1.9193120e+00
  -8.8697165e-01
  -6.3784271e-01
  -4.8772696e-01
  -1.9484648e-01
  -1.3404070e-01
  -2.3313095e-01
  -4.2709687e-01
  -7.3071969e-01
  -1.0716211e+00
  -1.4550991e+00
  -1.8635744e+00
  -2.2246292e+00
  -2.3746769e+00
  -2.2989113e+00
  -2.1172945e+00
  -1.8059984e+00
  -1.3530729e+00
  -1.0262817e+00
  -8.4555757e-01
  -4.1166279e-01
   7.1315332e-03
  -8.9176275e-02
  -9.3779277e-01
  -1.6659896e+00
  -2.2849219e+00
  -2.7912837e+00
  -3.1183158e+00
  -3.2107531e+00
  -3.0511247e+00
  -2.7843812e+00
  -2.4950460e+00
  -2.2355705e+00
  -1.5443787e+00
  -1.0226461e+00
  -8.2429031e-01
  -6.8544944e-01
  -5.9974552e-01
  -5.3176004e-01
  -6.0084869e-01
  -8.0999444e-01
  -1.1675477e+00
  -1.5044897e+00
  -1.7878816e+00
  -2.0614021e+00
  -2.2455268e+00
  -2.4730871e+00
  -3.0169748e+00
  -1.0022237e+00
  -5.3141553e-01
  -9.5593482e-01
  -7.6549831e-01
  -4.7498110e-01
  -4.8225537e-01
  -6.3945766e-01
  -9.5460349e-01
  -1.3555799e+00
  -1.7120826e+00
  -2.0589526e+00
  -2.3704901e+00
  -2.5883919e+00
  -2.5609263e+00
  -2.4092541e+00
  -2.2709520e+00
  -2.0135047e+00
  -1.6121938e+00
  -1.3518050e+00
  -1.0294632e+00
  -2.1465437e-01
   7.0314550e-02
  -3.0277008e-01
  -1.2267573e+00
  -1.8805062e+00
  -2.3535738e+00
  -2.7262800e+00
  -2.9230587e+00
  -2.8653667e+00
  -2.5934808e+00
  -2.2098110e+00
  -1.8352313e+00
  -1.8296595e+00
  -6.4999908e-01
  -5.7468623e-01
  -7.1819234e-01
  -6.7731345e-01
  -6.1423689e-01
  -5.6798834e-01
  -6.2873214e-01
  -8.3343071e-01
  -1.0997790e+00
  -1.3993886e+00
  -1.6879989e+00
  -1.9128945e+00
  -2.0103412e+00
  -1.9479278e+00
  -2.1384108e+00
  -8.1639767e-01
  -8.0589151e-01
  -1.0647436e+00
  -7.0833695e-01
  -4.7149736e-01
  -5.3134745e-01
  -7.4803412e-01
  -1.1758868e+00
  -1.5957485e+00
  -1.9121680e+00
  -2.1741855e+00
  -2.3436475e+00
  -2.3671210e+00
  -2.1899731e+00
  -2.0684836e+00
  -2.0041225e+00
  -1.7971652e+00
  -1.4642305e+00
  -1.1609097e+00
  -6.7053741e-01
   1.1833118e-01
   6.8748668e-02
  -5.2580512e-01
  -1.2111039e+00
  -1.5157331e+00
  -1.7928323e+00
  -2.1311893e+00
  -2.1411216e+00
  -1.9100487e+00
  -1.6695124e+00
  -1.2387111e+00
  -8.8801312e-01
  -6.2747830e-01
  -7.0410484e-01
  -8.4523708e-01
  -8.7726986e-01
  -7.3170018e-01
  -5.9281963e-01
  -4.7861829e-01
  -4.7820503e-01
  -6.1258686e-01
  -8.1172460e-01
  -1.0958270e+00
  -1.3501638e+00
  -1.5466175e+00
  -1.5001564e+00
  -1.0392905e+00
  -1.1748530e+00
  -6.5006852e-01
  -8.5245746e-01
  -9.6604455e-01
  -3.6709261e-01
  -2.4511392e-01
  -4.2533839e-01
  -7.9574215e-01
  -1.3037043e+00
  -1.6350262e+00
  -1.8302046e+00
  -1.8925123e+00
  -1.7786841e+00
  -1.5241457e+00
  -1.2522146e+00
  -1.1966366e+00
  -1.2499996e+00
  -1.1459947e+00
  -9.4331425e-01
  -6.3473976e-01
  -8.6553112e-02
   2.7120304e-01
  -1.4604506e-01
  -7.0622283e-01
  -6.1194640e-01
  -4.4173184e-01
  -9.2342985e-01
  -1.3956472e+00
  -1.1693485e+00
  -9.2007059e-01
  -8.7503082e-01
  -4.4517067e-01
  -2.4843000e-01
  -1.9700074e-01
  -5.6916189e-01
  -8.7029046e-01
  -7.1461451e-01
  -5.5405056e-01
  -3.8195240e-01
  -2.4273318e-01
  -2.2922358e-01
  -2.8753084e-01
  -4.4862640e-01
  -7.1131343e-01
  -9.8699093e-01
  -1.1757461e+00
  -9.9982256e-01
  -1.5933368e-01
   1.7694704e-01
  -2.1388537e-01
  -6.0726094e-01
  -8.8816166e-01
  -1.2431663e-01
  -1.7297873e-01
  -4.6218151e-01
  -8.7303090e-01
  -1.3002038e+00
  -1.4978615e+00
  -1.4980290e+00
  -1.2164257e+00
  -6.8786627e-01
  -2.6347536e-01
  -3.7890032e-01
  -5.3717136e-01
  -7.2354537e-01
  -6.9517708e-01
  -6.1214036e-01
  -3.6797053e-01
  -1.7681219e-02
   7.1326238e-03
  -2.7474058e-01
  -5.0620729e-01
   5.5870450e-01
   9.8787725e-01
  -1.8259868e-01
  -6.4110339e-01
  -1.5552300e-01
  -5.3728290e-02
  -4.1451743e-01
  -5.7958234e-02
   1.2226712e-02
  -4.2499412e-02
  -4.3616593e-01
  -5.6717914e-01
  -3.7732053e-01
  -2.5094321e-01
  -8.7480620e-02
   4.2850424e-02
   7.5635880e-02
   7.4146040e-02
  -8.3930090e-02
  -3.7772614e-01
  -7.1005499e-01
  -8.7972057e-01
  -5.4169422e-01
   8.0070537e-01
   1.5728316e+00
  -5.1476318e-02
  -5.0998908e-01
  -8.2234526e-01
  -3.4754491e-01
  -4.9875885e-01
  -7.1743578e-01
  -9.7013712e-01
  -1.1946831e+00
  -1.2096431e+00
  -9.2132878e-01
  -1.6273126e-01
   8.0302370e-01
   6.2334752e-01
  -1.6707018e-01
  -4.2407328e-01
  -5.8836955e-01
  -6.1482531e-01
  -7.2578287e-01
  -5.5574745e-01
  -3.1138462e-01
  -1.4490589e-01
  -9.4503826e-03
   1.4689313e-01
   2.0414358e+00
   2.2446343e+00
   3.2846649e-01
   4.1828802e-01
   5.7259861e-01
   5.1690546e-01
  -2.0151970e-01
   1.4080040e-01
   1.3836857e-01
   6.2795457e-02
  -1.3709392e-01
  -1.4136080e-01
   3.4610512e-02
   1.2639727e-01
   2.7120067e-01
   3.7604176e-01
   4.1422119e-01
   4.0267324e-01
   1.9157171e-01
  -1.8604382e-01
  -5.6904039e-01
  -6.8293099e-01
  -1.0556856e-01
   1.7834912e+00
   2.6906206e+00
  -1.4373409e-01
  -4.3873053e-01
  -5.7307080e-01
  -5.0937340e-01
  -6.1351863e-01
  -7.3009269e-01
  -8.4234344e-01
  -9.5303541e-01
  -8.1784921e-01
  -1.9801749e-01
   1.2583819e+00
   2.7772428e+00
   6.9835727e-01
   9.8883836e-02
  -3.9531239e-01
  -4.0335512e-01
  -6.9877194e-01
  -9.9898547e-01
  -7.4465106e-01
  -3.2599916e-01
   1.7630730e-01
   6.5308992e-01
   1.1836339e+00
   3.3127356e+00
   3.1563272e+00
   6.2137228e-01
   6.6753167e-01
   7.0718861e-01
   7.0386130e-01
   6.0448840e-02
   3.5114071e-01
   3.8169879e-01
   3.4964088e-01
   2.7070656e-01
   3.1268859e-01
   4.4845477e-01
   5.0551945e-01
   6.3956964e-01
   7.0472252e-01
   7.2434646e-01
   6.3727504e-01
   3.0539194e-01
  -1.6503333e-01
  -5.7048923e-01
  -5.5665100e-01
   3.4666488e-01
   2.6520560e+00
   3.4161301e+00
   6.3548923e-02
  -2.3623525e-01
  -4.5270303e-01
  -5.0773537e-01
  -5.3241694e-01
  -5.6559980e-01
  -6.1494231e-01
  -6.8011504e-01
  -3.7856871e-01
   6.7859036e-01
   2.8451197e+00
   4.2830901e+00
   4.2069894e-01
  -1.9817379e-01
  -3.5418701e-01
  -3.0225646e-01
  -9.1456032e-01
  -1.0753813e+00
  -5.6367743e-01
   1.0253669e-01
   8.4660918e-01
   1.5299926e+00
   2.3375406e+00
   4.3612342e+00
   3.7395926e+00
   7.9627699e-01
   5.3933281e-01
   7.6138169e-01
   5.6489205e-01
   1.4481492e-01
   6.7521429e-01
   8.4928077e-01
   7.6782382e-01
   6.8594223e-01
   7.1825558e-01
   8.0790883e-01
   8.5245508e-01
   9.6465534e-01
   1.0040662e+00
   9.8947245e-01
   7.5082254e-01
   2.5135392e-01
  -2.9628095e-01
  -6.6437280e-01
  -4.0242681e-01
   9.0429580e-01
   3.4116085e+00
   3.9130023e+00
  -3.1380060e-01
  -6.4786129e-02
  -2.3226567e-01
  -4.1414347e-01
  -5.5709666e-01
  -4.4420812e-01
  -4.2857924e-01
  -4.0400666e-01
   1.9586171e-01
   1.7824403e+00
   4.5239348e+00
   3.8915057e+00
   9.5802043e-03
  -4.9950624e-01
  -1.2238766e-01
  -8.4415287e-02
  -1.0744833e+00
  -7.2774738e-01
  -5.9939608e-02
   7.3094815e-01
   1.5646536e+00
   2.3582714e+00
   3.2801440e+00
   4.8586326e+00
   3.4248548e+00
   8.1030631e-01
   5.3138906e-01
   6.2383634e-01
   3.7579635e-01
   3.2674086e-01
   1.1307551e+00
   1.3067303e+00
   1.1218530e+00
   1.0122207e+00
   1.0291715e+00
   1.0948857e+00
   1.1552862e+00
   1.2632680e+00
   1.2849712e+00
   1.1438800e+00
   7.0360821e-01
   3.5732530e-02
  -5.4104149e-01
  -7.5640601e-01
  -1.2301321e-01
   1.4725647e+00
   3.8111298e+00
   4.2688904e+00
   3.7018478e-01
  -1.0434525e-01
  -1.1958095e-01
  -1.6041316e-01
  -7.0683038e-01
  -4.0185723e-01
  -3.0585808e-01
  -1.0330480e-01
   8.6984110e-01
   2.8644309e+00
   5.6436038e+00
   3.5513022e+00
  -2.3485282e-01
  -2.2750016e-01
   4.9579239e-01
   3.3048075e-01
  -9.4075090e-01
  -3.1401190e-01
   3.7158972e-01
   1.1989385e+00
   2.0402472e+00
   2.8891289e+00
   3.8533645e+00
   4.9736972e+00
   3.5025897e+00
   8.4284860e-01
   2.2393261e-01
   5.8843511e-01
   7.4379340e-02
   5.6302518e-01
   1.6668011e+00
   1.6901689e+00
   1.4340297e+00
   1.3002126e+00
   1.2926698e+00
   1.3494670e+00
   1.4474089e+00
   1.5382257e+00
   1.4570642e+00
   1.1077461e+00
   4.6374676e-01
  -3.2621554e-01
  -8.2388544e-01
  -6.9683576e-01
   3.2720572e-01
   2.0017884e+00
   3.9644694e+00
   4.1874843e+00
   3.1537986e-01
  -3.7811983e-01
  -3.0657601e-01
  -5.3680994e-02
  -6.3230664e-01
  -3.9402634e-01
  -1.9732901e-01
   3.0566001e-01
   1.6953031e+00
   3.9023805e+00
   6.1033244e+00
   2.5743363e+00
  -4.4875914e-01
   8.9944050e-02
   7.2114831e-01
   5.2753370e-03
  -6.8235761e-01
   8.7814361e-02
   7.4791336e-01
   1.5936402e+00
   2.4479504e+00
   3.3327291e+00
   4.2617059e+00
   4.8169812e+00
   3.2441553e+00
   6.2327658e-01
  -4.1293064e-03
   1.9897795e-01
   7.7694966e-02
   1.2847970e+00
   2.1801874e+00
   1.9623913e+00
   1.6726395e+00
   1.5076058e+00
   1.4786966e+00
   1.5322255e+00
   1.6386712e+00
   1.6453917e+00
   1.3696132e+00
   7.9392930e-01
   1.1943978e-02
  -7.2123877e-01
  -9.0864332e-01
  -3.2631605e-01
   9.3465484e-01
   2.5574421e+00
   4.2020087e+00
   3.7338121e+00
   2.3975401e-01
  -6.0985290e-01
  -4.4335530e-01
   2.4260622e-02
  -3.4245269e-01
  -3.4022446e-01
   9.9007191e-04
   9.1356028e-01
   2.5662853e+00
   4.6282505e+00
   5.9047663e+00
   1.3562496e+00
  -4.7186611e-02
   8.8154164e-02
   5.7396429e-01
   5.7572399e-02
  -1.1281493e-01
   4.7787670e-01
   1.1587100e+00
   2.0146792e+00
   2.8692542e+00
   3.7141357e+00
   4.5037240e+00
   4.4243031e+00
   2.9067256e+00
   7.5344050e-01
  -1.5128422e-01
   3.5578869e-03
   4.8462409e-01
   2.0416927e+00
   2.3590500e+00
   2.0821860e+00
   1.7510552e+00
   1.5410618e+00
   1.4946903e+00
   1.5466648e+00
   1.5951490e+00
   1.4404595e+00
   9.5747346e-01
   2.6177657e-01
  -4.8444849e-01
  -9.1908348e-01
  -6.2717992e-01
   3.1745180e-01
   1.6534237e+00
   3.1637421e+00
   4.5023341e+00
   2.8048973e+00
   4.0793918e-02
  -6.9655448e-01
  -3.9262590e-01
  -3.8756289e-02
  -1.2892124e-01
  -1.5056245e-01
   4.5471677e-01
   1.6828018e+00
   3.3256073e+00
   5.0202703e+00
   5.4203763e+00
   8.2921094e-01
  -1.7828049e-01
   1.2956667e-01
   4.1137356e-01
   1.8440327e-01
   5.6176138e-01
   9.4638956e-01
   1.5994356e+00
   2.4311907e+00
   3.2387974e+00
   3.9787579e+00
   4.5497184e+00
   3.8017709e+00
   2.4064677e+00
   6.8001753e-01
  -2.5629029e-01
   2.3699576e-01
   8.5966027e-01
   2.1906106e+00
   2.3030064e+00
   1.9899032e+00
   1.5769160e+00
   1.3041165e+00
   1.2373923e+00
   1.2560664e+00
   1.1777252e+00
   8.5649359e-01
   2.9774404e-01
  -3.0753660e-01
  -7.7742070e-01
  -7.7449399e-01
  -1.1420127e-01
   9.7522467e-01
   2.2900527e+00
   3.6950755e+00
   4.9889135e+00
   2.1854727e+00
  -3.5271305e-01
  -6.6243130e-01
  -4.1082630e-01
   3.6275908e-03
   1.5461862e-01
   2.6421171e-01
   1.1403023e+00
   2.4518750e+00
   3.8797479e+00
   5.0674672e+00
   4.2898712e+00
   2.1992190e-01
  -1.0684741e-01
   1.9655985e-01
   1.0400645e-01
  -1.3596690e-01
   8.3885425e-01
   1.4449403e+00
   1.9928266e+00
   2.7594435e+00
   3.4699199e+00
   4.0445714e+00
   4.3240871e+00
   2.9777882e+00
   1.8303721e+00
   7.4282217e-01
  -3.5953332e-02
   4.9905366e-01
   1.0805393e+00
   1.8258147e+00
   2.0918381e+00
   1.6381001e+00
   1.0506675e+00
   6.7338187e-01
   5.6174225e-01
   4.9815184e-01
   2.9532346e-01
  -6.9228478e-02
  -4.7775108e-01
  -7.7435392e-01
  -7.9877031e-01
  -3.5063070e-01
   5.0995749e-01
   1.5723419e+00
   2.7530744e+00
   3.9811018e+00
   4.7255211e+00
   8.9830482e-01
  -4.1981205e-01
  -3.6603510e-01
  -2.7634957e-01
   1.4087555e-01
   4.8706448e-01
   8.0039930e-01
   1.8211333e+00
   3.0389037e+00
   4.1274261e+00
   4.7017632e+00
   3.0939555e+00
  -2.7580526e-02
   3.3563096e-03
   1.8952425e-01
   1.6267315e-01
  -1.4319126e-01
   1.1636705e+00
   1.8828337e+00
   2.3044281e+00
   2.9692993e+00
   3.5394535e+00
   3.8793788e+00
   3.7964871e+00
   2.1790890e+00
   1.3890638e+00
   8.7164401e-01
   8.1932168e-01
   1.4889009e+00
   1.9454440e+00
   1.4580763e+00
   1.6357245e+00
   8.5185753e-01
   5.6069858e-02
  -4.1169628e-01
  -5.8261970e-01
  -7.3281018e-01
  -9.7502524e-01
  -1.2019392e+00
  -1.3056787e+00
  -1.2374862e+00
  -8.5014056e-01
  -5.2891768e-02
   9.7388285e-01
   1.9996716e+00
   2.9363329e+00
   3.7916031e+00
   4.0146678e+00
   3.3174040e-01
   1.1098514e-01
  -1.8513575e-01
  -1.8033433e-01
   2.0795335e-01
   6.8827949e-01
   1.3472774e+00
   2.3044881e+00
   3.3113310e+00
   4.0279992e+00
   4.0298708e+00
   2.0764824e+00
  -1.9126172e-03
   1.7595760e-01
   2.4964866e-01
   1.6345152e-01
   5.2048704e-01
   1.8026805e+00
   2.2248172e+00
   2.5444128e+00
   3.0663995e+00
   3.4316010e+00
   3.4895644e+00
   3.0448324e+00
   1.6703880e+00
   9.3290025e-01
   9.3761569e-01
   1.0437076e+00
   1.8919978e+00
   7.4588798e-01
   9.3442809e-01
   8.8365769e-01
  -4.5858553e-01
  -1.3245860e+00
  -1.7829796e+00
  -1.9845521e+00
  -2.1710729e+00
  -2.3522037e+00
  -2.4244367e+00
  -2.3478714e+00
  -2.0761868e+00
  -1.4937808e+00
  -5.6303701e-01
   5.5058000e-01
   1.6107017e+00
   2.4154033e+00
   2.9614839e+00
   2.6014234e+00
   2.0464292e-01
   1.7831412e-01
  -1.7564798e-01
  -1.9793577e-01
   5.1480099e-02
   5.2552197e-01
   1.6256110e+00
   2.5346121e+00
   3.2782840e+00
   3.6455896e+00
   3.2058680e+00
   1.2440125e+00
   1.2357184e-01
   6.9771748e-02
   2.1311059e-01
   4.2165628e-01
   8.4054618e-01
   1.9435513e+00
   2.3226553e+00
   2.6335096e+00
   2.9924311e+00
   3.1642904e+00
   2.9989752e+00
   2.3987099e+00
   1.1675103e+00
   6.9142644e-01
   8.0426996e-01
   7.2058146e-01
   1.0027911e+00
  -1.3852129e-01
   1.1677931e+00
  -3.7196683e-01
  -1.8327213e+00
  -2.5230145e+00
  -2.8526580e+00
  -3.0392296e+00
  -3.2023108e+00
  -3.3390147e+00
  -3.4449975e+00
  -3.4647779e+00
  -3.2939167e+00
  -2.8555474e+00
  -2.1313461e+00
  -1.2413872e+00
  -2.9881023e-01
   5.5618301e-01
   1.2876467e+00
   1.1787782e+00
  -7.1078729e-02
  -1.4411888e-01
  -4.1845896e-01
  -5.4744062e-01
  -3.9836069e-01
   2.7463712e-01
   1.7630650e+00
   2.4564413e+00
   2.9816219e+00
   3.0719938e+00
   2.3803953e+00
   7.1581982e-01
   1.8446132e-01
  -1.2128227e-03
   2.7242138e-01
   7.7069901e-01
   1.0399671e+00
   1.4512349e+00
   2.0639905e+00
   2.4463781e+00
   2.7081451e+00
   2.7593698e+00
   2.4307982e+00
   1.7916013e+00
   6.6290700e-01
   9.0749675e-01
   5.0981313e-01
   3.7497541e-01
  -7.4744123e-01
  -6.1182268e-02
   8.5733098e-01
  -1.2558314e+00
  -2.1757610e+00
  -2.4486394e+00
  -2.5485656e+00
  -2.6534953e+00
  -2.7908635e+00
  -2.9329183e+00
  -3.0961022e+00
  -3.2572033e+00
  -3.3800781e+00
  -3.4082317e+00
  -3.2839932e+00
  -3.0191262e+00
  -2.6406105e+00
  -2.1220305e+00
  -1.3720635e+00
  -7.3456478e-01
  -4.3687329e-02
  -4.0970391e-01
  -9.8163098e-01
  -1.4174824e+00
  -1.2563204e+00
  -5.3963792e-01
   1.3072894e+00
   1.9680052e+00
   2.5070584e+00
   2.4441209e+00
   1.7108700e+00
   3.2751110e-01
   3.9111942e-02
  -4.7029939e-02
   2.1522674e-01
   1.1754434e+00
   1.5588968e+00
   6.3601023e-01
   1.4187921e+00
   1.9528548e+00
   2.2416384e+00
   2.2536645e+00
   1.8669286e+00
   1.1974721e+00
   2.9678425e-01
   3.7850450e-01
   4.8284373e-01
  -7.6014256e-02
  -4.5590923e-01
   6.2393408e-01
   5.6984668e-01
  -8.3475520e-01
  -1.2112056e+00
  -1.2243310e+00
  -1.1767462e+00
  -1.1454853e+00
  -1.1680610e+00
  -1.2418835e+00
  -1.3619927e+00
  -1.5069248e+00
  -1.6775962e+00
  -1.8837919e+00
  -2.1490054e+00
  -2.4893777e+00
  -2.9318098e+00
  -3.4620627e+00
  -3.6112953e+00
  -2.3100285e+00
  -1.0446365e-01
  -7.6414046e-01
  -1.9745827e+00
  -2.9388825e+00
  -2.6400687e+00
  -1.1971986e+00
   4.7584600e-01
   1.2345354e+00
   1.8913893e+00
   1.7791963e+00
   1.2052115e+00
   1.8284681e-01
   1.7508344e-01
   9.6646484e-02
   7.8386916e-02
   1.5682991e+00
   1.5914267e+00
   1.9061208e-01
   8.5553606e-01
   1.3656072e+00
   1.6699489e+00
   1.6958349e+00
   1.2845140e+00
   7.0332793e-01
   1.7754458e-02
   1.9377608e-01
   1.5710027e-01
   1.2581708e-01
   5.0745712e-02
   8.8622244e-01
   7.0838616e-01
  -3.7484004e-02
  -1.3691752e-01
  -9.3583968e-02
   1.4308891e-02
   1.6225436e-01
   2.6937502e-01
   2.8223732e-01
   2.2092247e-01
   1.0747799e-01
  -4.2460355e-02
  -2.3099910e-01
  -5.0669938e-01
  -9.3527610e-01
  -1.6252422e+00
  -2.6389469e+00
  -3.5369137e+00
  -3.3204339e+00
  -1.0829790e-01
  -1.3982659e+00
  -3.2825952e+00
  -3.6008573e+00
  -3.1711825e+00
  -1.4951517e+00
  -5.6557929e-01
   5.4822200e-02
   7.9873362e-01
   1.2103345e+00
   1.0533681e+00
   3.6720525e-01
   1.1582555e-01
   1.4524309e-01
  -1.2281258e-01
   1.7995116e+00
   2.0336068e+00
   1.7876428e-01
   3.7232243e-01
   7.0292762e-01
   9.5549286e-01
   1.0670465e+00
   8.5790552e-01
   1.2222651e-01
  -8.3467782e-01
  -3.6620939e-01
   1.3101037e-01
   3.0630273e-01
   2.6929054e-01
   7.0546758e-01
   3.9576501e-01
   4.8311461e-02
   4.8164576e-02
   9.0846844e-02
   2.0873594e-01
   4.4097272e-01
   7.2763443e-01
   9.4448763e-01
   1.0567319e+00
   1.0610665e+00
   9.8056471e-01
   8.0490458e-01
   4.5896184e-01
  -1.3786283e-01
  -9.9884003e-01
  -2.0771375e+00
  -3.3319271e+00
  -4.0849428e+00
  -7.8179944e-01
  -2.5349751e+00
  -4.1258707e+00
  -4.2663150e+00
  -3.7995732e+00
  -2.7653334e+00
  -2.1875541e+00
  -1.4342002e+00
  -2.1700287e-01
   7.9313308e-01
   1.2754672e+00
   6.8557310e-01
  -4.7544677e-02
  -2.9315406e-02
  -2.1018475e-01
   1.4349284e+00
   1.5671532e+00
   7.3318228e-02
  -8.9157403e-02
  -3.3864856e-02
   3.2756433e-01
   5.8924210e-01
   3.1731689e-01
  -2.2845563e-01
  -1.0879269e+00
  -8.4179586e-01
   1.5731299e-02
   2.6465777e-01
   2.6319781e-01
   2.8842413e-01
  -1.7609738e-01
  -4.6381214e-01
  -5.5894589e-01
  -6.4543337e-01
  -6.5576351e-01
  -5.3219950e-01
  -2.8641015e-01
   2.7393885e-03
   2.6189530e-01
   4.3684801e-01
   5.3188491e-01
   5.1118660e-01
   2.9105389e-01
  -1.7056344e-01
  -8.3134305e-01
  -1.7258520e+00
  -3.1720965e+00
  -4.7835813e+00
  -1.1304288e+00
  -3.5660331e+00
  -3.9233613e+00
  -4.7853880e+00
  -4.5199776e+00
  -4.1733494e+00
  -3.7795475e+00
  -2.7216632e+00
  -6.8739438e-01
   5.2237368e-01
   8.2073349e-01
   4.6812683e-01
  -2.5034198e-01
  -1.7170119e-01
  -5.4607517e-01
   6.6025388e-01
   1.3972913e+00
   6.5650749e-01
  -6.3768756e-01
  -9.0413284e-01
   1.2543608e-01
   7.3710811e-01
   3.0136609e-01
  -5.8680415e-01
  -6.5052176e-01
  -8.0781788e-01
  -7.1476161e-02
   2.0329621e-01
   2.2367343e-01
   5.1514745e-02
  -5.1098263e-01
  -9.1362172e-01
  -1.2000256e+00
  -1.5060189e+00
  -1.7489871e+00
  -1.8849528e+00
  -1.8936117e+00
  -1.7800927e+00
  -1.5971490e+00
  -1.4045724e+00
  -1.1894816e+00
  -9.0730041e-01
  -6.5934378e-01
  -6.2194723e-01
  -8.8849866e-01
  -1.4289954e+00
  -2.7121212e+00
  -5.1112227e+00
  -2.5857728e+00
  -2.9320650e+00
  -3.4613938e+00
  -4.2042618e+00
  -4.6202211e+00
  -4.7078614e+00
  -4.5543704e+00
  -3.6250150e+00
  -1.0143399e+00
   1.9191241e-01
   3.2604793e-01
  -1.9020848e-03
  -2.5998166e-01
  -2.7364281e-01
  -7.0986259e-01
  -4.3404870e-02
   8.1749779e-01
   1.1025343e+00
  -6.7693448e-01
  -1.7453196e+00
   1.2709665e-01
   2.1104009e+00
   9.1394371e-01
  -2.3013809e-01
  -1.6367626e-01
  -6.2173662e-01
  -7.6519643e-02
   1.2100413e-01
   2.2146477e-01
   6.0863636e-02
  -4.9917749e-01
  -9.8944962e-01
  -1.4282069e+00
  -1.8972843e+00
  -2.3031064e+00
  -2.6165461e+00
  -2.8349418e+00
  -2.9020833e+00
  -2.8341226e+00
  -2.6980864e+00
  -2.5294341e+00
  -2.2087342e+00
  -1.6620294e+00
  -1.1435464e+00
  -9.7316336e-01
  -1.2407956e+00
  -1.7212264e+00
  -5.4257577e+00
  -3.6256017e+00
  -1.7440058e+00
  -2.9178914e+00
  -3.5320914e+00
  -4.2001722e+00
  -4.5872109e+00
  -4.8513315e+00
  -4.4126871e+00
  -9.6962201e-01
   6.1276432e-02
   7.2539081e-02
  -1.9299456e-02
  -4.2632034e-01
  -5.5574200e-01
  -1.0962468e+00
  -1.3748790e-01
   1.4771027e-01
   8.5833197e-01
  -3.4871372e-01
  -2.2637926e+00
  -8.4537535e-01
   1.7502845e+00
   1.4904784e+00
   2.9692738e-01
  -2.8938990e-01
  -7.5499389e-01
  -3.2417419e-01
  -6.6009812e-02
   1.4883689e-01
   1.4909598e-01
  -2.6715618e-01
  -7.4467799e-01
  -1.2468496e+00
  -1.8153185e+00
  -2.3164548e+00
  -2.7118076e+00
  -3.0308591e+00
  -3.2156576e+00
  -3.2698778e+00
  -3.2143765e+00
  -3.1305739e+00
  -2.9589819e+00
  -2.4180381e+00
  -1.5915896e+00
  -9.3434209e-01
  -1.3179873e+00
  -1.2694074e+00
  -3.7323885e+00
  -2.0893352e+00
  -7.2804752e-01
  -1.9229559e+00
  -2.9128350e+00
  -3.7481790e+00
  -4.4928994e+00
  -5.1873234e+00
  -5.3173936e+00
  -2.1265154e+00
  -1.3915905e-01
   3.8244921e-02
  -3.1579395e-01
  -7.2985623e-01
  -6.4234267e-01
  -1.4192183e+00
  -7.7007237e-01
  -7.8864163e-03
   1.0534288e+00
  -7.4586889e-02
  -2.1392279e+00
  -1.4048223e+00
   1.1158228e+00
   1.7807981e+00
   4.1640610e-01
  -1.2057902e-01
  -1.0650483e+00
  -6.7881763e-01
  -3.6861992e-01
  -1.1001407e-01
   1.2460671e-01
  -1.2222618e-02
  -3.6807790e-01
  -8.6458832e-01
  -1.4911832e+00
  -2.0512490e+00
  -2.4919341e+00
  -2.8569639e+00
  -3.0855079e+00
  -3.2152648e+00
  -3.2551825e+00
  -3.2652161e+00
  -3.2762098e+00
  -2.9347360e+00
  -1.9797786e+00
  -8.7494749e-01
  -5.3910178e-01
  -1.6043409e+00
  -1.6146142e+00
  -7.7777296e-01
  -1.1969684e-01
  -1.1336678e+00
  -2.1829841e+00
  -3.1844020e+00
  -4.2662463e+00
  -5.4157329e+00
  -6.0964136e+00
  -3.6230235e+00
  -5.7028103e-01
   2.7313700e-02
  -5.0502038e-01
  -9.6015531e-01
  -1.2211469e+00
  -2.0652158e+00
  -1.0863479e+00
   2.2420530e-01
   1.2578130e+00
   6.3981426e-01
  -1.7731493e+00
  -1.3621988e+00
   8.3418411e-01
   2.3728707e+00
   6.7585838e-01
   8.8556223e-02
  -8.2866842e-01
  -1.1031017e+00
  -6.9200701e-01
  -4.8586741e-01
  -1.1710748e-01
   8.2667984e-02
  -3.0596534e-02
  -4.3828633e-01
  -1.0650665e+00
  -1.6663882e+00
  -2.1492124e+00
  -2.5297351e+00
  -2.7451975e+00
  -2.8718848e+00
  -2.9812534e+00
  -3.0794995e+00
  -3.2471428e+00
  -3.2393560e+00
  -2.4395938e+00
  -6.8547034e-01
  -6.5511972e-01
  -9.2332494e-01
  -2.4379325e-01
   8.9793921e-02
   3.8804772e-01
  -3.7847108e-01
  -1.3510218e+00
  -2.4136233e+00
  -3.6932721e+00
  -5.2320004e+00
  -6.5557799e+00
  -4.7603469e+00
  -1.2713151e+00
  -1.5993455e-01
  -4.4629735e-01
  -1.0998969e+00
  -1.8275453e+00
  -3.1396241e+00
  -2.9637573e+00
  -7.9717553e-01
   3.0380946e-01
   1.2998762e+00
  -8.5400617e-01
  -8.9969909e-01
   8.0646046e-02
   2.4683983e+00
   8.0949330e-01
   1.9289083e-01
  -5.5573028e-01
  -1.4949041e+00
  -1.0358945e+00
  -8.0756857e-01
  -4.6794874e-01
  -4.2634527e-02
   1.6402860e-01
  -4.0526519e-02
  -5.8034449e-01
  -1.1950787e+00
  -1.7302596e+00
  -2.1334288e+00
  -2.3450956e+00
  -2.4234504e+00
  -2.5099375e+00
  -2.6772689e+00
  -3.0434533e+00
  -3.4515980e+00
  -2.9164513e+00
  -5.0562882e-01
   2.9381000e-01
   6.2987573e-02
   5.5069224e-02
   4.0307884e-01
   6.9022182e-01
   2.3657930e-01
  -5.6832766e-01
  -1.5953840e+00
  -2.9189981e+00
  -4.6392783e+00
  -6.4586093e+00
  -5.5244573e+00
  -1.9097308e+00
  -6.6560290e-01
  -6.0117643e-01
  -1.4592078e+00
  -2.1563966e+00
  -3.7723327e+00
  -3.1507035e+00
  -1.4503014e+00
  -1.7617686e+00
   4.6153200e-01
   2.7162012e-02
  -5.1782560e-01
  -4.3726296e-01
   2.0398717e+00
   1.1282441e+00
   2.2463365e-01
  -4.5926639e-01
  -1.5182865e+00
  -1.3147383e+00
  -9.0532410e-01
  -6.8418592e-01
  -2.6058748e-01
   1.9365644e-01
   2.8101298e-01
  -6.1605617e-02
  -6.0687536e-01
  -1.1608315e+00
  -1.6063294e+00
  -1.8611530e+00
  -1.9375710e+00
  -1.9999127e+00
  -2.2610757e+00
  -2.8786941e+00
  -3.6576908e+00
  -2.9567041e+00
   2.4653226e-02
   1.0309511e+00
   9.9770927e-01
   1.1079761e-01
   3.5494503e-01
   6.5782338e-01
   4.6174455e-01
  -4.2216152e-02
  -9.1504961e-01
  -2.1763027e+00
  -3.9277256e+00
  -6.0288100e+00
  -6.0760803e+00
  -2.2143979e+00
  -1.4861072e+00
  -6.1420631e-01
  -1.5581439e+00
  -2.2472892e+00
  -3.7036486e+00
  -2.9919720e+00
  -1.7802713e+00
  -3.2297313e+00
  -1.1895012e+00
   2.7870888e-01
   3.6470871e-02
  -3.3229420e-01
   9.6344960e-01
   7.3144096e-01
   1.0818737e+00
  -2.0946892e-01
  -1.2653123e+00
  -1.7598172e+00
  -1.1751497e+00
  -6.9276410e-01
  -3.3754957e-01
   1.7648481e-01
   4.9989551e-01
   4.2382634e-01
   4.8384506e-02
  -4.5150509e-01
  -9.1535395e-01
  -1.2265255e+00
  -1.3662262e+00
  -1.5001888e+00
  -1.9128811e+00
  -2.7939959e+00
  -3.7666326e+00
  -2.6044908e+00
   2.3491755e-01
   1.4451489e+00
   1.6465524e+00
   3.1174999e-01
   4.4163141e-01
   6.9488120e-01
   4.7090504e-01
   1.6432209e-01
  -4.6429345e-01
  -1.5024408e+00
  -3.1704140e+00
  -5.3160787e+00
  -6.0768042e+00
  -2.0134072e+00
  -1.9840225e+00
  -8.2652688e-01
  -1.1904500e+00
  -2.2149491e+00
  -3.6238642e+00
  -3.0057795e+00
  -2.3052685e+00
  -2.5941737e+00
  -1.7756487e+00
   5.1495576e-01
   1.1422447e+00
  -4.1822350e-01
   1.0368760e+00
   1.5676917e+00
   1.0837538e+00
  -3.5253477e-01
  -7.9672104e-01
  -1.6878113e+00
  -1.4185150e+00
  -7.5019073e-01
  -1.9766054e-01
   2.9490048e-01
   6.8668813e-01
   7.7371484e-01
   5.7031924e-01
   1.5695752e-01
  -2.7717555e-01
  -5.9038854e-01
  -7.7211487e-01
  -1.0043479e+00
  -1.5880589e+00
  -2.7436440e+00
  -3.7244031e+00
  -1.9486828e+00
   4.8387483e-01
   1.7681645e+00
   1.5695945e+00
   5.6765836e-01
   7.0689034e-01
   9.9299955e-01
   6.6305882e-01
   3.1169099e-01
  -1.8523011e-01
  -9.5684564e-01
  -2.3329098e+00
  -4.4405141e+00
  -6.0957103e+00
  -1.6756170e+00
  -1.3890823e+00
  -1.2093676e+00
  -9.5339036e-01
  -2.2926953e+00
  -3.1996453e+00
  -2.2215939e+00
  -2.4168522e+00
  -2.3287590e+00
  -3.0633092e+00
  -1.1160272e+00
   1.1110365e+00
   1.1455469e+00
   4.5345917e+00
   4.6883149e+00
   1.9621362e-01
  -2.4769504e-01
  -3.0722412e-01
  -9.7421014e-01
  -1.0435673e+00
  -9.2924047e-01
  -7.2585300e-02
   5.5165374e-01
   9.1705239e-01
   1.0360088e+00
   9.1545290e-01
   5.7254410e-01
   2.0829935e-01
  -4.9425565e-02
  -2.0167834e-01
  -4.5745146e-01
  -1.2102673e+00
  -2.6700845e+00
  -3.3105948e+00
  -4.8912415e-01
   7.6081520e-01
   1.9840671e+00
   1.1318973e+00
   6.1970186e-01
   1.0619874e+00
   1.2902077e+00
   1.0974085e+00
   7.1400923e-01
   2.6755291e-01
  -4.0657490e-01
  -1.4730015e+00
  -3.2284167e+00
  -5.3705616e+00
  -1.8957610e+00
  -6.3128424e-01
  -1.2917649e+00
  -1.2299820e+00
  -2.3875685e+00
  -3.1346993e+00
  -1.8462279e+00
  -1.8430015e+00
  -1.2182082e+00
  -3.2277446e+00
  -2.3976092e+00
   2.8695971e-01
   3.4159994e+00
   4.2617226e+00
   3.0030720e+00
  -9.9550976e-03
  -1.1907173e-01
  -1.0819673e-01
  -3.7923666e-01
  -5.3548411e-01
  -9.8454654e-01
  -1.3125370e-01
   6.3771645e-01
   9.8252070e-01
   1.0866486e+00
   1.0506442e+00
   7.8755461e-01
   5.3497544e-01
   3.8384201e-01
   3.0437889e-01
   5.7136748e-02
  -8.1832217e-01
  -2.5289747e+00
  -2.3478714e+00
  -3.6850019e-02
   6.0889534e-01
   1.7936586e+00
   1.1567921e+00
   6.1880670e-01
   1.0158235e+00
   1.2726937e+00
   1.2716473e+00
   1.0830861e+00
   7.9082935e-01
   2.2344328e-01
  -7.0205681e-01
  -2.1281332e+00
  -4.1087749e+00
  -2.4138075e+00
  -1.5058351e-03
  -7.0013921e-01
  -1.1837650e+00
  -1.4773097e+00
  -1.7097730e+00
  -1.0286301e+00
  -3.5335680e-01
  -7.9960876e-01
  -2.6937331e+00
  -3.0192580e+00
   4.8915933e-03
   2.2760121e+00
   8.6905497e-01
  -5.9926525e-01
  -1.4499614e-01
   1.6611442e-02
   1.2324243e-01
  -1.2236455e-01
  -6.5120137e-01
  -1.1995764e+00
  -3.4855121e-01
   4.4424075e-01
   7.9432487e-01
   9.0603578e-01
   1.0044005e+00
   9.3466067e-01
   8.5129267e-01
   8.2919484e-01
   8.2872999e-01
   6.0893595e-01
  -3.3403242e-01
  -2.2338126e+00
  -8.5188109e-01
   5.9336936e-01
   6.4784878e-01
   1.3437630e+00
   1.1237254e+00
   7.0095640e-01
   6.8980384e-01
   1.1396070e+00
   1.2051182e+00
   1.2495475e+00
   1.1493801e+00
   7.9162019e-01
   5.9787855e-02
  -1.0991718e+00
  -2.7826114e+00
  -1.9906571e+00
  -4.9891460e-01
  -2.9101166e-01
  -1.0450016e+00
  -1.1977665e+00
  -1.0225128e+00
  -1.1381384e+00
   2.6884678e-01
  -2.7308723e-01
  -1.7197915e+00
  -1.2450531e+00
  -1.6898766e-01
  -9.6117145e-01
  -6.6509163e-01
  -1.0779535e+00
  -3.1063241e-01
   1.3526656e-01
   5.7961070e-03
  -3.1490722e-01
  -1.0213770e+00
  -1.7285089e+00
  -9.2203307e-01
   3.8500503e-03
   4.9649999e-01
   7.8799987e-01
   1.0482575e+00
   1.1511848e+00
   1.1979368e+00
   1.2780786e+00
   1.3581808e+00
   1.1904603e+00
   2.7957687e-01
  -1.4611783e+00
  -7.0623919e-02
   7.9179871e-01
   5.3336865e-01
   6.4658350e-01
   7.4412954e-01
   5.5801344e-01
   2.5984034e-01
   7.1535897e-01
   1.0761682e+00
   1.2500550e+00
   1.2907128e+00
   1.0984972e+00
   6.4525712e-01
  -2.2572640e-01
  -1.5568912e+00
  -7.3759288e-01
  -4.3986467e-01
  -7.1976948e-01
  -4.2003164e-01
  -6.9019347e-01
  -4.1700616e-01
  -4.0214729e-01
   3.7805825e-01
  -5.0720978e-01
  -1.6824408e+00
  -8.4695131e-01
  -3.3881155e-01
  -1.6393775e+00
  -4.2912841e-01
  -2.7841687e-01
  -5.4620063e-01
   1.8038072e-01
  -1.3401113e-01
   9.2888989e-02
  -7.4854165e-01
  -1.5205674e+00
  -8.7519974e-01
   1.0381285e-01
   6.2187070e-01
   9.3561733e-01
   1.2014961e+00
   1.3287913e+00
   1.4366115e+00
   1.6227179e+00
   1.8115964e+00
   1.7496071e+00
   1.0138669e+00
  -2.4964944e-01
   2.8059274e-01
   7.1087807e-01
   3.7119976e-01
  -9.9319834e-03
   1.8784440e-01
   1.9303545e-01
   2.3846032e-01
   1.2511383e-01
   5.4473174e-01
   1.1684790e+00
   1.2530768e+00
   1.2051080e+00
   9.8498344e-01
   4.5567921e-01
  -3.6115956e-01
   5.6812357e-02
   2.6635352e-01
  -5.3696287e-01
   1.3720796e-01
   3.6372047e-02
  -5.9604853e-01
  -3.7691215e-01
   4.4927233e-01
  -1.6302843e-01
  -1.3680946e+00
  -8.9853817e-01
   9.0782873e-02
  -4.5392403e-01
  -1.2415341e+00
  -9.4497097e-01
  -2.0837883e-01
  -5.7886804e-01
  -3.7323810e-01
  -1.4302144e-01
  -1.9001374e-01
  -8.0614022e-01
  -2.6101577e-01
   2.0931892e-01
   4.3159731e-01
   7.0513483e-01
   1.0133067e+00
   1.1890413e+00
   1.4004581e+00
   1.7665429e+00
   2.1362784e+00
   2.2756317e+00
   1.7468896e+00
   8.9974444e-01
   7.1223381e-01
   8.7887852e-01
   1.0115689e-01
  -2.1226556e-01
  -1.6277752e-01
  -1.6509855e-01
   1.8269040e-02
   9.5808011e-02
   1.1498354e-01
   4.3138387e-01
   1.0134670e+00
   1.1819488e+00
   1.1920653e+00
   9.9342954e-01
   7.3095760e-01
   2.8492099e-01
   5.2558500e-01
   6.8608841e-01
  -1.4578282e-01
   9.7578127e-02
  -4.9277368e-01
  -5.3853226e-01
   5.0780448e-02
   1.8287658e-01
  -6.2520780e-01
  -4.6671956e-01
  -1.8189416e-01
   2.9568396e-01
  -8.4663133e-02
   3.6108385e-01
  -9.8468788e-02
  -6.1284053e-01
  -7.7696961e-01
  -4.3408224e-01
  -3.7796649e-01
  -9.6463513e-01
  -5.1263750e-01
  -9.2084289e-02
  -2.3738807e-01
   3.5117649e-02
   3.9681661e-01
   7.1836269e-01
   1.1224172e+00
   1.6169218e+00
   2.2203903e+00
   2.6059322e+00
   2.2596076e+00
   1.1911181e+00
   8.2533360e-01
   7.6490504e-01
   7.1110368e-02
  -1.5199344e-01
  -2.6367569e-01
  -3.2471648e-01
  -2.2300696e-01
  -8.3130024e-02
   1.2031232e-02
  -5.2662892e-03
   2.8481528e-01
   7.9519290e-01
   1.1383400e+00
   1.2082220e+00
   1.1076182e+00
   8.0230224e-01
   7.9362929e-01
   9.3605250e-01
   4.4929886e-01
   8.1313722e-02
  -1.1273931e-01
  -2.6638308e-01
   1.4760811e-03
   2.0946038e-01
  -1.1825009e-01
   2.2400887e-01
   2.7700517e-01
   1.0242411e+00
   1.2610326e+00
   5.1135069e-01
  -8.1433237e-02
  -3.3610862e-01
  -8.4606987e-01
  -9.2263627e-01
  -1.1827983e+00
  -1.4218955e+00
  -6.7106318e-01
  -3.9897969e-01
  -1.6569557e+00
  -1.2289401e+00
  -9.5266223e-01
  -3.3982998e-01
   4.8005477e-01
   9.2844468e-01
   1.8641087e+00
   2.7395658e+00
   2.2013931e+00
   1.0862435e+00
   1.2779696e+00
   5.4971260e-01
   8.4230185e-02
  -1.3708803e-01
  -3.3791390e-01
  -4.6127304e-01
  -3.9615846e-01
  -1.9706503e-01
  -3.2775787e-01
  -8.6581564e-01
  -5.9799570e-01
  -2.4859603e-02
   6.5802711e-01
   1.0798329e+00
   1.1298679e+00
   1.1438100e+00
   9.2151749e-01
   7.6169974e-01
   4.2340320e-01
   2.4199097e-01
   1.1772388e-01
   6.3841544e-02
   1.2921885e-01
   2.8291863e-01
   1.6462746e-01
   1.8266574e-01
   2.5803664e-01
   6.6036248e-01
   9.5628899e-01
   6.5258992e-01
   2.2654919e-01
   9.5560007e-02
  -1.3910688e-01
  -3.0453786e-01
  -9.4188869e-01
  -1.7110518e+00
  -1.6001738e+00
  -8.7560999e-01
  -1.5551524e+00
  -2.4555335e+00
  -2.7183273e+00
  -1.6498870e+00
   6.0682312e-02
  -2.7026102e-01
  -3.7474468e-01
   1.2705824e+00
   6.5940171e-01
   6.0600203e-01
   5.6328130e-01
   9.8216221e-02
   3.6545862e-02
  -2.2773966e-01
  -4.5727181e-01
  -5.8710158e-01
  -4.8301807e-01
  -2.8996545e-01
  -7.9307538e-01
  -1.2602170e+00
  -1.1854869e+00
  -1.0443685e+00
  -4.9276999e-01
   3.0940381e-01
   4.7126159e-01
   7.1476555e-01
   1.0583235e+00
   7.7840936e-01
   6.4930439e-02
   1.7432186e-01
   1.6183573e-01
   6.4214364e-02
   6.0495917e-02
   1.4756970e-01
   5.3887339e-03
  -4.2223208e-02
   7.1930796e-02
   2.4171236e-01
   4.0131330e-01
   2.9771173e-01
   1.3696310e-02
  -2.6563543e-01
  -6.3850820e-01
  -4.9531808e-01
  -4.7913301e-01
  -4.7397718e-01
  -8.2451040e-01
  -1.1802130e+00
  -9.7555375e-01
  -1.9872887e+00
  -3.1906295e+00
  -3.1240511e+00
  -4.5295721e-01
   2.1336849e+00
   1.2247829e+00
   1.3585804e+00
   2.1782031e+00
   9.2912877e-01
  -9.0436608e-02
  -8.6399503e-03
  -1.3007857e-01
  -2.2810389e-01
  -5.8377302e-01
  -6.9334906e-01
  -5.5225456e-01
  -7.2527438e-01
  -1.5885390e+00
  -7.6861203e-01
  -6.6489041e-01
  -2.3912325e+00
  -2.3829534e+00
  -9.9113899e-01
  -6.7422009e-01
  -3.3048952e-01
   1.3169004e-01
   2.1682303e+00
   5.2970856e-01
  -2.6690570e-01
  -8.8024423e-02
  -1.0379978e-01
  -1.3759732e-01
   4.6022101e-03
  -1.5883547e-01
  -3.0636361e-01
  -2.5758472e-01
  -8.8133126e-02
   2.7725688e-01
   6.4657837e-02
   1.5150610e-01
   1.1905684e-01
  -3.6392584e-01
  -2.5291231e-01
   1.5532253e-02
  -1.8152337e-01
  -3.4114677e-01
  -4.2687234e-01
  -2.9415256e-01
  -3.3608571e-01
  -1.4863331e+00
  -2.7715502e+00
  -2.0334284e+00
   3.0972725e-01
   1.8267736e+00
   1.9767258e+00
   1.2282174e+00
   1.4355290e-01
  -3.6140036e-02
  -2.8922483e-01
  -3.1263220e-01
  -3.3022141e-01
  -8.0440867e-01
  -5.7710683e-01
  -3.9466387e-01
  -1.0050887e+00
  -1.2646259e+00
  -2.8113508e-01
   7.2736228e-01
   5.8433719e-02
  -2.1742349e+00
  -3.0140843e+00
  -2.1311047e+00
  -1.0541507e+00
  -9.3525380e-01
  -2.3584574e-01
   7.4934876e-01
   3.3224884e-01
  -1.7004183e-01
  -2.4258463e-01
  -2.2834997e-01
  -2.8853756e-01
  -3.2514650e-01
  -3.7526053e-01
  -6.2593275e-01
  -3.5939017e-01
   1.3751186e-01
   9.8702163e-02
   1.5029556e-01
   1.1053754e-01
   2.1822746e-01
   3.3018875e-01
   3.1670779e-01
   2.2385018e-01
   9.9140607e-02
  -9.2082530e-02
  -3.5859022e-01
  -6.3718498e-01
  -7.8984225e-01
  -8.8046730e-01
  -9.5939189e-01
  -8.9156389e-01
  -6.8167138e-01
  -5.6194204e-01
  -5.3838968e-01
  -5.1390678e-01
  -5.5156589e-01
  -5.9489125e-01
  -5.3642511e-01
  -4.1704127e-01
  -4.3477196e-01
  -7.7428520e-01
  -1.2660109e+00
  -1.1779377e+00
  -5.5854791e-01
  -1.7426278e-01
   1.6629684e-01
   8.8022268e-01
   2.0701437e+00
   8.8877517e-01
  -7.0738125e-01
  -1.2835829e+00
  -9.1969001e-01
  -1.7389844e-01
   2.1309832e-01
   2.9651675e-01
  -1.3376581e-02
  -1.6821302e-01
  -2.2954066e-01
  -3.3533204e-01
  -4.5575926e-01
  -5.4825932e-01
  -5.3106076e-01
  -2.9376173e-01
   1.0908770e-01
   2.6650503e-01
