   0.0000000e+00
   0.0000000e+00
   0.0000000e+00
   0.0000000e+00
   0.0000000e+00
   0.0000000e+00
   0.0000000e+00
   0.0000000e+00
   0.0000000e+00
   0.0000000e+00
   0.0000000e+00
   0.0000000e+00
   0.0000000e+00
   0.0000000e+00
   0.0000000e+00
   0.0000000e+00
   0.0000000e+00
   0.0000000e+00
   0.0000000e+00
   0.0000000e+00
   0.0000000e+00
   0.0000000e+00
   0.0000000e+00
   0.0000000e+00
   0.0000000e+00
   0.0000000e+00
   3.8757683e-02
   0.0000000e+00
   0.0000000e+00
   0.0000000e+00
   0.0000000e+00
   0.0000000e+00
   0.0000000e+00
   0.0000000e+00
   0.0000000e+00
   0.0000000e+00
   0.0000000e+00
   0.0000000e+00
   0.0000000e+00
   0.0000000e+00
   0.0000000e+00
   0.0000000e+00
   0.0000000e+00
   0.0000000e+00
   0.0000000e+00
   0.0000000e+00
   0.0000000e+00
   0.0000000e+00
   0.0000000e+00
   0.0000000e+00
   0.0000000e+00
   0.0000000e+00
   0.0000000e+00
   0.0000000e+00
   0.0000000e+00
   0.0000000e+00
   1.4459363e-01
   1.1584809e-01
   5.8563941e-02
   1.8204876e-02
   2.8266581e-03
  -1.3824143e-03
  -6.6257557e-03
  -9.0308670e-03
  -6.8296198e-03
  -4.4468392e-04
   4.6961493e-04
  -9.8632504e-04
   1.7283221e-03
   9.0442148e-04
   1.1549465e-03
  -1.8327421e-02
  -2.8009174e-02
   0.0000000e+00
   5.6578144e-02
   5.4657581e-02
   4.0276474e-02
   2.4472399e-02
   1.3045418e-02
   7.3372574e-03
   1.8559371e-03
   7.2313210e-03
   7.0637675e-04
  -9.5335271e-04
   7.0963889e-03
   0.0000000e+00
   0.0000000e+00
   0.0000000e+00
   0.0000000e+00
   0.0000000e+00
   0.0000000e+00
   0.0000000e+00
   0.0000000e+00
   0.0000000e+00
   0.0000000e+00
   0.0000000e+00
   0.0000000e+00
   0.0000000e+00
   0.0000000e+00
   0.0000000e+00
   5.8320147e-03
   8.0227331e-03
   9.8003309e-03
   1.2131199e-02
   4.6232467e-02
   2.9615214e-02
   1.0512695e-02
  -3.7490172e-04
  -1.1953945e-02
  -1.1313175e-02
  -1.0788102e-02
  -6.3592200e-03
  -4.8040044e-03
  -6.4569218e-03
  -8.1069674e-04
  -1.6185229e-03
   4.4282167e-03
  -5.2925694e-04
  -2.5097555e-03
  -9.2325890e-03
  -2.0281341e-02
  -2.0464852e-02
   2.2344579e-02
   8.2755853e-03
   8.7189870e-03
   1.0846235e-02
   1.3462512e-02
   1.6285904e-02
   1.5664298e-02
   1.2624531e-02
   7.0704138e-03
   2.5986864e-03
   5.4963455e-03
   6.4535866e-03
   2.8424306e-03
  -9.2039760e-03
  -1.6035177e-02
  -1.1562829e-02
   3.5409898e-02
   5.2889214e-02
   2.7407475e-02
   1.9986827e-03
   0.0000000e+00
   0.0000000e+00
  -8.6311900e-03
  -1.1709043e-02
  -1.7164308e-02
  -1.9143595e-02
  -1.4670395e-02
  -9.3765113e-03
  -1.2742915e-03
   2.1603369e-04
   5.3660275e-05
  -5.7004434e-03
  -1.3863905e-02
  -2.1186708e-02
  -2.2170885e-02
  -1.9421862e-02
  -1.1874086e-02
  -7.3518427e-03
  -1.0932209e-02
  -1.2862026e-02
  -1.1096193e-02
  -7.4903630e-03
  -5.6791576e-03
  -6.3784658e-03
  -8.0146929e-03
  -1.6139137e-02
  -2.5848629e-02
  -4.0322208e-02
  -7.6897534e-03
   6.8808687e-03
   2.5560949e-03
   3.7407724e-03
   7.7757798e-03
   1.0836690e-02
   1.1079730e-02
   8.1631988e-03
   3.2957767e-03
  -1.5019898e-03
  -6.4675892e-03
  -9.3014007e-03
  -1.1674054e-02
  -1.1089312e-02
  -9.5308498e-03
  -1.0065502e-04
   1.6914509e-02
   2.6309859e-02
   1.7641831e-02
   5.5627112e-03
  -2.0638525e-03
  -6.2852727e-03
  -3.9238978e-02
  -3.5442762e-02
  -3.1535458e-02
  -2.8854825e-02
  -2.5764379e-02
  -0.0000000e+00
   4.2204453e-04
   1.0502960e-03
  -3.4677684e-03
  -1.0108507e-02
  -1.8560469e-02
  -2.1036856e-02
  -1.7999981e-02
  -1.4701498e-02
  -6.7068292e-03
  -6.8131937e-03
  -1.4696792e-02
  -1.7451115e-02
  -1.6905388e-02
  -1.2743994e-02
  -1.2816729e-02
  -1.4641164e-02
  -1.4878096e-02
  -2.5450082e-02
  -4.5640536e-02
  -7.5775741e-02
   0.0000000e+00
   5.7685230e-03
  -8.1385806e-04
  -1.8671312e-03
  -5.0398929e-05
   1.8801476e-03
  -4.5777537e-04
  -5.1530953e-03
  -1.0176518e-02
  -1.6807552e-02
  -2.3479434e-02
  -2.7465899e-02
  -2.6521578e-02
  -2.0834049e-02
  -1.2861449e-02
  -1.4162014e-03
   9.0822326e-03
   9.8512154e-03
   5.5643367e-03
   4.1938601e-05
  -1.5071710e-02
  -3.0653909e-02
  -5.3516812e-02
  -0.0000000e+00
  -2.6435937e-02
  -2.2187778e-02
  -0.0000000e+00
   0.0000000e+00
   1.6755114e-02
   8.1666401e-03
  -8.3347491e-04
  -9.2746485e-03
  -1.6395638e-02
  -1.5131551e-02
  -9.5498022e-03
  -4.8766192e-03
  -2.5768436e-03
  -8.7340111e-03
  -1.7376292e-02
  -2.0241318e-02
  -1.9300584e-02
  -1.7397871e-02
  -1.8308789e-02
  -1.9391384e-02
  -1.9268403e-02
  -2.5036689e-02
  -4.0255826e-02
  -0.0000000e+00
   0.0000000e+00
   7.6951902e-04
  -7.9217991e-03
  -7.2916555e-03
  -6.3384967e-03
  -7.3755761e-03
  -1.0780602e-02
  -1.6547062e-02
  -2.3566464e-02
  -2.9462492e-02
  -3.5040028e-02
  -3.5958908e-02
  -3.1084187e-02
  -2.2586234e-02
  -1.2823514e-02
  -1.1052904e-03
   1.0620992e-02
   8.2445694e-03
   8.4797450e-04
  -9.1068912e-03
  -3.0614095e-02
  -4.7801964e-02
  -0.0000000e+00
   0.0000000e+00
  -0.0000000e+00
  -0.0000000e+00
   0.0000000e+00
   0.0000000e+00
   0.0000000e+00
   1.2786767e-02
   1.1292970e-03
  -7.2714039e-03
  -1.1945874e-02
  -1.3625479e-02
  -5.1479614e-03
  -3.2847167e-03
  -6.9043711e-03
  -1.4016559e-02
  -2.0446513e-02
  -2.1805735e-02
  -2.1281930e-02
  -2.1582447e-02
  -2.1689979e-02
  -2.0814633e-02
  -2.0642579e-02
  -2.0375362e-02
  -1.7874945e-02
  -1.8570868e-02
   0.0000000e+00
  -4.5363604e-03
  -1.2751141e-02
  -1.1645234e-02
  -1.1227590e-02
  -1.4164777e-02
  -1.8950161e-02
  -2.4486694e-02
  -2.8801827e-02
  -3.2005541e-02
  -3.3615697e-02
  -3.1012282e-02
  -2.2953089e-02
  -1.0896916e-02
  -3.6465714e-03
   4.7368533e-03
   1.3702731e-02
   6.5582511e-03
  -2.9890398e-03
  -1.6948782e-02
  -3.5497177e-02
  -4.4483583e-02
  -0.0000000e+00
   0.0000000e+00
   0.0000000e+00
   0.0000000e+00
   0.0000000e+00
   0.0000000e+00
   0.0000000e+00
   2.0660588e-02
   3.2801190e-03
  -5.7046236e-03
  -9.9977907e-03
  -1.0451907e-02
  -5.8759841e-03
  -6.1157960e-03
  -1.1878891e-02
  -1.7609611e-02
  -2.1297872e-02
  -2.2070022e-02
  -2.2153363e-02
  -2.2625197e-02
  -2.2243023e-02
  -2.1454029e-02
  -1.9464413e-02
  -1.5106920e-02
  -5.0079376e-03
  -9.7074282e-03
   0.0000000e+00
  -6.5943231e-03
  -1.4750771e-02
  -1.2847829e-02
  -1.4540108e-02
  -1.9969631e-02
  -2.4337292e-02
  -2.6693560e-02
  -2.6065798e-02
  -2.4681021e-02
  -2.1734925e-02
  -1.8287884e-02
  -7.6249922e-03
   2.4749485e-03
   2.7598960e-03
   7.0855361e-03
   9.7002368e-03
   1.4334748e-03
  -7.6433602e-03
  -2.0144612e-02
  -3.0372575e-02
  -2.9032867e-02
   0.0000000e+00
   0.0000000e+00
   0.0000000e+00
   0.0000000e+00
   0.0000000e+00
   0.0000000e+00
   0.0000000e+00
   1.8819161e-02
  -3.6295969e-06
  -8.5343709e-03
  -1.0114376e-02
  -9.1873296e-03
  -7.0166453e-03
  -8.4777782e-03
  -1.3685428e-02
  -1.8135542e-02
  -1.9865131e-02
  -2.0047776e-02
  -2.0739021e-02
  -2.1682005e-02
  -2.1836415e-02
  -2.0642560e-02
  -1.7247260e-02
  -1.0526661e-02
   2.9313532e-03
   5.2300504e-03
   0.0000000e+00
   0.0000000e+00
  -1.4784202e-02
  -1.3237665e-02
  -1.8003866e-02
  -2.4296897e-02
  -2.6763178e-02
  -2.4356177e-02
  -1.8236283e-02
  -1.0212999e-02
  -8.7545887e-03
  -5.0542369e-03
   1.9013775e-03
   1.4317448e-03
  -2.8833691e-03
  -4.5821664e-04
   2.1851552e-04
  -4.4430993e-03
  -1.0329016e-02
  -1.7457336e-02
  -1.9750182e-02
  -8.1258053e-03
   2.8939255e-02
   0.0000000e+00
   0.0000000e+00
   0.0000000e+00
   0.0000000e+00
   0.0000000e+00
   1.9843616e-02
   1.3869364e-02
  -5.6127744e-03
  -1.2350116e-02
  -1.1728370e-02
  -1.0271837e-02
  -9.4666667e-03
  -9.6525820e-03
  -1.2009963e-02
  -1.5081109e-02
  -1.5486725e-02
  -1.6347056e-02
  -1.7871864e-02
  -1.9390944e-02
  -1.9959917e-02
  -1.8107630e-02
  -1.3176610e-02
  -4.3071737e-03
   1.4159452e-02
   2.6465945e-02
   0.0000000e+00
   0.0000000e+00
  -1.6209468e-02
  -2.4378068e-02
  -3.1879000e-02
  -3.2331042e-02
  -2.7076637e-02
  -1.7081717e-02
  -3.6342843e-03
   1.8955214e-02
   0.0000000e+00
  -0.0000000e+00
   1.3593986e-03
  -6.1600287e-03
  -7.9229092e-03
  -7.0338473e-03
  -5.8902227e-03
  -5.8798222e-03
  -7.3543536e-03
  -8.7927356e-03
  -5.0795428e-03
   1.3905684e-02
   3.7304207e-02
   3.0030876e-02
   0.0000000e+00
   0.0000000e+00
   0.0000000e+00
   0.0000000e+00
   1.9279461e-02
   1.0600561e-02
   1.1349382e-03
  -1.1157908e-02
  -1.0503389e-02
  -9.6324217e-03
  -8.4510911e-03
  -7.1283937e-03
  -7.3193894e-03
  -9.0772072e-03
  -9.9886414e-03
  -1.2247317e-02
  -1.4068818e-02
  -1.6483925e-02
  -1.6714178e-02
  -1.3962968e-02
  -7.6923342e-03
   2.5377804e-03
   2.5603786e-02
   4.4280752e-02
   0.0000000e+00
   0.0000000e+00
   0.0000000e+00
  -3.2401184e-02
  -4.2823844e-02
  -3.6932852e-02
  -2.2924649e-02
  -6.6385712e-03
   1.5142879e-02
   4.2825684e-02
   0.0000000e+00
   0.0000000e+00
  -1.2515754e-02
  -1.0044172e-02
  -1.0507943e-02
  -1.0439988e-02
  -5.6778379e-03
  -1.4860268e-03
   2.8868945e-04
   2.3020015e-03
   8.9943437e-03
   2.7764544e-02
   3.8344022e-02
   2.7856449e-02
   0.0000000e+00
   0.0000000e+00
   0.0000000e+00
   1.4835929e-02
   1.7212644e-02
   9.7269238e-03
  -5.8506054e-03
  -6.3603957e-03
  -7.2428570e-03
  -6.7735370e-03
  -4.8477408e-03
  -2.5060456e-03
  -1.8334857e-03
  -2.8492543e-03
  -5.3657494e-03
  -8.2555525e-03
  -1.0502918e-02
  -1.3356341e-02
  -1.2846985e-02
  -9.1264937e-03
  -2.3323165e-03
   9.0161767e-03
   3.4762334e-02
   5.5769511e-02
   0.0000000e+00
   0.0000000e+00
   0.0000000e+00
  -3.2067211e-02
  -5.2497678e-02
  -3.6124021e-02
  -1.4955822e-02
   4.4481629e-03
   3.4830190e-02
   6.7015063e-02
   0.0000000e+00
   0.0000000e+00
  -1.5036806e-02
  -9.2782034e-03
  -1.3373908e-02
  -1.0603861e-02
  -8.0812932e-04
   5.6885830e-03
   9.4246101e-03
   1.3310974e-02
   2.0498374e-02
   3.3990592e-02
   3.8342181e-02
   3.0243116e-02
   0.0000000e+00
   0.0000000e+00
   0.0000000e+00
   1.6209833e-02
   1.5841151e-02
   6.5697505e-03
  -2.8351537e-04
  -2.0607698e-03
  -4.2345039e-03
  -3.2897890e-03
  -4.3519698e-04
   1.9614415e-03
   2.8893483e-03
   1.6848392e-03
  -2.1545586e-03
  -5.2246003e-03
  -8.0738431e-03
  -1.0929473e-02
  -9.3960509e-03
  -4.8595731e-03
   2.4254757e-03
   1.5337552e-02
   4.1924546e-02
   5.9179705e-02
   0.0000000e+00
   0.0000000e+00
   0.0000000e+00
  -3.4295645e-02
  -6.1925322e-02
  -3.3765275e-02
  -6.8041339e-03
   1.5164942e-02
   5.3889186e-02
   8.6656284e-02
   0.0000000e+00
   0.0000000e+00
  -1.1531172e-02
  -8.5761756e-03
  -1.5062157e-02
  -7.1885703e-03
   6.7640274e-03
   1.4155478e-02
   1.8943991e-02
   2.3300636e-02
   2.8976895e-02
   3.6465946e-02
   3.8625017e-02
   3.3215315e-02
   2.1366208e-02
   0.0000000e+00
   0.0000000e+00
   1.6671840e-02
   1.4260549e-02
   7.9153860e-03
   3.6928416e-03
   4.3522508e-04
  -1.9468504e-03
  -1.4860340e-04
   3.0532398e-03
   4.9184905e-03
   5.5726715e-03
   3.4787296e-03
  -9.7168074e-04
  -4.2410595e-03
  -7.4874638e-03
  -9.5076431e-03
  -6.7232656e-03
  -1.2317463e-03
   7.2552259e-03
   2.2176597e-02
   4.7629002e-02
   5.5006758e-02
   0.0000000e+00
   0.0000000e+00
   0.0000000e+00
  -0.0000000e+00
  -6.8184250e-02
  -3.0073157e-02
   6.0507271e-04
   2.5633467e-02
   6.5994881e-02
   8.0781271e-02
   0.0000000e+00
   0.0000000e+00
  -9.5360511e-03
  -1.5281271e-02
  -1.3585106e-02
  -8.4253470e-04
   1.5063724e-02
   2.2264855e-02
   2.7434632e-02
   3.1304818e-02
   3.4815103e-02
   3.8156252e-02
   4.0443212e-02
   3.4416519e-02
   2.4522347e-02
   2.2766639e-02
   0.0000000e+00
   1.6899530e-02
   1.4098327e-02
   1.0568564e-02
   5.6904992e-03
   9.5864153e-04
  -8.6989673e-04
   1.8185673e-03
   4.8961146e-03
   6.1146468e-03
   5.7846089e-03
   2.6082352e-03
  -2.0263537e-03
  -5.2461885e-03
  -7.9446482e-03
  -8.1394240e-03
  -4.0065316e-03
   2.7975540e-03
   1.2967181e-02
   2.9769829e-02
   5.3338196e-02
   4.3488157e-02
   0.0000000e+00
   0.0000000e+00
   0.0000000e+00
   0.0000000e+00
  -6.4446114e-02
  -2.3317199e-02
   7.7782520e-03
   3.4818910e-02
   7.2163381e-02
   7.6987165e-02
   0.0000000e+00
   0.0000000e+00
  -0.0000000e+00
  -2.9983805e-02
  -0.0000000e+00
   9.2434825e-03
   2.2679266e-02
   2.9224945e-02
   3.4725197e-02
   3.8343150e-02
   4.0345170e-02
   4.1437462e-02
   4.2289730e-02
   3.5584483e-02
   2.6588477e-02
   2.3569201e-02
   1.6968827e-02
   1.6864439e-02
   1.3713769e-02
   1.0621985e-02
   4.4623441e-03
  -5.5415346e-04
  -1.1344878e-03
   1.9813720e-03
   4.8520495e-03
   5.2823471e-03
   3.5320320e-03
  -5.0339004e-04
  -4.5575933e-03
  -7.0191282e-03
  -8.1333620e-03
  -6.0514263e-03
  -5.3032476e-04
   7.7695395e-03
   1.9866798e-02
   3.8791001e-02
   6.3621320e-02
   4.9649982e-02
   0.0000000e+00
   0.0000000e+00
   0.0000000e+00
   0.0000000e+00
  -4.3895243e-02
  -1.2554917e-02
   1.5321669e-02
   4.2680643e-02
   7.6395027e-02
   0.0000000e+00
   0.0000000e+00
   0.0000000e+00
   0.0000000e+00
  -3.7923357e-02
   0.0000000e+00
   2.2775630e-02
   2.9041898e-02
   3.5385098e-02
   4.1712511e-02
   4.5973379e-02
   4.6780095e-02
   4.5685526e-02
   4.2339496e-02
   3.4621906e-02
   2.5606094e-02
   1.8506089e-02
   1.6511316e-02
   1.4619017e-02
   1.0862789e-02
   6.8626050e-03
   5.1491568e-04
  -3.3538544e-03
  -2.5213663e-03
   7.7635399e-04
   3.1925079e-03
   2.5032333e-03
  -6.1119307e-04
  -4.3648686e-03
  -6.9856620e-03
  -7.9338467e-03
  -6.8398928e-03
  -2.5964440e-03
   4.2464277e-03
   1.3967091e-02
   2.7949899e-02
   4.8587162e-02
   6.0023196e-02
   0.0000000e+00
   0.0000000e+00
   0.0000000e+00
   0.0000000e+00
   0.0000000e+00
  -2.1798020e-02
   1.3797381e-04
   2.4133556e-02
   4.9814783e-02
   7.5295530e-02
   7.7146811e-02
   0.0000000e+00
   0.0000000e+00
   0.0000000e+00
  -1.7170522e-02
  -1.7170522e-02
   3.4384749e-02
   3.4478590e-02
   4.1096434e-02
   4.8824813e-02
   5.3637203e-02
   5.2542880e-02
   4.8379835e-02
   3.9293602e-02
   3.0945700e-02
   2.2525799e-02
   1.7795978e-02
   1.4217261e-02
   8.5406834e-03
   4.2259954e-03
   3.6253550e-05
  -4.7868877e-03
  -6.3306321e-03
  -4.2165378e-03
  -1.1133894e-03
   3.0252029e-04
  -1.4036021e-03
  -4.3370882e-03
  -6.4818216e-03
  -7.1160048e-03
  -5.9518907e-03
  -2.7494007e-03
   3.0014431e-03
   1.0806959e-02
   2.1586340e-02
   3.6279067e-02
   5.6154087e-02
   6.0443812e-02
   0.0000000e+00
   0.0000000e+00
   0.0000000e+00
   0.0000000e+00
   0.0000000e+00
   8.7786987e-04
   1.3434194e-02
   3.3302039e-02
   5.3643651e-02
   6.5374844e-02
   3.4324366e-02
   0.0000000e+00
   0.0000000e+00
   0.0000000e+00
  -6.5519226e-03
   1.4315284e-02
   3.9918492e-02
   3.8714532e-02
   4.5656331e-02
   5.4720562e-02
   5.9030235e-02
   5.5096202e-02
   4.7302797e-02
   3.0155601e-02
   2.1945734e-02
   1.5097097e-02
   1.1963146e-02
   6.3843597e-03
  -8.4553729e-04
  -4.7367066e-03
  -7.3806825e-03
  -9.3785292e-03
  -8.5304044e-03
  -5.7551316e-03
  -3.0689621e-03
  -2.3852359e-03
  -3.6525091e-03
  -4.7954167e-03
  -4.5876824e-03
  -2.9163237e-03
   2.9413769e-04
   4.9649123e-03
   1.1303378e-02
   1.9203244e-02
   2.9567240e-02
   4.2692225e-02
   5.5123243e-02
   4.5630768e-02
   0.0000000e+00
   0.0000000e+00
   0.0000000e+00
   0.0000000e+00
   0.0000000e+00
   1.8945439e-02
   2.4782972e-02
   3.9630551e-02
   5.1734075e-02
   5.1519446e-02
   2.2698958e-02
   0.0000000e+00
   0.0000000e+00
   0.0000000e+00
   1.0584458e-02
   2.4746183e-02
   4.0679000e-02
   4.0627539e-02
   4.7094505e-02
   5.5890840e-02
   5.7805218e-02
   4.9509261e-02
   3.8608804e-02
   1.5458610e-02
   8.7518170e-03
   3.7330131e-03
   2.1476748e-03
  -3.2223589e-03
  -9.6441144e-03
  -1.1925665e-02
  -1.2329081e-02
  -1.2122962e-02
  -1.0355989e-02
  -7.6588648e-03
  -5.3730425e-03
  -4.3386412e-03
  -3.6344712e-03
  -2.2845042e-03
   3.1786197e-04
   3.8941577e-03
   8.5829571e-03
   1.4207811e-02
   2.0612214e-02
   2.7643856e-02
   3.5651401e-02
   4.4444390e-02
   4.9041241e-02
   4.1393970e-02
   0.0000000e+00
   0.0000000e+00
   0.0000000e+00
   0.0000000e+00
   0.0000000e+00
   0.0000000e+00
   3.4445348e-02
   4.1544970e-02
   4.6111401e-02
   3.9333951e-02
   1.2726316e-02
   0.0000000e+00
   0.0000000e+00
   0.0000000e+00
   2.1897735e-02
   2.9851303e-02
   3.8807247e-02
   3.9441943e-02
   4.3668911e-02
   5.0034970e-02
   4.7954321e-02
   3.5021164e-02
   2.2667531e-02
   2.6135601e-03
  -1.5598781e-03
  -5.4915370e-03
  -5.5694482e-03
  -9.3749082e-03
  -1.4541892e-02
  -1.5550464e-02
  -1.5133519e-02
  -1.4763705e-02
  -1.3737366e-02
  -1.1888828e-02
  -1.0019417e-02
  -8.0063194e-03
  -5.1688836e-03
  -1.4366366e-03
   3.1929449e-03
   8.1208609e-03
   1.3696727e-02
   1.9942392e-02
   2.6530763e-02
   3.2611214e-02
   3.7649900e-02
   4.0704541e-02
   4.0620390e-02
   3.7944701e-02
   0.0000000e+00
   0.0000000e+00
   0.0000000e+00
   0.0000000e+00
   0.0000000e+00
   0.0000000e+00
   4.1828837e-02
   4.2207390e-02
   4.1547410e-02
   3.2913469e-02
   1.4518236e-02
   0.0000000e+00
   0.0000000e+00
   0.0000000e+00
   2.7061778e-02
   2.7493125e-02
   3.4245521e-02
   3.5497282e-02
   3.6709916e-02
   4.0419504e-02
   3.4709241e-02
   1.8797370e-02
   7.0720566e-03
  -4.3447725e-03
  -5.9087700e-03
  -1.0546684e-02
  -9.6902223e-03
  -1.2182748e-02
  -1.6779050e-02
  -1.8335734e-02
  -1.9108236e-02
  -1.9813010e-02
  -1.9885458e-02
  -1.9013781e-02
  -1.7391007e-02
  -1.4621698e-02
  -1.0569868e-02
  -5.5708592e-03
   7.8206998e-05
   5.7613323e-03
   1.1637073e-02
   1.7658656e-02
   2.3545206e-02
   2.8088233e-02
   3.0576382e-02
   3.0250110e-02
   2.7908411e-02
   9.6191447e-03
   0.0000000e+00
   0.0000000e+00
   0.0000000e+00
   0.0000000e+00
   0.0000000e+00
   5.8113004e-02
   4.9373969e-02
   4.3065391e-02
   3.9804507e-02
   2.9739421e-02
   0.0000000e+00
   0.0000000e+00
   0.0000000e+00
   0.0000000e+00
   2.8838490e-02
   2.1532360e-02
   2.6090270e-02
   2.9579597e-02
   2.9227722e-02
   3.2924656e-02
   2.4360018e-02
   6.8310471e-03
  -3.2385569e-03
  -5.9559634e-03
  -5.0716535e-03
  -1.2672732e-02
  -1.1599792e-02
  -1.2669518e-02
  -1.6747663e-02
  -1.9112375e-02
  -2.0917321e-02
  -2.2362625e-02
  -2.3032112e-02
  -2.2736108e-02
  -2.1346342e-02
  -1.8605793e-02
  -1.4632826e-02
  -9.8622702e-03
  -4.6160175e-03
   7.4177654e-04
   5.9949099e-03
   1.0830276e-02
   1.4840110e-02
   1.7125452e-02
   1.7232046e-02
   1.5701279e-02
   1.3529202e-02
   3.3685076e-03
   0.0000000e+00
   0.0000000e+00
   0.0000000e+00
   0.0000000e+00
   1.9388662e-02
   4.7575507e-02
   4.9219850e-02
   4.0158376e-02
   3.6668312e-02
   2.4962954e-02
   0.0000000e+00
   0.0000000e+00
   0.0000000e+00
   0.0000000e+00
   0.0000000e+00
   1.5318808e-02
   1.6006066e-02
   2.0328104e-02
   2.1118911e-02
   3.1330686e-02
   1.9806953e-02
   5.0369144e-04
  -8.1175342e-03
  -4.6430785e-03
  -1.2760888e-03
  -1.1607089e-02
  -1.0544217e-02
  -8.9799288e-03
  -1.1536519e-02
  -1.3446050e-02
  -1.5019547e-02
  -1.6362617e-02
  -1.7017557e-02
  -1.6810287e-02
  -1.5642028e-02
  -1.3394819e-02
  -1.0282750e-02
  -6.7102964e-03
  -2.8505310e-03
   1.1884750e-03
   5.0075731e-03
   8.1954645e-03
   1.0228537e-02
   1.0504785e-02
   8.3494560e-03
   4.6931939e-03
   1.3624403e-03
  -2.0315436e-03
   0.0000000e+00
   0.0000000e+00
   0.0000000e+00
   0.0000000e+00
   1.6959594e-02
   4.2670382e-02
   4.0710398e-02
   3.0158503e-02
   2.7488676e-02
   1.8014558e-02
   0.0000000e+00
   0.0000000e+00
   0.0000000e+00
   0.0000000e+00
   0.0000000e+00
   1.1087996e-02
   7.5972504e-03
   8.5007521e-03
   1.4227640e-02
   3.8895698e-02
   1.9967901e-02
  -1.4581192e-03
  -9.0781144e-03
  -4.0753497e-03
   0.0000000e+00
  -0.0000000e+00
  -0.0000000e+00
  -3.4638183e-03
  -4.3354108e-03
  -5.2620315e-03
  -6.1821339e-03
  -7.0835134e-03
  -7.4366862e-03
  -7.0026290e-03
  -5.7444370e-03
  -3.6604719e-03
  -9.6067519e-04
   1.9570128e-03
   4.9863792e-03
   8.1584099e-03
   1.1104802e-02
   1.3302887e-02
   1.4051488e-02
   1.2580199e-02
   7.5313663e-03
  -9.6507446e-05
  -7.0598355e-03
  -9.4601431e-03
   0.0000000e+00
   0.0000000e+00
   0.0000000e+00
   1.7607242e-03
   1.5764642e-02
   3.6019653e-02
   3.0380875e-02
   2.3153199e-02
   2.1520094e-02
   1.4412713e-02
   0.0000000e+00
   0.0000000e+00
   0.0000000e+00
   0.0000000e+00
   0.0000000e+00
   1.4213299e-02
   3.0661538e-03
  -1.6461074e-03
  -3.4198978e-03
   4.7930765e-02
   2.4934645e-02
  -5.9149698e-04
  -7.6656412e-03
  -0.0000000e+00
   0.0000000e+00
   0.0000000e+00
  -0.0000000e+00
  -2.6290653e-03
  -3.0326793e-03
  -3.5648995e-03
  -4.1016485e-03
  -4.4450663e-03
  -4.2471891e-03
  -3.2028278e-03
  -1.2271307e-03
   1.5336773e-03
   4.9420848e-03
   8.6366628e-03
   1.2269683e-02
   1.5788250e-02
   1.8918923e-02
   2.0764478e-02
   2.0208370e-02
   1.6376782e-02
   7.5498153e-03
  -5.2131137e-03
  -1.4063993e-02
  -1.9000400e-02
  -3.9855258e-02
  -3.9855258e-02
   0.0000000e+00
  -9.6781878e-04
   1.0705900e-02
   2.4064816e-02
   2.0407538e-02
   0.0000000e+00
   0.0000000e+00
   0.0000000e+00
   0.0000000e+00
   0.0000000e+00
   0.0000000e+00
   0.0000000e+00
   0.0000000e+00
   0.0000000e+00
  -2.3113794e-03
  -1.0177448e-02
  -0.0000000e+00
   4.9589611e-02
   2.9094364e-02
   2.1845147e-03
  -5.3738492e-03
  -0.0000000e+00
   0.0000000e+00
   0.0000000e+00
  -8.8030169e-03
  -8.6524822e-03
  -1.0390114e-02
  -1.2123717e-02
  -1.3583537e-02
  -1.4302857e-02
  -1.4096191e-02
  -1.2645601e-02
  -9.8093012e-03
  -5.8236429e-03
  -9.4785634e-04
   4.5309677e-03
   9.9381395e-03
   1.4834013e-02
   1.9005938e-02
   2.1381924e-02
   2.0611838e-02
   1.5881022e-02
   5.5046733e-03
  -1.3421604e-02
  -2.0896604e-02
  -1.8112598e-02
  -2.1006844e-02
  -2.5273671e-02
  -1.8900790e-02
  -8.3229509e-03
  -2.5579706e-03
   6.6768001e-03
   1.0621790e-02
   0.0000000e+00
   0.0000000e+00
   0.0000000e+00
   0.0000000e+00
   0.0000000e+00
   0.0000000e+00
   0.0000000e+00
   0.0000000e+00
   0.0000000e+00
  -9.7342542e-03
  -1.8518865e-02
  -0.0000000e+00
   0.0000000e+00
   2.7289881e-02
   5.3000627e-03
  -3.6062467e-03
   0.0000000e+00
   0.0000000e+00
   0.0000000e+00
  -1.1296901e-02
  -1.5766954e-02
  -1.9855995e-02
  -2.4458082e-02
  -2.8875677e-02
  -3.2279484e-02
  -3.4253810e-02
  -3.4458812e-02
  -3.2692771e-02
  -2.9002702e-02
  -2.3753561e-02
  -1.7220626e-02
  -1.0009041e-02
  -2.9085875e-03
   3.8528291e-03
   9.5421001e-03
   1.2663241e-02
   1.1933019e-02
   5.9214924e-03
  -1.8787974e-02
  -2.9600158e-02
  -1.5290574e-02
  -1.6378427e-02
  -2.3294328e-02
  -2.1184668e-02
  -1.9223761e-02
  -1.8521331e-02
  -1.1524451e-02
  -2.1501921e-03
   0.0000000e+00
   0.0000000e+00
   0.0000000e+00
   0.0000000e+00
   0.0000000e+00
   0.0000000e+00
   0.0000000e+00
   0.0000000e+00
   0.0000000e+00
  -1.9013786e-02
  -2.5218192e-02
  -0.0000000e+00
   0.0000000e+00
   2.4125516e-02
   9.2223939e-03
  -1.6450992e-03
   0.0000000e+00
   0.0000000e+00
   0.0000000e+00
  -1.0183244e-02
  -1.7312907e-02
  -2.2853266e-02
  -2.9886533e-02
  -3.7355386e-02
  -4.4168632e-02
  -4.9676593e-02
  -5.3544354e-02
  -5.5533588e-02
  -5.5208590e-02
  -5.2536476e-02
  -4.7700461e-02
  -4.0736839e-02
  -3.2341704e-02
  -2.2716114e-02
  -1.1893233e-02
  -1.6328425e-03
   5.2239695e-03
   7.6564965e-03
  -1.7064368e-02
  -4.0384081e-02
  -2.4086589e-02
  -2.5462434e-02
  -2.6855106e-02
  -2.6151735e-02
  -2.7407849e-02
  -3.0071113e-02
  -2.5763543e-02
  -1.4194241e-02
   0.0000000e+00
   0.0000000e+00
   0.0000000e+00
   0.0000000e+00
   0.0000000e+00
   0.0000000e+00
   0.0000000e+00
   0.0000000e+00
   0.0000000e+00
  -4.5033355e-02
  -2.8544250e-02
  -0.0000000e+00
   0.0000000e+00
   2.3048378e-02
   1.3562731e-02
   0.0000000e+00
   0.0000000e+00
   0.0000000e+00
   6.8347097e-03
  -5.7813231e-03
  -1.3838271e-02
  -1.9158533e-02
  -2.6358366e-02
  -3.4444481e-02
  -4.2304236e-02
  -4.9398534e-02
  -5.5609774e-02
  -6.0790256e-02
  -6.4335383e-02
  -6.5801598e-02
  -6.4978689e-02
  -6.1423190e-02
  -5.5178393e-02
  -4.6149101e-02
  -3.3303041e-02
  -1.7395372e-02
  -3.3585224e-03
   5.6677091e-03
   1.2493268e-02
  -4.0789373e-02
  -2.7417324e-02
  -2.7254310e-02
  -2.8014131e-02
  -2.8298365e-02
  -3.2236479e-02
  -3.7750185e-02
  -3.8221691e-02
  -2.7046814e-02
   0.0000000e+00
   0.0000000e+00
   0.0000000e+00
   0.0000000e+00
   0.0000000e+00
   0.0000000e+00
   0.0000000e+00
   0.0000000e+00
   0.0000000e+00
  -2.7649352e-02
  -2.3597339e-02
   0.0000000e+00
   0.0000000e+00
   0.0000000e+00
   0.0000000e+00
   0.0000000e+00
   0.0000000e+00
   0.0000000e+00
   1.1217925e-02
  -1.0186518e-03
  -8.9283036e-03
  -1.2255264e-02
  -1.7305473e-02
  -2.3600990e-02
  -3.0084154e-02
  -3.6474135e-02
  -4.2812038e-02
  -4.8849892e-02
  -5.4296687e-02
  -5.8857117e-02
  -6.1970815e-02
  -6.3230224e-02
  -6.1800323e-02
  -5.6991223e-02
  -4.6822336e-02
  -2.9707648e-02
  -1.0568414e-02
  -4.9816413e-04
   0.0000000e+00
  -2.6091466e-02
  -2.3924049e-02
  -2.3909818e-02
  -2.5521925e-02
  -2.7800011e-02
  -3.3920404e-02
  -4.2663999e-02
  -5.1351521e-02
  -4.5114010e-02
   0.0000000e+00
   0.0000000e+00
   0.0000000e+00
   0.0000000e+00
   0.0000000e+00
   0.0000000e+00
   0.0000000e+00
   0.0000000e+00
   0.0000000e+00
  -1.2229667e-02
  -1.5772527e-02
   0.0000000e+00
   0.0000000e+00
   0.0000000e+00
   0.0000000e+00
   0.0000000e+00
   0.0000000e+00
   1.3181066e-02
   1.6002499e-02
   1.7364668e-03
  -4.5976876e-03
  -5.0101141e-03
  -7.1929162e-03
  -1.1442013e-02
  -1.6617516e-02
  -2.2335850e-02
  -2.8466154e-02
  -3.4529202e-02
  -4.0095855e-02
  -4.5137223e-02
  -4.9523618e-02
  -5.3307947e-02
  -5.6169771e-02
  -5.6774270e-02
  -5.1601816e-02
  -3.6470514e-02
  -1.4397074e-02
  -2.2841640e-03
   0.0000000e+00
  -8.9180152e-03
  -1.8313773e-02
  -1.9783512e-02
  -2.1685749e-02
  -2.4919888e-02
  -3.2134049e-02
  -4.4020563e-02
  -6.1845928e-02
  -6.6516362e-02
   0.0000000e+00
   0.0000000e+00
   0.0000000e+00
   0.0000000e+00
   0.0000000e+00
   0.0000000e+00
   0.0000000e+00
   0.0000000e+00
   0.0000000e+00
  -1.6834171e-02
  -1.8859102e-02
  -1.8913709e-02
   0.0000000e+00
   0.0000000e+00
   0.0000000e+00
   0.0000000e+00
   0.0000000e+00
   1.2522760e-02
   1.4924935e-02
   4.2133240e-03
  -1.1030923e-03
   1.1161603e-04
   3.5919860e-04
  -2.0748216e-03
  -6.2691611e-03
  -1.1632812e-02
  -1.7790165e-02
  -2.3950871e-02
  -2.9406382e-02
  -3.3884026e-02
  -3.7653271e-02
  -4.1433766e-02
  -4.5959737e-02
  -5.0772004e-02
  -5.1534697e-02
  -4.0972404e-02
  -1.7922799e-02
  -0.0000000e+00
   0.0000000e+00
   3.0845334e-03
  -1.2767822e-02
  -1.5364999e-02
  -1.6837556e-02
  -2.0360572e-02
  -2.7974138e-02
  -4.1441966e-02
  -6.4243130e-02
  -8.2092095e-02
   0.0000000e+00
   0.0000000e+00
   0.0000000e+00
   0.0000000e+00
   0.0000000e+00
   0.0000000e+00
   0.0000000e+00
   0.0000000e+00
   6.0759796e-03
  -1.6955060e-02
  -2.2372613e-02
  -2.0823141e-02
  -0.0000000e+00
   0.0000000e+00
   0.0000000e+00
   0.0000000e+00
   0.0000000e+00
   0.0000000e+00
   6.7750235e-03
   6.6037765e-03
   2.8258361e-03
   3.7370943e-03
   5.6327810e-03
   4.7790864e-03
   1.5726099e-03
  -3.5693923e-03
  -1.0212189e-02
  -1.6999677e-02
  -2.3051552e-02
  -2.7549502e-02
  -3.0611318e-02
  -3.3367407e-02
  -3.7539184e-02
  -4.4301353e-02
  -4.9593866e-02
  -4.5149717e-02
  -2.3825573e-02
   0.0000000e+00
   3.7165754e-02
   9.7772321e-03
  -8.1493529e-03
  -1.1471259e-02
  -1.2062468e-02
  -1.5445182e-02
  -2.2372933e-02
  -3.5349455e-02
  -5.7397772e-02
  -8.0026886e-02
  -7.7204203e-02
   0.0000000e+00
   0.0000000e+00
   0.0000000e+00
   0.0000000e+00
   0.0000000e+00
   0.0000000e+00
   0.0000000e+00
   4.8883460e-03
  -1.4515909e-02
  -2.6430974e-02
  -2.4130296e-02
  -0.0000000e+00
   0.0000000e+00
   0.0000000e+00
   0.0000000e+00
   0.0000000e+00
   0.0000000e+00
  -1.4766592e-03
  -5.8693757e-04
   4.9286627e-03
   7.4166791e-03
   1.0333231e-02
   1.0600258e-02
   8.4781422e-03
   3.8517786e-03
  -3.2770518e-03
  -1.1091902e-02
  -1.8347000e-02
  -2.3727938e-02
  -2.6925283e-02
  -2.9384230e-02
  -3.3484604e-02
  -4.1462789e-02
  -4.9793316e-02
  -4.9333671e-02
  -2.5875101e-02
   0.0000000e+00
   4.5625374e-02
   1.3021354e-02
  -4.6845807e-03
  -7.3848166e-03
  -7.6693460e-03
  -1.0361084e-02
  -1.5865935e-02
  -2.6852629e-02
  -4.6697816e-02
  -7.0661849e-02
  -6.9826101e-02
   0.0000000e+00
   0.0000000e+00
   0.0000000e+00
  -3.5813953e-02
  -3.5813953e-02
   0.0000000e+00
   0.0000000e+00
   7.2838480e-03
  -1.4518744e-02
  -3.0221939e-02
  -3.2372266e-02
   0.0000000e+00
   0.0000000e+00
   0.0000000e+00
   0.0000000e+00
   0.0000000e+00
   0.0000000e+00
  -3.3271866e-03
  -2.1794064e-03
   7.2349086e-03
   1.2577311e-02
   1.6250644e-02
   1.6767830e-02
   1.5121470e-02
   1.0991487e-02
   3.8551223e-03
  -4.8476774e-03
  -1.3288954e-02
  -1.9668650e-02
  -2.3359474e-02
  -2.5953997e-02
  -3.0499158e-02
  -4.0595241e-02
  -5.3146407e-02
  -5.1534876e-02
  -0.0000000e+00
   0.0000000e+00
   0.0000000e+00
   1.3964948e-02
   1.4872934e-03
  -1.0099872e-03
  -3.6464552e-03
  -5.8039459e-03
  -9.8542180e-03
  -1.8051188e-02
  -3.5651505e-02
  -6.3575365e-02
  -6.8814222e-02
   0.0000000e+00
   0.0000000e+00
   0.0000000e+00
  -3.2238151e-02
  -3.4693652e-02
  -2.6276103e-02
  -3.0109506e-03
   9.1408738e-03
  -1.1916559e-02
  -3.3065226e-02
   0.0000000e+00
   0.0000000e+00
   0.0000000e+00
   0.0000000e+00
   0.0000000e+00
   0.0000000e+00
   0.0000000e+00
  -0.0000000e+00
  -6.2051128e-03
   8.9703992e-03
   1.9662192e-02
   2.5170571e-02
   2.5656207e-02
   2.3111011e-02
   1.8303953e-02
   1.0830963e-02
   1.2222527e-03
  -8.4792682e-03
  -1.5901193e-02
  -2.0013609e-02
  -2.2264562e-02
  -2.6489096e-02
  -3.8766596e-02
  -5.7581656e-02
  -5.5117726e-02
  -0.0000000e+00
   0.0000000e+00
   0.0000000e+00
   0.0000000e+00
   0.0000000e+00
   7.3096880e-03
   4.4464464e-03
  -1.5142012e-03
  -4.7939638e-03
  -1.0429762e-02
  -2.4901909e-02
  -5.3933215e-02
  -5.6372252e-02
  -1.9654375e-02
   0.0000000e+00
  -8.6762878e-03
  -1.9407293e-02
  -3.1599238e-02
  -1.9114498e-02
  -3.4491586e-03
   6.4672176e-03
   0.0000000e+00
   0.0000000e+00
   0.0000000e+00
   0.0000000e+00
   0.0000000e+00
   0.0000000e+00
   0.0000000e+00
   0.0000000e+00
   0.0000000e+00
   0.0000000e+00
  -1.2513280e-02
   4.9987715e-03
   2.3054631e-02
   3.5066888e-02
   3.7751667e-02
   3.4556229e-02
   2.7715757e-02
   1.8631484e-02
   7.3667876e-03
  -4.2280937e-03
  -1.3140696e-02
  -1.7811595e-02
  -1.9312056e-02
  -2.2025920e-02
  -3.4888461e-02
  -6.1198819e-02
  -5.5635277e-02
   0.0000000e+00
   0.0000000e+00
   0.0000000e+00
   0.0000000e+00
   0.0000000e+00
   2.1085501e-02
   1.6114932e-02
   4.4068526e-03
   1.3496846e-04
  -3.4952268e-03
  -1.4714121e-02
  -4.3031789e-02
  -5.2390489e-02
  -0.0000000e+00
  -1.9741718e-03
  -1.1233472e-02
  -1.5771786e-02
  -2.6306773e-02
  -0.0000000e+00
  -1.7468375e-03
   4.6217441e-03
   0.0000000e+00
   0.0000000e+00
   0.0000000e+00
   0.0000000e+00
   0.0000000e+00
   0.0000000e+00
   0.0000000e+00
   0.0000000e+00
   0.0000000e+00
   0.0000000e+00
  -0.0000000e+00
   2.8960363e-04
   1.5532914e-02
   3.8815435e-02
   4.7199450e-02
   4.6932414e-02
   3.9815210e-02
   2.8983174e-02
   1.5072281e-02
   4.4224143e-04
  -1.0623205e-02
  -1.6197279e-02
  -1.6978391e-02
  -1.7574193e-02
  -2.8531486e-02
  -6.2148653e-02
  -6.1467377e-02
   0.0000000e+00
   0.0000000e+00
   0.0000000e+00
   0.0000000e+00
   0.0000000e+00
   0.0000000e+00
   1.8190655e-02
   1.0321779e-02
   6.0702502e-03
   2.7733049e-03
  -4.4500828e-03
  -3.1441778e-02
  -5.4072812e-02
   0.0000000e+00
  -0.0000000e+00
  -1.5367457e-02
  -1.2601134e-02
  -1.7179881e-02
   0.0000000e+00
   0.0000000e+00
   0.0000000e+00
   0.0000000e+00
   0.0000000e+00
   0.0000000e+00
   0.0000000e+00
   0.0000000e+00
   0.0000000e+00
   0.0000000e+00
   0.0000000e+00
   0.0000000e+00
   0.0000000e+00
   0.0000000e+00
  -1.3851517e-02
  -6.6010274e-03
   2.5108028e-02
   4.3668348e-02
   5.1621415e-02
   4.9228154e-02
   3.9432947e-02
   2.4247358e-02
   6.3685570e-03
  -7.6751541e-03
  -1.4375810e-02
  -1.3967989e-02
  -1.2341921e-02
  -1.9408530e-02
  -5.1565990e-02
  -0.0000000e+00
   0.0000000e+00
   0.0000000e+00
   0.0000000e+00
   0.0000000e+00
   0.0000000e+00
   0.0000000e+00
   0.0000000e+00
   1.3105967e-02
   1.0104824e-02
   7.5555233e-03
   4.7762608e-03
  -1.6666234e-02
  -3.9177118e-02
   0.0000000e+00
   0.0000000e+00
  -0.0000000e+00
  -0.0000000e+00
  -6.3167364e-03
   0.0000000e+00
   0.0000000e+00
  -1.7156139e-03
  -3.0273457e-03
  -0.0000000e+00
   0.0000000e+00
   0.0000000e+00
   0.0000000e+00
   0.0000000e+00
   0.0000000e+00
   0.0000000e+00
   0.0000000e+00
   0.0000000e+00
   0.0000000e+00
   0.0000000e+00
  -4.4887359e-02
  -1.2437746e-02
   2.1129979e-02
   4.1218847e-02
   4.7622152e-02
   4.2592667e-02
   2.9809246e-02
   1.1653156e-02
  -4.2583770e-03
  -1.1770390e-02
  -1.0176600e-02
  -5.9895641e-03
  -7.6984693e-03
  -2.9394103e-02
  -0.0000000e+00
   0.0000000e+00
   0.0000000e+00
   0.0000000e+00
   0.0000000e+00
   0.0000000e+00
   0.0000000e+00
   0.0000000e+00
   0.0000000e+00
   0.0000000e+00
   1.1068614e-02
   1.1280682e-02
  -1.5867169e-03
  -1.7264633e-02
  -0.0000000e+00
   0.0000000e+00
   0.0000000e+00
   0.0000000e+00
   0.0000000e+00
  -1.6594304e-02
  -7.3276684e-03
  -7.2164429e-04
  -7.3327945e-04
  -0.0000000e+00
   0.0000000e+00
   0.0000000e+00
   0.0000000e+00
   0.0000000e+00
   0.0000000e+00
   0.0000000e+00
   0.0000000e+00
   0.0000000e+00
   0.0000000e+00
   0.0000000e+00
  -7.4836467e-02
  -5.2342054e-02
  -5.6835748e-03
   2.4620205e-02
   3.9570846e-02
   3.9567087e-02
   3.0234138e-02
   1.4293450e-02
  -1.3581673e-03
  -8.5988035e-03
  -6.2363241e-03
   1.9194405e-04
   3.0845539e-03
  -6.2516937e-03
  -0.0000000e+00
   0.0000000e+00
   0.0000000e+00
   0.0000000e+00
   0.0000000e+00
   0.0000000e+00
   0.0000000e+00
   0.0000000e+00
   0.0000000e+00
   0.0000000e+00
   2.1443411e-04
   1.0416587e-02
   6.4014620e-03
  -6.8962360e-03
  -0.0000000e+00
   0.0000000e+00
   0.0000000e+00
   0.0000000e+00
  -1.4527947e-02
  -1.5326251e-02
  -7.0254798e-03
   1.9595419e-03
   0.0000000e+00
  -0.0000000e+00
   0.0000000e+00
   0.0000000e+00
   0.0000000e+00
   0.0000000e+00
   0.0000000e+00
   0.0000000e+00
   0.0000000e+00
   0.0000000e+00
   0.0000000e+00
   0.0000000e+00
  -8.2997932e-02
  -7.0547104e-02
  -2.4485637e-02
   1.1821166e-02
   3.3582333e-02
   3.7514474e-02
   3.0125942e-02
   1.5948124e-02
   2.8010784e-04
  -6.5302453e-03
  -2.4879968e-03
   6.9540055e-03
   1.3379182e-02
   9.5678369e-03
   0.0000000e+00
   0.0000000e+00
   0.0000000e+00
   0.0000000e+00
   0.0000000e+00
   0.0000000e+00
   0.0000000e+00
   0.0000000e+00
   0.0000000e+00
  -3.2307358e-02
  -1.6582165e-02
   5.0823679e-03
   1.0994185e-02
   1.4832576e-03
  -0.0000000e+00
   0.0000000e+00
   0.0000000e+00
   0.0000000e+00
  -0.0000000e+00
  -0.0000000e+00
  -0.0000000e+00
   0.0000000e+00
   0.0000000e+00
   0.0000000e+00
   0.0000000e+00
   0.0000000e+00
   0.0000000e+00
   0.0000000e+00
   0.0000000e+00
   0.0000000e+00
   0.0000000e+00
   0.0000000e+00
   0.0000000e+00
   0.0000000e+00
  -6.8711364e-02
  -6.1254781e-02
  -3.6725990e-02
   1.5296524e-03
   3.1641081e-02
   3.7407015e-02
   2.9962830e-02
   1.5492744e-02
  -5.9700070e-04
  -6.2285266e-03
  -2.3484719e-04
   1.1531637e-02
   2.1903792e-02
   1.8348685e-02
   0.0000000e+00
   0.0000000e+00
   0.0000000e+00
   0.0000000e+00
   0.0000000e+00
   0.0000000e+00
   0.0000000e+00
   0.0000000e+00
   0.0000000e+00
  -2.5936859e-02
  -1.6199928e-02
   2.1817000e-03
   1.2878899e-02
   1.5334030e-02
   0.0000000e+00
  -0.0000000e+00
   0.0000000e+00
   0.0000000e+00
   0.0000000e+00
   0.0000000e+00
   0.0000000e+00
   0.0000000e+00
   0.0000000e+00
   0.0000000e+00
   0.0000000e+00
   0.0000000e+00
   0.0000000e+00
   0.0000000e+00
   0.0000000e+00
   0.0000000e+00
   0.0000000e+00
   0.0000000e+00
   0.0000000e+00
   0.0000000e+00
  -6.3988699e-02
  -5.2549906e-02
  -3.6099450e-02
  -1.8370974e-02
   2.2640454e-02
   3.0322690e-02
   2.5890475e-02
   1.1687693e-02
  -1.7319735e-03
  -9.3944144e-03
  -1.8173093e-03
   1.1786361e-02
   2.9616106e-02
   0.0000000e+00
   0.0000000e+00
   0.0000000e+00
   0.0000000e+00
   0.0000000e+00
   0.0000000e+00
   0.0000000e+00
   0.0000000e+00
   0.0000000e+00
  -0.0000000e+00
  -0.0000000e+00
  -0.0000000e+00
  -3.9767834e-03
   8.8121174e-03
   7.7640156e-03
   0.0000000e+00
  -0.0000000e+00
   0.0000000e+00
   0.0000000e+00
   0.0000000e+00
   0.0000000e+00
   0.0000000e+00
   0.0000000e+00
   0.0000000e+00
   0.0000000e+00
   0.0000000e+00
   0.0000000e+00
   0.0000000e+00
   0.0000000e+00
   0.0000000e+00
   0.0000000e+00
   0.0000000e+00
   0.0000000e+00
   0.0000000e+00
   0.0000000e+00
  -0.0000000e+00
  -0.0000000e+00
  -0.0000000e+00
  -0.0000000e+00
  -1.0460938e-02
   4.2856653e-03
   2.0827441e-02
   0.0000000e+00
   0.0000000e+00
  -0.0000000e+00
  -0.0000000e+00
   0.0000000e+00
   0.0000000e+00
   0.0000000e+00
   0.0000000e+00
   0.0000000e+00
   0.0000000e+00
   0.0000000e+00
   0.0000000e+00
   0.0000000e+00
   0.0000000e+00
   0.0000000e+00
  -0.0000000e+00
  -0.0000000e+00
   0.0000000e+00
  -0.0000000e+00
  -0.0000000e+00
   0.0000000e+00
  -4.0769466e-02
  -2.4506783e-02
   0.0000000e+00
   0.0000000e+00
   0.0000000e+00
   0.0000000e+00
   0.0000000e+00
   0.0000000e+00
   0.0000000e+00
   0.0000000e+00
   0.0000000e+00
   0.0000000e+00
   0.0000000e+00
   0.0000000e+00
   0.0000000e+00
   0.0000000e+00
   0.0000000e+00
   0.0000000e+00
   0.0000000e+00
   0.0000000e+00
   0.0000000e+00
   0.0000000e+00
   0.0000000e+00
   0.0000000e+00
   0.0000000e+00
  -0.0000000e+00
   0.0000000e+00
   0.0000000e+00
   0.0000000e+00
   0.0000000e+00
   0.0000000e+00
   0.0000000e+00
   0.0000000e+00
   0.0000000e+00
   0.0000000e+00
   0.0000000e+00
   0.0000000e+00
   0.0000000e+00
   0.0000000e+00
   0.0000000e+00
   0.0000000e+00
   0.0000000e+00
  -0.0000000e+00
  -0.0000000e+00
   0.0000000e+00
   0.0000000e+00
   0.0000000e+00
   0.0000000e+00
  -4.3973737e-02
  -2.5354875e-02
  -6.7298863e-03
   0.0000000e+00
   0.0000000e+00
   0.0000000e+00
   0.0000000e+00
   0.0000000e+00
   0.0000000e+00
   0.0000000e+00
   0.0000000e+00
   0.0000000e+00
   0.0000000e+00
   0.0000000e+00
   0.0000000e+00
   0.0000000e+00
   0.0000000e+00
   0.0000000e+00
   0.0000000e+00
   0.0000000e+00
   0.0000000e+00
   0.0000000e+00
   0.0000000e+00
   0.0000000e+00
   0.0000000e+00
  -2.7979356e-03
   3.8579601e-03
  -6.1078138e-03
  -1.5930485e-02
  -1.6028217e-02
  -7.1976351e-03
   3.6609690e-04
  -9.0936498e-04
   3.5792318e-04
  -6.3530981e-03
  -1.1965956e-02
  -1.3156583e-02
   0.0000000e+00
   0.0000000e+00
   0.0000000e+00
   0.0000000e+00
   0.0000000e+00
  -0.0000000e+00
  -0.0000000e+00
   0.0000000e+00
   0.0000000e+00
   0.0000000e+00
   0.0000000e+00
  -0.0000000e+00
  -2.0614420e-02
  -0.0000000e+00
   0.0000000e+00
   0.0000000e+00
   0.0000000e+00
   0.0000000e+00
   0.0000000e+00
   0.0000000e+00
   0.0000000e+00
   0.0000000e+00
   0.0000000e+00
   0.0000000e+00
   0.0000000e+00
   0.0000000e+00
