   3.1570011e-01
   3.8957775e-01
   1.4158826e+00
   2.3492184e+00
   2.6142483e+00
   2.9492295e+00
   4.2466331e+00
   5.8529148e+00
   6.5855546e+00
   6.5416603e+00
   4.7401018e+00
   2.4376349e+00
   1.1978290e+00
   6.6940469e-01
  -2.3830982e-02
  -8.2357395e-01
  -4.3595582e-01
   1.0430940e+00
   1.6187149e+00
   9.2021030e-01
   7.0606345e-01
   1.1859637e+00
   1.7430279e+00
   1.3259366e+00
   6.0832989e-01
   1.6492246e+00
   3.2000518e+00
   4.0185671e+00
   3.4200845e+00
   2.1607594e+00
   1.2714473e+00
   5.6424499e-01
  -4.3588102e-02
  -6.3810420e-01
  -1.4208742e+00
  -2.0754199e+00
  -2.1424937e+00
  -2.2364860e+00
  -2.6259279e+00
  -2.4843585e+00
  -1.8558347e+00
  -3.4623170e-01
   3.0991826e+00
   4.5590763e+00
   2.8395960e+00
  -4.7186500e-01
  -1.1686050e+00
   4.0908426e-02
   6.9932265e+00
   7.1680923e+00
   6.6864982e+00
   3.7055695e+00
   4.3790498e+00
   6.6122251e+00
   5.1548676e+00
   4.7378116e+00
   4.9335938e+00
   3.7212927e+00
   1.7589988e+00
   7.3955131e-01
  -3.5847865e-02
  -2.6083720e-01
  -4.4997379e-01
  -4.4119400e-01
  -2.1801724e-01
  -1.2134045e-01
   6.4316332e-02
   1.4183055e-01
   4.2497435e-01
   4.0218231e-01
   3.2474607e-01
  -6.9060469e-01
  -1.7175491e+00
   1.0777909e+00
   2.2261760e+00
   1.2235104e+00
   1.1215608e+00
   1.3328750e+00
   1.2041080e+00
   1.0549239e+00
   7.0191514e-01
   7.4327505e-01
   1.4235613e+00
   2.3546731e+00
   3.9848304e+00
   5.2284918e+00
   5.4049892e+00
   5.2064333e+00
   4.3872275e+00
   3.4924641e+00
   7.6396112e+00
   7.9404068e+00
   3.9413152e+00
   7.1880794e-01
   3.2895377e+00
   6.2498245e+00
   3.6299956e+00
   2.7291701e+00
   1.1376017e+00
   1.0272119e+00
   1.6524839e+00
   1.3194151e+00
   5.7810551e-01
  -6.0250282e-02
   3.0583614e-01
   2.6199626e-02
  -4.4415715e-01
  -8.2822835e-01
  -1.0965368e+00
  -9.9532527e-01
  -7.0759147e-01
  -4.6717003e-01
  -4.4398656e-01
  -5.1567656e-01
  -3.2368797e-01
  -2.9925305e-01
  -1.2819058e-01
  -2.8971788e-01
  -3.7471992e-01
  -7.4667734e-01
  -1.2343665e+00
  -1.2584131e+00
  -7.0500666e-01
  -2.3821725e-01
  -9.0057850e-03
   3.0938238e-01
   6.6586906e-01
   9.1331893e-01
   1.0268993e+00
   9.2531031e-01
   6.2555224e-01
   2.9760230e-01
   1.3948634e-01
   8.9425907e-02
  -2.0102602e-01
  -5.6626248e-01
  -7.7769637e-01
   1.1775086e+00
   2.9601135e+00
   3.6162181e+00
   1.8666664e+00
   7.4907923e-01
   2.1789715e+00
   3.0816555e+00
  -1.5817626e+00
  -1.7227570e+00
  -1.8154054e+00
  -1.7407230e+00
  -1.4316466e+00
  -1.4427586e+00
  -9.4278008e-01
  -4.5143843e-01
  -4.9467263e-01
  -6.8565696e-01
  -1.0537009e+00
  -1.3331776e+00
  -1.2665327e+00
  -1.0649227e+00
  -5.9642565e-01
  -4.4182688e-01
  -6.5084356e-01
  -7.5348079e-01
  -7.7833503e-01
  -5.8696508e-01
  -5.9536248e-01
  -6.5438044e-01
  -7.2599459e-01
  -1.3185147e+00
  -1.9647095e+00
  -3.8302109e+00
  -8.1807566e-01
   1.7830572e-01
  -2.5254490e-02
   2.2992076e-02
   2.5704229e-01
   4.2102268e-01
   4.4064072e-01
   2.2297469e-01
  -6.9116183e-02
  -4.2317533e-01
  -8.2104528e-01
  -1.1380838e+00
  -1.3043392e+00
  -1.2010390e+00
  -8.3948565e-01
  -2.6237851e-01
   3.6176306e-01
   5.8288544e-01
   4.4573829e-01
   1.5489118e-01
  -4.6907136e-01
  -1.0976292e+00
  -2.9043605e+00
  -2.6394801e+00
  -2.2401505e+00
  -1.9937059e+00
  -1.7736002e+00
  -1.6074218e+00
  -5.6772238e-01
  -2.2100319e-01
  -4.0669128e-01
  -6.6889751e-01
  -1.0124913e+00
  -1.0970964e+00
  -9.3920749e-01
  -6.6766340e-01
  -3.2656473e-01
  -4.5559880e-01
  -7.5698096e-01
  -8.9585966e-01
  -9.8115152e-01
  -8.1972998e-01
  -8.3583015e-01
  -9.8169941e-01
  -9.3853813e-01
  -1.4569963e+00
  -2.5438316e+00
  -4.0121255e+00
  -3.4198028e-01
  -1.3203731e-01
  -4.8482943e-01
  -3.3126125e-01
  -1.9259062e-01
  -5.8489688e-02
  -1.5911533e-01
  -4.0772328e-01
  -7.7914780e-01
  -1.1775612e+00
  -1.5628992e+00
  -1.8565736e+00
  -1.8229983e+00
  -1.5307056e+00
  -1.0929505e+00
  -4.2233145e-01
   1.7814532e-01
   1.9915603e-01
  -1.7781979e-03
  -3.3036837e-01
  -1.2881848e+00
  -2.2868876e+00
  -2.6639813e+00
  -1.9587009e+00
  -1.7352729e+00
  -1.2891358e+00
  -1.1258650e+00
  -8.6400346e-01
  -5.2547055e-02
   1.7564263e-01
  -2.2471095e-01
  -5.2494914e-01
  -8.2953314e-01
  -1.0846669e+00
  -5.4497910e-01
  -2.9899508e-01
  -3.4783242e-01
  -6.3231964e-01
  -9.0891003e-01
  -1.0314648e+00
  -1.0307547e+00
  -1.0296668e+00
  -1.0648115e+00
  -1.0644256e+00
  -1.1086371e+00
  -1.2933677e+00
  -1.4661031e+00
  -2.3593288e+00
  -6.5860995e-01
  -6.0331876e-01
  -9.9605137e-01
  -7.7742151e-01
  -5.5509228e-01
  -5.1553124e-01
  -6.6709598e-01
  -9.4165861e-01
  -1.2494347e+00
  -1.5729290e+00
  -1.8827232e+00
  -1.9730889e+00
  -1.7706611e+00
  -1.2859246e+00
  -8.0983225e-01
  -2.6966548e-01
   3.0230204e-01
   1.3406992e-01
  -2.2893481e-01
  -7.9283539e-01
  -1.8229614e+00
  -2.5181265e+00
  -1.9772755e+00
  -1.3240409e+00
  -1.1472756e+00
  -7.4639475e-01
  -5.0557590e-01
  -5.3852648e-01
  -1.1598498e-01
   5.3367674e-01
  -6.8088472e-02
  -4.2194241e-01
  -5.7326746e-01
  -7.6008201e-01
  -5.3034109e-01
  -3.9628962e-01
  -5.6164837e-01
  -8.1308651e-01
  -1.0068796e+00
  -1.0710943e+00
  -1.0903784e+00
  -1.1175005e+00
  -1.1082627e+00
  -1.1095963e+00
  -1.1312370e+00
  -1.0177805e+00
  -4.6065655e-01
  -1.0479393e+00
  -6.7325127e-01
  -8.7414837e-01
  -1.3355504e+00
  -1.0216639e+00
  -8.3133471e-01
  -8.3574510e-01
  -9.7309548e-01
  -1.1649609e+00
  -1.3196753e+00
  -1.4842645e+00
  -1.6204569e+00
  -1.6076684e+00
  -1.1779133e+00
  -5.4764360e-01
  -3.1752580e-01
   3.5685036e-02
   3.6656347e-01
   2.7615810e-02
  -3.8533679e-01
  -1.0440021e+00
  -1.7872707e+00
  -1.9452368e+00
  -7.1511114e-01
  -7.0702648e-01
  -6.9125575e-01
  -3.7247717e-01
  -2.0451581e-01
  -3.3600187e-01
   1.4087583e-01
   7.6150262e-01
  -7.4626759e-02
  -4.3254250e-01
  -4.7904581e-01
  -4.5373961e-01
  -3.6295572e-01
  -4.9656984e-01
  -6.9767189e-01
  -8.8292015e-01
  -9.8635983e-01
  -9.9936712e-01
  -1.0402926e+00
  -1.1001889e+00
  -1.1401330e+00
  -1.1238273e+00
  -1.0237947e+00
  -6.4855349e-01
   2.4785346e-01
  -8.9079089e-02
  -5.3969580e-01
  -4.7543406e-01
  -1.2123724e+00
  -1.1030793e+00
  -1.1706008e+00
  -1.2689523e+00
  -1.2826747e+00
  -1.2217815e+00
  -1.0282669e+00
  -7.2298044e-01
  -5.8793551e-01
  -6.6776729e-01
  -2.6009697e-01
  -1.3174681e-01
  -2.8937256e-01
  -6.9748513e-02
   6.3373156e-02
  -1.9912671e-01
  -5.3706217e-01
  -1.0016630e+00
  -1.2388306e+00
  -6.3143295e-01
   5.8039963e-01
  -9.8577566e-02
  -2.1497376e-01
  -2.0681651e-01
  -6.9285654e-02
  -1.8301344e-01
   3.7449378e-01
   5.3163755e-01
  -3.6328900e-01
  -6.6008627e-01
  -5.8294272e-01
  -4.6529245e-01
  -4.6937108e-01
  -5.7893813e-01
  -6.8961638e-01
  -8.1791216e-01
  -8.6075443e-01
  -8.7481618e-01
  -9.5206118e-01
  -1.0563364e+00
  -1.1339587e+00
  -1.0896835e+00
  -8.5672510e-01
  -2.7005455e-01
   9.5128578e-01
   1.1293551e+00
  -1.7202912e-01
  -1.3541956e-01
  -8.2671803e-01
  -1.3431044e+00
  -1.6336044e+00
  -1.6823562e+00
  -1.4631658e+00
  -1.0423889e+00
  -3.8433108e-01
   8.1363004e-01
   3.2981694e-01
   1.3806279e-01
  -6.3284770e-02
  -6.2009090e-01
  -7.2607428e-01
  -4.8507681e-01
  -3.0758712e-01
  -3.3667713e-01
  -4.8315999e-01
  -6.5221900e-01
  -4.8127499e-01
   7.1904427e-01
   2.0333495e+00
   3.3239061e-01
  -4.5413349e-02
   4.5817509e-02
   6.5921046e-02
   3.4652162e-02
   5.5289239e-01
   4.8943570e-01
  -6.1275971e-01
  -7.5456405e-01
  -6.2710029e-01
  -5.2310783e-01
  -4.9871528e-01
  -5.2101332e-01
  -5.2417064e-01
  -6.1724246e-01
  -6.3713074e-01
  -7.2308409e-01
  -8.3849430e-01
  -9.9820715e-01
  -1.0843639e+00
  -9.9098682e-01
  -6.1106002e-01
   1.6729856e-01
   1.8129190e+00
   2.2497075e+00
  -2.8347000e-02
   2.0276560e-02
  -6.1390650e-01
  -1.9643161e+00
  -2.4443572e+00
  -2.2346439e+00
  -1.5512111e+00
  -6.2562680e-01
   6.6543716e-01
   2.8337073e+00
   9.8063743e-01
   2.3806831e-01
  -4.2066050e-01
  -1.1089699e+00
  -1.0082814e+00
  -8.0953592e-01
  -4.6977252e-01
  -2.3112603e-01
  -1.6367200e-01
  -8.3252683e-02
   3.8602248e-01
   1.8137183e+00
   3.1099550e+00
   9.6190268e-01
   1.2011942e-01
   2.7612205e-01
   1.1273154e-01
   3.0391281e-01
   6.6220597e-01
   3.1175943e-01
  -4.0114152e-01
  -5.8708028e-01
  -5.1409081e-01
  -4.6129977e-01
  -3.9671701e-01
  -3.0565559e-01
  -2.4187322e-01
  -3.0228202e-01
  -3.9313283e-01
  -5.6217865e-01
  -7.2379230e-01
  -9.5009249e-01
  -1.0042028e+00
  -8.3032518e-01
  -3.2113500e-01
   6.4847402e-01
   2.6853854e+00
   3.1885828e+00
  -7.7225787e-02
  -9.0462586e-02
  -6.7747215e-01
  -2.2442731e+00
  -3.1252484e+00
  -2.5987939e+00
  -1.3869933e+00
   4.0650303e-02
   2.0502056e+00
   3.8197782e+00
   5.2961263e-01
  -2.6974906e-01
  -1.0102808e+00
  -1.3414677e+00
  -1.3335303e+00
  -1.0820089e+00
  -3.6659037e-01
   1.3458864e-01
   3.9774387e-01
   6.6640882e-01
   1.2954279e+00
   2.5615698e+00
   3.4132721e+00
   2.1061754e+00
   5.3302872e-01
   3.7773517e-01
   1.0612219e-01
   5.7491046e-01
   1.0183752e+00
   3.3939800e-01
  -2.1285520e-01
  -2.9372072e-01
  -3.4361240e-01
  -2.9443297e-01
  -1.6905271e-01
   2.5672838e-03
   8.5655540e-02
   1.6705893e-02
  -2.0419341e-01
  -4.3644154e-01
  -6.6087592e-01
  -9.3226743e-01
  -9.1192299e-01
  -6.3253653e-01
  -4.6854541e-03
   1.1637119e+00
   3.4732130e+00
   3.7613516e+00
  -5.2451414e-01
  -5.5578446e-01
  -6.0008138e-01
  -2.0346520e+00
  -3.8800132e+00
  -2.7545996e+00
  -9.5642692e-01
   8.6943197e-01
   3.5275810e+00
   5.1104164e+00
   7.3387396e-01
  -7.1808988e-01
  -1.1767727e+00
  -1.2185025e+00
  -1.7790388e+00
  -1.1246183e+00
   8.0664150e-02
   7.6452917e-01
   1.1573381e+00
   1.5130339e+00
   2.1000872e+00
   2.9974840e+00
   3.4997623e+00
   2.8524299e+00
   8.1271398e-01
   4.0834945e-01
   2.1830718e-01
   7.0900589e-01
   9.9419761e-01
   5.8343256e-01
   1.7749135e-01
   1.8092152e-04
  -1.7576985e-01
  -1.0911403e-01
   9.7907744e-02
   2.7830884e-01
   3.4661424e-01
   2.0735151e-01
  -1.3876855e-01
  -4.3201569e-01
  -7.2535568e-01
  -9.7457623e-01
  -8.1686938e-01
  -3.8275740e-01
   4.0264285e-01
   1.7882715e+00
   4.1206784e+00
   3.8755515e+00
  -6.8754268e-01
  -1.0683191e+00
  -6.8010199e-01
  -1.2439620e+00
  -4.6637402e+00
  -2.6869669e+00
  -3.1312120e-01
   1.9031584e+00
   5.0236926e+00
   5.5656695e+00
   6.2131160e-01
  -2.2221185e-01
  -5.7242846e-01
  -7.1908772e-01
  -1.0498350e+00
  -7.2656178e-01
   8.6535221e-01
   1.5483871e+00
   1.9660075e+00
   2.2708361e+00
   2.6649346e+00
   3.1968365e+00
   3.5465791e+00
   3.1820915e+00
   1.7869607e+00
   7.8663731e-01
   3.1264529e-01
   9.4404274e-01
   1.0888255e+00
   9.1712105e-01
   5.0185144e-01
   1.0781215e-01
  -1.0943393e-01
   2.2198359e-02
   2.5231186e-01
   3.9559814e-01
   4.1126284e-01
   1.7119478e-01
  -2.5880876e-01
  -5.8410448e-01
  -8.8177550e-01
  -1.0087795e+00
  -6.7361414e-01
  -6.3373238e-02
   8.9093965e-01
   2.4149342e+00
   4.5836177e+00
   3.5570779e+00
  -7.7823885e-02
  -1.1305799e+00
  -5.3655696e-01
  -5.2533805e-01
  -4.6461458e+00
  -2.3424141e+00
   3.8339341e-01
   2.8194370e+00
   5.7071452e+00
   4.6764355e+00
   8.0483174e-01
  -1.4345227e-01
  -2.1513830e-01
  -1.4301814e+00
  -9.2166960e-01
  -7.5712288e-03
   1.5577719e+00
   2.1318560e+00
   2.5150528e+00
   2.7588673e+00
   3.0105021e+00
   3.3342752e+00
   3.5501902e+00
   3.2052929e+00
   2.4504731e+00
   1.4621235e+00
   5.2161455e-01
   1.1198212e+00
   1.1963528e+00
   1.0540478e+00
   5.3085917e-01
   3.6482934e-02
  -1.4577377e-01
   4.3358307e-02
   2.7738717e-01
   3.7898767e-01
   2.7919292e-01
  -7.6761603e-02
  -5.1658273e-01
  -8.0702078e-01
  -1.0111727e+00
  -9.1530126e-01
  -4.0456668e-01
   3.6863866e-01
   1.4594042e+00
   3.0221958e+00
   5.0577450e+00
   2.5355811e+00
   6.6921875e-02
  -1.1651330e+00
  -6.3894832e-01
  -5.1876360e-01
  -3.3491011e+00
  -1.7004193e+00
   1.1353697e+00
   3.5651503e+00
   6.2232347e+00
   4.4239202e+00
   1.3832909e+00
  -4.9924208e-03
   1.8544494e-01
  -1.8521750e+00
   9.7759850e-03
   1.0854582e+00
   2.1222088e+00
   2.5914927e+00
   2.9648023e+00
   3.1959066e+00
   3.3433542e+00
   3.4926186e+00
   3.4641715e+00
   3.0905131e+00
   2.4566647e+00
   1.2604596e+00
   7.5136682e-01
   1.2310859e+00
   1.1370846e+00
   9.0212162e-01
   2.8689053e-01
  -2.0060987e-01
  -2.7697637e-01
  -5.9112110e-02
   1.7117904e-01
   1.8960198e-01
  -4.5922717e-02
  -4.4906006e-01
  -8.0835947e-01
  -9.8604125e-01
  -9.9892515e-01
  -6.6545300e-01
  -1.7122282e-02
   8.8266541e-01
   2.0836656e+00
   3.7122929e+00
   5.6685265e+00
   2.1040828e+00
  -1.6212485e-01
  -1.1408102e+00
  -7.1012357e-01
  -7.5156286e-01
  -2.4314277e+00
  -6.2361984e-01
   1.9363483e+00
   4.1862831e+00
   6.4197800e+00
   4.1086173e+00
   1.5097904e+00
  -1.7011530e-01
   1.7083390e-01
  -1.7503921e+00
  -8.9424182e-02
   2.1764247e+00
   2.5649680e+00
   3.0003120e+00
   3.3994292e+00
   3.6396857e+00
   3.6541341e+00
   3.5939980e+00
   3.2416298e+00
   2.8139386e+00
   2.2252731e+00
   1.6615218e+00
   1.2844704e+00
   1.0065051e+00
   7.7505660e-01
   4.2577133e-01
  -1.6568382e-01
  -5.0467330e-01
  -4.6878934e-01
  -2.3152606e-01
  -4.4177216e-02
  -1.4873983e-01
  -4.6557927e-01
  -7.8958356e-01
  -9.7460139e-01
  -9.7041428e-01
  -7.5240844e-01
  -2.3906246e-01
   4.9407557e-01
   1.4655529e+00
   2.7299552e+00
   4.3831472e+00
   4.9610262e+00
   9.7927350e-01
  -1.0212350e+00
  -9.4175255e-01
  -6.3024354e-01
  -7.0227385e-01
  -8.9005709e-01
   6.2739718e-01
   2.7506161e+00
   4.6662421e+00
   6.2780590e+00
   2.8381467e+00
   6.5862393e-01
  -1.5409419e-01
  -6.1911798e-01
  -1.3795174e+00
   1.4443786e-01
   2.9061179e+00
   2.9623721e+00
   3.3855507e+00
   3.8349922e+00
   4.0316386e+00
   3.8451092e+00
   3.5390725e+00
   2.7815702e+00
   2.2852511e+00
   1.7908212e+00
   1.5007086e+00
   9.9681687e-01
   3.8195461e-01
   8.0881864e-02
  -2.8644440e-01
  -7.1043444e-01
  -8.2833368e-01
  -6.8000883e-01
  -4.3829149e-01
  -3.4972376e-01
  -5.0515312e-01
  -7.2827578e-01
  -8.4459257e-01
  -8.0100739e-01
  -5.8122408e-01
  -1.9332230e-01
   3.9027292e-01
   1.1273019e+00
   2.0953147e+00
   3.3281083e+00
   4.8154535e+00
   4.2276554e+00
   4.5465535e-01
  -1.3109385e+00
  -6.7359829e-01
  -5.7756907e-01
  -4.6982560e-01
   3.7922862e-01
   1.8521752e+00
   3.4349484e+00
   4.8745027e+00
   5.6285768e+00
   2.5048559e+00
   1.0162413e+00
  -2.0685397e-01
  -4.1700760e-01
   3.4647617e-02
   1.7134690e+00
   3.3607681e+00
   3.2952032e+00
   3.6974545e+00
   4.1779313e+00
   4.2424040e+00
   3.7768128e+00
   3.2025986e+00
   1.8810951e+00
   1.3092513e+00
   9.3593901e-01
   7.5196546e-01
   1.4620136e-01
  -4.9894720e-01
  -7.9101431e-01
  -1.0513343e+00
  -1.2213912e+00
  -1.1464883e+00
  -9.1738313e-01
  -6.9029379e-01
  -6.2934494e-01
  -6.5737128e-01
  -6.3884544e-01
  -4.8952752e-01
  -2.2266932e-01
   1.4838500e-01
   6.0842085e-01
   1.1705707e+00
   1.8315470e+00
   2.6817830e+00
   3.7630868e+00
   4.7783732e+00
   2.7926147e+00
  -4.1435972e-01
  -1.1511363e+00
  -4.0170082e-01
  -4.0365648e-01
  -7.3904365e-02
   1.5212194e+00
   2.7943022e+00
   3.8488526e+00
   4.7534580e+00
   4.7864671e+00
   1.9879432e+00
   1.0745773e+00
   1.9461235e-02
   4.3103684e-02
   7.7693528e-01
   2.5440211e+00
   3.3960121e+00
   3.4902182e+00
   3.8357840e+00
   4.2664423e+00
   4.0839024e+00
   3.2240560e+00
   2.3846297e+00
   6.7478989e-01
   1.2261681e-01
  -1.8121914e-01
  -2.2815783e-01
  -7.4352698e-01
  -1.2969348e+00
  -1.5190158e+00
  -1.6267690e+00
  -1.6269611e+00
  -1.5009906e+00
  -1.2760064e+00
  -1.0688918e+00
  -9.0939158e-01
  -6.9801710e-01
  -4.1355276e-01
  -4.2685295e-02
   3.6216613e-01
   8.1716471e-01
   1.3139923e+00
   1.8550512e+00
   2.4402610e+00
   3.1171319e+00
   3.9233897e+00
   4.7210639e+00
   1.6478789e+00
  -8.5477786e-01
  -8.2946979e-01
  -3.4279661e-01
  -3.7564509e-01
   1.7978824e-01
   2.7685093e+00
   3.7083504e+00
   4.0533412e+00
   4.5082805e+00
   4.0521133e+00
   1.6178895e+00
   1.2783541e+00
   2.5239857e-01
   1.5231411e-01
   1.2413195e+00
   2.7123415e+00
   3.3130009e+00
   3.4727869e+00
   3.7171578e+00
   4.0167258e+00
   3.5156557e+00
   2.2213799e+00
   1.1800214e+00
  -2.6419939e-01
  -6.5254555e-01
  -1.0379757e+00
  -9.4877779e-01
  -1.3129959e+00
  -1.8207843e+00
  -2.0091664e+00
  -2.0753654e+00
  -2.1018273e+00
  -2.0623015e+00
  -1.9224188e+00
  -1.7274734e+00
  -1.4443603e+00
  -1.0454888e+00
  -5.6968090e-01
  -5.1810297e-02
   4.4984400e-01
   9.6750909e-01
   1.5089552e+00
   2.0779237e+00
   2.6352026e+00
   3.1841790e+00
   3.7137732e+00
   4.3692682e+00
   2.1511426e-01
  -1.3713580e+00
  -5.7619015e-01
  -4.0614212e-02
  -6.3959233e-01
  -2.3835728e-01
   2.7923760e+00
   4.2590692e+00
   4.3559802e+00
   4.4888208e+00
   3.8517051e+00
   1.4038707e+00
   1.3697648e+00
   5.2728209e-02
   3.0925270e-01
   1.9404038e+00
   2.3920037e+00
   2.9478678e+00
   3.2413499e+00
   3.3881719e+00
   3.6167969e+00
   2.8041109e+00
   1.1417527e+00
   5.0875276e-02
  -6.8223194e-01
  -8.4036892e-01
  -1.5396037e+00
  -1.3984637e+00
  -1.6481156e+00
  -2.1641106e+00
  -2.4211453e+00
  -2.5781967e+00
  -2.6755015e+00
  -2.6967503e+00
  -2.6259109e+00
  -2.4445812e+00
  -2.1229304e+00
  -1.6808818e+00
  -1.1634882e+00
  -6.1380795e-01
  -7.0984711e-02
   4.6953940e-01
   9.9705780e-01
   1.5062788e+00
   1.9367558e+00
   2.3003575e+00
   2.6616115e+00
   3.0091257e+00
   6.1788485e-01
  -1.2505515e+00
  -8.4889876e-01
   1.1659869e-01
  -1.4970691e+00
  -1.0287896e+00
   3.0230235e+00
   4.9741953e+00
   4.6685074e+00
   4.6720288e+00
   3.7621922e+00
   1.0292324e+00
   9.0082871e-01
  -1.1656640e-01
   1.8875484e-01
   2.4500667e+00
   2.0213183e+00
   2.2007107e+00
   2.7777585e+00
   2.9368293e+00
   3.3681566e+00
   2.2271015e+00
   2.8677638e-01
  -7.3095141e-01
  -6.4148837e-01
  -4.9154428e-01
  -1.6457257e+00
  -1.6199205e+00
  -1.6345353e+00
  -2.0470366e+00
  -2.2633438e+00
  -2.3947282e+00
  -2.4858856e+00
  -2.5185771e+00
  -2.4815724e+00
  -2.3528364e+00
  -2.1110110e+00
  -1.7627782e+00
  -1.3384171e+00
  -8.7872112e-01
  -4.1087973e-01
   4.0866949e-02
   4.4908008e-01
   7.8325856e-01
   9.9912912e-01
   1.0647211e+00
   1.0818002e+00
   1.0899537e+00
   2.3877852e-01
  -2.2942450e+00
  -1.0969135e+00
  -3.2120425e-02
  -1.9303343e+00
  -4.7762370e-01
   3.9762139e+00
   4.8393736e+00
   4.4359374e+00
   4.4123654e+00
   3.1687741e+00
   5.4815745e-01
   8.0521983e-01
  -5.4987047e-02
   1.7686673e-01
   1.4374046e+00
   1.5969428e+00
   1.3049076e+00
   1.7854975e+00
   2.1909811e+00
   3.4248099e+00
   1.9741085e+00
  -1.7570999e-01
  -1.0839434e+00
  -4.1130729e-01
   1.2908816e-01
  -1.1795982e+00
  -1.2857405e+00
  -8.8107361e-01
  -1.0557164e+00
  -1.1427381e+00
  -1.2044559e+00
  -1.2667619e+00
  -1.2882431e+00
  -1.2489690e+00
  -1.1428194e+00
  -9.5081652e-01
  -6.8553469e-01
  -3.8424082e-01
  -6.4266048e-02
   2.7260595e-01
   5.8937841e-01
   8.4691538e-01
   1.0113132e+00
   1.0479349e+00
   8.4320559e-01
   3.3746411e-01
  -3.5191374e-01
  -5.7760673e-01
  -2.6153626e+00
  -1.2185935e+00
  -1.1273721e+00
  -1.3075581e+00
   6.8150083e-01
   3.9100173e+00
   4.0108747e+00
   3.2613903e+00
   3.2205425e+00
   2.2946922e+00
   2.6451936e-01
   5.3003949e-01
   6.3157111e-02
   4.6049503e-01
   1.5373947e+00
   1.8952643e+00
   6.3371049e-01
   3.9836074e-01
   9.5005042e-01
   4.0896401e+00
   1.8554356e+00
  -3.0323338e-01
  -1.1139814e+00
   2.7813276e-01
   8.4206714e-01
   6.9724566e-02
  -5.1000041e-01
  -9.1974128e-02
  -1.1759767e-01
  -1.3334332e-01
  -1.5995560e-01
  -1.9044278e-01
  -1.8331733e-01
  -1.1329621e-01
   3.4345254e-02
   2.7083942e-01
   5.8436274e-01
   9.3335749e-01
   1.2855088e+00
   1.6336118e+00
   1.9427836e+00
   2.1553819e+00
   2.2198062e+00
   2.0567565e+00
   1.4448966e+00
   3.2736309e-01
  -1.0030270e+00
  -1.5124474e+00
  -2.6823372e+00
  -2.2079818e+00
  -1.9071424e+00
  -6.0247450e-01
   1.1716556e+00
   3.2180329e+00
   3.1409186e+00
   1.6636238e+00
   1.6836815e+00
   1.3785690e+00
   3.0858394e-01
   1.0752014e-02
   2.8390511e-01
   5.6351166e-01
   2.0223374e+00
   2.1858711e+00
   8.0759039e-02
  -6.4492880e-01
   3.0139163e-01
   3.5781615e+00
   2.2697825e+00
  -1.4767141e-01
  -8.5772212e-01
   1.6524172e-01
   8.1245691e-01
  -1.0014290e-01
  -4.5659691e-01
  -2.2555263e-01
  -2.9290506e-01
  -3.2233584e-01
  -3.1861839e-01
  -2.6422483e-01
  -1.6612390e-01
  -8.7488815e-03
   2.3173055e-01
   5.6150568e-01
   9.8159492e-01
   1.4746078e+00
   1.9737620e+00
   2.4235563e+00
   2.7698367e+00
   2.9190171e+00
   2.7804289e+00
   2.2744696e+00
   1.1808670e+00
  -5.3877753e-01
  -1.7643647e+00
  -2.5918226e+00
  -2.7801487e+00
  -3.9398713e+00
  -1.4058638e+00
  -5.3416753e-01
   3.7443903e-01
   1.6009040e+00
   2.0223057e+00
   9.8233217e-01
   1.0666515e+00
   8.1773078e-01
   1.5651205e-01
  -2.5663728e-01
   2.1324001e-01
   3.9299062e-01
   6.4568621e-01
   3.0954785e+00
   1.3421106e-01
  -1.5196217e+00
  -1.6472392e-01
   2.5529110e+00
   2.1346147e+00
   1.9747540e-01
  -5.9052175e-01
   3.1864461e-01
  -5.6149536e-01
   2.8878960e-01
  -6.1535591e-01
  -9.3409383e-01
  -1.2468213e+00
  -1.5142502e+00
  -1.6995693e+00
  -1.7703824e+00
  -1.7218188e+00
  -1.5481247e+00
  -1.2380337e+00
  -8.0195940e-01
  -2.6689014e-01
   3.4795111e-01
   9.7674817e-01
   1.5436792e+00
   2.0006764e+00
   2.2569799e+00
   2.2251964e+00
   1.7945803e+00
   7.9657167e-01
  -1.2720160e+00
  -2.0803256e+00
  -1.0912150e+00
  -1.2194855e+00
  -2.1142428e+00
  -1.7071303e+00
  -1.2059596e+00
  -1.0454539e+00
  -5.5085111e-01
   7.9094917e-01
   3.1173855e-01
   3.7535763e-01
   5.5995905e-01
  -4.2054966e-01
  -4.9560690e-01
   1.9912876e-02
   2.5232285e-01
  -6.1223680e-01
   2.1417570e+00
   3.2356095e-01
  -2.0345640e+00
  -4.0405431e-01
   1.4051125e+00
   1.8797193e+00
   3.2555804e-01
   1.8690217e-02
   2.1934515e-01
   2.3629980e-01
   3.9251274e-01
  -4.8113310e-01
  -1.2373942e+00
  -1.7342966e+00
  -2.2304187e+00
  -2.6587241e+00
  -2.9884615e+00
  -3.2056077e+00
  -3.3120422e+00
  -3.2915225e+00
  -3.1220036e+00
  -2.8032634e+00
  -2.3461046e+00
  -1.7776850e+00
  -1.1474099e+00
  -4.6393883e-01
   2.3881660e-01
   8.2664168e-01
   1.1236831e+00
   9.2204094e-01
  -1.4718887e+00
  -2.9868553e+00
  -1.6805202e+00
  -1.8690418e+00
  -2.0311835e+00
  -1.8462636e+00
  -1.8307781e+00
  -2.2280228e+00
  -2.1200387e+00
  -5.9306991e-01
   1.4785804e-02
   2.7107883e-02
   3.0503318e-01
  -8.8030314e-01
  -7.6291931e-01
  -3.5841697e-01
   2.3511358e-01
   2.6028693e-01
   1.3776957e+00
  -1.8082255e-01
  -2.3477280e+00
  -5.1229191e-01
   5.9517568e-01
   1.7740104e+00
   8.5834813e-01
   4.1741934e-01
   5.0413016e-01
  -2.2676095e-01
   3.0553972e-01
  -1.9665906e-01
  -1.0503203e+00
  -1.6041243e+00
  -2.1791579e+00
  -2.7121910e+00
  -3.1680057e+00
  -3.5409717e+00
  -3.8474276e+00
  -4.0912621e+00
  -4.2391994e+00
  -4.2723105e+00
  -4.1856730e+00
  -3.9309926e+00
  -3.4848966e+00
  -2.8178646e+00
  -1.8788730e+00
  -8.0614882e-01
   1.8763367e-01
   1.1149243e+00
  -1.0881738e-01
  -3.2844374e+00
  -2.1939730e+00
  -2.2472931e+00
  -2.1573593e+00
  -2.0006484e+00
  -2.3146097e+00
  -2.9550292e+00
  -3.1198716e+00
  -1.5988843e+00
  -3.6992977e-02
   1.1087171e-01
   3.1934871e-01
  -1.1532818e+00
  -9.0537422e-01
  -5.6756202e-01
   1.3787250e-01
   6.6059009e-01
   1.0684269e+00
  -4.4298193e-01
  -1.8099903e+00
  -1.6127170e-01
  -4.9705026e-01
   8.0311261e-01
   1.1080051e+00
   5.3873590e-01
   7.1814296e-01
   2.9013997e-01
   8.5103633e-01
   2.2322694e-01
  -6.4675860e-01
  -1.1313847e+00
  -1.6264128e+00
  -2.1084542e+00
  -2.5349631e+00
  -2.9118401e+00
  -3.2651318e+00
  -3.5999570e+00
  -3.9025450e+00
  -4.1661057e+00
  -4.3824992e+00
  -4.5104617e+00
  -4.4574685e+00
  -4.1306319e+00
  -3.3802253e+00
  -2.2148494e+00
  -9.2069716e-01
   3.7145717e-01
  -2.7528590e-01
  -2.5339507e+00
  -2.0719774e+00
  -2.0803287e+00
  -2.0810523e+00
  -2.1426179e+00
  -2.6533500e+00
  -3.3775547e+00
  -3.9146359e+00
  -2.4853041e+00
   1.2580918e-01
   1.6532653e-01
   2.6671031e-01
  -1.1295017e+00
  -8.1516089e-01
  -8.2260772e-01
   1.7206875e-01
   3.0143353e-01
  -5.1191544e-01
  -8.4554287e-01
  -1.4477810e+00
  -8.5816451e-01
  -1.0628921e+00
   6.7110605e-02
   1.4010149e+00
   7.6899650e-01
   6.7552829e-01
   7.4464810e-01
   1.4734958e+00
   5.0044996e-01
  -1.9870970e-01
  -4.7895145e-01
  -8.1654435e-01
  -1.2176596e+00
  -1.6123625e+00
  -1.9905846e+00
  -2.3649292e+00
  -2.7320962e+00
  -3.0767665e+00
  -3.4103799e+00
  -3.7469769e+00
  -4.0833631e+00
  -4.3522983e+00
  -4.4536104e+00
  -4.1580286e+00
  -3.2114334e+00
  -1.7014481e+00
  -2.7496314e-01
  -1.4920877e-01
  -1.1676252e+00
  -1.6757991e+00
  -1.7807806e+00
  -1.8640540e+00
  -2.1050289e+00
  -2.7125063e+00
  -3.5791621e+00
  -4.5788646e+00
  -3.6429408e+00
  -1.8807164e-01
  -1.2241139e-01
   1.5175489e-01
  -9.9416471e-01
  -1.2713755e+00
  -1.4997690e+00
  -4.5847458e-01
   1.4972161e-01
  -6.8076414e-01
  -9.4523811e-01
  -1.6313754e+00
  -1.0462468e+00
  -9.2132497e-01
  -2.4890366e-01
   1.0399551e+00
   6.7323071e-01
   6.0914373e-01
   1.3076868e+00
   1.9275964e+00
   8.3128983e-01
   1.8957905e-01
   1.1859323e-01
  -3.2289438e-02
  -3.4737712e-01
  -7.3983562e-01
  -1.1521548e+00
  -1.5677955e+00
  -1.9696028e+00
  -2.3281476e+00
  -2.6510782e+00
  -2.9830773e+00
  -3.3693471e+00
  -3.8061886e+00
  -4.2343307e+00
  -4.4277596e+00
  -3.8734293e+00
  -2.1827438e+00
   6.7990527e-02
   9.1574848e-01
   7.2855964e-02
  -1.1847514e+00
  -1.4093590e+00
  -1.5110294e+00
  -1.8358785e+00
  -2.5039849e+00
  -3.4984837e+00
  -4.8502474e+00
  -4.9117336e+00
  -1.0840591e+00
  -5.6768692e-01
  -1.0626563e-01
  -9.1161460e-01
  -1.4245726e+00
  -1.9246802e+00
  -9.9345112e-01
   2.7899738e-02
  -4.9635452e-01
  -1.5078214e+00
  -1.8197973e+00
  -1.4195229e+00
  -1.0536858e+00
  -1.3136908e-01
   1.1419479e+00
   7.0293814e-01
   3.3527638e-01
   6.6454438e-01
   1.8724468e+00
   7.9961648e-01
   6.2555896e-01
   5.6467526e-01
   6.0766392e-01
   4.0686871e-01
   1.4410494e-02
  -4.6098504e-01
  -9.6087307e-01
  -1.4257808e+00
  -1.8257457e+00
  -2.1453037e+00
  -2.4349997e+00
  -2.7697040e+00
  -3.2140137e+00
  -3.8293638e+00
  -4.4182906e+00
  -4.3444137e+00
  -2.0946128e+00
   5.4081755e-01
   1.6664426e+00
   8.9116372e-01
  -6.8370662e-01
  -9.7105176e-01
  -1.0729749e+00
  -1.4697742e+00
  -2.1648814e+00
  -3.2061606e+00
  -4.6279978e+00
  -5.8415744e+00
  -2.4380967e+00
  -7.6353165e-01
  -5.7882660e-01
  -5.9037297e-01
  -1.9007394e+00
  -3.3630873e+00
  -2.0710294e+00
  -2.8099212e-01
   4.9933085e-01
  -1.4890890e+00
  -2.2209968e+00
  -2.1153684e+00
  -7.9230907e-01
   1.4567682e-01
   4.4437719e-01
   6.0209762e-01
   1.4438004e+00
   4.4567236e-01
   1.2248483e+00
   6.7969495e-01
   8.8631511e-01
   9.1110027e-01
   1.1160456e+00
   1.0717410e+00
   7.4288201e-01
   2.2360700e-01
  -4.0000096e-01
  -9.9211615e-01
  -1.4992704e+00
  -1.8809712e+00
  -2.1666136e+00
  -2.4563129e+00
  -2.8641486e+00
  -3.5524509e+00
  -4.4042335e+00
  -4.6982803e+00
  -1.8608570e+00
   5.1234335e-01
   2.1047809e+00
   1.3192315e+00
  -1.4258103e-01
  -3.9994556e-01
  -5.6183964e-01
  -1.0256790e+00
  -1.6952474e+00
  -2.7278523e+00
  -4.1405315e+00
  -5.5999961e+00
  -3.3238273e+00
  -6.1873484e-01
  -5.3204554e-01
  -2.6500982e-01
  -2.6142304e+00
  -4.8312860e+00
  -4.3663692e+00
  -1.0536602e+00
   8.4154379e-01
  -1.6246169e+00
  -2.6236372e+00
  -2.2776992e+00
  -1.9818823e-01
   1.4150095e+00
   1.2839864e+00
   1.4131056e+00
   1.6703515e+00
   8.0848217e-01
   9.4786209e-01
   1.0125079e+00
   1.1244608e+00
   1.1958430e+00
   1.5024219e+00
   1.5928911e+00
   1.4021010e+00
   9.3525243e-01
   2.5025612e-01
  -4.8438233e-01
  -1.1411164e+00
  -1.6354392e+00
  -1.9686112e+00
  -2.2558036e+00
  -2.6770160e+00
  -3.4589000e+00
  -4.5366611e+00
  -5.0296302e+00
  -8.6582744e-01
   7.7395195e-01
   2.4032636e+00
   1.5137510e+00
   3.6656064e-01
   4.6834517e-01
   4.2945560e-02
  -5.0944471e-01
  -1.1409011e+00
  -2.0683286e+00
  -3.5459290e+00
  -5.2952957e+00
  -4.1550446e+00
  -2.4896640e-01
  -5.8924121e-01
  -2.6096889e-01
  -1.8799912e+00
  -4.8649669e+00
  -5.2358260e+00
  -1.5396557e+00
   8.3835101e-01
  -1.6184785e+00
  -2.9969587e+00
  -2.3293240e+00
   3.4000719e-01
   2.4709110e+00
   3.1085060e+00
   2.2669408e+00
   1.5537274e+00
   1.2334998e+00
   7.3146993e-01
   7.3484063e-01
   1.2536135e+00
   1.5122257e+00
   1.8385497e+00
   1.9792267e+00
   1.8943623e+00
   1.5298872e+00
   8.9325839e-01
   9.1084518e-02
  -7.0935428e-01
  -1.3185548e+00
  -1.7032825e+00
  -1.9833347e+00
  -2.4160047e+00
  -3.3373764e+00
  -4.7095895e+00
  -4.8781085e+00
  -1.9803151e-01
   6.0507751e-01
   1.7853016e+00
   9.6711683e-01
   7.2281736e-01
   8.4148437e-01
   4.7048268e-01
  -1.8911734e-02
  -5.9428638e-01
  -1.3499225e+00
  -2.7380846e+00
  -4.8528905e+00
  -4.8272462e+00
  -4.0611282e-01
   1.2191364e-01
  -1.9519207e-01
  -1.6345395e+00
  -3.4297438e+00
  -2.7858021e+00
  -5.7067502e-01
   3.8807988e-01
  -7.1197653e-01
  -3.4286690e+00
  -3.2152841e+00
   1.6787049e-01
   1.1298996e+00
   2.3874478e+00
   2.0326276e+00
   3.3511382e-01
   7.9469317e-01
   1.8887524e-01
   4.7867456e-01
   1.1046370e+00
   1.7057076e+00
   2.1756554e+00
   2.3837986e+00
   2.3206794e+00
   2.0003545e+00
   1.4331210e+00
   6.3575476e-01
  -2.6614171e-01
  -9.8679185e-01
  -1.3844929e+00
  -1.6131521e+00
  -1.9988507e+00
  -3.0339458e+00
  -4.7399540e+00
  -3.9254920e+00
   6.0325229e-01
   7.3837543e-01
   1.2567618e+00
   5.0713468e-01
   4.9046344e-01
   1.7158716e+00
   1.2725108e+00
   4.8793325e-01
  -1.7027441e-02
  -5.7405883e-01
  -1.7756771e+00
  -3.9931786e+00
  -4.0425367e+00
  -1.0445182e+00
  -1.1858143e-01
  -7.9541072e-02
  -1.2861345e+00
  -2.8255765e+00
  -1.1382589e+00
  -5.9937525e-01
  -4.9194422e-02
  -1.9385105e-01
  -3.3296714e+00
  -4.4188652e+00
  -9.4898927e-01
  -7.3547202e-01
   2.6879892e-01
   1.8836731e-01
  -4.8126289e-01
  -2.0099517e-01
  -2.3636104e-01
  -6.0781766e-02
   6.2584678e-01
   1.3819500e+00
   2.1851100e+00
   2.6028513e+00
   2.6584872e+00
   2.3698703e+00
   1.8429930e+00
   1.0409874e+00
   8.5707766e-02
  -7.0182232e-01
  -1.1041302e+00
  -1.2804863e+00
  -1.5608953e+00
  -2.5595931e+00
  -4.6322401e+00
  -2.6069209e+00
   9.0750175e-01
   9.3355435e-01
   1.2963233e+00
   3.8222279e-01
   7.5111051e-02
   1.0537828e+00
   1.6087467e+00
   9.1885304e-01
   5.1279619e-01
   1.3028490e-01
  -7.8774671e-01
  -3.0704560e+00
  -3.7236922e+00
  -4.2960742e-01
  -2.5938211e-01
  -3.1869571e-01
  -1.0661523e+00
  -1.6894237e+00
   4.1949820e-01
   1.0830437e-01
  -1.0607572e-01
  -2.7464943e-01
  -3.1703736e+00
  -4.2870195e+00
  -2.8135354e+00
  -2.2007533e+00
  -8.4380834e-01
   4.7462669e-01
   6.3577533e-02
  -3.0306062e-01
  -5.8620358e-01
  -2.8291038e-01
   2.9618695e-01
   6.3151449e-01
   1.7156620e+00
   2.3498585e+00
   2.6781025e+00
   2.5936649e+00
   2.1834679e+00
   1.4181380e+00
   4.2969382e-01
  -3.9869806e-01
  -7.9713136e-01
  -9.2191690e-01
  -1.0908509e+00
  -1.9278494e+00
  -4.2296758e+00
  -1.0152488e+00
   7.9034197e-01
   1.2491760e+00
   1.3120208e+00
   5.3040004e-01
   2.8187799e-01
   9.8943442e-02
   1.1718723e+00
   1.1777111e+00
   9.3116826e-01
   6.7924482e-01
   1.3385430e-01
  -1.9352950e+00
  -3.0906641e+00
  -2.5755191e-01
  -1.2486356e-01
  -8.8800257e-01
  -8.1998312e-01
  -6.4145118e-01
   1.2507743e-01
  -2.5416005e-01
  -2.9900569e-02
  -5.1632720e-01
  -2.1797926e+00
  -2.0966473e+00
  -1.8935313e+00
  -1.4883559e+00
  -8.4998137e-01
   1.1228405e+00
  -4.6417874e-01
  -4.3029916e-02
  -6.0725141e-01
  -1.1111568e+00
  -3.7919685e-01
  -3.4373292e-01
   6.6805440e-01
   1.5601482e+00
   2.2081442e+00
   2.4515765e+00
   2.2599692e+00
   1.6670375e+00
   7.3640382e-01
  -1.0629924e-01
  -4.9040833e-01
  -5.2399725e-01
  -5.8509386e-01
  -1.1826662e+00
  -3.1922131e+00
  -2.3547129e-01
   7.8421092e-01
   1.1916523e+00
   1.1101891e+00
   4.0284464e-01
   2.7997535e-01
   2.2484364e-02
   6.9129979e-03
   8.0454952e-01
   1.1006517e+00
   1.1496675e+00
   8.1365681e-01
  -7.0090234e-01
  -2.1088378e+00
  -3.6678678e-01
  -1.5404363e-01
  -8.7035888e-01
  -3.0238488e-01
  -2.4026163e-01
   6.5316997e-02
  -2.4730125e-02
  -1.6887154e-01
  -5.6581736e-01
  -1.6920898e+00
  -1.4712499e+00
  -1.9434241e+00
  -8.8612920e-01
   9.3277109e-01
   3.6105019e-01
   4.3995512e-01
  -3.9593843e-01
   1.7759465e-01
  -6.4417368e-01
  -1.3800482e+00
  -1.5241690e+00
  -7.9544258e-01
   3.5172856e-01
   1.3419251e+00
   1.9620763e+00
   2.0475829e+00
   1.6994865e+00
   9.4447017e-01
   1.7607605e-01
  -2.0255120e-01
  -1.4624606e-01
  -6.6110767e-02
  -3.6619562e-01
  -1.7418760e+00
   1.6613051e-01
   1.5511130e-01
   3.9307734e-01
   5.8542812e-01
   2.0666622e-01
   2.5427816e-02
   3.2243079e-01
   1.0125643e-02
  -7.9829477e-02
   5.1521671e-01
   1.1980250e+00
   1.1306113e+00
   2.3154433e-01
  -1.1536911e+00
  -4.4130057e-01
  -2.2596090e-01
  -2.4895953e-01
  -2.6365629e-01
  -2.8403062e-01
  -7.8863078e-01
  -2.5850388e-01
  -3.3713292e-02
  -3.7737533e-01
  -8.2497293e-01
  -4.0486190e-01
  -1.4583422e+00
  -1.5064319e+00
   5.4073328e-01
   8.2774597e-01
  -6.4098861e-01
   4.3295633e-01
   5.7574374e-01
   7.2472402e-01
  -8.4298299e-01
  -1.8820901e+00
  -1.8871809e+00
  -7.3003939e-01
   4.9431238e-01
   1.4454731e+00
   1.7768525e+00
   1.6025151e+00
   1.0289381e+00
   3.8756092e-01
   7.1901650e-02
   2.1381506e-01
   4.7474479e-01
   4.5911836e-01
  -1.7230875e-01
   5.6578375e-01
   2.6460912e-02
   1.1024628e-01
   1.0549170e-01
  -4.0637099e-02
  -1.5806763e-01
  -1.5295683e-01
   2.4703188e-01
   2.4301848e-01
  -2.8571567e-01
   4.5249069e-02
   7.7436528e-01
   5.9787835e-01
  -3.4959759e-01
   7.5158680e-02
  -1.4430677e-01
  -4.3596169e-01
  -4.0783878e-01
  -2.2514619e-01
  -1.8223008e-01
  -8.4078553e-02
   7.1156570e-02
  -1.7132979e-01
  -1.2275976e-01
   3.3521060e-02
  -1.0348163e-01
  -2.8226957e-01
   6.9809821e-01
  -3.5414676e-01
   4.9271591e-02
   4.8776406e-01
   3.1593120e-01
   2.0580313e-01
   9.5686764e-01
  -1.2178164e+00
  -1.7227234e+00
  -1.1590062e+00
   9.4996355e-02
   1.2090482e+00
   1.6081126e+00
   1.4652119e+00
   9.8352510e-01
   3.6094445e-01
   9.9592865e-02
   3.5000387e-01
   8.1193250e-01
   9.8726010e-01
   4.6830019e-01
   8.9193934e-01
   3.8417548e-01
  -2.1146168e-01
  -1.1399144e-01
  -2.3260954e-01
  -3.1123662e-01
  -2.1483919e-01
  -4.3239143e-02
  -1.0712142e-01
  -5.2960581e-01
  -4.3215770e-01
   3.9994740e-01
   5.1059854e-01
   3.7916249e-01
   2.8537416e-01
  -6.4694470e-01
   1.7794029e-01
   9.6951947e-02
  -5.0122319e-03
   1.2045872e-01
   4.8467267e-02
   2.1292351e-02
  -3.0360591e-01
  -1.1148160e-01
   2.8692797e-01
  -1.4927071e-01
   2.9057744e-01
   6.2208921e-02
   3.9260119e-02
   6.0207093e-01
   1.5048736e-01
   1.7030472e-01
   4.7221681e-01
  -6.8327856e-01
  -8.0010957e-01
  -1.6482505e+00
  -1.5897179e+00
  -5.0265503e-01
   1.0793234e+00
   1.4327013e+00
   1.2354463e+00
   7.2589278e-01
   9.8341428e-02
  -1.6320916e-01
   2.8123322e-01
   8.5916942e-01
   1.4508632e+00
   9.5077336e-01
   7.3122424e-01
  -1.2263895e-01
  -3.7576649e-01
  -3.7009671e-01
  -5.0431430e-01
  -5.2807456e-01
  -3.5077351e-01
  -8.7629527e-02
  -3.1646556e-01
  -6.2150919e-01
  -7.0099008e-01
  -9.2374980e-03
   4.8878449e-01
   4.3997034e-01
  -4.2173926e-02
  -1.2093152e+00
  -3.9110467e-01
  -2.6123977e-01
   1.1913134e-03
  -1.7404896e-01
  -3.3167425e-01
   2.7300435e-01
   7.9735219e-03
  -1.2119921e-01
   2.1538565e-02
  -2.2978102e-01
   4.1439405e-01
   4.8677197e-01
  -6.8348080e-02
   3.0870044e-01
   3.8957140e-01
  -2.0073693e-01
   6.6353902e-03
  -2.5807431e-01
  -1.9582489e+00
  -1.5277284e+00
  -8.2330483e-01
  -1.9700822e+00
   1.3360414e-01
   7.2591084e-01
   9.5976311e-01
   2.8763035e-01
  -5.6445479e-01
  -1.3795218e+00
  -5.0781870e-01
   4.2545724e-01
   1.1347561e+00
   9.7946161e-01
   5.4851139e-01
  -3.6506969e-01
  -3.7177721e-01
  -5.5227351e-01
  -7.3439747e-01
  -7.0774192e-01
  -4.0295985e-01
  -1.4090326e-01
  -7.5310886e-01
  -1.3875279e-01
  -4.0691659e-01
  -1.2045683e+00
  -1.8149421e-01
  -5.8802229e-01
  -8.4416974e-01
  -5.1435721e-01
   1.9251186e-02
  -3.5551912e-01
  -2.9470256e-01
  -4.6090880e-01
  -4.6048927e-01
  -9.6411437e-02
  -1.2472710e-03
  -6.2885171e-01
  -2.5258219e-01
  -2.1603081e-01
   2.6679283e-01
   2.5695992e-01
   2.4765726e-02
  -2.5580816e-02
   6.1484301e-01
   2.7206215e-01
   4.8638009e-02
   1.2542406e-01
  -2.3654566e+00
  -2.2488823e+00
  -5.8872443e-01
  -1.1461321e+00
  -1.8999647e+00
  -1.0116190e+00
   2.7040455e-01
  -1.1433949e-01
  -3.5195595e-01
  -1.1780924e+00
  -1.2888844e+00
  -6.6765785e-01
   7.8841202e-02
   1.5287142e+00
   3.4631339e-01
  -3.2384643e-01
  -5.0027609e-01
  -8.9517796e-01
  -9.9102521e-01
  -8.5282612e-01
  -3.7623125e-01
   1.7409690e-01
  -7.5546789e-01
  -2.6061648e-01
   9.5647061e-01
   2.6087928e-01
  -2.7692780e-01
  -5.5718213e-01
  -1.6467773e+00
  -8.5712922e-01
   7.5377679e-01
   8.1518218e-03
  -4.5154095e-01
  -6.0731715e-01
  -4.3787092e-01
  -9.0830624e-02
  -5.1437557e-01
  -8.4073466e-01
  -5.7034791e-01
  -3.2294497e-01
  -1.3236676e-01
  -4.1203135e-01
   3.9854565e-01
  -3.1287182e-02
  -3.7575454e-01
  -1.9145752e-01
  -3.6145398e-01
  -1.8185833e-02
   2.1841672e-01
   2.6558620e-01
  -1.2090005e-01
  -5.8178282e-01
  -6.5804160e-01
  -7.1557009e-01
  -1.0375128e-01
   7.2904456e-01
   3.6966664e-01
   9.6876204e-01
   1.2947974e+00
   9.6136969e-01
   1.8542397e+00
   1.1028243e+00
  -1.8101738e-01
  -6.4410383e-01
  -1.3524193e+00
  -8.2018083e-01
  -5.1038897e-01
  -9.4546098e-01
  -5.8793396e-01
  -4.4186813e-01
  -6.1512244e-01
  -1.0135952e-01
   7.8918940e-01
   1.2946998e+00
   1.1136419e+00
  -1.0988288e-01
  -1.2543213e+00
  -1.2125036e+00
  -2.5637662e-01
   2.0340608e-01
  -5.9810814e-02
  -3.3081776e-01
  -4.2591000e-01
  -2.5727856e-01
  -2.9953161e-01
  -4.6802479e-01
  -8.1571931e-01
  -4.4872910e-01
   2.4852432e-01
   4.5875746e-01
   6.5794551e-01
  -4.4963837e-01
  -2.9361561e-01
   3.5138060e-03
   1.4483714e-01
   5.7828408e-02
   1.5297276e-02
   1.2665392e-01
   1.0514092e-01
  -1.6985665e-01
  -2.0121625e-01
   1.2776856e-01
   2.0929590e-01
  -9.7985566e-02
  -3.8195500e-01
  -3.0861583e-01
  -1.7790700e-01
  -2.1195221e-01
  -3.3740836e-01
  -5.1804060e-01
  -7.9861552e-01
  -1.0975928e+00
  -1.3861886e+00
  -1.4168316e+00
  -9.5372987e-01
  -3.9743066e-01
  -4.3372685e-01
  -7.8210431e-01
  -8.0701584e-01
  -5.3961349e-01
   1.4701415e-02
   4.2995939e-01
   2.3874764e-01
  -3.1268522e-01
  -4.0985951e-01
  -2.1393947e-01
  -1.8266356e-01
  -4.2635876e-01
  -4.8722994e-01
  -2.6462090e-01
  -2.3818532e-01
  -4.8343310e-01
  -5.9844553e-01
  -5.5467814e-01
  -4.7395024e-01
  -3.3971912e-01
  -1.7350769e-01
  -1.4614508e-01
  -3.3334419e-01
