   0.0000000e+00
   0.0000000e+00
   0.0000000e+00
   0.0000000e+00
   0.0000000e+00
   0.0000000e+00
   0.0000000e+00
   0.0000000e+00
   0.0000000e+00
   0.0000000e+00
   0.0000000e+00
   0.0000000e+00
   0.0000000e+00
  -0.0000000e+00
  -0.0000000e+00
  -0.0000000e+00
   0.0000000e+00
   0.0000000e+00
  -0.0000000e+00
  -0.0000000e+00
   0.0000000e+00
   0.0000000e+00
   0.0000000e+00
   0.0000000e+00
   0.0000000e+00
   0.0000000e+00
   7.0934331e-02
   6.4287115e-02
   3.5144156e-02
   1.2125040e-02
   3.0831815e-03
  -0.0000000e+00
   0.0000000e+00
   0.0000000e+00
   0.0000000e+00
   0.0000000e+00
   0.0000000e+00
   0.0000000e+00
   0.0000000e+00
   0.0000000e+00
   0.0000000e+00
   0.0000000e+00
   0.0000000e+00
   0.0000000e+00
   0.0000000e+00
   0.0000000e+00
   0.0000000e+00
   0.0000000e+00
   0.0000000e+00
   0.0000000e+00
   0.0000000e+00
   0.0000000e+00
   0.0000000e+00
   0.0000000e+00
   0.0000000e+00
   0.0000000e+00
   9.8235391e-02
   5.4215241e-02
   2.3880580e-02
   5.7394183e-03
  -4.1592680e-03
  -6.2712668e-03
  -8.3767762e-03
  -5.2819335e-03
  -5.3567415e-03
  -7.5696631e-04
   1.2131097e-04
   2.9832105e-03
   2.9367075e-03
  -8.5345661e-04
  -5.3190395e-03
  -2.1169396e-02
  -2.1651254e-02
   0.0000000e+00
   3.4400377e-02
   2.2267940e-02
   2.2408606e-02
   1.7876772e-02
   1.4727029e-02
   1.1492929e-02
   1.0578738e-02
   7.2858231e-03
   8.9578348e-04
   3.7112432e-03
   8.5293332e-03
   7.8766922e-03
  -0.0000000e+00
  -0.0000000e+00
   0.0000000e+00
   0.0000000e+00
   0.0000000e+00
   0.0000000e+00
   0.0000000e+00
   0.0000000e+00
   0.0000000e+00
   0.0000000e+00
  -6.9070881e-04
  -7.2070009e-03
  -1.4057966e-02
  -1.5205034e-02
  -2.0666654e-03
   2.7620501e-03
   4.1319916e-03
   9.5497752e-03
   1.0259552e-02
  -5.7373813e-04
  -9.7281365e-03
  -1.6743328e-02
  -1.8926498e-02
  -1.4353535e-02
  -9.6454509e-03
  -6.5495698e-03
  -9.7040227e-03
  -7.7032172e-03
  -5.6818072e-03
  -2.6228197e-03
  -6.2074838e-04
  -3.7939902e-03
  -5.9152059e-03
  -1.5170281e-02
  -2.4020852e-02
  -2.3962623e-02
   1.6068082e-03
   3.1604685e-03
   4.4755358e-03
   8.0612237e-03
   1.2894490e-02
   1.4875402e-02
   1.4778160e-02
   1.0847809e-02
   5.5916212e-03
   1.4319218e-03
   1.5648725e-03
  -9.2023809e-04
  -4.4573513e-03
  -1.2067066e-02
  -8.8778819e-03
   1.5383200e-02
   3.5513728e-02
   3.7169326e-02
   1.0683874e-02
   1.7221093e-03
  -5.9173117e-04
  -1.0640234e-04
  -2.3469402e-02
  -2.5802359e-02
  -2.4718625e-02
  -2.3630183e-02
  -2.0001747e-02
  -1.3204089e-02
  -1.2803193e-03
  -1.6051609e-03
  -5.2870391e-03
  -1.4139926e-02
  -2.0572698e-02
  -2.3087895e-02
  -2.0212924e-02
  -1.4116551e-02
  -7.5585176e-03
  -8.8760918e-03
  -1.5747882e-02
  -1.5315214e-02
  -1.1854755e-02
  -1.0575780e-02
  -8.7767160e-03
  -1.1894168e-02
  -1.5771709e-02
  -2.6309531e-02
  -5.2998974e-02
  -4.3742083e-02
   1.2703271e-02
   3.3442590e-03
   1.3902257e-03
   2.1329359e-03
   5.7995082e-03
   6.3434322e-03
   3.7379221e-03
  -7.9116423e-04
  -6.0404181e-03
  -1.1902167e-02
  -1.7867334e-02
  -2.0163117e-02
  -1.8617194e-02
  -1.4126758e-02
  -5.2973637e-03
   5.2856151e-03
   1.3438782e-02
   1.2887337e-02
   6.9357445e-03
  -5.0667097e-04
  -1.2657565e-02
  -2.0978892e-02
  -4.5968331e-02
  -3.4793305e-02
  -2.8505659e-02
  -2.7472371e-02
  -2.8315444e-02
   0.0000000e+00
   7.2650902e-03
   8.7267288e-04
  -5.8878008e-03
  -1.4177747e-02
  -1.9287004e-02
  -1.6042429e-02
  -1.1520021e-02
  -7.1377777e-03
  -4.0859790e-03
  -1.0866903e-02
  -1.9558515e-02
  -1.8217683e-02
  -1.5960693e-02
  -1.6886409e-02
  -1.4323230e-02
  -1.7896537e-02
  -2.3395672e-02
  -2.7234364e-02
  -6.8745613e-02
   0.0000000e+00
   0.0000000e+00
  -2.4584908e-04
  -5.3404989e-03
  -4.2265421e-03
  -2.4738507e-03
  -3.9536487e-03
  -8.0096032e-03
  -1.4108957e-02
  -2.0049442e-02
  -2.7462155e-02
  -3.2537237e-02
  -3.2013290e-02
  -2.7625803e-02
  -1.8725984e-02
  -8.1319241e-03
   3.6792406e-03
   1.1274394e-02
   5.2834586e-03
  -8.0351798e-05
  -1.1739083e-02
  -3.4134172e-02
  -4.7049588e-02
   0.0000000e+00
  -0.0000000e+00
  -1.6151971e-02
  -1.6084344e-02
   0.0000000e+00
   0.0000000e+00
   1.5918105e-02
   4.9285196e-03
  -4.8828722e-03
  -1.1160746e-02
  -1.5133496e-02
  -9.2456213e-03
  -3.8159699e-03
  -2.8684727e-03
  -6.6978776e-03
  -1.6143804e-02
  -2.0974132e-02
  -2.0343626e-02
  -2.0424065e-02
  -2.0308059e-02
  -1.9749400e-02
  -2.1001002e-02
  -2.1915282e-02
  -2.1850253e-02
  -3.5524631e-02
   0.0000000e+00
  -0.0000000e+00
  -7.5777382e-03
  -1.0713180e-02
  -9.3852069e-03
  -9.8398675e-03
  -1.3071716e-02
  -1.8533334e-02
  -2.4649502e-02
  -3.0145118e-02
  -3.4659528e-02
  -3.6045977e-02
  -3.2361660e-02
  -2.3146420e-02
  -1.2739818e-02
  -4.5493996e-03
   8.4246305e-03
   1.2478750e-02
   2.2212630e-03
  -5.7992104e-03
  -2.3678741e-02
  -4.3493805e-02
  -5.0717748e-02
   0.0000000e+00
  -0.0000000e+00
  -0.0000000e+00
   0.0000000e+00
   0.0000000e+00
   0.0000000e+00
   0.0000000e+00
   1.0168873e-02
  -2.3459035e-03
  -8.7369466e-03
  -1.3464207e-02
  -7.0727341e-03
  -4.5186672e-03
  -6.6572847e-03
  -1.2864163e-02
  -1.9077543e-02
  -2.1958334e-02
  -2.2022951e-02
  -2.2507273e-02
  -2.2470016e-02
  -2.1528553e-02
  -2.0653982e-02
  -1.9386675e-02
  -1.5909689e-02
  -9.9281209e-03
  -1.8135510e-02
  -0.0000000e+00
  -1.0720495e-02
  -1.4319096e-02
  -1.1947805e-02
  -1.4662539e-02
  -1.9152919e-02
  -2.3966726e-02
  -2.7492125e-02
  -2.9453518e-02
  -3.0274147e-02
  -2.8102674e-02
  -2.2417629e-02
  -9.4390549e-03
  -9.2598551e-04
   3.4786891e-03
   1.2046289e-02
   1.0180552e-02
  -6.6981226e-04
  -1.0881873e-02
  -2.6940523e-02
  -3.8479019e-02
  -3.9794283e-02
   0.0000000e+00
   0.0000000e+00
   0.0000000e+00
   0.0000000e+00
   0.0000000e+00
   0.0000000e+00
   0.0000000e+00
   1.2056828e-02
  -3.6816769e-03
  -8.4406752e-03
  -9.9239771e-03
  -7.4249150e-03
  -5.8735921e-03
  -9.9015171e-03
  -1.6133673e-02
  -1.9712217e-02
  -2.1042414e-02
  -2.1269934e-02
  -2.2032026e-02
  -2.2352746e-02
  -2.1652993e-02
  -1.9877939e-02
  -1.5943665e-02
  -8.4156683e-03
   1.7293277e-03
  -6.2849120e-03
  -0.0000000e+00
  -1.2716519e-02
  -1.4186840e-02
  -1.3425355e-02
  -1.9815017e-02
  -2.4713878e-02
  -2.6567023e-02
  -2.4339160e-02
  -1.9818874e-02
  -1.5329585e-02
  -1.2497255e-02
  -6.8403706e-03
   3.7321297e-03
   1.8453664e-03
   1.6960070e-03
   5.0414260e-03
   1.5341912e-03
  -5.6859110e-03
  -1.4121261e-02
  -2.2955777e-02
  -2.3425998e-02
  -1.3761090e-02
   0.0000000e+00
   0.0000000e+00
   0.0000000e+00
   0.0000000e+00
   0.0000000e+00
   0.0000000e+00
   0.0000000e+00
   6.5243440e-03
  -8.7974714e-03
  -1.1303101e-02
  -1.0489690e-02
  -8.8245124e-03
  -8.7799402e-03
  -1.1003659e-02
  -1.5442532e-02
  -1.7618444e-02
  -1.7871736e-02
  -1.8766126e-02
  -1.9942354e-02
  -2.1014122e-02
  -2.0435540e-02
  -1.7781587e-02
  -1.1925325e-02
  -1.4945742e-03
   1.6319625e-02
   1.4966497e-02
   0.0000000e+00
   0.0000000e+00
  -1.6321143e-02
  -2.1258559e-02
  -2.7001452e-02
  -2.8398603e-02
  -2.4689833e-02
  -1.6267451e-02
  -3.6080030e-03
   4.7232309e-03
  -5.2686666e-03
   1.5170574e-03
   1.0246281e-03
  -5.4672081e-03
  -5.6338767e-03
  -3.8566028e-03
  -4.6743173e-03
  -7.4384608e-03
  -1.1525529e-02
  -1.3785593e-02
  -6.6216416e-03
   1.2014304e-02
   3.6445002e-02
   0.0000000e+00
   0.0000000e+00
   0.0000000e+00
   0.0000000e+00
   0.0000000e+00
   1.7877733e-02
   3.9973271e-03
  -1.1591508e-02
  -1.1967785e-02
  -1.0962260e-02
  -9.7235171e-03
  -9.0407953e-03
  -9.0848263e-03
  -1.1480039e-02
  -1.2759193e-02
  -1.3534543e-02
  -1.5400938e-02
  -1.7043475e-02
  -1.8781925e-02
  -1.7766690e-02
  -1.4034681e-02
  -6.6621006e-03
   6.4833290e-03
   3.1819988e-02
   3.5062492e-02
   0.0000000e+00
   0.0000000e+00
  -2.3136038e-02
  -3.3872176e-02
  -3.7483815e-02
  -3.1062383e-02
  -1.9484185e-02
  -4.7013345e-03
   1.8137163e-02
   3.6620964e-02
   0.0000000e+00
   0.0000000e+00
  -7.1485418e-03
  -8.7796580e-03
  -9.2126932e-03
  -7.8476761e-03
  -5.1365630e-03
  -3.9952314e-03
  -4.1996976e-03
  -2.2009779e-03
   9.0468414e-03
   3.1274068e-02
   3.3454564e-02
   0.0000000e+00
   0.0000000e+00
   0.0000000e+00
   0.0000000e+00
   0.0000000e+00
   1.4955926e-02
   6.3786135e-03
  -9.9258280e-03
  -8.9588534e-03
  -8.9936746e-03
  -7.9060304e-03
  -6.1431005e-03
  -4.6627194e-03
  -5.5914930e-03
  -6.7970757e-03
  -9.1629034e-03
  -1.1408638e-02
  -1.3747182e-02
  -1.5566731e-02
  -1.3787216e-02
  -8.9239362e-03
  -8.0394336e-04
   1.4841081e-02
   4.4668219e-02
   5.1404807e-02
   0.0000000e+00
   0.0000000e+00
  -0.0000000e+00
  -4.1764459e-02
  -4.4049180e-02
  -2.8338859e-02
  -1.0825169e-02
   8.9631216e-03
   4.1665035e-02
   5.2006791e-02
   0.0000000e+00
   0.0000000e+00
  -1.3225360e-02
  -9.7250637e-03
  -1.2481139e-02
  -7.7332156e-03
  -8.9800433e-04
   2.9560082e-03
   5.4682957e-03
   9.8978911e-03
   2.1611342e-02
   3.8590594e-02
   3.2639136e-02
   2.4136076e-02
   0.0000000e+00
   0.0000000e+00
   0.0000000e+00
   1.6264011e-02
   1.2709897e-02
   5.1799122e-03
  -4.5680000e-03
  -5.0069191e-03
  -5.7656956e-03
  -4.1472139e-03
  -1.3870008e-03
   3.7176826e-04
   4.1448843e-04
  -1.7188669e-03
  -5.2855466e-03
  -7.7130995e-03
  -1.0711718e-02
  -1.2165437e-02
  -9.3518142e-03
  -3.9174617e-03
   4.7546844e-03
   2.2504665e-02
   5.3236075e-02
   6.0584875e-02
   0.0000000e+00
   0.0000000e+00
  -0.0000000e+00
  -4.8019942e-02
  -4.9331557e-02
  -2.2053748e-02
  -1.2109396e-03
   2.2860013e-02
   6.7475393e-02
   8.3977194e-02
   0.0000000e+00
   0.0000000e+00
  -1.1216530e-02
  -9.5034838e-03
  -1.4659068e-02
  -3.3445442e-03
   6.4049917e-03
   1.1711883e-02
   1.5882183e-02
   2.1024687e-02
   3.0087817e-02
   3.9231025e-02
   3.5782129e-02
   3.0201051e-02
   1.9085415e-02
   0.0000000e+00
   0.0000000e+00
   1.6844123e-02
   1.0730639e-02
   2.8365320e-03
   1.3451843e-03
  -2.0413897e-03
  -2.6151543e-03
   8.0348022e-05
   3.0376527e-03
   4.4529890e-03
   4.5112437e-03
   1.1026290e-03
  -2.8393571e-03
  -5.6963926e-03
  -9.0816906e-03
  -9.5476964e-03
  -5.6194770e-03
   5.4808264e-04
   1.0637291e-02
   3.0321702e-02
   5.5731516e-02
   5.7639519e-02
   0.0000000e+00
   0.0000000e+00
   0.0000000e+00
  -5.8676927e-02
  -5.3831711e-02
  -1.5136464e-02
   8.1823207e-03
   3.8433261e-02
   8.2817540e-02
   9.0660908e-02
   0.0000000e+00
   0.0000000e+00
  -1.0384101e-02
  -1.0608319e-02
  -1.1541643e-02
   4.5581120e-03
   1.5584803e-02
   2.1369152e-02
   2.5967522e-02
   3.0067969e-02
   3.4968719e-02
   3.8438655e-02
   3.7400503e-02
   2.6833983e-02
   2.0853253e-02
   0.0000000e+00
   0.0000000e+00
   1.6037751e-02
   1.1731467e-02
   7.3740943e-03
   3.2347138e-03
  -5.4606347e-04
  -4.3401486e-04
   2.8912537e-03
   5.3164950e-03
   6.1778794e-03
   5.2199541e-03
   1.1824918e-03
  -2.9410236e-03
  -6.0908105e-03
  -8.7743541e-03
  -7.6035289e-03
  -2.6080171e-03
   4.8884084e-03
   1.6848601e-02
   3.7948206e-02
   5.4016043e-02
   4.7297838e-02
   0.0000000e+00
   0.0000000e+00
   0.0000000e+00
  -0.0000000e+00
  -5.2267642e-02
  -8.2653360e-03
   1.6294623e-02
   4.9832474e-02
   7.6837785e-02
   7.0174994e-02
   0.0000000e+00
   0.0000000e+00
  -1.5919639e-02
  -2.4878234e-02
  -5.6455882e-03
   1.2660173e-02
   2.3153722e-02
   2.8933132e-02
   3.3440694e-02
   3.6376789e-02
   3.8668726e-02
   3.9885826e-02
   3.8979538e-02
   3.0493079e-02
   2.3743481e-02
   0.0000000e+00
   0.0000000e+00
   1.5484995e-02
   1.2900357e-02
   8.4856860e-03
   2.7506996e-03
  -8.0187764e-04
   4.3203682e-04
   3.8875015e-03
   5.8539105e-03
   5.8108158e-03
   3.4514256e-03
  -1.0610650e-03
  -4.7803037e-03
  -7.3326379e-03
  -8.2001006e-03
  -5.1648119e-03
   1.0787781e-03
   1.0205831e-02
   2.4098834e-02
   4.7058597e-02
   5.2476374e-02
   3.1431352e-02
   0.0000000e+00
   0.0000000e+00
   0.0000000e+00
   0.0000000e+00
  -3.8973099e-02
  -6.2206062e-04
   2.3945363e-02
   5.7633553e-02
   8.2416865e-02
   0.0000000e+00
   0.0000000e+00
   0.0000000e+00
  -0.0000000e+00
  -3.7923362e-02
   0.0000000e+00
   2.0869577e-02
   2.9533269e-02
   3.5592973e-02
   4.0534690e-02
   4.3067746e-02
   4.3698702e-02
   4.2960417e-02
   3.9434812e-02
   3.0872358e-02
   2.3826344e-02
   1.6226350e-02
   1.7221128e-02
   1.3963793e-02
   1.1535267e-02
   6.1749948e-03
  -3.0538751e-05
  -2.3774069e-03
  -2.1088569e-04
   3.1498900e-03
   4.5000137e-03
   3.1949925e-03
  -3.3076587e-04
  -4.3752198e-03
  -6.9528195e-03
  -8.0500683e-03
  -6.5602680e-03
  -1.7502118e-03
   5.8124845e-03
   1.6646417e-02
   3.2602571e-02
   5.7161056e-02
   6.5848391e-02
   0.0000000e+00
   0.0000000e+00
   0.0000000e+00
   0.0000000e+00
   0.0000000e+00
  -2.2359466e-02
   8.2251047e-03
   3.1868189e-02
   6.3331477e-02
   8.1728167e-02
   0.0000000e+00
   0.0000000e+00
   0.0000000e+00
   0.0000000e+00
  -1.7170522e-02
   0.0000000e+00
   2.9116690e-02
   3.5029862e-02
   4.1916786e-02
   4.8160905e-02
   5.0422644e-02
   4.8913805e-02
   4.5301380e-02
   3.7493464e-02
   2.8489999e-02
   2.0908156e-02
   1.6139008e-02
   1.4862729e-02
   9.6798437e-03
   6.3102143e-03
   8.2331646e-04
  -4.0598898e-03
  -4.5214552e-03
  -1.7895778e-03
   1.2648872e-03
   1.6656093e-03
  -8.8988594e-04
  -4.3564597e-03
  -6.8364814e-03
  -7.6610274e-03
  -6.7048650e-03
  -2.9847224e-03
   3.2806243e-03
   1.1986918e-02
   2.4248371e-02
   4.1602436e-02
   6.1104368e-02
   4.9691037e-02
   0.0000000e+00
   0.0000000e+00
   0.0000000e+00
   0.0000000e+00
   0.0000000e+00
  -3.7971489e-03
   1.8192079e-02
   4.0018592e-02
   6.5172680e-02
   6.6504414e-02
   2.2028605e-02
   0.0000000e+00
   0.0000000e+00
   0.0000000e+00
  -1.0630889e-02
   3.7911440e-02
   3.5626527e-02
   3.9868772e-02
   4.7861628e-02
   5.5289399e-02
   5.6279324e-02
   5.1687632e-02
   4.4899356e-02
   3.1751521e-02
   2.3049112e-02
   1.7504178e-02
   1.3996926e-02
   7.7741384e-03
   1.8265744e-03
  -1.7490517e-03
  -5.6582028e-03
  -7.9130773e-03
  -6.4862324e-03
  -3.4459902e-03
  -1.2675601e-03
  -1.7469329e-03
  -4.1206395e-03
  -5.8460962e-03
  -6.1731115e-03
  -4.8144814e-03
  -1.7715979e-03
   3.4058583e-03
   1.0430748e-02
   1.9719638e-02
   3.2225735e-02
   4.8595116e-02
   5.9569892e-02
   5.5565781e-02
   0.0000000e+00
   0.0000000e+00
   0.0000000e+00
   0.0000000e+00
   0.0000000e+00
   1.3387528e-02
   2.8218318e-02
   4.5508515e-02
   5.9636377e-02
   4.3230087e-02
   2.0134259e-02
   0.0000000e+00
   0.0000000e+00
   0.0000000e+00
   6.9013883e-03
   3.4581710e-02
   3.9158996e-02
   4.2907972e-02
   5.1691461e-02
   5.9072021e-02
   5.7516258e-02
   4.9073763e-02
   3.9812222e-02
   1.9966936e-02
   1.2415756e-02
   8.7974416e-03
   5.1923688e-03
  -2.2344450e-03
  -7.5045289e-03
  -9.5741404e-03
  -1.0901742e-02
  -1.0488961e-02
  -8.0955941e-03
  -5.1774899e-03
  -3.5583654e-03
  -3.6709984e-03
  -4.0922342e-03
  -3.4382064e-03
  -1.3472389e-03
   2.0187604e-03
   6.6350950e-03
   1.2477217e-02
   1.9424802e-02
   2.7939718e-02
   3.8413785e-02
   5.0256308e-02
   4.6789974e-02
   3.4415760e-02
   0.0000000e+00
   0.0000000e+00
   0.0000000e+00
   0.0000000e+00
   0.0000000e+00
   2.5519603e-02
   3.5473429e-02
   4.6037484e-02
   5.0118160e-02
   3.0160330e-02
   1.1388647e-02
   0.0000000e+00
   0.0000000e+00
   0.0000000e+00
   2.0744359e-02
   3.7560221e-02
   3.9673563e-02
   4.2669717e-02
   5.0484445e-02
   5.5780765e-02
   4.9862076e-02
   3.7333880e-02
   2.7406294e-02
   5.8416351e-03
   7.3475084e-05
  -1.7790297e-03
  -4.0325204e-03
  -1.0268766e-02
  -1.4053031e-02
  -1.4142133e-02
  -1.3737598e-02
  -1.2555219e-02
  -1.0482818e-02
  -8.0288448e-03
  -6.3882837e-03
  -4.8380255e-03
  -2.7172742e-03
   4.0591048e-04
   4.4253429e-03
   9.1475515e-03
   1.4783381e-02
   2.1050548e-02
   2.7532588e-02
   3.4137516e-02
   4.0559521e-02
   4.5462320e-02
   4.4473777e-02
   0.0000000e+00
   0.0000000e+00
   0.0000000e+00
   0.0000000e+00
   0.0000000e+00
   0.0000000e+00
   0.0000000e+00
   3.9869039e-02
   4.3329249e-02
   4.1690948e-02
   2.1631556e-02
   4.3924266e-03
   0.0000000e+00
   0.0000000e+00
   0.0000000e+00
   2.6135450e-02
   3.4810061e-02
   3.7607348e-02
   3.8743536e-02
   4.3559148e-02
   4.5480749e-02
   3.4938669e-02
   1.9843715e-02
   1.1060365e-02
  -2.8787853e-03
  -7.2399857e-03
  -8.5077831e-03
  -9.0276800e-03
  -1.3888208e-02
  -1.6781353e-02
  -1.6621891e-02
  -1.6618325e-02
  -1.6464797e-02
  -1.5555367e-02
  -1.3972196e-02
  -1.2012639e-02
  -8.9326339e-03
  -4.7994268e-03
   2.6991281e-04
   5.6739378e-03
   1.1234476e-02
   1.7330642e-02
   2.3868307e-02
   3.0026639e-02
   3.4747159e-02
   3.7063139e-02
   3.6974417e-02
   3.1428654e-02
   1.4609852e-03
   0.0000000e+00
   0.0000000e+00
   0.0000000e+00
   0.0000000e+00
   0.0000000e+00
   0.0000000e+00
   4.3748895e-02
   4.1615053e-02
   3.7258657e-02
   2.6110239e-02
   0.0000000e+00
   0.0000000e+00
   0.0000000e+00
   0.0000000e+00
   2.6030403e-02
   2.7638735e-02
   3.2881023e-02
   3.2456389e-02
   3.4840105e-02
   3.4343092e-02
   2.0613424e-02
   5.1773790e-03
  -1.0559005e-03
  -5.2504976e-03
  -9.6323989e-03
  -1.1971165e-02
  -1.1068359e-02
  -1.5301580e-02
  -1.8570251e-02
  -2.0182728e-02
  -2.1649539e-02
  -2.2571628e-02
  -2.2576414e-02
  -2.1595511e-02
  -1.9385354e-02
  -1.5716762e-02
  -1.0916085e-02
  -5.3718806e-03
   4.5117290e-04
   6.2666744e-03
   1.1996108e-02
   1.7512568e-02
   2.2063622e-02
   2.4552909e-02
   2.4688737e-02
   2.2693065e-02
   1.3439373e-02
   1.3186073e-03
   0.0000000e+00
   0.0000000e+00
   0.0000000e+00
   0.0000000e+00
   0.0000000e+00
   5.5979882e-02
   4.6084060e-02
   4.1236373e-02
   3.5256671e-02
   2.2605768e-02
   0.0000000e+00
   0.0000000e+00
   0.0000000e+00
   0.0000000e+00
   2.3991823e-02
   1.7607206e-02
   2.5270844e-02
   2.4877477e-02
   2.8812885e-02
   2.8057646e-02
   1.1453084e-02
  -3.5365436e-03
  -7.1350075e-03
  -2.9857818e-03
  -8.4024630e-03
  -1.3825889e-02
  -1.1090443e-02
  -1.4136363e-02
  -1.7274905e-02
  -1.9419920e-02
  -2.1252263e-02
  -2.2477224e-02
  -2.2820754e-02
  -2.2142731e-02
  -2.0245263e-02
  -1.7112145e-02
  -1.3044018e-02
  -8.4854634e-03
  -3.6276192e-03
   1.2451505e-03
   5.7019130e-03
   9.2961378e-03
   1.1440366e-02
   1.1459625e-02
   9.6899644e-03
   7.9447720e-03
   3.9748503e-03
  -3.1016182e-04
   0.0000000e+00
   0.0000000e+00
   0.0000000e+00
   0.0000000e+00
   2.9828388e-02
   5.1945906e-02
   4.0219549e-02
   3.5982627e-02
   2.9752091e-02
   1.6330906e-02
   0.0000000e+00
   0.0000000e+00
   0.0000000e+00
   0.0000000e+00
   0.0000000e+00
   9.3898405e-03
   1.5402439e-02
   1.2957447e-02
   2.6769791e-02
   2.8890116e-02
   7.9048797e-03
  -6.9841472e-03
  -8.7081520e-03
   5.6755682e-04
  -4.0106065e-03
  -1.1998261e-02
  -6.4704285e-03
  -6.7728852e-03
  -8.3270612e-03
  -9.5508627e-03
  -1.0757886e-02
  -1.1647951e-02
  -1.1772154e-02
  -1.1117226e-02
  -9.5699791e-03
  -7.2255624e-03
  -4.4428799e-03
  -1.4899243e-03
   1.6990457e-03
   4.8795383e-03
   7.6282546e-03
   9.4631676e-03
   9.9247310e-03
   8.1562316e-03
   3.7221506e-03
  -1.4364308e-03
  -4.8952069e-03
  -4.7668803e-03
   0.0000000e+00
   0.0000000e+00
   0.0000000e+00
   0.0000000e+00
   2.9600909e-02
   4.1663273e-02
   2.8011715e-02
   2.2021591e-02
   2.0162763e-02
   9.1052869e-03
   0.0000000e+00
   0.0000000e+00
   0.0000000e+00
   0.0000000e+00
   0.0000000e+00
   6.4067617e-03
   4.1505075e-03
  -7.1426729e-05
   5.1078887e-02
   3.5272065e-02
   7.8182574e-03
  -6.7964160e-03
  -7.9228775e-03
   0.0000000e+00
   0.0000000e+00
  -0.0000000e+00
  -0.0000000e+00
  -9.0672868e-04
  -1.3096251e-03
  -1.8632093e-03
  -2.5701704e-03
  -3.0637135e-03
  -2.8661095e-03
  -1.8428643e-03
  -2.7682076e-05
   2.5012723e-03
   5.4178641e-03
   8.3908727e-03
   1.1438800e-02
   1.4498480e-02
   1.7055701e-02
   1.8325777e-02
   1.7427055e-02
   1.2955588e-02
   3.8265945e-03
  -5.8152357e-03
  -1.3469652e-02
  -1.3739927e-02
   0.0000000e+00
   0.0000000e+00
   0.0000000e+00
   6.4370695e-03
   2.5737484e-02
   3.0781126e-02
   2.1460788e-02
   0.0000000e+00
   0.0000000e+00
   0.0000000e+00
   0.0000000e+00
   0.0000000e+00
   0.0000000e+00
   0.0000000e+00
   0.0000000e+00
   1.2869122e-02
  -5.5108199e-03
  -5.2194699e-03
   0.0000000e+00
   4.4764378e-02
   1.1439385e-02
  -4.7216303e-03
  -6.6869887e-03
   0.0000000e+00
   0.0000000e+00
  -0.0000000e+00
  -0.0000000e+00
  -4.8977435e-03
  -5.4799286e-03
  -6.0243183e-03
  -6.2441491e-03
  -5.9496863e-03
  -4.9240123e-03
  -2.8506964e-03
   1.5804236e-04
   3.9200895e-03
   8.2826344e-03
   1.2763700e-02
   1.6921490e-02
   2.0699242e-02
   2.3403207e-02
   2.3630541e-02
   2.0242512e-02
   1.2492865e-02
  -1.8571148e-03
  -1.4804399e-02
  -2.1858905e-02
  -2.5824388e-02
  -3.9855256e-02
   0.0000000e+00
  -4.3641889e-03
   8.9841894e-04
   1.1489105e-02
   1.6704461e-02
   1.3310182e-02
   0.0000000e+00
   0.0000000e+00
   0.0000000e+00
   0.0000000e+00
   0.0000000e+00
   0.0000000e+00
   0.0000000e+00
   0.0000000e+00
   0.0000000e+00
  -1.8473946e-02
  -8.1813666e-03
   0.0000000e+00
   4.0617929e-02
   1.4594946e-02
  -1.7476985e-03
  -4.6145142e-03
   0.0000000e+00
   0.0000000e+00
  -0.0000000e+00
  -1.1918703e-02
  -1.4965266e-02
  -1.8095806e-02
  -2.1120394e-02
  -2.3389544e-02
  -2.4418551e-02
  -2.3986835e-02
  -2.1781759e-02
  -1.7878307e-02
  -1.2634477e-02
  -6.4238831e-03
   3.1629985e-04
   6.6506779e-03
   1.2225185e-02
   1.6567424e-02
   1.8509364e-02
   1.6752310e-02
   1.0813965e-02
  -4.9959915e-03
  -2.5489910e-02
  -1.8205674e-02
  -8.4709882e-03
  -1.9946438e-02
  -2.0090448e-02
  -1.7096742e-02
  -1.3438351e-02
  -8.2438458e-03
   9.5299096e-04
   6.5991533e-03
   0.0000000e+00
   0.0000000e+00
   0.0000000e+00
   0.0000000e+00
   0.0000000e+00
   0.0000000e+00
   0.0000000e+00
   0.0000000e+00
   0.0000000e+00
  -2.7351512e-02
  -1.2604170e-02
   0.0000000e+00
   0.0000000e+00
   1.5862539e-02
  -1.1638307e-04
  -3.7389546e-03
   0.0000000e+00
   0.0000000e+00
  -0.0000000e+00
  -1.4659855e-02
  -2.0179056e-02
  -2.5907125e-02
  -3.2356627e-02
  -3.8416550e-02
  -4.3252897e-02
  -4.6432052e-02
  -4.7614198e-02
  -4.6556473e-02
  -4.3199308e-02
  -3.7923366e-02
  -3.0880086e-02
  -2.2782702e-02
  -1.4150904e-02
  -5.2621593e-03
   2.7937479e-03
   7.8937812e-03
   9.1665704e-03
  -6.6942594e-04
  -3.7640676e-02
  -2.5607521e-02
  -2.0065913e-02
  -2.5066346e-02
  -2.4653314e-02
  -2.3925954e-02
  -2.5152996e-02
  -2.3666399e-02
  -1.3036014e-02
  -6.6362807e-03
   0.0000000e+00
   0.0000000e+00
   0.0000000e+00
   0.0000000e+00
   0.0000000e+00
   0.0000000e+00
   0.0000000e+00
   0.0000000e+00
   0.0000000e+00
  -4.1358282e-02
  -1.5842656e-02
   0.0000000e+00
   0.0000000e+00
   1.9952415e-02
   6.3667872e-03
  -3.4263870e-03
   0.0000000e+00
   0.0000000e+00
  -0.0000000e+00
  -1.2371485e-02
  -1.8551306e-02
  -2.5200393e-02
  -3.3346454e-02
  -4.1570338e-02
  -4.9000981e-02
  -5.5221911e-02
  -6.0104485e-02
  -6.3225459e-02
  -6.3970026e-02
  -6.2256213e-02
  -5.7965036e-02
  -5.1086306e-02
  -4.2196943e-02
  -3.0813713e-02
  -1.7002695e-02
  -3.9895985e-03
   3.9911072e-03
   8.2375749e-03
  -5.0589911e-02
  -3.1485686e-02
  -2.7223749e-02
  -2.8090970e-02
  -2.7800694e-02
  -2.8488977e-02
  -3.2787269e-02
  -3.4462778e-02
  -2.5424979e-02
  -1.7206250e-02
   0.0000000e+00
   0.0000000e+00
   0.0000000e+00
   0.0000000e+00
   0.0000000e+00
   0.0000000e+00
   0.0000000e+00
   0.0000000e+00
   0.0000000e+00
  -3.3066566e-02
  -2.0989472e-02
   0.0000000e+00
   0.0000000e+00
   1.9435816e-02
   8.1976722e-03
   0.0000000e+00
   0.0000000e+00
   0.0000000e+00
   3.0122875e-03
  -8.2525918e-03
  -1.3414127e-02
  -1.8749805e-02
  -2.5687315e-02
  -3.2977942e-02
  -3.9932120e-02
  -4.6491036e-02
  -5.2603130e-02
  -5.7957169e-02
  -6.2218428e-02
  -6.4810477e-02
  -6.5311968e-02
  -6.3056506e-02
  -5.7614558e-02
  -4.8372680e-02
  -3.3618964e-02
  -1.5660081e-02
  -1.6960784e-03
   5.8203497e-03
  -4.0627678e-02
  -2.7614844e-02
  -2.5958768e-02
  -2.6172609e-02
  -2.7420320e-02
  -3.0542839e-02
  -3.7268966e-02
  -4.3715230e-02
  -4.0813568e-02
  -3.2353033e-02
   0.0000000e+00
   0.0000000e+00
   0.0000000e+00
   0.0000000e+00
   0.0000000e+00
   0.0000000e+00
   0.0000000e+00
   0.0000000e+00
   0.0000000e+00
  -1.6611628e-02
  -1.8086984e-02
   0.0000000e+00
   0.0000000e+00
   0.0000000e+00
   0.0000000e+00
   0.0000000e+00
   0.0000000e+00
   0.0000000e+00
   8.1449330e-03
  -4.7723087e-03
  -7.2580185e-03
  -9.7945509e-03
  -1.4344530e-02
  -1.9932132e-02
  -2.5812237e-02
  -3.1947684e-02
  -3.8150884e-02
  -4.3977808e-02
  -4.9326438e-02
  -5.3925417e-02
  -5.7496835e-02
  -5.9617188e-02
  -5.9402931e-02
  -5.4966986e-02
  -4.2729821e-02
  -2.3162091e-02
  -4.7833920e-03
  -4.4391977e-04
  -1.6636925e-02
  -1.9197475e-02
  -2.1666242e-02
  -2.2668788e-02
  -2.4913182e-02
  -2.9526209e-02
  -3.8183499e-02
  -5.0728519e-02
  -5.8897324e-02
  -5.3930354e-02
   0.0000000e+00
   0.0000000e+00
   0.0000000e+00
   0.0000000e+00
   0.0000000e+00
   0.0000000e+00
   0.0000000e+00
   0.0000000e+00
   0.0000000e+00
  -1.5786453e-02
  -1.7794555e-02
   0.0000000e+00
   0.0000000e+00
   0.0000000e+00
   0.0000000e+00
   0.0000000e+00
   0.0000000e+00
   1.6915630e-02
   1.0431109e-02
  -1.6160095e-03
  -2.5146098e-03
  -2.2798332e-03
  -4.4584488e-03
  -8.5786069e-03
  -1.3683684e-02
  -1.9522078e-02
  -2.5675183e-02
  -3.1446036e-02
  -3.6507878e-02
  -4.0904500e-02
  -4.4931717e-02
  -4.9005665e-02
  -5.2881926e-02
  -5.4100830e-02
  -4.6998437e-02
  -2.7755708e-02
  -8.0215303e-03
  -8.5642149e-04
   0.0000000e+00
  -1.1112704e-02
  -1.6840596e-02
  -1.8177506e-02
  -2.0661682e-02
  -2.5874566e-02
  -3.5957921e-02
  -5.2750435e-02
  -7.3704198e-02
  -7.6912028e-02
   0.0000000e+00
   0.0000000e+00
   0.0000000e+00
   0.0000000e+00
   0.0000000e+00
   0.0000000e+00
   0.0000000e+00
   0.0000000e+00
  -0.0000000e+00
  -1.9983949e-02
  -1.9801329e-02
   0.0000000e+00
   0.0000000e+00
   0.0000000e+00
   0.0000000e+00
   0.0000000e+00
   0.0000000e+00
   1.0975084e-02
   1.0516578e-02
   1.0948896e-03
   1.2037387e-03
   2.8376967e-03
   2.6142312e-03
  -1.8349276e-04
  -4.7172237e-03
  -1.0673278e-02
  -1.7132412e-02
  -2.3236888e-02
  -2.8227665e-02
  -3.1946249e-02
  -3.5034045e-02
  -3.8623805e-02
  -4.4004253e-02
  -4.9427820e-02
  -4.8827780e-02
  -3.1816751e-02
  -1.4403560e-02
   0.0000000e+00
   0.0000000e+00
  -4.9307052e-03
  -1.2734780e-02
  -1.3551425e-02
  -1.5937051e-02
  -2.1057106e-02
  -3.1287368e-02
  -4.8738541e-02
  -7.6067878e-02
  -8.7362108e-02
   0.0000000e+00
   0.0000000e+00
   0.0000000e+00
   0.0000000e+00
   0.0000000e+00
   0.0000000e+00
   0.0000000e+00
   0.0000000e+00
  -3.5796719e-03
  -2.2691849e-02
  -2.3392388e-02
  -1.9479860e-02
   0.0000000e+00
   0.0000000e+00
   0.0000000e+00
   0.0000000e+00
   0.0000000e+00
   0.0000000e+00
   5.0644907e-04
   3.7830098e-03
   4.2495048e-03
   6.8748924e-03
   8.0486815e-03
   6.6187773e-03
   2.8328896e-03
  -3.2961043e-03
  -1.0593689e-02
  -1.7708406e-02
  -2.3550965e-02
  -2.7429197e-02
  -2.9960904e-02
  -3.2883417e-02
  -3.8494557e-02
  -4.6115525e-02
  -5.0674025e-02
  -3.4285426e-02
  -1.8061643e-02
   0.0000000e+00
   2.9958988e-02
  -9.9216204e-04
  -8.7551596e-03
  -9.5582763e-03
  -1.1122448e-02
  -1.5515839e-02
  -2.4409914e-02
  -4.0651653e-02
  -6.5448068e-02
  -7.7053460e-02
   0.0000000e+00
   0.0000000e+00
   0.0000000e+00
   0.0000000e+00
   0.0000000e+00
   0.0000000e+00
   0.0000000e+00
   0.0000000e+00
  -4.1673362e-03
  -2.4404924e-02
  -2.9755360e-02
  -2.6697062e-02
   0.0000000e+00
   0.0000000e+00
   0.0000000e+00
   0.0000000e+00
   0.0000000e+00
  -0.0000000e+00
  -1.4710860e-03
   3.1027140e-03
   7.4921283e-03
   1.1323326e-02
   1.3271690e-02
   1.2713924e-02
   9.8056365e-03
   4.0103374e-03
  -3.9745737e-03
  -1.2202747e-02
  -1.9231826e-02
  -2.3828208e-02
  -2.6551299e-02
  -2.9631777e-02
  -3.6123969e-02
  -4.6411622e-02
  -5.4051831e-02
  -4.4785103e-02
  -1.7637056e-02
   0.0000000e+00
   3.2093403e-02
   3.1454695e-03
  -4.5189270e-03
  -5.1393411e-03
  -6.5737222e-03
  -1.0023583e-02
  -1.6754359e-02
  -3.0606361e-02
  -5.4952916e-02
  -7.0626296e-02
  -6.3466042e-02
   0.0000000e+00
   0.0000000e+00
   0.0000000e+00
  -3.5813955e-02
   0.0000000e+00
   0.0000000e+00
   0.0000000e+00
  -1.5865708e-03
  -2.5073346e-02
  -3.3983449e-02
  -3.3224170e-02
   0.0000000e+00
   0.0000000e+00
   0.0000000e+00
   0.0000000e+00
   0.0000000e+00
   0.0000000e+00
  -6.9156106e-03
   2.4985636e-03
   1.2718942e-02
   1.8094886e-02
   2.0263551e-02
   1.9427273e-02
   1.6593890e-02
   1.1060090e-02
   2.7140067e-03
  -6.5626851e-03
  -1.4652911e-02
  -1.9966887e-02
  -2.2882182e-02
  -2.5927426e-02
  -3.3478640e-02
  -4.7966234e-02
  -5.8602445e-02
  -4.1466299e-02
   0.0000000e+00
   0.0000000e+00
   0.0000000e+00
   4.0238479e-03
   3.6145413e-03
  -7.6692071e-05
  -2.9558926e-03
  -5.3644506e-03
  -1.0122260e-02
  -2.0773536e-02
  -4.3609727e-02
  -7.0175953e-02
  -7.0647511e-02
   0.0000000e+00
   0.0000000e+00
   0.0000000e+00
  -3.1351783e-02
  -3.2444044e-02
  -1.7324133e-02
   8.5065279e-03
   2.3776888e-03
  -2.5139062e-02
  -3.6910485e-02
   0.0000000e+00
   0.0000000e+00
   0.0000000e+00
   0.0000000e+00
   0.0000000e+00
   0.0000000e+00
   0.0000000e+00
  -0.0000000e+00
  -1.2365256e-03
   1.6527982e-02
   2.7950101e-02
   3.2132082e-02
   3.0681297e-02
   2.6009144e-02
   1.9157339e-02
   9.8207174e-03
  -9.0938929e-04
  -1.0587147e-02
  -1.6850598e-02
  -1.9615274e-02
  -2.1582436e-02
  -2.8906869e-02
  -4.8729524e-02
  -6.2625214e-02
  -5.8420601e-02
   0.0000000e+00
   0.0000000e+00
   0.0000000e+00
   0.0000000e+00
   0.0000000e+00
   1.6860775e-02
   5.1057055e-03
  -6.1040476e-04
  -3.9556487e-03
  -1.1236761e-02
  -3.1576797e-02
  -5.8011454e-02
  -2.9999495e-02
  -1.9741717e-03
  -1.9741717e-03
  -1.1430544e-02
  -2.4724843e-02
  -2.1566200e-02
  -7.3007461e-03
   1.5964052e-03
   7.2751101e-03
   0.0000000e+00
   0.0000000e+00
   0.0000000e+00
   0.0000000e+00
   0.0000000e+00
   0.0000000e+00
   0.0000000e+00
   0.0000000e+00
   0.0000000e+00
  -0.0000000e+00
  -6.7685939e-03
   9.8998972e-03
   3.1156946e-02
   4.2321305e-02
   4.3696540e-02
   3.8354239e-02
   2.9375750e-02
   1.7961611e-02
   4.6451956e-03
  -7.3181442e-03
  -1.4978561e-02
  -1.7733925e-02
  -1.8248339e-02
  -2.3492667e-02
  -4.6457487e-02
  -6.2697594e-02
  -4.5994201e-02
   0.0000000e+00
   0.0000000e+00
   0.0000000e+00
   0.0000000e+00
   0.0000000e+00
   2.2263535e-02
   1.3275479e-02
   5.1494789e-03
   1.6286026e-03
  -2.6262318e-03
  -2.0146541e-02
  -5.1773186e-02
  -5.8326505e-02
  -0.0000000e+00
  -7.5677102e-03
  -1.3718734e-02
  -1.7907363e-02
  -2.3962337e-02
   0.0000000e+00
   2.4491236e-03
   0.0000000e+00
   0.0000000e+00
   0.0000000e+00
   0.0000000e+00
   0.0000000e+00
   0.0000000e+00
   0.0000000e+00
   0.0000000e+00
   0.0000000e+00
   0.0000000e+00
   0.0000000e+00
   0.0000000e+00
  -5.0927474e-03
   2.0878177e-02
   4.2037684e-02
   5.0194729e-02
   4.9112249e-02
   4.0840108e-02
   2.7989976e-02
   1.1622942e-02
  -3.4968976e-03
  -1.3102042e-02
  -1.5807485e-02
  -1.4906683e-02
  -1.7257567e-02
  -3.9010014e-02
  -6.6992013e-02
   0.0000000e+00
   0.0000000e+00
   0.0000000e+00
   0.0000000e+00
   0.0000000e+00
   0.0000000e+00
   0.0000000e+00
   1.4208810e-02
   1.0780438e-02
   6.5329326e-03
   4.6496908e-03
  -8.0022998e-03
  -4.0295187e-02
  -4.8846556e-02
   0.0000000e+00
  -0.0000000e+00
  -1.4280697e-02
  -1.0717291e-02
  -1.2174264e-02
   0.0000000e+00
   0.0000000e+00
  -0.0000000e+00
  -0.0000000e+00
   0.0000000e+00
   0.0000000e+00
   0.0000000e+00
   0.0000000e+00
   0.0000000e+00
   0.0000000e+00
   0.0000000e+00
   0.0000000e+00
   0.0000000e+00
   0.0000000e+00
  -2.5514632e-02
  -7.7804243e-03
   2.4032792e-02
   4.3154590e-02
   5.0597265e-02
   4.6847031e-02
   3.5496227e-02
   1.8310314e-02
   6.2552944e-04
  -1.0944713e-02
  -1.3456607e-02
  -1.0746551e-02
  -1.0230665e-02
  -2.6992634e-02
  -4.6804686e-02
   0.0000000e+00
   0.0000000e+00
   0.0000000e+00
   0.0000000e+00
   0.0000000e+00
   0.0000000e+00
   0.0000000e+00
   0.0000000e+00
   1.2168183e-02
   9.8204813e-03
   1.0241041e-02
   2.7688812e-03
  -2.2900013e-02
  -3.0160341e-02
   0.0000000e+00
  -0.0000000e+00
  -0.0000000e+00
  -0.0000000e+00
  -4.7988020e-03
   0.0000000e+00
  -0.0000000e+00
  -5.6382090e-04
  -3.3713194e-03
   0.0000000e+00
   0.0000000e+00
   0.0000000e+00
   0.0000000e+00
   0.0000000e+00
   0.0000000e+00
   0.0000000e+00
   0.0000000e+00
   0.0000000e+00
   0.0000000e+00
  -0.0000000e+00
  -5.0933216e-02
  -9.8334430e-03
   2.2876451e-02
   4.0879145e-02
   4.4129465e-02
   3.6855854e-02
   2.2014746e-02
   4.2037787e-03
  -8.0419844e-03
  -1.0182091e-02
  -5.6320438e-03
  -2.1903147e-03
  -1.1332057e-02
  -1.8841229e-02
   0.0000000e+00
   0.0000000e+00
   0.0000000e+00
   0.0000000e+00
   0.0000000e+00
   0.0000000e+00
   0.0000000e+00
   0.0000000e+00
   0.0000000e+00
   0.0000000e+00
   1.0530149e-02
   9.8511949e-03
  -6.9106682e-03
  -1.2985352e-02
   0.0000000e+00
   0.0000000e+00
   0.0000000e+00
   0.0000000e+00
  -1.8937784e-02
  -1.1941704e-02
  -2.8031835e-03
   2.1314027e-03
  -4.5952184e-05
   0.0000000e+00
   0.0000000e+00
   0.0000000e+00
   0.0000000e+00
   0.0000000e+00
   0.0000000e+00
   0.0000000e+00
   0.0000000e+00
   0.0000000e+00
   0.0000000e+00
  -0.0000000e+00
  -8.2051991e-02
  -4.0973203e-02
   1.2385208e-03
   2.7621816e-02
   3.8441629e-02
   3.5212070e-02
   2.3574720e-02
   6.8560954e-03
  -5.1775315e-03
  -6.6060096e-03
   2.2885107e-04
   7.7928849e-03
   5.3319393e-03
   7.7057718e-03
   0.0000000e+00
   0.0000000e+00
   0.0000000e+00
   0.0000000e+00
   0.0000000e+00
   0.0000000e+00
   0.0000000e+00
   0.0000000e+00
   0.0000000e+00
  -0.0000000e+00
  -9.1308715e-04
   1.1257455e-02
   3.5709331e-03
  -4.7975299e-03
   0.0000000e+00
   0.0000000e+00
   0.0000000e+00
   0.0000000e+00
  -1.4473086e-02
  -1.2531472e-02
   3.1635729e-04
   3.5628839e-03
   0.0000000e+00
   0.0000000e+00
   0.0000000e+00
   0.0000000e+00
   0.0000000e+00
   0.0000000e+00
   0.0000000e+00
   0.0000000e+00
   0.0000000e+00
   0.0000000e+00
   0.0000000e+00
   0.0000000e+00
  -7.9387023e-02
  -5.0717555e-02
  -1.0088235e-02
   2.1673966e-02
   3.7022617e-02
   3.5276461e-02
   2.3974428e-02
   7.2386209e-03
  -4.0139263e-03
  -4.7113411e-03
   3.8914038e-03
   1.4426065e-02
   1.6256265e-02
   1.4585968e-02
   0.0000000e+00
   0.0000000e+00
   0.0000000e+00
   0.0000000e+00
   0.0000000e+00
   0.0000000e+00
   0.0000000e+00
   0.0000000e+00
   0.0000000e+00
  -2.5681285e-02
  -6.9561978e-03
   1.0212091e-02
   1.0606219e-02
   0.0000000e+00
   0.0000000e+00
   0.0000000e+00
   0.0000000e+00
   0.0000000e+00
   0.0000000e+00
   0.0000000e+00
   0.0000000e+00
   0.0000000e+00
   0.0000000e+00
   0.0000000e+00
   0.0000000e+00
   0.0000000e+00
   0.0000000e+00
   0.0000000e+00
   0.0000000e+00
   0.0000000e+00
   0.0000000e+00
   0.0000000e+00
   0.0000000e+00
   0.0000000e+00
  -5.6581438e-02
  -4.9920147e-02
  -2.4421941e-02
   1.5950948e-02
   3.3866148e-02
   3.4586120e-02
   2.1235794e-02
   5.0363862e-03
  -5.3555272e-03
  -5.9973868e-03
   6.5651904e-03
   2.0356746e-02
   2.8106468e-02
   1.5828803e-02
   0.0000000e+00
   0.0000000e+00
   0.0000000e+00
   0.0000000e+00
   0.0000000e+00
   0.0000000e+00
   0.0000000e+00
   0.0000000e+00
  -0.0000000e+00
  -1.7831985e-02
  -9.7030804e-03
   8.2794597e-03
   9.9301954e-03
   1.5334030e-02
  -0.0000000e+00
  -0.0000000e+00
   0.0000000e+00
   0.0000000e+00
   0.0000000e+00
   0.0000000e+00
   0.0000000e+00
   0.0000000e+00
   0.0000000e+00
   0.0000000e+00
   0.0000000e+00
   0.0000000e+00
   0.0000000e+00
   0.0000000e+00
   0.0000000e+00
   0.0000000e+00
   0.0000000e+00
   0.0000000e+00
   0.0000000e+00
   0.0000000e+00
  -7.8301451e-02
  -2.7950539e-02
  -4.8912893e-02
  -8.2395629e-03
   1.2659978e-02
   2.5273213e-02
   1.6690806e-02
   4.1551377e-03
  -4.4445894e-03
  -1.2088833e-02
   2.7155584e-03
   1.9379260e-02
   3.3741332e-02
   0.0000000e+00
   0.0000000e+00
   0.0000000e+00
   0.0000000e+00
   0.0000000e+00
   0.0000000e+00
   0.0000000e+00
   0.0000000e+00
   0.0000000e+00
  -0.0000000e+00
  -0.0000000e+00
  -0.0000000e+00
  -6.3601639e-05
   5.0148360e-03
  -4.3731516e-02
  -3.3596787e-02
   0.0000000e+00
   0.0000000e+00
   0.0000000e+00
   0.0000000e+00
   0.0000000e+00
   0.0000000e+00
   0.0000000e+00
   0.0000000e+00
   0.0000000e+00
   0.0000000e+00
   0.0000000e+00
   0.0000000e+00
   0.0000000e+00
   0.0000000e+00
   0.0000000e+00
   0.0000000e+00
   0.0000000e+00
   0.0000000e+00
   0.0000000e+00
  -0.0000000e+00
   0.0000000e+00
   0.0000000e+00
  -0.0000000e+00
  -1.6764458e-02
   4.3820047e-03
   2.1136492e-02
   0.0000000e+00
   0.0000000e+00
   0.0000000e+00
   0.0000000e+00
   0.0000000e+00
   0.0000000e+00
   0.0000000e+00
   0.0000000e+00
   0.0000000e+00
   0.0000000e+00
   0.0000000e+00
   0.0000000e+00
   0.0000000e+00
   0.0000000e+00
   0.0000000e+00
  -0.0000000e+00
  -0.0000000e+00
   0.0000000e+00
   0.0000000e+00
   0.0000000e+00
  -4.5982033e-02
  -3.6128626e-02
  -1.0464009e-02
   0.0000000e+00
   0.0000000e+00
   0.0000000e+00
   0.0000000e+00
   0.0000000e+00
   0.0000000e+00
   0.0000000e+00
   0.0000000e+00
   0.0000000e+00
   0.0000000e+00
   0.0000000e+00
   0.0000000e+00
   0.0000000e+00
   0.0000000e+00
   0.0000000e+00
   0.0000000e+00
   0.0000000e+00
   0.0000000e+00
   0.0000000e+00
   0.0000000e+00
   0.0000000e+00
   0.0000000e+00
   0.0000000e+00
   0.0000000e+00
   0.0000000e+00
   0.0000000e+00
   0.0000000e+00
   0.0000000e+00
   0.0000000e+00
   0.0000000e+00
   0.0000000e+00
   0.0000000e+00
  -0.0000000e+00
   0.0000000e+00
   0.0000000e+00
   0.0000000e+00
   0.0000000e+00
   0.0000000e+00
   0.0000000e+00
  -0.0000000e+00
  -0.0000000e+00
  -0.0000000e+00
   0.0000000e+00
   0.0000000e+00
   0.0000000e+00
  -0.0000000e+00
  -3.3080826e-02
  -1.5883617e-02
   0.0000000e+00
   0.0000000e+00
   0.0000000e+00
   0.0000000e+00
   0.0000000e+00
   0.0000000e+00
   0.0000000e+00
   0.0000000e+00
   0.0000000e+00
   0.0000000e+00
   0.0000000e+00
   0.0000000e+00
   0.0000000e+00
  -0.0000000e+00
  -0.0000000e+00
   0.0000000e+00
   0.0000000e+00
   0.0000000e+00
   0.0000000e+00
   0.0000000e+00
   0.0000000e+00
   2.0876841e-03
   2.3389522e-03
   4.1019706e-03
   6.4309938e-03
  -1.3226689e-03
  -5.9633316e-03
  -3.8475201e-03
   2.5234690e-04
  -1.3004001e-03
  -3.8802704e-03
  -6.6944870e-03
  -1.1560573e-02
  -1.5854482e-02
  -2.1220728e-02
  -2.3786810e-02
  -2.3087321e-02
  -1.9696564e-02
  -0.0000000e+00
  -0.0000000e+00
  -0.0000000e+00
  -0.0000000e+00
  -0.0000000e+00
  -0.0000000e+00
  -0.0000000e+00
  -0.0000000e+00
  -0.0000000e+00
  -6.3086338e-03
  -0.0000000e+00
  -0.0000000e+00
  -0.0000000e+00
  -0.0000000e+00
  -0.0000000e+00
  -0.0000000e+00
  -0.0000000e+00
  -0.0000000e+00
  -0.0000000e+00
  -0.0000000e+00
  -0.0000000e+00
  -0.0000000e+00
  -0.0000000e+00
