   0.0000000e+00
   0.0000000e+00
   0.0000000e+00
   0.0000000e+00
   0.0000000e+00
   0.0000000e+00
   0.0000000e+00
   0.0000000e+00
   0.0000000e+00
   0.0000000e+00
   0.0000000e+00
   0.0000000e+00
   0.0000000e+00
  -0.0000000e+00
  -0.0000000e+00
  -0.0000000e+00
   0.0000000e+00
  -0.0000000e+00
  -0.0000000e+00
  -0.0000000e+00
   0.0000000e+00
   0.0000000e+00
   0.0000000e+00
   0.0000000e+00
   0.0000000e+00
   0.0000000e+00
   2.6162602e-02
   1.1537964e-02
   1.1029168e-02
   1.6286693e-03
  -7.6913939e-03
  -0.0000000e+00
   0.0000000e+00
   0.0000000e+00
   0.0000000e+00
   0.0000000e+00
   0.0000000e+00
   0.0000000e+00
   0.0000000e+00
   0.0000000e+00
   0.0000000e+00
   0.0000000e+00
   0.0000000e+00
   0.0000000e+00
   0.0000000e+00
   0.0000000e+00
   0.0000000e+00
   0.0000000e+00
   0.0000000e+00
   0.0000000e+00
   0.0000000e+00
   0.0000000e+00
   0.0000000e+00
   0.0000000e+00
  -0.0000000e+00
  -0.0000000e+00
   3.7678639e-04
   1.6806711e-02
   3.2442879e-02
   3.2975059e-02
   3.6593512e-02
   3.7232351e-02
   3.4419179e-02
   2.9962457e-02
   2.9382240e-02
   1.9708590e-02
   1.4966282e-02
   1.6638810e-02
   9.1317479e-03
   7.1802196e-03
   1.7123887e-03
  -4.4888053e-03
  -1.9913204e-02
   0.0000000e+00
  -1.5442495e-03
   9.1605447e-04
   1.6179586e-02
   1.3961297e-02
   1.3804694e-02
   6.6506687e-03
   2.0021739e-03
  -1.2419977e-02
  -3.8133552e-02
  -5.4708917e-02
  -3.6753877e-02
  -2.4059544e-02
  -0.0000000e+00
  -0.0000000e+00
   0.0000000e+00
   0.0000000e+00
   0.0000000e+00
   0.0000000e+00
   0.0000000e+00
   0.0000000e+00
   0.0000000e+00
   0.0000000e+00
   1.7400604e-02
   4.3502109e-02
   5.8572058e-02
   6.6894616e-02
   3.7027862e-02
   4.4462535e-02
   3.3738472e-02
   3.3902865e-02
   4.3883510e-02
   4.9874868e-02
   5.3176094e-02
   5.7528224e-02
   6.1741509e-02
   6.6660136e-02
   6.9289342e-02
   6.3031383e-02
   5.8937863e-02
   5.5823494e-02
   5.7076294e-02
   5.4899041e-02
   5.5584442e-02
   5.2231677e-02
   4.9355306e-02
   4.4548757e-02
   4.1087290e-02
   5.7702216e-02
   5.7102006e-02
   3.9334819e-02
   3.5843417e-02
   3.5371877e-02
   3.5687748e-02
   3.6828443e-02
   3.5927936e-02
   3.4887090e-02
   3.0243764e-02
   2.4960162e-02
   2.2524072e-02
   2.4970410e-02
   2.4439111e-02
   1.7593814e-02
   1.1586965e-02
  -1.4738890e-03
  -3.1446719e-02
  -7.8930680e-03
  -1.1317778e-02
  -7.6444058e-04
  -5.8408135e-03
  -5.6634077e-03
   7.6226935e-02
   8.7067291e-02
   9.3456171e-02
   9.6455902e-02
   9.9343377e-02
   8.4640727e-02
   7.5764480e-02
   7.0023715e-02
   7.1812220e-02
   6.9718674e-02
   6.9248319e-02
   6.8860255e-02
   6.9049872e-02
   7.3726349e-02
   7.8338966e-02
   7.5046428e-02
   7.0634954e-02
   7.0274316e-02
   7.1600474e-02
   7.2772555e-02
   7.4592598e-02
   7.4735917e-02
   7.4739084e-02
   7.3511429e-02
   7.9635390e-02
   8.7252082e-02
   5.2927024e-02
   4.6707701e-02
   4.7749471e-02
   5.0489288e-02
   5.4946508e-02
   6.1060872e-02
   6.5883271e-02
   7.1320266e-02
   7.7482693e-02
   8.3477713e-02
   8.9677930e-02
   9.4943799e-02
   9.7900443e-02
   9.7070843e-02
   9.2202730e-02
   8.6123429e-02
   7.9471044e-02
   7.5482033e-02
   7.5455315e-02
   6.9683813e-02
   6.0789008e-02
   6.3592181e-02
   1.2509444e-01
   1.1875709e-01
   1.0957669e-01
   1.0610314e-01
   1.1437481e-01
   0.0000000e+00
   6.9458370e-02
   6.4080484e-02
   6.6743076e-02
   6.7610152e-02
   6.7356009e-02
   6.4887804e-02
   6.3632727e-02
   6.7123406e-02
   7.2714187e-02
   7.1864672e-02
   7.0259884e-02
   7.1766198e-02
   7.4069008e-02
   7.7991754e-02
   8.2593247e-02
   8.3773836e-02
   8.3966933e-02
   8.0352753e-02
   5.9716800e-02
   0.0000000e+00
   0.0000000e+00
   3.5483629e-02
   4.8450064e-02
   5.8898591e-02
   6.9065563e-02
   7.8417964e-02
   8.7291725e-02
   9.6372940e-02
   1.0684596e-01
   1.1715996e-01
   1.2516281e-01
   1.3058279e-01
   1.3369910e-01
   1.3451955e-01
   1.3590217e-01
   1.4089189e-01
   1.3743265e-01
   1.2721896e-01
   1.2689970e-01
   1.2639263e-01
   1.2135050e-01
   1.2306579e-01
   0.0000000e+00
   0.0000000e+00
   8.5711873e-02
   8.3150056e-02
   0.0000000e+00
   0.0000000e+00
   4.9267284e-02
   4.5089988e-02
   5.0200077e-02
   5.7084895e-02
   5.5713145e-02
   5.6698744e-02
   5.6812409e-02
   6.0003999e-02
   6.4437725e-02
   6.5381423e-02
   6.6050083e-02
   6.8202034e-02
   7.1886898e-02
   7.7141287e-02
   8.0852816e-02
   8.2693795e-02
   8.3283218e-02
   7.6452235e-02
   4.7428555e-02
   0.0000000e+00
   0.0000000e+00
   2.6582874e-02
   4.4298568e-02
   6.0674026e-02
   7.5162889e-02
   8.8668923e-02
   1.0026554e-01
   1.1065780e-01
   1.1938710e-01
   1.2478851e-01
   1.2655614e-01
   1.2863919e-01
   1.3010897e-01
   1.2944506e-01
   1.3440842e-01
   1.4996030e-01
   1.5358392e-01
   1.4780551e-01
   1.5081892e-01
   1.4818399e-01
   1.3937368e-01
   1.3102994e-01
   0.0000000e+00
   0.0000000e+00
   0.0000000e+00
   0.0000000e+00
   0.0000000e+00
   0.0000000e+00
   0.0000000e+00
   3.1442236e-02
   3.5207648e-02
   4.5792837e-02
   4.6499282e-02
   5.3493488e-02
   5.6615777e-02
   5.8015987e-02
   5.9697840e-02
   6.1510190e-02
   6.2440224e-02
   6.4321600e-02
   6.7595407e-02
   7.1865246e-02
   7.5228110e-02
   7.7826411e-02
   7.7417582e-02
   6.9937065e-02
   5.1043738e-02
   3.4946839e-02
   0.0000000e+00
   2.6016653e-02
   3.9267614e-02
   5.4387368e-02
   7.1285993e-02
   8.8203572e-02
   1.0138024e-01
   1.0975513e-01
   1.1245315e-01
   1.0959174e-01
   1.0363182e-01
   1.0087542e-01
   1.0240518e-01
   1.0233480e-01
   1.0975052e-01
   1.2993699e-01
   1.4099038e-01
   1.4349654e-01
   1.4816441e-01
   1.4339980e-01
   1.3115318e-01
   1.1428379e-01
   0.0000000e+00
   0.0000000e+00
   0.0000000e+00
   0.0000000e+00
   0.0000000e+00
   0.0000000e+00
   0.0000000e+00
   2.4515023e-02
   2.4924425e-02
   3.4470905e-02
   4.0191316e-02
   4.6587931e-02
   5.3952564e-02
   5.5288080e-02
   5.3729922e-02
   5.4013077e-02
   5.4147966e-02
   5.4328062e-02
   5.6298126e-02
   6.0106777e-02
   6.4918876e-02
   6.8067096e-02
   6.7460954e-02
   6.0518824e-02
   4.6919975e-02
   3.4525983e-02
   0.0000000e+00
   2.2409895e-02
   2.8125234e-02
   4.1509375e-02
   5.7971746e-02
   7.8209184e-02
   9.1412805e-02
   9.5250674e-02
   8.8259935e-02
   7.1916379e-02
   5.9104510e-02
   5.6358662e-02
   6.3557327e-02
   6.7208409e-02
   7.8642443e-02
   9.8394684e-02
   1.1334847e-01
   1.2136614e-01
   1.2489303e-01
   1.1897707e-01
   1.0531685e-01
   8.5340838e-02
   0.0000000e+00
   0.0000000e+00
   0.0000000e+00
   0.0000000e+00
   0.0000000e+00
   0.0000000e+00
   0.0000000e+00
   2.7230470e-02
   2.6504319e-02
   2.9180521e-02
   3.3933986e-02
   4.0645167e-02
   4.7562387e-02
   4.9186978e-02
   4.6395753e-02
   4.4620819e-02
   4.2935003e-02
   4.2306438e-02
   4.3788709e-02
   4.6806533e-02
   5.0875314e-02
   5.4075465e-02
   5.3834051e-02
   4.7721032e-02
   3.1956892e-02
   2.0333939e-02
   0.0000000e+00
   0.0000000e+00
   1.7152329e-02
   3.3134513e-02
   4.5804653e-02
   6.3308045e-02
   7.2618619e-02
   7.1356833e-02
   5.5598274e-02
   3.3389353e-02
   3.7297714e-02
   2.8602248e-02
   3.0895095e-02
   3.9227623e-02
   5.2162018e-02
   6.9303215e-02
   8.3477736e-02
   9.1523916e-02
   9.2842869e-02
   8.6893365e-02
   7.4558295e-02
   6.0487533e-02
   3.4574311e-02
   0.0000000e+00
   0.0000000e+00
   0.0000000e+00
   0.0000000e+00
   0.0000000e+00
   1.9334259e-02
   2.5219061e-02
   2.4981032e-02
   2.2484193e-02
   2.4860064e-02
   3.0577181e-02
   3.5303377e-02
   3.6604159e-02
   3.4393620e-02
   3.0975308e-02
   2.8957611e-02
   2.8460845e-02
   2.9237323e-02
   3.1503968e-02
   3.3926554e-02
   3.5474300e-02
   3.4857806e-02
   2.9826196e-02
   1.7520681e-02
   9.4935793e-03
   0.0000000e+00
   0.0000000e+00
   1.0594889e-02
   2.1407098e-02
   3.4767862e-02
   4.6833348e-02
   4.9633138e-02
   4.2345565e-02
   2.0794205e-02
   6.0164959e-04
   0.0000000e+00
   0.0000000e+00
   5.9617869e-03
   1.2874553e-02
   2.5003241e-02
   3.9531171e-02
   5.0600223e-02
   5.6382909e-02
   5.6561656e-02
   5.1507458e-02
   4.2659368e-02
   3.7466755e-02
   2.2509167e-02
   0.0000000e+00
   0.0000000e+00
   0.0000000e+00
   0.0000000e+00
   0.0000000e+00
   1.3593139e-02
   1.9463380e-02
   1.0605960e-02
   9.7100470e-03
   1.0958693e-02
   1.4454895e-02
   1.7300637e-02
   1.8990609e-02
   1.8227655e-02
   1.5005887e-02
   1.3708469e-02
   1.3332079e-02
   1.3700021e-02
   1.4873601e-02
   1.5792667e-02
   1.5430528e-02
   1.4069796e-02
   9.8516034e-03
   3.9647634e-03
   1.7311097e-03
   0.0000000e+00
   0.0000000e+00
  -0.0000000e+00
  -3.6965813e-04
   1.7679825e-02
   2.6285503e-02
   2.4126047e-02
   1.2496419e-02
  -8.5468921e-03
  -1.1995860e-02
   0.0000000e+00
   0.0000000e+00
  -9.8051356e-03
  -8.8954070e-03
   1.8378714e-03
   1.2012178e-02
   1.8168151e-02
   2.0829593e-02
   2.0122799e-02
   1.6264481e-02
   1.1722018e-02
   1.6553172e-02
   6.6712068e-03
   8.4414430e-03
   0.0000000e+00
   0.0000000e+00
   0.0000000e+00
  -1.0869098e-02
   7.6188350e-04
   4.4350687e-03
  -4.6764421e-03
  -5.2854773e-03
  -4.6840245e-03
  -3.2335361e-03
  -1.6933470e-03
   5.8328267e-04
   1.2386842e-03
   1.0073702e-04
  -6.3148676e-04
  -1.0593552e-03
  -7.4734760e-04
  -5.4557814e-04
  -9.8283845e-04
  -2.7273183e-03
  -5.2880533e-03
  -9.2231808e-03
  -7.8317896e-03
  -3.2364794e-03
   0.0000000e+00
   0.0000000e+00
  -0.0000000e+00
  -2.4699438e-02
  -3.0719838e-04
   5.7751457e-03
  -4.5159247e-04
  -1.4306254e-02
  -3.2039847e-02
  -3.4583158e-02
   0.0000000e+00
   0.0000000e+00
  -2.0398111e-02
  -2.3446135e-02
  -1.4450696e-02
  -1.1682024e-02
  -1.0763156e-02
  -1.1447044e-02
  -1.3230242e-02
  -1.6035277e-02
  -1.6440379e-02
  -6.5799393e-03
  -1.4243972e-02
  -1.1457456e-02
  -1.6323396e-02
   0.0000000e+00
  -0.0000000e+00
  -2.0917843e-02
  -1.4251784e-02
  -1.4271913e-02
  -1.7709196e-02
  -1.8800192e-02
  -1.8031731e-02
  -1.7645067e-02
  -1.6753878e-02
  -1.4900266e-02
  -1.3026817e-02
  -1.1823763e-02
  -1.1740713e-02
  -1.1638243e-02
  -1.1490519e-02
  -1.2797737e-02
  -1.5136251e-02
  -1.8902548e-02
  -2.3769110e-02
  -2.7778061e-02
  -1.7169347e-02
  -5.1363802e-03
   0.0000000e+00
   0.0000000e+00
   0.0000000e+00
  -4.1410586e-02
  -1.6373064e-02
  -1.2620056e-02
  -2.3210803e-02
  -3.7904728e-02
  -3.8885180e-02
  -2.9221403e-02
   0.0000000e+00
   0.0000000e+00
  -2.9119756e-02
  -2.9887578e-02
  -2.6384303e-02
  -3.2946188e-02
  -3.6941726e-02
  -4.0498752e-02
  -4.3408468e-02
  -4.5030557e-02
  -4.1590184e-02
  -2.9552177e-02
  -3.2301724e-02
  -2.0171555e-02
  -2.0206859e-02
   0.0000000e+00
  -0.0000000e+00
  -3.1365529e-02
  -2.4180129e-02
  -2.4076935e-02
  -2.6164073e-02
  -2.6374985e-02
  -2.6174409e-02
  -2.5719009e-02
  -2.4701104e-02
  -2.2907769e-02
  -2.0132083e-02
  -1.7738992e-02
  -1.6596308e-02
  -1.6227551e-02
  -1.7578470e-02
  -2.1369692e-02
  -2.6034454e-02
  -3.1980071e-02
  -3.8885597e-02
  -4.2589378e-02
  -2.5724154e-02
  -1.0256263e-02
   0.0000000e+00
   0.0000000e+00
   0.0000000e+00
  -0.0000000e+00
  -2.5375497e-02
  -2.6921162e-02
  -3.9475445e-02
  -4.9665917e-02
  -3.0567080e-02
  -8.7245194e-03
   0.0000000e+00
   0.0000000e+00
  -3.6737560e-02
  -3.3201673e-02
  -3.4978025e-02
  -4.7380060e-02
  -5.4793019e-02
  -6.0015243e-02
  -6.3820824e-02
  -6.5147266e-02
  -6.0286447e-02
  -4.7868256e-02
  -4.6501078e-02
  -3.2993920e-02
  -2.6536775e-02
   0.0000000e+00
  -0.0000000e+00
  -3.6561914e-02
  -2.9278427e-02
  -2.7577613e-02
  -2.8288711e-02
  -2.8961437e-02
  -2.9931318e-02
  -2.9375326e-02
  -2.7971983e-02
  -2.5604198e-02
  -2.2023104e-02
  -1.9159524e-02
  -1.8522849e-02
  -1.9705528e-02
  -2.3542408e-02
  -3.0033581e-02
  -3.7094899e-02
  -4.4634737e-02
  -5.2166156e-02
  -5.4868244e-02
  -3.5835876e-02
  -1.5945436e-02
   0.0000000e+00
   0.0000000e+00
   0.0000000e+00
   0.0000000e+00
  -2.7166337e-02
  -3.8568135e-02
  -5.0221700e-02
  -5.4084223e-02
  -4.0199760e-02
   0.0000000e+00
   0.0000000e+00
   0.0000000e+00
  -0.0000000e+00
  -3.8932185e-02
  -0.0000000e+00
  -5.6693859e-02
  -6.6271037e-02
  -7.2467238e-02
  -7.7700675e-02
  -8.0256805e-02
  -7.5591229e-02
  -6.2846914e-02
  -5.4870323e-02
  -3.9457097e-02
  -2.9255270e-02
  -3.1758452e-02
  -4.1385724e-02
  -3.5695817e-02
  -2.8515280e-02
  -2.5275030e-02
  -2.5460523e-02
  -2.7460995e-02
  -2.9726446e-02
  -2.9772176e-02
  -2.7848382e-02
  -2.4700629e-02
  -2.1293019e-02
  -1.9819578e-02
  -2.1280046e-02
  -2.5171256e-02
  -3.1683594e-02
  -4.0154128e-02
  -4.8481552e-02
  -5.6261946e-02
  -6.2751286e-02
  -6.3211478e-02
  -4.7660272e-02
   0.0000000e+00
   0.0000000e+00
   0.0000000e+00
   0.0000000e+00
   0.0000000e+00
  -3.1671565e-02
  -4.7689831e-02
  -5.6334686e-02
  -5.3653189e-02
  -3.6021496e-02
   0.0000000e+00
   0.0000000e+00
   0.0000000e+00
   0.0000000e+00
  -9.9901215e-03
  -0.0000000e+00
  -6.2553264e-02
  -7.1873224e-02
  -7.8697091e-02
  -8.5702245e-02
  -8.9920719e-02
  -8.5339774e-02
  -7.1748010e-02
  -5.5669032e-02
  -4.0507883e-02
  -2.9951861e-02
  -3.0377023e-02
  -3.4229245e-02
  -2.8488925e-02
  -2.1944154e-02
  -1.8702528e-02
  -2.0115908e-02
  -2.4220148e-02
  -2.7787896e-02
  -2.8839558e-02
  -2.6887145e-02
  -2.3821726e-02
  -2.2162344e-02
  -2.3602234e-02
  -2.7969602e-02
  -3.4693569e-02
  -4.3230195e-02
  -5.2094877e-02
  -5.9687130e-02
  -6.5621205e-02
  -6.8509549e-02
  -5.9892099e-02
  -3.2025184e-02
   0.0000000e+00
   0.0000000e+00
   0.0000000e+00
   0.0000000e+00
   0.0000000e+00
  -3.7646787e-02
  -5.4232791e-02
  -5.9265725e-02
  -4.8031829e-02
  -1.7153167e-02
   1.9036304e-02
   0.0000000e+00
   0.0000000e+00
   0.0000000e+00
  -1.8799641e-02
  -5.8347589e-02
  -6.4826541e-02
  -7.2555676e-02
  -7.9214007e-02
  -8.6606763e-02
  -9.1177188e-02
  -8.6326912e-02
  -7.2181784e-02
  -4.8302583e-02
  -3.5355341e-02
  -2.5500052e-02
  -2.2108501e-02
  -2.0895306e-02
  -1.6341949e-02
  -1.1583711e-02
  -1.0355117e-02
  -1.4227274e-02
  -2.0731866e-02
  -2.5916398e-02
  -2.8138883e-02
  -2.7526308e-02
  -2.6879948e-02
  -2.8652620e-02
  -3.3137694e-02
  -4.0038083e-02
  -4.8473906e-02
  -5.7196576e-02
  -6.4410858e-02
  -6.9502719e-02
  -7.1488425e-02
  -6.8571724e-02
  -5.1965944e-02
  -3.7887483e-02
   0.0000000e+00
   0.0000000e+00
   0.0000000e+00
   0.0000000e+00
   0.0000000e+00
  -4.4824190e-02
  -5.7964988e-02
  -5.7249960e-02
  -3.7566114e-02
   1.8033965e-03
   1.8121612e-02
   0.0000000e+00
   0.0000000e+00
   0.0000000e+00
  -3.8848631e-02
  -6.0405459e-02
  -6.2402345e-02
  -6.7539118e-02
  -7.2770245e-02
  -7.8498282e-02
  -8.1755579e-02
  -7.6645717e-02
  -6.3123405e-02
  -3.2375269e-02
  -2.2463156e-02
  -1.3192248e-02
  -7.0029707e-03
  -5.2133175e-03
  -3.7291637e-03
  -2.4775462e-03
  -4.2870515e-03
  -1.0315229e-02
  -1.8138722e-02
  -2.4750426e-02
  -2.8970618e-02
  -3.1623498e-02
  -3.4836967e-02
  -3.9735958e-02
  -4.6169870e-02
  -5.4134909e-02
  -6.2713161e-02
  -7.0170365e-02
  -7.4762642e-02
  -7.6074705e-02
  -7.2263561e-02
  -6.0609356e-02
  -3.4803475e-02
  -1.5632016e-02
   0.0000000e+00
   0.0000000e+00
   0.0000000e+00
   0.0000000e+00
   0.0000000e+00
  -4.9742032e-02
  -5.6785643e-02
  -5.0122596e-02
  -2.7249644e-02
   5.2349959e-03
   1.4846957e-02
   0.0000000e+00
   0.0000000e+00
   0.0000000e+00
  -4.1623768e-02
  -5.4315083e-02
  -5.4099593e-02
  -5.5949494e-02
  -5.7553329e-02
  -5.9854154e-02
  -6.0642261e-02
  -5.5330176e-02
  -4.4139728e-02
  -1.3160790e-02
  -7.1390355e-03
   4.0469804e-04
   5.4174008e-03
   4.6179828e-03
   1.9619007e-03
  -8.4991962e-04
  -4.8529071e-03
  -1.0825077e-02
  -1.7895912e-02
  -2.4742933e-02
  -3.0754015e-02
  -3.6535165e-02
  -4.2475062e-02
  -4.8861041e-02
  -5.5631671e-02
  -6.3175689e-02
  -7.0724626e-02
  -7.6667574e-02
  -7.8732786e-02
  -7.6274616e-02
  -6.7277190e-02
  -4.8847403e-02
  -2.8326599e-02
   0.0000000e+00
   0.0000000e+00
   0.0000000e+00
   0.0000000e+00
   0.0000000e+00
   0.0000000e+00
  -0.0000000e+00
  -5.1605079e-02
  -4.0687377e-02
  -1.8756679e-02
   6.1154230e-03
   1.5394362e-02
   0.0000000e+00
   0.0000000e+00
   0.0000000e+00
  -3.6643659e-02
  -4.1496559e-02
  -4.0873370e-02
  -3.8918535e-02
  -3.5234606e-02
  -3.3758035e-02
  -3.2934116e-02
  -2.8304998e-02
  -2.0562801e-02
  -5.4326674e-04
   1.5764957e-04
   4.7200325e-03
   6.5816533e-03
   2.4934773e-03
  -3.8377431e-03
  -9.5131263e-03
  -1.4215124e-02
  -1.8669340e-02
  -2.3341411e-02
  -2.8377509e-02
  -3.3947183e-02
  -3.9832259e-02
  -4.5769471e-02
  -5.1551699e-02
  -5.7150636e-02
  -6.2862549e-02
  -6.8268966e-02
  -7.2222252e-02
  -7.2292682e-02
  -6.7122046e-02
  -5.4764535e-02
  -3.3341034e-02
  -9.1013315e-03
   2.0495887e-02
   0.0000000e+00
   0.0000000e+00
   0.0000000e+00
   0.0000000e+00
   0.0000000e+00
  -0.0000000e+00
  -4.4682517e-02
  -3.1395206e-02
  -1.2502811e-02
   1.6921816e-04
   0.0000000e+00
   0.0000000e+00
   0.0000000e+00
   0.0000000e+00
  -2.8797426e-02
  -2.6374118e-02
  -2.4661475e-02
  -1.9843002e-02
  -1.1261242e-02
  -7.4089966e-03
  -7.1138953e-03
  -5.4149035e-03
  -2.3569894e-03
   3.4434264e-03
  -2.1352893e-03
  -1.2545574e-03
  -3.2663976e-03
  -1.0697839e-02
  -1.9475346e-02
  -2.6752436e-02
  -3.2226676e-02
  -3.6135650e-02
  -3.8980445e-02
  -4.1566162e-02
  -4.4360387e-02
  -4.7174214e-02
  -5.0073545e-02
  -5.2846185e-02
  -5.5474888e-02
  -5.7788096e-02
  -5.9393853e-02
  -5.9526831e-02
  -5.6571666e-02
  -4.8797186e-02
  -3.4850678e-02
  -1.4005159e-02
   1.0944702e-02
   1.9929546e-02
   0.0000000e+00
   0.0000000e+00
   0.0000000e+00
   0.0000000e+00
  -0.0000000e+00
  -4.9199154e-02
  -3.7139522e-02
  -2.3196181e-02
  -7.2356341e-03
   5.3078868e-04
   0.0000000e+00
   0.0000000e+00
   0.0000000e+00
   0.0000000e+00
  -2.6242572e-02
  -1.4107599e-02
  -8.6662393e-03
  -1.5473063e-03
   1.1235676e-02
   1.4292512e-02
   1.2664303e-02
   9.9207737e-03
   7.6696048e-03
   2.8010672e-03
  -9.1062943e-03
  -1.2076971e-02
  -1.7943356e-02
  -2.8115500e-02
  -3.7968941e-02
  -4.6155896e-02
  -5.2407306e-02
  -5.6499813e-02
  -5.8667999e-02
  -5.9576288e-02
  -5.9565939e-02
  -5.8889836e-02
  -5.8089357e-02
  -5.7071727e-02
  -5.6030553e-02
  -5.4853439e-02
  -5.3111404e-02
  -5.0176542e-02
  -4.4968758e-02
  -3.6250547e-02
  -2.2656929e-02
  -4.6005300e-03
   1.2872365e-02
   1.4023289e-02
   0.0000000e+00
   0.0000000e+00
   0.0000000e+00
  -0.0000000e+00
  -5.6928900e-02
  -4.0185966e-02
  -2.6358819e-02
  -1.3501013e-02
  -1.0310985e-03
   2.2273529e-03
   0.0000000e+00
   0.0000000e+00
   0.0000000e+00
   0.0000000e+00
  -0.0000000e+00
  -5.3850480e-03
   3.9782738e-03
   1.4710503e-02
   3.4187270e-02
   3.1321835e-02
   2.5250413e-02
   1.8512286e-02
   1.1771759e-02
   2.2332787e-03
  -1.3980909e-02
  -2.1304044e-02
  -2.9436542e-02
  -3.9266801e-02
  -4.7607886e-02
  -5.4559470e-02
  -5.9937932e-02
  -6.3370399e-02
  -6.4717203e-02
  -6.4642839e-02
  -6.3240401e-02
  -6.1110281e-02
  -5.8922191e-02
  -5.6462952e-02
  -5.3943683e-02
  -5.1480816e-02
  -4.8812458e-02
  -4.5410415e-02
  -4.0404077e-02
  -3.3012740e-02
  -2.1946463e-02
  -8.0469651e-03
   6.2608683e-03
   7.9401843e-03
   0.0000000e+00
   0.0000000e+00
   0.0000000e+00
  -0.0000000e+00
  -4.1953600e-02
  -2.4143145e-02
  -1.3144745e-02
  -2.5603766e-04
   1.1059465e-02
   8.7488982e-03
   0.0000000e+00
   0.0000000e+00
   0.0000000e+00
   0.0000000e+00
   0.0000000e+00
   1.8485584e-03
   1.1017721e-02
   1.2192386e-02
   4.3735201e-02
   4.2020837e-02
   3.2123640e-02
   2.1936349e-02
   1.2823112e-02
   0.0000000e+00
   0.0000000e+00
  -0.0000000e+00
  -0.0000000e+00
  -4.2462523e-02
  -4.8630873e-02
  -5.4040403e-02
  -5.8542274e-02
  -6.1473683e-02
  -6.2372431e-02
  -6.1818879e-02
  -5.9958499e-02
  -5.7400786e-02
  -5.4890045e-02
  -5.2357489e-02
  -5.0030062e-02
  -4.8105793e-02
  -4.6209784e-02
  -4.3639640e-02
  -3.9657096e-02
  -3.4585159e-02
  -2.7260794e-02
  -1.7181776e-02
  -7.8101908e-03
  -3.5628393e-03
   0.0000000e+00
   0.0000000e+00
   0.0000000e+00
  -3.2792228e-02
  -2.6280661e-02
  -8.3369100e-03
  -2.2169090e-03
   0.0000000e+00
   0.0000000e+00
   0.0000000e+00
   0.0000000e+00
   0.0000000e+00
   0.0000000e+00
   0.0000000e+00
   0.0000000e+00
   6.2840249e-03
   1.4121335e-02
   1.0305776e-02
   0.0000000e+00
   4.3242604e-02
   3.5800483e-02
   2.2867722e-02
   1.3880455e-02
   0.0000000e+00
   0.0000000e+00
  -0.0000000e+00
  -0.0000000e+00
  -4.4236515e-02
  -4.9632099e-02
  -5.4420598e-02
  -5.8196295e-02
  -6.0489453e-02
  -6.0995352e-02
  -5.9987381e-02
  -5.7534136e-02
  -5.4131631e-02
  -5.0553128e-02
  -4.6918992e-02
  -4.3612588e-02
  -4.1294690e-02
  -4.0019464e-02
  -3.9311275e-02
  -3.8505666e-02
  -3.9341580e-02
  -4.0323269e-02
  -3.3737555e-02
  -3.0040991e-02
  -2.8875203e-02
  -3.7753399e-02
   0.0000000e+00
  -4.7177892e-02
  -3.2813757e-02
  -1.5360613e-02
   2.5205878e-03
   8.0262728e-03
   0.0000000e+00
   0.0000000e+00
   0.0000000e+00
   0.0000000e+00
   0.0000000e+00
   0.0000000e+00
   0.0000000e+00
   0.0000000e+00
   0.0000000e+00
   1.4232866e-02
   8.8124164e-03
   0.0000000e+00
   3.6080592e-02
   3.7861142e-02
   2.3120675e-02
   1.3436247e-02
   0.0000000e+00
   0.0000000e+00
  -0.0000000e+00
  -4.4083793e-02
  -5.3652901e-02
  -6.1455756e-02
  -6.8078361e-02
  -7.2568059e-02
  -7.4495286e-02
  -7.3700078e-02
  -7.0388474e-02
  -6.4739458e-02
  -5.7534661e-02
  -4.9662091e-02
  -4.1846842e-02
  -3.5092000e-02
  -3.0263789e-02
  -2.8050289e-02
  -2.9175714e-02
  -3.4250814e-02
  -4.4562504e-02
  -5.8396239e-02
  -5.4014228e-02
  -4.6690885e-02
  -5.0441407e-02
  -5.9026332e-02
  -6.4631141e-02
  -5.1458614e-02
  -3.3690728e-02
  -1.2687748e-02
   7.1587237e-03
   1.2892543e-02
   0.0000000e+00
   0.0000000e+00
   0.0000000e+00
   0.0000000e+00
   0.0000000e+00
   0.0000000e+00
   0.0000000e+00
   0.0000000e+00
  -0.0000000e+00
   1.3924612e-02
   1.1266979e-02
   0.0000000e+00
   0.0000000e+00
   4.0649939e-02
   2.3275765e-02
   1.6636695e-02
   0.0000000e+00
   0.0000000e+00
  -0.0000000e+00
  -5.3851034e-02
  -6.6999018e-02
  -7.9296723e-02
  -9.0434343e-02
  -9.8884448e-02
  -1.0402415e-01
  -1.0545065e-01
  -1.0308291e-01
  -9.7225137e-02
  -8.8375613e-02
  -7.7303812e-02
  -6.4740010e-02
  -5.1826250e-02
  -3.9979871e-02
  -3.0441709e-02
  -2.5046948e-02
  -2.6539978e-02
  -3.6115911e-02
  -6.1595168e-02
  -7.2964072e-02
  -5.9091046e-02
  -6.3018933e-02
  -6.9148071e-02
  -7.0598334e-02
  -5.7467729e-02
  -3.8558308e-02
  -1.7647140e-02
   6.2179221e-03
   1.5917605e-02
   0.0000000e+00
   0.0000000e+00
   0.0000000e+00
   0.0000000e+00
   0.0000000e+00
   0.0000000e+00
   0.0000000e+00
   0.0000000e+00
  -0.0000000e+00
   2.0858845e-02
   1.7594954e-02
   0.0000000e+00
   0.0000000e+00
   4.0577495e-02
   2.4558114e-02
   1.7938547e-02
   0.0000000e+00
   0.0000000e+00
  -0.0000000e+00
  -6.0686957e-02
  -7.5713274e-02
  -9.0913107e-02
  -1.0522951e-01
  -1.1694013e-01
  -1.2553824e-01
  -1.3055746e-01
  -1.3175004e-01
  -1.2915925e-01
  -1.2272853e-01
  -1.1262306e-01
  -9.9216631e-02
  -8.3478433e-02
  -6.6713732e-02
  -4.9458775e-02
  -3.3302819e-02
  -2.2285282e-02
  -1.7236318e-02
  -2.2016685e-02
  -6.5509689e-02
  -6.9494818e-02
  -7.5076167e-02
  -7.7271153e-02
  -7.5834115e-02
  -6.3673679e-02
  -4.7858260e-02
  -2.8353343e-02
  -8.0883345e-04
   1.1548267e-02
   0.0000000e+00
   0.0000000e+00
   0.0000000e+00
   0.0000000e+00
   0.0000000e+00
   0.0000000e+00
   0.0000000e+00
   0.0000000e+00
   0.0000000e+00
   2.5607414e-02
   2.0555807e-02
   0.0000000e+00
   0.0000000e+00
   3.3146608e-02
   1.9895527e-02
   0.0000000e+00
   0.0000000e+00
   0.0000000e+00
  -5.5491940e-02
  -6.2814407e-02
  -7.6867817e-02
  -9.2006039e-02
  -1.0640571e-01
  -1.1831330e-01
  -1.2742405e-01
  -1.3374731e-01
  -1.3691756e-01
  -1.3702522e-01
  -1.3406174e-01
  -1.2756015e-01
  -1.1731061e-01
  -1.0365380e-01
  -8.6923269e-02
  -6.6871635e-02
  -4.3426747e-02
  -2.1125903e-02
  -6.9855648e-03
  -5.8263728e-03
  -5.0688151e-02
  -7.1663326e-02
  -7.8328280e-02
  -8.0941548e-02
  -7.9269668e-02
  -7.0866845e-02
  -5.9430316e-02
  -4.3109837e-02
  -1.5013015e-02
   7.5501032e-05
   0.0000000e+00
   0.0000000e+00
   0.0000000e+00
   0.0000000e+00
   0.0000000e+00
   0.0000000e+00
   0.0000000e+00
   0.0000000e+00
   0.0000000e+00
   1.8123337e-02
   1.4525396e-02
   0.0000000e+00
   0.0000000e+00
   0.0000000e+00
   0.0000000e+00
   0.0000000e+00
   0.0000000e+00
  -0.0000000e+00
  -5.5596034e-02
  -5.9802666e-02
  -7.0710205e-02
  -8.3609484e-02
  -9.6590593e-02
  -1.0796867e-01
  -1.1730694e-01
  -1.2458376e-01
  -1.2916844e-01
  -1.3083862e-01
  -1.2979650e-01
  -1.2587555e-01
  -1.1864875e-01
  -1.0816255e-01
  -9.4216213e-02
  -7.4544005e-02
  -4.7051791e-02
  -1.7626099e-02
  -9.6675253e-04
   1.8064141e-03
  -4.5274439e-02
  -6.7893893e-02
  -7.3874295e-02
  -7.8386970e-02
  -7.8440696e-02
  -7.5094379e-02
  -6.8825565e-02
  -5.9268635e-02
  -3.6805108e-02
  -2.1089049e-02
   0.0000000e+00
   0.0000000e+00
   0.0000000e+00
   0.0000000e+00
   0.0000000e+00
   0.0000000e+00
   0.0000000e+00
   0.0000000e+00
   0.0000000e+00
  -1.5550311e-03
  -1.7711047e-03
   0.0000000e+00
   0.0000000e+00
   0.0000000e+00
   0.0000000e+00
   0.0000000e+00
  -0.0000000e+00
  -5.7563079e-02
  -4.9709443e-02
  -5.2326668e-02
  -5.9846513e-02
  -6.9791056e-02
  -8.1119388e-02
  -9.2096403e-02
  -1.0211724e-01
  -1.1059864e-01
  -1.1647527e-01
  -1.1910351e-01
  -1.1867788e-01
  -1.1585539e-01
  -1.1053020e-01
  -1.0246647e-01
  -9.0798333e-02
  -7.2526336e-02
  -4.4239786e-02
  -1.2725001e-02
   9.9132040e-04
   2.7728904e-03
  -0.0000000e+00
  -6.1576169e-02
  -6.5452218e-02
  -6.9873542e-02
  -7.1737707e-02
  -7.2940171e-02
  -7.2563305e-02
  -7.1296372e-02
  -5.9684027e-02
  -4.7472097e-02
   0.0000000e+00
   0.0000000e+00
   0.0000000e+00
   0.0000000e+00
   0.0000000e+00
   0.0000000e+00
   0.0000000e+00
   0.0000000e+00
  -0.0000000e+00
  -1.6915497e-02
  -1.6122068e-03
   0.0000000e+00
   0.0000000e+00
  -0.0000000e+00
  -0.0000000e+00
   0.0000000e+00
  -0.0000000e+00
  -4.8722766e-02
  -3.9791196e-02
  -4.4300417e-02
  -4.6183342e-02
  -5.3484784e-02
  -6.3200280e-02
  -7.3662391e-02
  -8.4328232e-02
  -9.4070975e-02
  -1.0128326e-01
  -1.0502321e-01
  -1.0498758e-01
  -1.0205137e-01
  -9.7349193e-02
  -9.0876002e-02
  -8.1039635e-02
  -6.3607730e-02
  -3.6320615e-02
  -6.8485552e-03
   1.7782314e-03
   0.0000000e+00
  -0.0000000e+00
  -5.2898006e-02
  -5.4641427e-02
  -5.7446603e-02
  -6.0717993e-02
  -6.4995877e-02
  -6.9348565e-02
  -7.4028893e-02
  -7.3266684e-02
  -6.8304965e-02
   0.0000000e+00
   0.0000000e+00
   0.0000000e+00
   0.0000000e+00
   0.0000000e+00
   0.0000000e+00
   0.0000000e+00
   0.0000000e+00
  -2.8151358e-02
  -1.4710030e-02
   2.0198019e-02
   6.0084334e-02
   0.0000000e+00
  -0.0000000e+00
  -0.0000000e+00
   0.0000000e+00
   0.0000000e+00
  -0.0000000e+00
  -3.1984118e-02
  -3.0172043e-02
  -3.1116860e-02
  -3.5501625e-02
  -4.3958299e-02
  -5.3963143e-02
  -6.5121256e-02
  -7.5895555e-02
  -8.4357597e-02
  -8.9281939e-02
  -8.9993581e-02
  -8.6987525e-02
  -8.2426719e-02
  -7.7273808e-02
  -6.9593199e-02
  -5.3101014e-02
  -2.6151670e-02
   6.1343948e-04
   6.1353727e-03
   0.0000000e+00
  -3.9124697e-02
  -4.1066412e-02
  -4.1189931e-02
  -4.3109022e-02
  -4.6715926e-02
  -5.1987063e-02
  -5.8752954e-02
  -6.6624686e-02
  -7.0131980e-02
  -5.5695918e-02
   0.0000000e+00
   0.0000000e+00
   0.0000000e+00
   0.0000000e+00
   0.0000000e+00
   0.0000000e+00
   0.0000000e+00
   0.0000000e+00
  -2.2007137e-02
  -7.6413872e-03
   2.8521780e-02
   5.3795408e-02
   0.0000000e+00
   0.0000000e+00
   0.0000000e+00
   0.0000000e+00
   0.0000000e+00
  -0.0000000e+00
  -2.0150764e-02
  -1.5691242e-02
  -1.3277649e-02
  -1.6000139e-02
  -2.4139695e-02
  -3.4295511e-02
  -4.5577820e-02
  -5.6681681e-02
  -6.5832801e-02
  -7.1174808e-02
  -7.1853608e-02
  -6.8869740e-02
  -6.4717770e-02
  -6.1238594e-02
  -5.6344457e-02
  -4.2301990e-02
  -1.5007310e-02
   5.5499048e-03
   7.0100980e-03
   0.0000000e+00
  -2.9005711e-02
  -2.1140227e-02
  -2.7339414e-02
  -2.6488412e-02
  -3.0343330e-02
  -3.5104744e-02
  -4.2221174e-02
  -5.1903125e-02
  -5.8956962e-02
  -4.4737257e-02
  -2.7982691e-02
   0.0000000e+00
   0.0000000e+00
   0.0000000e+00
  -3.6105275e-02
   0.0000000e+00
   0.0000000e+00
  -0.0000000e+00
  -1.1618525e-02
  -3.0767794e-03
   1.9521906e-02
   4.8107803e-02
   0.0000000e+00
   0.0000000e+00
   0.0000000e+00
   0.0000000e+00
   0.0000000e+00
   0.0000000e+00
  -5.0052435e-03
   5.0887233e-03
   1.0296030e-02
   6.3469303e-03
  -3.2350814e-03
  -1.4695362e-02
  -2.6291069e-02
  -3.6969863e-02
  -4.5812324e-02
  -5.0857186e-02
  -5.0671514e-02
  -4.7229975e-02
  -4.3306988e-02
  -4.1046906e-02
  -3.9234709e-02
  -2.9241053e-02
  -2.5108429e-03
   1.4992091e-02
   0.0000000e+00
   0.0000000e+00
  -0.0000000e+00
  -1.6720696e-02
  -6.1479239e-03
  -7.5348597e-03
  -1.1615219e-02
  -1.5545506e-02
  -2.2290414e-02
  -3.2653473e-02
  -4.2520244e-02
  -3.9637674e-02
  -3.2767334e-02
   0.0000000e+00
   0.0000000e+00
   0.0000000e+00
  -1.1469320e-02
  -9.1521169e-03
  -3.1043477e-02
  -1.8445005e-02
  -1.8176453e-04
  -2.5362617e-03
   9.4964038e-03
   0.0000000e+00
   0.0000000e+00
   0.0000000e+00
   0.0000000e+00
   0.0000000e+00
   0.0000000e+00
   0.0000000e+00
   0.0000000e+00
   3.1858347e-02
   3.9070155e-02
   3.4293979e-02
   2.2185346e-02
   9.0473667e-03
  -3.6373767e-03
  -1.4175985e-02
  -2.2164319e-02
  -2.6144383e-02
  -2.5174664e-02
  -2.1146005e-02
  -1.6944466e-02
  -1.5065810e-02
  -1.5998257e-02
  -1.1860999e-02
   9.2205862e-03
   1.6699409e-02
   0.0000000e+00
   0.0000000e+00
   0.0000000e+00
   0.0000000e+00
   0.0000000e+00
   2.1297420e-02
   1.6372358e-02
   1.0619080e-02
   3.2959408e-03
  -8.5798893e-03
  -2.1115884e-02
  -2.0156743e-02
  -1.2896705e-02
  -1.5799512e-02
  -1.5799512e-02
  -2.7894435e-03
   8.4530702e-03
   8.9080834e-03
  -1.0509974e-02
  -2.2598248e-03
   4.1663510e-03
   0.0000000e+00
   0.0000000e+00
   0.0000000e+00
   0.0000000e+00
   0.0000000e+00
   0.0000000e+00
   0.0000000e+00
   0.0000000e+00
   0.0000000e+00
   0.0000000e+00
   3.9878810e-02
   4.7686330e-02
   5.0743892e-02
   4.3026182e-02
   3.2240154e-02
   2.0675733e-02
   1.0516414e-02
   3.1967605e-03
   2.7156378e-04
   1.7163885e-03
   5.8843381e-03
   1.0015720e-02
   1.1302394e-02
   8.1456038e-03
   5.6990291e-03
   1.8063649e-02
   2.3068835e-02
   0.0000000e+00
   0.0000000e+00
   0.0000000e+00
   0.0000000e+00
   0.0000000e+00
   3.3314969e-02
   4.1495117e-02
   3.7376589e-02
   2.8791623e-02
   1.5589002e-02
  -6.4879177e-04
  -6.5223113e-03
  -4.4326842e-03
  -0.0000000e+00
  -7.9662020e-03
   1.5994803e-02
   1.9455591e-02
   1.5798011e-02
   0.0000000e+00
  -4.1963421e-03
   0.0000000e+00
   0.0000000e+00
   0.0000000e+00
   0.0000000e+00
   0.0000000e+00
   0.0000000e+00
   0.0000000e+00
   0.0000000e+00
   0.0000000e+00
   0.0000000e+00
   0.0000000e+00
   0.0000000e+00
   3.3310899e-02
   4.3595016e-02
   4.9159274e-02
   4.8760194e-02
   4.4298999e-02
   3.8148578e-02
   3.2746956e-02
   3.0448314e-02
   3.1686816e-02
   3.5344664e-02
   3.8486794e-02
   3.8042556e-02
   3.2252379e-02
   2.2975398e-02
   1.8143063e-02
   0.0000000e+00
   0.0000000e+00
   0.0000000e+00
   0.0000000e+00
   0.0000000e+00
   0.0000000e+00
   0.0000000e+00
   5.0944071e-02
   5.3566735e-02
   4.8268802e-02
   3.7036430e-02
   1.8448088e-02
   2.5337967e-03
  -3.5169172e-03
   0.0000000e+00
   0.0000000e+00
   1.6396727e-02
   1.5791302e-02
   5.7006747e-03
   0.0000000e+00
   0.0000000e+00
  -0.0000000e+00
  -0.0000000e+00
   0.0000000e+00
   0.0000000e+00
   0.0000000e+00
   0.0000000e+00
   0.0000000e+00
   0.0000000e+00
   0.0000000e+00
   0.0000000e+00
   0.0000000e+00
   0.0000000e+00
   1.0297708e-02
   1.3557258e-02
   3.5428870e-02
   5.3169046e-02
   6.0949057e-02
   6.1868869e-02
   6.0523279e-02
   5.9837937e-02
   6.1143879e-02
   6.3552335e-02
   6.4721778e-02
   6.2173992e-02
   5.3474803e-02
   3.7654575e-02
   1.8269348e-02
   0.0000000e+00
   0.0000000e+00
   0.0000000e+00
   0.0000000e+00
   0.0000000e+00
   0.0000000e+00
   0.0000000e+00
   0.0000000e+00
   5.5484551e-02
   5.4382927e-02
   4.9913492e-02
   3.3169605e-02
   1.3001096e-02
   2.6821092e-03
   0.0000000e+00
   0.0000000e+00
   0.0000000e+00
  -0.0000000e+00
  -6.8938169e-03
   0.0000000e+00
  -0.0000000e+00
  -2.3630962e-02
  -2.2115170e-02
   0.0000000e+00
   0.0000000e+00
   0.0000000e+00
   0.0000000e+00
   0.0000000e+00
   0.0000000e+00
   0.0000000e+00
   0.0000000e+00
   0.0000000e+00
   0.0000000e+00
  -0.0000000e+00
  -1.7165028e-02
   1.9316282e-02
   5.0643943e-02
   6.8391837e-02
   7.6120935e-02
   8.0084234e-02
   8.2984842e-02
   8.5526474e-02
   8.6799741e-02
   8.5124731e-02
   7.9530448e-02
   6.7745551e-02
   4.7241401e-02
   1.9294759e-02
   0.0000000e+00
   0.0000000e+00
   0.0000000e+00
   0.0000000e+00
   0.0000000e+00
   0.0000000e+00
   0.0000000e+00
   0.0000000e+00
   0.0000000e+00
   0.0000000e+00
   5.1616088e-02
   4.0893484e-02
   2.7029125e-02
   2.0798901e-02
   0.0000000e+00
   0.0000000e+00
   0.0000000e+00
   0.0000000e+00
  -1.0386278e-02
  -8.4007095e-03
  -9.9752852e-03
  -1.4138202e-02
  -6.7619688e-03
   0.0000000e+00
   0.0000000e+00
   0.0000000e+00
   0.0000000e+00
   0.0000000e+00
   0.0000000e+00
   0.0000000e+00
   0.0000000e+00
   0.0000000e+00
   0.0000000e+00
  -0.0000000e+00
  -7.0073549e-03
   2.6814263e-02
   5.4901118e-02
   7.4684674e-02
   8.5770930e-02
   9.1991689e-02
   9.6850988e-02
   9.9674393e-02
   9.9083294e-02
   9.3901914e-02
   8.4243427e-02
   6.8750330e-02
   4.7225209e-02
   2.6540870e-02
   0.0000000e+00
   0.0000000e+00
   0.0000000e+00
   0.0000000e+00
   0.0000000e+00
   0.0000000e+00
   0.0000000e+00
   0.0000000e+00
   0.0000000e+00
   0.0000000e+00
   4.3611535e-02
   4.0539012e-02
   3.2925301e-02
   2.3952571e-02
   0.0000000e+00
   0.0000000e+00
   0.0000000e+00
   0.0000000e+00
  -1.1184169e-03
  -9.1845051e-03
  -6.0458773e-03
  -3.2896429e-03
   0.0000000e+00
   0.0000000e+00
   0.0000000e+00
   0.0000000e+00
   0.0000000e+00
   0.0000000e+00
   0.0000000e+00
   0.0000000e+00
   0.0000000e+00
   0.0000000e+00
   0.0000000e+00
   0.0000000e+00
   3.2823855e-02
   4.3490984e-02
   6.2390897e-02
   7.9522915e-02
   8.8382013e-02
   9.2281722e-02
   9.3677267e-02
   9.3783736e-02
   9.0596102e-02
   8.3318546e-02
   7.0802294e-02
   5.4333597e-02
   3.2074798e-02
   2.1166482e-02
   0.0000000e+00
   0.0000000e+00
   0.0000000e+00
   0.0000000e+00
   0.0000000e+00
   0.0000000e+00
   0.0000000e+00
   0.0000000e+00
   0.0000000e+00
   4.2487962e-02
   4.1513436e-02
   3.6469694e-02
   3.3252537e-02
   0.0000000e+00
   0.0000000e+00
   0.0000000e+00
   0.0000000e+00
   0.0000000e+00
   0.0000000e+00
   0.0000000e+00
   0.0000000e+00
   0.0000000e+00
   0.0000000e+00
   0.0000000e+00
   0.0000000e+00
   0.0000000e+00
   0.0000000e+00
   0.0000000e+00
   0.0000000e+00
   0.0000000e+00
   0.0000000e+00
   0.0000000e+00
   0.0000000e+00
   0.0000000e+00
   3.2296826e-02
   3.4378140e-02
   5.2184053e-02
   6.2577665e-02
   6.5375939e-02
   6.5456331e-02
   6.3872606e-02
   6.0624689e-02
   5.5090632e-02
   4.8483975e-02
   3.5965417e-02
   2.0685058e-02
   3.8720473e-03
   1.3731856e-02
   0.0000000e+00
   0.0000000e+00
   0.0000000e+00
   0.0000000e+00
   0.0000000e+00
   0.0000000e+00
   0.0000000e+00
   0.0000000e+00
   0.0000000e+00
   3.2343395e-02
   2.0398616e-02
   1.6196579e-03
  -2.0759336e-02
  -2.6636233e-03
   0.0000000e+00
   0.0000000e+00
   0.0000000e+00
   0.0000000e+00
   0.0000000e+00
   0.0000000e+00
   0.0000000e+00
   0.0000000e+00
   0.0000000e+00
   0.0000000e+00
   0.0000000e+00
   0.0000000e+00
   0.0000000e+00
   0.0000000e+00
   0.0000000e+00
   0.0000000e+00
   0.0000000e+00
   0.0000000e+00
   0.0000000e+00
   0.0000000e+00
   5.1153037e-02
   3.0070069e-02
  -8.0019137e-04
  -3.9148035e-03
   5.6345547e-03
   1.3126863e-02
   1.1132861e-02
   4.4976383e-03
   2.0147138e-02
   3.3547025e-04
  -6.1652300e-03
  -1.5661203e-02
  -2.2087840e-02
   0.0000000e+00
   0.0000000e+00
   0.0000000e+00
   0.0000000e+00
   0.0000000e+00
   0.0000000e+00
   0.0000000e+00
   0.0000000e+00
   0.0000000e+00
   0.0000000e+00
   0.0000000e+00
  -0.0000000e+00
  -3.4325031e-02
  -3.7219302e-02
  -2.3358578e-02
  -2.0103718e-02
   0.0000000e+00
   0.0000000e+00
   0.0000000e+00
   0.0000000e+00
   0.0000000e+00
   0.0000000e+00
   0.0000000e+00
   0.0000000e+00
   0.0000000e+00
   0.0000000e+00
   0.0000000e+00
   0.0000000e+00
   0.0000000e+00
   0.0000000e+00
   0.0000000e+00
   0.0000000e+00
   0.0000000e+00
   0.0000000e+00
   0.0000000e+00
   0.0000000e+00
   0.0000000e+00
   0.0000000e+00
  -0.0000000e+00
  -3.0313852e-02
  -1.8156302e-02
  -1.5193545e-02
   0.0000000e+00
   0.0000000e+00
   0.0000000e+00
   0.0000000e+00
  -0.0000000e+00
   0.0000000e+00
   0.0000000e+00
   0.0000000e+00
   0.0000000e+00
   0.0000000e+00
   0.0000000e+00
   0.0000000e+00
   0.0000000e+00
   0.0000000e+00
   0.0000000e+00
  -0.0000000e+00
  -0.0000000e+00
   0.0000000e+00
   0.0000000e+00
   0.0000000e+00
  -1.7307332e-02
  -1.0502020e-02
  -5.2879990e-05
   0.0000000e+00
   0.0000000e+00
   0.0000000e+00
   0.0000000e+00
   0.0000000e+00
   0.0000000e+00
   0.0000000e+00
   0.0000000e+00
   0.0000000e+00
   0.0000000e+00
   0.0000000e+00
   0.0000000e+00
   0.0000000e+00
   0.0000000e+00
   0.0000000e+00
   0.0000000e+00
   0.0000000e+00
   0.0000000e+00
   0.0000000e+00
   0.0000000e+00
   0.0000000e+00
   0.0000000e+00
   0.0000000e+00
   0.0000000e+00
   0.0000000e+00
   0.0000000e+00
   0.0000000e+00
   0.0000000e+00
   0.0000000e+00
   0.0000000e+00
  -0.0000000e+00
  -0.0000000e+00
  -0.0000000e+00
   0.0000000e+00
   0.0000000e+00
   0.0000000e+00
   0.0000000e+00
   0.0000000e+00
   0.0000000e+00
   0.0000000e+00
   0.0000000e+00
  -0.0000000e+00
   0.0000000e+00
   0.0000000e+00
   0.0000000e+00
  -0.0000000e+00
  -1.4356570e-02
  -1.4917070e-02
   0.0000000e+00
   0.0000000e+00
   0.0000000e+00
   0.0000000e+00
   0.0000000e+00
   0.0000000e+00
   0.0000000e+00
   0.0000000e+00
   0.0000000e+00
   0.0000000e+00
   0.0000000e+00
   0.0000000e+00
   0.0000000e+00
  -0.0000000e+00
  -0.0000000e+00
  -0.0000000e+00
  -0.0000000e+00
  -0.0000000e+00
  -0.0000000e+00
  -0.0000000e+00
  -0.0000000e+00
  -2.5601806e-02
  -3.0079785e-02
  -3.5212728e-02
  -3.3432414e-02
  -3.3705632e-02
  -3.7189700e-02
  -3.6936660e-02
  -2.8577648e-02
  -2.9175276e-02
  -1.8321224e-02
  -9.1528545e-03
  -5.8254464e-03
  -4.9349632e-03
  -6.0788818e-03
  -1.0448520e-02
  -1.4076994e-02
  -1.6111355e-02
  -0.0000000e+00
  -0.0000000e+00
  -0.0000000e+00
  -0.0000000e+00
  -0.0000000e+00
  -0.0000000e+00
  -0.0000000e+00
  -0.0000000e+00
  -0.0000000e+00
  -6.1659497e-03
  -0.0000000e+00
  -0.0000000e+00
  -0.0000000e+00
  -0.0000000e+00
  -0.0000000e+00
  -0.0000000e+00
  -0.0000000e+00
  -0.0000000e+00
  -0.0000000e+00
  -0.0000000e+00
  -0.0000000e+00
  -0.0000000e+00
  -0.0000000e+00
