   0.0000000e+00
   0.0000000e+00
   0.0000000e+00
   0.0000000e+00
   0.0000000e+00
   0.0000000e+00
   0.0000000e+00
   0.0000000e+00
   0.0000000e+00
   0.0000000e+00
   0.0000000e+00
   0.0000000e+00
   0.0000000e+00
   0.0000000e+00
   0.0000000e+00
   0.0000000e+00
   0.0000000e+00
   0.0000000e+00
   0.0000000e+00
   0.0000000e+00
   0.0000000e+00
   0.0000000e+00
   0.0000000e+00
   0.0000000e+00
   0.0000000e+00
   0.0000000e+00
   1.7461489e-02
   0.0000000e+00
   0.0000000e+00
   0.0000000e+00
   0.0000000e+00
   0.0000000e+00
   0.0000000e+00
   0.0000000e+00
   0.0000000e+00
   0.0000000e+00
   0.0000000e+00
   0.0000000e+00
   0.0000000e+00
   0.0000000e+00
   0.0000000e+00
   0.0000000e+00
   0.0000000e+00
   0.0000000e+00
   0.0000000e+00
   0.0000000e+00
   0.0000000e+00
   0.0000000e+00
   0.0000000e+00
   0.0000000e+00
   0.0000000e+00
   0.0000000e+00
   0.0000000e+00
   0.0000000e+00
   0.0000000e+00
   0.0000000e+00
   2.5501800e-02
   2.0887210e-02
   2.8078965e-02
   2.8493528e-02
   1.7507856e-02
   1.8536948e-02
   1.4829027e-02
   1.3698039e-03
   1.5391483e-02
   4.3615604e-03
  -7.8858358e-03
  -1.1384676e-02
  -1.3998520e-02
  -1.8210212e-02
  -1.5796292e-02
  -3.4430092e-02
  -1.8260736e-02
   0.0000000e+00
   1.5175082e-02
   3.3970799e-03
   8.6596361e-03
   1.1958167e-02
   3.6455793e-03
   1.1197886e-03
  -1.0590873e-02
  -1.1235700e-02
  -4.1219389e-02
  -6.6751473e-02
  -7.7024872e-02
   0.0000000e+00
   0.0000000e+00
   0.0000000e+00
   0.0000000e+00
   0.0000000e+00
   0.0000000e+00
   0.0000000e+00
   0.0000000e+00
   0.0000000e+00
   0.0000000e+00
   0.0000000e+00
   0.0000000e+00
   0.0000000e+00
   0.0000000e+00
   0.0000000e+00
   6.1363133e-03
   1.4923477e-02
   1.5411925e-02
   4.4813534e-03
   4.6677547e-03
   2.0138422e-02
   3.6250051e-02
   4.1555386e-02
   5.0115366e-02
   5.3692635e-02
   5.6337520e-02
   5.4283530e-02
   4.7895122e-02
   4.4754252e-02
   4.2896260e-02
   4.1951396e-02
   4.1933648e-02
   3.7201773e-02
   3.3143379e-02
   2.6090130e-02
   1.2111617e-02
   2.2554061e-02
   1.1343718e-02
   1.6004042e-02
   2.1079358e-02
   2.4187511e-02
   2.3951067e-02
   2.4992701e-02
   1.9092865e-02
   1.2673908e-02
  -1.6968918e-03
  -1.7370522e-02
  -2.0883035e-02
  -5.3082125e-03
  -4.6802456e-03
  -1.3406117e-02
  -1.7023495e-02
  -2.8901020e-02
  -6.6556428e-02
  -5.2119735e-02
  -2.4364488e-02
  -5.3344242e-02
   0.0000000e+00
   0.0000000e+00
   2.9773530e-02
   5.1984288e-02
   6.7946854e-02
   7.6251171e-02
   7.6671608e-02
   6.8219246e-02
   6.3335646e-02
   6.0344703e-02
   6.3043669e-02
   6.4183369e-02
   6.4073153e-02
   6.4556375e-02
   6.6621892e-02
   6.9672219e-02
   7.5723208e-02
   7.4796975e-02
   6.8499379e-02
   6.5568067e-02
   6.5692522e-02
   6.5693513e-02
   6.6237748e-02
   6.5802738e-02
   6.5333307e-02
   6.3004561e-02
   6.5516263e-02
   7.1471637e-02
   7.7817983e-02
   5.4142146e-02
   4.6531260e-02
   4.3410681e-02
   4.4759210e-02
   4.7972392e-02
   5.0533231e-02
   5.3375904e-02
   5.5338927e-02
   5.7209190e-02
   5.8663409e-02
   6.3017502e-02
   6.6287957e-02
   6.5617278e-02
   5.4133937e-02
   5.4838810e-02
   2.6979987e-02
   2.4743607e-02
   3.3285920e-02
   2.9785408e-02
   2.7025780e-02
   1.8793412e-02
   1.0568868e-01
   1.1093778e-01
   1.0895643e-01
   1.0760943e-01
   1.1050603e-01
   0.0000000e+00
   7.9445358e-02
   7.2747640e-02
   7.0686899e-02
   7.0385389e-02
   7.0181601e-02
   6.8740308e-02
   6.7092635e-02
   6.8500303e-02
   7.4265085e-02
   7.6060683e-02
   7.2736390e-02
   7.1372963e-02
   7.2517559e-02
   7.5568311e-02
   7.8259885e-02
   8.0326892e-02
   8.1928931e-02
   7.9424217e-02
   7.5863875e-02
   7.8859504e-02
   0.0000000e+00
   3.7387708e-02
   4.5354944e-02
   5.2307054e-02
   5.8918115e-02
   6.6907056e-02
   7.4220218e-02
   8.1436120e-02
   8.9422062e-02
   9.8942995e-02
   1.0776751e-01
   1.1416700e-01
   1.1913092e-01
   1.2074985e-01
   1.2009361e-01
   1.2069689e-01
   1.1872165e-01
   1.1019266e-01
   1.0537131e-01
   1.0553914e-01
   1.0130615e-01
   1.0013652e-01
   1.3131572e-01
   0.0000000e+00
   1.0458023e-01
   9.6371578e-02
   0.0000000e+00
   0.0000000e+00
   6.0957456e-02
   5.4788522e-02
   5.7353463e-02
   6.1438873e-02
   6.3499118e-02
   6.2775786e-02
   5.9466135e-02
   6.0841270e-02
   6.5956041e-02
   6.8627790e-02
   6.8393432e-02
   6.8560533e-02
   7.1476951e-02
   7.6128066e-02
   7.9593875e-02
   8.3888292e-02
   8.6207658e-02
   8.0905244e-02
   6.5361112e-02
   0.0000000e+00
   0.0000000e+00
   2.5426996e-02
   3.7584465e-02
   5.4617591e-02
   6.7634128e-02
   7.8718014e-02
   9.0226591e-02
   1.0069446e-01
   1.1036005e-01
   1.2082311e-01
   1.2801951e-01
   1.3271663e-01
   1.3665901e-01
   1.3754249e-01
   1.3835399e-01
   1.4579715e-01
   1.5324448e-01
   1.4527352e-01
   1.4134313e-01
   1.4285530e-01
   1.3808745e-01
   1.3324063e-01
   0.0000000e+00
   0.0000000e+00
   0.0000000e+00
   0.0000000e+00
   0.0000000e+00
   0.0000000e+00
   0.0000000e+00
   3.7851460e-02
   3.8553413e-02
   4.7875833e-02
   5.1394881e-02
   5.1365191e-02
   5.4985199e-02
   5.7776295e-02
   6.0108252e-02
   6.2858552e-02
   6.3689619e-02
   6.5276481e-02
   6.8127409e-02
   7.2314948e-02
   7.6822110e-02
   8.0012165e-02
   8.0797717e-02
   7.7071108e-02
   6.2819086e-02
   4.0648710e-02
   0.0000000e+00
   2.0036514e-02
   3.2364246e-02
   5.0469652e-02
   6.6369750e-02
   8.1691474e-02
   9.5561206e-02
   1.0708576e-01
   1.1487035e-01
   1.1827241e-01
   1.1765774e-01
   1.1588158e-01
   1.1619821e-01
   1.1640373e-01
   1.1784859e-01
   1.3084501e-01
   1.4739767e-01
   1.4716268e-01
   1.4959371e-01
   1.5016055e-01
   1.4149600e-01
   1.3002847e-01
   0.0000000e+00
   0.0000000e+00
   0.0000000e+00
   0.0000000e+00
   0.0000000e+00
   0.0000000e+00
   0.0000000e+00
   2.8854893e-02
   2.4945434e-02
   3.3932868e-02
   4.2542286e-02
   4.4022469e-02
   5.3123052e-02
   5.7133943e-02
   5.6629032e-02
   5.7320554e-02
   5.8372162e-02
   5.9224281e-02
   6.1027996e-02
   6.4176507e-02
   6.8405777e-02
   7.1947418e-02
   7.3680311e-02
   7.0465229e-02
   6.0024060e-02
   4.1296317e-02
   0.0000000e+00
   2.4627968e-02
   2.8235100e-02
   4.1014891e-02
   5.6072921e-02
   7.5138763e-02
   9.1634430e-02
   1.0176311e-01
   1.0411146e-01
   9.7719148e-02
   8.6275198e-02
   7.7937342e-02
   8.0226362e-02
   8.3099939e-02
   8.6803839e-02
   1.0289130e-01
   1.2280545e-01
   1.3077027e-01
   1.3705939e-01
   1.3644481e-01
   1.2663198e-01
   1.0904598e-01
   0.0000000e+00
   0.0000000e+00
   0.0000000e+00
   0.0000000e+00
   0.0000000e+00
   0.0000000e+00
   0.0000000e+00
   2.7061163e-02
   2.4889426e-02
   2.8253499e-02
   3.5263974e-02
   4.0721551e-02
   4.8523493e-02
   5.3643182e-02
   5.2299347e-02
   5.0803233e-02
   5.0413523e-02
   4.9571693e-02
   5.0232578e-02
   5.2901208e-02
   5.7108197e-02
   6.1555475e-02
   6.3487388e-02
   6.0271963e-02
   5.0239809e-02
   3.2902671e-02
   0.0000000e+00
   0.0000000e+00
   1.9417105e-02
   3.0864842e-02
   4.3431498e-02
   6.2340066e-02
   7.9421133e-02
   8.6518005e-02
   8.2820274e-02
   6.4757697e-02
   4.8000928e-02
   4.2717081e-02
   4.5867927e-02
   5.2433606e-02
   6.0793109e-02
   7.7159211e-02
   9.5135890e-02
   1.0617825e-01
   1.1205298e-01
   1.1015904e-01
   1.0043879e-01
   8.2197115e-02
   4.4817617e-02
   0.0000000e+00
   0.0000000e+00
   0.0000000e+00
   0.0000000e+00
   0.0000000e+00
   1.5758820e-02
   2.5447371e-02
   2.7386778e-02
   2.6648376e-02
   2.7551901e-02
   3.2925274e-02
   3.9834693e-02
   4.3735635e-02
   4.2604718e-02
   3.9510127e-02
   3.6996376e-02
   3.5556708e-02
   3.5825565e-02
   3.7746660e-02
   4.0888775e-02
   4.4026222e-02
   4.5425031e-02
   4.2880885e-02
   3.3417571e-02
   1.7296007e-02
   0.0000000e+00
   0.0000000e+00
   5.4794076e-03
   2.1914804e-02
   3.4744665e-02
   4.8909616e-02
   5.9706684e-02
   6.0613804e-02
   4.9420379e-02
   2.1327192e-02
   0.0000000e+00
   0.0000000e+00
   1.0397360e-02
   2.0574728e-02
   3.0794956e-02
   4.5606885e-02
   6.0931079e-02
   7.1160175e-02
   7.5130232e-02
   7.2566949e-02
   6.4144239e-02
   5.2429695e-02
   2.8244887e-02
   2.2892922e-02
   0.0000000e+00
   0.0000000e+00
   0.0000000e+00
   0.0000000e+00
   1.4420796e-02
   1.9697915e-02
   2.4213242e-02
   1.6558992e-02
   1.6361807e-02
   1.9878890e-02
   2.4214206e-02
   2.6722405e-02
   2.6913624e-02
   2.3864429e-02
   2.1003932e-02
   2.0189736e-02
   2.0084262e-02
   2.1321522e-02
   2.3119168e-02
   2.4101945e-02
   2.3953067e-02
   2.1586303e-02
   1.4543359e-02
   6.6318740e-03
   0.0000000e+00
   0.0000000e+00
   0.0000000e+00
   5.4793760e-03
   1.7710302e-02
   3.2011367e-02
   3.6765143e-02
   3.1895828e-02
   1.5293089e-02
  -4.3424566e-03
  -0.0000000e+00
   0.0000000e+00
  -4.4987004e-03
  -2.9167095e-03
   5.1098070e-03
   1.7713642e-02
   2.8575594e-02
   3.4650180e-02
   3.6510445e-02
   3.4095556e-02
   2.8082492e-02
   2.4224756e-02
   1.0733549e-02
   1.1986211e-02
   0.0000000e+00
   0.0000000e+00
   0.0000000e+00
  -1.3521391e-02
  -2.8063976e-04
   9.1752864e-03
  -5.3337359e-03
   1.5240991e-03
   1.4097816e-03
   3.4520999e-03
   5.7056360e-03
   7.7311238e-03
   9.2327585e-03
   7.6229810e-03
   5.9487680e-03
   5.3581027e-03
   5.2969828e-03
   5.8244509e-03
   6.3885767e-03
   5.8167060e-03
   4.3240753e-03
   1.4302939e-03
  -2.8165758e-03
  -1.9052324e-03
   0.0000000e+00
   0.0000000e+00
   0.0000000e+00
  -1.6811840e-02
  -3.2711467e-03
   1.3314481e-02
   1.3533678e-02
   5.0959857e-03
  -1.3137709e-02
  -2.5475537e-02
   0.0000000e+00
   0.0000000e+00
  -1.4271353e-02
  -1.7807979e-02
  -1.3330562e-02
  -4.3713385e-03
   6.3857471e-04
   2.3598671e-03
   2.2294694e-03
  -1.6564562e-04
  -3.6443379e-03
  -1.9600457e-03
  -1.0304843e-02
  -6.9602879e-04
   0.0000000e+00
   0.0000000e+00
   0.0000000e+00
  -1.7587857e-02
  -1.1242481e-02
  -6.4221441e-03
  -1.3066765e-02
  -1.1842617e-02
  -1.2301799e-02
  -1.1271627e-02
  -1.0479850e-02
  -8.7924822e-03
  -6.7911689e-03
  -6.2784508e-03
  -6.4121989e-03
  -6.8147742e-03
  -6.6584150e-03
  -6.6805437e-03
  -7.5719115e-03
  -9.6270952e-03
  -1.2834175e-02
  -1.6996216e-02
  -1.8389547e-02
  -7.1479751e-03
   0.0000000e+00
   0.0000000e+00
   0.0000000e+00
  -3.3904253e-02
  -2.2369151e-02
  -3.0475483e-03
  -7.3118685e-03
  -1.8750976e-02
  -3.4683663e-02
  -3.5246072e-02
   0.0000000e+00
   0.0000000e+00
  -2.3267813e-02
  -2.5992344e-02
  -2.1399837e-02
  -2.1854368e-02
  -2.3276289e-02
  -2.5663444e-02
  -2.7742040e-02
  -3.0296046e-02
  -3.1213565e-02
  -2.5363701e-02
  -3.0323787e-02
  -1.8729860e-02
  -1.6601912e-02
   0.0000000e+00
   0.0000000e+00
  -3.1152198e-02
  -2.2162359e-02
  -1.8241696e-02
  -2.1025745e-02
  -2.2591818e-02
  -2.2442074e-02
  -2.1905199e-02
  -2.1379869e-02
  -1.9992229e-02
  -1.7866433e-02
  -1.5678637e-02
  -1.4494247e-02
  -1.4033288e-02
  -1.3939719e-02
  -1.5412606e-02
  -1.8427590e-02
  -2.2481132e-02
  -2.7950127e-02
  -3.3655401e-02
  -3.1889446e-02
  -1.1986234e-02
   0.0000000e+00
   0.0000000e+00
   0.0000000e+00
  -0.0000000e+00
  -3.3332882e-02
  -1.6512234e-02
  -2.4967693e-02
  -3.7925940e-02
  -4.4375554e-02
  -2.3426052e-02
   0.0000000e+00
   0.0000000e+00
  -3.4533451e-02
  -3.2012717e-02
  -2.8991725e-02
  -3.5325006e-02
  -4.2933460e-02
  -4.8225515e-02
  -5.1832221e-02
  -5.4564960e-02
  -5.3604037e-02
  -4.5438830e-02
  -4.7463853e-02
  -3.2274928e-02
  -2.4847706e-02
  -2.5221552e-02
   0.0000000e+00
  -3.7495756e-02
  -3.0086560e-02
  -2.5965229e-02
  -2.7092656e-02
  -2.7821992e-02
  -2.8240802e-02
  -2.8169533e-02
  -2.7238999e-02
  -2.5749076e-02
  -2.3012642e-02
  -1.9743927e-02
  -1.7854573e-02
  -1.7426917e-02
  -1.8658690e-02
  -2.2638442e-02
  -2.8291255e-02
  -3.4558710e-02
  -4.1836858e-02
  -4.8042081e-02
  -4.3836363e-02
  -1.9058687e-02
   0.0000000e+00
   0.0000000e+00
   0.0000000e+00
   0.0000000e+00
  -3.1594229e-02
  -2.7142586e-02
  -3.9030850e-02
  -5.0164625e-02
  -4.6730682e-02
  -2.2178584e-02
   0.0000000e+00
   0.0000000e+00
  -0.0000000e+00
  -3.6857527e-02
  -0.0000000e+00
  -4.4177290e-02
  -5.7263091e-02
  -6.3908748e-02
  -6.8855129e-02
  -7.2432406e-02
  -7.1415775e-02
  -6.2596992e-02
  -5.9720196e-02
  -4.3390267e-02
  -3.1046227e-02
  -2.6534151e-02
  -4.3383188e-02
  -4.0409856e-02
  -3.2672290e-02
  -2.7649179e-02
  -2.6916280e-02
  -2.7658010e-02
  -2.9400341e-02
  -3.0131824e-02
  -2.8993778e-02
  -2.6831433e-02
  -2.3427110e-02
  -2.0117253e-02
  -1.9112621e-02
  -2.0454353e-02
  -2.4197750e-02
  -3.0789042e-02
  -3.8721398e-02
  -4.6544582e-02
  -5.4368909e-02
  -6.0236126e-02
  -5.4777376e-02
  -3.1197743e-02
   0.0000000e+00
   0.0000000e+00
   0.0000000e+00
   0.0000000e+00
  -2.5587754e-02
  -3.5833415e-02
  -4.9080573e-02
  -5.5792727e-02
  -4.6575285e-02
  -0.0000000e+00
   0.0000000e+00
   0.0000000e+00
   0.0000000e+00
  -3.8932184e-02
   0.0000000e+00
  -5.2126553e-02
  -6.5723017e-02
  -7.2851568e-02
  -7.9207443e-02
  -8.4709257e-02
  -8.4667042e-02
  -7.5401403e-02
  -6.4548239e-02
  -4.7980275e-02
  -3.4307823e-02
  -2.8824135e-02
  -3.6765643e-02
  -3.6448210e-02
  -2.8949618e-02
  -2.3509338e-02
  -2.2188213e-02
  -2.4270471e-02
  -2.7529508e-02
  -2.9430119e-02
  -2.8527219e-02
  -2.5682801e-02
  -2.2280619e-02
  -2.0678490e-02
  -2.2186276e-02
  -2.6331380e-02
  -3.2958195e-02
  -4.1501179e-02
  -5.0203312e-02
  -5.7811864e-02
  -6.4149961e-02
  -6.6149913e-02
  -4.8542351e-02
  -0.0000000e+00
   0.0000000e+00
   0.0000000e+00
   0.0000000e+00
   0.0000000e+00
  -2.8442336e-02
  -4.3338999e-02
  -5.5907104e-02
  -5.7305600e-02
  -3.8884088e-02
  -2.3916120e-02
   0.0000000e+00
   0.0000000e+00
   0.0000000e+00
  -9.9901222e-03
  -9.9901222e-03
  -5.8192086e-02
  -6.9091886e-02
  -7.6231793e-02
  -8.3319649e-02
  -9.0156771e-02
  -9.0666972e-02
  -8.0707483e-02
  -6.0787372e-02
  -4.5635413e-02
  -3.3056997e-02
  -2.6644170e-02
  -2.8379792e-02
  -2.5788680e-02
  -1.9419141e-02
  -1.4992300e-02
  -1.5103067e-02
  -1.9622499e-02
  -2.4863260e-02
  -2.7976580e-02
  -2.7809620e-02
  -2.5605071e-02
  -2.4382420e-02
  -2.5906805e-02
  -3.0462001e-02
  -3.7277691e-02
  -4.5793854e-02
  -5.4457281e-02
  -6.1881773e-02
  -6.7345366e-02
  -6.9973290e-02
  -6.6481881e-02
  -4.6816634e-02
  -0.0000000e+00
   0.0000000e+00
   0.0000000e+00
   0.0000000e+00
   0.0000000e+00
  -3.5556870e-02
  -4.9859833e-02
  -5.9604108e-02
  -5.3676091e-02
  -2.5222966e-02
   1.0799776e-02
   0.0000000e+00
   0.0000000e+00
   0.0000000e+00
  -2.5132817e-02
  -4.8409023e-02
  -6.2273247e-02
  -6.7475334e-02
  -7.3852904e-02
  -8.0345005e-02
  -8.6507663e-02
  -8.6770527e-02
  -7.6511405e-02
  -4.7300756e-02
  -3.4790736e-02
  -2.4158470e-02
  -1.6266737e-02
  -1.3357550e-02
  -1.1138912e-02
  -7.5249681e-03
  -5.8518783e-03
  -8.7097017e-03
  -1.5522708e-02
  -2.2540588e-02
  -2.7210405e-02
  -2.9085509e-02
  -2.9925112e-02
  -3.2329533e-02
  -3.6914933e-02
  -4.3620341e-02
  -5.1848982e-02
  -6.0518939e-02
  -6.7569800e-02
  -7.2286658e-02
  -7.3525906e-02
  -6.9850631e-02
  -5.6515858e-02
  -2.9647771e-02
   0.0000000e+00
   0.0000000e+00
   0.0000000e+00
   0.0000000e+00
   0.0000000e+00
  -4.4828565e-02
  -5.3023122e-02
  -5.8269173e-02
  -4.5336928e-02
  -1.4236440e-02
   1.2708500e-02
   0.0000000e+00
   0.0000000e+00
   0.0000000e+00
  -3.4254320e-02
  -5.1389862e-02
  -5.8679093e-02
  -6.0315281e-02
  -6.4052470e-02
  -6.7947879e-02
  -7.1459420e-02
  -7.0445150e-02
  -6.0901746e-02
  -2.6572719e-02
  -1.7824357e-02
  -9.6840812e-03
  -1.8078118e-03
   1.1417868e-03
   5.3121854e-04
  -4.5571564e-05
  -1.8439122e-03
  -6.5423618e-03
  -1.3711703e-02
  -2.1238448e-02
  -2.7344704e-02
  -3.2149475e-02
  -3.6686804e-02
  -4.2060874e-02
  -4.8301518e-02
  -5.5655643e-02
  -6.3796088e-02
  -7.1537621e-02
  -7.6594010e-02
  -7.7991031e-02
  -7.4561968e-02
  -6.3951202e-02
  -4.3197289e-02
  -2.4215094e-02
   0.0000000e+00
   0.0000000e+00
   0.0000000e+00
   0.0000000e+00
   0.0000000e+00
  -0.0000000e+00
  -5.3117828e-02
  -5.2024573e-02
  -3.5391945e-02
  -7.5386129e-03
   1.2867551e-02
   0.0000000e+00
   0.0000000e+00
   0.0000000e+00
  -3.4513483e-02
  -4.5358412e-02
  -4.7850452e-02
  -4.7723852e-02
  -4.6787586e-02
  -4.6280790e-02
  -4.6754718e-02
  -4.4524353e-02
  -3.6621790e-02
  -7.9611354e-03
  -4.3955361e-03
   1.4465935e-04
   5.9690489e-03
   6.1980453e-03
   2.1062195e-03
  -2.5015851e-03
  -6.7649572e-03
  -1.1464640e-02
  -1.6945194e-02
  -2.2912975e-02
  -2.8841514e-02
  -3.4903172e-02
  -4.1007966e-02
  -4.7296405e-02
  -5.3490963e-02
  -6.0042936e-02
  -6.6772975e-02
  -7.2903119e-02
  -7.6218367e-02
  -7.4978970e-02
  -6.7971401e-02
  -5.2508794e-02
  -2.7920526e-02
  -1.5745659e-02
   0.0000000e+00
   0.0000000e+00
   0.0000000e+00
   0.0000000e+00
   0.0000000e+00
   0.0000000e+00
  -4.9391102e-02
  -4.3652494e-02
  -2.6074747e-02
  -4.8513580e-03
   9.3621082e-03
   0.0000000e+00
   0.0000000e+00
   0.0000000e+00
  -2.9838451e-02
  -3.3880785e-02
  -3.2735098e-02
  -3.1409390e-02
  -2.5750760e-02
  -2.0660983e-02
  -1.9513978e-02
  -1.7956259e-02
  -1.3278151e-02
   2.9229831e-03
   1.5346691e-04
   3.9835111e-05
   2.7212419e-03
  -7.4520445e-04
  -7.9656215e-03
  -1.5280315e-02
  -2.1049280e-02
  -2.5598263e-02
  -2.9423065e-02
  -3.3051439e-02
  -3.6957223e-02
  -4.1231327e-02
  -4.5572497e-02
  -4.9970370e-02
  -5.4084655e-02
  -5.8173530e-02
  -6.1893847e-02
  -6.4770170e-02
  -6.5225199e-02
  -6.1289929e-02
  -5.1601924e-02
  -3.4343977e-02
  -9.5119979e-03
   1.4208348e-02
   0.0000000e+00
   0.0000000e+00
   0.0000000e+00
   0.0000000e+00
   0.0000000e+00
  -5.5855752e-02
  -4.4760508e-02
  -3.5330694e-02
  -1.8342683e-02
  -2.8637087e-03
   0.0000000e+00
   0.0000000e+00
   0.0000000e+00
   0.0000000e+00
  -2.8576226e-02
  -2.4418535e-02
  -1.7111339e-02
  -1.4298682e-02
  -4.6658749e-03
   3.1909724e-03
   4.0697143e-03
   3.1254338e-03
   3.0329493e-03
   7.1170279e-03
  -1.7699387e-03
  -7.2976076e-03
  -7.8874119e-03
  -1.5333717e-02
  -2.4766246e-02
  -3.3545747e-02
  -4.0413111e-02
  -4.5364778e-02
  -4.8563384e-02
  -5.0555535e-02
  -5.2031860e-02
  -5.3137578e-02
  -5.4000102e-02
  -5.4868877e-02
  -5.5500641e-02
  -5.6115601e-02
  -5.6262411e-02
  -5.5515017e-02
  -5.2843936e-02
  -4.6737205e-02
  -3.5813875e-02
  -1.9131804e-02
   2.8370288e-03
   1.5857053e-02
   0.0000000e+00
   0.0000000e+00
   0.0000000e+00
   0.0000000e+00
  -5.7116976e-02
  -5.3368195e-02
  -3.6639906e-02
  -2.5653940e-02
  -1.0832262e-02
   9.6354590e-05
   0.0000000e+00
   0.0000000e+00
   0.0000000e+00
   0.0000000e+00
  -0.0000000e+00
  -1.5641102e-02
  -4.7735949e-03
   1.0509666e-03
   1.6858485e-02
   2.5217803e-02
   2.1354038e-02
   1.7080482e-02
   1.2170664e-02
   8.1755426e-03
  -4.5143399e-03
  -1.5588339e-02
  -1.9369504e-02
  -2.9133055e-02
  -3.8608947e-02
  -4.7000455e-02
  -5.3701243e-02
  -5.8496583e-02
  -6.1194479e-02
  -6.2172957e-02
  -6.1986670e-02
  -6.0831446e-02
  -5.9280425e-02
  -5.7684589e-02
  -5.5824730e-02
  -5.4034716e-02
  -5.2047445e-02
  -4.9437629e-02
  -4.5425156e-02
  -3.9010760e-02
  -2.8979404e-02
  -1.4752980e-02
   2.9285507e-03
   1.0929587e-02
   0.0000000e+00
   0.0000000e+00
   0.0000000e+00
   0.0000000e+00
  -4.8171924e-02
  -4.2588131e-02
  -2.4152397e-02
  -1.3541884e-02
   2.1293897e-04
   6.5665365e-03
   0.0000000e+00
   0.0000000e+00
   0.0000000e+00
   0.0000000e+00
   0.0000000e+00
  -7.1157662e-03
   2.9088795e-03
   1.0382382e-02
   2.3739678e-02
   3.9142688e-02
   3.2987293e-02
   2.4583115e-02
   1.5991041e-02
   8.9202283e-03
  -0.0000000e+00
  -0.0000000e+00
  -0.0000000e+00
  -3.6844100e-02
  -4.4598500e-02
  -5.1344962e-02
  -5.6944252e-02
  -6.1096095e-02
  -6.3208565e-02
  -6.3542478e-02
  -6.2551886e-02
  -6.0476724e-02
  -5.8059950e-02
  -5.5692253e-02
  -5.3157018e-02
  -5.0870103e-02
  -4.8699623e-02
  -4.6164835e-02
  -4.2477774e-02
  -3.7177741e-02
  -2.9670511e-02
  -1.8792541e-02
  -6.1426561e-03
   1.5007988e-03
   0.0000000e+00
   0.0000000e+00
   0.0000000e+00
  -3.0689114e-02
  -3.8233756e-02
  -2.5488826e-02
  -1.0626781e-02
  -6.4988667e-03
   6.6194498e-03
   1.0738182e-02
   0.0000000e+00
   0.0000000e+00
   0.0000000e+00
   0.0000000e+00
   0.0000000e+00
   3.3091401e-03
   7.3534344e-03
   1.3401412e-02
   9.5976035e-03
   4.3465054e-02
   3.9528071e-02
   2.7850988e-02
   1.7076805e-02
   0.0000000e+00
   0.0000000e+00
   0.0000000e+00
  -0.0000000e+00
  -4.0107248e-02
  -4.6287140e-02
  -5.1758031e-02
  -5.6442074e-02
  -5.9932552e-02
  -6.1576448e-02
  -6.1496962e-02
  -6.0021087e-02
  -5.7388879e-02
  -5.4312861e-02
  -5.1319084e-02
  -4.8292363e-02
  -4.5838812e-02
  -4.4029539e-02
  -4.2503820e-02
  -4.0408933e-02
  -3.7890733e-02
  -3.5656333e-02
  -2.9662616e-02
  -2.1361648e-02
  -1.6507092e-02
  -3.7753397e-02
  -3.7753397e-02
   0.0000000e+00
  -3.7600671e-02
  -2.8808748e-02
  -1.1430379e-02
   1.3710667e-03
   0.0000000e+00
   0.0000000e+00
   0.0000000e+00
   0.0000000e+00
   0.0000000e+00
   0.0000000e+00
   0.0000000e+00
   0.0000000e+00
   0.0000000e+00
   8.1877898e-03
   1.3819477e-02
   0.0000000e+00
   3.7024176e-02
   4.1103558e-02
   2.9464213e-02
   1.7150914e-02
   0.0000000e+00
   0.0000000e+00
   0.0000000e+00
  -3.4958286e-02
  -4.5102205e-02
  -5.1815521e-02
  -5.7916269e-02
  -6.2840134e-02
  -6.5966196e-02
  -6.6983491e-02
  -6.5866798e-02
  -6.2865615e-02
  -5.8242884e-02
  -5.2811645e-02
  -4.7250401e-02
  -4.1896485e-02
  -3.7679337e-02
  -3.5075437e-02
  -3.4343265e-02
  -3.5325628e-02
  -3.8653195e-02
  -4.5687940e-02
  -4.8195608e-02
  -3.8956616e-02
  -4.0663706e-02
  -4.7917178e-02
  -6.0954970e-02
  -5.7276091e-02
  -4.2522289e-02
  -2.3918398e-02
  -3.6855517e-03
   9.0345377e-03
   0.0000000e+00
   0.0000000e+00
   0.0000000e+00
   0.0000000e+00
   0.0000000e+00
   0.0000000e+00
   0.0000000e+00
   0.0000000e+00
   0.0000000e+00
   3.4075815e-03
   1.5108363e-02
   0.0000000e+00
   0.0000000e+00
   4.1112881e-02
   3.1249097e-02
   1.7667012e-02
   0.0000000e+00
   0.0000000e+00
   0.0000000e+00
  -4.2193506e-02
  -5.4907680e-02
  -6.4818501e-02
  -7.4256949e-02
  -8.1812330e-02
  -8.6553700e-02
  -8.8277116e-02
  -8.6727515e-02
  -8.2225911e-02
  -7.5074449e-02
  -6.6191979e-02
  -5.6320146e-02
  -4.6331793e-02
  -3.7466221e-02
  -3.0695412e-02
  -2.7024506e-02
  -2.8035317e-02
  -3.5097834e-02
  -4.9778391e-02
  -6.7934394e-02
  -5.4295156e-02
  -5.5353224e-02
  -5.7919368e-02
  -6.8811856e-02
  -6.0592528e-02
  -4.6154238e-02
  -2.5414841e-02
  -3.5822783e-03
   1.2817118e-02
   0.0000000e+00
   0.0000000e+00
   0.0000000e+00
   0.0000000e+00
   0.0000000e+00
   0.0000000e+00
   0.0000000e+00
   0.0000000e+00
   0.0000000e+00
   2.7140960e-03
   1.8388532e-02
   0.0000000e+00
   0.0000000e+00
   4.2278907e-02
   3.2640945e-02
   1.9394175e-02
   0.0000000e+00
   0.0000000e+00
   0.0000000e+00
  -5.0410820e-02
  -6.4927861e-02
  -7.8516163e-02
  -9.2128381e-02
  -1.0372614e-01
  -1.1220535e-01
  -1.1725282e-01
  -1.1830626e-01
  -1.1564341e-01
  -1.0927754e-01
  -9.9763334e-02
  -8.7556243e-02
  -7.3428065e-02
  -5.8764104e-02
  -4.4820622e-02
  -3.2611422e-02
  -2.5150377e-02
  -2.5051536e-02
  -3.3521589e-02
  -7.2647454e-02
  -6.3759001e-02
  -6.7779876e-02
  -7.0411623e-02
  -7.4690223e-02
  -6.8065792e-02
  -5.1864531e-02
  -3.3169590e-02
  -9.9872695e-03
   1.1027063e-02
   0.0000000e+00
   0.0000000e+00
   0.0000000e+00
   0.0000000e+00
   0.0000000e+00
   0.0000000e+00
   0.0000000e+00
   0.0000000e+00
   0.0000000e+00
   2.3637947e-02
   2.1745635e-02
   0.0000000e+00
   0.0000000e+00
   3.9993314e-02
   3.0029232e-02
   0.0000000e+00
   0.0000000e+00
   0.0000000e+00
  -5.6368419e-02
  -5.5914803e-02
  -6.9612861e-02
  -8.4669083e-02
  -1.0003733e-01
  -1.1355433e-01
  -1.2418995e-01
  -1.3181143e-01
  -1.3592677e-01
  -1.3657589e-01
  -1.3358447e-01
  -1.2692498e-01
  -1.1649363e-01
  -1.0264066e-01
  -8.6356670e-02
  -6.8195350e-02
  -4.8213366e-02
  -2.9110124e-02
  -1.5519870e-02
  -9.2151391e-03
  -9.6274182e-03
  -6.2764926e-02
  -7.6435894e-02
  -7.8542449e-02
  -7.9570867e-02
  -7.3145300e-02
  -6.0463998e-02
  -4.5220185e-02
  -2.2354910e-02
   2.4632721e-03
   0.0000000e+00
   0.0000000e+00
   0.0000000e+00
   0.0000000e+00
   0.0000000e+00
   0.0000000e+00
   0.0000000e+00
   0.0000000e+00
   0.0000000e+00
   2.5815009e-02
   2.0917237e-02
   0.0000000e+00
   0.0000000e+00
   0.0000000e+00
   0.0000000e+00
   0.0000000e+00
   0.0000000e+00
   0.0000000e+00
  -5.7525614e-02
  -5.7170473e-02
  -6.7903221e-02
  -8.1622444e-02
  -9.5914736e-02
  -1.0879804e-01
  -1.1917878e-01
  -1.2719639e-01
  -1.3257051e-01
  -1.3498473e-01
  -1.3460809e-01
  -1.3122380e-01
  -1.2440428e-01
  -1.1396918e-01
  -1.0018450e-01
  -8.2531534e-02
  -5.9478708e-02
  -3.2372814e-02
  -9.9192914e-03
  -1.3001824e-03
   0.0000000e+00
  -5.7802075e-02
  -7.6198727e-02
  -7.8546271e-02
  -8.0611899e-02
  -7.6853253e-02
  -6.9198206e-02
  -5.8571536e-02
  -4.0272560e-02
  -1.4276767e-02
   0.0000000e+00
   0.0000000e+00
   0.0000000e+00
   0.0000000e+00
   0.0000000e+00
   0.0000000e+00
   0.0000000e+00
   0.0000000e+00
   0.0000000e+00
   1.1193565e-02
   8.3411222e-03
   0.0000000e+00
   0.0000000e+00
   0.0000000e+00
   0.0000000e+00
   0.0000000e+00
   0.0000000e+00
  -5.7795065e-02
  -5.6569343e-02
  -5.3540807e-02
  -6.0699541e-02
  -7.1277730e-02
  -8.3324902e-02
  -9.5123284e-02
  -1.0553120e-01
  -1.1433258e-01
  -1.2099711e-01
  -1.2469824e-01
  -1.2547737e-01
  -1.2353972e-01
  -1.1892441e-01
  -1.1122276e-01
  -1.0052072e-01
  -8.5112900e-02
  -6.1519314e-02
  -3.0163793e-02
  -4.6741460e-03
   2.1948795e-03
  -0.0000000e+00
  -5.4043355e-02
  -6.9407895e-02
  -7.2200708e-02
  -7.5690329e-02
  -7.5629473e-02
  -7.3255427e-02
  -6.9136947e-02
  -6.0051262e-02
  -3.8676405e-02
   0.0000000e+00
   0.0000000e+00
   0.0000000e+00
   0.0000000e+00
   0.0000000e+00
   0.0000000e+00
   0.0000000e+00
   0.0000000e+00
   0.0000000e+00
  -1.5922567e-02
  -6.9696683e-03
   2.0802814e-03
   0.0000000e+00
   0.0000000e+00
  -0.0000000e+00
   0.0000000e+00
   0.0000000e+00
  -5.6440552e-02
  -4.8864607e-02
  -4.7444269e-02
  -5.0246792e-02
  -5.7120387e-02
  -6.6923834e-02
  -7.7641927e-02
  -8.8263929e-02
  -9.8167889e-02
  -1.0614172e-01
  -1.1104684e-01
  -1.1245325e-01
  -1.1083603e-01
  -1.0703240e-01
  -1.0106587e-01
  -9.2406787e-02
  -7.8698039e-02
  -5.5997010e-02
  -2.4278503e-02
  -1.5396357e-03
   0.0000000e+00
  -0.0000000e+00
  -5.1680841e-02
  -5.9433088e-02
  -6.1834898e-02
  -6.5320142e-02
  -6.8164773e-02
  -7.0553966e-02
  -7.2957411e-02
  -7.3249437e-02
  -6.2084369e-02
   0.0000000e+00
   0.0000000e+00
   0.0000000e+00
   0.0000000e+00
   0.0000000e+00
   0.0000000e+00
   0.0000000e+00
   0.0000000e+00
  -3.2486661e-02
  -2.4059426e-02
  -6.0799187e-03
   3.5157711e-02
   0.0000000e+00
   0.0000000e+00
  -0.0000000e+00
   0.0000000e+00
   0.0000000e+00
  -0.0000000e+00
  -3.8415237e-02
  -3.3102800e-02
  -3.6924984e-02
  -4.0900197e-02
  -4.8760757e-02
  -5.8408976e-02
  -6.9085464e-02
  -7.9949364e-02
  -8.9187928e-02
  -9.5433779e-02
  -9.7744815e-02
  -9.6210748e-02
  -9.2216171e-02
  -8.7104008e-02
  -8.0247901e-02
  -6.8078108e-02
  -4.5880944e-02
  -1.5643353e-02
   2.0883972e-03
   0.0000000e+00
  -3.9748087e-02
  -4.6479821e-02
  -4.7295026e-02
  -4.8846073e-02
  -5.1871873e-02
  -5.6208208e-02
  -6.1553139e-02
  -6.8009809e-02
  -7.3691040e-02
  -6.8961448e-02
  -5.0455718e-02
   0.0000000e+00
   0.0000000e+00
   0.0000000e+00
   0.0000000e+00
   0.0000000e+00
   0.0000000e+00
   0.0000000e+00
  -2.9864469e-02
  -1.9559536e-02
   2.9880884e-03
   4.7147362e-02
   0.0000000e+00
   0.0000000e+00
   0.0000000e+00
   0.0000000e+00
   0.0000000e+00
   0.0000000e+00
  -2.9539599e-02
  -2.0668598e-02
  -2.1727838e-02
  -2.2928474e-02
  -2.9242642e-02
  -3.8481548e-02
  -4.9221052e-02
  -6.0611952e-02
  -7.0747397e-02
  -7.7993995e-02
  -8.0988986e-02
  -7.9696720e-02
  -7.5673303e-02
  -7.1321799e-02
  -6.6578984e-02
  -5.6795303e-02
  -3.5105839e-02
  -5.8121050e-03
   6.3412579e-03
   0.0000000e+00
  -3.2846361e-02
  -3.3434607e-02
  -3.5919227e-02
  -3.4040009e-02
  -3.6434266e-02
  -4.0689687e-02
  -4.6751505e-02
  -5.4990684e-02
  -6.3260302e-02
  -5.9731014e-02
  -3.8625903e-02
   0.0000000e+00
   0.0000000e+00
   0.0000000e+00
  -3.6105274e-02
  -3.6105274e-02
   0.0000000e+00
   0.0000000e+00
  -2.0027342e-02
  -1.2158726e-02
   7.5630716e-03
   4.2565530e-02
   0.0000000e+00
   0.0000000e+00
   0.0000000e+00
   0.0000000e+00
   0.0000000e+00
   0.0000000e+00
  -1.3603986e-02
  -9.8678228e-03
  -2.4977925e-03
  -1.8535932e-03
  -8.3071636e-03
  -1.8394608e-02
  -2.9602673e-02
  -4.0956888e-02
  -5.1108062e-02
  -5.8552109e-02
  -6.1243288e-02
  -5.9491895e-02
  -5.5550616e-02
  -5.2026663e-02
  -4.9597993e-02
  -4.3327782e-02
  -2.3506967e-02
   4.5857732e-03
   0.0000000e+00
   0.0000000e+00
  -0.0000000e+00
  -2.1758011e-02
  -1.4292224e-02
  -1.5158803e-02
  -1.8672107e-02
  -2.2485230e-02
  -2.7966022e-02
  -3.6611058e-02
  -4.7043331e-02
  -4.9943812e-02
  -3.4147842e-02
   0.0000000e+00
   0.0000000e+00
   0.0000000e+00
  -2.6560856e-02
  -1.2208390e-02
  -2.0486445e-02
  -3.0353650e-02
  -1.1367388e-02
  -6.1519108e-03
   4.6166603e-03
   0.0000000e+00
   0.0000000e+00
   0.0000000e+00
   0.0000000e+00
   0.0000000e+00
   0.0000000e+00
   0.0000000e+00
  -0.0000000e+00
   1.2229035e-02
   2.3225996e-02
   2.3904108e-02
   1.5031135e-02
   3.1147218e-03
  -9.4193488e-03
  -2.0873220e-02
  -3.0456657e-02
  -3.7261802e-02
  -3.9185501e-02
  -3.6636277e-02
  -3.2435801e-02
  -2.9135268e-02
  -2.8344632e-02
  -2.6292664e-02
  -1.0050469e-02
   1.2111428e-02
   0.0000000e+00
   0.0000000e+00
   0.0000000e+00
   0.0000000e+00
   0.0000000e+00
   2.4013169e-03
   4.6768174e-03
  -6.0851015e-04
  -5.9959583e-03
  -1.4994609e-02
  -2.7082274e-02
  -3.3999327e-02
  -2.3528088e-02
  -1.2539918e-02
   0.0000000e+00
  -8.6948789e-03
  -2.2895197e-03
   2.2472220e-03
  -1.1148387e-02
  -1.9884597e-02
  -1.9039107e-03
   0.0000000e+00
   0.0000000e+00
   0.0000000e+00
   0.0000000e+00
   0.0000000e+00
   0.0000000e+00
   0.0000000e+00
   0.0000000e+00
   0.0000000e+00
   0.0000000e+00
   3.0973703e-02
   4.1930817e-02
   4.5982033e-02
   3.8291123e-02
   2.6182853e-02
   1.3231285e-02
   1.4284615e-03
  -7.8650909e-03
  -1.3666385e-02
  -1.4661298e-02
  -1.1658062e-02
  -7.1076010e-03
  -3.8284811e-03
  -4.0492918e-03
  -6.2089115e-03
   4.1409619e-03
   1.8870435e-02
   0.0000000e+00
   0.0000000e+00
   0.0000000e+00
   0.0000000e+00
   0.0000000e+00
   2.4809513e-02
   2.9689847e-02
   2.6209664e-02
   1.9272495e-02
   9.2721339e-03
  -5.2797701e-03
  -1.5554829e-02
  -1.0946686e-02
  -0.0000000e+00
  -1.5799511e-02
   3.2341590e-03
   1.1628237e-02
   1.4383133e-02
  -0.0000000e+00
  -7.6524500e-03
   5.9009621e-04
   0.0000000e+00
   0.0000000e+00
   0.0000000e+00
   0.0000000e+00
   0.0000000e+00
   0.0000000e+00
   0.0000000e+00
   0.0000000e+00
   0.0000000e+00
   0.0000000e+00
   0.0000000e+00
   3.8753984e-02
   4.7973651e-02
   5.0980609e-02
   4.5156270e-02
   3.6374100e-02
   2.7018253e-02
   1.8879291e-02
   1.3981367e-02
   1.3471728e-02
   1.6425075e-02
   2.0863311e-02
   2.3296738e-02
   2.1572903e-02
   1.5463501e-02
   1.4915815e-02
   2.0442597e-02
   0.0000000e+00
   0.0000000e+00
   0.0000000e+00
   0.0000000e+00
   0.0000000e+00
   0.0000000e+00
   4.2637205e-02
   4.9209893e-02
   4.3189708e-02
   3.3410758e-02
   1.6882734e-02
   1.3002226e-03
  -3.0974868e-03
   0.0000000e+00
  -0.0000000e+00
   1.1119405e-02
   2.3541158e-02
   1.6340101e-02
   0.0000000e+00
  -0.0000000e+00
  -0.0000000e+00
   0.0000000e+00
   0.0000000e+00
   0.0000000e+00
   0.0000000e+00
   0.0000000e+00
   0.0000000e+00
   0.0000000e+00
   0.0000000e+00
   0.0000000e+00
   0.0000000e+00
   0.0000000e+00
   2.2648943e-02
   2.5179835e-02
   3.8605671e-02
   4.9562369e-02
   5.4006200e-02
   5.2632276e-02
   4.8954789e-02
   4.5955379e-02
   4.5609914e-02
   4.7947351e-02
   5.1133711e-02
   5.1820010e-02
   4.7736630e-02
   3.7192650e-02
   2.3823330e-02
   0.0000000e+00
   0.0000000e+00
   0.0000000e+00
   0.0000000e+00
   0.0000000e+00
   0.0000000e+00
   0.0000000e+00
   0.0000000e+00
   5.4888948e-02
   5.3842131e-02
   5.1194006e-02
   3.6180541e-02
   1.6782453e-02
  -3.7739024e-04
   0.0000000e+00
   0.0000000e+00
   0.0000000e+00
   0.0000000e+00
  -3.4153657e-03
   0.0000000e+00
   0.0000000e+00
  -2.2161899e-02
  -2.5288088e-02
  -0.0000000e+00
   0.0000000e+00
   0.0000000e+00
   0.0000000e+00
   0.0000000e+00
   0.0000000e+00
   0.0000000e+00
   0.0000000e+00
   0.0000000e+00
   0.0000000e+00
   0.0000000e+00
  -1.3235375e-02
   8.0971532e-03
   3.9855402e-02
   6.0810667e-02
   6.9749609e-02
   7.2534718e-02
   7.3727556e-02
   7.5269289e-02
   7.7291265e-02
   7.8194670e-02
   7.6030269e-02
   6.9059089e-02
   5.4359071e-02
   2.9503692e-02
   0.0000000e+00
   0.0000000e+00
   0.0000000e+00
   0.0000000e+00
   0.0000000e+00
   0.0000000e+00
   0.0000000e+00
   0.0000000e+00
   0.0000000e+00
   0.0000000e+00
   5.3063090e-02
   4.6817273e-02
   3.0249571e-02
   1.6325815e-02
   0.0000000e+00
   0.0000000e+00
   0.0000000e+00
   0.0000000e+00
   0.0000000e+00
  -1.0285966e-02
  -7.0300625e-03
  -1.9074340e-02
  -1.6927613e-02
  -0.0000000e+00
   0.0000000e+00
   0.0000000e+00
   0.0000000e+00
   0.0000000e+00
   0.0000000e+00
   0.0000000e+00
   0.0000000e+00
   0.0000000e+00
   0.0000000e+00
   0.0000000e+00
  -2.7695613e-02
   5.1079551e-05
   3.7652016e-02
   6.2738217e-02
   7.6947801e-02
   8.4366612e-02
   8.9629106e-02
   9.3245909e-02
   9.5170267e-02
   9.3975142e-02
   8.8716179e-02
   7.8318931e-02
   6.0324755e-02
   3.4205001e-02
   0.0000000e+00
   0.0000000e+00
   0.0000000e+00
   0.0000000e+00
   0.0000000e+00
   0.0000000e+00
   0.0000000e+00
   0.0000000e+00
   0.0000000e+00
   0.0000000e+00
   4.4261082e-02
   4.6114072e-02
   3.5988931e-02
   2.6375027e-02
   0.0000000e+00
   0.0000000e+00
   0.0000000e+00
   0.0000000e+00
   8.9518222e-04
  -7.3772622e-03
  -8.2588112e-03
  -9.9918940e-03
  -0.0000000e+00
  -0.0000000e+00
   0.0000000e+00
   0.0000000e+00
   0.0000000e+00
   0.0000000e+00
   0.0000000e+00
   0.0000000e+00
   0.0000000e+00
   0.0000000e+00
   0.0000000e+00
   0.0000000e+00
  -4.1625503e-03
   2.5860507e-02
   4.7194678e-02
   6.7863740e-02
   8.3396681e-02
   9.1452204e-02
   9.5577911e-02
   9.7967885e-02
   9.8401941e-02
   9.4221495e-02
   8.5733242e-02
   7.1925513e-02
   5.2702073e-02
   3.1545189e-02
   0.0000000e+00
   0.0000000e+00
   0.0000000e+00
   0.0000000e+00
   0.0000000e+00
   0.0000000e+00
   0.0000000e+00
   0.0000000e+00
   0.0000000e+00
   3.8157303e-02
   4.0858367e-02
   4.1213505e-02
   3.6391376e-02
   2.9260353e-02
   0.0000000e+00
   0.0000000e+00
   0.0000000e+00
   0.0000000e+00
   0.0000000e+00
  -0.0000000e+00
  -0.0000000e+00
   0.0000000e+00
   0.0000000e+00
   0.0000000e+00
   0.0000000e+00
   0.0000000e+00
   0.0000000e+00
   0.0000000e+00
   0.0000000e+00
   0.0000000e+00
   0.0000000e+00
   0.0000000e+00
   0.0000000e+00
   0.0000000e+00
   4.6313674e-02
   3.9311189e-02
   4.9185004e-02
   7.1574919e-02
   8.0874592e-02
   8.3037682e-02
   8.2889609e-02
   8.1608526e-02
   7.8720562e-02
   7.3299676e-02
   6.2783204e-02
   4.7868330e-02
   2.8319802e-02
   1.6537728e-02
   0.0000000e+00
   0.0000000e+00
   0.0000000e+00
   0.0000000e+00
   0.0000000e+00
   0.0000000e+00
   0.0000000e+00
   0.0000000e+00
   0.0000000e+00
   4.2845240e-02
   3.7086945e-02
   2.9986814e-02
   2.4174073e-02
  -2.6636235e-03
   0.0000000e+00
   0.0000000e+00
   0.0000000e+00
   0.0000000e+00
   0.0000000e+00
   0.0000000e+00
   0.0000000e+00
   0.0000000e+00
   0.0000000e+00
   0.0000000e+00
   0.0000000e+00
   0.0000000e+00
   0.0000000e+00
   0.0000000e+00
   0.0000000e+00
   0.0000000e+00
   0.0000000e+00
   0.0000000e+00
   0.0000000e+00
   0.0000000e+00
   2.8767373e-02
   3.1605616e-02
   3.4695232e-02
   2.7584551e-02
   3.3620432e-02
   4.1542068e-02
   3.9912313e-02
   3.5613988e-02
   3.2923079e-02
   3.1895935e-02
   1.7810371e-02
   8.3918925e-03
  -5.4784707e-03
  -0.0000000e+00
   0.0000000e+00
   0.0000000e+00
   0.0000000e+00
   0.0000000e+00
   0.0000000e+00
   0.0000000e+00
   0.0000000e+00
   0.0000000e+00
   0.0000000e+00
   0.0000000e+00
   0.0000000e+00
  -9.3520389e-03
  -3.0905611e-02
  -2.2483837e-02
   0.0000000e+00
   0.0000000e+00
   0.0000000e+00
   0.0000000e+00
   0.0000000e+00
   0.0000000e+00
   0.0000000e+00
   0.0000000e+00
   0.0000000e+00
   0.0000000e+00
   0.0000000e+00
   0.0000000e+00
   0.0000000e+00
   0.0000000e+00
   0.0000000e+00
   0.0000000e+00
   0.0000000e+00
   0.0000000e+00
   0.0000000e+00
   0.0000000e+00
   0.0000000e+00
   0.0000000e+00
   0.0000000e+00
  -0.0000000e+00
  -2.7266219e-02
  -1.2675113e-02
  -6.3550338e-03
  -0.0000000e+00
  -0.0000000e+00
  -0.0000000e+00
  -0.0000000e+00
  -0.0000000e+00
  -0.0000000e+00
   0.0000000e+00
   0.0000000e+00
   0.0000000e+00
   0.0000000e+00
   0.0000000e+00
   0.0000000e+00
   0.0000000e+00
   0.0000000e+00
   0.0000000e+00
   0.0000000e+00
   0.0000000e+00
   0.0000000e+00
  -0.0000000e+00
  -0.0000000e+00
   0.0000000e+00
  -1.9426712e-02
  -1.0648750e-02
   0.0000000e+00
   0.0000000e+00
   0.0000000e+00
   0.0000000e+00
   0.0000000e+00
   0.0000000e+00
   0.0000000e+00
   0.0000000e+00
   0.0000000e+00
   0.0000000e+00
   0.0000000e+00
   0.0000000e+00
   0.0000000e+00
   0.0000000e+00
   0.0000000e+00
   0.0000000e+00
   0.0000000e+00
   0.0000000e+00
   0.0000000e+00
   0.0000000e+00
   0.0000000e+00
   0.0000000e+00
   0.0000000e+00
  -0.0000000e+00
  -0.0000000e+00
   0.0000000e+00
   0.0000000e+00
   0.0000000e+00
   0.0000000e+00
   0.0000000e+00
   0.0000000e+00
   0.0000000e+00
   0.0000000e+00
   0.0000000e+00
   0.0000000e+00
   0.0000000e+00
   0.0000000e+00
   0.0000000e+00
   0.0000000e+00
   0.0000000e+00
   0.0000000e+00
  -0.0000000e+00
   0.0000000e+00
   0.0000000e+00
   0.0000000e+00
   0.0000000e+00
  -1.0085281e-02
  -9.0865190e-03
  -6.7891876e-03
   0.0000000e+00
   0.0000000e+00
   0.0000000e+00
   0.0000000e+00
   0.0000000e+00
   0.0000000e+00
   0.0000000e+00
   0.0000000e+00
   0.0000000e+00
   0.0000000e+00
   0.0000000e+00
   0.0000000e+00
   0.0000000e+00
   0.0000000e+00
   0.0000000e+00
   0.0000000e+00
   0.0000000e+00
   0.0000000e+00
   0.0000000e+00
   0.0000000e+00
   0.0000000e+00
   0.0000000e+00
  -4.9539392e-02
  -5.3263615e-02
  -4.5406693e-02
  -5.0389421e-02
  -6.0603250e-02
  -6.1081339e-02
  -5.7635802e-02
  -4.6716362e-02
  -1.9143347e-02
  -8.9422194e-03
  -9.8392332e-03
  -1.0279339e-02
   0.0000000e+00
   0.0000000e+00
   0.0000000e+00
   0.0000000e+00
   0.0000000e+00
   0.0000000e+00
   0.0000000e+00
   0.0000000e+00
   0.0000000e+00
   0.0000000e+00
   0.0000000e+00
  -0.0000000e+00
  -2.0087221e-02
  -0.0000000e+00
   0.0000000e+00
   0.0000000e+00
   0.0000000e+00
   0.0000000e+00
   0.0000000e+00
   0.0000000e+00
   0.0000000e+00
   0.0000000e+00
   0.0000000e+00
   0.0000000e+00
   0.0000000e+00
   0.0000000e+00
