   3.0027312e-01
   7.4029207e-02
  -2.3883653e-01
  -2.5616387e-01
   9.9063240e-02
   3.4933388e-01
   6.5952337e-01
   1.1105249e+00
   1.7193203e+00
   1.6488569e+00
   1.0947740e+00
   8.1802779e-01
   8.8132894e-01
   7.8979373e-01
   5.3450871e-01
   4.6747711e-01
   6.6051745e-01
   6.7854911e-01
   4.2523149e-01
   3.5223716e-01
   6.1681426e-01
   6.7940921e-01
   3.1936488e-01
  -1.7023550e-01
  -5.3927982e-01
  -1.1283125e-01
   7.4189264e-01
   1.1839459e+00
   1.0383118e+00
   8.2758605e-01
   6.2137401e-01
   3.9832518e-01
   2.3556446e-01
   2.0085531e-01
   1.1892230e-01
   1.4505222e-01
   2.4746251e-01
   1.3961169e-01
   3.7439331e-02
   3.5118273e-01
   6.5018803e-01
   4.7877967e-01
   1.8982762e-01
   2.5902230e-01
   1.4357814e-01
  -2.9029480e-01
  -1.7729484e-01
   1.1060043e-01
   9.2571580e-01
   4.2778400e-01
   8.9698106e-02
   2.6987517e-01
   6.5047187e-01
   4.8187399e-01
   2.6449320e-01
   9.8650908e-01
   1.8465601e+00
   1.5104672e+00
   1.3058803e+00
   1.3681209e+00
   1.2582655e+00
   1.2173709e+00
   1.0980362e+00
   8.1174904e-01
   7.4984401e-01
   5.6272566e-01
   4.7610873e-01
   6.7962009e-01
   5.5153298e-01
   8.6820319e-02
  -5.1696295e-01
  -1.7441580e+00
  -1.5976208e+00
   6.7065233e-01
   5.3407156e-01
  -4.4889838e-01
  -1.5844902e-01
   5.6096268e-01
   1.1226157e+00
   1.3772042e+00
   1.2987447e+00
   1.0180566e+00
   7.6783800e-01
   7.4767327e-01
   7.8887117e-01
   8.3751118e-01
   9.0015399e-01
   1.0868757e+00
   7.5365728e-01
   8.8589713e-02
   2.3841956e-01
   6.7535561e-01
   3.0611935e-01
   5.4920651e-03
   2.5810402e-02
   6.1858445e-01
   5.5536836e-01
   1.3855081e-02
   1.8486631e-01
   1.2272960e-01
   4.6605131e-01
  -1.1354288e-01
  -1.6661611e-01
   9.6315378e-01
   1.0810603e+00
   1.2942706e+00
   8.1473100e-01
   4.2575863e-01
   7.0812058e-01
   6.9362408e-01
   5.9432447e-01
   5.1797730e-01
   4.8010677e-01
   4.2595443e-01
   3.5954627e-01
   1.5237044e-01
  -1.6251388e-01
  -5.0216490e-01
  -9.9262768e-01
  -1.3902632e+00
  -1.9568722e+00
  -1.7291507e+00
  -1.6909765e+00
  -1.2977928e+00
  -5.0510043e-01
   2.1404976e-01
   8.1907195e-01
   1.1948544e+00
   1.2554320e+00
   1.0518727e+00
   5.8780515e-01
   2.2586742e-01
  -9.2494376e-02
   5.5160150e-02
   4.3976679e-02
   4.1953292e-01
   4.6465281e-01
   8.4655344e-01
   1.2371491e+00
   1.2049680e+00
   7.1846676e-01
   4.4482473e-01
   6.2255734e-01
   7.7863640e-01
  -1.3406534e+00
  -9.4960028e-01
  -5.9665048e-01
  -2.9253697e-01
  -4.5973030e-01
  -6.8388599e-01
  -8.9633510e-02
   9.9975568e-01
   8.9345336e-01
   7.6168406e-01
   2.0967703e-01
  -4.4979355e-01
   1.8960780e-01
   7.5548999e-02
   2.1546492e-03
   1.5131393e-02
   6.0193673e-02
  -9.8464116e-03
  -1.7551620e-01
  -4.0676713e-01
  -7.2591925e-01
  -9.3910897e-01
  -1.3179787e+00
  -1.6249170e+00
  -2.0330958e+00
  -2.8691034e+00
  -2.5710869e+00
  -7.6693231e-01
  -6.3995057e-01
   1.6887844e-01
   5.8211511e-01
   9.6836501e-01
   9.1950464e-01
   5.2062702e-01
   2.9072311e-02
  -5.5476105e-01
  -8.3458757e-01
  -8.4225172e-01
  -6.0622114e-01
  -1.1664563e-01
   4.8930341e-01
   9.7327489e-01
   9.5849299e-01
   7.3092687e-01
   3.8917252e-01
  -3.4151789e-02
  -3.3887205e-01
  -1.0812318e+00
  -1.8582463e+00
  -1.2821585e+00
  -8.9851338e-01
  -6.0206610e-01
  -4.2743421e-01
  -5.1069111e-01
  -8.6111195e-02
   1.0809777e+00
   4.3563077e-01
   6.6980705e-02
  -2.8524587e-01
  -8.1399399e-01
  -4.9166119e-01
  -5.2677137e-01
  -5.0055033e-01
  -3.7216663e-01
  -3.3522427e-01
  -4.3152925e-01
  -6.4071769e-01
  -9.0722072e-01
  -1.0556151e+00
  -1.2459186e+00
  -1.5016708e+00
  -1.5734073e+00
  -1.9316198e+00
  -2.8966289e+00
  -3.1891418e+00
  -4.0646738e-01
  -4.3025154e-01
  -1.4020301e-01
   4.5695239e-01
   6.6984653e-01
   5.0869447e-01
   8.3826907e-02
  -5.4595059e-01
  -1.1604447e+00
  -1.4136435e+00
  -1.3507816e+00
  -9.6380955e-01
  -3.9369732e-01
   1.4263470e-01
   4.9150285e-01
   5.4983670e-01
   2.9979044e-01
  -7.9943158e-02
  -4.4307038e-01
  -1.0126154e+00
  -1.9035548e+00
  -1.5532600e+00
  -1.2046473e+00
  -9.8180955e-01
  -4.9009040e-01
  -2.4891950e-01
  -3.7322475e-01
  -1.8370280e-02
   7.3554173e-01
  -2.8759134e-01
  -6.0451622e-01
  -7.6075253e-01
  -9.4052737e-01
  -1.0106640e+00
  -9.2117428e-01
  -8.0634890e-01
  -6.5822681e-01
  -6.2078823e-01
  -7.8565523e-01
  -1.0151714e+00
  -1.1743412e+00
  -1.2711712e+00
  -1.4371861e+00
  -1.4811879e+00
  -1.3957512e+00
  -1.5310375e+00
  -1.8112844e+00
  -1.6792914e+00
  -4.4748121e-01
  -1.9265863e-01
  -4.6409419e-01
   5.7877916e-02
   2.4870323e-01
   2.1926169e-02
  -4.0475883e-01
  -9.4889694e-01
  -1.3653980e+00
  -1.4747326e+00
  -1.2073716e+00
  -6.7390551e-01
  -3.6110990e-01
  -2.6337984e-02
   2.9217169e-01
   3.8999580e-01
   2.1488177e-01
  -1.2822208e-01
  -5.8818204e-01
  -1.1339821e+00
  -1.5530554e+00
  -1.1114398e+00
  -9.7033221e-01
  -8.4078449e-01
  -5.4351097e-01
  -3.1493443e-01
  -4.3619150e-01
   2.1530086e-01
   1.7766036e-01
  -6.6730344e-01
  -9.0333152e-01
  -1.1026416e+00
  -1.1246008e+00
  -1.0403802e+00
  -9.1985130e-01
  -8.3069968e-01
  -7.2908443e-01
  -7.7442074e-01
  -9.2383158e-01
  -1.0913379e+00
  -1.2637401e+00
  -1.3415816e+00
  -1.3859814e+00
  -1.3270398e+00
  -1.1771801e+00
  -9.3925250e-01
  -3.9571458e-01
  -9.9752742e-01
  -1.2194335e-01
  -4.2494234e-02
  -7.5166893e-01
  -3.4213018e-01
  -2.0204858e-01
  -3.4990185e-01
  -6.5151387e-01
  -9.2581695e-01
  -9.6713209e-01
  -9.0129030e-01
  -3.9381295e-01
  -8.6525671e-02
  -2.4512535e-01
  -3.2926098e-02
   2.6342639e-01
   3.5764039e-01
   2.0482716e-01
  -1.8931563e-01
  -6.7110062e-01
  -9.8283613e-01
  -8.5813284e-01
  -2.8674027e-01
  -6.7289519e-01
  -3.8666415e-01
  -3.1017509e-01
  -2.7462694e-01
  -1.5035297e-01
  -1.5302989e-01
  -6.4463031e-01
  -1.0558759e+00
  -1.1783929e+00
  -1.3807975e+00
  -1.3453461e+00
  -1.1334035e+00
  -9.3735200e-01
  -8.2518363e-01
  -7.4388164e-01
  -8.0392778e-01
  -9.3318069e-01
  -1.0808289e+00
  -1.1806434e+00
  -1.2103978e+00
  -1.1859683e+00
  -1.0182042e+00
  -7.1890485e-01
  -5.4765359e-02
   1.4202791e+00
  -1.7635673e-01
  -2.3732203e-01
  -2.9760560e-01
  -8.3059055e-01
  -8.2577354e-01
  -7.2704566e-01
  -8.1560624e-01
  -7.6114798e-01
  -2.4397641e-01
   4.0516725e-01
  -7.9060614e-02
   4.2790708e-01
  -2.8575760e-01
  -6.5937024e-01
  -1.2355953e-01
   3.4022310e-01
   4.6318403e-01
   2.5703189e-01
  -1.8949062e-01
  -5.6487495e-01
  -5.6772488e-01
   1.6164625e-01
   1.0247574e+00
  -7.0160396e-02
  -1.3558295e-01
  -5.9961446e-02
  -8.7945208e-02
  -1.3313422e-01
  -6.6192770e-01
  -8.4911001e-01
  -1.1915329e+00
  -1.3707314e+00
  -1.5098022e+00
  -1.4134973e+00
  -1.1618938e+00
  -9.2925316e-01
  -7.7599972e-01
  -6.7450535e-01
  -7.1375614e-01
  -8.0356199e-01
  -8.9033228e-01
  -9.5704627e-01
  -9.9937022e-01
  -9.3852407e-01
  -6.9101620e-01
  -2.3864284e-01
   7.2801721e-01
   2.6831439e+00
   5.2463228e-01
  -1.0615672e+00
  -2.8052109e-01
  -8.9726818e-01
  -1.4183446e+00
  -1.3473978e+00
  -1.2170482e+00
  -5.7892889e-01
   8.9611846e-01
   1.6719210e+00
  -2.1556251e-01
   1.2913373e-01
  -7.4075031e-01
  -9.8053789e-01
  -4.4258374e-01
  -1.6933325e-01
   5.1146127e-02
   9.3674995e-02
  -1.4246233e-01
  -3.0544201e-01
  -3.3866633e-02
   1.0387967e+00
   2.2115567e+00
   9.3375278e-01
  -4.1877542e-02
  -2.2092745e-02
  -3.4939280e-01
  -4.2245412e-01
  -6.4452797e-01
  -7.0612937e-01
  -1.1361461e+00
  -1.3619183e+00
  -1.4354702e+00
  -1.3178426e+00
  -1.0640743e+00
  -8.2351589e-01
  -6.2752455e-01
  -5.1275229e-01
  -5.0617105e-01
  -5.3566504e-01
  -6.0706031e-01
  -7.0055205e-01
  -7.7282768e-01
  -6.7769665e-01
  -3.5775539e-01
   2.5023741e-01
   1.4057347e+00
   3.4360273e+00
   1.3968871e+00
  -6.5694219e-01
   1.2797598e-02
  -5.5290973e-01
  -1.6975932e+00
  -1.9132724e+00
  -1.5365887e+00
  -1.8172666e-01
   2.2593310e+00
   1.7365152e+00
  -4.3828055e-02
  -6.0799098e-01
  -1.2687902e+00
  -1.4256709e+00
  -1.0222938e+00
  -9.5766383e-01
  -4.2721942e-01
  -1.0817342e-01
  -9.7832784e-02
   2.0544926e-02
   5.4679394e-01
   1.5671679e+00
   2.6789433e+00
   2.1141666e+00
   2.4585205e-01
  -5.5709816e-02
  -4.3705895e-01
  -5.9152434e-01
  -4.1696783e-01
  -6.3533238e-01
  -9.4932401e-01
  -1.1158744e+00
  -1.1416283e+00
  -1.0475424e+00
  -8.4395843e-01
  -6.1043665e-01
  -3.8425141e-01
  -2.4051632e-01
  -1.8455743e-01
  -1.9892251e-01
  -3.1325056e-01
  -4.7224399e-01
  -5.6587890e-01
  -4.3036595e-01
  -2.5852071e-02
   7.3338066e-01
   2.0032545e+00
   3.8836451e+00
   2.4547476e+00
   2.6757582e-01
   5.1842597e-01
  -2.5626777e-01
  -1.6125277e+00
  -2.5339645e+00
  -1.7122825e+00
   4.8494610e-01
   4.1008699e+00
   2.2324211e+00
   5.8530781e-01
  -5.5576548e-01
  -1.2387801e+00
  -1.8150661e+00
  -1.0980845e+00
  -1.6321722e+00
  -6.2249843e-01
  -1.2292197e-01
   9.5991103e-02
   4.6072316e-01
   1.1128309e+00
   1.9949280e+00
   2.9043553e+00
   2.7747831e+00
   1.4346436e+00
  -1.3748720e-02
  -5.0392640e-01
  -3.7951028e-01
  -1.8191671e-01
  -3.0426157e-01
  -4.6703759e-01
  -6.1086565e-01
  -6.8891209e-01
  -6.7169797e-01
  -5.6022382e-01
  -3.3846650e-01
  -9.9177346e-02
   9.7476862e-02
   1.7779917e-01
   1.0359107e-01
  -8.3996534e-02
  -3.1761506e-01
  -3.9544749e-01
  -2.1701840e-01
   3.0075830e-01
   1.2079072e+00
   2.5389328e+00
   4.3068886e+00
   3.2272196e+00
  -2.5229406e-02
   1.0298311e+00
   1.9216889e-01
  -9.2548561e-01
  -3.4144325e+00
  -1.6675233e+00
   1.4143614e+00
   5.4400826e+00
   2.4226408e+00
   8.4364951e-01
  -4.0898576e-01
  -1.0483333e+00
  -2.8256199e+00
  -1.4248675e+00
  -1.8564006e+00
  -5.2200961e-01
   7.4216530e-02
   4.7443035e-01
   1.0051787e+00
   1.6506003e+00
   2.3498518e+00
   3.1427243e+00
   3.0348990e+00
   2.2857339e+00
   1.1623853e+00
   1.9262499e-01
   2.8335652e-01
   3.4727287e-01
   3.4886762e-01
   2.0799185e-01
  -4.7217079e-02
  -2.4874699e-01
  -3.3056074e-01
  -2.7552933e-01
  -3.7070658e-02
   2.3578706e-01
   4.7411221e-01
   4.9374178e-01
   2.9781869e-01
   1.2630276e-02
  -2.6631272e-01
  -2.7992770e-01
   9.0159588e-03
   6.9623840e-01
   1.7417436e+00
   3.0912955e+00
   4.7933197e+00
   3.2627587e+00
  -1.5191816e-01
   7.7917910e-01
   2.0946816e-02
  -1.1035243e-01
  -4.0574870e+00
  -1.2364409e+00
   2.4436970e+00
   6.2255478e+00
   1.9396911e+00
   9.8506159e-01
  -2.9185280e-01
  -4.5511973e-01
  -3.7725205e+00
  -1.3531793e+00
  -1.3669121e+00
  -5.1251490e-02
   5.3650028e-01
   1.0760136e+00
   1.6814334e+00
   2.2460864e+00
   2.7596152e+00
   3.3518281e+00
   3.2003579e+00
   2.5330124e+00
   1.8282545e+00
   1.1304512e+00
   8.7068558e-01
   9.2122567e-01
   8.8436389e-01
   6.6601431e-01
   3.1063238e-01
   4.0666357e-02
  -8.6194091e-02
   1.8601174e-02
   2.8552926e-01
   5.6845665e-01
   7.4128574e-01
   6.1094284e-01
   3.0801624e-01
  -5.2438892e-02
  -2.8186619e-01
  -1.5381679e-01
   3.0487743e-01
   1.1372951e+00
   2.2412465e+00
   3.6637895e+00
   5.1654968e+00
   2.4749076e+00
  -5.6626201e-01
  -3.3896249e-02
  -1.8636638e-01
  -5.7595003e-01
  -4.3644695e+00
  -5.9947646e-01
   3.2370231e+00
   6.3254828e+00
   2.1716404e+00
   7.4358600e-01
   1.1960507e-01
  -1.7043149e-01
  -3.7238383e+00
  -6.6100472e-01
  -4.0815961e-01
   5.0923312e-01
   9.9467349e-01
   1.6338964e+00
   2.2378960e+00
   2.7214026e+00
   3.1079803e+00
   3.4889235e+00
   3.2660789e+00
   2.6971576e+00
   2.1036928e+00
   1.5290364e+00
   1.2685086e+00
   1.3392730e+00
   1.1963080e+00
   8.9712119e-01
   4.8089316e-01
   1.8630336e-01
   1.1469328e-01
   2.9511297e-01
   5.5793804e-01
   7.8681344e-01
   8.0908644e-01
   5.2151412e-01
   1.4296916e-01
  -2.1222277e-01
  -2.7774537e-01
   4.7175899e-02
   6.7539424e-01
   1.5714105e+00
   2.6869452e+00
   4.1757565e+00
   5.1500940e+00
   1.6858841e+00
  -2.6190573e-01
  -4.9399188e-01
  -2.8534132e-01
  -8.0213827e-01
  -3.6974690e+00
   1.5615961e-01
   3.8123746e+00
   6.2462034e+00
   1.9928688e+00
   3.9085320e-01
  -2.8563008e-01
  -1.2000107e+00
  -2.4623582e+00
   9.4440021e-02
   5.4942203e-01
   8.9849931e-01
   1.3221778e+00
   2.0602968e+00
   2.6547112e+00
   3.0781550e+00
   3.3691733e+00
   3.5192521e+00
   3.2331425e+00
   2.7745685e+00
   2.2245218e+00
   1.6853396e+00
   1.5293601e+00
   1.5266767e+00
   1.2611073e+00
   8.7572660e-01
   3.9789484e-01
   1.1974555e-01
   1.4776367e-01
   3.8254927e-01
   6.0684251e-01
   7.3279122e-01
   5.8255028e-01
   1.9751983e-01
  -1.7693520e-01
  -3.8484125e-01
  -1.9681156e-01
   3.2244625e-01
   1.0694883e+00
   1.9882615e+00
   3.1426176e+00
   4.8707031e+00
   5.4429453e+00
   1.2946463e+00
  -9.5461733e-01
  -4.5149121e-01
  -4.5707262e-01
  -8.5471149e-01
  -2.3326015e+00
   1.0399833e+00
   4.1948948e+00
   5.8938849e+00
   1.9934118e+00
  -1.9629029e-01
  -5.0761872e-01
  -1.1532253e+00
  -1.0626281e+00
   8.5143538e-01
   1.3612487e+00
   1.2442348e+00
   1.5698078e+00
   2.3993260e+00
   2.9937705e+00
   3.3505486e+00
   3.5370524e+00
   3.4013798e+00
   3.1004341e+00
   2.7180588e+00
   2.1447539e+00
   1.6307412e+00
   1.5532731e+00
   1.4141616e+00
   1.0206915e+00
   5.4943460e-01
   8.3736286e-02
  -9.4126120e-02
   2.1685220e-02
   2.5072223e-01
   4.0073568e-01
   3.7724948e-01
   1.0349649e-01
  -2.4960734e-01
  -4.6750885e-01
  -3.8492024e-01
   5.4272775e-02
   7.2017127e-01
   1.5276688e+00
   2.4750085e+00
   3.7068882e+00
   5.3407578e+00
   4.0013528e+00
  -2.5486085e-01
  -1.3944918e+00
  -5.1513642e-01
  -7.6515025e-01
  -9.8070091e-01
  -1.3454038e+00
   2.0059111e+00
   4.4385839e+00
   5.3874950e+00
   1.7812500e+00
  -5.2211380e-01
  -3.5527578e-01
  -6.4221197e-01
  -3.3541288e-02
   1.6239090e+00
   1.9855974e+00
   1.4501885e+00
   1.5505527e+00
   2.6871340e+00
   3.2568357e+00
   3.5086482e+00
   3.5597966e+00
   3.1526260e+00
   2.8517091e+00
   2.4819787e+00
   1.8406988e+00
   1.3584247e+00
   1.2682810e+00
   9.5046449e-01
   4.5812348e-01
  -7.2851647e-03
  -3.1897557e-01
  -3.6311987e-01
  -2.0648518e-01
  -3.0687304e-02
   1.3326198e-02
  -1.2078042e-01
  -3.7039211e-01
  -5.1882660e-01
  -4.2928261e-01
  -5.0129298e-02
   5.4554278e-01
   1.2634141e+00
   2.0676472e+00
   3.0156724e+00
   4.2330341e+00
   5.4559522e+00
   2.4962456e+00
  -1.0051076e+00
  -1.4601160e+00
  -5.2103436e-01
  -7.2852486e-01
  -7.4573988e-01
   1.2449904e-01
   2.8464115e+00
   4.5652862e+00
   4.7829943e+00
   1.5341868e+00
  -3.7848812e-01
   1.4894645e-01
   1.1953735e-01
   1.1697342e+00
   2.1530528e+00
   2.5139675e+00
   1.7172524e+00
   1.1818063e+00
   2.9195032e+00
   3.4239693e+00
   3.5251186e+00
   3.4258480e+00
   2.8249309e+00
   2.5035253e+00
   2.0828362e+00
   1.3343395e+00
   8.3421701e-01
   6.2946874e-01
   1.7862146e-01
  -2.6381597e-01
  -5.6273592e-01
  -6.7840946e-01
  -6.2966985e-01
  -4.7892180e-01
  -3.6481550e-01
  -3.7878248e-01
  -4.6746567e-01
  -5.0665575e-01
  -3.5902089e-01
   2.1168074e-02
   5.7496530e-01
   1.2216675e+00
   1.9064429e+00
   2.6422448e+00
   3.4917452e+00
   4.4860730e+00
   5.2314091e+00
   1.7106266e+00
  -5.5500662e-01
  -1.2024205e+00
  -6.4466786e-01
  -7.9266071e-01
  -7.0069873e-01
   1.5012323e+00
   3.4243629e+00
   4.4589620e+00
   3.9484332e+00
   1.3047442e+00
  -1.1843967e-01
  -1.0130770e-01
   3.7803775e-01
   2.0107651e+00
   2.5564783e+00
   3.1065063e+00
   2.6206000e+00
   1.3426049e+00
   3.0886824e+00
   3.4798481e+00
   3.3986857e+00
   3.1756613e+00
   2.4429726e+00
   2.0821501e+00
   1.6042161e+00
   7.3031072e-01
   1.3993878e-01
  -1.7310263e-01
  -5.9946851e-01
  -8.6387335e-01
  -9.8438901e-01
  -9.7615343e-01
  -8.8613319e-01
  -7.4788611e-01
  -6.3973735e-01
  -5.7315836e-01
  -4.7177177e-01
  -2.5435059e-01
   1.2777104e-01
   6.6471002e-01
   1.2897864e+00
   1.9513732e+00
   2.6002494e+00
   3.2339127e+00
   3.8689458e+00
   4.4962938e+00
   4.2820094e+00
   7.0326684e-01
  -1.7449837e+00
  -1.0422245e+00
  -8.6231183e-01
  -1.3853244e+00
  -8.4863876e-01
   2.2621962e+00
   3.6815710e+00
   4.0262911e+00
   3.7900720e+00
   1.5318340e+00
   1.7447886e-02
  -1.2460643e-01
   3.9311626e-01
   2.3190760e+00
   2.7901165e+00
   2.9499146e+00
   1.3562668e+00
   1.2650846e+00
   3.3243305e+00
   3.4007332e+00
   3.1323370e+00
   2.8332540e+00
   2.0131553e+00
   1.5974152e+00
   1.1157685e+00
   1.9612959e-01
  -4.7073889e-01
  -7.9813879e-01
  -1.1074353e+00
  -1.2635722e+00
  -1.3363032e+00
  -1.3066928e+00
  -1.2131375e+00
  -1.0741829e+00
  -9.0518170e-01
  -6.8826179e-01
  -3.8707840e-01
   3.0880477e-02
   5.7052640e-01
   1.2072479e+00
   1.8944009e+00
   2.5808944e+00
   3.2087147e+00
   3.7415233e+00
   4.1486776e+00
   4.3548315e+00
   3.7450306e+00
  -1.7255641e-01
  -2.5609273e+00
  -8.1034772e-01
  -7.9232244e-01
  -2.3149029e+00
  -1.3547551e+00
   2.6361980e+00
   3.7351219e+00
   3.6458893e+00
   2.5980333e+00
   4.2221075e-01
  -1.4703814e-01
  -2.3026477e-01
   9.0904435e-02
   2.1715545e+00
   2.5561327e+00
   1.9548537e+00
  -3.6233529e-01
   8.3571761e-01
   3.0323381e+00
   3.2582778e+00
   2.7436957e+00
   2.4242200e+00
   1.6131600e+00
   1.1866254e+00
   7.3218749e-01
  -1.4522136e-01
  -8.5444134e-01
  -1.1479233e+00
  -1.4073522e+00
  -1.6030711e+00
  -1.7534478e+00
  -1.7725155e+00
  -1.7024716e+00
  -1.5605602e+00
  -1.3224583e+00
  -9.7935271e-01
  -5.4076019e-01
   2.2387037e-02
   6.9498388e-01
   1.4252168e+00
   2.1565071e+00
   2.8229243e+00
   3.4014082e+00
   3.8678420e+00
   4.1436017e+00
   4.0207026e+00
   3.4386816e+00
  -4.2458283e-01
  -2.4206823e+00
  -3.6558961e-01
  -2.7929054e-01
  -2.7018322e+00
  -1.4738013e+00
   3.3425536e+00
   3.5489316e+00
   3.2620019e+00
   2.0850235e+00
   9.7364960e-02
  -5.4263136e-01
  -7.5946234e-01
   4.8102677e-01
   2.9897100e+00
   1.9034766e+00
   7.7263974e-01
  -5.4147586e-01
   7.7415131e-01
   2.4421593e+00
   3.1793644e+00
   2.2987029e+00
   1.9843473e+00
   1.1954976e+00
   9.4081789e-01
   5.7027596e-01
  -2.4820584e-01
  -1.0259436e+00
  -1.2620730e+00
  -1.4774857e+00
  -1.7384555e+00
  -1.9890568e+00
  -2.1165633e+00
  -2.1446087e+00
  -2.0311010e+00
  -1.7454164e+00
  -1.3118012e+00
  -7.4649298e-01
  -5.2915681e-02
   7.1923554e-01
   1.4999070e+00
   2.1981337e+00
   2.7500131e+00
   3.1605604e+00
   3.4251187e+00
   3.4975913e+00
   3.2492361e+00
   2.6570227e+00
   4.6503234e-01
  -1.0216680e+00
  -7.2434002e-01
  -8.2050008e-01
  -1.4222578e+00
   2.7624309e-01
   3.7030125e+00
   2.6866045e+00
   2.3896332e+00
   1.5077931e+00
   1.8957954e-02
  -1.1005321e+00
  -7.4227118e-01
   8.2843518e-01
   2.6684380e+00
   6.1656922e-01
  -6.2767702e-01
  -1.8412794e-01
   1.1558061e+00
   1.9170185e+00
   2.5929961e+00
   1.6936904e+00
   1.4860986e+00
   5.7752030e-01
   8.6859615e-01
   5.0804913e-01
  -1.9317744e-01
  -9.9353117e-01
  -1.0848037e+00
  -1.1182968e+00
  -1.2787496e+00
  -1.4920551e+00
  -1.6410529e+00
  -1.7074902e+00
  -1.6152602e+00
  -1.3492581e+00
  -9.2470689e-01
  -3.6176495e-01
   2.9514169e-01
   9.8376411e-01
   1.6594075e+00
   2.2286985e+00
   2.6312308e+00
   2.8651999e+00
   2.9391865e+00
   2.8036791e+00
   2.4236125e+00
   1.6364733e+00
   2.0354033e-01
  -7.5963649e-01
  -1.2271560e+00
  -1.5389058e+00
  -6.3409500e-01
   1.2682353e+00
   3.2885211e+00
   1.7963970e+00
   1.7762076e+00
   1.6106153e+00
  -2.6212939e-01
  -1.5076268e+00
  -2.9587271e-01
   1.4367104e+00
   1.3624024e+00
  -7.9904368e-01
  -1.7509401e+00
  -5.0248051e-02
   4.2341160e-03
   1.1367789e+00
   2.2126641e+00
   1.3052420e+00
   9.3422694e-01
   8.7581505e-02
   1.2817651e+00
   1.5167457e+00
   1.4969606e-01
  -7.7360728e-01
  -8.3523407e-01
  -7.0463989e-01
  -6.6919128e-01
  -6.9408009e-01
  -6.9910697e-01
  -6.6658382e-01
  -5.5403220e-01
  -3.4592106e-01
  -8.2624228e-03
   4.6073917e-01
   1.0301218e+00
   1.6648126e+00
   2.3332173e+00
   2.9323834e+00
   3.3027411e+00
   3.3496514e+00
   3.0716695e+00
   2.4364721e+00
   1.4932875e+00
   3.2181754e-01
   1.3971297e-01
  -1.1404030e+00
  -1.8665714e+00
  -1.5408347e+00
  -5.3459686e-01
   1.4290289e+00
   2.5982596e+00
   1.0882559e+00
   1.0010149e+00
   4.1978199e-01
  -8.8798578e-01
  -1.4186292e+00
   9.7980398e-02
   2.1130352e+00
  -3.5943248e-01
  -2.1593835e+00
  -2.6337752e+00
  -1.0132266e+00
  -8.4043129e-01
  -5.0452453e-01
   8.9488150e-01
   8.8162829e-01
   3.2783075e-01
   5.1972967e-01
   1.3209473e+00
   1.4656770e+00
   3.9024785e-01
  -7.0567924e-01
  -9.8967165e-01
  -1.0587999e+00
  -1.1870158e+00
  -1.2915649e+00
  -1.2816727e+00
  -1.1485616e+00
  -9.1074038e-01
  -5.9468639e-01
  -1.8314412e-01
   3.1954536e-01
   8.9572525e-01
   1.5425030e+00
   2.2136788e+00
   2.8093109e+00
   3.1516235e+00
   3.0753138e+00
   2.4699988e+00
   1.3202225e+00
   9.0406895e-02
  -8.1938410e-01
  -9.2829657e-01
  -1.9137318e+00
  -2.2439167e+00
  -2.2516630e+00
  -1.0616705e+00
   3.8702017e-01
   1.6180325e+00
   2.8218824e-01
  -1.8800204e-01
  -6.3889414e-01
  -1.4320365e+00
  -1.7765890e+00
   3.0902004e-01
   3.2464459e+00
   4.5234728e-01
  -2.5520527e+00
  -2.7523255e+00
  -2.2575033e+00
  -9.6692920e-01
  -7.2700071e-01
   1.0267950e+00
   6.8519330e-01
   2.2026122e-02
   9.8608947e-01
   8.2515407e-01
   1.7775121e+00
   8.0684000e-01
  -6.3394445e-01
  -1.1986701e+00
  -1.5341711e+00
  -1.9368215e+00
  -2.3110809e+00
  -2.5653725e+00
  -2.6662765e+00
  -2.6152775e+00
  -2.4253092e+00
  -2.0890434e+00
  -1.6153685e+00
  -1.0500805e+00
  -4.5726085e-01
   7.3716126e-02
   5.6454128e-01
   1.0510627e+00
   1.3342578e+00
   1.1005359e+00
   1.6800448e-01
  -9.3838489e-01
  -1.4352461e+00
  -1.9354984e+00
  -1.2871038e+00
  -2.2689524e+00
  -2.2145047e+00
  -1.6477385e+00
  -1.2343446e+00
   1.7679374e-01
  -1.9471551e-01
  -6.7883521e-01
   1.6010329e-03
  -2.4585202e+00
  -3.1487873e+00
  -6.9720769e-01
   3.1468780e+00
  -2.2276223e-01
  -3.0861247e+00
  -3.1399612e+00
  -2.7828226e+00
  -1.9289188e+00
  -1.3814404e+00
   5.2143085e-01
  -4.5219414e-02
   5.6969213e-01
   2.5402498e-01
   2.2407854e-01
   1.2628529e+00
   1.2729462e+00
  -3.8953269e-01
  -1.1216071e+00
  -1.6360171e+00
  -2.2045603e+00
  -2.7355216e+00
  -3.1681213e+00
  -3.4815063e+00
  -3.6839809e+00
  -3.7945366e+00
  -3.8113456e+00
  -3.7023947e+00
  -3.4609671e+00
  -3.1150532e+00
  -2.7242918e+00
  -2.3034461e+00
  -1.6913104e+00
  -8.5224438e-01
  -1.6595122e-01
  -1.5403187e-01
  -1.2873580e+00
  -1.3131297e+00
  -1.6039906e+00
  -1.6256834e+00
  -2.2608840e+00
  -2.3480570e+00
  -2.5053101e+00
  -2.5205023e+00
  -8.7835896e-01
  -3.8375068e-01
  -1.0660932e+00
  -4.7345942e-01
  -3.4065487e+00
  -4.9766507e+00
  -2.0980089e+00
   1.3239040e+00
  -2.5899017e-01
  -3.1398549e+00
  -3.3585496e+00
  -2.7377095e+00
  -1.5203617e+00
  -8.3064491e-01
  -9.2348874e-02
  -7.5853777e-01
   6.5801114e-01
   8.1330608e-01
  -1.1030591e-01
   1.0857292e+00
   1.5638439e+00
   4.9726094e-02
  -7.3830067e-01
  -1.3182252e+00
  -1.9145017e+00
  -2.4287159e+00
  -2.8474981e+00
  -3.1909904e+00
  -3.4888854e+00
  -3.7467654e+00
  -3.9643028e+00
  -4.1233466e+00
  -4.2059858e+00
  -4.1913626e+00
  -4.0628111e+00
  -3.8177202e+00
  -3.3517446e+00
  -2.4949867e+00
  -1.2881323e+00
   2.7760805e-01
  -7.7884738e-01
  -1.1442507e+00
  -1.4464134e+00
  -1.7957171e+00
  -2.2253796e+00
  -2.5754801e+00
  -3.0949239e+00
  -3.4061358e+00
  -1.9926317e+00
  -3.0383696e-01
  -2.2858035e+00
  -9.1303366e-01
  -4.3291319e+00
  -6.2757591e+00
  -4.1693719e+00
  -3.2892974e-01
  -3.6537095e-01
  -2.9036564e+00
  -3.5733244e+00
  -3.3424630e+00
  -2.2926661e+00
  -8.3748948e-01
  -6.9589136e-01
  -1.7713284e+00
   6.1789028e-01
   1.0451964e+00
  -5.3663414e-01
   1.2463696e+00
   1.8042016e+00
   5.1646942e-01
  -1.9252724e-01
  -7.4223390e-01
  -1.2671745e+00
  -1.6899431e+00
  -2.0386076e+00
  -2.3467452e+00
  -2.6382944e+00
  -2.9300722e+00
  -3.2252620e+00
  -3.5084661e+00
  -3.7636986e+00
  -3.9787703e+00
  -4.1179213e+00
  -4.1310139e+00
  -3.9296033e+00
  -3.3477650e+00
  -2.2810461e+00
  -3.4910114e-01
  -2.7383855e-01
  -6.6812454e-01
  -1.1854042e+00
  -1.6357052e+00
  -2.1038730e+00
  -2.6665451e+00
  -3.3681804e+00
  -4.0384579e+00
  -3.3246325e+00
  -1.8882374e-01
  -3.9830768e+00
  -1.8151952e+00
  -4.0433774e+00
  -6.7006785e+00
  -6.1628973e+00
  -2.4292254e+00
  -2.4593434e-01
  -2.8353988e+00
  -3.8558002e+00
  -3.2677861e+00
  -1.5759032e+00
  -4.4769782e-01
  -9.8830801e-01
  -1.7622596e+00
   1.0575778e+00
   6.8516827e-01
  -5.2394941e-03
   1.5959771e+00
   1.7371137e+00
   9.1394168e-01
   3.9701447e-01
  -9.1298737e-02
  -5.6196201e-01
  -9.2821831e-01
  -1.2288102e+00
  -1.4975291e+00
  -1.7537920e+00
  -2.0237632e+00
  -2.3325584e+00
  -2.6705658e+00
  -3.0267377e+00
  -3.3928251e+00
  -3.7371707e+00
  -3.9956548e+00
  -4.0299602e+00
  -3.6656160e+00
  -2.7275114e+00
   1.1659360e-01
   7.6770818e-01
   9.0722978e-02
  -8.9295608e-01
  -1.3899997e+00
  -1.9120216e+00
  -2.5607908e+00
  -3.3608012e+00
  -4.3208671e+00
  -4.5218716e+00
  -3.5876101e-01
  -3.7840600e+00
  -3.0743797e+00
  -2.9535313e+00
  -6.2762618e+00
  -6.8617759e+00
  -4.3353820e+00
  -9.4639671e-01
  -2.9501176e+00
  -4.2706962e+00
  -3.8326614e+00
  -6.9448137e-01
   5.2209640e-01
  -9.3469280e-01
  -1.6417860e+00
   7.2683197e-01
   4.2466104e-01
   4.6998957e-01
   1.5258651e+00
   1.5135415e+00
   1.1552570e+00
   9.2424440e-01
   5.1833898e-01
   4.3010700e-02
  -3.6353275e-01
  -6.8079996e-01
  -9.2931926e-01
  -1.1431843e+00
  -1.3444746e+00
  -1.5945634e+00
  -1.8992473e+00
  -2.2607224e+00
  -2.6958292e+00
  -3.2028351e+00
  -3.7038538e+00
  -4.0167542e+00
  -3.8883893e+00
  -2.6354916e+00
   5.4143682e-02
   1.5605012e+00
   8.1433284e-01
  -5.9060580e-01
  -1.1141348e+00
  -1.6426868e+00
  -2.3028755e+00
  -3.1303868e+00
  -4.1994100e+00
  -5.2444429e+00
  -1.9193877e+00
  -1.5193629e+00
  -4.1436777e+00
  -2.3556685e+00
  -4.4415188e+00
  -5.4894996e+00
  -4.2658672e+00
  -1.2505095e+00
  -2.9340303e+00
  -4.6584520e+00
  -4.8053670e+00
   2.3265415e-01
   2.6839712e+00
  -3.2266077e-01
  -1.5010178e+00
  -2.2271217e-01
   2.0891253e-01
   4.7904548e-01
   9.8875147e-01
   1.2455774e+00
   1.1777857e+00
   1.2650540e+00
   1.0398213e+00
   5.8610116e-01
   6.9974325e-02
  -3.6453320e-01
  -6.8419019e-01
  -9.1558624e-01
  -1.0692133e+00
  -1.2298889e+00
  -1.4469641e+00
  -1.7403410e+00
  -2.1546881e+00
  -2.7251233e+00
  -3.4033101e+00
  -3.9893169e+00
  -4.1662073e+00
  -2.1534312e+00
   2.5077718e-01
   2.2526190e+00
   1.4791713e+00
  -1.7414484e-01
  -7.0172552e-01
  -1.2847902e+00
  -1.9718827e+00
  -2.7855612e+00
  -3.8128050e+00
  -4.9858202e+00
  -3.7543068e+00
  -2.2568447e-01
  -2.4891199e+00
  -1.8960313e+00
  -2.9587401e+00
  -3.3673974e+00
  -2.4930105e+00
  -1.1669056e+00
  -2.7958807e+00
  -4.8837689e+00
  -5.9032452e+00
  -1.2864692e+00
   3.3416973e+00
   7.5341251e-01
  -1.1649836e+00
  -5.6410914e-01
   2.9775405e-01
   7.4142665e-01
   3.7731093e-01
   1.0097413e+00
   1.0104791e+00
   1.3186818e+00
   1.3914480e+00
   1.1150801e+00
   5.7428503e-01
   2.1248795e-03
  -4.6533865e-01
  -8.3818150e-01
  -1.0552820e+00
  -1.1846316e+00
  -1.3290637e+00
  -1.5541474e+00
  -1.9373064e+00
  -2.5309663e+00
  -3.3219128e+00
  -4.1117411e+00
  -4.5415993e+00
  -1.8733828e+00
   6.7139864e-01
   2.7026594e+00
   1.8396792e+00
   3.1484824e-01
  -5.2359249e-02
  -7.4174815e-01
  -1.5515471e+00
  -2.3609841e+00
  -3.3964791e+00
  -4.6016808e+00
  -4.5948520e+00
   5.3988349e-01
  -1.4560452e-01
  -1.0126872e+00
  -2.1924696e+00
  -2.2909961e+00
  -1.5539160e+00
  -1.2904087e+00
  -2.5240107e+00
  -4.9655952e+00
  -6.3812680e+00
  -2.8790245e+00
   2.2477555e+00
   9.9812126e-01
  -3.4565017e-01
  -5.8409137e-01
   9.8031890e-01
   7.4068582e-01
   2.1152672e-01
   7.9027796e-01
   8.2598007e-01
   1.1764578e+00
   1.4852030e+00
   1.4902081e+00
   1.1004157e+00
   4.9525821e-01
  -6.8302594e-02
  -6.0026413e-01
  -9.7427750e-01
  -1.1745323e+00
  -1.3002315e+00
  -1.4727235e+00
  -1.8129263e+00
  -2.4325051e+00
  -3.3605363e+00
  -4.3583817e+00
  -5.0246425e+00
  -9.3987113e-01
   7.2988099e-01
   2.7660842e+00
   1.7995611e+00
   5.2195603e-01
   7.0220590e-01
   2.2634789e-03
  -9.6487582e-01
  -1.8204633e+00
  -2.8592052e+00
  -4.1662855e+00
  -4.2751842e+00
   1.5071869e-02
   1.7427543e+00
  -2.2345641e-01
  -1.7963520e+00
  -1.9541320e+00
  -1.4331131e+00
  -1.5722332e+00
  -2.1510115e+00
  -4.9443603e+00
  -6.1182342e+00
  -3.5663793e+00
   9.9398905e-01
   1.5934346e+00
   1.9972095e-01
   2.6446384e-01
   6.5581185e-01
   6.1614645e-01
   2.2980461e-01
   4.3799242e-01
   7.7338231e-01
   1.1519078e+00
   1.5087205e+00
   1.6885692e+00
   1.5134896e+00
   9.7414809e-01
   4.0959248e-01
  -1.9898619e-01
  -7.0922071e-01
  -1.0300084e+00
  -1.1921004e+00
  -1.3361517e+00
  -1.6339902e+00
  -2.2714510e+00
  -3.3408892e+00
  -4.6020761e+00
  -5.0685515e+00
  -3.7051719e-01
   7.1238440e-01
   2.2617528e+00
   1.5334055e+00
   5.6830025e-01
   1.1459414e+00
   7.2912490e-01
  -2.5410956e-01
  -1.1128072e+00
  -2.2112963e+00
  -3.5738628e+00
  -3.7313817e+00
  -1.2457241e+00
   2.2357254e+00
   5.0385201e-01
  -1.4664187e+00
  -1.8162334e+00
  -1.3585118e+00
  -1.8923824e+00
  -1.6596471e+00
  -5.1535015e+00
  -4.7866988e+00
  -3.7278619e+00
  -5.9161347e-01
   1.4600230e+00
   6.8389517e-01
   6.9461703e-01
  -5.3904648e-03
   2.3900464e-01
  -7.5067036e-02
  -1.0538328e-01
   7.9087943e-01
   1.3977050e+00
   1.7197623e+00
   1.8868147e+00
   1.8622569e+00
   1.4148012e+00
   8.6252314e-01
   2.4423935e-01
  -3.2604226e-01
  -7.3952258e-01
  -9.6731013e-01
  -1.1053591e+00
  -1.3822672e+00
  -2.0180674e+00
  -3.2163022e+00
  -4.7263188e+00
  -4.8061175e+00
  -1.5997627e-01
   1.0815145e+00
   1.6455957e+00
   1.2693014e+00
   7.4406576e-01
   1.5906192e+00
   1.2480688e+00
   4.5595455e-01
  -2.2574495e-01
  -1.3505869e+00
  -2.8615613e+00
  -2.9664612e+00
  -5.0141871e-01
   2.1920412e+00
   1.0787694e+00
  -9.7065330e-01
  -1.5268874e+00
  -1.1958179e+00
  -2.0925970e+00
  -1.1417965e+00
  -5.6035190e+00
  -3.3768766e+00
  -3.5407460e+00
   4.7000545e-01
   1.2124666e+00
   6.6742188e-01
   6.2553591e-01
  -1.3297258e-01
  -8.3414440e-02
  -2.9496359e-01
  -2.1632944e-01
   8.5520439e-01
   1.6516249e+00
   2.0325016e+00
   2.1343452e+00
   2.1301588e+00
   1.7826228e+00
   1.2316986e+00
   6.0504696e-01
   6.8338955e-03
  -4.4088277e-01
  -7.0245997e-01
  -8.2849126e-01
  -1.0796108e+00
  -1.6926141e+00
  -2.9641191e+00
  -4.7042048e+00
  -3.6509685e+00
   5.0866237e-01
   1.3052696e+00
   1.2219227e+00
   7.0991240e-01
   3.2873829e-01
   1.2693053e+00
   1.4192123e+00
   9.5671463e-01
   6.3850526e-01
  -4.0359923e-01
  -2.0360791e+00
  -2.4719562e+00
   2.0185163e-01
   1.2945047e+00
   1.4377069e+00
  -3.5293590e-01
  -1.3162154e+00
  -1.1865812e+00
  -1.7147442e+00
  -8.0348735e-01
  -4.5170977e+00
  -3.1502380e+00
  -3.0713651e+00
   2.1521137e-02
   1.2742863e+00
   9.7155011e-01
  -1.1505502e-01
  -4.4799921e-01
  -5.3103554e-01
  -4.4705117e-01
  -3.4828907e-01
   8.5145915e-01
   1.6300781e+00
   2.1368194e+00
   2.3031776e+00
   2.3211732e+00
   2.0800595e+00
   1.5685108e+00
   9.4693720e-01
   3.2057515e-01
  -1.4658177e-01
  -4.1841733e-01
  -5.1300901e-01
  -7.1386570e-01
  -1.2630028e+00
  -2.5207200e+00
  -4.5856261e+00
  -2.6143432e+00
   6.4569765e-01
   1.0643554e+00
   9.2963117e-01
   4.2891201e-01
   5.3272462e-01
   4.3590194e-01
   1.0231692e+00
   1.2167008e+00
   1.3271954e+00
   5.1514179e-01
  -1.0163121e+00
  -2.3144557e+00
  -2.2845581e-01
   8.4381896e-01
   2.1231401e+00
   4.9181485e-01
  -4.5962894e-01
  -1.0422288e+00
  -1.1328439e+00
  -9.4298303e-01
  -3.6476910e+00
  -2.3321507e+00
  -1.6352019e+00
  -1.0197840e+00
  -1.6500279e+00
  -4.4381127e-01
  -5.3473741e-01
  -2.4592984e-01
  -3.3202833e-01
  -8.2272005e-01
  -5.3966445e-01
   5.8550590e-01
   1.3110347e+00
   1.8799220e+00
   2.1659470e+00
   2.3166966e+00
   2.2236814e+00
   1.8090886e+00
   1.2311203e+00
   6.0301274e-01
   1.3912039e-01
  -1.3367282e-01
  -2.0110552e-01
  -3.1652766e-01
  -7.4678338e-01
  -1.8846045e+00
  -4.0874810e+00
  -1.5450869e+00
   7.1676809e-01
   1.2267002e+00
   6.2327194e-01
   2.2191134e-01
   1.7544341e-01
   4.4305590e-01
   3.8662961e-01
   8.7488484e-01
   1.2946777e+00
   1.3721744e+00
  -2.3500204e-02
  -1.7560788e+00
  -3.6152041e-01
   3.3368307e-01
   1.7554719e+00
   1.3590528e+00
   2.0006651e-01
  -3.7202734e-01
  -6.4009064e-01
  -7.3839694e-01
  -2.2630680e+00
  -2.0359609e+00
  -7.5097716e-01
  -1.4138781e+00
  -1.0304908e+00
  -1.4443655e-02
  -2.8294697e-03
   2.5741878e-01
   1.0811611e-01
  -6.4639711e-01
  -1.4357837e+00
   8.4211729e-02
   5.5261523e-01
   1.1829236e+00
   1.6245271e+00
   1.9613508e+00
   2.0812602e+00
   1.8508614e+00
   1.3925549e+00
   8.0488318e-01
   3.6248392e-01
   1.3001984e-01
   8.4557950e-02
   1.0040943e-01
  -1.5977886e-01
  -1.1029735e+00
  -3.0998969e+00
  -1.1136509e+00
   3.5748386e-01
   9.8692632e-01
   3.6871651e-01
   2.7169950e-02
  -2.5125372e-01
   2.1411699e-01
   4.5373347e-01
   4.0361482e-01
   8.6954731e-01
   1.6138943e+00
   6.7281193e-01
  -9.5330918e-01
   2.3887932e-01
   3.6001921e-01
   4.7865885e-01
   1.5806509e+00
   2.9696652e-01
  -2.0172609e-01
  -3.6981410e-01
  -6.1337471e-01
  -1.3121988e+00
  -1.3502253e+00
  -3.0919287e-01
  -7.0317692e-01
  -1.8449697e+00
  -2.3439932e-01
   6.0969752e-01
   1.9995550e-02
   3.6681917e-02
  -1.5320217e-02
  -7.5923887e-01
  -1.7830565e+00
  -8.0688045e-01
   1.0882081e-02
   7.1776661e-01
   1.2182611e+00
   1.5437693e+00
   1.6011804e+00
   1.3629147e+00
   9.3459981e-01
   5.6078953e-01
   3.7874831e-01
   3.5046096e-01
   4.9784410e-01
   4.8619738e-01
  -1.8872740e-01
  -1.7108228e+00
  -1.2614833e-01
   2.8471935e-01
   3.7739210e-01
   1.3679868e-01
  -2.0460106e-01
  -3.8343655e-01
  -3.2616515e-01
   6.1450034e-02
   4.5018348e-01
   1.5900912e-01
   9.4905298e-01
   1.0905600e+00
   4.1959023e-01
   2.4071607e-01
   5.5792899e-01
   2.2693979e-01
   5.5834699e-01
   6.6312303e-01
   6.1625902e-03
  -9.8275122e-02
  -4.8205629e-01
  -5.3838158e-01
  -2.6550844e-01
   3.1531612e-01
   7.6067718e-02
  -3.5566993e-01
   2.2095649e-01
  -2.9194901e-01
   5.8258157e-02
   5.4304701e-01
   3.1999856e-01
   9.5891821e-01
  -2.0046766e+00
  -1.5601473e+00
  -9.3854213e-01
  -5.8688704e-02
   5.5740356e-01
   9.7763038e-01
   1.2348185e+00
   1.2012353e+00
   9.1489410e-01
   6.3091254e-01
   5.3566241e-01
   5.4453397e-01
   7.1549165e-01
   8.8707352e-01
   4.8851693e-01
  -6.8762642e-01
   4.8939076e-01
   4.7296536e-01
  -1.4833120e-01
  -2.0026681e-01
  -4.0561378e-01
  -5.0245410e-01
  -3.3929908e-01
  -1.0898438e-01
  -9.2181489e-02
  -1.0563464e-01
   2.8478381e-01
   1.1096388e+00
   1.4022558e+00
   5.0791699e-01
   2.4862821e-01
   1.2256823e-01
   1.7768557e-01
   5.2268076e-01
   3.2688797e-01
   2.8304160e-01
  -1.0497131e-01
  -1.2173709e-01
   2.5365770e-01
   6.1383855e-01
   3.4181562e-01
  -8.5723490e-02
   3.8274875e-01
  -1.5653591e-01
   2.9363233e-01
   3.0651477e-01
  -1.4467233e-01
   4.5333987e-01
   6.2438250e-01
  -1.8770723e+00
  -1.9382303e+00
  -1.0315685e+00
  -2.5669655e-01
   2.6347744e-01
   7.1579224e-01
   8.3039713e-01
   6.3814211e-01
   4.5444077e-01
   3.6686659e-01
   5.3638691e-01
   8.9291829e-01
   1.0500131e+00
   1.0746621e+00
   4.9336201e-01
   9.4469768e-01
   1.4512844e-01
  -2.8265065e-01
  -4.0951726e-01
  -5.7532465e-01
  -6.6078532e-01
  -3.6527395e-01
  -1.4650375e-01
   1.6013147e-02
  -2.6542181e-01
  -1.6891387e-01
   1.3936901e-01
   1.2044692e+00
   4.5687729e-01
  -1.3482085e-01
  -1.3384640e-01
  -6.4581029e-02
   6.1279673e-02
  -1.3022633e-01
  -1.6121697e-01
   3.2468396e-01
  -2.0931998e-01
   2.0721200e-01
  -2.2057485e-02
  -9.1734111e-02
   3.9185974e-01
   1.2830310e-03
   7.5553015e-02
  -1.4691211e-01
   3.9071816e-01
   1.0708138e-01
  -2.5389742e-02
   9.7970980e-01
  -1.6382552e+00
  -2.2594264e+00
  -1.5739914e+00
  -1.0753077e+00
  -2.3575455e-01
   1.1354113e-01
   2.4869317e-01
   1.9323714e-01
   5.5678330e-02
  -8.0614083e-02
   6.7740783e-02
   6.2987489e-01
   9.6402061e-01
   1.2243726e+00
   9.5841217e-01
   6.8174100e-01
  -1.1329770e-01
  -2.3066112e-01
  -4.6800900e-01
  -7.0779830e-01
  -8.5413593e-01
  -5.7815242e-01
  -1.2595309e-01
  -5.7851840e-02
   3.2123659e-02
   3.8680407e-01
  -7.2845078e-01
  -9.5450478e-03
  -3.9084721e-01
   4.1684589e-01
   1.0871614e-01
  -3.5829198e-01
  -4.2667419e-01
  -4.7533762e-01
  -4.6550593e-01
   1.1446126e-01
  -1.4019190e-01
  -2.3453335e-01
  -2.6717210e-01
  -2.7346170e-01
   1.1233500e-01
   4.9542621e-01
  -3.8213667e-01
  -2.9230225e-01
  -1.7961096e-02
   2.1521483e-01
   2.3951012e-01
  -1.4166059e-01
  -1.8555949e+00
  -2.4385488e+00
  -1.4434881e+00
  -1.8039021e+00
  -1.5176383e+00
  -1.1492096e+00
  -7.7615547e-01
  -3.4958261e-01
  -2.1050091e-01
  -1.3433282e+00
  -1.6436104e+00
  -1.0295845e+00
  -8.3412379e-01
  -1.0370389e-01
   5.2432060e-01
   1.5424933e-01
  -1.7701539e-01
  -1.6955976e-01
  -5.0850898e-01
  -8.1151772e-01
  -9.7915804e-01
  -8.6084443e-01
  -3.6471233e-01
  -1.7804910e-01
   1.5480883e-02
   7.8912872e-01
   9.6650016e-01
   5.9177309e-01
  -1.3510152e+00
  -1.0325644e+00
   6.9157892e-01
   2.4817505e-01
  -3.2858929e-01
  -8.0417502e-01
  -3.6906055e-01
  -2.7903098e-01
  -5.1704985e-01
  -3.9952818e-01
  -3.2086396e-01
   8.3151177e-02
  -2.5430673e-01
  -2.2036225e-01
   4.6718648e-01
  -1.8389109e-01
  -8.1686735e-02
   2.9747036e-01
   2.9595697e-01
   9.9500425e-02
  -8.9409553e-02
  -1.0499918e+00
  -9.6736127e-01
  -3.1481272e-01
  -1.2728440e+00
  -2.5707357e+00
  -2.1663091e+00
  -8.9518845e-01
   2.5970799e-01
   8.9724165e-01
   7.9213417e-01
   8.5363513e-01
   6.6859162e-01
   2.0224609e+00
   2.8174288e+00
   7.4069655e-01
  -1.9767399e-01
  -4.6578753e-01
  -7.1609974e-01
  -7.1656346e-01
  -7.1044856e-01
  -6.7131728e-01
  -9.0035766e-01
  -1.2532350e+00
  -9.3572676e-01
   3.3240443e-01
   8.8244528e-01
   2.6422375e-01
  -8.7384337e-01
  -1.5618306e+00
  -6.4933944e-01
  -3.4810013e-01
  -5.4226589e-01
  -5.8755213e-01
  -5.2089727e-01
  -5.2333796e-01
  -7.7506971e-01
  -1.0316939e+00
  -2.2936207e-01
   4.5331526e-01
   5.6649911e-01
   8.0294043e-01
   4.1870663e-01
   4.5476273e-01
   4.8739782e-01
   6.6228455e-01
   8.1574661e-01
   4.2977241e-01
   3.5849065e-02
  -1.2581539e-01
  -1.4220588e-01
  -7.7667221e-02
   8.6278491e-02
   2.1994996e-01
   2.1790975e-01
   2.6776490e-01
   3.8743347e-01
   3.1680495e-01
   1.7576751e-01
   4.2540702e-01
   7.7697504e-01
   7.5070161e-01
   5.8785051e-01
   2.4194890e-01
  -3.2196465e-01
  -6.8965822e-01
  -7.5277042e-01
  -7.5056303e-01
  -7.7907842e-01
  -7.1916211e-01
  -5.0257140e-01
  -4.6498823e-01
  -5.6999236e-01
  -4.7028422e-01
  -3.3747849e-01
  -2.6272100e-01
  -2.4495469e-01
  -2.7038407e-01
  -5.9987599e-01
  -9.1215110e-01
  -7.4714911e-01
  -6.4460832e-01
  -7.5843227e-01
  -1.0264093e+00
  -9.8990321e-01
  -7.4235940e-01
  -5.8369845e-01
  -3.0484211e-01
   2.7701350e-02
   3.1270388e-01
   4.4513088e-01
