  4.010929e-01
  3.553496e-01
  3.605664e-01
  3.565573e-01
  3.511513e-01
  3.418344e-01
  3.340191e-01
  3.184065e-01
  3.028136e-01
  2.849700e-01
  2.676824e-01
  2.523854e-01
  2.441077e-01
  2.419949e-01
  2.399779e-01
  2.363431e-01
  2.345039e-01
  2.331300e-01
  2.346150e-01
  2.374116e-01
  2.425073e-01
  2.487295e-01
  2.478345e-01
  2.409159e-01
  2.350547e-01
  2.307587e-01
  2.293493e-01
  2.320578e-01
  2.330362e-01
  2.322948e-01
  2.282199e-01
  2.263639e-01
  2.261237e-01
  2.292378e-01
  2.303545e-01
  2.310733e-01
  2.364692e-01
  2.487722e-01
  2.683179e-01
  2.945475e-01
  3.247647e-01
  3.562250e-01
  3.912823e-01
  4.185408e-01
  4.350781e-01
  4.415010e-01
  4.116956e-01
  3.574743e-01
