   3.3096486e-01
  -2.4464349e-01
  -8.7995094e-01
  -5.7543916e-01
   2.8317037e-01
   4.8897198e-01
   6.8010455e-01
   8.2852989e-01
   8.4206587e-01
   4.9659541e-01
   2.2276540e-01
  -6.1865002e-02
  -2.9251105e-01
  -4.0845644e-01
  -6.4910650e-01
  -9.0544343e-01
  -8.7903130e-01
  -8.9132875e-01
  -1.0851451e+00
  -9.9363816e-01
  -8.5286790e-01
  -9.2675972e-01
  -1.2407392e+00
  -1.1655209e+00
  -4.6615753e-01
   7.6645243e-01
   6.2379491e-01
   2.2916043e-01
   1.1095278e-01
   2.0853797e-01
   6.7491636e-02
  -4.3694383e-01
  -8.7192982e-01
  -1.0127724e+00
  -6.7116773e-01
  -2.4571970e-01
  -2.2712635e-01
  -3.7483069e-01
  -2.4963300e-01
   2.5514347e-02
   1.0993233e-01
  -1.0356097e-01
  -4.8833802e-01
  -9.4846219e-01
  -1.0407681e+00
  -4.4860786e-01
  -2.9452878e-01
   2.8085989e-01
   2.2628489e-01
  -2.2002427e-01
  -1.0877144e+00
  -1.4681198e-01
   5.1304007e-01
  -2.7333802e-01
  -4.3905774e-01
   1.9639853e-01
   1.4930905e-01
   2.8610643e-02
   1.8413816e-01
   1.2577684e-01
   2.8325102e-01
   3.4807825e-01
   3.5122970e-01
   2.6713026e-01
   8.2013756e-02
  -6.3141674e-02
  -4.5616806e-01
  -5.7821846e-01
  -5.5693763e-01
  -6.4869493e-01
  -4.3060660e-01
  -1.1850090e+00
  -2.1170945e+00
  -6.2858689e-01
   2.1987337e-01
  -8.0336563e-02
   5.9973556e-01
   1.2523628e+00
   1.3548803e+00
   1.4467618e+00
   1.0685728e+00
   4.3871269e-01
  -4.3237329e-02
  -4.8327443e-01
  -6.6347134e-01
  -6.4353049e-01
  -6.6410536e-01
  -4.4091424e-01
  -2.7111384e-01
  -4.7199813e-01
  -2.3737854e-01
  -7.1388528e-02
  -6.1036354e-01
  -7.5263971e-01
  -9.0803045e-01
  -4.7508669e-01
  -2.4586317e-01
  -2.5540791e-02
   1.6598488e-01
   2.7546227e-02
   1.2084293e-01
   1.0441919e-01
   2.3868872e-01
   1.7038204e-01
  -8.1339911e-02
   2.3715742e-02
  -2.9436182e-02
   1.4154227e-01
   4.4544670e-01
   6.0923576e-01
   8.7862986e-01
   1.0353602e+00
   1.1537468e+00
   1.1268022e+00
   1.1431650e+00
   1.1701684e+00
   1.1726503e+00
   1.2275194e+00
   1.0912609e+00
   1.0429682e+00
   7.7434546e-01
   8.8939887e-01
   1.5026586e+00
   1.5451202e+00
   1.4855905e+00
   1.5499494e+00
   1.8331335e+00
   1.9480165e+00
   1.8959420e+00
   1.8736302e+00
   1.8812567e+00
   1.9427847e+00
   1.9994844e+00
   2.1700280e+00
   2.2888107e+00
   2.2859161e+00
   1.9228820e+00
   1.0811412e+00
   6.3055140e-01
   6.9423556e-02
  -5.3811800e-01
  -1.1947316e+00
  -1.1278260e+00
  -9.0586209e-01
   1.4496522e+00
   1.8400280e+00
   1.9337318e+00
   1.6788235e+00
   9.7489762e-01
   6.5379006e-01
   8.5274601e-01
   7.9840475e-01
   6.9373339e-01
   1.0015843e+00
   1.1027761e+00
   8.7989271e-01
   1.4622979e+00
   1.6836419e+00
   1.9778023e+00
   2.2665327e+00
   2.4196198e+00
   2.5237336e+00
   2.6760881e+00
   2.7888818e+00
   2.9255974e+00
   2.9774826e+00
   2.9220665e+00
   2.8198364e+00
   2.5490108e+00
   2.5231252e+00
   1.8808408e+00
   1.6477848e+00
   1.2564468e+00
   1.6905265e+00
   1.9093766e+00
   2.1633153e+00
   2.3581092e+00
   2.4761522e+00
   2.6618924e+00
   2.9281127e+00
   3.2698433e+00
   3.6475093e+00
   3.9614973e+00
   4.1495843e+00
   4.3137488e+00
   4.3403268e+00
   4.1466899e+00
   3.5415580e+00
   2.9407480e+00
   2.2662201e+00
   1.8071567e+00
   1.4667200e+00
   1.4286995e+00
   1.5037208e+00
   1.4046304e+00
   1.3040210e+00
   1.0355357e+00
   8.2734197e-01
   1.2431636e+00
   1.2378685e+00
   1.3241993e+00
   1.8325247e+00
   2.3485382e+00
   1.3787234e+00
   1.9607627e+00
   2.8213680e+00
   3.1486540e+00
   3.3672945e+00
   3.5068240e+00
   3.6719828e+00
   3.8075535e+00
   3.9599419e+00
   4.1402946e+00
   4.1090641e+00
   4.0658765e+00
   4.0048385e+00
   3.4689398e+00
   2.7764430e+00
   1.2270058e+00
   1.2275082e+00
   5.8538908e-01
   1.2455276e+00
   1.8937408e+00
   2.3088033e+00
   2.6688509e+00
   3.0357854e+00
   3.3096235e+00
   3.6180527e+00
   3.9791646e+00
   4.2908683e+00
   4.5922389e+00
   4.8411088e+00
   5.1275353e+00
   5.4309406e+00
   5.6173954e+00
   5.5137320e+00
   5.2464828e+00
   5.0377793e+00
   4.7529268e+00
   3.6097219e+00
   1.4436315e+00
   1.3942836e+00
   1.5069765e+00
   1.4582843e+00
   1.1751701e+00
   1.1368300e+00
   1.5370943e+00
   1.6290470e+00
   2.1182559e+00
   2.7565082e+00
   3.0762907e+00
   3.2295481e+00
   3.3511428e+00
   4.0388413e+00
   4.0385566e+00
   4.1325317e+00
   4.2569919e+00
   4.3583403e+00
   4.4908195e+00
   4.6411157e+00
   4.7429357e+00
   4.7735353e+00
   4.7898837e+00
   4.6093741e+00
   4.0703850e+00
   3.0476683e+00
   1.1663594e+00
   1.3946994e+00
   5.8685036e-01
   7.0154580e-01
   1.6112464e+00
   2.4144223e+00
   2.9979187e+00
   3.4111051e+00
   3.6559834e+00
   3.6977758e+00
   3.6489377e+00
   3.6273405e+00
   3.6717589e+00
   3.9937851e+00
   4.6589948e+00
   5.3633992e+00
   5.8734882e+00
   6.0852492e+00
   6.1515486e+00
   6.1306160e+00
   5.9464123e+00
   4.5178567e+00
   1.4642173e+00
   1.3062284e+00
   1.3670194e+00
   1.5305609e+00
   1.2898854e+00
   1.3767133e+00
   1.5113443e+00
   2.0316453e+00
   2.5897875e+00
   3.2261841e+00
   3.3998659e+00
   3.6557539e+00
   4.0264816e+00
   4.1745920e+00
   4.1840701e+00
   4.2410073e+00
   4.3344703e+00
   4.4342461e+00
   4.5506420e+00
   4.6381388e+00
   4.7329245e+00
   4.8363619e+00
   4.8344498e+00
   4.6251354e+00
   4.1311784e+00
   2.8645091e+00
   9.9992681e-01
   1.0812328e+00
  -1.2490137e-01
   3.0446121e-01
   1.1680856e+00
   2.1104078e+00
   2.9404111e+00
   3.4910803e+00
   3.4885490e+00
   2.9809012e+00
   2.4563012e+00
   1.9573917e+00
   1.9147567e+00
   2.3769510e+00
   3.3476300e+00
   4.3307762e+00
   5.2103829e+00
   5.7671638e+00
   6.0886087e+00
   6.2635536e+00
   6.1711159e+00
   4.7687874e+00
   2.0746045e+00
   1.2176181e+00
   1.2155186e+00
   1.1992837e+00
   1.1382122e+00
   1.3284745e+00
   1.4326406e+00
   3.0008733e+00
   3.1425142e+00
   3.3713858e+00
   3.3805056e+00
   3.4198189e+00
   3.5679419e+00
   3.7035685e+00
   3.7937293e+00
   3.8826180e+00
   3.9413409e+00
   3.9925318e+00
   4.0647573e+00
   4.1042180e+00
   4.1728606e+00
   4.2368598e+00
   4.2119308e+00
   4.0394311e+00
   3.5807321e+00
   2.4220440e+00
   1.0218805e+00
   9.4855124e-01
   3.7825039e-01
  -2.1392509e-01
   5.1857680e-01
   1.4561858e+00
   2.4392545e+00
   3.0055773e+00
   2.6460583e+00
   1.3026152e+00
   4.8807511e-01
  -1.7737943e-01
  -4.1640870e-02
   6.5301627e-01
   1.6363926e+00
   2.5964139e+00
   3.6153758e+00
   4.4666405e+00
   5.0836086e+00
   5.4285402e+00
   5.4350667e+00
   4.8735199e+00
   3.5933166e+00
   1.4616146e+00
   1.1058071e+00
   1.0131135e+00
   7.9967093e-01
   1.1965749e+00
   2.1171465e+00
   3.5896039e+00
   3.2062449e+00
   3.0570953e+00
   2.8814123e+00
   2.7761791e+00
   2.8075225e+00
   2.9059091e+00
   3.0129786e+00
   3.0975270e+00
   3.1465876e+00
   3.1572537e+00
   3.1568942e+00
   3.1657686e+00
   3.2162025e+00
   3.2473752e+00
   3.2309730e+00
   3.0728717e+00
   2.6927099e+00
   2.0841482e+00
   1.0670114e+00
   1.5390301e+00
   4.2789319e-01
  -4.8935327e-01
   3.2001257e-02
   8.3743572e-01
   1.6807704e+00
   2.0580111e+00
   1.4228957e+00
   5.1847845e-01
   4.2262244e-01
  -2.8565711e-01
  -1.4618704e+00
  -9.4383860e-01
   1.5921375e-01
   1.3271235e+00
   2.4436555e+00
   3.2623363e+00
   3.7618864e+00
   4.0620184e+00
   4.0692286e+00
   4.2301970e+00
   3.2859044e+00
   2.1242981e+00
   1.0723431e+00
   1.0302268e+00
   9.0958291e-01
   1.8580587e+00
   3.1156850e+00
   3.2285280e+00
   2.6886406e+00
   2.3058341e+00
   1.9607130e+00
   1.7567449e+00
   1.7146766e+00
   1.7875534e+00
   1.8801126e+00
   1.9770610e+00
   2.0254025e+00
   2.0065207e+00
   1.9594516e+00
   1.9560478e+00
   1.9903632e+00
   2.0005708e+00
   1.9708930e+00
   1.8044634e+00
   1.5083115e+00
   1.4677799e+00
   1.4713101e+00
   1.3565810e+00
   2.9808083e-01
  -4.7610155e-01
  -8.2674098e-01
  -5.2620687e-02
   7.4505103e-01
   9.4525391e-01
   1.0386749e-01
   3.5536608e-01
   7.5441873e-01
  -1.6231839e-01
  -2.3761125e+00
  -2.0361257e+00
  -1.0055625e+00
   3.1983200e-01
   1.3251941e+00
   1.9960154e+00
   2.3403122e+00
   2.4502635e+00
   2.3621798e+00
   2.5748413e+00
   1.5443141e+00
   2.6273965e+00
   1.8808105e+00
   1.1771475e+00
   9.0262347e-01
   2.1093141e+00
   2.5728251e+00
   2.2376434e+00
   1.6980510e+00
   1.1496361e+00
   7.0852343e-01
   4.3827641e-01
   3.6661246e-01
   4.3600738e-01
   5.3385076e-01
   6.2854496e-01
   6.4478383e-01
   6.3785712e-01
   6.3165424e-01
   6.3779191e-01
   6.2964366e-01
   5.7918093e-01
   4.9055961e-01
   3.0789356e-01
   1.0414012e-01
   4.6332797e-01
   8.3191805e-01
   7.7980612e-01
  -5.7836500e-01
  -6.8317328e-01
  -2.1094016e+00
  -1.1836482e+00
  -2.8750070e-01
  -3.3631506e-01
  -1.3347420e+00
  -1.4234499e-01
   5.2621713e-01
  -5.1195964e-01
  -2.8052603e+00
  -2.1982664e+00
  -1.2755410e+00
  -4.8751131e-01
   9.3605449e-02
   4.9058822e-01
   6.6580800e-01
   6.0875652e-01
   4.7061625e-01
   7.2688131e-01
  -2.9418072e-01
   1.1185914e+00
   1.8706468e+00
   1.4559244e+00
   7.8541660e-01
   1.2908664e+00
   1.1078366e+00
   7.4646872e-01
   2.2918710e-01
  -3.0140185e-01
  -6.9282979e-01
  -9.4307327e-01
  -9.9895495e-01
  -9.4012451e-01
  -8.4615278e-01
  -7.7748030e-01
  -7.6706415e-01
  -7.2756839e-01
  -6.5951252e-01
  -6.2996978e-01
  -7.0371026e-01
  -8.5003608e-01
  -1.0334909e+00
  -1.2531574e+00
  -1.3879328e+00
  -9.8251802e-01
  -3.9112180e-01
   2.8049025e-01
  -1.3532338e+00
  -9.9379247e-01
  -2.8826220e+00
  -2.2211933e+00
  -1.3565683e+00
  -1.6487072e+00
  -1.5197064e+00
   4.7500950e-01
   5.3619730e-01
  -6.8513602e-01
  -3.0081079e+00
  -2.3136640e+00
  -1.0265751e+00
  -1.3679125e+00
  -1.3570096e+00
  -1.2508662e+00
  -1.2261324e+00
  -1.3359334e+00
  -1.4156874e+00
  -1.1421525e+00
  -2.2593873e+00
  -1.1615713e+00
  -2.1662493e-01
   2.7903476e-01
   2.4651008e-02
  -3.1766403e-01
  -7.4828851e-01
  -1.0628138e+00
  -1.4112657e+00
  -1.7670060e+00
  -2.0353866e+00
  -2.1967540e+00
  -2.2632887e+00
  -2.2567408e+00
  -2.1932967e+00
  -2.1113310e+00
  -2.0046771e+00
  -1.8728571e+00
  -1.7785829e+00
  -1.7859541e+00
  -1.9454235e+00
  -2.2250216e+00
  -2.5488064e+00
  -2.8325312e+00
  -2.9191964e+00
  -2.4077821e+00
  -8.3600640e-01
  -2.6478237e-01
  -9.5792121e-01
  -4.9615750e-01
  -1.7212726e+00
  -2.7653527e+00
  -2.5722380e+00
  -2.8254275e+00
  -1.4929792e+00
   1.1356281e+00
   7.6240915e-01
  -2.8971225e-01
  -2.6921537e+00
  -2.7675886e+00
  -1.1943034e+00
  -2.7522845e+00
  -3.2284703e+00
  -3.2528098e+00
  -3.2731328e+00
  -3.3529685e+00
  -3.3212109e+00
  -3.0166092e+00
  -3.7431028e+00
  -2.9003513e+00
  -2.1866314e+00
  -1.8026527e+00
  -1.7231555e+00
  -2.0343482e+00
  -2.2539346e+00
  -2.4109287e+00
  -2.5815108e+00
  -2.7987149e+00
  -2.9789920e+00
  -3.0860472e+00
  -3.2184536e+00
  -3.2673013e+00
  -3.1947594e+00
  -3.0193989e+00
  -2.7788153e+00
  -2.5942004e+00
  -2.5182376e+00
  -2.6352232e+00
  -2.9282129e+00
  -3.3498406e+00
  -3.7824798e+00
  -4.0577502e+00
  -4.1109076e+00
  -3.5223248e+00
  -8.0280334e-01
   6.3612300e-01
   2.2035694e-01
   1.3324855e-01
  -5.0505227e-01
  -3.1431327e+00
  -3.6172121e+00
  -3.5942321e+00
  -1.5051354e+00
   1.0520800e+00
   7.5274485e-01
  -5.9982345e-02
  -1.5834366e+00
  -2.2761214e+00
  -2.0595610e+00
  -4.3923945e+00
  -4.8367376e+00
  -4.8097763e+00
  -4.7799616e+00
  -4.7980242e+00
  -4.6835265e+00
  -4.3628006e+00
  -4.7053485e+00
  -4.0618687e+00
  -3.5565300e+00
  -3.2930901e+00
  -3.1638112e+00
  -3.2117593e+00
  -3.2234602e+00
  -3.2141881e+00
  -3.2555189e+00
  -3.3909800e+00
  -3.5557408e+00
  -3.7201984e+00
  -3.9084623e+00
  -3.9825382e+00
  -3.8810308e+00
  -3.6011510e+00
  -3.2802022e+00
  -3.1057186e+00
  -3.1092751e+00
  -3.3971083e+00
  -3.8510315e+00
  -4.3684988e+00
  -4.7996240e+00
  -4.9986091e+00
  -4.9161739e+00
  -4.4563608e+00
  -3.4887269e-01
   8.4434426e-01
   8.5238677e-01
   3.7485504e-01
  -2.6958483e-01
  -3.7679160e+00
  -4.3916478e+00
  -4.0655279e+00
  -1.7106668e+00
   1.0970032e+00
   3.1609032e-01
   4.4383425e-02
  -1.0675236e+00
  -2.2549832e+00
  -3.7115996e+00
  -5.5752044e+00
  -5.9525156e+00
  -5.8211999e+00
  -5.6766825e+00
  -5.6566582e+00
  -5.5295625e+00
  -5.2200575e+00
  -5.0831674e+00
  -4.5476326e+00
  -4.1910395e+00
  -3.9877682e+00
  -3.8139045e+00
  -3.6949304e+00
  -3.5545996e+00
  -3.4427093e+00
  -3.4030727e+00
  -3.4711588e+00
  -3.6759999e+00
  -3.9584203e+00
  -4.2098479e+00
  -4.2968564e+00
  -4.1883116e+00
  -3.8860042e+00
  -3.6036003e+00
  -3.5276089e+00
  -3.7085019e+00
  -4.1849355e+00
  -4.7380919e+00
  -5.2378610e+00
  -5.5610493e+00
  -5.6194165e+00
  -5.2830780e+00
  -3.4109293e+00
   3.4198766e-01
   4.4975076e-01
   4.6313444e-01
   2.4812411e-01
  -5.1759457e-01
  -3.5504194e+00
  -4.8185252e+00
  -4.2358618e+00
  -1.6209410e+00
   1.2172162e+00
   1.9636334e-01
  -1.5580645e-01
  -1.1291938e+00
  -2.8279358e+00
  -5.5857170e+00
  -6.2861945e+00
  -6.7064544e+00
  -6.3926541e+00
  -6.0377057e+00
  -5.9924295e+00
  -5.8652933e+00
  -5.5615442e+00
  -4.9002399e+00
  -4.4028974e+00
  -4.1224928e+00
  -3.9606936e+00
  -3.7567213e+00
  -3.5438416e+00
  -3.3037744e+00
  -3.1176283e+00
  -3.0267024e+00
  -3.1401558e+00
  -3.4908767e+00
  -3.9089482e+00
  -4.2005143e+00
  -4.2970672e+00
  -4.2016373e+00
  -4.0126739e+00
  -3.9433298e+00
  -4.0980968e+00
  -4.5041761e+00
  -5.0575862e+00
  -5.5624652e+00
  -5.9183435e+00
  -6.0518909e+00
  -5.8789458e+00
  -4.9962034e+00
  -1.7712885e+00
   6.8340683e-01
   1.6199920e-01
   3.2080337e-01
   1.6192093e-01
  -8.5693038e-01
  -3.7456396e+00
  -4.9588013e+00
  -4.1294188e+00
  -1.4604836e+00
   1.9396777e+00
   2.0250715e-02
  -5.3009570e-01
  -1.6743383e+00
  -3.1454051e+00
  -5.4738336e+00
  -6.4736958e+00
  -7.3033352e+00
  -6.5996771e+00
  -5.9732456e+00
  -5.8754835e+00
  -5.7253942e+00
  -5.3913331e+00
  -4.2361155e+00
  -3.7481303e+00
  -3.4897964e+00
  -3.3946354e+00
  -3.2535577e+00
  -2.9684305e+00
  -2.6273894e+00
  -2.3815045e+00
  -2.3457556e+00
  -2.6517994e+00
  -3.2109783e+00
  -3.7442627e+00
  -4.0695810e+00
  -4.2197876e+00
  -4.2423625e+00
  -4.3110623e+00
  -4.5702963e+00
  -4.9951243e+00
  -5.4970884e+00
  -5.9353771e+00
  -6.2296314e+00
  -6.3306293e+00
  -6.1978002e+00
  -5.6911087e+00
  -4.2382908e+00
  -2.5395721e-01
   1.1356322e+00
   5.5955421e-02
   1.2992120e-01
   2.3890184e-02
  -1.1990098e+00
  -4.1354380e+00
  -4.8061466e+00
  -3.8212676e+00
  -1.3554177e+00
   1.4598885e+00
  -4.6078700e-01
  -7.1310949e-01
  -1.7633663e+00
  -3.5337574e+00
  -4.9936519e+00
  -6.1575475e+00
  -7.1430845e+00
  -5.9873719e+00
  -5.5320988e+00
  -5.3888111e+00
  -5.1879277e+00
  -4.7605219e+00
  -3.2588427e+00
  -2.7545757e+00
  -2.4979181e+00
  -2.5194182e+00
  -2.4963272e+00
  -2.1901624e+00
  -1.8150336e+00
  -1.6551800e+00
  -1.8147042e+00
  -2.3137801e+00
  -2.9924922e+00
  -3.5997298e+00
  -4.0193882e+00
  -4.3241248e+00
  -4.6046410e+00
  -4.9766946e+00
  -5.4756961e+00
  -5.9851751e+00
  -6.3844337e+00
  -6.5949745e+00
  -6.6057253e+00
  -6.4083109e+00
  -5.9523044e+00
  -5.0589375e+00
  -3.3173676e+00
   3.4679276e-01
   1.0234327e+00
  -1.6793476e-02
  -2.1912584e-01
  -2.0742328e-01
  -1.4997138e+00
  -3.9263830e+00
  -4.4154687e+00
  -3.2995844e+00
  -9.6926188e-01
   8.6970359e-01
  -6.2274247e-01
  -3.1900394e-01
  -1.2342319e+00
  -2.8860216e+00
  -4.0811710e+00
  -5.0607190e+00
  -4.5516810e+00
  -3.3262129e+00
  -4.7390184e+00
  -4.5781765e+00
  -4.3426495e+00
  -3.8238447e+00
  -2.1613642e+00
  -1.6485257e+00
  -1.4256315e+00
  -1.6045897e+00
  -1.7355147e+00
  -1.5604666e+00
  -1.3781381e+00
  -1.4627530e+00
  -1.8087767e+00
  -2.3574690e+00
  -3.0208930e+00
  -3.6574833e+00
  -4.2011249e+00
  -4.6825302e+00
  -5.1787675e+00
  -5.7031449e+00
  -6.2148541e+00
  -6.6144404e+00
  -6.8329376e+00
  -6.8301605e+00
  -6.6106648e+00
  -6.1545409e+00
  -5.3826955e+00
  -4.0702584e+00
  -1.7372848e+00
   9.0969109e-01
   4.5677808e-01
  -1.8744787e-01
  -9.8567867e-01
  -7.7087204e-01
  -1.6080793e+00
  -3.5702052e+00
  -3.9743395e+00
  -2.7431745e+00
  -4.9393776e-01
   7.6290421e-01
  -6.3039205e-01
  -2.5707381e-01
  -7.6516162e-01
  -1.9717271e+00
  -2.8650457e+00
  -2.6740116e+00
  -1.0793540e+00
  -2.2786387e+00
  -3.7056496e+00
  -3.4600267e+00
  -3.2594299e+00
  -2.7293421e+00
  -1.0615336e+00
  -5.8619306e-01
  -4.4053304e-01
  -8.8000464e-01
  -1.3092329e+00
  -1.4783286e+00
  -1.6859002e+00
  -2.0386995e+00
  -2.4535471e+00
  -2.9231977e+00
  -3.4576358e+00
  -4.0096557e+00
  -4.5485165e+00
  -5.0606917e+00
  -5.5648740e+00
  -6.0283731e+00
  -6.4114717e+00
  -6.6695317e+00
  -6.7377524e+00
  -6.5811676e+00
  -6.1944469e+00
  -5.5422548e+00
  -4.5348881e+00
  -2.8713168e+00
  -5.4350379e-01
   1.6446239e+00
   1.1753473e+00
  -1.9380857e-01
  -1.8030233e+00
  -1.8112808e+00
  -1.6874233e+00
  -3.6776824e+00
  -3.4724624e+00
  -2.2742511e+00
   1.8563859e-01
   8.5031413e-01
  -6.3891862e-01
  -5.5753228e-01
  -7.8318791e-01
  -1.7102473e+00
  -1.6335529e+00
  -2.2303453e-01
   1.1722812e+00
  -9.9607760e-01
  -2.1301018e+00
  -2.1660169e+00
  -2.0411917e+00
  -1.5830494e+00
  -2.7442394e-02
   3.1399109e-01
   3.6522906e-01
  -4.2329689e-01
  -1.3211354e+00
  -1.9602774e+00
  -2.5864219e+00
  -3.1593430e+00
  -3.5977270e+00
  -3.9658596e+00
  -4.3169463e+00
  -4.6631678e+00
  -5.0253728e+00
  -5.3875216e+00
  -5.7146605e+00
  -6.0042504e+00
  -6.2137784e+00
  -6.2899436e+00
  -6.1717171e+00
  -5.8470548e+00
  -5.3354972e+00
  -4.5716861e+00
  -3.3917935e+00
  -1.5071108e+00
   7.2212808e-01
   2.1988255e+00
   1.7450212e+00
  -7.7149992e-02
  -1.3508458e+00
  -2.1305853e+00
  -2.5532958e+00
  -4.1614106e+00
  -2.8157686e+00
  -1.4964703e+00
   3.4956991e-01
   6.4185134e-01
  -7.4083643e-01
  -1.4129860e+00
  -2.2219623e+00
  -2.6449803e+00
  -8.0192654e-01
   1.1785984e+00
   1.7145754e+00
  -5.3641799e-01
  -1.7635485e-01
  -9.1100501e-01
  -8.2421528e-01
  -4.4929260e-01
   1.0270345e+00
   1.0594370e+00
   8.7612116e-01
  -2.9727790e-01
  -1.6261076e+00
  -2.6987939e+00
  -3.6713533e+00
  -4.4439044e+00
  -4.9561691e+00
  -5.2873998e+00
  -5.5120187e+00
  -5.6660571e+00
  -5.7996106e+00
  -5.9197760e+00
  -5.9891944e+00
  -6.0152130e+00
  -5.9667869e+00
  -5.7792630e+00
  -5.4328246e+00
  -4.9254065e+00
  -4.2609448e+00
  -3.3480577e+00
  -2.0006778e+00
  -9.7309746e-02
   2.1362140e+00
   3.0317061e+00
   9.4304407e-01
  -1.4937385e-03
  -8.6640906e-01
  -1.7481396e+00
  -3.5605602e+00
  -3.4101670e+00
  -1.7776841e+00
   2.9988412e-03
   1.1201794e+00
   3.9844567e-01
  -5.6987482e-01
  -2.5573130e+00
  -6.0542698e+00
  -4.6534848e+00
  -4.0060917e-01
   1.5559046e+00
   1.6105589e+00
   1.1259660e-02
   7.0870198e-02
   5.7769978e-01
   5.0898939e-01
   6.7847180e-01
   2.4112589e+00
   2.1252096e+00
   1.4647165e+00
  -4.1624014e-01
  -2.0495799e+00
  -3.3246370e+00
  -4.4374146e+00
  -5.3217295e+00
  -5.9075811e+00
  -6.2616036e+00
  -6.4487960e+00
  -6.4894344e+00
  -6.4304406e+00
  -6.2957427e+00
  -6.0736048e+00
  -5.7871807e+00
  -5.4507058e+00
  -5.0721501e+00
  -4.6323995e+00
  -4.0814586e+00
  -3.3879944e+00
  -2.4693818e+00
  -1.1580506e+00
   5.5667763e-01
   2.6169798e+00
   2.3012814e+00
  -7.5389883e-02
  -4.5110593e-01
  -8.1490495e-01
  -1.4656187e+00
  -2.7964095e+00
  -2.0211236e+00
  -2.9287239e-01
   1.3998052e-01
   5.1093584e-01
   9.9601883e-03
  -3.2071846e-01
  -2.4613633e+00
  -6.6326763e+00
  -5.3365949e+00
  -4.7633836e-01
   1.3493236e+00
   1.4351068e+00
   5.7259630e-01
  -1.4061561e-01
   1.1290734e+00
   1.7424269e+00
   1.8175544e+00
   3.5533245e+00
   1.3212293e+00
   7.5151637e-01
  -8.4350910e-01
  -2.4901440e+00
  -3.6269966e+00
  -4.5845398e+00
  -5.3547080e+00
  -5.8718560e+00
  -6.1872499e+00
  -6.3553578e+00
  -6.3845055e+00
  -6.2874634e+00
  -6.0758946e+00
  -5.7362511e+00
  -5.3103498e+00
  -4.8185486e+00
  -4.3006267e+00
  -3.7998967e+00
  -3.2807563e+00
  -2.6719948e+00
  -1.8964547e+00
  -8.8456537e-01
   2.7716085e-01
   1.4938547e+00
   1.3819173e+00
  -4.4415770e-01
  -8.5501136e-01
  -1.3115102e+00
  -1.8399081e+00
  -1.6207650e+00
  -4.0735890e-01
   5.3096753e-01
  -2.6718381e-01
  -7.4488147e-02
  -2.9797363e-01
  -3.0917943e-02
  -2.3568112e+00
  -6.6494786e+00
  -5.9814875e+00
  -8.6350389e-01
   8.7052687e-01
   1.3216379e+00
   4.3233005e-01
  -1.0843115e-01
   1.3437317e+00
   2.8308343e+00
   2.8545100e+00
   1.7041600e+00
   6.0136032e-01
   2.8462855e-02
  -1.2223763e+00
  -2.9914708e+00
  -4.0543633e+00
  -4.9086862e+00
  -5.5382767e+00
  -5.9052181e+00
  -6.0588179e+00
  -6.0800562e+00
  -5.9932165e+00
  -5.8039412e+00
  -5.5181646e+00
  -5.1206093e+00
  -4.6181817e+00
  -4.0065470e+00
  -3.2924976e+00
  -2.5630267e+00
  -1.9356468e+00
  -1.5056829e+00
  -1.2620633e+00
  -1.0675687e+00
  -7.5738543e-01
  -6.5541774e-01
  -3.8702357e-01
  -1.1657994e+00
  -1.7160821e+00
  -3.0383532e+00
  -2.8631816e+00
  -6.7134225e-01
   8.3789659e-01
   6.5839553e-01
  -7.0280910e-01
  -6.3817191e-01
  -7.3650628e-01
  -1.7000099e-01
  -2.3426266e+00
  -6.0447736e+00
  -6.0038381e+00
  -1.2959466e+00
   1.4200813e-01
   1.0694311e+00
   2.9534253e-01
  -2.9767555e-01
   1.3053924e+00
   3.4031756e+00
   3.5912361e+00
   1.4939165e+00
   2.3339584e-01
  -3.2617736e-01
  -1.7261376e+00
  -3.5683417e+00
  -4.7623305e+00
  -5.7234163e+00
  -6.3725858e+00
  -6.7299237e+00
  -6.8453298e+00
  -6.7934079e+00
  -6.6112337e+00
  -6.3067274e+00
  -5.8809643e+00
  -5.3328190e+00
  -4.6604457e+00
  -3.9031055e+00
  -3.0799685e+00
  -2.2049501e+00
  -1.4076953e+00
  -1.0049764e+00
  -1.1891659e+00
  -1.8028817e+00
  -2.3024788e+00
  -2.9933050e+00
  -3.0715787e+00
  -3.6563621e+00
  -5.0145407e+00
  -4.5846605e+00
  -2.7522612e+00
  -3.9085281e-01
   1.5363194e+00
   3.4957010e-01
  -8.3206660e-01
  -1.1472799e+00
  -1.8376849e+00
  -1.2814254e+00
  -2.3553770e+00
  -3.4995117e+00
  -3.4712334e+00
  -1.6718951e+00
  -6.4601386e-01
   8.6124444e-01
   6.3323998e-01
  -5.0935960e-01
   9.6498668e-01
   3.4548223e+00
   3.6237624e+00
   1.4108751e+00
   1.9787383e-01
  -7.9611665e-01
  -2.3778062e+00
  -4.0100207e+00
  -5.3713579e+00
  -6.4769859e+00
  -7.1924896e+00
  -7.6201754e+00
  -7.8236694e+00
  -7.8670840e+00
  -7.7934165e+00
  -7.6130204e+00
  -7.3031373e+00
  -6.8367662e+00
  -6.1856542e+00
  -5.3587413e+00
  -4.3843231e+00
  -3.3210902e+00
  -2.2839215e+00
  -1.5927753e+00
  -1.4909697e+00
  -2.2724514e+00
  -3.5239558e+00
  -4.2905660e+00
  -5.3119555e+00
  -5.4320250e+00
  -5.3094430e+00
  -4.5669742e+00
  -2.8817756e+00
  -8.3912027e-01
   1.6873678e+00
   1.0957447e-01
  -7.1326101e-01
  -1.3456602e+00
  -3.0498765e+00
  -2.7886889e+00
  -2.0500491e+00
  -9.4006902e-01
  -1.5394839e+00
  -1.9247321e+00
  -1.2368841e+00
   9.1962457e-01
   1.4676243e+00
   4.1491103e-01
   1.1037060e+00
   3.3673949e+00
   3.3456042e+00
   8.3146249e-01
  -6.1609399e-02
  -1.7765707e+00
  -3.0726664e+00
  -4.2584317e+00
  -5.6862801e+00
  -6.8468084e+00
  -7.5744853e+00
  -8.0072341e+00
  -8.2344508e+00
  -8.3146186e+00
  -8.2900415e+00
  -8.1802802e+00
  -7.9683847e+00
  -7.6301927e+00
  -7.1404046e+00
  -6.4532584e+00
  -5.5308517e+00
  -4.4181879e+00
  -3.2594428e+00
  -2.2484700e+00
  -1.3040074e+00
  -1.0660866e+00
  -3.3540508e+00
  -4.8635014e+00
  -5.8187703e+00
  -5.7419189e+00
  -5.4182790e+00
  -4.6729935e+00
  -3.4681928e+00
  -1.8540876e+00
   1.0832203e+00
  -2.7949681e-01
  -1.4043003e+00
  -1.6810415e+00
  -4.2889798e+00
  -3.9530997e+00
  -2.4495098e+00
  -2.0590536e-01
  -1.1365187e+00
  -2.4753031e+00
  -1.7266332e+00
   4.5173078e-01
   1.1099069e+00
   6.7222194e-01
   1.0793211e+00
   2.8707227e+00
   2.0035654e+00
   2.2878361e-01
  -1.4694015e+00
  -3.6928592e+00
  -3.5987716e+00
  -4.3397488e+00
  -5.7039459e+00
  -6.8080470e+00
  -7.4923406e+00
  -7.9183569e+00
  -8.1765728e+00
  -8.2977056e+00
  -8.3114586e+00
  -8.2359419e+00
  -8.0545530e+00
  -7.7526617e+00
  -7.3307639e+00
  -6.7632786e+00
  -5.9976628e+00
  -4.9800094e+00
  -3.7808955e+00
  -2.4837028e+00
  -9.7931409e-01
   7.3427102e-02
  -2.3711607e+00
  -5.0572184e+00
  -5.7138274e+00
  -5.7180312e+00
  -5.4812949e+00
  -4.9559544e+00
  -4.1862292e+00
  -3.0445214e+00
  -4.4540558e-01
  -8.6871804e-01
  -3.5953410e+00
  -1.9063599e+00
  -4.2467045e+00
  -5.1344975e+00
  -4.3165292e+00
  -1.7989788e+00
  -2.3706479e+00
  -3.4703248e+00
  -2.1583974e+00
   4.0269644e-01
   1.6616822e+00
   1.0689782e+00
   9.6678079e-01
   1.8310106e+00
   1.1233122e+00
  -5.3820878e-01
  -3.1698806e+00
  -4.3114777e+00
  -3.6539831e+00
  -4.2167892e+00
  -5.4107323e+00
  -6.3913312e+00
  -7.0136676e+00
  -7.4346905e+00
  -7.7282639e+00
  -7.9092231e+00
  -7.9962435e+00
  -8.0012646e+00
  -7.9075603e+00
  -7.7026730e+00
  -7.3828835e+00
  -6.9075909e+00
  -6.2236238e+00
  -5.2644968e+00
  -3.9782810e+00
  -2.2971406e+00
  -4.8575309e-01
   5.6513005e-01
  -1.9505564e+00
  -4.9681878e+00
  -5.5073643e+00
  -5.5708661e+00
  -5.4732299e+00
  -5.1936560e+00
  -4.7600899e+00
  -4.0524554e+00
  -2.2070107e+00
  -1.0211864e+00
  -4.2389741e+00
  -2.7153661e+00
  -4.4105825e+00
  -6.4421105e+00
  -6.8928189e+00
  -6.8269243e+00
  -6.4258790e+00
  -4.7005901e+00
  -2.6536360e+00
   5.0701642e-01
   2.7999680e+00
   1.6937335e+00
   9.1341293e-01
   1.2919433e+00
   6.9762379e-01
  -1.0097455e+00
  -2.7185082e+00
  -3.9778509e+00
  -3.4829381e+00
  -3.8787405e+00
  -4.8303776e+00
  -5.6674194e+00
  -6.2676449e+00
  -6.7044744e+00
  -7.0093603e+00
  -7.2273684e+00
  -7.3682594e+00
  -7.4492836e+00
  -7.4521365e+00
  -7.3544245e+00
  -7.1527095e+00
  -6.8138638e+00
  -6.2453151e+00
  -5.3274899e+00
  -3.9568629e+00
  -1.9084833e+00
   7.6073013e-02
   5.7533181e-01
  -2.2779264e+00
  -4.7352624e+00
  -5.1037765e+00
  -5.2259083e+00
  -5.2966976e+00
  -5.2543426e+00
  -5.0951319e+00
  -4.7390804e+00
  -3.6884863e+00
  -1.3258361e+00
  -3.9725804e+00
  -5.2656975e+00
  -6.1326995e+00
  -6.8761463e+00
  -7.9757743e+00
  -9.4240780e+00
  -7.9664683e+00
  -5.0334220e+00
  -3.1019793e+00
   4.5729318e-01
   3.7131052e+00
   2.2958298e+00
   1.0373214e+00
   9.6344650e-01
   2.7668595e-01
  -9.6557993e-01
  -2.1821656e+00
  -3.6183360e+00
  -3.1970171e+00
  -3.4027167e+00
  -4.0238132e+00
  -4.7130736e+00
  -5.3772987e+00
  -5.9252689e+00
  -6.2818062e+00
  -6.5258214e+00
  -6.6686074e+00
  -6.7470476e+00
  -6.7845170e+00
  -6.7630950e+00
  -6.6650206e+00
  -6.4527733e+00
  -5.9993031e+00
  -5.1255878e+00
  -3.6623536e+00
  -1.3609416e+00
   6.1308406e-01
   4.0317340e-01
  -2.8768364e+00
  -4.2001061e+00
  -4.3230390e+00
  -4.5476212e+00
  -4.8590368e+00
  -5.0575699e+00
  -5.1293768e+00
  -4.9720615e+00
  -4.4057874e+00
  -2.2943270e+00
  -3.1913048e+00
  -6.6155569e+00
  -7.1857625e+00
  -6.6914574e+00
  -7.4044591e+00
  -8.3369760e+00
  -6.8443524e+00
  -4.9379295e+00
  -3.3741039e+00
  -2.6289901e-01
   2.6375536e+00
   1.8384608e+00
   1.5284598e+00
   6.3543014e-01
   2.8981754e-01
  -8.9149214e-02
  -9.9247408e-01
  -2.2299178e+00
  -2.8842707e+00
  -2.9057035e+00
  -3.1354518e+00
  -3.6274529e+00
  -4.3244257e+00
  -5.0418310e+00
  -5.5558138e+00
  -5.9098039e+00
  -6.1001577e+00
  -6.1443653e+00
  -6.1125913e+00
  -6.0720224e+00
  -6.0196886e+00
  -5.9089956e+00
  -5.5872412e+00
  -4.7747068e+00
  -3.2033720e+00
  -7.1515161e-01
   9.0784258e-01
   1.0395675e-01
  -3.0611007e+00
  -3.3103905e+00
  -2.9784904e+00
  -3.3861799e+00
  -4.0462594e+00
  -4.4832416e+00
  -4.7752409e+00
  -4.8584480e+00
  -4.4387131e+00
  -3.2835708e+00
  -2.3707352e+00
  -4.3709154e+00
  -6.3778596e+00
  -6.0599556e+00
  -6.5275774e+00
  -6.7671647e+00
  -5.4655032e+00
  -4.3923097e+00
  -3.2822061e+00
  -9.7261441e-01
   8.2403779e-01
   4.6600103e-01
   1.6794956e+00
   7.9369742e-01
   9.6787333e-01
   7.4946296e-01
  -5.1719165e-01
  -1.3049471e+00
  -2.4895711e+00
  -2.2960532e+00
  -2.2497056e+00
  -2.5787449e+00
  -3.1919405e+00
  -3.9689233e+00
  -4.6177793e+00
  -5.1004229e+00
  -5.3937569e+00
  -5.4734268e+00
  -5.4000611e+00
  -5.2949824e+00
  -5.2105660e+00
  -5.1165195e+00
  -4.8790064e+00
  -4.1739831e+00
  -2.5682781e+00
  -1.3283755e-01
   7.9581243e-01
  -2.6445472e-01
  -2.7571297e+00
  -2.0414357e+00
  -1.2763908e+00
  -1.8144522e+00
  -2.8096848e+00
  -3.4777699e+00
  -4.0006986e+00
  -4.3524251e+00
  -4.1967325e+00
  -3.7855253e+00
  -2.3194687e+00
  -3.2934330e+00
  -5.3059831e+00
  -5.3539438e+00
  -5.3197594e+00
  -5.1302867e+00
  -3.9452717e+00
  -3.1566985e+00
  -2.7604525e+00
  -9.2896342e-01
   1.9692668e-01
   3.5882238e-01
   1.2855421e+00
   9.6331513e-01
   1.5047628e+00
   3.3573577e-01
  -3.0074322e-01
  -1.0216657e+00
  -1.7322010e+00
  -1.2808610e+00
  -1.1732228e+00
  -1.5220795e+00
  -2.0879345e+00
  -2.8206611e+00
  -3.4919679e+00
  -4.0097337e+00
  -4.3383045e+00
  -4.4500785e+00
  -4.3946528e+00
  -4.2558160e+00
  -4.1465964e+00
  -4.0565553e+00
  -3.8833067e+00
  -3.2966375e+00
  -1.7420428e+00
   6.4932430e-01
   7.5604391e-01
  -6.1165553e-01
  -1.8027309e+00
  -4.6526805e-01
   4.4950441e-01
  -2.1342950e-01
  -1.2516630e+00
  -2.0732512e+00
  -2.8528831e+00
  -3.5197253e+00
  -3.7295139e+00
  -3.9877462e+00
  -4.5147924e+00
  -3.8190122e+00
  -4.0398879e+00
  -4.2891994e+00
  -3.8670280e+00
  -3.5344181e+00
  -2.3054442e+00
  -1.2964716e+00
  -7.3521519e-01
   3.8370550e-01
   1.9674991e-01
   1.2097251e+00
   4.1599628e-01
   1.1269506e-01
   1.3017210e+00
  -4.4727543e-01
  -1.1426839e-01
  -6.0017776e-01
  -3.7202871e-01
   2.5973225e-01
   1.8644409e-01
  -3.2801780e-01
  -9.0057409e-01
  -1.5570396e+00
  -2.1765680e+00
  -2.6382725e+00
  -2.8871391e+00
  -2.9570746e+00
  -2.9005635e+00
  -2.7588975e+00
  -2.6532435e+00
  -2.6094213e+00
  -2.5224195e+00
  -2.1245816e+00
  -7.3964792e-01
   8.5463279e-01
   7.4207306e-01
  -1.0862887e+00
  -1.1718549e+00
   4.3179411e-01
   6.3586706e-01
   8.8589412e-01
   4.5710945e-01
  -2.2964537e-01
  -1.2467763e+00
  -2.2934752e+00
  -2.9702594e+00
  -3.2749434e+00
  -4.1168871e+00
  -4.0585585e+00
  -2.2623389e+00
  -2.4397514e+00
  -1.8495343e+00
  -1.4023006e+00
  -7.8165048e-01
  -3.0836970e-01
   4.0156323e-01
   9.8579699e-01
   1.0005296e+00
   3.4270277e+00
   1.2230222e+00
   3.4073943e-01
   6.6540277e-01
  -7.8542195e-01
  -3.8046398e-01
   4.3982538e-02
   1.2224872e+00
   1.6070834e+00
   1.2475547e+00
   6.0021547e-01
   5.2108984e-02
  -4.3699482e-01
  -8.9062607e-01
  -1.2301216e+00
  -1.3790416e+00
  -1.3838541e+00
  -1.2973545e+00
  -1.1569839e+00
  -1.0732788e+00
  -1.0888466e+00
  -1.1192595e+00
  -9.5641303e-01
   1.1907371e-01
   9.7397750e-01
   6.3385669e-01
  -1.9455583e+00
  -8.3173435e-01
   3.9440107e-01
   4.8625004e-01
   8.2440357e-01
   1.5757154e+00
   1.3807835e+00
   3.4737053e-01
  -9.1821974e-01
  -2.0342618e+00
  -1.7360037e+00
  -1.1367214e+00
  -8.3355891e-01
  -1.0315566e-01
  -4.9270824e-01
  -6.3753489e-01
  -5.3356388e-01
  -1.8638683e-02
  -4.2184940e-01
  -5.9637692e-03
   1.5519747e-01
   1.2218226e+00
   1.1952492e+00
   1.8639913e+00
   1.1019729e+00
   1.1518783e-01
  -6.6804224e-01
  -7.2629863e-01
   4.5354202e-01
   2.3141367e+00
   2.0333428e+00
   1.6123326e+00
   1.0951538e+00
   7.6916140e-01
   5.4635185e-01
   3.4471446e-01
   2.1049981e-01
   1.8125069e-01
   2.4617085e-01
   3.6327204e-01
   4.9186578e-01
   5.5408907e-01
   4.9689364e-01
   3.5161528e-01
   2.5453147e-01
   7.1577525e-01
   1.0729984e+00
   4.1223419e-01
  -1.4533081e+00
  -1.2872171e-01
   4.2853221e-01
   6.4515132e-01
   5.7675862e-01
   1.4983308e+00
   2.1962774e+00
   1.6166898e+00
   4.5857602e-01
  -8.6554426e-01
  -1.1505278e+00
  -1.8901953e-01
   2.8702807e-01
   1.4896251e+00
   9.2533416e-01
   3.1437790e-01
  -5.0924532e-02
   1.9989856e-02
  -4.9386293e-02
  -1.1823244e-01
   1.1714070e+00
   7.4148327e-01
  -7.5466044e-02
   1.8775088e-01
   8.7511820e-01
   6.9611031e-01
   6.9472384e-01
  -3.4162471e-01
   5.2847558e-01
   1.4972661e+00
   1.1038382e+00
   1.0224980e+00
   1.0072494e+00
   1.1471850e+00
   1.2984781e+00
   1.3928890e+00
   1.4952039e+00
   1.6261027e+00
   1.7851634e+00
   1.9424434e+00
   2.0509357e+00
   2.0964332e+00
   2.0298576e+00
   1.7945607e+00
   1.4726233e+00
   1.1731905e+00
   9.5330811e-01
   9.1043186e-01
  -3.0185866e-01
   3.7669692e-02
   2.3319985e-01
   5.6782615e-01
   7.0564938e-01
   7.8514898e-01
   1.2358350e+00
   1.4898539e+00
   1.5305889e+00
   6.2637860e-01
   3.7888303e-01
   4.8173594e-01
   4.1250715e-01
   1.3945410e+00
   1.5520740e+00
   9.2911708e-01
   1.0128129e+00
   1.0428282e+00
   1.5948086e+00
   1.6926942e+00
   1.7038136e+00
   7.8821570e-01
  -2.5691092e-02
   4.1343617e-01
   1.0324045e+00
   1.0861487e+00
   1.0084417e+00
   9.0168700e-02
   5.3774506e-01
   1.0832032e+00
   4.3501347e-02
  -2.2802752e-01
   4.5203999e-01
   1.1374303e+00
   1.6959206e+00
   2.1649258e+00
   2.5523238e+00
   2.8529181e+00
   3.0880067e+00
   3.2791824e+00
   3.3891866e+00
   3.4199698e+00
   3.3378098e+00
   3.0378256e+00
   2.5557210e+00
   1.7136399e+00
   5.5895978e-01
   1.3755698e+00
   2.5309132e-02
  -2.4239457e-01
  -6.6691473e-02
   3.3191970e-01
   7.1987057e-01
   1.0049527e+00
   6.7757988e-01
   1.0151449e+00
   1.7717395e+00
   1.8391287e+00
   1.6354579e+00
   8.1019819e-01
   4.7230396e-01
   7.5321978e-01
   2.1682575e+00
   2.0211210e+00
   2.2811468e+00
   2.6916928e+00
   3.1373541e+00
   3.1554968e+00
   1.9974295e+00
   7.9221910e-01
   4.9303409e-01
  -3.3895874e-01
   9.0339243e-01
   1.1666588e+00
   6.2052925e-01
   1.3068207e-01
   4.4935944e-01
   1.4772630e+00
   5.8514137e-01
  -1.4267250e+00
  -2.6610661e-01
   8.7654136e-01
   1.7853740e+00
   2.6041537e+00
   3.2635852e+00
   3.7419748e+00
   4.0727387e+00
   4.2833648e+00
   4.4025593e+00
   4.3875885e+00
   4.1947599e+00
   3.8277521e+00
   3.3042864e+00
   2.4673727e+00
   5.0986874e-01
   1.7138872e+00
  -3.0929951e-01
  -6.2674864e-01
  -2.4887617e-01
   1.5309038e-01
   4.8171660e-01
   7.7963928e-01
   9.0571045e-01
   1.0125477e+00
   1.9849638e+00
   2.7909342e+00
   1.3271370e+00
   6.5536602e-01
   4.9476972e-01
   1.0474842e+00
   1.4325091e+00
   2.7080403e+00
   2.9760941e+00
   3.4317521e+00
   3.7897908e+00
   3.3679673e+00
   2.3743973e+00
   6.4706858e-01
   5.9579880e-01
   1.1139810e+00
   5.9442176e-01
   1.0986949e+00
   2.6449025e-01
   3.4197235e-01
   1.0159049e+00
   4.4570160e-01
   2.4484618e+00
  -4.5796019e-01
  -2.9828966e-01
   8.0632240e-01
   1.7772644e+00
   2.6747446e+00
   3.3933523e+00
   3.9476008e+00
   4.3220134e+00
   4.5234561e+00
   4.5918527e+00
   4.5237937e+00
   4.2317405e+00
   3.7902431e+00
   3.2879057e+00
   2.3855085e+00
  -1.8550599e-01
   1.8371354e+00
  -1.0607851e+00
  -9.0647215e-01
  -2.6384044e-01
   9.7065240e-02
   3.6626637e-01
   4.7166577e-01
   4.0196216e-01
   7.9020452e-01
   1.6895330e+00
   2.3730583e+00
   1.1531111e+00
   9.7074318e-01
   1.2656536e+00
   1.3545618e+00
   1.1697881e+00
   1.3942946e+00
   1.5424367e+00
   1.9757061e+00
   2.1941602e+00
   1.3373430e+00
   5.3504425e-01
   3.4855399e-01
   5.8363193e-01
   2.7212545e-01
   8.8061416e-01
   4.4629115e-01
   3.5987288e-01
   2.5125137e-01
   3.4992781e-01
  -1.9916923e-01
   1.8503819e+00
   1.5086958e+00
   1.1606669e-01
   8.6726594e-01
   1.7548934e+00
   2.3807793e+00
   2.9463460e+00
   3.3191059e+00
   3.4869246e+00
   3.6147118e+00
   3.6358452e+00
   3.4627576e+00
   3.2067227e+00
   2.9248216e+00
   2.2739136e+00
   1.0184742e+00
  -4.0017891e-01
   1.5204939e+00
  -9.9425900e-01
  -7.0319188e-01
  -1.6801213e-01
   2.1619791e-01
   3.8472494e-01
   3.7752756e-01
   3.9168042e-01
   7.6776266e-01
   1.7008348e-01
   8.3663905e-01
   5.5215538e-01
   8.7273043e-01
   5.0555158e-01
   6.2778580e-01
   7.1104145e-01
   5.4159266e-01
   6.4636230e-01
   7.3099393e-01
   4.3791625e-01
   4.5168135e-01
   1.4334682e-01
   3.2040143e-01
   1.2809378e-02
   4.1906849e-01
   3.3560753e-01
   6.4842248e-01
   1.7841153e-01
   1.9931708e-02
   8.6806290e-02
  -3.2148552e-01
   1.0371206e+00
   2.5691791e+00
   1.1169201e+00
   9.5136702e-01
   1.2881668e+00
   1.5027248e+00
   1.5760269e+00
   1.6035384e+00
   1.6586593e+00
   1.5267617e+00
   1.2670853e+00
   1.3025964e+00
   1.0658994e+00
   9.0035576e-01
   7.2643900e-01
  -1.5288360e+00
   4.5224959e-01
   6.3050073e-01
  -8.0617893e-01
  -5.1366824e-01
   3.1657666e-02
   2.8605953e-01
   3.6278284e-01
   3.4300470e-01
   1.7529564e-01
   1.3180369e-01
  -4.1140547e-01
  -2.5165591e-01
  -9.7625971e-02
   5.0284356e-01
  -2.7004743e-02
   3.4440079e-01
   3.5443220e-01
   2.2896959e-01
   3.0969647e-01
   4.1640243e-01
   8.7893769e-02
   4.4443288e-01
  -9.1654897e-02
   2.6328858e-02
   2.5869611e-01
   3.0457053e-01
   5.2319080e-01
   7.9291195e-02
   4.4813034e-01
  -2.2598904e-01
  -2.6807803e-01
  -1.5507776e-01
   6.4582872e-01
   1.4132729e+00
  -1.8113868e-01
  -3.7763754e-01
  -4.9275365e-01
  -1.0789225e+00
  -9.8642898e-01
  -5.6890339e-01
  -3.7396643e-01
  -1.0898331e+00
  -1.4250954e+00
  -9.8919845e-01
  -1.3851804e+00
  -1.2935553e+00
  -1.9124358e+00
  -3.2884061e+00
   2.0687132e+00
  -6.6824622e-02
  -6.3242507e-01
  -2.2431621e-01
   1.8929523e-01
   3.4184241e-01
   3.9715815e-01
  -1.5099582e-02
  -1.0487255e-01
  -3.3149887e-02
  -6.1174113e-01
  -4.7948885e-01
   1.0500231e+00
   5.2582026e-01
  -1.3922362e-01
  -3.3127163e-03
   4.5049930e-01
   7.1538377e-01
   4.5094687e-01
  -3.5414100e-02
   3.9184455e-02
   7.5042069e-02
  -1.6157672e-01
   2.7298895e-01
  -3.5984975e-01
  -3.1086332e-01
  -2.0517281e-01
  -4.4783336e-01
   3.4356570e-01
   4.1337341e-02
  -4.6842808e-01
  -6.9755542e-01
  -4.6205986e-01
   2.3639275e-01
   7.8795338e-01
   3.4152530e-02
  -1.7721500e-01
   2.9639891e-01
  -1.4291207e-01
  -8.3844852e-01
  -1.3820077e+00
  -1.7448398e+00
  -1.0611871e+00
  -5.9124315e-01
  -5.0752044e-01
  -3.4376505e-01
   6.9489324e-01
   1.7692279e+00
   8.5392296e-01
  -6.7054087e-01
  -3.6224937e-01
   3.2871106e-01
   5.4980093e-01
   3.0803207e-01
  -2.7876073e-01
  -4.2148221e-01
  -1.7707437e-01
  -7.0922023e-01
  -9.4369376e-01
  -4.0910751e-01
   3.7760600e-01
   3.5776195e-01
  -2.2640683e-01
  -3.8549644e-01
  -1.2694556e-01
  -4.7225125e-02
  -6.6197939e-02
  -1.2523991e-01
   2.2076136e-02
   2.2554691e-01
   1.3556705e-01
  -1.4833835e-01
  -5.2869320e-01
  -5.6112319e-01
  -2.0930770e-01
   1.3453851e-02
  -1.5680669e-01
  -3.7749290e-01
  -5.8219469e-01
  -4.4463688e-01
  -8.0746949e-02
  -1.5366474e-01
  -4.0900478e-01
  -4.7575915e-01
  -4.4449085e-01
  -5.2118957e-01
  -5.8997941e-01
  -5.4329997e-01
  -5.6984842e-01
  -6.1502290e-01
  -7.2546703e-01
  -8.2013255e-01
  -7.0496488e-01
  -6.1192405e-01
  -8.7061155e-01
  -9.8547769e-01
  -7.2543931e-01
  -3.6295265e-01
  -2.1336523e-01
  -2.3692970e-01
  -3.7375426e-01
  -3.3278665e-01
   2.2513941e-03
   2.2321609e-01
  -2.2535916e-01
  -1.2682896e+00
  -5.8383703e-01
   1.4234598e-01
   2.5362581e-01
   1.3040410e-01
   4.5354117e-02
   3.6391433e-02
  -7.5797528e-02
  -1.7810409e-01
  -1.4070809e-01
  -1.0158912e-02
  -7.2854228e-02
  -3.9494473e-01
  -5.2325231e-01
  -4.8912796e-01
  -3.9394319e-01
  -3.4557164e-01
  -3.2521784e-01
  -2.0768356e-01
