  3.963683e-01
  3.363664e-01
  3.329889e-01
  3.296153e-01
  3.207560e-01
  3.068533e-01
  2.799726e-01
  2.537801e-01
  2.318696e-01
  2.224859e-01
  2.261797e-01
  2.367039e-01
  2.442641e-01
  2.460053e-01
  2.421996e-01
  2.364339e-01
  2.207889e-01
  2.025785e-01
  1.989114e-01
  2.124692e-01
  2.274288e-01
  2.310951e-01
  2.265881e-01
  2.224374e-01
  2.228263e-01
  2.223939e-01
  2.251128e-01
  2.329875e-01
  2.559151e-01
  2.858993e-01
  3.258320e-01
  3.664151e-01
  3.992379e-01
  4.318285e-01
  4.656373e-01
  5.530383e-01
