  -6.2773091e-01
  -1.9343337e+00
  -2.5047395e+00
  -3.0656793e+00
  -3.7676387e+00
  -3.2179751e+00
  -2.5936418e+00
  -2.7866588e+00
  -3.0653198e+00
  -3.0769854e+00
  -3.0080426e+00
  -3.0981262e+00
  -3.0214267e+00
  -2.8750360e+00
  -2.8677464e+00
  -3.1128023e+00
  -3.3622241e+00
  -3.4349644e+00
  -3.2588067e+00
  -3.2179058e+00
  -3.2378590e+00
  -3.5228817e+00
  -4.0245180e+00
  -4.3415990e+00
  -3.9606771e+00
  -4.2161574e+00
  -6.1898456e+00
  -7.6208744e+00
  -6.9099035e+00
  -5.7989292e+00
  -4.6948428e+00
  -3.7686222e+00
  -4.0488853e+00
  -4.2040777e+00
  -2.9390793e+00
  -1.0277038e+00
  -1.3310599e+00
  -5.3489262e-01
   2.3445156e-01
   1.0024341e+00
   1.3386256e+00
   1.2078105e+00
   1.1576151e+00
   1.0911195e+00
   9.6058035e-01
   1.0276761e+00
   1.1486510e+00
   1.3481636e+00
   1.4371359e+00
   1.5269916e+00
   1.5320480e+00
   1.5248880e+00
   1.4803346e+00
   1.3797617e+00
   1.3700138e+00
   1.4689734e+00
   1.7669305e+00
   1.8666158e+00
   1.6618373e+00
   1.1815145e+00
   7.2435457e-01
   1.8009214e-01
  -8.1135231e-01
  -2.3916678e+00
  -3.1868572e+00
  -4.6285849e+00
  -4.9595661e+00
  -3.9303546e+00
  -3.2364490e+00
  -4.8429894e+00
  -5.7322979e+00
  -3.9502218e+00
   2.5728309e+00
   3.2071269e+00
   3.6515341e+00
   3.8360772e+00
   3.0685558e+00
   3.7095020e+00
   3.2122273e+00
   3.0128920e+00
   2.9323153e+00
   2.7963512e+00
   2.9546440e+00
   3.2139225e+00
   3.5367782e+00
   3.8170304e+00
   4.0079751e+00
   4.1120372e+00
   4.1643777e+00
   4.1631703e+00
   4.2920961e+00
   4.2743897e+00
   4.1718926e+00
   3.9828959e+00
   4.2688150e+00
   4.1010442e+00
   3.7223732e+00
   3.3963389e+00
   3.1992354e+00
   3.0532455e+00
   2.9247541e+00
   2.7425051e+00
   2.4402461e+00
   2.4127271e+00
   2.4998024e+00
   2.3846717e+00
   2.1745729e+00
   2.1462684e+00
   5.1517725e+00
   4.8965087e+00
   4.1714115e+00
   2.4038162e+00
   1.7741637e+00
   3.4723389e+00
   3.3333492e+00
   2.6030667e+00
   2.2498307e+00
   3.2577634e+00
   3.7647195e+00
   4.0668492e+00
   4.3966627e+00
   4.7671242e+00
   5.0808477e+00
   5.3286176e+00
   5.5540128e+00
   5.6571279e+00
   5.8041658e+00
   3.5488405e+00
   4.4831386e+00
   4.9444647e+00
   5.4397850e+00
   5.7543731e+00
   5.7893267e+00
   5.7561893e+00
   5.8056498e+00
   5.9050446e+00
   5.9938636e+00
   5.9480610e+00
   5.8213296e+00
   5.7620192e+00
   5.6472864e+00
   5.5510192e+00
   5.4767818e+00
   5.5053391e+00
   2.9638648e+00
   2.1616259e+00
   1.6392154e+00
   1.2273492e+00
   1.4211556e+00
   2.8080819e+00
   3.1349559e+00
   2.8448708e+00
   2.7019444e+00
   3.7917418e+00
   3.9586325e+00
   4.0844398e+00
   4.3108511e+00
   4.6675630e+00
   5.0511761e+00
   5.4105015e+00
   5.7252388e+00
   5.8654242e+00
   5.7003393e+00
   3.1268711e+00
   3.5644648e+00
   4.4455509e+00
   5.4026890e+00
   6.0895300e+00
   6.5609713e+00
   6.9017973e+00
   7.0729079e+00
   7.0981674e+00
   6.9964824e+00
   6.6592054e+00
   6.5392704e+00
   6.7248726e+00
   6.8002949e+00
   6.9117827e+00
   6.9279146e+00
   6.6809549e+00
   2.3387406e+00
   1.5495850e+00
   1.4811800e+00
   1.1042769e+00
   1.1230912e+00
   2.3325962e+00
   2.9266087e+00
   3.3032462e+00
   3.7922094e+00
   3.6875424e+00
   3.5657243e+00
   3.5106601e+00
   3.6371562e+00
   3.9024329e+00
   4.2641137e+00
   4.6342212e+00
   4.9803069e+00
   5.1323508e+00
   4.6633731e+00
   2.2928170e+00
   1.7232966e+00
   2.8182393e+00
   4.1337931e+00
   5.2266606e+00
   6.0380681e+00
   6.5551070e+00
   6.5936488e+00
   6.1802652e+00
   5.9222974e+00
   5.5131153e+00
   5.4806282e+00
   5.9268831e+00
   6.3101419e+00
   6.5741399e+00
   6.6316790e+00
   6.0929588e+00
   1.7346029e+00
   9.6824139e-01
   9.7972262e-01
   9.2100561e-01
   1.0122259e+00
   2.4316850e+00
   2.6636145e+00
   2.7881262e+00
   3.0475783e+00
   2.9106731e+00
   2.7064493e+00
   2.5785260e+00
   2.5843701e+00
   2.7096157e+00
   2.9793963e+00
   3.3267972e+00
   3.6445606e+00
   3.6468797e+00
   2.9615452e+00
   1.3106487e+00
   5.6975091e-01
   6.6404277e-01
   2.5185049e+00
   3.6333909e+00
   4.5985675e+00
   5.0086870e+00
   4.5056643e+00
   3.5407045e+00
   3.8240690e+00
   3.6162353e+00
   3.8381190e+00
   4.3040752e+00
   4.8339596e+00
   5.0915217e+00
   5.0522242e+00
   4.5316200e+00
   2.1895582e+00
   1.0398092e+00
   5.5992514e-01
   2.9919513e-01
   9.3165970e-01
   2.2332726e+00
   1.8451753e+00
   1.6142423e+00
   1.5563948e+00
   1.4330804e+00
   1.2671458e+00
   1.1217257e+00
   1.0587131e+00
   1.1145906e+00
   1.2903814e+00
   1.5074984e+00
   1.6287485e+00
   1.4048989e+00
   7.8528389e-01
   7.8267384e-01
   3.9654367e-02
  -7.6549992e-01
   8.5934907e-01
   1.9843421e+00
   2.4513459e+00
   2.3320975e+00
   9.4914448e-01
   3.9140685e-01
   3.3284357e-01
   8.3111197e-01
   1.3554093e+00
   1.8398232e+00
   2.3217530e+00
   2.5004355e+00
   2.4166541e+00
   2.2299032e+00
   1.3125861e+00
   1.2056692e+00
  -2.1113452e-01
  -3.0707169e-01
   1.6649576e-01
   6.8505019e-01
   4.0175107e-01
   3.9487813e-02
  -1.2675327e-01
  -1.6148522e-01
  -2.0149541e-01
  -2.5909650e-01
  -2.8810033e-01
  -2.3569340e-01
  -1.6439952e-01
  -1.6058445e-01
  -3.0651528e-01
  -7.3074973e-01
  -1.0270990e+00
   5.7501316e-02
  -7.4942416e-01
  -1.4791663e+00
  -9.7838253e-01
   2.6780871e-01
   2.8377393e-01
  -2.5541246e-01
  -1.4259257e+00
   4.4369340e-01
  -4.1993015e-02
  -1.3883929e+00
  -7.7581894e-01
  -2.7471220e-01
  -9.2923403e-02
  -5.3017017e-02
  -1.4223167e-01
  -1.7796639e-02
  -1.3225694e+00
   2.6257253e-01
  -3.5391200e-01
  -9.6947271e-01
  -1.7550943e+00
  -1.5809168e+00
  -1.7923856e+00
  -2.0334830e+00
  -2.0735288e+00
  -1.9315497e+00
  -1.7818743e+00
  -1.6325506e+00
  -1.5637414e+00
  -1.5904210e+00
  -1.7913233e+00
  -2.1439788e+00
  -2.6569266e+00
  -3.2138462e+00
  -2.4036479e+00
   5.1606387e-01
  -7.8750902e-01
  -1.5507902e+00
  -2.8951304e+00
  -1.8734198e+00
  -2.3746746e+00
  -3.0311201e+00
  -2.6515319e+00
  -1.5983856e-01
  -8.2176983e-01
  -2.4198132e+00
  -2.5660841e+00
  -2.6497846e+00
  -2.8708844e+00
  -3.0359519e+00
  -3.1500025e+00
  -2.7575459e+00
  -2.9984202e+00
  -1.1009940e+00
  -2.5501740e-01
  -1.1233721e+00
  -2.8333471e+00
  -3.0414135e+00
  -3.1492758e+00
  -3.2326951e+00
  -3.1106558e+00
  -2.8750761e+00
  -2.6231217e+00
  -2.3542590e+00
  -2.3151574e+00
  -2.5727847e+00
  -3.0664198e+00
  -3.6865442e+00
  -4.3479643e+00
  -4.7218728e+00
  -3.2507274e+00
  -2.3284391e-01
  -7.1273798e-01
  -1.2435702e+00
  -2.8364582e+00
  -3.4269545e+00
  -4.1230998e+00
  -4.2712741e+00
  -1.2212387e+00
  -1.5086943e-01
  -1.5762184e+00
  -2.5722992e+00
  -3.2843292e+00
  -4.2047620e+00
  -4.6476431e+00
  -4.9243240e+00
  -4.9935260e+00
  -4.4245787e+00
  -4.1167555e+00
  -2.2896383e+00
  -2.4449675e-01
  -1.0338430e+00
  -3.3856733e+00
  -3.6798942e+00
  -3.6611178e+00
  -3.6187816e+00
  -3.4966483e+00
  -3.3343523e+00
  -3.1235819e+00
  -3.0177746e+00
  -3.2778423e+00
  -3.8565650e+00
  -4.5985746e+00
  -5.2782531e+00
  -5.7412024e+00
  -5.6307330e+00
  -4.1721668e+00
  -3.3864021e-01
  -4.0108669e-01
  -1.0176951e+00
  -3.4011874e+00
  -4.9296870e+00
  -5.3793144e+00
  -4.6092644e+00
  -8.9358217e-01
  -3.4109730e-01
  -1.4564694e+00
  -2.1042757e+00
  -2.9900982e+00
  -5.2887836e+00
  -5.9023566e+00
  -6.1827550e+00
  -6.1477804e+00
  -5.4894233e+00
  -4.4205756e+00
  -2.6383579e+00
  -6.2314540e-01
  -1.8675790e+00
  -3.4084051e+00
  -3.2953725e+00
  -3.1416888e+00
  -3.0877676e+00
  -3.2022362e+00
  -3.3356104e+00
  -3.4905798e+00
  -3.8788927e+00
  -4.5092320e+00
  -5.2327290e+00
  -5.9108529e+00
  -6.3248367e+00
  -6.3822241e+00
  -5.8014402e+00
  -4.1342511e+00
  -3.4953198e-01
  -1.9336466e-01
  -1.1443086e+00
  -4.2779074e+00
  -5.6774335e+00
  -5.6819787e+00
  -4.0152731e+00
   1.8817021e-01
  -1.9376019e-01
  -1.5809585e+00
  -1.3434187e+00
  -2.0346870e+00
  -5.6830330e+00
  -6.3685446e+00
  -6.5662832e+00
  -6.4507580e+00
  -5.7717581e+00
  -4.1157937e+00
  -2.5437090e+00
  -1.5198027e+00
  -2.2538052e+00
  -2.5090244e+00
  -2.2107143e+00
  -2.0545745e+00
  -2.2569702e+00
  -2.7667732e+00
  -3.3602664e+00
  -4.0584116e+00
  -4.8588247e+00
  -5.6046977e+00
  -6.2317863e+00
  -6.6622105e+00
  -6.7110062e+00
  -6.3333216e+00
  -5.2587433e+00
  -2.6445928e+00
  -4.6503395e-01
  -6.0815609e-01
  -1.3928185e+00
  -5.6566291e+00
  -5.7016406e+00
  -5.2470121e+00
  -3.0010042e+00
   7.8669137e-01
  -1.3066526e-01
  -1.2155559e+00
  -2.2942991e+00
  -4.2777681e+00
  -5.6765175e+00
  -6.2681990e+00
  -6.3049994e+00
  -6.1000710e+00
  -5.4009171e+00
  -3.1682081e+00
  -1.9161844e+00
  -1.1587317e+00
  -1.2446581e+00
  -1.1447911e+00
  -1.0005689e+00
  -1.1732388e+00
  -1.8129443e+00
  -2.7481747e+00
  -3.7455797e+00
  -4.7398267e+00
  -5.5840030e+00
  -6.1694946e+00
  -6.5776820e+00
  -6.7502508e+00
  -6.4926925e+00
  -5.6627078e+00
  -3.9018571e+00
  -1.1905909e+00
  -1.0696665e+00
  -1.5576476e+00
  -1.8109739e+00
  -5.1803565e+00
  -4.2831516e+00
  -4.3733110e+00
  -1.8756844e+00
   1.6587492e+00
   8.0627751e-01
  -9.5438147e-01
  -2.6242344e+00
  -4.8958721e+00
  -5.2317986e+00
  -5.6816812e+00
  -5.4003782e+00
  -4.9822559e+00
  -4.2393112e+00
  -1.7122447e+00
  -1.1035591e+00
  -5.9091812e-01
  -4.4429088e-01
  -6.8740028e-01
  -1.1796893e+00
  -1.8145416e+00
  -2.6238041e+00
  -3.5781250e+00
  -4.4694967e+00
  -5.2240009e+00
  -5.7546859e+00
  -5.9873748e+00
  -6.0137672e+00
  -5.8251348e+00
  -5.2802548e+00
  -4.0793018e+00
  -1.6230191e+00
   1.0273196e+00
  -1.8071575e+00
  -3.4526756e+00
  -2.0550208e+00
  -3.6072469e+00
  -3.9792457e+00
  -3.3730040e+00
  -8.6918527e-01
   2.0785613e+00
   1.4236566e+00
  -6.2974417e-01
  -2.6408074e+00
  -3.9945881e+00
  -4.4236431e+00
  -4.8650804e+00
  -4.1388340e+00
  -3.2931454e+00
  -2.4705906e+00
  -2.7930558e-01
  -2.5827384e-01
  -9.3773824e-01
  -7.8591937e-01
  -1.6687348e+00
  -2.7829828e+00
  -3.7095211e+00
  -4.5166349e+00
  -5.2494254e+00
  -5.7828512e+00
  -6.1095896e+00
  -6.2060771e+00
  -6.0578423e+00
  -5.6878924e+00
  -5.0371766e+00
  -4.0933466e+00
  -2.5706801e+00
   1.7803630e-01
   1.8422511e+00
  -2.0771220e+00
  -5.5935807e+00
  -3.2495205e+00
  -4.4267874e+00
  -4.2843714e+00
  -2.3915029e+00
  -3.3461161e-02
   2.1646645e+00
   1.2902266e+00
  -2.9374006e-01
  -3.2404668e+00
  -2.9481840e+00
  -3.4070034e+00
  -3.6214719e+00
  -2.8971822e+00
  -2.0905554e+00
  -1.2681179e+00
   1.9673028e-01
  -1.1161018e-01
  -1.4147355e+00
  -1.8187578e+00
  -3.1125268e+00
  -4.4438066e+00
  -5.4084442e+00
  -6.1542013e+00
  -6.7270819e+00
  -7.0400673e+00
  -7.0888091e+00
  -6.8742930e+00
  -6.4949333e+00
  -5.9579294e+00
  -5.1470407e+00
  -4.0843067e+00
  -2.5394008e+00
   2.4400771e-01
   1.3593500e+00
  -1.7659860e+00
  -6.3348772e+00
  -6.3001892e+00
  -6.5919568e+00
  -3.3877033e+00
  -1.1411035e+00
   9.8694074e-01
   2.4853494e+00
   1.4036643e+00
  -8.8652772e-02
  -2.3744456e+00
  -1.8578162e+00
  -2.0290694e+00
  -1.5150147e+00
  -1.6983343e+00
  -1.4529863e+00
  -8.5924699e-01
   2.2764865e-01
  -1.3915296e-01
  -1.3520741e+00
  -2.6191951e+00
  -3.8242760e+00
  -4.8716773e+00
  -5.5442870e+00
  -6.0493348e+00
  -6.4992749e+00
  -6.7994119e+00
  -6.8907725e+00
  -6.7410838e+00
  -6.4377529e+00
  -6.0638888e+00
  -5.4806045e+00
  -4.6775550e+00
  -3.7568384e+00
  -2.0229130e+00
   9.2398793e-01
  -1.2047217e+00
  -4.0516534e+00
  -6.3985931e+00
  -4.9106068e+00
  -1.2072035e+00
   1.2327062e+00
   2.9220201e+00
   1.9409077e+00
   1.2339110e+00
   2.0234140e-01
  -1.1858629e+00
  -4.8372889e-01
  -9.8906446e-02
   3.2819681e-01
  -6.4175878e-01
  -3.1758665e-01
  -2.1752644e-01
  -3.5378456e-02
  -7.1858811e-01
  -1.8538957e+00
  -2.8540392e+00
  -3.8201160e+00
  -4.5718927e+00
  -4.9923120e+00
  -5.2570748e+00
  -5.5169835e+00
  -5.7193170e+00
  -5.7794957e+00
  -5.6337724e+00
  -5.3813319e+00
  -5.2545195e+00
  -5.3056126e+00
  -5.3198586e+00
  -5.2934585e+00
  -4.8322616e+00
  -9.5134652e-01
  -1.7865121e+00
  -5.1249704e+00
  -5.6117244e+00
  -3.4074457e+00
   9.1393793e-01
   2.2488542e+00
   1.5985084e+00
   1.5322205e+00
   9.4061333e-01
   4.3891460e-01
  -1.7032757e-01
   5.0218201e-01
   1.4752055e+00
   1.2822233e+00
   1.6844112e-01
   1.1118572e+00
   9.2890278e-02
  -1.8220323e-01
  -1.5276314e+00
  -2.7546070e+00
  -3.3063014e+00
  -4.1984901e+00
  -4.9598498e+00
  -5.3970580e+00
  -5.5793777e+00
  -5.6255736e+00
  -5.5988479e+00
  -5.4843903e+00
  -5.2349982e+00
  -4.9416976e+00
  -4.7558718e+00
  -4.8640847e+00
  -5.3176494e+00
  -5.8962164e+00
  -6.7052641e+00
  -5.4652209e+00
  -3.4480596e+00
  -6.8358660e+00
  -5.2773662e+00
  -2.6525068e+00
   2.0298185e+00
   2.1078618e+00
   1.0585858e+00
   1.1036739e+00
   6.7646337e-01
   5.4330766e-01
   4.6707845e-01
   6.9104654e-01
   2.6682014e+00
   2.7744544e+00
   7.8416544e-01
   1.2704846e+00
   1.0291106e-01
  -3.5061243e-01
  -1.9183030e+00
  -3.6552663e+00
  -4.1714373e+00
  -5.1754332e+00
  -6.0539389e+00
  -6.5892653e+00
  -6.8534894e+00
  -6.9422665e+00
  -6.9027739e+00
  -6.7844620e+00
  -6.4926867e+00
  -6.0498967e+00
  -5.5533066e+00
  -4.8908377e+00
  -3.8589015e+00
  -3.5256534e+00
  -6.5934329e+00
  -8.3950319e+00
  -8.2830563e+00
  -6.9567661e+00
  -5.7680788e+00
  -3.2615356e+00
   1.3718050e+00
   2.0587106e+00
   6.5747964e-01
   5.3429037e-01
   1.4067727e-01
   6.0667115e-01
   5.8209693e-01
   5.8247781e-01
   3.4900463e+00
   3.5570116e+00
   1.0411816e+00
   3.3515859e-01
   1.2979464e-01
  -6.3138884e-01
  -2.3481488e+00
  -2.9733188e+00
  -4.9960222e+00
  -6.2015715e+00
  -6.9363275e+00
  -7.3226342e+00
  -7.4972901e+00
  -7.5661912e+00
  -7.6179647e+00
  -7.6712475e+00
  -7.5527592e+00
  -7.1008224e+00
  -6.2094536e+00
  -4.5741820e+00
  -1.9471860e+00
   4.4652778e-01
  -4.6536427e+00
  -7.4275451e+00
  -8.2009573e+00
  -7.2672763e+00
  -6.3810415e+00
  -4.5445547e+00
  -1.6508153e-01
   2.0577824e+00
   4.4057035e-01
   5.1626395e-02
  -3.2533944e-01
   4.9020088e-01
   5.1605630e-01
   3.5615784e-01
   2.3289292e+00
   3.2480648e+00
   4.7625315e-01
   1.2253268e-01
  -4.9432057e-01
  -6.7486054e-01
  -3.2502611e+00
  -4.4980388e+00
  -5.8039150e+00
  -6.6648469e+00
  -7.1162038e+00
  -7.2507348e+00
  -7.2130041e+00
  -7.1181602e+00
  -7.1317639e+00
  -7.2835040e+00
  -7.4099984e+00
  -7.1705923e+00
  -6.2013526e+00
  -3.8127546e+00
  -5.2598715e-01
   3.2228851e-01
  -4.0716414e+00
  -5.1943831e+00
  -6.9371319e+00
  -6.6983376e+00
  -6.3374677e+00
  -5.2923126e+00
  -2.1115088e+00
  -3.2392031e-01
  -3.3831218e-01
  -8.3109009e-01
  -8.1128973e-01
   1.0999806e-01
   1.2327831e-01
   2.3050359e-01
   6.4147097e-01
   1.0011073e+00
  -4.5609981e-02
   2.2544752e-01
  -1.0574960e+00
  -7.8211659e-01
  -3.4826071e+00
  -4.8290019e+00
  -5.7119389e+00
  -6.2188563e+00
  -6.3962903e+00
  -6.3319607e+00
  -6.1531887e+00
  -5.9828053e+00
  -5.9848971e+00
  -6.1866155e+00
  -6.4845529e+00
  -6.4862757e+00
  -5.6152697e+00
  -2.7879195e+00
   8.7902099e-01
  -5.8044386e-01
  -5.4014125e+00
  -4.4830370e+00
  -5.2363448e+00
  -5.2458248e+00
  -5.4341283e+00
  -5.3313689e+00
  -3.6564898e+00
  -1.5092038e+00
  -2.1080112e+00
  -2.4966915e+00
  -2.3382905e+00
  -4.4215193e-01
   1.2519698e-01
   1.5673690e-01
   1.5115398e-01
   2.4564238e-01
   1.3406312e-01
  -1.1197902e-01
  -5.1289564e-01
  -7.9285657e-01
  -1.9646676e+00
  -3.5844250e+00
  -4.3198519e+00
  -4.5144978e+00
  -4.5152669e+00
  -4.4200106e+00
  -4.2899818e+00
  -4.2298236e+00
  -4.3504639e+00
  -4.6253958e+00
  -4.9913354e+00
  -5.1505361e+00
  -4.4128208e+00
  -1.5051304e+00
   1.5132769e+00
  -9.4072878e-01
  -3.4556043e+00
  -2.5718091e+00
  -2.8580785e+00
  -3.2587171e+00
  -3.7236865e+00
  -4.3893647e+00
  -4.0982823e+00
  -1.2849201e+00
  -3.3279445e+00
  -3.8894961e+00
  -3.0206518e+00
  -1.2087871e+00
   4.3642977e-01
   5.9600621e-02
   7.0137314e-02
   1.5378201e-01
   9.0073004e-02
   1.8494481e-01
  -1.0760444e+00
  -2.3852929e-01
  -4.0855289e-01
  -1.5968978e+00
  -1.9825294e+00
  -1.9693350e+00
  -1.9740551e+00
  -1.9871978e+00
  -2.0267682e+00
  -2.1757727e+00
  -2.4644227e+00
  -2.8757052e+00
  -3.3200150e+00
  -3.5076528e+00
  -2.7922649e+00
   3.7226889e-02
   1.2545002e+00
  -1.0560014e+00
  -5.2516997e-01
  -1.7642212e-01
  -4.4357228e-01
  -1.2669591e+00
  -1.8281230e+00
  -2.6875112e+00
  -3.5230770e+00
  -1.8012600e+00
  -2.1222656e+00
  -3.7732184e+00
  -2.2240348e+00
  -1.2502280e+00
   7.0754355e-01
  -3.0509877e-01
  -6.5398169e-01
  -4.8792314e-02
   8.7776273e-02
  -1.1534488e+00
  -1.6834016e+00
  -1.2762120e-01
  -8.7491728e-02
   7.3965645e-01
   1.2934016e+00
   1.4211593e+00
   1.2672849e+00
   1.0466620e+00
   7.9056424e-01
   4.1095093e-01
  -4.3387298e-02
  -5.4792643e-01
  -1.0287875e+00
  -1.2020527e+00
  -5.3785813e-01
   1.7682363e+00
   1.0066891e+00
   4.0017679e-02
   6.2604970e-01
   8.8981229e-01
   2.2250412e+00
   1.5688816e+00
   8.6726159e-01
  -3.9757520e-02
  -1.3969758e+00
  -1.6983856e+00
  -1.4473596e-01
  -9.6826184e-01
  -6.5023400e-02
   1.2889073e+00
   9.8070276e-01
  -4.7038713e-01
  -6.9326484e-01
   2.5271803e-01
  -4.2121175e-01
  -2.1889411e-01
  -4.1915020e-01
   7.6488408e-01
   5.4393034e-02
   1.4018726e+00
   3.1430651e+00
   3.3130989e+00
   3.0631430e+00
   2.8472973e+00
   2.5744076e+00
   2.1516459e+00
   1.6682322e+00
   1.1727819e+00
   7.4999833e-01
   5.9374755e-01
   1.0280778e+00
   2.3247097e+00
   8.8661857e-01
   6.1533433e-01
   7.6989752e-01
   9.9603051e-01
   2.9404216e+00
   3.5158420e+00
   2.8414504e+00
   1.9871622e+00
   7.2706586e-01
   1.9278375e-01
  -2.7309495e-01
   8.6036956e-01
   1.2897666e+00
   1.0252210e+00
   4.7047311e-01
   8.2009626e-02
  -1.1932974e+00
   5.5822879e-01
   1.1140735e+00
   4.4464928e-01
   1.2876151e+00
   9.3754238e-01
   1.2085389e-01
   8.4658551e-01
   2.7685707e+00
   3.6716561e+00
   3.6604962e+00
   3.9103801e+00
   3.8031676e+00
   3.5320642e+00
   3.1457934e+00
   2.7737639e+00
   2.4761093e+00
   2.3041389e+00
   2.2591531e+00
   9.9060118e-01
   1.0643392e+00
   6.5608120e-01
   6.2405235e-01
   1.0708493e+00
   2.2751331e+00
   4.4491110e+00
   4.0362601e+00
   3.4959106e+00
   2.6924891e+00
   1.3647621e+00
   2.7789080e-01
   1.4486611e+00
   8.5444927e-01
   1.7948490e-01
   3.0304849e-01
  -4.7114655e-01
  -1.3828605e+00
   9.5671609e-02
   1.1343720e+00
   1.5112357e+00
   1.8559176e+00
   9.2619073e-01
   6.3566649e-01
   7.5134420e-01
   1.3475486e+00
   3.0176280e+00
   3.7842512e+00
   4.0897279e+00
   4.1295958e+00
   4.0067658e+00
   3.7549357e+00
   3.5418987e+00
   3.3418200e+00
   3.1776470e+00
   2.8760486e+00
   1.1782023e+00
   9.6762257e-01
   4.1918048e-01
   3.2221416e-01
   9.3687796e-01
   1.2977918e+00
   2.1715677e+00
   3.4260821e+00
   3.7478302e+00
   3.6488085e+00
   2.9450511e+00
   1.3347287e+00
   8.7250578e-01
   5.7155825e-01
   6.3479722e-01
   3.2089984e-01
   1.0445058e-01
  -5.5831630e-02
   1.2719060e-01
   5.6263680e-01
   7.6092589e-01
   8.1965792e-01
   4.2903945e-01
   3.8527302e-01
   4.3901951e-01
   7.7619684e-01
   1.9236015e+00
   2.5034840e+00
   2.8576927e+00
   3.3464084e+00
   3.3839992e+00
   3.2952528e+00
   3.2529758e+00
   3.1978243e+00
   3.0572314e+00
   2.6490864e+00
   1.0433637e+00
   8.6894327e-01
   3.1075390e-01
   4.1331772e-01
   7.8372747e-01
   9.2962874e-01
   9.0989638e-01
   1.8515315e+00
   3.1116680e+00
   3.6317776e+00
   3.4175355e+00
   1.3807989e+00
   8.2180055e-01
   6.6113138e-01
   6.4950393e-01
   4.3684266e-01
   3.8369915e-01
   3.4169926e-01
  -1.2046323e-01
   2.3247417e-02
   5.2623528e-01
   7.1459982e-01
   1.9410024e-01
   1.7323467e-01
   3.8603019e-02
   6.0258350e-01
   7.5125736e-01
   2.9264995e-01
   7.2872297e-01
   1.2206501e+00
   1.4630423e+00
   1.6136453e+00
   1.7879506e+00
   1.9739956e+00
   1.9777228e+00
   9.6258706e-01
   3.8330543e-01
   5.9489129e-01
   2.5669283e-01
   5.4890472e-01
   7.1161614e-01
   6.3921976e-01
   7.3192650e-01
   9.1704082e-01
   1.7682583e+00
   2.3841615e+00
   1.4772606e+00
   8.6588448e-01
   1.8817613e+00
   8.7986081e-01
   4.7981977e-01
   2.6958328e-01
   2.2332781e-01
   2.3149887e-01
   3.0371797e-01
   4.8470279e-01
   5.4987037e-01
   4.9343148e-01
   2.5466812e-01
   5.9693348e-01
   4.7888133e-01
   4.5998940e-01
  -7.9775918e-01
  -8.4067953e-01
  -2.8813776e-01
  -1.3672422e+00
  -1.0440352e+00
  -4.5820785e-01
  -1.2752390e-01
  -6.1612092e-03
  -5.9389085e-02
  -2.6319581e-01
   5.0436157e-01
   2.7911425e-01
   1.7980315e-01
   5.3507984e-01
   4.1722220e-01
   2.5111717e-01
   4.7296995e-01
   1.9840975e-01
   8.7716289e-02
   1.0149115e-01
   1.9758938e-01
   5.7014489e-01
   3.0115104e-01
   1.5031585e-01
   8.3149888e-02
   7.8518681e-02
   3.2726277e-02
   6.4863831e-02
   2.0605475e-02
  -1.2135317e-02
   6.7448676e-02
   1.5633754e-01
   1.5575221e-01
   2.9571137e-01
   1.0108045e-02
  -3.5492002e-01
   1.9633295e-01
   1.4737144e-01
  -5.1801097e-01
  -5.5127323e-01
  -9.7202235e-01
  -4.9489594e-01
  -5.7642752e-01
  -4.5318130e-01
  -1.6382759e-01
   2.3399703e-01
   2.7966312e-01
   1.5720369e-03
   3.3487487e-01
   2.2890113e-01
   1.1582611e-01
  -1.0002886e-01
   3.0415586e-01
  -2.4548127e-01
  -2.6530367e-01
  -5.8413172e-01
  -3.7523754e-01
  -7.8644615e-01
  -4.5877463e-01
  -2.6130393e-01
  -2.2060086e-01
  -1.3448848e-01
  -2.0393046e-01
  -1.2775648e-01
  -1.7281955e-01
  -7.9121200e-02
  -3.6979434e-01
  -4.3767609e-02
  -4.1088924e-02
  -2.7588991e-02
  -7.4456707e-02
  -8.5814998e-02
  -1.7448510e-01
  -2.0987226e-01
  -2.7884877e-01
  -3.3821553e-01
  -6.1759335e-01
  -9.3375862e-01
  -9.7502071e-01
  -8.0612928e-01
  -7.9734164e-01
  -6.2229574e-01
  -3.1369773e-01
  -2.5450248e-02
   1.3313887e-01
   4.8095908e-02
  -7.9256736e-02
   5.8812685e-02
  -1.9604641e-01
  -2.9041687e-01
  -3.2256529e-01
  -3.3213347e-01
   1.1487149e-01
  -3.7104541e-01
  -8.8146055e-01
  -7.2625732e-01
  -6.2220067e-01
  -6.3265294e-01
  -5.4135668e-01
  -3.8177437e-01
  -3.0530232e-01
  -3.1952909e-01
  -2.9692140e-01
  -1.5933831e-01
