   0.0000000e+00
   0.0000000e+00
   0.0000000e+00
   2.1590828e-02
   0.0000000e+00
   0.0000000e+00
   2.7402357e-02
   1.6579760e-02
   1.6368112e-02
   1.5677510e-02
   1.2573778e-02
   1.0943596e-02
   1.4449678e-02
   1.3932400e-02
   1.4687744e-02
   1.2450716e-02
   1.2011615e-02
   1.3243830e-02
   2.9101851e-02
   0.0000000e+00
   6.5310102e-03
  -2.3972287e-03
  -1.7936436e-03
   5.9319145e-03
  -1.6605924e-02
  -0.0000000e+00
   0.0000000e+00
   0.0000000e+00
   0.0000000e+00
   0.0000000e+00
   0.0000000e+00
   0.0000000e+00
   0.0000000e+00
   0.0000000e+00
   0.0000000e+00
   0.0000000e+00
   4.0066224e-02
   1.2100544e-02
  -3.2888080e-04
   6.6393950e-03
   4.2956489e-03
   6.2700358e-03
   7.9883970e-03
   5.2987803e-03
   3.7098997e-03
   2.2093770e-03
   3.2270984e-03
   4.3645515e-03
   7.7926870e-03
   8.1028836e-03
   8.7838573e-03
   6.7057777e-03
   3.8534189e-03
  -1.4814750e-04
  -6.2772066e-03
  -6.0697364e-03
  -3.4155750e-03
  -4.9489242e-04
   2.8966262e-03
   5.7894159e-03
   6.3393744e-03
   5.7730869e-03
   2.6900331e-03
  -3.3862253e-04
  -9.4231036e-03
  -1.4037932e-02
   0.0000000e+00
   2.4901577e-02
   1.9141688e-02
  -1.5410494e-03
   3.2361156e-03
   3.2599988e-02
  -2.0723816e-02
  -1.9192463e-02
  -1.6348509e-02
  -1.3900075e-02
  -3.3740376e-03
  -3.7188368e-04
  -6.3174763e-03
  -8.8399329e-03
  -8.6022131e-03
  -1.1376845e-02
  -1.0612753e-02
  -7.8443708e-03
  -5.1296763e-03
  -3.5091166e-03
  -2.8031913e-03
  -3.3907844e-03
  -6.8862536e-03
  -1.2230666e-02
  -1.5179946e-02
  -1.0127894e-02
  -4.7946223e-03
  -2.0825402e-03
   3.4417682e-03
   7.2351629e-03
   8.0794962e-03
   5.7620225e-03
  -1.1657162e-04
  -7.4315146e-03
  -1.2332518e-02
  -1.2977693e-02
  -5.6706742e-03
   1.4960443e-03
   1.2452353e-03
  -3.9847479e-03
  -1.1501683e-02
  -1.7809821e-02
  -3.9203324e-02
  -2.5924587e-02
  -2.2235842e-02
   0.0000000e+00
   0.0000000e+00
   5.3807930e-04
  -1.0905070e-02
  -1.8098625e-02
  -1.4390458e-02
  -2.0489469e-02
  -2.1087131e-02
  -1.9217025e-02
  -1.6032873e-02
  -1.4211601e-02
  -1.3124231e-02
  -1.3748812e-02
  -1.7058827e-02
  -2.2095023e-02
  -3.2285355e-02
  -4.9736188e-03
  -8.3562201e-03
  -1.0525163e-02
  -3.0262577e-03
   8.3772343e-04
   3.5277440e-04
  -4.4491272e-03
  -1.2844162e-02
  -2.1119731e-02
  -2.3380503e-02
  -2.0528872e-02
  -1.5069854e-02
  -1.0345849e-02
  -1.1369220e-02
  -1.8279821e-02
  -3.0184127e-02
  -4.3198457e-02
   0.0000000e+00
   0.0000000e+00
   0.0000000e+00
   0.0000000e+00
   0.0000000e+00
   8.8564737e-04
  -1.1539104e-02
  -1.6796144e-02
  -2.6182957e-02
  -2.5562186e-02
  -2.3484249e-02
  -2.1924958e-02
  -2.0506997e-02
  -1.9797293e-02
  -2.0036398e-02
  -1.9913396e-02
  -2.1652542e-02
  -2.4915418e-02
  -3.0252452e-02
  -0.0000000e+00
  -1.2150304e-02
  -1.3853751e-02
  -8.8202404e-03
  -7.1387971e-03
  -8.9900102e-03
  -1.3884857e-02
  -2.1935869e-02
  -2.5396269e-02
  -1.9246290e-02
  -1.5572536e-02
  -1.4035115e-02
  -1.2880114e-02
  -1.8784879e-02
  -2.8030686e-02
  -3.8464829e-02
  -4.7502471e-02
   0.0000000e+00
   0.0000000e+00
   0.0000000e+00
   0.0000000e+00
   0.0000000e+00
  -1.7710532e-03
  -1.1833317e-02
  -1.4073980e-02
  -2.0779605e-02
  -2.1073689e-02
  -1.9983370e-02
  -2.0221026e-02
  -2.0703350e-02
  -2.1444668e-02
  -2.2052887e-02
  -2.1004663e-02
  -2.0659997e-02
  -1.8184063e-02
  -9.1700796e-03
   0.0000000e+00
  -0.0000000e+00
  -1.4042559e-02
  -1.0977290e-02
  -1.1336768e-02
  -1.1660708e-02
  -1.3095099e-02
  -1.6975070e-02
  -1.1092248e-02
  -1.4538643e-03
  -6.4822141e-03
  -1.0193136e-02
  -1.3482701e-02
  -2.1847015e-02
  -2.8760986e-02
  -3.1763710e-02
  -2.7912590e-02
   0.0000000e+00
   0.0000000e+00
   0.0000000e+00
   0.0000000e+00
   0.0000000e+00
  -3.6109707e-03
  -1.1766881e-02
  -1.2924605e-02
  -1.5767658e-02
  -1.6643304e-02
  -1.6304813e-02
  -1.7582117e-02
  -1.8645756e-02
  -1.9670844e-02
  -1.9646971e-02
  -1.7925987e-02
  -1.4867044e-02
  -5.2263895e-03
   1.9366598e-02
   0.0000000e+00
  -0.0000000e+00
  -1.5344032e-02
  -1.3607161e-02
  -1.1306387e-02
  -7.1384367e-03
  -2.8843347e-03
   3.2527867e-04
   1.5852014e-03
   2.2664780e-03
  -9.0524405e-03
  -1.2631559e-02
  -1.6997803e-02
  -2.0659706e-02
  -2.1276210e-02
  -1.5228453e-02
   9.8885009e-04
   2.8236389e-02
   0.0000000e+00
   0.0000000e+00
   0.0000000e+00
   0.0000000e+00
  -5.1191919e-03
  -1.1260536e-02
  -1.1212618e-02
  -1.0945241e-02
  -1.0633885e-02
  -1.0052708e-02
  -1.1440054e-02
  -1.2904229e-02
  -1.4242358e-02
  -1.3853467e-02
  -1.1221437e-02
  -5.1603996e-03
   1.1433028e-02
   4.6038891e-02
   0.0000000e+00
   0.0000000e+00
  -0.0000000e+00
  -2.5008275e-02
  -1.0936494e-02
   1.9175640e-03
   1.7014598e-02
   3.6273829e-02
   1.6016009e-03
   7.5196500e-04
  -5.2459519e-03
  -1.0192807e-02
  -1.2083811e-02
  -1.0449216e-02
  -6.5238052e-03
   3.5497148e-03
   2.5019794e-02
   3.3140201e-02
   0.0000000e+00
   0.0000000e+00
  -0.0000000e+00
  -1.5673323e-04
  -3.4192363e-03
  -5.4667727e-03
  -4.8800521e-03
  -3.7578330e-03
  -3.0583921e-03
  -2.8684465e-03
  -4.9309833e-03
  -7.5700195e-03
  -9.3385037e-03
  -8.7886117e-03
  -5.0600604e-03
   3.1928746e-03
   2.4493735e-02
   6.4729477e-02
   0.0000000e+00
   0.0000000e+00
  -0.0000000e+00
  -2.9095698e-02
  -5.4811500e-03
   1.1454850e-02
   3.8548619e-02
   5.8205437e-02
   0.0000000e+00
  -0.0000000e+00
  -2.8085841e-03
  -9.2450054e-03
  -4.4268477e-03
  -5.4811232e-04
   4.8010615e-03
   1.4897459e-02
   3.2777447e-02
   4.0023753e-02
   3.3039363e-02
   0.0000000e+00
  -0.0000000e+00
   2.1627452e-03
   5.2167689e-03
   4.8055616e-03
   4.2435508e-03
   4.3849479e-03
   4.3731281e-03
   3.3849133e-03
   1.7216851e-05
  -3.8234619e-03
  -5.4398631e-03
  -3.9004765e-03
   1.7232010e-03
   1.2894693e-02
   3.7884388e-02
   6.6778972e-02
   2.6624804e-02
   0.0000000e+00
  -0.0000000e+00
  -3.0374458e-02
   1.7583200e-03
   2.2461312e-02
   6.6746086e-02
   9.3486384e-02
   0.0000000e+00
   0.0000000e+00
   3.5831537e-03
  -5.1230276e-03
   4.7183107e-03
   8.6333752e-03
   1.5049737e-02
   2.4591260e-02
   3.6463078e-02
   4.3179110e-02
   3.5766685e-02
   0.0000000e+00
   0.0000000e+00
   8.0599049e-03
   1.1868508e-02
   1.0775425e-02
   8.8662347e-03
   8.0023650e-03
   7.1043628e-03
   4.5600589e-03
   1.3110382e-04
  -3.4885556e-03
  -3.6630630e-03
  -3.5048128e-04
   7.5167175e-03
   2.1459559e-02
   4.6652954e-02
   5.4623190e-02
   2.6550166e-02
   0.0000000e+00
  -0.0000000e+00
  -2.5240261e-02
   6.3309423e-03
   3.1702515e-02
   7.5878784e-02
   7.8500971e-02
   0.0000000e+00
   0.0000000e+00
   1.4142664e-03
   5.7737151e-04
   1.0683774e-02
   1.5526031e-02
   2.3274694e-02
   3.1944089e-02
   4.0339712e-02
   4.6782635e-02
   3.9957451e-02
   0.0000000e+00
   0.0000000e+00
   0.0000000e+00
   1.5822355e-02
   1.3156622e-02
   9.4710048e-03
   7.7202534e-03
   5.3050257e-03
   1.3106639e-03
  -2.4065897e-03
  -3.2946193e-03
  -5.8764307e-04
   5.6075319e-03
   1.6496498e-02
   3.2937583e-02
   5.7284214e-02
   5.1183500e-02
   2.6501871e-02
   0.0000000e+00
   0.0000000e+00
  -0.0000000e+00
   1.5331584e-02
   4.5123212e-02
   8.1203005e-02
   7.0579316e-02
   0.0000000e+00
   0.0000000e+00
   4.9769094e-04
   1.3392837e-02
   1.8659931e-02
   2.4698360e-02
   3.3404440e-02
   4.0677711e-02
   4.6040520e-02
   4.6179164e-02
   3.5040224e-02
   7.8105164e-03
   1.2540374e-02
   1.5024642e-02
   1.3852541e-02
   8.4866295e-03
   4.1922969e-03
   2.3017472e-03
  -3.8511836e-04
  -2.9581490e-03
  -3.5241572e-03
  -8.2628429e-04
   4.8563499e-03
   1.3623840e-02
   2.6646225e-02
   4.4128317e-02
   6.5901384e-02
   6.3782612e-02
   0.0000000e+00
   0.0000000e+00
   0.0000000e+00
   0.0000000e+00
   2.8042603e-02
   5.3155739e-02
   6.7484089e-02
   2.9990539e-02
   0.0000000e+00
   0.0000000e+00
  -0.0000000e+00
   2.9206252e-02
   2.7254950e-02
   3.3210862e-02
   4.1723654e-02
   4.7413487e-02
   4.9338423e-02
   3.9710585e-02
   2.7632559e-02
   1.0842597e-02
   1.1356014e-02
   9.0187043e-03
   5.1420121e-03
  -1.4220621e-04
  -2.4509854e-03
  -2.9555154e-03
  -3.6493973e-03
  -3.1613365e-03
  -5.9341243e-04
   4.6290094e-03
   1.1890390e-02
   2.1282731e-02
   3.3401571e-02
   4.7595061e-02
   6.1524011e-02
   5.3494358e-02
   0.0000000e+00
   0.0000000e+00
   0.0000000e+00
   0.0000000e+00
   3.7010614e-02
   5.1026028e-02
   4.8862338e-02
   2.6126899e-02
   0.0000000e+00
   0.0000000e+00
   0.0000000e+00
   4.2033821e-02
   3.3030383e-02
   3.7448328e-02
   4.4605214e-02
   4.8202857e-02
   4.6440095e-02
   2.6652535e-02
   1.8188993e-02
   7.7278065e-03
   1.1457995e-03
  -3.0800318e-03
  -6.0636117e-03
  -8.2883723e-03
  -7.6518352e-03
  -5.8655995e-03
  -3.3665521e-03
   6.9587992e-04
   6.2782285e-03
   1.3336571e-02
   2.1013889e-02
   2.9004145e-02
   3.6310788e-02
   4.1252352e-02
   4.3328259e-02
   0.0000000e+00
   0.0000000e+00
   0.0000000e+00
   0.0000000e+00
   0.0000000e+00
   4.2344093e-02
   4.4185217e-02
   3.6126302e-02
   2.1204714e-02
   0.0000000e+00
   0.0000000e+00
   0.0000000e+00
   4.4720247e-02
   3.4774806e-02
   3.5572801e-02
   3.9880063e-02
   3.9458446e-02
   3.4047436e-02
   1.6258033e-02
   1.0618817e-02
  -7.9967012e-04
  -7.8343255e-03
  -1.0942465e-02
  -1.2738427e-02
  -1.4180038e-02
  -1.3421070e-02
  -1.1092049e-02
  -6.6650268e-03
  -1.7587777e-04
   7.6158405e-03
   1.5777972e-02
   2.3024587e-02
   2.8739156e-02
   3.1099169e-02
   2.8258996e-02
   1.8473392e-02
   0.0000000e+00
   0.0000000e+00
   0.0000000e+00
   0.0000000e+00
   0.0000000e+00
   4.6938650e-02
   3.9905723e-02
   3.1645509e-02
   0.0000000e+00
   0.0000000e+00
   0.0000000e+00
   0.0000000e+00
   3.9967921e-02
   3.1220898e-02
   2.8773889e-02
   2.9071512e-02
   2.4487766e-02
   1.7422993e-02
   1.2841999e-02
  -0.0000000e+00
  -6.5155514e-03
  -1.1078835e-02
  -1.3951403e-02
  -1.6184632e-02
  -1.8092126e-02
  -1.8422898e-02
  -1.6991252e-02
  -1.2869040e-02
  -6.6127931e-03
   5.5640499e-04
   7.2850031e-03
   1.2021194e-02
   1.4616532e-02
   1.4058672e-02
   1.0378153e-02
   2.9760466e-03
   0.0000000e+00
   0.0000000e+00
   0.0000000e+00
   0.0000000e+00
   0.0000000e+00
   4.7439989e-02
   3.7884034e-02
   3.0023924e-02
   0.0000000e+00
   0.0000000e+00
   0.0000000e+00
   0.0000000e+00
   3.3381108e-02
   2.6010670e-02
   2.4872510e-02
   2.0575346e-02
   1.3022059e-02
   7.0052966e-03
   0.0000000e+00
  -0.0000000e+00
  -7.0906386e-03
  -6.8265890e-03
  -8.2962075e-03
  -9.3902245e-03
  -1.0176373e-02
  -1.0451900e-02
  -9.9018577e-03
  -7.7652577e-03
  -4.1571241e-03
  -5.7516147e-06
   3.3869874e-03
   4.5247445e-03
   3.5359110e-03
  -1.9786304e-04
  -5.9684419e-03
  -8.6244614e-03
   0.0000000e+00
   0.0000000e+00
   0.0000000e+00
   0.0000000e+00
   4.6709102e-02
   4.1419002e-02
   3.4049965e-02
   2.7754941e-02
   0.0000000e+00
   0.0000000e+00
   0.0000000e+00
   0.0000000e+00
   3.0942559e-02
   1.9271310e-02
   1.5237186e-02
   1.8291356e-02
   6.9405093e-03
  -2.6246863e-04
   0.0000000e+00
   0.0000000e+00
  -0.0000000e+00
   2.2606547e-03
   2.2409786e-03
   2.6981245e-03
   3.7137647e-03
   4.8831975e-03
   6.0834617e-03
   7.6194993e-03
   9.4575377e-03
   1.1378608e-02
   1.2424549e-02
   1.0185049e-02
   4.2033568e-03
  -4.5907138e-03
  -1.6333202e-02
  -2.3447505e-02
   0.0000000e+00
   0.0000000e+00
   0.0000000e+00
  -0.0000000e+00
   3.2506183e-02
   3.1396303e-02
   2.8873873e-02
   2.8031972e-02
   0.0000000e+00
   0.0000000e+00
   0.0000000e+00
   0.0000000e+00
   3.3792991e-02
   1.2009134e-02
   2.6827605e-03
   2.0969919e-02
   7.9361307e-03
  -7.7598595e-03
  -0.0000000e+00
  -0.0000000e+00
  -3.1628936e-03
   1.4840460e-03
   4.2663937e-04
  -6.7959772e-06
   1.0777023e-03
   3.0495853e-03
   4.9026120e-03
   6.2179454e-03
   7.3007313e-03
   8.8522965e-03
   1.0759003e-02
   9.9106012e-03
   4.0792096e-03
  -5.2535674e-03
  -1.9002767e-02
  -3.4025408e-02
   0.0000000e+00
   0.0000000e+00
  -0.0000000e+00
  -1.2344698e-02
   1.2899444e-02
   1.9059478e-02
   0.0000000e+00
   0.0000000e+00
   0.0000000e+00
   0.0000000e+00
   0.0000000e+00
   0.0000000e+00
   3.8899937e-02
   1.2007535e-02
   2.3413182e-03
   0.0000000e+00
   1.8193210e-02
  -2.3020610e-03
  -0.0000000e+00
  -2.4092440e-02
  -1.1264958e-02
  -7.4764625e-03
  -1.0923396e-02
  -1.4488166e-02
  -1.5965957e-02
  -1.5318109e-02
  -1.4424847e-02
  -1.4815010e-02
  -1.5987320e-02
  -1.6330464e-02
  -1.3933292e-02
  -7.2605745e-03
   1.1457305e-04
   8.9410384e-04
  -9.6538737e-03
  -3.8503230e-02
  -5.9841452e-02
   0.0000000e+00
  -3.4884337e-02
  -2.6414245e-02
  -9.3142176e-03
   3.5282205e-03
   0.0000000e+00
   0.0000000e+00
   0.0000000e+00
   0.0000000e+00
   0.0000000e+00
   0.0000000e+00
   0.0000000e+00
   1.7222794e-02
   4.8667537e-03
   0.0000000e+00
   0.0000000e+00
  -3.6809285e-04
  -0.0000000e+00
  -2.3942965e-02
  -2.1642893e-02
  -1.8278144e-02
  -2.1835057e-02
  -2.7131695e-02
  -3.0929467e-02
  -3.2161105e-02
  -3.2342251e-02
  -3.3101946e-02
  -3.4952600e-02
  -3.7054654e-02
  -3.7166636e-02
  -3.0524271e-02
  -1.5098348e-02
   2.6296854e-03
   6.5775097e-03
  -3.4004874e-02
  -3.2053741e-02
  -1.9426497e-02
  -3.5007912e-02
  -3.8629297e-02
  -3.2314733e-02
  -2.2172311e-02
   0.0000000e+00
   0.0000000e+00
   0.0000000e+00
   0.0000000e+00
   0.0000000e+00
   0.0000000e+00
   0.0000000e+00
   2.9303860e-02
   5.1212566e-03
   0.0000000e+00
   0.0000000e+00
   0.0000000e+00
  -0.0000000e+00
  -2.5453345e-02
  -2.7731823e-02
  -2.4596525e-02
  -2.6269943e-02
  -3.0765744e-02
  -3.4547750e-02
  -3.5714269e-02
  -3.5189711e-02
  -3.4748305e-02
  -3.6253139e-02
  -3.9945561e-02
  -4.3056656e-02
  -4.0185258e-02
  -2.7665662e-02
  -6.3583897e-03
   2.9986056e-03
  -0.0000000e+00
  -2.0988550e-02
  -1.9091008e-02
  -3.1453282e-02
  -4.4865135e-02
  -5.5387538e-02
  -5.3761646e-02
   0.0000000e+00
   0.0000000e+00
   0.0000000e+00
   0.0000000e+00
   0.0000000e+00
   0.0000000e+00
   0.0000000e+00
   2.7812171e-02
   0.0000000e+00
   0.0000000e+00
   0.0000000e+00
   0.0000000e+00
  -0.0000000e+00
  -2.3443531e-02
  -2.6547125e-02
  -2.4992824e-02
  -2.5552766e-02
  -2.8944684e-02
  -3.1890605e-02
  -3.1892791e-02
  -2.9683033e-02
  -2.7581759e-02
  -2.8512236e-02
  -3.3151563e-02
  -3.9581880e-02
  -4.1408505e-02
  -3.2512739e-02
  -1.4411275e-02
   0.0000000e+00
  -0.0000000e+00
  -1.1279073e-02
  -1.1431728e-02
  -2.2681875e-02
  -4.0614635e-02
  -6.6992052e-02
  -8.0342822e-02
   0.0000000e+00
   0.0000000e+00
   0.0000000e+00
   0.0000000e+00
   0.0000000e+00
   0.0000000e+00
   0.0000000e+00
   0.0000000e+00
   0.0000000e+00
   0.0000000e+00
   0.0000000e+00
   0.0000000e+00
  -0.0000000e+00
  -1.6550237e-02
  -2.0869575e-02
  -2.0085327e-02
  -2.0267121e-02
  -2.3033852e-02
  -2.5956789e-02
  -2.6531927e-02
  -2.4392536e-02
  -2.0939812e-02
  -1.9912474e-02
  -2.3206096e-02
  -3.2667711e-02
  -4.1549519e-02
  -3.7911590e-02
  -1.5532333e-02
   0.0000000e+00
   1.0164859e-03
   2.0968180e-04
  -3.9758347e-03
  -1.3247126e-02
  -2.9513855e-02
  -6.2104579e-02
  -8.8149092e-02
   0.0000000e+00
   0.0000000e+00
   0.0000000e+00
   0.0000000e+00
   0.0000000e+00
   0.0000000e+00
   0.0000000e+00
   0.0000000e+00
   0.0000000e+00
   0.0000000e+00
   0.0000000e+00
   0.0000000e+00
   0.0000000e+00
  -7.2980076e-03
  -8.2049314e-03
  -1.0462766e-02
  -1.1070199e-02
  -1.3588702e-02
  -1.7067457e-02
  -1.8991480e-02
  -1.8269610e-02
  -1.5240829e-02
  -1.3159346e-02
  -1.5477300e-02
  -2.7521040e-02
  -4.3822732e-02
  -4.5058865e-02
   0.0000000e+00
   0.0000000e+00
   7.5042412e-03
   1.1195788e-02
   7.0665817e-04
  -7.8948606e-03
  -1.9520679e-02
  -4.8651554e-02
  -8.4015495e-02
   0.0000000e+00
   0.0000000e+00
   0.0000000e+00
   0.0000000e+00
   0.0000000e+00
   0.0000000e+00
   0.0000000e+00
   0.0000000e+00
   0.0000000e+00
   0.0000000e+00
   0.0000000e+00
   0.0000000e+00
   0.0000000e+00
   0.0000000e+00
   3.4880999e-03
  -5.3249858e-04
  -1.2750154e-03
  -3.8734875e-03
  -7.5559230e-03
  -9.8222559e-03
  -9.5736617e-03
  -7.3051699e-03
  -5.9112990e-03
  -8.5779466e-03
  -2.2433672e-02
  -4.5304760e-02
  -5.1146561e-02
   0.0000000e+00
   0.0000000e+00
   7.9502578e-03
   2.1824437e-02
   6.9738710e-03
  -3.4484267e-03
  -1.2631135e-02
  -3.3391319e-02
  -7.3709155e-02
   0.0000000e+00
   0.0000000e+00
   0.0000000e+00
   0.0000000e+00
   0.0000000e+00
   0.0000000e+00
   0.0000000e+00
   0.0000000e+00
   0.0000000e+00
   0.0000000e+00
   0.0000000e+00
   0.0000000e+00
   0.0000000e+00
   0.0000000e+00
   1.1947304e-02
   7.4197776e-03
   9.1872374e-03
   7.8169554e-03
   3.6644842e-03
   2.2688657e-03
   3.4079312e-03
   5.7624858e-03
   5.7462808e-03
   1.4479312e-03
  -1.4907151e-02
  -4.5869462e-02
  -5.0427064e-02
   0.0000000e+00
   0.0000000e+00
   0.0000000e+00
   0.0000000e+00
   2.0159516e-02
   6.8270839e-03
  -2.4481984e-03
  -1.6006580e-02
  -4.9257878e-02
  -5.1281373e-02
   0.0000000e+00
  -0.0000000e+00
  -0.0000000e+00
  -2.8290060e-02
   0.0000000e+00
   0.0000000e+00
   0.0000000e+00
   0.0000000e+00
   0.0000000e+00
   0.0000000e+00
   0.0000000e+00
   0.0000000e+00
   0.0000000e+00
   7.6633141e-03
   5.6185550e-03
   1.0527217e-02
   1.1935610e-02
   8.3806450e-03
   9.6931381e-03
   1.3210006e-02
   1.6931135e-02
   1.6212530e-02
   9.9850642e-03
  -8.4362570e-03
  -4.6390741e-02
  -4.3837436e-02
   0.0000000e+00
   0.0000000e+00
   0.0000000e+00
   0.0000000e+00
   2.8310193e-02
   1.4687033e-02
   7.3434035e-03
  -3.0593459e-03
  -2.7650066e-02
  -3.9638684e-02
  -4.4861236e-03
  -1.2652945e-02
  -2.0230913e-02
   0.0000000e+00
   0.0000000e+00
   0.0000000e+00
   0.0000000e+00
   0.0000000e+00
   0.0000000e+00
   0.0000000e+00
   0.0000000e+00
   0.0000000e+00
   0.0000000e+00
  -0.0000000e+00
  -6.1061863e-03
   7.5265544e-04
   7.0280964e-03
   8.9509394e-03
   1.4661749e-02
   2.1231800e-02
   2.7278312e-02
   2.6986241e-02
   1.9523971e-02
  -3.7453271e-04
  -3.7109464e-02
   0.0000000e+00
   0.0000000e+00
   0.0000000e+00
   0.0000000e+00
   0.0000000e+00
   2.3683503e-02
   1.6516270e-02
   1.3939722e-02
   9.5242141e-03
  -5.6995638e-03
   0.0000000e+00
  -5.0263339e-03
  -7.2351582e-03
   0.0000000e+00
   0.0000000e+00
   0.0000000e+00
   0.0000000e+00
   0.0000000e+00
   0.0000000e+00
   0.0000000e+00
   0.0000000e+00
   0.0000000e+00
   0.0000000e+00
   0.0000000e+00
   0.0000000e+00
  -0.0000000e+00
  -1.5741814e-03
   8.9968620e-03
   1.3472708e-02
   1.9975734e-02
   2.6710246e-02
   3.2274514e-02
   3.2460794e-02
   2.5283165e-02
   5.9908493e-03
  -1.5411144e-02
   0.0000000e+00
   0.0000000e+00
   0.0000000e+00
   0.0000000e+00
   0.0000000e+00
   0.0000000e+00
   1.5907833e-02
   1.3968369e-02
   1.5136860e-02
   1.1073598e-02
   8.2337635e-03
   0.0000000e+00
   0.0000000e+00
   0.0000000e+00
   0.0000000e+00
   0.0000000e+00
   0.0000000e+00
   0.0000000e+00
   0.0000000e+00
   0.0000000e+00
   0.0000000e+00
   0.0000000e+00
   0.0000000e+00
   0.0000000e+00
   0.0000000e+00
  -0.0000000e+00
  -9.5422240e-03
   3.6586069e-03
   1.1242807e-02
   2.0931492e-02
   2.8278169e-02
   3.1949475e-02
   3.2264162e-02
   2.6039363e-02
   1.0763133e-02
  -5.1409876e-03
   0.0000000e+00
   0.0000000e+00
   0.0000000e+00
   0.0000000e+00
   0.0000000e+00
   0.0000000e+00
   0.0000000e+00
   6.5715957e-03
   1.4939676e-02
   1.8208406e-02
   1.3631227e-02
   0.0000000e+00
   0.0000000e+00
   0.0000000e+00
   0.0000000e+00
   0.0000000e+00
   0.0000000e+00
   0.0000000e+00
   0.0000000e+00
   0.0000000e+00
   0.0000000e+00
   0.0000000e+00
   0.0000000e+00
   0.0000000e+00
   0.0000000e+00
  -0.0000000e+00
  -2.1582061e-02
  -2.9373527e-03
  -9.4953971e-03
   8.6093038e-03
   1.9019995e-02
   2.2050340e-02
   2.2468503e-02
   2.0505928e-02
   1.5939660e-02
   1.8424242e-02
   0.0000000e+00
   0.0000000e+00
   0.0000000e+00
   0.0000000e+00
   0.0000000e+00
   0.0000000e+00
  -0.0000000e+00
  -9.9885557e-03
   4.8287388e-03
   1.4587747e-02
   1.7775372e-02
   0.0000000e+00
   0.0000000e+00
   0.0000000e+00
   0.0000000e+00
   0.0000000e+00
   0.0000000e+00
   0.0000000e+00
   0.0000000e+00
   0.0000000e+00
   0.0000000e+00
   0.0000000e+00
   0.0000000e+00
   0.0000000e+00
   0.0000000e+00
  -0.0000000e+00
  -2.7465626e-02
  -1.8023677e-02
  -3.2069585e-02
  -2.0267387e-02
  -3.7676488e-03
   8.5877052e-03
   1.4277447e-02
   1.3123427e-02
   1.6623417e-02
   0.0000000e+00
   0.0000000e+00
   0.0000000e+00
   0.0000000e+00
   0.0000000e+00
   0.0000000e+00
   0.0000000e+00
  -0.0000000e+00
  -1.5090994e-02
  -1.2829031e-02
   2.2688690e-04
   1.1257620e-03
   1.0053324e-02
   0.0000000e+00
   0.0000000e+00
   0.0000000e+00
   0.0000000e+00
   0.0000000e+00
   0.0000000e+00
   0.0000000e+00
   0.0000000e+00
   0.0000000e+00
   0.0000000e+00
   0.0000000e+00
   0.0000000e+00
   0.0000000e+00
   0.0000000e+00
   0.0000000e+00
   0.0000000e+00
   0.0000000e+00
  -0.0000000e+00
  -2.7176846e-02
   0.0000000e+00
   0.0000000e+00
   0.0000000e+00
   0.0000000e+00
   0.0000000e+00
   0.0000000e+00
   0.0000000e+00
   0.0000000e+00
   0.0000000e+00
   0.0000000e+00
  -0.0000000e+00
  -0.0000000e+00
   0.0000000e+00
   0.0000000e+00
   0.0000000e+00
  -2.7487719e-02
  -3.8409062e-03
   6.8682769e-03
   0.0000000e+00
  -0.0000000e+00
   0.0000000e+00
   0.0000000e+00
   0.0000000e+00
   0.0000000e+00
   0.0000000e+00
   0.0000000e+00
   0.0000000e+00
   3.1409772e-03
  -1.0617624e-03
  -7.7319472e-04
   2.7847329e-04
  -3.6087699e-04
  -1.8452096e-03
  -4.9787487e-03
  -8.7884850e-03
  -1.0180142e-02
  -8.3873938e-03
  -5.1838007e-03
  -5.5218421e-03
  -6.8833431e-03
  -3.3594137e-03
  -7.7767581e-03
  -0.0000000e+00
  -0.0000000e+00
  -0.0000000e+00
  -0.0000000e+00
  -0.0000000e+00
  -0.0000000e+00
  -0.0000000e+00
  -0.0000000e+00
  -0.0000000e+00
  -0.0000000e+00
  -1.1395353e-02
  -3.9245412e-04
   2.6774437e-03
   3.8663933e-03
   6.4346846e-03
   4.3225843e-03
   1.7460099e-03
   3.9680088e-03
   8.5099663e-03
   6.9797131e-03
   5.5210470e-03
