  3.918595e-01
  3.679135e-01
  3.635609e-01
  3.586832e-01
  3.544367e-01
  3.455538e-01
  3.272419e-01
  3.152688e-01
  2.998419e-01
  2.788160e-01
  2.708119e-01
  2.569937e-01
  2.489175e-01
  2.473684e-01
  2.468730e-01
  2.450799e-01
  2.416202e-01
  2.394130e-01
  2.366019e-01
  2.358285e-01
  2.409054e-01
  2.483188e-01
  2.449140e-01
  2.339621e-01
  2.249505e-01
  2.231184e-01
  2.306358e-01
  2.407517e-01
  2.443873e-01
  2.408393e-01
  2.333914e-01
  2.265128e-01
  2.258808e-01
  2.273765e-01
  2.279307e-01
  2.316054e-01
  2.370585e-01
  2.502090e-01
  2.720962e-01
  3.007706e-01
  3.339016e-01
  3.649106e-01
  3.955826e-01
  4.155828e-01
  4.325665e-01
  4.364095e-01
  4.046648e-01
  3.509870e-01
