   5.1736283e-01
  -9.5641799e-03
  -6.3173515e-01
  -9.9268931e-01
  -3.6397897e-02
   2.6995644e-01
   2.7871588e-01
   6.0458630e-01
   8.9598787e-01
   8.6163354e-01
   4.7119108e-01
   2.7696356e-01
   1.1300923e-01
  -2.0777933e-01
  -4.0107170e-01
  -5.9295446e-01
  -8.4622645e-01
  -9.1688597e-01
  -7.1226943e-01
  -6.8849254e-01
  -8.2046092e-01
  -9.9335670e-01
  -9.5126241e-01
  -4.1906843e-01
   3.7679058e-01
   8.8397336e-01
   3.3583614e-01
  -2.9101536e-02
  -2.0751394e-02
  -9.2363670e-02
  -6.3188243e-01
  -9.9674875e-01
  -8.1042874e-01
  -3.5911846e-01
  -1.4478050e-01
  -1.8572792e-01
  -2.3832121e-01
  -1.5008698e-01
   1.2234112e-01
   2.2942230e-01
  -7.6994009e-02
  -4.8487401e-01
  -7.7416575e-01
  -9.7758090e-01
  -7.8936821e-01
  -4.5686269e-01
  -3.7511396e-01
   2.9870990e-01
  -2.5293142e-01
  -1.7888629e-01
  -4.9889460e-01
  -8.0113906e-01
  -3.4228161e-02
   2.2854969e-01
  -4.4188702e-01
  -3.6452219e-01
  -6.5371312e-02
  -2.4244611e-01
  -2.5866881e-01
  -1.5784751e-01
   3.1702965e-02
   3.2041115e-01
   4.0515697e-01
   4.4806898e-02
  -3.9866289e-01
  -7.5921518e-01
  -1.1689202e+00
  -1.3025924e+00
  -1.1679794e+00
  -1.2685437e+00
  -1.1953542e+00
  -1.6760216e+00
  -1.7117237e+00
   5.9957153e-01
   3.6298022e-01
  -2.6760110e-01
   5.9673792e-01
   1.0071043e+00
   1.1514193e+00
   7.6669097e-01
   3.1777099e-04
  -4.3520835e-01
  -7.6814085e-01
  -8.2471210e-01
  -8.6892146e-01
  -8.0705398e-01
  -3.0981091e-01
  -1.2424760e-01
  -5.2354610e-01
  -5.2297431e-01
  -4.7397431e-02
  -5.2839726e-01
  -1.4395217e+00
  -1.1697490e+00
  -8.8148814e-01
  -7.9870456e-01
  -1.6111507e+00
  -7.9606813e-01
  -2.8983808e-01
  -1.0665171e-01
  -2.8160226e-01
  -2.4078175e-01
  -2.6973701e-01
   7.1700335e-02
  -1.1800361e-01
  -1.9488713e-01
  -1.3629538e-01
  -1.0236238e-01
   1.0198218e-01
   1.7658547e-01
   3.3142936e-01
   4.7082070e-01
   5.9663010e-01
   5.6602669e-01
   5.3246093e-01
   4.0708855e-01
   3.2008114e-01
   2.2691217e-01
   9.0181939e-02
  -4.7713034e-02
  -7.3555183e-01
  -4.1924113e-01
   2.9465401e-01
   3.0698347e-01
   7.2027278e-01
   1.0916008e+00
   1.3252637e+00
   1.3571712e+00
   1.3973851e+00
   1.2467182e+00
   1.1218065e+00
   9.5386398e-01
   1.0663979e+00
   1.2512072e+00
   1.7033010e+00
   2.0008712e+00
   1.7437675e+00
   1.3746299e+00
   9.3335110e-01
   4.2721081e-01
  -3.7309515e-01
  -1.1454592e+00
  -1.9567115e+00
  -2.2827778e+00
   2.4293336e-01
   4.7787803e-01
   4.7966692e-01
   5.8785057e-01
   5.5805635e-01
   3.9409119e-01
   3.0875993e-01
   9.9063230e-01
   2.2847518e-02
   1.8746637e-01
   4.9104229e-01
   5.7467538e-01
   5.9640360e-01
   1.0325577e+00
   1.2462646e+00
   1.5816362e+00
   1.9097035e+00
   2.0446482e+00
   2.1111758e+00
   2.0964527e+00
   2.0550506e+00
   2.0424166e+00
   1.8565592e+00
   1.7243118e+00
   1.5215849e+00
   1.6328532e+00
   1.1889969e+00
   1.2691697e+00
   1.0914499e+00
   1.3804568e+00
   1.6044679e+00
   1.6663729e+00
   1.7162977e+00
   1.8029081e+00
   1.9678489e+00
   2.2427840e+00
   2.6147194e+00
   3.0030823e+00
   3.4219880e+00
   3.8064051e+00
   4.0657654e+00
   4.0333180e+00
   3.6383703e+00
   3.2956271e+00
   2.8244383e+00
   2.3574324e+00
   1.9541233e+00
   1.1185873e+00
   8.5409653e-01
   9.4448781e-01
   9.7027934e-01
   8.3179891e-01
   7.2118080e-01
   8.3454663e-01
   6.1061406e-01
   1.2102867e+00
   5.4753935e-01
   6.4965063e-01
   1.1700158e+00
   1.7740175e+00
   1.1458204e+00
   1.5707029e+00
   2.3122015e+00
   2.7881742e+00
   3.1048527e+00
   3.3408113e+00
   3.4948728e+00
   3.5519757e+00
   3.6170869e+00
   3.5748749e+00
   3.4527044e+00
   3.3354702e+00
   2.9519203e+00
   2.6756220e+00
   1.2248722e+00
   1.5092578e+00
   9.8203653e-01
   1.2600991e+00
   1.7260604e+00
   1.9814502e+00
   2.1839089e+00
   2.4528427e+00
   2.8002524e+00
   3.2466574e+00
   3.6839597e+00
   4.0419321e+00
   4.3576870e+00
   4.6504288e+00
   4.9500279e+00
   5.1579628e+00
   5.1721487e+00
   4.9797096e+00
   4.8290334e+00
   4.6527071e+00
   4.2937684e+00
   3.1948879e+00
   1.2811762e+00
   1.1974381e+00
   1.2416797e+00
   1.2675912e+00
   9.6232932e-01
   8.6560212e-01
   1.2456500e+00
   1.1406487e+00
   5.8152027e-01
   1.2536077e+00
   1.8171320e+00
   2.3684705e+00
   2.7645465e+00
   2.9313618e+00
   3.6112170e+00
   3.7796502e+00
   4.0179048e+00
   4.2629490e+00
   4.4445181e+00
   4.5921350e+00
   4.6363369e+00
   4.6144758e+00
   4.6172825e+00
   4.4430533e+00
   3.9588277e+00
   3.0291947e+00
   1.2537383e+00
   7.3385468e-01
   2.2233349e-01
   6.9932207e-01
   1.5243376e+00
   2.1480484e+00
   2.6706427e+00
   3.1432008e+00
   3.5068061e+00
   3.7152147e+00
   3.7880492e+00
   3.7921824e+00
   3.8902223e+00
   4.2000947e+00
   4.7689024e+00
   5.3483602e+00
   5.7748615e+00
   5.9247305e+00
   6.0180933e+00
   6.0111568e+00
   5.7383353e+00
   4.4838558e+00
   1.8069167e+00
   1.2230178e+00
   1.3761181e+00
   1.2138426e+00
   1.1318737e+00
   9.7377747e-01
   1.3457723e+00
   9.2027187e-01
   1.1951419e+00
   1.8691654e+00
   2.2664561e+00
   2.6798947e+00
   3.1678035e+00
   3.6911402e+00
   3.9495957e+00
   4.0862813e+00
   4.2847862e+00
   4.4996419e+00
   4.6827660e+00
   4.8046451e+00
   4.9040871e+00
   4.9670258e+00
   4.9502316e+00
   4.7755003e+00
   4.3451972e+00
   3.2295465e+00
   1.0211470e+00
   1.3626817e+00
   4.7024712e-03
   3.8050735e-01
   1.2150465e+00
   2.0815115e+00
   2.8973219e+00
   3.4589078e+00
   3.6150234e+00
   3.4743271e+00
   3.4165530e+00
   2.8056161e+00
   2.4072847e+00
   2.9020679e+00
   3.7742603e+00
   4.5404849e+00
   5.2572660e+00
   5.8518829e+00
   6.2690382e+00
   6.4227324e+00
   6.2383032e+00
   5.2595315e+00
   4.0613914e+00
   1.6646187e+00
   1.3531145e+00
   1.1345575e+00
   9.0271276e-01
   8.5472113e-01
   1.3002741e+00
   2.0053830e+00
   2.7859430e+00
   2.7641697e+00
   2.8182604e+00
   2.9499347e+00
   3.1585381e+00
   3.4592152e+00
   3.7182515e+00
   3.8810129e+00
   3.9950345e+00
   4.0931048e+00
   4.2265544e+00
   4.3870826e+00
   4.5433316e+00
   4.6473951e+00
   4.6419582e+00
   4.5353994e+00
   4.2305956e+00
   3.3357244e+00
   1.2742765e+00
   1.3665408e+00
   4.7213322e-01
  -4.9915593e-02
   5.9110123e-01
   1.6731923e+00
   2.6594214e+00
   3.2590663e+00
   3.1366708e+00
   2.0283124e+00
   1.0161886e+00
   1.0855499e-01
   1.4673330e-01
   1.0860833e+00
   2.2589242e+00
   3.2629783e+00
   4.0596452e+00
   4.8227382e+00
   5.3865566e+00
   5.7137141e+00
   5.7379832e+00
   5.7530317e+00
   4.9018312e+00
   3.3403659e+00
   1.4059293e+00
   1.3024697e+00
   1.2704080e+00
   1.1358713e+00
   1.8761330e+00
   3.7820182e+00
   3.7397254e+00
   3.2760620e+00
   3.0320079e+00
   2.9079571e+00
   2.8928683e+00
   2.9913864e+00
   3.1345289e+00
   3.2021255e+00
   3.2200856e+00
   3.3017793e+00
   3.4230502e+00
   3.5479760e+00
   3.6479988e+00
   3.7609143e+00
   3.8680594e+00
   3.8409843e+00
   3.6491833e+00
   3.1296484e+00
   1.7118254e+00
   1.5004516e+00
   3.5567600e-01
  -4.2670545e-01
  -3.1916335e-02
   9.5492667e-01
   2.0105908e+00
   2.6449718e+00
   2.1382632e+00
   1.1663458e+00
   8.4946942e-01
   1.0080865e-01
  -1.0331581e+00
  -4.7869062e-01
   7.7500743e-01
   2.1072676e+00
   2.9818523e+00
   3.6968265e+00
   4.1951079e+00
   4.4831848e+00
   4.5351210e+00
   4.6391325e+00
   3.3943958e+00
   3.9064443e+00
   2.6427808e+00
   1.6472539e+00
   1.9489514e+00
   2.2784352e+00
   3.8401031e+00
   4.4160109e+00
   3.7297571e+00
   3.1203890e+00
   2.6982605e+00
   2.3777652e+00
   2.1946301e+00
   2.1655085e+00
   2.1954162e+00
   2.2022128e+00
   2.2145779e+00
   2.2677288e+00
   2.3289309e+00
   2.3865473e+00
   2.4588284e+00
   2.6070504e+00
   2.7588813e+00
   2.7775788e+00
   2.6477394e+00
   2.5074191e+00
   1.8260149e+00
   1.4645609e+00
   4.3312991e-01
  -3.2495654e-01
  -5.0851995e-01
   2.5791037e-01
   1.2608019e+00
   1.7564665e+00
   8.8434416e-01
   6.2786919e-01
   1.1554844e+00
   8.7659016e-02
  -2.0181549e+00
  -1.4841607e+00
  -4.1828012e-01
   6.8130165e-01
   1.3153286e+00
   1.9508822e+00
   2.5494852e+00
   2.8949914e+00
   2.9376457e+00
   3.0853260e+00
   1.6111371e+00
   2.5490653e+00
   3.3578698e+00
   2.5897929e+00
   2.2588664e+00
   2.8116633e+00
   4.0987394e+00
   3.6978366e+00
   2.9800546e+00
   2.3056799e+00
   1.7571095e+00
   1.3346331e+00
   1.0820164e+00
   9.9145973e-01
   9.6936744e-01
   9.8558074e-01
   1.0146971e+00
   9.9751878e-01
   1.0143427e+00
   1.0755416e+00
   1.1601644e+00
   1.3006471e+00
   1.4195833e+00
   1.4226269e+00
   1.3042163e+00
   1.2922142e+00
   1.0894769e+00
   1.7206286e+00
   3.0882348e-01
  -4.4614961e-01
  -1.2146878e+00
  -4.7841790e-01
   6.5224622e-01
   7.5375442e-01
  -2.1806672e-01
   5.0610259e-01
   1.1221661e+00
  -3.7822213e-01
  -2.6481952e+00
  -1.6520456e+00
  -7.9844086e-01
  -1.0342622e+00
  -8.9687639e-01
  -2.4670507e-01
   5.3478149e-01
   1.0067850e+00
   1.0664654e+00
   1.1691516e+00
  -3.8500527e-01
   5.5492282e-01
   1.8936040e+00
   2.6523931e+00
   2.0007110e+00
   2.7778475e+00
   2.6170557e+00
   2.0978026e+00
   1.5027006e+00
   8.9917576e-01
   3.9891022e-01
   4.9215242e-02
  -1.7767125e-01
  -2.9828587e-01
  -3.6167818e-01
  -3.5113788e-01
  -3.0700266e-01
  -3.0810320e-01
  -2.6487613e-01
  -1.7998774e-01
  -1.0099062e-01
  -3.7737660e-02
  -2.2925911e-02
  -1.3372208e-01
  -2.7247652e-01
  -1.8453762e-01
   2.0042337e-01
   1.9071318e+00
   1.3088205e-01
  -7.4345785e-01
  -2.3459787e+00
  -1.4051483e+00
  -7.6318547e-02
  -3.8533583e-01
  -5.7422155e-01
   7.5984311e-01
   1.1386583e+00
   1.1584662e-01
  -2.3828232e+00
  -2.0651369e+00
  -1.1357054e+00
  -2.9186659e+00
  -3.2533901e+00
  -2.4382334e+00
  -1.4512731e+00
  -9.2536324e-01
  -8.9964116e-01
  -8.4137750e-01
  -2.4958601e+00
  -1.6821188e+00
  -5.9147298e-01
   3.6215818e-01
   9.7501791e-01
   7.8119934e-01
   2.9595277e-01
  -4.7754794e-03
  -3.4250811e-01
  -7.2512430e-01
  -1.0372483e+00
  -1.2411183e+00
  -1.4049155e+00
  -1.5464158e+00
  -1.6414315e+00
  -1.6253109e+00
  -1.5238832e+00
  -1.4337127e+00
  -1.3629360e+00
  -1.3136526e+00
  -1.3227850e+00
  -1.4358383e+00
  -1.6184605e+00
  -1.8845855e+00
  -2.0469427e+00
  -1.6989115e+00
   1.5436739e-01
   2.1963201e+00
   1.1203600e+00
  -3.9620680e-01
  -1.7039396e+00
  -2.5013990e+00
  -1.2070981e+00
  -1.7455426e+00
  -1.0593140e+00
   1.2094997e+00
   1.2539929e+00
   5.3341907e-01
  -2.7114666e+00
  -2.7266099e+00
  -2.0362687e+00
  -4.7196317e+00
  -5.5451012e+00
  -4.4536986e+00
  -3.2434990e+00
  -2.8650723e+00
  -2.9452555e+00
  -2.9045196e+00
  -4.0899291e+00
  -3.4309871e+00
  -2.5650370e+00
  -1.8084084e+00
  -1.2686803e+00
  -1.2267696e+00
  -1.5225722e+00
  -1.6391156e+00
  -1.7054265e+00
  -1.8557949e+00
  -2.0097561e+00
  -2.1588497e+00
  -2.2958300e+00
  -2.4154427e+00
  -2.4718900e+00
  -2.4055538e+00
  -2.2466667e+00
  -2.1041405e+00
  -2.0614002e+00
  -2.1217513e+00
  -2.2984109e+00
  -2.6368282e+00
  -3.0232496e+00
  -3.3608527e+00
  -3.4745405e+00
  -2.7833664e+00
  -1.9426644e-02
   2.5192225e+00
   1.2241253e+00
  -6.7789823e-02
  -6.3553590e-01
  -2.5231614e+00
  -2.4805009e+00
  -2.9208455e+00
  -1.4782786e+00
   9.8021168e-01
   1.0390888e+00
   6.6820246e-01
  -1.9358249e+00
  -2.4259744e+00
  -3.2898138e+00
  -5.6724854e+00
  -6.7773833e+00
  -5.6808858e+00
  -4.4652009e+00
  -4.3483057e+00
  -4.4642887e+00
  -4.4244103e+00
  -5.1062255e+00
  -4.5990005e+00
  -3.9388964e+00
  -3.3139925e+00
  -2.8925679e+00
  -2.7745075e+00
  -2.7766681e+00
  -2.6091869e+00
  -2.4305012e+00
  -2.3994935e+00
  -2.5109901e+00
  -2.6997070e+00
  -2.8693676e+00
  -2.9566054e+00
  -2.9400415e+00
  -2.8151958e+00
  -2.6205709e+00
  -2.4985862e+00
  -2.5563869e+00
  -2.7752438e+00
  -3.1790831e+00
  -3.7198048e+00
  -4.2195644e+00
  -4.5557714e+00
  -4.5394454e+00
  -3.6436157e+00
  -8.3357882e-01
   1.3926942e+00
   4.1820526e-01
  -7.7771492e-02
  -8.7570870e-01
  -2.9818199e+00
  -3.7073841e+00
  -3.8475318e+00
  -1.8780732e+00
   6.5480089e-01
   2.8985500e-01
   7.2637117e-01
  -1.4832908e+00
  -2.6580191e+00
  -5.1081285e+00
  -5.7558513e+00
  -5.9722333e+00
  -5.3254457e+00
  -5.2817135e+00
  -5.2952662e+00
  -5.4056644e+00
  -5.3794584e+00
  -5.5492371e+00
  -5.1219591e+00
  -4.6093663e+00
  -4.1088424e+00
  -3.7365375e+00
  -3.4730647e+00
  -3.1674784e+00
  -2.8038615e+00
  -2.5125024e+00
  -2.4443590e+00
  -2.6203326e+00
  -2.9010764e+00
  -3.1498316e+00
  -3.2122107e+00
  -3.1201604e+00
  -2.9354976e+00
  -2.7833118e+00
  -2.7889725e+00
  -3.0123628e+00
  -3.4458476e+00
  -4.0479588e+00
  -4.6606373e+00
  -5.1417516e+00
  -5.3775090e+00
  -5.1448320e+00
  -4.1672702e+00
  -9.8992521e-01
   6.7505703e-01
   1.7634551e-01
  -3.6186352e-02
  -1.2306859e+00
  -3.8395882e+00
  -4.6216649e+00
  -4.3972702e+00
  -1.8781911e+00
   9.5904941e-01
   2.8497049e-01
   2.2893818e-01
  -1.6046199e+00
  -2.7097179e+00
  -4.5340680e+00
  -4.5740866e+00
  -3.9234743e+00
  -4.2895322e+00
  -5.6451304e+00
  -5.6909764e+00
  -5.8430703e+00
  -5.8095458e+00
  -5.4528098e+00
  -5.0273485e+00
  -4.6171293e+00
  -4.2248859e+00
  -3.8311665e+00
  -3.3908131e+00
  -2.8495445e+00
  -2.3938613e+00
  -2.1342130e+00
  -2.1569273e+00
  -2.4543822e+00
  -2.8604851e+00
  -3.1682606e+00
  -3.2161264e+00
  -3.1018109e+00
  -2.9706244e+00
  -2.9669919e+00
  -3.1834171e+00
  -3.6318266e+00
  -4.2518845e+00
  -4.9162416e+00
  -5.4543209e+00
  -5.8013053e+00
  -5.8706179e+00
  -5.4932766e+00
  -4.4540181e+00
  -3.2620943e-01
   1.7119771e-01
   1.1080976e-01
  -8.9766711e-02
  -1.3545251e+00
  -4.4047341e+00
  -5.0303664e+00
  -4.5339127e+00
  -1.7947592e+00
   1.9326028e+00
   5.5601746e-01
  -1.6799268e-01
  -1.6510502e+00
  -2.9531152e+00
  -3.4664512e+00
  -2.7414417e+00
  -1.2919869e+00
  -3.2952616e+00
  -5.5992498e+00
  -5.6505127e+00
  -5.8646126e+00
  -5.7675543e+00
  -4.8458271e+00
  -4.4123816e+00
  -4.0889440e+00
  -3.7472312e+00
  -3.2988846e+00
  -2.7140069e+00
  -2.0743790e+00
  -1.6396956e+00
  -1.5359422e+00
  -1.7221326e+00
  -2.1694155e+00
  -2.6955616e+00
  -3.0571699e+00
  -3.1647699e+00
  -3.1502190e+00
  -3.2100809e+00
  -3.4326119e+00
  -3.8545713e+00
  -4.4397798e+00
  -5.0992112e+00
  -5.6688709e+00
  -6.0330744e+00
  -6.1670437e+00
  -6.0139351e+00
  -5.2925215e+00
  -2.8337481e+00
   1.4557881e+00
   3.4340739e-01
   2.0094950e-01
   8.2254633e-02
  -1.1210942e+00
  -4.0970979e+00
  -4.9218302e+00
  -4.3004589e+00
  -1.6068387e+00
   1.4832247e+00
   2.2771302e-01
  -1.4293921e-01
  -1.1371216e+00
  -1.9872851e+00
  -2.0360878e+00
  -9.3512201e-01
  -3.9460137e-03
  -2.1104116e+00
  -4.6829710e+00
  -5.1955309e+00
  -5.4614577e+00
  -5.2586956e+00
  -3.7871430e+00
  -3.3652086e+00
  -3.1331620e+00
  -2.8018727e+00
  -2.3069520e+00
  -1.7412689e+00
  -1.2819333e+00
  -1.0587857e+00
  -1.1341907e+00
  -1.4768764e+00
  -2.0157161e+00
  -2.5930185e+00
  -3.0408108e+00
  -3.3041167e+00
  -3.5005574e+00
  -3.7830496e+00
  -4.1840329e+00
  -4.6744709e+00
  -5.2016654e+00
  -5.7119274e+00
  -6.1059036e+00
  -6.2804289e+00
  -6.1797361e+00
  -5.7661176e+00
  -4.7205830e+00
  -1.8819640e+00
   1.7480868e+00
   5.3578854e-01
   1.3902333e-01
   6.3036487e-02
  -7.7398688e-01
  -3.6321096e+00
  -4.5905519e+00
  -3.7767162e+00
  -1.3169785e+00
   1.0200890e+00
  -2.2156934e-01
  -1.4006057e-01
  -5.7558823e-01
  -1.3713219e+00
  -9.0157062e-01
   2.8463987e-01
   7.1190387e-01
  -1.2368318e+00
  -2.1956513e+00
  -4.2700744e+00
  -4.6010876e+00
  -4.3020015e+00
  -2.4707543e+00
  -2.0772845e+00
  -1.9576615e+00
  -1.7534184e+00
  -1.4127483e+00
  -1.1981511e+00
  -1.1695730e+00
  -1.2710956e+00
  -1.4759952e+00
  -1.8023820e+00
  -2.2346813e+00
  -2.7431466e+00
  -3.2349801e+00
  -3.6598244e+00
  -4.0273845e+00
  -4.4114583e+00
  -4.8422087e+00
  -5.2790445e+00
  -5.6429051e+00
  -5.9240063e+00
  -6.1079072e+00
  -6.1062387e+00
  -5.8110012e+00
  -5.1425532e+00
  -3.6357565e+00
  -3.7957313e-01
   8.9517849e-01
   3.6624195e-01
  -5.6208554e-02
  -2.8484167e-01
  -6.6344998e-01
  -3.4745185e+00
  -4.1752355e+00
  -3.1763329e+00
  -9.8066348e-01
   8.2845609e-01
  -5.8163742e-01
  -3.5513725e-01
  -2.4557510e-01
  -1.3608178e+00
  -2.5240113e-01
   9.3965071e-01
   1.3257225e+00
  -4.9273151e-01
  -8.7974566e-01
  -2.7425977e+00
  -3.3874073e+00
  -3.0487956e+00
  -1.1121380e+00
  -7.9135697e-01
  -9.2291474e-01
  -1.0563437e+00
  -1.2430831e+00
  -1.5957242e+00
  -2.0391506e+00
  -2.3947951e+00
  -2.6369146e+00
  -2.8310060e+00
  -3.0448553e+00
  -3.3706698e+00
  -3.7523649e+00
  -4.1364653e+00
  -4.4836448e+00
  -4.8188031e+00
  -5.1564058e+00
  -5.4713238e+00
  -5.6851028e+00
  -5.7616500e+00
  -5.7006887e+00
  -5.4896635e+00
  -5.0179446e+00
  -4.0881488e+00
  -2.1694428e+00
   7.8573339e-01
   1.3298711e+00
   4.4385019e-01
  -4.8201474e-01
  -1.2203550e+00
  -1.1178629e+00
  -3.7536487e+00
  -3.9092417e+00
  -2.7089125e+00
  -8.5806721e-01
   7.0946608e-01
  -8.5837345e-01
  -6.8796943e-01
  -6.7371599e-01
  -1.6900278e+00
   1.0961518e-01
   1.3730920e+00
   1.3520465e+00
   7.1416159e-02
  -7.8151892e-01
  -1.2801511e+00
  -2.0871733e+00
  -1.7345064e+00
   2.1967904e-01
   4.4040784e-01
  -3.0864336e-01
  -9.6555328e-01
  -1.8225558e+00
  -2.6918692e+00
  -3.4656460e+00
  -3.9815829e+00
  -4.2608178e+00
  -4.3949974e+00
  -4.4750107e+00
  -4.5969117e+00
  -4.7314632e+00
  -4.8847092e+00
  -5.0349153e+00
  -5.1898864e+00
  -5.3275517e+00
  -5.4448999e+00
  -5.4696062e+00
  -5.3223041e+00
  -5.0002177e+00
  -4.5210836e+00
  -3.7961533e+00
  -2.5768496e+00
  -4.3475416e-01
   1.1919664e+00
   1.1841901e+00
   3.8881563e-01
  -9.6864378e-01
  -2.5800463e+00
  -2.2165257e+00
  -4.2657836e+00
  -3.4350276e+00
  -2.1035341e+00
  -5.8602366e-01
   6.3604841e-01
  -9.5074892e-01
  -1.1188226e+00
  -1.9644943e+00
  -2.6495692e+00
   1.5304924e-01
   1.5558750e+00
   1.1436918e+00
  -1.2135733e-01
  -1.1779862e+00
  -6.0651503e-01
  -8.3224939e-01
  -4.9499971e-01
   1.7422287e+00
   1.9878497e+00
   3.7613004e-01
  -1.2384163e+00
  -2.7568328e+00
  -3.9294415e+00
  -4.8696461e+00
  -5.5016460e+00
  -5.8644271e+00
  -6.0366054e+00
  -6.0993161e+00
  -6.1111274e+00
  -6.0681977e+00
  -5.9933438e+00
  -5.8828607e+00
  -5.7667470e+00
  -5.6281924e+00
  -5.4711399e+00
  -5.2357779e+00
  -4.8694749e+00
  -4.3548832e+00
  -3.6519456e+00
  -2.6670516e+00
  -1.2414696e+00
   8.6043084e-01
   1.2678212e+00
   6.5242201e-01
   3.0340114e-01
  -6.9685286e-01
  -2.1402438e+00
  -3.4649904e+00
  -4.3462429e+00
  -2.6016579e+00
  -1.0197155e+00
   3.3958948e-01
   5.1110417e-01
  -3.7495178e-01
  -1.3741285e+00
  -3.1835184e+00
  -4.3933377e+00
  -2.4498332e-01
   1.4481655e+00
   1.7366593e+00
  -5.7723367e-01
  -2.1815417e+00
  -4.8284733e-01
   2.7778307e-01
   7.5482625e-01
   2.6930315e+00
   1.1324338e+00
   7.9757574e-01
  -7.8773239e-01
  -3.4344259e+00
  -4.6909117e+00
  -5.6234162e+00
  -6.2751605e+00
  -6.6692311e+00
  -6.8695017e+00
  -6.9360935e+00
  -6.9305846e+00
  -6.8414003e+00
  -6.6669938e+00
  -6.3960602e+00
  -6.0627344e+00
  -5.6693962e+00
  -5.2578128e+00
  -4.8135499e+00
  -4.3016157e+00
  -3.7072716e+00
  -2.9564966e+00
  -1.9438171e+00
  -6.4980517e-01
   1.0178957e+00
   1.1866728e+00
   3.3702802e-01
   7.6551637e-02
  -5.5510395e-01
  -1.2958122e+00
  -2.5760741e+00
  -2.7837974e+00
  -7.0802811e-01
  -1.5036939e-01
   2.4396704e-01
   3.6980490e-02
  -1.1161117e-01
  -1.0886191e+00
  -3.1911775e+00
  -5.6342147e+00
  -7.5199172e-01
   9.4701297e-01
   2.0912454e+00
  -8.3490839e-01
  -2.5222246e+00
   4.1971366e-02
   1.2993577e+00
   1.8227536e+00
   1.0343683e+00
   3.6856781e-01
   1.2907489e-01
  -1.0790563e+00
  -3.6058963e+00
  -4.6738676e+00
  -5.4175547e+00
  -5.9819453e+00
  -6.3732841e+00
  -6.6303312e+00
  -6.7622768e+00
  -6.8189522e+00
  -6.7746259e+00
  -6.6256320e+00
  -6.3617599e+00
  -5.9993536e+00
  -5.5303901e+00
  -4.9810199e+00
  -4.3638835e+00
  -3.6947711e+00
  -2.9977371e+00
  -2.2062106e+00
  -1.2780375e+00
  -3.6868446e-01
   4.1171608e-01
   6.6668973e-01
  -1.5223144e-02
  -3.0094003e-01
  -8.9093782e-01
  -1.2272231e+00
  -1.6531225e+00
  -1.0888848e+00
   3.3287354e-01
  -3.1575792e-01
  -2.0947493e-01
  -4.6579594e-01
  -2.1259451e-01
  -8.0474081e-01
  -2.8229071e+00
  -5.3506916e+00
  -1.3495404e+00
  -1.9117556e-02
   5.2993118e-01
  -1.4343527e+00
  -1.7103610e+00
   7.5668409e-01
   2.2053911e+00
   1.8199971e+00
   8.0714285e-01
  -4.1590849e-01
  -5.5902916e-01
  -1.9231126e+00
  -3.7090976e+00
  -4.5837531e+00
  -5.2045112e+00
  -5.6781921e+00
  -6.0057487e+00
  -6.2292995e+00
  -6.3412986e+00
  -6.3843565e+00
  -6.3316526e+00
  -6.1876903e+00
  -5.9505310e+00
  -5.6162734e+00
  -5.1397753e+00
  -4.5161953e+00
  -3.7383525e+00
  -2.8748348e+00
  -2.0662725e+00
  -1.3593948e+00
  -7.5017321e-01
  -4.4794992e-01
  -6.7275822e-01
  -7.3608679e-01
  -5.1373863e-01
  -9.9207377e-01
  -1.7153344e+00
  -2.5288231e+00
  -1.1454906e+00
   4.4058168e-01
   6.3308489e-01
  -7.3606861e-01
  -6.8684036e-01
  -1.2708975e+00
  -6.7504519e-01
  -6.7047822e-01
  -1.7571583e+00
  -3.3214505e+00
  -1.4112976e+00
  -8.3598077e-01
  -8.2011372e-01
  -2.0100944e+00
  -7.3268658e-01
   1.3772938e+00
   2.6498222e+00
   1.5401449e+00
   3.4452760e-01
  -4.8702380e-01
  -1.0195398e+00
  -2.8312345e+00
  -4.0740414e+00
  -4.9567561e+00
  -5.6831188e+00
  -6.2351303e+00
  -6.5980144e+00
  -6.8074479e+00
  -6.8757401e+00
  -6.8480148e+00
  -6.7145276e+00
  -6.4940724e+00
  -6.1873131e+00
  -5.7951374e+00
  -5.2722135e+00
  -4.5927320e+00
  -3.7476406e+00
  -2.7731166e+00
  -1.8527651e+00
  -1.2179811e+00
  -9.4825542e-01
  -1.1181887e+00
  -1.9026233e+00
  -2.6259012e+00
  -1.8560317e+00
  -2.6560030e+00
  -3.4590907e+00
  -3.2175803e+00
  -9.5013976e-01
   1.4198756e+00
   4.8929113e-01
  -8.8390601e-01
  -1.4484109e+00
  -2.4816198e+00
  -1.7700090e+00
  -9.8674875e-01
  -5.6732672e-01
  -1.3115491e+00
  -1.2305484e+00
  -1.4236231e+00
  -1.4530609e+00
  -1.5251135e+00
   1.7659938e-01
   1.6831884e+00
   2.6477869e+00
   1.5277728e+00
   1.4455847e-01
  -4.3264681e-01
  -1.5115628e+00
  -3.6117620e+00
  -4.4964561e+00
  -5.4803314e+00
  -6.3822322e+00
  -7.0771995e+00
  -7.5330629e+00
  -7.7986078e+00
  -7.9199715e+00
  -7.9318419e+00
  -7.8410468e+00
  -7.6626825e+00
  -7.3749447e+00
  -6.9834218e+00
  -6.4595098e+00
  -5.7473130e+00
  -4.8294616e+00
  -3.7701459e+00
  -2.7297997e+00
  -2.0305667e+00
  -1.8374428e+00
  -2.1772287e+00
  -3.0885675e+00
  -4.0080805e+00
  -4.6064138e+00
  -5.3084774e+00
  -4.8791499e+00
  -3.3038490e+00
  -1.2090973e+00
   1.2756697e+00
   2.4173646e-01
  -9.3963224e-01
  -1.7731267e+00
  -3.4610927e+00
  -3.4103322e+00
  -2.0051517e+00
  -8.5596576e-02
  -7.4470246e-01
  -1.1542075e+00
  -1.7951337e+00
  -1.1671097e+00
  -4.0818512e-01
   8.6780542e-01
   1.6601743e+00
   2.0995641e+00
   1.3962809e+00
  -4.2116117e-01
  -1.9734385e+00
  -4.6593302e+00
  -4.3154662e+00
  -4.7516740e+00
  -5.7996300e+00
  -6.7922925e+00
  -7.5345912e+00
  -8.0060811e+00
  -8.2944665e+00
  -8.4441591e+00
  -8.4818979e+00
  -8.4193807e+00
  -8.2697139e+00
  -8.0165257e+00
  -7.6630492e+00
  -7.1802439e+00
  -6.5198688e+00
  -5.6400388e+00
  -4.5935510e+00
  -3.5044326e+00
  -2.6780109e+00
  -2.4276976e+00
  -2.9136118e+00
  -4.0180595e+00
  -4.8906491e+00
  -5.3205264e+00
  -5.5703929e+00
  -4.9554666e+00
  -3.6844303e+00
  -2.1058990e+00
   3.2984491e-01
  -1.0368735e-02
  -1.4852277e+00
  -1.4423898e+00
  -4.0226872e+00
  -4.4977534e+00
  -3.6150963e+00
  -9.1068404e-01
  -1.2379033e+00
  -2.0307397e+00
  -2.2661377e+00
  -7.9706560e-01
   6.5466670e-01
   1.3980827e+00
   1.5637792e+00
   1.5181169e+00
   1.0015830e+00
  -8.1506731e-01
  -2.8569840e+00
  -5.2847627e+00
  -4.4139461e+00
  -4.7765349e+00
  -5.8295844e+00
  -6.8419734e+00
  -7.5653763e+00
  -8.0094576e+00
  -8.2934665e+00
  -8.4582652e+00
  -8.5255918e+00
  -8.4990224e+00
  -8.3820467e+00
  -8.1736097e+00
  -7.8719430e+00
  -7.4420992e+00
  -6.8494903e+00
  -6.0569742e+00
  -5.0615166e+00
  -3.9129624e+00
  -2.8061391e+00
  -2.4597127e+00
  -3.2199124e+00
  -4.4972143e+00
  -5.3488792e+00
  -5.5836804e+00
  -5.5856855e+00
  -5.1125334e+00
  -4.2689476e+00
  -3.2096745e+00
  -9.5847124e-01
  -4.0321056e-01
  -2.8788592e+00
  -1.9501213e+00
  -3.8121448e+00
  -5.6056254e+00
  -6.0951698e+00
  -4.9008044e+00
  -3.4984513e+00
  -3.7651539e+00
  -2.6858966e+00
  -6.2033944e-01
   1.4244967e+00
   1.8737512e+00
   1.6310308e+00
   1.6303685e+00
   5.4147434e-01
  -9.2539608e-01
  -2.8213453e+00
  -4.9552917e+00
  -4.2013545e+00
  -4.5825753e+00
  -5.6185074e+00
  -6.6245065e+00
  -7.2966285e+00
  -7.6963921e+00
  -7.9376054e+00
  -8.0770950e+00
  -8.1567936e+00
  -8.1798544e+00
  -8.1345816e+00
  -8.0173960e+00
  -7.8123856e+00
  -7.4864569e+00
  -6.9924879e+00
  -6.2909288e+00
  -5.3144712e+00
  -4.0142117e+00
  -2.4115906e+00
  -7.7170360e-01
  -1.3740495e+00
  -4.3449965e+00
  -5.4430313e+00
  -5.5936537e+00
  -5.5798330e+00
  -5.2732258e+00
  -4.7448702e+00
  -4.1192150e+00
  -2.7862689e+00
  -7.8662717e-01
  -3.1627467e+00
  -3.7194457e+00
  -4.0932922e+00
  -6.6206431e+00
  -7.2227392e+00
  -8.3497410e+00
  -7.6279702e+00
  -4.9550562e+00
  -3.0133905e+00
  -5.1972687e-01
   2.2266912e+00
   2.6701281e+00
   1.8706979e+00
   1.5020432e+00
   7.3466823e-02
  -1.0681498e+00
  -2.6427326e+00
  -4.4487858e+00
  -3.8325305e+00
  -4.2046256e+00
  -5.1792612e+00
  -6.1605000e+00
  -6.8123641e+00
  -7.1946874e+00
  -7.3931179e+00
  -7.4715858e+00
  -7.5193129e+00
  -7.5685344e+00
  -7.5919914e+00
  -7.5729871e+00
  -7.4742799e+00
  -7.2564540e+00
  -6.8752694e+00
  -6.2691879e+00
  -5.3076677e+00
  -3.8497169e+00
  -1.7264218e+00
   1.5126063e-01
  -1.0364159e+00
  -4.3024511e+00
  -5.2293382e+00
  -5.3271675e+00
  -5.3977780e+00
  -5.2724581e+00
  -4.9832654e+00
  -4.5889058e+00
  -3.7894478e+00
  -1.0524613e+00
  -2.4360447e+00
  -5.0472155e+00
  -6.1750593e+00
  -6.7807918e+00
  -7.1675067e+00
  -8.7196960e+00
  -7.3956361e+00
  -4.9910145e+00
  -3.2539568e+00
  -6.1910963e-01
   2.8234398e+00
   3.5832212e+00
   2.1909146e+00
   9.0890706e-01
  -1.8749106e-01
  -2.7702963e-01
  -1.2958470e+00
  -2.7041289e+00
  -3.3943384e+00
  -3.7110868e+00
  -4.4395723e+00
  -5.3283666e+00
  -6.0452812e+00
  -6.5241205e+00
  -6.7863294e+00
  -6.8762437e+00
  -6.8847228e+00
  -6.8887540e+00
  -6.9046656e+00
  -6.9383818e+00
  -6.9469673e+00
  -6.8487212e+00
  -6.5645034e+00
  -6.0125811e+00
  -5.0182956e+00
  -3.3888245e+00
  -9.0157891e-01
   1.1459421e-01
  -1.7325474e+00
  -4.2181530e+00
  -4.5895671e+00
  -4.6170973e+00
  -4.8603629e+00
  -4.9840440e+00
  -4.9462317e+00
  -4.7701396e+00
  -4.2850389e+00
  -2.2183153e+00
  -2.2883050e+00
  -4.8862289e+00
  -7.1290637e+00
  -6.7732283e+00
  -6.7161280e+00
  -6.9572970e+00
  -5.7746489e+00
  -4.4482850e+00
  -3.2986251e+00
  -8.4136828e-01
   1.6891616e+00
   2.5828184e+00
   2.5026004e+00
   8.6543097e-01
   5.1415402e-01
   7.2669685e-01
  -6.4281154e-01
  -1.3631245e+00
  -2.9964721e+00
  -3.1804667e+00
  -3.5237582e+00
  -4.2155232e+00
  -4.9764972e+00
  -5.6214552e+00
  -6.0672321e+00
  -6.2832980e+00
  -6.3259649e+00
  -6.2927084e+00
  -6.2322240e+00
  -6.2145481e+00
  -6.2555103e+00
  -6.2566700e+00
  -6.0780592e+00
  -5.5771194e+00
  -4.5309873e+00
  -2.7128313e+00
  -3.4796894e-03
   7.6883101e-01
  -1.2682333e+00
  -3.2709601e+00
  -3.4642820e+00
  -3.3504992e+00
  -3.7928967e+00
  -4.2402458e+00
  -4.4930801e+00
  -4.5233769e+00
  -4.2772369e+00
  -3.5629311e+00
  -2.1887045e+00
  -3.1961067e+00
  -6.3467302e+00
  -6.1397638e+00
  -5.9720855e+00
  -5.3129506e+00
  -3.9819410e+00
  -3.2702048e+00
  -3.0010712e+00
  -8.3954227e-01
   5.1617855e-01
   8.2206464e-01
   1.4374743e+00
   1.0043640e+00
   1.7968296e+00
   6.9751370e-01
  -5.5360675e-01
  -1.1943599e+00
  -2.6821401e+00
  -2.5721729e+00
  -2.6233718e+00
  -3.0693481e+00
  -3.7688475e+00
  -4.4842596e+00
  -5.0932932e+00
  -5.4548726e+00
  -5.5798473e+00
  -5.5709715e+00
  -5.4666634e+00
  -5.3660965e+00
  -5.3741903e+00
  -5.4201794e+00
  -5.3186007e+00
  -4.8694773e+00
  -3.8096480e+00
  -1.8851068e+00
   4.2876768e-01
   9.8325819e-01
  -1.1313883e+00
  -2.1958423e+00
  -1.8424745e+00
  -1.6008501e+00
  -2.2346265e+00
  -3.0077019e+00
  -3.5421629e+00
  -3.8646779e+00
  -3.9295278e+00
  -3.9691362e+00
  -2.6776147e+00
  -1.6882480e+00
  -4.7910943e+00
  -5.2632780e+00
  -4.7821279e+00
  -3.4391308e+00
  -1.9650726e+00
  -5.3686780e-01
  -1.8484313e+00
  -2.9677734e-02
   5.9018880e-01
   9.2155915e-01
   1.8382914e-01
   1.5585428e-01
   1.7764009e+00
   7.7674799e-02
  -4.5934656e-01
  -1.5627850e+00
  -2.1557975e+00
  -1.6413316e+00
  -1.6234162e+00
  -1.9611592e+00
  -2.5958397e+00
  -3.2916172e+00
  -3.9232271e+00
  -4.3369794e+00
  -4.5209823e+00
  -4.5601273e+00
  -4.4574199e+00
  -4.3001995e+00
  -4.2484307e+00
  -4.2991447e+00
  -4.2740588e+00
  -3.9062223e+00
  -2.8534412e+00
  -8.6868310e-01
   4.7727418e-01
   6.8688947e-01
  -1.5026523e+00
  -1.3309631e+00
  -6.5827206e-02
   1.3776967e-01
  -5.4496747e-01
  -1.4263080e+00
  -2.1892643e+00
  -2.8471832e+00
  -3.3356538e+00
  -3.9942961e+00
  -5.2564526e+00
  -4.5308681e+00
  -3.6672871e+00
  -3.8514278e+00
  -3.2369220e+00
  -1.8238952e+00
  -6.1192983e-01
   1.0629447e+00
  -6.9033921e-01
   7.3443854e-01
   1.4150777e+00
   2.6189618e+00
   5.5482352e-01
   1.8356070e-01
   1.1602486e+00
  -8.2477957e-01
  -5.7526773e-01
  -6.4505404e-01
  -6.0008538e-01
  -1.2388624e-01
  -2.7985916e-01
  -7.5127262e-01
  -1.3639305e+00
  -2.0073943e+00
  -2.5590160e+00
  -2.9373419e+00
  -3.1283212e+00
  -3.1550305e+00
  -3.0618093e+00
  -2.9081483e+00
  -2.8126540e+00
  -2.8260229e+00
  -2.8706369e+00
  -2.6197615e+00
  -1.6571993e+00
   4.0036571e-01
   1.0132936e+00
   3.9420152e-01
  -1.6970993e+00
  -4.7158602e-01
   1.3392025e+00
   1.4759190e+00
   9.8613238e-01
   3.3084393e-01
  -4.5884600e-01
  -1.4686358e+00
  -2.4205101e+00
  -3.0063891e+00
  -3.3100669e+00
  -4.0517383e+00
  -2.0663087e+00
  -1.7263041e+00
  -1.3982031e+00
  -1.0323946e+00
  -2.4067055e-01
  -4.7601670e-02
  -2.2944868e-01
  -3.4638017e-01
   1.0983800e+00
   1.7152044e+00
   1.5215769e+00
   1.3467933e+00
   2.6346810e-02
  -1.2431778e+00
  -9.7484177e-01
  -1.2590126e-01
   7.3309903e-01
   1.2536932e+00
   9.0403419e-01
   2.3505537e-01
  -3.5650097e-01
  -8.5389101e-01
  -1.2647320e+00
  -1.5525491e+00
  -1.7016989e+00
  -1.6787036e+00
  -1.5825916e+00
  -1.4588227e+00
  -1.3714050e+00
  -1.3824273e+00
  -1.4571055e+00
  -1.3346119e+00
  -5.2895180e-01
   1.4517535e+00
   1.1910939e+00
   1.6667403e-01
  -1.3167256e+00
  -1.1809570e-01
   6.5571282e-01
   7.9339282e-01
   1.6185337e+00
   1.7601710e+00
   1.1456903e+00
  -7.1853359e-02
  -1.4088285e+00
  -2.1765050e+00
  -1.3035334e+00
  -6.0141156e-01
   3.3636763e-01
   3.8459244e-01
   3.0186390e-01
  -1.7449094e-01
  -5.9340546e-01
  -6.8667028e-01
  -3.6028867e-01
  -6.9823679e-02
   6.8584077e-01
  -7.2456156e-02
   2.5773470e-01
   1.5041933e+00
   3.1479960e-01
  -5.9577870e-01
  -9.9624664e-01
  -1.2656821e-01
   1.2755951e+00
   1.8329033e+00
   1.4162219e+00
   8.2414770e-01
   4.4554546e-01
   1.8611030e-01
  -2.4156775e-02
  -1.5582630e-01
  -2.1011806e-01
  -1.5106533e-01
  -4.0712610e-02
   5.5539075e-02
   1.0619408e-01
   6.3652828e-02
  -3.7076261e-02
  -5.5787832e-02
   4.7266841e-01
   1.8126376e+00
   9.8320800e-01
  -4.2478395e-01
  -1.0571762e+00
   3.9127644e-02
   4.5675930e-01
   5.8920258e-01
   1.2725208e+00
   2.2699537e+00
   2.2795579e+00
   1.1586140e+00
  -2.4079835e-01
  -1.3506696e+00
  -5.4198194e-01
   7.5303987e-02
   9.1524768e-01
   1.5254580e+00
   1.0110846e+00
   9.6446049e-01
   4.5457277e-01
   3.0999899e-01
   9.1502541e-01
   1.5339553e+00
   1.0454159e+00
   1.8434837e-01
   6.0005081e-01
   1.1784608e+00
   1.6354142e+00
   2.7364618e-01
  -4.3451601e-01
   3.0332872e-01
   9.7904819e-01
   1.1493368e+00
   8.7814140e-01
   7.6878470e-01
   9.0302080e-01
   9.9786472e-01
   1.0600275e+00
   1.1368715e+00
   1.2201661e+00
   1.3243229e+00
   1.4374840e+00
   1.5053394e+00
   1.5071754e+00
   1.4439878e+00
   1.3075746e+00
   1.1312281e+00
   1.2056606e+00
   1.4187138e+00
   1.1428070e+00
  -7.3478764e-01
  -4.8958087e-01
   2.6161623e-01
   5.6858534e-01
   8.0712640e-01
   6.6042626e-01
   1.2971400e+00
   1.9181446e+00
   1.5342239e+00
   9.2885339e-01
   7.6260194e-02
   8.9596048e-02
   1.9428726e-01
   5.2081788e-01
   1.3850099e+00
   1.3149052e+00
   1.7621504e+00
   1.9034662e+00
   2.0668464e+00
   2.7153313e+00
   2.4876406e+00
   1.3905278e+00
   1.1084230e+00
   3.1557304e-01
   1.0493227e+00
   1.8352267e+00
   4.5914629e-01
  -1.5822123e-01
   6.7665523e-01
   1.1649112e+00
   4.0778220e-03
  -5.4758239e-01
   2.1562755e-01
   9.5415223e-01
   1.4249706e+00
   1.8086538e+00
   2.1485014e+00
   2.4181366e+00
   2.6068945e+00
   2.7249827e+00
   2.7642925e+00
   2.7389550e+00
   2.6582365e+00
   2.4688013e+00
   2.1384649e+00
   1.6779740e+00
   5.5264848e-01
   1.2611779e+00
   2.6042446e-02
   1.6538749e-02
   2.2128928e-02
   3.2106912e-01
   7.3390442e-01
   8.9396733e-01
   7.1814334e-01
   5.3828597e-01
   1.2795484e+00
   1.7694744e+00
   1.6212406e+00
   1.0307513e+00
   2.9126027e-01
   1.7617729e-01
   1.4433204e+00
   1.6938612e+00
   1.6453147e+00
   2.2550282e+00
   3.2201664e+00
   3.6917129e+00
   2.6498725e+00
   1.1399345e+00
   8.6416626e-01
   9.4750684e-01
   3.1907272e-01
   9.3611026e-01
  -2.3983677e-01
   2.5984228e-01
   8.8982837e-01
   1.5677703e+00
   1.0385836e-01
  -1.5376460e+00
   3.6414169e-02
   8.8692890e-01
   1.4783280e+00
   2.1466222e+00
   2.7531091e+00
   3.2531509e+00
   3.5807268e+00
   3.7345662e+00
   3.7754760e+00
   3.7346706e+00
   3.6069827e+00
   3.3700852e+00
   2.9387916e+00
   2.1738768e+00
   4.4818472e-01
   1.1259580e+00
   5.6254566e-01
  -2.3651533e-01
  -3.8377564e-01
   7.5794058e-03
   3.2795064e-01
   7.4470451e-01
   9.3724649e-01
   8.8117735e-01
   1.1711750e+00
   2.4108809e+00
   2.4942775e+00
   6.9675883e-01
   4.4108488e-01
   9.6871900e-01
   1.1427912e+00
   1.1947292e+00
   1.4692435e+00
   1.5601937e+00
   2.5279563e+00
   1.6437804e+00
   8.0195240e-01
   2.8385881e-01
   5.1966036e-01
   3.2890121e-01
   5.3229338e-01
  -1.2416189e-01
   3.2599550e-01
   6.1636281e-01
   7.3652971e-01
  -1.5469220e-02
   1.9057894e+00
  -1.1424591e-01
   4.7563794e-01
   7.9965025e-01
   1.3649361e+00
   2.1177015e+00
   2.8471301e+00
   3.4313171e+00
   3.7859244e+00
   3.9926465e+00
   4.1124582e+00
   4.0677452e+00
   3.8926501e+00
   3.6892328e+00
   3.2314749e+00
   2.4530168e+00
   1.6200341e+00
   1.0806718e+00
   9.4213963e-01
  -8.6890364e-01
  -5.3554094e-01
  -8.1676647e-02
   2.0800281e-01
   4.4283903e-01
   4.5504731e-01
   3.5526049e-01
   9.3063712e-01
   1.8937545e+00
   2.5044549e+00
   1.1702306e+00
   1.0762941e+00
   1.4288030e+00
   1.2260282e+00
   1.2057050e+00
   1.0569080e+00
   9.8182845e-01
   9.4374412e-01
   4.4712445e-01
   2.2322756e-01
   5.1725805e-01
   3.2733473e-01
   6.0509670e-01
   2.0554982e-01
   2.3919581e-01
   5.5115747e-01
   1.5650156e-01
   4.3308333e-01
  -1.4918588e-01
   2.0235140e+00
   4.1527754e-01
  -1.5722828e-01
  -2.4306144e-01
   7.1999067e-01
   1.5785201e+00
   2.1824479e+00
   2.8277333e+00
   3.2344949e+00
   3.5107229e+00
   3.6725829e+00
   3.6711652e+00
   3.5444715e+00
   3.1722431e+00
   2.8047540e+00
   2.1916509e+00
   1.4090507e-01
   9.3067336e-01
   3.8108167e-01
  -9.5239353e-01
  -4.8012725e-01
  -1.6949367e-02
   2.4599044e-01
   2.6982847e-01
   2.1311946e-01
   2.3109758e-01
   1.8802010e-01
   7.3727354e-02
   7.3340356e-01
   5.1573980e-01
   6.0103214e-01
   3.1578651e-01
   7.8644413e-01
   5.0769389e-01
   4.0576699e-01
   2.7238056e-01
   2.4364799e-01
   3.8771054e-01
   2.9131857e-01
   2.7658647e-01
   9.3520507e-02
   4.0940285e-01
   2.3988289e-01
   5.8079278e-01
   1.4596854e-01
  -1.3356972e-01
   3.9160147e-02
  -2.4288389e-01
   1.3998238e+00
   1.2366816e-02
   4.8537947e-02
   2.7963459e-02
  -7.6987155e-02
   4.8117015e-01
   1.0651590e+00
   1.5223978e+00
   1.9779196e+00
   2.2174160e+00
   2.3236580e+00
   2.3398190e+00
   2.1633236e+00
   2.0159590e+00
   1.5085291e+00
   9.9522775e-01
  -1.9577116e+00
   2.1582618e+00
  -1.6399254e-01
  -6.0963547e-01
  -4.3130541e-01
   5.6384079e-02
   2.1802388e-01
   1.6330235e-01
   8.8360213e-02
  -4.7432672e-02
   1.3480239e-01
  -4.9137992e-01
   3.8584647e-01
   3.6901149e-01
   2.6734662e-01
   4.0483449e-02
   5.6493962e-01
   3.2730842e-01
   2.7734435e-01
   2.8894695e-02
  -1.5918015e-01
   1.1774271e-01
  -1.1163522e-02
  -8.1186049e-02
  -2.1658055e-02
   2.0905586e-02
  -4.7032051e-02
  -2.1138562e-01
   8.8172603e-01
  -1.2967500e-01
   1.4316452e-01
  -2.4557170e-01
   2.8406194e-01
  -7.0990616e-01
   7.1894991e-01
   7.5940782e-01
  -2.6962399e-01
  -3.3021852e-01
  -3.3652553e-01
  -1.1455865e-01
   1.6009443e-01
   2.2043733e-01
  -8.7608650e-02
  -4.5305976e-01
  -2.9708764e-01
  -7.2814512e-01
  -4.1766560e-01
  -2.3672583e+00
  -2.2645977e+00
   1.7969255e+00
  -6.1553913e-01
  -4.6021187e-01
  -3.0412260e-01
   1.2652549e-01
   9.9906251e-02
   1.1411026e-01
  -1.1631239e-01
  -1.9293889e-01
   5.7290867e-02
  -7.6620865e-01
   6.0441798e-01
   5.3818250e-01
   3.0570328e-02
  -2.9572663e-01
   1.7389117e-01
   7.6033759e-01
   3.3013368e-01
  -8.5948482e-02
  -1.4763978e-01
  -8.5390165e-02
  -1.0504772e-01
   1.0571661e-01
  -4.0407437e-01
  -6.4695865e-01
  -4.9070498e-01
  -2.8351387e-01
   6.7200714e-01
  -3.7385246e-01
  -9.6337521e-01
  -4.9221689e-01
   2.9294121e-01
   1.0963415e-01
   3.5578537e-01
   8.1782019e-01
  -1.8880391e-02
  -7.4354500e-01
  -1.5098604e+00
  -1.9657860e+00
  -1.3553675e+00
  -1.4872962e+00
  -2.2641213e+00
  -2.0451379e+00
  -1.7645855e+00
  -2.8589418e+00
  -3.0528779e+00
  -4.2209002e-01
   5.0032248e+00
   2.1349661e+00
  -5.4819471e-01
  -5.2615094e-01
   3.4752876e-02
   2.5867534e-01
   2.2543345e-01
  -2.7905550e-02
  -4.2952538e-01
  -2.4548332e-01
  -5.3607172e-01
  -1.1521646e+00
  -3.6850512e-01
   3.9899176e-01
   4.0096200e-01
  -3.7444714e-01
  -1.0743842e+00
  -9.7422683e-01
  -9.2938447e-01
  -6.0220492e-01
  -2.0213470e-01
  -5.8576692e-02
   5.6894403e-03
  -2.3830932e-01
  -5.9731615e-01
  -6.8746030e-01
  -5.1763165e-01
   6.6756386e-01
  -7.2738910e-01
  -7.8051567e-01
  -7.1079701e-01
  -5.5862808e-01
  -4.9050856e-01
  -4.7025332e-01
  -3.9637375e-01
  -1.5277761e-01
  -2.4548020e-02
  -1.6619645e-01
  -2.9445678e-01
  -1.8414128e-01
  -1.8486537e-01
  -3.1994036e-01
  -3.7432295e-01
  -4.9195656e-01
  -8.4163046e-01
  -6.6959029e-01
   3.6294226e-02
  -2.1907380e-01
  -8.7800300e-01
  -9.6434224e-01
  -6.8682051e-01
  -3.7769800e-01
  -2.1479669e-01
  -2.9588500e-01
  -5.8756155e-01
  -6.6832066e-01
  -2.1031989e-01
   1.3243885e-01
  -3.8443136e-01
  -1.9027617e+00
  -1.5605516e+00
  -3.5856180e-02
   9.4521068e-02
  -1.5668172e-01
  -1.9637449e-01
  -1.8380286e-01
  -3.0138403e-01
  -2.6785260e-01
  -1.4371245e-01
  -3.5509062e-01
  -7.1697682e-01
  -7.2993577e-01
  -3.6259598e-01
  -2.0472245e-01
  -3.9183480e-01
  -5.9576404e-01
