   3.2072732e-01
   2.4043550e-01
  -5.2753739e-02
  -3.4827343e-01
  -2.4187946e-01
   9.3634307e-02
   3.7384623e-01
   6.0976905e-01
   1.0088243e+00
   1.7697196e+00
   1.8882309e+00
   1.5896708e+00
   1.2281712e+00
   1.0943812e+00
   7.8999472e-01
   3.7096915e-01
   1.8765713e-01
   2.2370130e-01
   3.2986760e-01
   3.9802152e-01
   3.1013304e-01
   2.0370224e-01
   1.4913897e-01
  -4.3615643e-03
  -1.7461653e-01
   1.4728406e-01
   7.4579728e-01
   8.9195848e-01
   6.4951271e-01
   4.9352562e-01
   3.0418319e-01
   3.4099467e-02
  -2.6737843e-02
   1.3497581e-01
   2.8107294e-01
   2.2923815e-01
   1.0081966e-01
   2.6338327e-01
   7.6674366e-01
   9.6810317e-01
   6.4104128e-01
   2.9692182e-01
   3.5571525e-01
   6.4702213e-01
   2.1239552e-01
  -5.0499164e-02
  -4.7395892e-02
   1.4014076e-01
   7.8204966e-01
   5.8222693e-01
   3.3127579e-01
   1.2496187e-01
   5.1892012e-01
   9.6652544e-01
   2.5546545e-01
   1.5571640e-01
   1.1778095e+00
   1.6463915e+00
   1.5766689e+00
   1.5377437e+00
   1.5426402e+00
   1.7563579e+00
   1.5648328e+00
   1.2505423e+00
   1.1618757e+00
   1.0833892e+00
   7.2247231e-01
   6.9248557e-01
   3.9757547e-01
  -2.6635027e-01
  -3.9730477e-01
  -1.1192417e+00
  -9.7392142e-01
   6.3994730e-01
   6.6975123e-01
  -1.1327287e-01
   2.3012125e-01
   8.8584536e-01
   1.0858556e+00
   1.0687667e+00
   1.0160455e+00
   1.1485336e+00
   1.1721407e+00
   1.1517349e+00
   1.2219144e+00
   1.1717976e+00
   1.2281134e+00
   1.1058635e+00
   3.7435421e-01
   2.2489533e-01
   1.1951497e+00
   9.9701190e-01
   2.5810453e-01
   3.2095575e-01
   1.8943645e-01
   3.8818267e-01
  -1.0751551e-01
  -2.5573200e-01
  -1.8947482e-01
   6.3820481e-03
   2.3620167e-01
   2.5383165e-01
  -4.7539946e-01
   3.8853082e-01
   1.2849432e+00
   1.1739591e+00
   1.4178066e+00
   8.8657266e-01
   5.7411963e-01
   1.2517151e+00
   1.2054024e+00
   1.2658504e+00
   1.0427549e+00
   8.9663815e-01
   5.1060420e-01
   1.7958885e-01
  -1.9714513e-01
  -5.1185894e-01
  -8.6559647e-01
  -1.1454884e+00
  -1.4542557e+00
  -6.9652748e-01
  -7.2052878e-01
  -9.7675240e-01
  -3.8731647e-01
   3.8300586e-01
   8.9457482e-01
   1.2891941e+00
   1.3812405e+00
   1.1849183e+00
   7.7072990e-01
   4.2232960e-01
   2.7174109e-01
   2.6541990e-01
   6.2173074e-01
   7.7925271e-01
   1.0647824e+00
   1.0653007e+00
   1.0562216e+00
   1.0131066e+00
   4.8447675e-01
   1.6356842e-01
   1.5171618e-02
  -8.0010980e-02
  -1.5677407e+00
  -1.1698273e+00
  -7.2057664e-01
  -3.2662672e-01
  -9.0415396e-02
  -5.7557195e-02
  -6.3995117e-01
   6.2092924e-01
   1.1759850e+00
   9.9918842e-01
   9.5597506e-01
   5.5262494e-01
  -4.8424113e-03
   7.8789145e-01
   6.9535750e-01
   6.5865088e-01
   5.1233304e-01
   3.5888565e-01
   1.1176495e-01
  -2.1732999e-01
  -5.4122096e-01
  -8.0199164e-01
  -1.0770080e+00
  -1.2058765e+00
  -1.5218010e+00
  -2.1655018e+00
  -2.0725503e+00
  -8.6043489e-01
  -7.4988574e-01
   1.7075148e-01
   8.1151515e-01
   1.1211296e+00
   1.1641961e+00
   8.4995866e-01
   3.0895874e-01
  -2.6133296e-01
  -6.9377393e-01
  -7.2314924e-01
  -4.0167674e-01
   1.2747927e-01
   6.2861848e-01
   8.0655694e-01
   8.1698507e-01
   6.6236794e-01
   2.8049129e-01
  -1.8499440e-01
  -7.8879327e-01
  -1.5108695e+00
  -1.5850550e+00
  -1.2068964e+00
  -8.5960728e-01
  -4.9171525e-01
  -1.2497879e-01
  -6.1531316e-02
  -5.7264119e-01
   2.6232764e-01
   1.0002784e+00
   5.6057596e-01
   3.4307900e-01
   2.5363103e-01
  -3.6223066e-01
   7.8775864e-03
   1.0893176e-01
   8.3591416e-02
   2.5538528e-02
  -1.0668036e-01
  -2.8903541e-01
  -6.1648810e-01
  -8.8577718e-01
  -1.0574083e+00
  -1.2503293e+00
  -1.3364305e+00
  -1.6896099e+00
  -2.6374164e+00
  -2.0981867e+00
  -7.1567833e-01
  -5.3118014e-01
   7.3847637e-02
   7.5761920e-01
   9.7823942e-01
   8.8061583e-01
   3.9539665e-01
  -3.2278055e-01
  -1.0384371e+00
  -1.4404558e+00
  -1.3773403e+00
  -9.3201476e-01
  -2.8357369e-01
   3.0660006e-01
   6.0460413e-01
   6.5341544e-01
   3.9687073e-01
  -6.3479386e-02
  -5.0223017e-01
  -1.1214138e+00
  -1.6966416e+00
  -1.4335920e+00
  -1.2005676e+00
  -9.8389298e-01
  -5.9227712e-01
  -2.2316411e-01
  -3.9024873e-01
  -6.2665249e-01
   8.1773118e-01
   5.8393223e-01
  -1.0081015e-02
  -2.5887886e-01
  -3.5960473e-01
  -4.5644897e-01
  -5.4348165e-01
  -4.5494842e-01
  -4.1865455e-01
  -4.0286376e-01
  -5.0675613e-01
  -7.1511480e-01
  -9.3906289e-01
  -1.1520833e+00
  -1.2970553e+00
  -1.3240726e+00
  -1.3432005e+00
  -1.5751371e+00
  -2.1791556e+00
  -2.1331949e+00
  -1.2508515e-01
  -2.2731164e-01
  -1.1462970e-01
   4.3613326e-01
   6.2825663e-01
   3.9566817e-01
  -2.1359510e-01
  -9.4957250e-01
  -1.5534393e+00
  -1.6575198e+00
  -1.4560955e+00
  -8.9026122e-01
  -3.7674205e-01
   9.9286181e-02
   4.0107717e-01
   4.4487714e-01
   2.0806123e-01
  -1.7232428e-01
  -6.0744621e-01
  -1.1858887e+00
  -1.4269426e+00
  -1.0762838e+00
  -1.0693467e+00
  -7.6010537e-01
  -4.5300576e-01
  -4.4016454e-01
  -6.7570192e-01
   4.7296979e-02
   6.4325416e-01
   1.9849785e-02
  -4.4781879e-01
  -6.6419232e-01
  -7.6523888e-01
  -7.0203429e-01
  -6.1032075e-01
  -5.7087404e-01
  -5.9824651e-01
  -6.6211569e-01
  -7.4635285e-01
  -9.1389441e-01
  -1.1179464e+00
  -1.2795364e+00
  -1.3316574e+00
  -1.2929916e+00
  -1.2575942e+00
  -1.2419389e+00
  -1.0964804e+00
  -1.4090334e+00
  -5.9991294e-01
  -2.2902368e-01
  -4.5204028e-01
   5.0963685e-02
   1.4979026e-01
  -9.0119869e-02
  -6.1086726e-01
  -1.1401469e+00
  -1.4996653e+00
  -1.3048010e+00
  -8.8376439e-01
  -5.1213747e-01
  -3.1897625e-01
   1.1866014e-01
   4.5275152e-01
   3.5344586e-01
   7.7714890e-02
  -3.0881396e-01
  -7.3177558e-01
  -1.1372020e+00
  -1.0317489e+00
  -1.9555193e-01
  -4.7923732e-01
  -4.1695264e-01
  -2.3260909e-01
  -4.6931677e-02
  -2.5744116e-01
   1.8259312e-01
  -4.4741094e-01
  -7.8499550e-01
  -9.6896976e-01
  -1.1149838e+00
  -1.1678414e+00
  -1.0501370e+00
  -8.2195151e-01
  -7.0587927e-01
  -7.3093551e-01
  -7.3566967e-01
  -8.1677276e-01
  -9.8760796e-01
  -1.1553252e+00
  -1.2515588e+00
  -1.2207810e+00
  -1.1535625e+00
  -1.0410565e+00
  -6.7147106e-01
   3.7837860e-01
  -2.1213420e-01
  -6.7005342e-01
  -2.0739926e-01
  -4.5149270e-01
  -3.7839943e-01
  -4.5026881e-01
  -6.3758051e-01
  -8.6593485e-01
  -8.3024824e-01
  -6.7384285e-01
  -7.5788802e-01
   2.3332001e-01
  -3.4563664e-01
  -5.0288290e-01
   3.4289472e-02
   3.1949255e-01
   2.7352244e-01
   1.1081348e-01
  -2.3591481e-01
  -6.0912156e-01
  -8.6895251e-01
  -4.4587275e-01
   9.3173945e-01
   7.7676272e-01
   1.3355106e-02
  -2.5611323e-01
  -1.7395121e-01
  -3.0369121e-01
  -6.0228372e-01
  -1.1369414e+00
  -1.1559399e+00
  -1.2991548e+00
  -1.4194514e+00
  -1.4237286e+00
  -1.2633002e+00
  -1.0050184e+00
  -8.3640087e-01
  -7.5514841e-01
  -6.8069953e-01
  -7.8204066e-01
  -9.3102247e-01
  -1.0534314e+00
  -1.0944417e+00
  -1.0371749e+00
  -9.5403022e-01
  -7.2636330e-01
  -9.4477169e-02
   1.5633634e+00
   7.4323231e-01
  -4.7822767e-01
   8.3956406e-02
  -2.9377541e-01
  -7.0711422e-01
  -8.6677426e-01
  -1.0393186e+00
  -8.8422287e-01
   5.4152273e-03
   2.6104110e-01
  -4.6415880e-01
  -1.7912483e-01
  -8.4246475e-01
  -8.5668862e-01
  -5.4660773e-01
  -4.1912013e-01
  -2.0209599e-01
  -1.0337612e-01
  -2.1316168e-01
  -4.0470406e-01
  -4.9211720e-01
   2.8498711e-02
   1.4577885e+00
   1.9117938e+00
   4.1135323e-01
  -1.5765001e-01
  -4.2501932e-01
  -5.8663189e-01
  -7.1048200e-01
  -8.8166994e-01
  -1.0842152e+00
  -1.3368704e+00
  -1.4715955e+00
  -1.4429493e+00
  -1.2659597e+00
  -1.0160500e+00
  -8.0487430e-01
  -6.1177194e-01
  -5.3514457e-01
  -6.4655674e-01
  -7.5803745e-01
  -8.4454703e-01
  -8.6491233e-01
  -8.4172511e-01
  -7.0390427e-01
  -3.4581739e-01
   5.0431710e-01
   2.3661046e+00
   2.1404788e+00
  -3.7421711e-02
   1.0689475e-02
  -1.2085082e-01
  -1.0244166e+00
  -1.4498507e+00
  -1.5099984e+00
  -7.2840029e-01
   1.3921523e+00
   9.4309473e-01
   5.6416333e-01
  -6.7586315e-01
  -1.2603815e+00
  -9.8239475e-01
  -8.1083953e-01
  -9.8389077e-01
  -3.8331419e-01
  -1.7014512e-01
  -1.7266239e-01
  -1.8623371e-01
  -6.4062260e-02
   5.6197339e-01
   1.8680469e+00
   2.3772775e+00
   1.5391813e+00
  -1.4612257e-01
  -6.6434358e-01
  -7.7347152e-01
  -5.3909061e-01
  -5.4982540e-01
  -8.9892536e-01
  -1.1352494e+00
  -1.2287154e+00
  -1.1971964e+00
  -1.0523577e+00
  -8.2034885e-01
  -5.7460812e-01
  -3.3582865e-01
  -2.7693339e-01
  -3.6730900e-01
  -4.8089757e-01
  -5.7614151e-01
  -6.5330783e-01
  -6.7086575e-01
  -4.5680663e-01
   3.9797942e-02
   1.1137908e+00
   3.1079881e+00
   3.2569153e+00
   5.3321555e-02
   9.5977625e-02
  -2.3537457e-01
  -1.1193120e+00
  -2.3653363e+00
  -2.0318192e+00
  -2.9285766e-01
   3.1138117e+00
   1.8633972e+00
   1.5759290e+00
  -5.1770237e-01
  -1.0689562e+00
  -1.6975707e+00
  -9.9346805e-01
  -9.6912807e-01
  -1.3376694e-01
  -7.9428603e-02
  -7.2963004e-02
   9.3802026e-02
   4.0480929e-01
   1.0636007e+00
   2.1943290e+00
   2.5807095e+00
   2.3269823e+00
   1.0559976e+00
  -1.7080030e-01
  -3.5268891e-01
  -4.2777993e-02
  -1.5589200e-01
  -3.9696187e-01
  -6.0213375e-01
  -7.5931609e-01
  -8.1335378e-01
  -7.3240638e-01
  -5.0500900e-01
  -2.3025963e-01
   1.6516201e-02
   7.3179565e-02
  -3.0783199e-02
  -2.2656772e-01
  -3.7023082e-01
  -5.3191739e-01
  -5.4275763e-01
  -2.3338161e-01
   4.3456039e-01
   1.7089996e+00
   3.8540945e+00
   4.2548857e+00
   1.8731241e-01
  -3.4897685e-01
  -3.8151887e-01
  -7.8707892e-01
  -3.4604983e+00
  -2.3381934e+00
   4.6429658e-01
   4.5380979e+00
   2.1431911e+00
   1.7671828e+00
  -7.2877580e-01
  -1.0560466e+00
  -2.7700341e+00
  -8.2329667e-01
  -2.2047171e-01
   2.4518022e-01
  -1.8086983e-01
  -7.0626520e-02
   4.0216643e-01
   8.9047414e-01
   1.5270522e+00
   2.5727975e+00
   2.8654289e+00
   2.6991434e+00
   2.1694024e+00
   1.4650137e+00
   9.6117145e-01
   6.1570597e-01
   5.0685471e-01
   3.1677350e-01
   4.8413267e-03
  -3.0451512e-01
  -4.6058208e-01
  -3.9231980e-01
  -1.2941132e-01
   1.6350321e-01
   3.8718179e-01
   3.9572623e-01
   2.0101221e-01
  -9.7096287e-02
  -3.0284992e-01
  -4.9876970e-01
  -4.2258337e-01
   5.2669227e-02
   9.1538095e-01
   2.3339491e+00
   4.5883455e+00
   4.5617814e+00
  -1.9652835e-01
  -7.0572776e-01
  -7.8626953e-02
  -3.0881083e-01
  -4.3811121e+00
  -2.2197995e+00
   1.4873090e+00
   5.6258230e+00
   2.0397868e+00
   2.0126312e+00
  -1.2237706e-01
  -2.3973228e-02
  -3.2229962e+00
   1.2370089e-01
   1.1121120e+00
   6.1620373e-01
  -6.8918365e-01
  -1.3576826e-01
   8.4420842e-01
   1.4890070e+00
   2.0623372e+00
   2.9018717e+00
   3.1064787e+00
   3.0023587e+00
   2.6143963e+00
   2.0702538e+00
   1.3853265e+00
   1.1095344e+00
   1.0553045e+00
   7.8076249e-01
   3.5052252e-01
  -3.7629429e-02
  -2.1605271e-01
  -9.3053997e-02
   2.0339829e-01
   4.5732254e-01
   6.0437161e-01
   5.1017243e-01
   2.2119309e-01
  -1.2330443e-01
  -3.5624462e-01
  -4.7499773e-01
  -2.3086475e-01
   4.1909891e-01
   1.4056058e+00
   2.8779135e+00
   5.0023994e+00
   4.4349384e+00
   7.5105238e-01
   1.8106914e-01
   3.9268148e-01
  -4.3939164e-01
  -4.8778315e+00
  -1.6606811e+00
   2.4094355e+00
   6.1080451e+00
   2.5103958e+00
   2.2567222e+00
   7.3999381e-01
  -4.0719727e-01
  -3.0635545e+00
   9.8373961e-01
   2.4146352e+00
   1.2867795e+00
  -1.1436417e+00
  -2.4827886e-02
   1.3822117e+00
   2.0417643e+00
   2.5195384e+00
   3.1365931e+00
   3.2818105e+00
   3.1975405e+00
   2.8067601e+00
   2.2843299e+00
   1.7890536e+00
   1.5519154e+00
   1.3194098e+00
   9.3248779e-01
   4.3096244e-01
   5.5820245e-02
  -7.9900540e-02
   1.0970023e-01
   4.0974528e-01
   5.9595340e-01
   6.2957489e-01
   4.1794300e-01
   5.6268126e-02
  -2.6753280e-01
  -4.4738308e-01
  -3.8647407e-01
   6.1181154e-02
   8.3927500e-01
   1.8962286e+00
   3.3816304e+00
   5.3332486e+00
   4.1432471e+00
   1.3656292e+00
   7.5980186e-01
   8.3943832e-01
  -6.6385573e-01
  -4.5395517e+00
  -8.2010496e-01
   3.1965489e+00
   6.3471475e+00
   2.6358335e+00
   2.3198297e+00
   1.0733226e-01
  -1.8799220e+00
  -1.5571822e+00
   2.3864973e+00
   3.4633148e+00
   2.2908123e+00
  -1.0193681e+00
   3.3084911e-01
   1.8801450e+00
   2.4789553e+00
   2.8576519e+00
   3.3391636e+00
   3.4207502e+00
   3.2637809e+00
   2.8219992e+00
   2.3965241e+00
   1.9811294e+00
   1.6618939e+00
   1.2341281e+00
   7.7268550e-01
   2.7685678e-01
  -2.8950038e-02
  -9.2539150e-02
   1.4512761e-01
   4.0446157e-01
   4.9411619e-01
   3.9666603e-01
   1.0710132e-01
  -2.4908897e-01
  -4.7141749e-01
  -4.8803792e-01
  -1.9148316e-01
   4.2391852e-01
   1.2723534e+00
   2.3386452e+00
   3.7899573e+00
   5.6271918e+00
   2.9795550e+00
   8.5061439e-01
   2.9423922e-01
   6.3616709e-01
  -5.8739190e-01
  -3.5078121e+00
   1.2093566e-01
   3.7989338e+00
   6.1200378e+00
   2.6800214e+00
   1.4231008e+00
  -6.7622671e-01
  -1.6479561e+00
   4.7653425e-01
   3.0965153e+00
   3.6824665e+00
   1.6325697e+00
  -1.0402037e+00
   7.4690732e-01
   2.3001399e+00
   2.8545636e+00
   3.1429707e+00
   3.4710159e+00
   3.4514585e+00
   3.1655202e+00
   2.6896305e+00
   2.3166475e+00
   1.8524430e+00
   1.3637125e+00
   8.2401776e-01
   3.5771340e-01
  -3.6623210e-02
  -2.3970987e-01
  -2.2427541e-01
  -5.5672927e-03
   1.5666893e-01
   1.5277228e-01
  -2.9700456e-02
  -3.1673443e-01
  -5.4596120e-01
  -5.7022566e-01
  -3.6108115e-01
   1.3780519e-01
   8.6269599e-01
   1.7410481e+00
   2.8031471e+00
   4.2758827e+00
   6.2011809e+00
   2.2548213e+00
   3.5041526e-01
  -9.7379386e-02
   1.1877044e-01
  -6.1147189e-01
  -2.3086438e+00
   1.0376601e+00
   4.1977544e+00
   5.5942202e+00
   2.2711797e+00
   5.0807470e-01
  -6.1563689e-01
  -3.7208894e-01
   1.4402498e+00
   3.3397417e+00
   3.2924793e+00
   1.0871071e+00
  -4.7628063e-01
   1.1410135e+00
   2.7540169e+00
   3.2002742e+00
   3.3715663e+00
   3.4374461e+00
   3.3236725e+00
   2.8911781e+00
   2.3433437e+00
   1.9073393e+00
   1.2825689e+00
   6.4556181e-01
   1.3833225e-01
  -2.1963353e-01
  -4.3891609e-01
  -5.0442612e-01
  -4.2936605e-01
  -2.8576553e-01
  -2.2280510e-01
  -2.8677854e-01
  -4.5228001e-01
  -6.1777002e-01
  -6.2375915e-01
  -4.1725111e-01
  -3.5109257e-03
   6.1950046e-01
   1.3879328e+00
   2.2645009e+00
   3.3061814e+00
   4.7179766e+00
   4.9992204e+00
   1.3872555e+00
  -6.2008411e-01
  -4.0323323e-01
  -5.1087648e-01
  -5.7215631e-01
  -6.9023913e-01
   1.9596752e+00
   4.3898487e+00
   4.8886771e+00
   2.0572121e+00
   2.7636327e-02
  -5.5520582e-01
   3.5543442e-01
   2.0855401e+00
   3.1438112e+00
   2.5726964e+00
   4.1892856e-01
   3.4838685e-01
   1.4842068e+00
   3.2013853e+00
   3.4445539e+00
   3.4576874e+00
   3.1777837e+00
   2.9870334e+00
   2.3800061e+00
   1.6769578e+00
   1.0490046e+00
   2.7520463e-01
  -3.3055264e-01
  -6.5608335e-01
  -8.2922566e-01
  -8.5189056e-01
  -8.0018204e-01
  -7.1285647e-01
  -6.2550157e-01
  -5.8128285e-01
  -5.9855479e-01
  -6.2973082e-01
  -5.9232181e-01
  -3.9581603e-01
  -2.3914674e-02
   5.0221652e-01
   1.1666976e+00
   1.9214375e+00
   2.7408404e+00
   3.6759150e+00
   4.8474717e+00
   4.1508617e+00
   1.1863574e+00
  -7.9764253e-01
  -5.5132914e-01
  -6.7863959e-01
  -7.2179323e-01
   8.0388480e-01
   2.9734006e+00
   4.3295364e+00
   4.1348658e+00
   1.5855459e+00
  -1.5948427e-01
  -6.2010217e-01
   5.3476268e-01
   2.4052222e+00
   2.7343946e+00
   1.8408365e+00
   2.7555099e-01
   7.4948329e-01
   1.8219359e+00
   3.5550230e+00
   3.4751928e+00
   3.3142805e+00
   2.7115246e+00
   2.4465980e+00
   1.6234768e+00
   7.5362293e-01
   2.0350200e-02
  -7.1169887e-01
  -1.1409512e+00
  -1.2908352e+00
  -1.3197562e+00
  -1.2659382e+00
  -1.2015186e+00
  -1.1252534e+00
  -1.0216588e+00
  -8.9702635e-01
  -7.6964389e-01
  -6.0908935e-01
  -3.6563306e-01
  -1.2268712e-02
   4.5580870e-01
   1.0225598e+00
   1.6882345e+00
   2.3938896e+00
   3.1003487e+00
   3.8451230e+00
   4.5595816e+00
   2.7723901e+00
  -6.4185325e-02
  -1.0257655e+00
  -5.9521786e-01
  -8.0560308e-01
  -1.1848435e+00
   1.0143649e+00
   3.5995078e+00
   4.1166699e+00
   3.5421107e+00
   1.0512374e+00
  -3.4801852e-01
  -6.0099248e-01
  -1.0592541e-01
   1.9685351e+00
   2.2735955e+00
   1.2852299e+00
   5.0619769e-02
   7.6108454e-01
   1.6608206e+00
   3.6328699e+00
   3.2730181e+00
   2.9327363e+00
   2.1353022e+00
   1.8647541e+00
   8.4885018e-01
  -1.3761542e-01
  -7.4709259e-01
  -1.3171389e+00
  -1.6107788e+00
  -1.7362890e+00
  -1.7884198e+00
  -1.7995043e+00
  -1.7872479e+00
  -1.7305598e+00
  -1.5817162e+00
  -1.3602714e+00
  -1.0724779e+00
  -7.0812927e-01
  -2.6568176e-01
   2.3409080e-01
   7.9304992e-01
   1.4097947e+00
   2.0684267e+00
   2.7110931e+00
   3.3005488e+00
   3.8072963e+00
   4.0184252e+00
   1.6929340e+00
  -7.8574394e-01
  -1.1282092e+00
  -6.2601791e-01
  -1.4229200e+00
  -1.6421839e+00
   1.2667915e+00
   4.0361044e+00
   3.9401298e+00
   3.2628974e+00
   8.2181679e-01
  -7.8676270e-01
  -8.4838240e-01
  -1.5954035e-01
   1.9024945e+00
   1.5764426e+00
   6.8968252e-01
  -1.4738891e-01
  -3.3333006e-01
   1.3740983e+00
   3.1695227e+00
   3.0006976e+00
   2.4106134e+00
   1.5166630e+00
   1.4470501e+00
   5.2271816e-01
  -7.4144827e-01
  -1.1776654e+00
  -1.6040967e+00
  -1.8741934e+00
  -2.1010906e+00
  -2.2916554e+00
  -2.4151536e+00
  -2.4612581e+00
  -2.4169966e+00
  -2.2479993e+00
  -1.9742744e+00
  -1.5804598e+00
  -1.0820094e+00
  -5.0332996e-01
   1.1706860e-01
   7.6662324e-01
   1.4322559e+00
   2.0768265e+00
   2.6503476e+00
   3.1191616e+00
   3.3943247e+00
   3.2706070e+00
   1.1928366e+00
  -9.0601938e-01
  -8.9360159e-01
  -3.1638007e-01
  -1.9388427e+00
  -2.2229258e+00
   1.6616183e+00
   4.1319149e+00
   3.6280217e+00
   2.8084542e+00
   7.0420353e-01
  -1.5960833e+00
  -1.3626123e+00
   2.1062843e-01
   1.5488312e+00
   5.5086389e-01
  -2.6925353e-02
  -2.3505710e-01
  -7.4566214e-01
   9.5357227e-01
   2.7442295e+00
   2.6701223e+00
   1.8352026e+00
   7.0702136e-01
   1.1582917e+00
   8.2046306e-01
  -8.0172253e-01
  -1.2059478e+00
  -1.4623264e+00
  -1.6837122e+00
  -1.9699420e+00
  -2.2558954e+00
  -2.4877336e+00
  -2.6255469e+00
  -2.6433220e+00
  -2.5401847e+00
  -2.3060274e+00
  -1.9155651e+00
  -1.3835696e+00
  -7.4681866e-01
  -5.4813646e-02
   6.4702255e-01
   1.2995251e+00
   1.8663164e+00
   2.3170307e+00
   2.6040318e+00
   2.6142037e+00
   2.1744425e+00
   7.3498130e-01
  -9.3716353e-01
  -7.0483190e-01
   1.1966161e-01
  -9.4433850e-01
  -8.5198987e-01
   2.8642564e+00
   3.5052636e+00
   2.5618396e+00
   1.9934293e+00
   2.9089189e-01
  -1.7930509e+00
  -1.1960810e+00
   4.1541243e-01
   1.1548454e+00
  -5.7074285e-01
  -9.1739005e-01
  -8.4803516e-01
  -5.8800054e-01
   1.2030909e+00
   3.6459489e+00
   2.2135503e+00
   1.0321890e+00
  -2.4586001e-01
   1.0939815e+00
   5.8744900e-01
  -8.3855571e-01
  -7.0714435e-01
  -7.1417109e-01
  -7.1081546e-01
  -8.5315217e-01
  -1.0627391e+00
  -1.2862373e+00
  -1.4908249e+00
  -1.6254746e+00
  -1.6489069e+00
  -1.5381123e+00
  -1.2816367e+00
  -8.7850483e-01
  -3.4324725e-01
   2.9511806e-01
   9.4614578e-01
   1.5026646e+00
   1.9263626e+00
   2.2227299e+00
   2.3346798e+00
   2.0418289e+00
   1.1826868e+00
   6.8515807e-02
  -9.1047634e-01
  -7.9191902e-01
  -6.9216672e-01
  -8.3192595e-01
   3.0766644e-01
   3.0679995e+00
   2.1612894e+00
   1.8898525e+00
   1.7071535e+00
  -2.8587833e-01
  -1.5770340e+00
  -9.7551948e-01
   9.7739667e-01
   5.1589984e-01
  -1.8637899e+00
  -1.9285691e+00
  -1.5249595e+00
  -4.3318597e-01
   1.6190554e+00
   3.0499173e+00
   1.3796179e+00
  -1.0077565e-02
   8.4477486e-01
   1.9052118e+00
   1.7681431e+00
   6.1957149e-01
  -2.0868736e-01
  -1.1348698e-01
   4.7824891e-02
   3.5847976e-02
  -8.9846913e-02
  -2.5900787e-01
  -4.2224757e-01
  -5.3094977e-01
  -5.6084257e-01
  -4.8875284e-01
  -3.1671914e-01
  -2.8067582e-02
   4.0461470e-01
   9.7771681e-01
   1.6186564e+00
   2.1955955e+00
   2.5774113e+00
   2.7104856e+00
   2.5531275e+00
   1.8779808e+00
   5.1831555e-01
  -4.2363281e-01
  -1.2367849e+00
  -1.3937835e+00
  -1.4854904e+00
  -1.2363028e+00
   7.0160011e-01
   2.5966927e+00
   1.3839687e+00
   8.4534373e-01
   2.1725578e-01
  -8.7201871e-01
  -1.8278065e+00
  -7.5187263e-01
   1.5332602e+00
   2.0926324e-01
  -2.8631367e+00
  -2.5764272e+00
  -2.3007276e+00
  -7.8258684e-01
   1.5289344e+00
   1.9824375e+00
   5.6175046e-01
  -9.7411567e-01
   7.6904863e-01
   2.3151173e-01
   4.5124584e-01
   8.5599667e-01
  -2.1193868e-01
  -3.8790882e-01
  -3.6203071e-01
  -4.4395474e-01
  -5.8597136e-01
  -7.3876148e-01
  -8.5584486e-01
  -9.0261006e-01
  -8.6698425e-01
  -7.4520254e-01
  -5.3974634e-01
  -2.5322706e-01
   1.4891526e-01
   6.7109537e-01
   1.2749193e+00
   1.8513860e+00
   2.2373521e+00
   2.2669764e+00
   1.8650814e+00
   1.0450402e+00
  -6.2147148e-02
  -9.8958981e-01
  -2.0574033e+00
  -1.8484006e+00
  -1.1948038e+00
  -1.3819938e+00
   2.1896657e-01
   1.7668294e+00
   4.1751873e-01
  -9.1201760e-02
  -5.3618675e-01
  -1.5660000e+00
  -2.1768494e+00
  -8.5230935e-01
   1.5340029e+00
  -1.1361423e-01
  -3.2159948e+00
  -2.7035716e+00
  -2.7967737e+00
  -9.6707106e-01
   1.1950303e+00
   7.6976514e-01
  -8.5976273e-03
  -2.8617153e-01
  -2.6876676e-01
   3.2066748e-01
   1.2861743e+00
   1.4152904e+00
  -3.3614236e-01
  -8.3323032e-01
  -1.1029069e+00
  -1.4471289e+00
  -1.7890639e+00
  -2.0792632e+00
  -2.2946997e+00
  -2.4200027e+00
  -2.4455774e+00
  -2.3770719e+00
  -2.2212434e+00
  -1.9844956e+00
  -1.6650915e+00
  -1.2548130e+00
  -7.5937915e-01
  -2.3388289e-01
   2.4562395e-01
   4.7083789e-01
   3.1337193e-01
  -1.6008172e-02
  -4.4263792e-01
  -1.1410683e+00
  -2.0200696e+00
  -2.7519507e+00
  -1.9657338e+00
  -1.7742641e+00
  -1.0599984e+00
   4.7818637e-01
  -3.5518825e-02
  -5.1910347e-01
  -2.4661757e-02
  -2.3116961e+00
  -3.5601745e+00
  -2.0119534e+00
   8.1136441e-01
   2.5593147e-02
  -3.2664332e+00
  -2.8147402e+00
  -2.3614004e+00
  -5.4533833e-01
   5.4326195e-01
  -3.0203614e-01
  -5.5413634e-01
   5.0074005e-01
   1.4001280e-03
  -5.7991302e-01
   7.7225745e-01
   1.3941004e+00
  -3.1198531e-01
  -1.0091012e+00
  -1.4454486e+00
  -1.9540137e+00
  -2.4301395e+00
  -2.8347721e+00
  -3.1757302e+00
  -3.4405329e+00
  -3.6291966e+00
  -3.7441995e+00
  -3.7873161e+00
  -3.7626479e+00
  -3.6823087e+00
  -3.5274699e+00
  -3.2380166e+00
  -2.8035080e+00
  -2.1587665e+00
  -1.4140880e+00
  -9.5656705e-01
  -7.6144588e-01
  -7.5260305e-01
  -1.0273544e+00
  -1.7776852e+00
  -2.5197210e+00
  -2.1834326e+00
  -2.3178484e+00
  -2.2890420e+00
  -9.7580063e-01
  -2.6478285e-01
  -9.4841290e-01
  -4.9356934e-01
  -2.9734843e+00
  -5.2738934e+00
  -4.1833062e+00
  -3.4060240e-02
  -9.3230888e-02
  -1.9351335e+00
  -2.7957232e+00
  -2.1611452e+00
  -4.3460381e-01
  -8.4452890e-02
  -1.0951127e+00
  -8.8111061e-01
   6.1931103e-01
  -1.2539557e-01
  -6.8571470e-01
   1.2121646e+00
   1.5600645e+00
  -1.2493952e-01
  -8.5935699e-01
  -1.3314010e+00
  -1.8660935e+00
  -2.3404921e+00
  -2.7285291e+00
  -3.0654926e+00
  -3.3569378e+00
  -3.6061754e+00
  -3.8090944e+00
  -3.9644201e+00
  -4.0772545e+00
  -4.1692484e+00
  -4.2395690e+00
  -4.2121661e+00
  -4.0175517e+00
  -3.5175752e+00
  -2.5586042e+00
  -1.5248172e+00
  -1.0012451e+00
  -8.6897551e-01
  -1.4226319e+00
  -1.9990097e+00
  -2.3706774e+00
  -2.4072134e+00
  -2.8367762e+00
  -3.2590091e+00
  -2.5016948e+00
  -4.6838119e-01
  -1.7496508e+00
  -8.1585484e-01
  -3.3321046e+00
  -5.9359163e+00
  -6.0741037e+00
  -1.7298392e+00
  -4.3930247e-01
  -2.0662292e+00
  -3.0089623e+00
  -2.4108144e+00
  -7.3247199e-01
  -4.4789257e-01
  -1.4111608e+00
  -1.1466903e+00
   7.1073024e-01
   1.2640595e-01
  -2.0831323e-01
   1.3038156e+00
   1.4886482e+00
   1.8018872e-01
  -4.7449568e-01
  -9.1740055e-01
  -1.4192278e+00
  -1.8329653e+00
  -2.1341719e+00
  -2.3803451e+00
  -2.6121210e+00
  -2.8469631e+00
  -3.0810281e+00
  -3.3088148e+00
  -3.5347531e+00
  -3.7554267e+00
  -3.9848690e+00
  -4.1770277e+00
  -4.2349105e+00
  -4.0451598e+00
  -3.2639275e+00
  -1.7190010e+00
  -8.7307395e-01
  -5.7759642e-01
  -1.3240093e+00
  -1.9279671e+00
  -2.2727477e+00
  -2.5613438e+00
  -3.1054648e+00
  -3.8076980e+00
  -3.4409140e+00
  -4.2562319e-01
  -2.5284633e+00
  -1.8520820e+00
  -2.9030091e+00
  -5.8020189e+00
  -7.2125917e+00
  -4.3610758e+00
  -9.6371699e-01
  -2.4100029e+00
  -3.3221498e+00
  -2.9571029e+00
  -1.1896770e+00
  -3.4117370e-01
  -1.3141482e+00
  -1.0436902e+00
   4.7277680e-01
   3.7574917e-01
   1.9672328e-01
   1.1620535e+00
   1.3187852e+00
   5.0509524e-01
   1.2573432e-02
  -3.9747244e-01
  -8.8513035e-01
  -1.2652187e+00
  -1.5047926e+00
  -1.6494070e+00
  -1.7745438e+00
  -1.9334806e+00
  -2.1464381e+00
  -2.4083557e+00
  -2.7144890e+00
  -3.0487542e+00
  -3.4275873e+00
  -3.8267117e+00
  -4.1239457e+00
  -4.1727333e+00
  -3.6759124e+00
  -1.6935284e+00
   5.7292700e-01
   4.1833580e-01
  -9.8289073e-01
  -1.6405982e+00
  -2.0595088e+00
  -2.5229483e+00
  -3.1490555e+00
  -3.9738002e+00
  -4.6426587e+00
  -9.2335963e-01
  -2.0824225e+00
  -3.8739364e+00
  -2.1185625e+00
  -4.9077668e+00
  -6.0800619e+00
  -4.8101311e+00
  -2.0168142e+00
  -2.5925193e+00
  -3.6788170e+00
  -3.5356841e+00
  -1.5424867e+00
   2.3479727e-01
  -8.7283218e-01
  -1.0200362e+00
  -4.3426011e-02
   1.4863050e-01
   3.7014729e-01
   8.0542243e-01
   1.0949986e+00
   7.6424390e-01
   5.2960390e-01
   1.7826474e-01
  -3.4616169e-01
  -7.8303421e-01
  -1.0616935e+00
  -1.1940615e+00
  -1.2454624e+00
  -1.3100276e+00
  -1.4390296e+00
  -1.6534572e+00
  -1.9558109e+00
  -2.3315725e+00
  -2.8037310e+00
  -3.3658743e+00
  -3.8942065e+00
  -4.1908379e+00
  -3.8875360e+00
  -1.9798195e+00
   1.1509360e+00
   1.2609565e+00
  -5.4060549e-01
  -1.3397348e+00
  -1.7824247e+00
  -2.3585689e+00
  -3.0337286e+00
  -3.8815761e+00
  -4.8923087e+00
  -2.2021728e+00
  -6.7370433e-01
  -4.0172548e+00
  -2.2886682e+00
  -3.3729310e+00
  -4.4811239e+00
  -3.8096769e+00
  -1.7889031e+00
  -2.5494637e+00
  -3.9900498e+00
  -4.2217369e+00
  -2.1043406e+00
   8.5140574e-01
  -1.7584988e-01
  -8.3127618e-01
  -2.9239938e-01
   4.5850444e-01
   8.0853691e-01
   3.0360251e-01
   9.2675037e-01
   8.5623034e-01
   9.9362993e-01
   8.2657804e-01
   2.9511141e-01
  -2.6751601e-01
  -7.0719228e-01
  -9.7892630e-01
  -1.0852504e+00
  -1.1158100e+00
  -1.1499353e+00
  -1.2675559e+00
  -1.5070412e+00
  -1.8658210e+00
  -2.3572783e+00
  -2.9886097e+00
  -3.6708310e+00
  -4.2306418e+00
  -4.0403485e+00
  -1.8175227e+00
   1.7992392e+00
   2.2974069e+00
   2.8817658e-02
  -9.0533538e-01
  -1.3593651e+00
  -2.0508237e+00
  -2.8038148e+00
  -3.6394163e+00
  -4.8384384e+00
  -4.1558285e+00
   9.6071828e-02
  -1.7962450e+00
  -1.9707130e+00
  -2.7621540e+00
  -3.2601925e+00
  -2.4912893e+00
  -1.4739136e+00
  -2.2878968e+00
  -4.1936164e+00
  -4.9312061e+00
  -2.1771142e+00
   1.8730710e+00
   3.1007054e-01
  -7.7762907e-02
  -4.5268840e-01
   9.7911364e-01
   1.1882664e+00
   3.3405444e-01
   9.5603597e-01
   7.6113737e-01
   1.2166049e+00
   1.3665028e+00
   9.7277343e-01
   3.6024630e-01
  -2.4683532e-01
  -7.2279859e-01
  -9.9228674e-01
  -1.0987341e+00
  -1.1125276e+00
  -1.1486471e+00
  -1.3067106e+00
  -1.6406443e+00
  -2.1563973e+00
  -2.8317041e+00
  -3.6244776e+00
  -4.3928390e+00
  -4.3322701e+00
  -2.0681047e-01
   2.2323003e+00
   2.7823520e+00
   5.0657439e-01
  -3.4574723e-01
  -7.2093374e-01
  -1.5139844e+00
  -2.3965478e+00
  -3.2626524e+00
  -4.3324437e+00
  -4.8587804e+00
   5.8150589e-02
  -6.5988138e-02
  -7.2406465e-01
  -2.1845984e+00
  -2.8404610e+00
  -2.2178068e+00
  -1.6316216e+00
  -1.8337903e+00
  -4.1670265e+00
  -5.4415584e+00
  -3.0293591e+00
   9.6470940e-01
   1.2912335e+00
   6.7231554e-01
   2.5948144e-02
   8.0002421e-01
   8.6229050e-01
   5.0976336e-01
   9.4077247e-01
   6.4436579e-01
   1.1576120e+00
   1.6252507e+00
   1.4744654e+00
   9.6755385e-01
   3.1554365e-01
  -3.1118786e-01
  -7.4942070e-01
  -9.9010134e-01
  -1.0708673e+00
  -1.0735202e+00
  -1.1543936e+00
  -1.4509547e+00
  -1.9977744e+00
  -2.7553582e+00
  -3.7008097e+00
  -4.6374221e+00
  -4.5531449e+00
   5.3876430e-02
   1.8663979e+00
   3.1389689e+00
   7.8815919e-01
   2.0805044e-01
   3.4132615e-02
  -7.7606457e-01
  -1.7696429e+00
  -2.7307272e+00
  -3.7996891e+00
  -4.2325134e+00
  -1.2314563e+00
   1.8948481e+00
   6.8158090e-01
  -1.6798655e+00
  -2.6887217e+00
  -2.3229144e+00
  -1.8614515e+00
  -1.2656149e+00
  -3.6962166e+00
  -5.5239458e+00
  -3.1085889e+00
  -1.7599688e-01
   1.1939528e+00
   8.0333650e-01
   8.9398456e-01
   6.6312194e-01
   5.1579911e-01
  -3.5476051e-02
   5.3342009e-01
   6.7528534e-01
   1.1065538e+00
   1.7046288e+00
   1.7870190e+00
   1.4379092e+00
   8.3972168e-01
   1.5107095e-01
  -4.0441951e-01
  -7.6246929e-01
  -9.4402444e-01
  -9.4799775e-01
  -9.6103424e-01
  -1.1982045e+00
  -1.7703030e+00
  -2.6574838e+00
  -3.7870333e+00
  -4.7788734e+00
  -3.8907592e+00
   5.0296873e-01
   1.4379787e+00
   3.1731348e+00
   7.0836955e-01
   5.6645668e-01
   6.7128325e-01
  -3.8955230e-02
  -1.0168149e+00
  -1.9964668e+00
  -3.1405275e+00
  -3.4063938e+00
  -2.1807871e+00
   1.5842298e+00
   1.4007664e+00
  -1.1942521e+00
  -2.5170121e+00
  -2.3401780e+00
  -2.3254368e+00
  -8.3882487e-01
  -3.8862073e+00
  -5.5818143e+00
  -2.5701213e+00
   2.5444803e-01
   1.7059556e+00
   6.2753707e-01
   1.3313779e+00
  -1.3185790e-01
   1.4278893e-01
  -3.1018120e-01
   1.5694049e-01
   8.0968475e-01
   1.3378276e+00
   1.8653746e+00
   2.0758131e+00
   1.8342745e+00
   1.3078260e+00
   6.1397117e-01
  -2.6911933e-02
  -4.6527892e-01
  -7.4742645e-01
  -7.8312230e-01
  -7.4805242e-01
  -8.9036798e-01
  -1.4607697e+00
  -2.4900706e+00
  -3.8590200e+00
  -4.8733969e+00
  -3.1238270e+00
   7.3953187e-01
   1.0169580e+00
   2.1867995e+00
   5.9677827e-01
   7.3078042e-01
   1.0110873e+00
   5.1101953e-01
  -2.3290591e-01
  -1.0580435e+00
  -2.2612705e+00
  -2.6110830e+00
  -5.9956074e-01
   1.0848144e+00
   1.7050750e+00
  -5.5179006e-01
  -2.1360877e+00
  -2.5294933e+00
  -2.8444645e+00
  -6.9362879e-01
  -3.3137043e+00
  -5.0886650e+00
  -3.5841331e+00
   3.2409564e-02
   8.1294376e-01
   1.7122959e+00
   3.0275717e-01
  -5.8702681e-01
  -4.0561234e-01
  -8.2681512e-02
  -1.2904786e-01
   8.3586370e-01
   1.6373364e+00
   2.1279572e+00
   2.3458261e+00
   2.1552965e+00
   1.6842158e+00
   1.0215430e+00
   3.2338028e-01
  -1.6911418e-01
  -5.0093946e-01
  -6.0108451e-01
  -5.5697510e-01
  -6.2080840e-01
  -1.1352438e+00
  -2.2428802e+00
  -3.8665175e+00
  -4.8675087e+00
  -1.9598831e+00
   6.6433463e-01
   1.0260401e+00
   1.1538639e+00
   6.4462779e-01
   8.2670092e-01
   1.4424162e+00
   8.9382034e-01
   4.1284149e-01
  -1.3967071e-01
  -1.2891756e+00
  -2.3509127e+00
  -1.7403174e-01
   9.1875666e-01
   1.7443309e+00
   1.1002020e-01
  -1.2877188e+00
  -1.9936565e+00
  -2.6673688e+00
  -7.6577334e-01
  -2.6923479e+00
  -3.5414798e+00
  -3.0095953e+00
  -1.8273220e+00
  -3.2935297e+00
  -1.2402840e+00
  -5.9376873e-02
   8.5754000e-02
  -7.0767468e-01
  -3.4142300e-01
  -3.5869384e-01
   8.4720051e-01
   1.7356373e+00
   2.2647386e+00
   2.4985404e+00
   2.3983929e+00
   1.9948907e+00
   1.3944018e+00
   6.8855059e-01
   1.4141968e-01
  -2.0030415e-01
  -3.5757148e-01
  -3.2942727e-01
  -3.5191840e-01
  -7.7982998e-01
  -1.8878762e+00
  -3.7181718e+00
  -4.5695324e+00
  -3.1297415e-01
   7.6639467e-01
   1.0266080e+00
   5.2331185e-01
   4.2353678e-01
   1.3989004e-01
   8.5330391e-01
   1.0022413e+00
   8.9304864e-01
   6.8736511e-01
  -2.3226756e-01
  -1.8638647e+00
  -6.1964643e-01
   5.3538412e-01
   1.8236105e+00
   8.3098155e-01
  -2.9772472e-01
  -6.8811142e-01
  -1.3204275e+00
  -3.3048898e-01
  -1.6882540e+00
  -2.3034124e+00
  -1.8296160e+00
  -1.7518133e+00
  -1.2925680e+00
  -3.6070225e-01
   1.0092314e-01
   2.3575543e-01
   8.1446588e-02
  -5.5964404e-01
  -2.3925884e-01
   9.2479324e-01
   1.5354764e+00
   2.0251622e+00
   2.3355193e+00
   2.4295774e+00
   2.1539361e+00
   1.6492348e+00
   1.0039591e+00
   4.3096823e-01
   8.9901969e-02
  -7.7432305e-02
  -8.0120631e-02
  -7.6691695e-02
  -3.9815006e-01
  -1.4146152e+00
  -3.3676889e+00
  -3.7177992e+00
   1.8117295e-01
   9.6243453e-01
   6.6862887e-01
   4.6178478e-01
   1.7278877e-01
   2.8165367e-01
   1.5871796e-01
   5.8619225e-01
   1.0490835e+00
   1.0755844e+00
   6.9359124e-01
  -1.0212628e+00
  -9.0063816e-01
   2.6873833e-01
   1.1020753e+00
   9.0648913e-01
   1.0571317e-01
  -6.1943823e-01
  -4.3668374e-01
  -2.1402729e-01
  -1.1195409e+00
  -1.8997122e+00
  -1.1339600e+00
  -7.7593446e-01
  -1.9482729e+00
   2.7788287e-01
   1.0851531e+00
   2.1633576e-01
   2.9442459e-01
  -3.5006496e-01
  -1.3759116e+00
   2.2289023e-01
   7.9492074e-01
   1.2337970e+00
   1.7449708e+00
   2.0900235e+00
   2.0022342e+00
   1.6525900e+00
   1.1579568e+00
   6.1885095e-01
   3.0736995e-01
   1.8447739e-01
   1.6526431e-01
   1.9314799e-01
  -4.6924837e-03
  -8.3399266e-01
  -2.7192967e+00
  -2.9909663e+00
   2.9187083e-01
   1.3178658e+00
   5.1317286e-01
   2.1508592e-01
  -1.7850848e-01
   9.2031889e-02
   3.7111518e-01
   1.1562143e-01
   4.8699817e-01
   1.0170645e+00
   1.2832427e+00
  -3.2488191e-01
  -1.9140129e-01
   2.0942894e-01
   2.5906754e-01
   5.9042853e-01
   5.1601923e-01
  -8.6516090e-02
   1.1077566e-01
  -2.0081621e-01
  -7.9476660e-01
  -5.1750976e-01
  -4.8122156e-02
  -3.5281992e-01
  -8.3129597e-01
  -5.2886814e-01
   1.4892000e-01
  -3.4824167e-01
   5.1532382e-01
   4.0116851e-01
  -2.1291884e-01
  -1.1599171e+00
  -8.4456657e-01
  -3.4951423e-04
   9.0787988e-01
   1.3850189e+00
   1.4530333e+00
   1.3115867e+00
   1.0571472e+00
   7.0694348e-01
   4.5938554e-01
   3.9626302e-01
   4.2447837e-01
   4.9054912e-01
   4.2471211e-01
  -1.2633108e-01
  -1.5396459e+00
  -1.9285558e+00
   4.0091593e-03
   4.4442292e-01
   2.8818360e-01
  -8.5646990e-02
  -3.7772508e-01
  -3.9827739e-01
  -1.5708527e-02
   3.7504266e-01
   5.0032341e-01
   4.2572557e-01
   1.1783350e+00
   6.5838869e-01
   3.7493961e-01
   1.3677067e-01
   3.5471458e-01
  -5.7036392e-02
   2.7105308e-01
   1.3649863e-01
   2.0898881e-01
  -1.3993153e-01
  -2.7541131e-01
   1.4257805e-01
   3.1038491e-01
   3.6310817e-01
  -2.8814304e-01
   2.2232601e-01
  -5.7006545e-01
   4.6239287e-01
   4.3055236e-01
   1.5009733e-01
   4.8143777e-01
  -1.0448436e+00
  -1.6913114e+00
  -6.7807800e-01
   5.0966483e-01
   8.5450006e-01
   9.7534603e-01
   9.4957894e-01
   8.1379944e-01
   6.2284535e-01
   4.9800539e-01
   4.8130029e-01
   5.6742084e-01
   7.3811889e-01
   7.6787037e-01
   3.9903569e-01
  -5.7212651e-01
  -8.5557699e-01
   6.4745468e-01
   4.1707452e-02
  -5.8643920e-03
  -3.1706944e-01
  -5.0233853e-01
  -4.8184243e-01
  -3.8337612e-01
  -5.5903237e-02
  -3.0908245e-03
  -3.8393003e-01
   3.6185464e-01
   1.3564799e+00
   1.2594278e+00
   2.8273487e-01
  -3.1389385e-02
   1.3065277e-01
  -4.8390575e-02
  -2.2231312e-01
  -4.4604234e-02
   2.7730159e-02
  -6.5385714e-02
   1.5983735e-01
   3.9233264e-01
   1.1847740e-01
   2.5372142e-01
   1.1455680e-01
  -5.9457794e-03
   4.0326801e-01
   4.0341982e-01
   6.4800777e-02
   1.2467576e+00
   1.2396398e-01
  -1.4191183e+00
  -9.7829366e-01
  -5.8164304e-01
   1.3131236e-01
   2.3475783e-01
   2.9556274e-01
   3.7732345e-01
   2.5733805e-01
   3.0538419e-01
   4.2888156e-01
   6.3333243e-01
   8.9848822e-01
   1.1098056e+00
   9.8512989e-01
   3.4815773e-01
   5.3492453e-02
   8.7347531e-01
  -1.7916894e-01
  -4.1306672e-01
  -4.2138815e-01
  -6.3118672e-01
  -6.1161095e-01
  -3.8060644e-01
  -1.2691268e-01
  -6.8570918e-04
  -4.5904556e-01
  -3.5819617e-01
   2.3816507e-01
   1.0042281e+00
   8.2174584e-02
   7.5287305e-02
  -1.3932462e-01
  -1.2584709e-01
  -3.9646822e-01
  -4.8445785e-01
  -3.5700392e-02
   1.3089918e-01
  -3.0323961e-01
  -2.1019939e-01
  -1.2738290e-01
   4.6208113e-02
   7.5677931e-02
   1.1660146e-02
  -4.9652573e-01
   4.4768637e-01
   2.2372339e-02
   2.1631388e-01
   6.7879319e-01
  -6.9733912e-01
  -7.7391869e-01
  -1.7518823e+00
  -9.8577750e-01
  -6.0692960e-01
  -5.0306785e-01
  -4.3423969e-01
  -3.2610217e-01
  -1.4267999e-01
   1.1253460e-01
   4.3824351e-01
   9.3749642e-01
   1.1877775e+00
   1.3885760e+00
   9.5975173e-01
   1.1067331e+00
   3.6314192e-01
  -1.3493851e-01
  -3.9822614e-01
  -5.1526546e-01
  -7.3839992e-01
  -7.8886962e-01
  -4.8953128e-01
  -1.2381797e-01
  -1.9396530e-01
  -2.0041478e-01
   6.5090650e-01
  -5.3503633e-01
   3.7759745e-01
  -1.7711559e-01
   5.3351098e-01
   2.6424985e-02
  -3.3347550e-01
  -5.9284544e-01
  -4.7051260e-01
  -4.0218174e-01
  -3.5669383e-01
  -4.8941150e-01
  -4.1682309e-01
  -1.9164318e-01
  -2.1859275e-01
   1.7098871e-01
  -2.0788786e-01
   1.0599227e-01
   3.3786818e-01
   6.4960188e-01
   6.1026919e-01
  -4.5986068e-01
   2.5756827e-01
  -1.5894760e-01
  -1.8179172e+00
  -1.6777868e+00
  -1.4232360e+00
  -1.4900842e+00
  -1.4772139e+00
  -1.3389781e+00
  -7.1431422e-01
  -3.0941918e-01
  -9.4518118e-02
  -2.2189341e-02
   9.6958065e-01
   1.2213413e+00
   1.3576971e+00
   1.4413482e-01
  -3.3024922e-01
  -1.5695705e-01
  -2.5983939e-01
  -5.6100678e-01
  -8.5490614e-01
  -9.6371001e-01
  -7.7240062e-01
  -3.3274245e-01
  -4.8665479e-02
  -2.5538245e-01
   1.0236261e+00
   7.3981559e-01
   8.3088949e-02
  -1.2043419e+00
  -8.9552480e-01
   6.2914914e-01
   2.4239641e-01
  -5.9149343e-01
  -5.3333682e-01
  -2.0243293e-01
  -6.9133139e-01
  -8.1820744e-01
  -5.4872978e-01
   7.7930152e-02
   1.3589488e-01
  -2.4410889e-02
   5.1027900e-01
  -2.6762611e-01
  -1.1377098e-01
   4.0562311e-01
   4.4500688e-01
   2.0916151e-01
   8.9036071e-01
   4.4394216e-01
  -1.3390659e+00
  -1.7670478e+00
  -1.6534106e+00
  -1.7228912e+00
  -2.6022899e+00
  -2.4688637e+00
  -8.3440793e-01
   1.9512735e-01
  -3.5759491e-01
  -6.1895686e-01
  -6.2268496e-01
  -1.0863791e+00
   1.6069887e+00
   3.2251670e+00
   3.6076862e-01
  -1.0849645e-01
  -1.4422789e-01
  -5.4176724e-01
  -7.6875275e-01
  -8.1172127e-01
  -8.1184977e-01
  -6.2635297e-01
  -8.0452901e-01
  -5.4961932e-01
   3.3078504e-01
   5.9328544e-01
   1.7083377e-01
  -6.0074699e-01
  -1.4157348e+00
  -1.2728357e+00
  -9.5519459e-01
  -7.5754160e-01
  -5.1923126e-01
  -4.6017712e-01
  -7.1634728e-01
  -1.0301315e+00
  -6.6878307e-01
   1.3802193e-02
   6.8937278e-01
   1.1970781e+00
   5.1760864e-01
   4.0531635e-01
   3.4911913e-01
   2.4465218e-01
   3.0228421e-02
  -1.5390193e-01
  -1.6012195e-01
   3.1197611e-02
   1.6485062e-01
  -1.1966906e-01
  -2.4378914e-01
  -2.6474467e-01
  -3.7341547e-01
  -5.3889233e-01
  -4.1993698e-01
   2.7576011e-01
   1.0127102e+00
   1.1757278e+00
   1.6064460e+00
   1.7738575e+00
   1.2336805e+00
   6.8072432e-01
   3.4935474e-01
   3.7574194e-02
  -3.8967398e-01
  -7.9041219e-01
  -7.7750444e-01
  -4.0620065e-01
  -1.9892515e-01
  -5.3234595e-01
  -8.2839298e-01
  -6.9028336e-01
  -2.6011285e-01
   1.5659145e-01
  -2.7238852e-01
  -5.2833378e-01
  -6.3129210e-01
  -6.3121337e-01
  -7.3033112e-01
  -9.4551671e-01
  -1.0412245e+00
  -1.0421790e+00
  -7.1595466e-01
  -3.6259949e-01
  -3.3309865e-01
  -5.8205026e-01
  -5.6471682e-01
  -1.4595167e-01
   2.7740732e-01
