   0.0000000e+00
   0.0000000e+00
   0.0000000e+00
   0.0000000e+00
   0.0000000e+00
   0.0000000e+00
   0.0000000e+00
   0.0000000e+00
   0.0000000e+00
   4.7642229e-02
   3.6143488e-02
   2.2997087e-02
   2.3811843e-02
   2.8942798e-02
   0.0000000e+00
  -0.0000000e+00
   0.0000000e+00
   0.0000000e+00
   0.0000000e+00
   0.0000000e+00
   0.0000000e+00
   0.0000000e+00
   0.0000000e+00
   0.0000000e+00
   0.0000000e+00
   0.0000000e+00
   0.0000000e+00
   0.0000000e+00
   0.0000000e+00
   0.0000000e+00
   0.0000000e+00
   0.0000000e+00
   0.0000000e+00
   0.0000000e+00
   0.0000000e+00
   0.0000000e+00
   0.0000000e+00
   0.0000000e+00
   0.0000000e+00
   0.0000000e+00
   0.0000000e+00
   0.0000000e+00
   0.0000000e+00
   0.0000000e+00
   0.0000000e+00
   0.0000000e+00
   0.0000000e+00
   0.0000000e+00
   0.0000000e+00
   0.0000000e+00
   0.0000000e+00
   0.0000000e+00
   0.0000000e+00
   0.0000000e+00
   0.0000000e+00
   0.0000000e+00
   3.9935443e-02
   3.5478417e-02
   2.6809379e-02
   2.4270723e-02
   2.5903904e-02
   2.6824374e-02
   2.1157814e-02
   1.6272264e-02
   1.5710120e-02
   1.0344525e-02
   6.3145284e-03
   6.6939223e-03
  -3.8988491e-03
  -1.1200022e-02
  -2.0021302e-02
  -3.8733761e-02
  -3.1754729e-02
   0.0000000e+00
   1.4699877e-02
   6.2870006e-03
   1.1097490e-02
   1.4607859e-02
   1.5278532e-02
   1.4805535e-02
   1.6812129e-02
   1.4088097e-02
   1.0412224e-02
   1.1492134e-02
   9.2394360e-03
   1.2288843e-02
   0.0000000e+00
   0.0000000e+00
   0.0000000e+00
   0.0000000e+00
   0.0000000e+00
   0.0000000e+00
  -0.0000000e+00
   0.0000000e+00
   0.0000000e+00
   0.0000000e+00
  -7.1113980e-03
  -5.8471042e-03
  -3.7434223e-03
  -1.1876276e-03
   0.0000000e+00
   0.0000000e+00
   0.0000000e+00
   0.0000000e+00
   2.5003307e-02
   2.2310605e-02
   1.6692948e-02
   1.1417081e-02
   2.0191398e-02
   2.1128947e-02
   2.0211212e-02
   1.8856565e-02
   1.5470560e-02
   1.1079203e-02
   4.6658991e-03
  -1.3059642e-03
  -8.0439551e-03
  -1.4852045e-02
  -2.0644361e-02
  -2.7674487e-02
  -2.8979145e-02
  -2.6913087e-02
  -9.4674337e-03
  -6.2074796e-03
   1.4445658e-03
   9.4150109e-03
   1.4517478e-02
   1.8585779e-02
   1.7421396e-02
   1.4290889e-02
   8.1213964e-03
   5.2037793e-03
   3.9680088e-03
   7.8867469e-03
   1.3322611e-02
   1.5594945e-02
   1.7861519e-02
   1.5085796e-02
   1.6553142e-02
   9.6245594e-03
   1.4268681e-03
  -4.5960697e-03
  -1.0445021e-02
  -1.0166530e-02
  -2.2267661e-02
  -1.2111523e-02
  -6.4920498e-03
  -3.2997131e-04
   0.0000000e+00
   0.0000000e+00
   0.0000000e+00
   0.0000000e+00
   2.1568306e-02
   1.7958717e-02
   1.0465520e-02
   8.8007216e-04
   1.8273644e-02
   1.4485828e-02
   1.2669425e-02
   9.5209405e-03
   8.0456818e-03
   3.9555985e-03
  -1.4301153e-03
  -7.3379301e-03
  -1.4750393e-02
  -1.9699873e-02
  -2.2528812e-02
  -2.8507423e-02
  -3.1038493e-02
  -4.6531720e-02
  -8.5248924e-03
  -8.1093470e-03
  -2.2273844e-03
   6.8031023e-03
   1.3646648e-02
   1.5040759e-02
   1.3055148e-02
   6.5032872e-03
  -2.0146584e-03
  -8.9721326e-03
  -1.1551034e-02
  -8.2092518e-03
  -4.2312700e-04
   8.4149875e-03
   1.4812165e-02
   1.5605235e-02
   1.3512467e-02
   8.2637379e-03
   4.9093855e-04
  -9.5086899e-03
  -2.3137502e-02
  -2.9066990e-02
   0.0000000e+00
   0.0000000e+00
   0.0000000e+00
   0.0000000e+00
   0.0000000e+00
   0.0000000e+00
   0.0000000e+00
   0.0000000e+00
   2.1036891e-02
   1.0938204e-02
   3.5494156e-03
  -3.4252405e-03
  -1.0025703e-02
   3.3796528e-03
   5.9218536e-04
   4.6425917e-05
   8.7582201e-05
  -3.1538573e-03
  -7.6147667e-03
  -1.4072051e-02
  -2.0845825e-02
  -2.3037445e-02
  -2.5688644e-02
  -3.1299911e-02
  -3.6363494e-02
  -6.0126910e-02
   1.2413873e-03
  -6.1474394e-03
  -1.4891843e-03
   6.4605102e-03
   1.2131028e-02
   1.2403129e-02
   6.8870871e-03
  -3.0801077e-03
  -1.4526245e-02
  -2.2159992e-02
  -2.3642438e-02
  -1.8625040e-02
  -8.7234266e-03
   1.8609770e-03
   1.0441929e-02
   1.4010518e-02
   1.1670028e-02
   5.9258896e-03
  -2.5929769e-03
  -1.4266809e-02
  -2.6939537e-02
  -3.3370789e-02
   0.0000000e+00
   0.0000000e+00
   0.0000000e+00
   0.0000000e+00
   0.0000000e+00
   0.0000000e+00
   0.0000000e+00
   0.0000000e+00
   1.5324332e-02
   2.7420638e-03
  -4.7449224e-03
  -9.0492714e-03
  -1.1643828e-02
  -1.0158863e-02
  -9.9139607e-03
  -8.0679478e-03
  -7.7413544e-03
  -9.8668507e-03
  -1.4778424e-02
  -2.1040401e-02
  -2.4529348e-02
  -2.6173720e-02
  -2.8777688e-02
  -2.8868787e-02
  -2.9792592e-02
  -5.5057356e-02
   0.0000000e+00
   0.0000000e+00
  -2.4509675e-03
   3.7132441e-03
   7.5748362e-03
   5.4881300e-03
  -2.3758268e-03
  -1.3590491e-02
  -2.4871580e-02
  -2.8479276e-02
  -2.4584857e-02
  -1.7390691e-02
  -8.5808915e-03
  -1.5104119e-04
   7.0685958e-03
   9.9792837e-03
   8.5850378e-03
   3.5774170e-03
  -3.3373019e-03
  -1.4238020e-02
  -2.4226255e-02
  -2.6498293e-02
   0.0000000e+00
   0.0000000e+00
   0.0000000e+00
   0.0000000e+00
   0.0000000e+00
   0.0000000e+00
   0.0000000e+00
   2.1689456e-02
   7.9089869e-03
  -3.1669505e-03
  -1.0679717e-02
  -1.3787825e-02
  -1.3384636e-02
  -1.1755800e-02
  -1.1386638e-02
  -1.1320323e-02
  -1.2149416e-02
  -1.4712953e-02
  -1.9150041e-02
  -2.3443462e-02
  -2.6292542e-02
  -2.7528672e-02
  -2.7339997e-02
  -2.4099769e-02
  -1.8958541e-02
  -3.2921424e-02
   0.0000000e+00
   0.0000000e+00
  -4.8769535e-03
  -7.8833068e-04
   1.9486845e-03
  -2.2875918e-03
  -1.0685656e-02
  -2.0047765e-02
  -2.6625769e-02
  -2.6425485e-02
  -1.4978353e-02
  -7.6217335e-03
  -3.8238964e-03
   1.4534106e-03
   8.9328187e-03
   9.8109394e-03
   5.7782661e-03
   4.9744640e-04
  -6.2824548e-03
  -1.5572160e-02
  -2.0664960e-02
  -1.9292443e-02
   5.6296032e-03
   0.0000000e+00
   0.0000000e+00
   0.0000000e+00
   0.0000000e+00
   0.0000000e+00
  -0.0000000e+00
   1.4359377e-03
  -5.3887870e-03
  -1.3629938e-02
  -1.9163448e-02
  -2.0910893e-02
  -1.7727958e-02
  -1.3791732e-02
  -1.3089236e-02
  -1.3551398e-02
  -1.3667831e-02
  -1.6103456e-02
  -2.0177502e-02
  -2.3912130e-02
  -2.5762565e-02
  -2.4915051e-02
  -2.2432689e-02
  -1.6620748e-02
  -5.2462756e-03
  -1.4400867e-03
   0.0000000e+00
   0.0000000e+00
  -3.0376717e-03
  -5.1311916e-03
  -5.9197717e-03
  -1.0944649e-02
  -1.7592635e-02
  -2.0647028e-02
  -1.4704950e-02
  -1.5661703e-02
  -0.0000000e+00
   9.4550168e-04
  -3.7312270e-03
   8.4476353e-04
   7.0728408e-03
   5.8343397e-03
   4.2014876e-03
   3.7688663e-04
  -5.9014470e-03
  -1.2705523e-02
  -1.4956499e-02
  -7.8210241e-03
   1.1723180e-02
   1.9779121e-02
   0.0000000e+00
   0.0000000e+00
   0.0000000e+00
   0.0000000e+00
  -0.0000000e+00
  -8.6649237e-03
  -1.4213632e-02
  -2.1123586e-02
  -2.4886515e-02
  -2.4992865e-02
  -2.0901022e-02
  -1.6428737e-02
  -1.4639268e-02
  -1.3126037e-02
  -1.2769356e-02
  -1.5313827e-02
  -1.8929159e-02
  -2.1304999e-02
  -2.1635335e-02
  -1.9932019e-02
  -1.6692359e-02
  -9.6074706e-03
   4.8825080e-03
   2.3103133e-02
   2.1584235e-02
   0.0000000e+00
  -0.0000000e+00
  -7.9221456e-03
  -1.1305483e-02
  -1.6480288e-02
  -1.9974092e-02
  -1.3710985e-02
   1.1083517e-03
  -4.5674629e-04
   0.0000000e+00
  -0.0000000e+00
  -8.2479576e-03
  -2.9555585e-03
  -3.1857407e-03
  -3.7804223e-03
  -1.9401232e-03
  -2.7081841e-03
  -5.5618966e-03
  -8.4270593e-03
  -7.9234326e-03
   1.8345567e-03
   2.0325547e-02
   2.4955509e-02
   0.0000000e+00
   0.0000000e+00
   0.0000000e+00
  -3.5908677e-03
  -5.0130493e-03
  -9.0580601e-03
  -1.6031129e-02
  -2.2387374e-02
  -2.4665341e-02
  -2.3855634e-02
  -2.0212540e-02
  -1.5855551e-02
  -1.2486449e-02
  -9.8785721e-03
  -1.0077859e-02
  -1.2290224e-02
  -1.4715183e-02
  -1.5840165e-02
  -1.5826020e-02
  -1.4486057e-02
  -1.0464270e-02
  -2.7465825e-03
   1.3522753e-02
   3.3354700e-02
   2.9457988e-02
   0.0000000e+00
   0.0000000e+00
  -1.1452699e-02
  -1.8655602e-02
  -2.4664048e-02
  -2.0772735e-02
  -1.1511875e-03
   2.2812380e-02
   0.0000000e+00
   0.0000000e+00
  -0.0000000e+00
  -1.3508932e-02
  -7.3057872e-03
  -1.1144207e-02
  -6.3674161e-03
  -2.4820932e-03
  -2.9509091e-03
  -4.3056859e-03
  -4.1112909e-03
  -5.0215452e-04
   9.2787482e-03
   2.3709170e-02
   2.6521562e-02
   2.3446820e-02
   0.0000000e+00
   0.0000000e+00
  -2.9954938e-03
  -2.0890703e-03
  -7.4828635e-03
  -1.3838360e-02
  -1.7850622e-02
  -1.8929045e-02
  -1.8196493e-02
  -1.5536833e-02
  -1.1299128e-02
  -7.4541350e-03
  -4.7854560e-03
  -5.0858877e-03
  -6.8358769e-03
  -8.5124257e-03
  -9.5874841e-03
  -1.0593942e-02
  -9.4653783e-03
  -4.8424302e-03
   3.6351082e-03
   2.0900392e-02
   4.4473770e-02
   4.7001748e-02
   0.0000000e+00
   0.0000000e+00
  -0.0000000e+00
  -2.7981991e-02
  -3.6974071e-02
  -1.9499122e-02
   1.4656568e-02
   4.7173242e-02
   0.0000000e+00
   0.0000000e+00
  -0.0000000e+00
  -2.8548426e-02
  -3.5794408e-02
  -1.2681035e-02
  -1.4168420e-03
   9.7883010e-04
  -9.2771480e-04
  -1.1823417e-03
   1.4339686e-03
   6.6347345e-03
   1.5137024e-02
   2.5760403e-02
   2.7299967e-02
   1.9919194e-02
   1.4108788e-02
  -1.3297189e-03
   2.4468879e-03
   1.4148721e-03
  -2.6232130e-03
  -6.3975113e-03
  -9.3873935e-03
  -1.1209667e-02
  -1.1377379e-02
  -9.2862397e-03
  -5.2296221e-03
  -1.3085342e-03
   1.3430463e-03
   1.2119605e-03
  -8.7237492e-04
  -2.9967015e-03
  -5.0441637e-03
  -6.8678414e-03
  -5.3159916e-03
  -2.5029061e-05
   9.4782580e-03
   2.7595857e-02
   5.6381766e-02
   6.4806057e-02
   0.0000000e+00
   0.0000000e+00
   0.0000000e+00
  -3.6065973e-02
  -4.8676342e-02
  -1.4227305e-02
   2.9787615e-02
   6.2959893e-02
   0.0000000e+00
   0.0000000e+00
   0.0000000e+00
  -4.5354740e-02
  -6.2379519e-02
  -3.3756878e-03
   6.0044867e-03
   1.7519686e-03
  -9.6614420e-04
   2.0408717e-03
   7.3896367e-03
   1.3269922e-02
   2.0075554e-02
   2.9692076e-02
   2.9717093e-02
   2.5162823e-02
   1.8998865e-02
   1.4317035e-02
   1.0294372e-02
   7.0482171e-03
   4.9948804e-03
   1.9885479e-03
  -1.9579565e-03
  -4.8847287e-03
  -5.6123994e-03
  -3.1529062e-03
   1.1204322e-03
   4.9370117e-03
   7.2332588e-03
   6.3027106e-03
   3.0471212e-03
   1.1152291e-04
  -2.7309922e-03
  -4.1809645e-03
  -1.4986373e-03
   5.0567444e-03
   1.5726402e-02
   3.5132494e-02
   6.3968226e-02
   7.0319606e-02
   0.0000000e+00
   0.0000000e+00
   0.0000000e+00
  -7.8447147e-02
  -5.3362008e-02
  -5.2438499e-03
   4.2026654e-02
   7.2858305e-02
   0.0000000e+00
   0.0000000e+00
   0.0000000e+00
  -0.0000000e+00
  -7.1390104e-02
   1.4975731e-02
   1.4733058e-02
  -2.1672191e-03
  -4.4296412e-03
   5.9988792e-03
   1.4572171e-02
   2.0837994e-02
   2.6224678e-02
   3.4722328e-02
   3.4139954e-02
   3.0102758e-02
   2.4895852e-02
   1.9209435e-02
   1.3224712e-02
   1.1997868e-02
   1.0139206e-02
   6.4180349e-03
   1.8943120e-03
  -1.1410562e-03
  -1.3497237e-03
   1.8663584e-03
   6.1265626e-03
   9.1104526e-03
   1.0096834e-02
   7.9084821e-03
   3.9720810e-03
   6.2632689e-04
  -2.1061103e-03
  -2.1529305e-03
   2.2274277e-03
   9.9782804e-03
   2.1733575e-02
   4.2011175e-02
   6.4805925e-02
   6.5160874e-02
   0.0000000e+00
   0.0000000e+00
   0.0000000e+00
   0.0000000e+00
  -4.1738224e-02
   4.0088324e-03
   4.9611051e-02
   7.3806684e-02
   0.0000000e+00
   0.0000000e+00
   0.0000000e+00
   0.0000000e+00
   6.9433260e-03
   3.1882764e-02
   2.7262151e-02
  -2.1289496e-03
  -7.5839825e-03
   1.1313713e-02
   2.1695448e-02
   2.7822530e-02
   3.2318532e-02
   3.9323684e-02
   3.8807049e-02
   3.4640104e-02
   2.7602455e-02
   2.1496873e-02
   1.7221805e-02
   1.5665812e-02
   1.2329053e-02
   7.8579905e-03
   3.4390627e-03
   1.0785897e-03
   1.8691719e-03
   5.5555301e-03
   9.0902206e-03
   1.0619231e-02
   9.9783195e-03
   6.6439169e-03
   2.4678090e-03
  -5.3960906e-04
  -1.9558941e-03
   1.8768159e-04
   6.1441553e-03
   1.4994472e-02
   2.7955122e-02
   4.8850689e-02
   6.2866054e-02
   5.5587881e-02
   0.0000000e+00
   0.0000000e+00
   0.0000000e+00
   0.0000000e+00
  -3.1073108e-02
   1.3131992e-02
   5.4277744e-02
   7.2786243e-02
   0.0000000e+00
   0.0000000e+00
   0.0000000e+00
   0.0000000e+00
   9.8404366e-03
   4.2149380e-02
   4.3009788e-02
   3.6748310e-02
  -5.1804507e-03
   1.7045714e-02
   2.7668171e-02
   3.3410635e-02
   3.7239257e-02
   4.3094429e-02
   4.2753390e-02
   3.7279300e-02
   2.9253897e-02
   2.3853377e-02
   1.9841253e-02
   1.6222089e-02
   1.1256804e-02
   6.5947670e-03
   2.7718094e-03
   1.3191453e-03
   3.0017026e-03
   6.4328994e-03
   8.6709279e-03
   8.5966791e-03
   6.5190053e-03
   2.6995550e-03
  -7.4669256e-04
  -2.1998058e-03
  -1.2814998e-03
   3.0621547e-03
   1.0313217e-02
   1.9994391e-02
   3.3710062e-02
   5.5644908e-02
   5.9899880e-02
   3.8930767e-02
   0.0000000e+00
   0.0000000e+00
   0.0000000e+00
   0.0000000e+00
  -1.9024370e-02
   2.1456494e-02
   5.6362056e-02
   6.4669398e-02
   0.0000000e+00
   0.0000000e+00
   0.0000000e+00
   0.0000000e+00
   2.3527530e-02
   4.5296392e-02
   3.9585792e-02
   2.7633161e-02
  -2.1715889e-03
   2.1479429e-02
   3.2436926e-02
   3.7906411e-02
   4.1141565e-02
   4.5240995e-02
   4.4212192e-02
   3.6848396e-02
   2.9360913e-02
   2.4254769e-02
   1.8627189e-02
   1.2706717e-02
   7.2037666e-03
   3.0314538e-03
   2.6803950e-04
  -2.2639458e-04
   1.7044261e-03
   4.1328156e-03
   4.9463827e-03
   3.7716797e-03
   1.1397417e-03
  -1.9362585e-03
  -3.3755943e-03
  -2.5390738e-03
   8.1685785e-04
   6.9517521e-03
   1.5139802e-02
   2.5425896e-02
   3.9837208e-02
   6.2591441e-02
   7.3090847e-02
   0.0000000e+00
   0.0000000e+00
   0.0000000e+00
   0.0000000e+00
   0.0000000e+00
  -7.2296158e-03
   2.8717071e-02
   5.5730943e-02
   5.3179710e-02
   0.0000000e+00
   0.0000000e+00
   0.0000000e+00
   0.0000000e+00
   2.6515460e-02
   4.0290859e-02
   3.2529411e-02
   0.0000000e+00
   2.3063623e-03
   2.5080256e-02
   3.6929164e-02
   4.1511506e-02
   4.3862924e-02
   4.4384032e-02
   4.2152010e-02
   3.3289414e-02
   2.6206246e-02
   1.9991796e-02
   1.2325075e-02
   5.6044236e-03
   1.1806529e-03
  -1.6524880e-03
  -2.7268138e-03
  -2.4699660e-03
  -9.3715312e-04
   1.3448202e-04
  -8.7983470e-05
  -1.4602146e-03
  -3.3432373e-03
  -4.5254040e-03
  -3.5182978e-03
  -3.7676358e-04
   4.9260510e-03
   1.2132732e-02
   2.0876814e-02
   3.1462736e-02
   4.5758925e-02
   6.0743660e-02
   4.7974666e-02
   0.0000000e+00
   0.0000000e+00
   0.0000000e+00
   0.0000000e+00
   0.0000000e+00
   4.7551036e-03
   3.4710165e-02
   5.1683325e-02
   4.1534500e-02
   0.0000000e+00
   0.0000000e+00
   0.0000000e+00
   0.0000000e+00
   2.7582703e-02
   3.1474151e-02
   1.8310580e-02
   0.0000000e+00
   0.0000000e+00
   2.8640666e-02
   4.0563025e-02
   4.3116406e-02
   4.3863714e-02
   3.9661668e-02
   3.6335804e-02
   2.6304897e-02
   1.8139113e-02
   1.0142861e-02
   2.1492233e-03
  -2.7214894e-03
  -4.9340241e-03
  -5.7568215e-03
  -5.5235741e-03
  -4.9345442e-03
  -4.0904768e-03
  -3.7187547e-03
  -3.8515851e-03
  -4.3587708e-03
  -4.6070833e-03
  -3.6630314e-03
  -7.7301951e-04
   3.9430438e-03
   1.0256569e-02
   1.7856909e-02
   2.6355017e-02
   3.5890106e-02
   4.7268584e-02
   5.4960292e-02
   5.1939915e-02
   0.0000000e+00
   0.0000000e+00
   0.0000000e+00
   0.0000000e+00
   0.0000000e+00
   0.0000000e+00
   3.8187820e-02
   4.4061534e-02
   3.0856037e-02
   0.0000000e+00
   0.0000000e+00
   0.0000000e+00
   0.0000000e+00
   2.8828231e-02
   2.2882046e-02
   8.8971210e-03
   0.0000000e+00
   0.0000000e+00
   3.6221317e-02
   4.1813515e-02
   4.1343395e-02
   4.0132817e-02
   3.1189581e-02
   2.7068328e-02
   1.6026554e-02
   7.3776785e-03
  -4.3301665e-04
  -6.3474680e-03
  -8.6494969e-03
  -9.2090076e-03
  -9.0485500e-03
  -8.7144985e-03
  -8.3979774e-03
  -7.8619816e-03
  -7.0881429e-03
  -6.2172146e-03
  -5.1285362e-03
  -3.4475052e-03
  -5.9412924e-04
   3.6508089e-03
   9.1266237e-03
   1.5650718e-02
   2.2925687e-02
   3.0137207e-02
   3.6996829e-02
   4.3233237e-02
   3.8701138e-02
   2.8524378e-02
   0.0000000e+00
   0.0000000e+00
   0.0000000e+00
   0.0000000e+00
   0.0000000e+00
   0.0000000e+00
   3.8798178e-02
   3.5085349e-02
   2.2213643e-02
   0.0000000e+00
   0.0000000e+00
   0.0000000e+00
   0.0000000e+00
   2.8346319e-02
   1.6225499e-02
   4.6747386e-03
   0.0000000e+00
   0.0000000e+00
   0.0000000e+00
   4.0841851e-02
   3.6193492e-02
   3.2739734e-02
   2.1584344e-02
   1.7585822e-02
   5.9403343e-03
  -1.3606950e-03
  -6.9803944e-03
  -1.0683802e-02
  -1.2255279e-02
  -1.3081454e-02
  -1.3505130e-02
  -1.3804221e-02
  -1.3883266e-02
  -1.3377092e-02
  -1.1927718e-02
  -9.7846600e-03
  -6.8217725e-03
  -3.0054757e-03
   1.6600704e-03
   7.0611983e-03
   1.3076302e-02
   1.9484039e-02
   2.5738876e-02
   3.1130878e-02
   3.4871271e-02
   3.5875583e-02
   2.4415254e-02
   1.3024819e-02
   0.0000000e+00
   0.0000000e+00
   0.0000000e+00
   0.0000000e+00
   0.0000000e+00
   0.0000000e+00
   3.7119607e-02
   2.8324170e-02
   1.7208023e-02
   0.0000000e+00
   0.0000000e+00
   0.0000000e+00
   0.0000000e+00
   0.0000000e+00
   9.4401125e-03
   1.5064211e-03
   0.0000000e+00
   0.0000000e+00
   0.0000000e+00
   3.7454904e-02
   2.9039830e-02
   2.3465352e-02
   1.3621163e-02
   1.2898004e-02
   6.9801060e-04
  -6.3772531e-03
  -9.9714116e-03
  -1.3059467e-02
  -1.5621320e-02
  -1.8057195e-02
  -1.9955519e-02
  -2.1077673e-02
  -2.1488169e-02
  -2.0754406e-02
  -1.8721915e-02
  -1.5441622e-02
  -1.0950755e-02
  -5.6234727e-03
   2.8516499e-04
   6.4782998e-03
   1.2790428e-02
   1.8858305e-02
   2.3947641e-02
   2.7590088e-02
   2.8947975e-02
   2.6856318e-02
   1.6202231e-02
   7.3391649e-03
   0.0000000e+00
   0.0000000e+00
   0.0000000e+00
  -0.0000000e+00
   1.3278736e-02
   4.7118433e-02
   3.1902807e-02
   2.2347085e-02
   1.3628197e-02
   0.0000000e+00
   0.0000000e+00
   0.0000000e+00
   0.0000000e+00
   0.0000000e+00
   7.1507429e-04
  -1.9367567e-03
   0.0000000e+00
   0.0000000e+00
   0.0000000e+00
   3.3591332e-02
   2.1532019e-02
   1.4427772e-02
   6.9708027e-03
   1.3614751e-02
   2.2039986e-03
  -6.9929427e-03
  -9.5679462e-03
  -1.1976849e-02
  -1.5064740e-02
  -1.8491413e-02
  -2.1505510e-02
  -2.3608116e-02
  -2.4561744e-02
  -2.4121568e-02
  -2.2322647e-02
  -1.8868452e-02
  -1.3895086e-02
  -7.9446565e-03
  -1.5046907e-03
   4.9101184e-03
   1.0781039e-02
   1.5718712e-02
   1.9388501e-02
   2.1502133e-02
   2.1368828e-02
   1.8022994e-02
   9.4246250e-03
   3.7323615e-03
   0.0000000e+00
   0.0000000e+00
   0.0000000e+00
  -0.0000000e+00
   1.3612537e-02
   3.8186187e-02
   2.1653212e-02
   1.3450566e-02
   1.1611429e-02
   0.0000000e+00
   0.0000000e+00
   0.0000000e+00
   0.0000000e+00
  -0.0000000e+00
  -1.0053011e-02
  -7.0600194e-03
  -1.1552260e-02
   0.0000000e+00
   4.1134313e-02
   3.2069024e-02
   1.2648996e-02
   4.6970379e-03
  -2.3052643e-03
   1.7811754e-02
  -1.0968241e-03
  -3.9168471e-03
  -4.9999378e-03
  -5.1093771e-03
  -6.2954376e-03
  -8.3360755e-03
  -1.0591098e-02
  -1.2757450e-02
  -1.4440693e-02
  -1.5148841e-02
  -1.4559174e-02
  -1.2494604e-02
  -9.0776801e-03
  -4.5901829e-03
   6.8246356e-04
   6.1004923e-03
   1.0766629e-02
   1.4380532e-02
   1.7062295e-02
   1.8612360e-02
   1.7653430e-02
   1.2593220e-02
   3.9273300e-03
   5.6135393e-04
   0.0000000e+00
   0.0000000e+00
   0.0000000e+00
   0.0000000e+00
   2.0401339e-02
   3.1179469e-02
   0.0000000e+00
   0.0000000e+00
   0.0000000e+00
   0.0000000e+00
   0.0000000e+00
   0.0000000e+00
   0.0000000e+00
  -0.0000000e+00
  -2.2366445e-02
  -1.3584842e-02
  -1.1552260e-02
   0.0000000e+00
   3.6489929e-02
   2.2636048e-02
   4.2223329e-03
  -4.2062271e-03
   0.0000000e+00
   0.0000000e+00
   1.0923768e-02
   1.6810664e-03
  -1.9161085e-03
  -6.5711692e-04
  -3.3897117e-04
  -1.2952170e-03
  -2.8946489e-03
  -4.6966839e-03
  -6.1395436e-03
  -6.8830420e-03
  -6.6795635e-03
  -5.4937576e-03
  -3.4200317e-03
  -3.6482637e-04
   3.8345058e-03
   8.8230575e-03
   1.3700613e-02
   1.7653089e-02
   2.0203061e-02
   2.0718835e-02
   1.7822293e-02
   9.7920175e-03
  -6.3411575e-04
  -2.5383847e-03
   0.0000000e+00
   0.0000000e+00
   0.0000000e+00
   7.3799987e-03
   1.7834473e-02
   2.0248373e-02
   0.0000000e+00
   0.0000000e+00
   0.0000000e+00
   0.0000000e+00
   0.0000000e+00
   0.0000000e+00
   0.0000000e+00
  -0.0000000e+00
  -3.2099038e-02
  -2.0969049e-02
  -1.9509715e-02
   0.0000000e+00
   2.7959867e-02
   1.0758407e-02
  -9.4672322e-04
  -1.0780249e-02
   0.0000000e+00
   0.0000000e+00
   0.0000000e+00
   3.1948481e-03
  -5.0538806e-03
  -5.1246127e-03
  -5.8014700e-03
  -7.3661264e-03
  -9.3166530e-03
  -1.1162616e-02
  -1.2393543e-02
  -1.2754918e-02
  -1.2109232e-02
  -1.0479761e-02
  -8.1125777e-03
  -5.0471383e-03
  -9.2327147e-04
   4.2317770e-03
   9.8004825e-03
   1.4568510e-02
   1.7146248e-02
   1.6258748e-02
   1.1551058e-02
   3.6131339e-03
  -6.0835532e-03
  -9.8721195e-03
   0.0000000e+00
   0.0000000e+00
  -0.0000000e+00
  -4.2946534e-03
   8.4379883e-03
   1.4305046e-02
   0.0000000e+00
   0.0000000e+00
   0.0000000e+00
   0.0000000e+00
   0.0000000e+00
   0.0000000e+00
   0.0000000e+00
  -0.0000000e+00
  -3.5988636e-02
  -2.3774367e-02
  -2.2825033e-02
   1.2536565e-02
   1.5181170e-02
   2.3298860e-03
  -3.5350947e-03
  -7.4091112e-03
   0.0000000e+00
   0.0000000e+00
   0.0000000e+00
   3.7277304e-03
  -9.2554232e-03
  -1.2395266e-02
  -1.6074911e-02
  -2.0353658e-02
  -2.4516096e-02
  -2.7996421e-02
  -3.0449988e-02
  -3.1673446e-02
  -3.1547055e-02
  -3.0261777e-02
  -2.8074419e-02
  -2.5177686e-02
  -2.1446429e-02
  -1.6460689e-02
  -1.0161074e-02
  -3.3622049e-03
   1.6147587e-03
   2.3154595e-03
  -6.8433204e-05
  -2.8680386e-03
  -7.7007231e-03
  -1.5343202e-02
   0.0000000e+00
   0.0000000e+00
  -1.9181218e-02
  -1.4485563e-02
  -3.8425121e-03
   2.5090535e-03
   0.0000000e+00
   0.0000000e+00
   0.0000000e+00
   0.0000000e+00
   0.0000000e+00
   0.0000000e+00
   0.0000000e+00
  -0.0000000e+00
  -3.7596069e-02
  -2.4605148e-02
  -1.2655542e-02
   7.6223437e-03
   4.8536607e-03
  -3.6584185e-03
  -3.9133994e-03
  -6.7460804e-03
   0.0000000e+00
   0.0000000e+00
   0.0000000e+00
   4.3611559e-03
  -1.1351580e-02
  -1.6696220e-02
  -2.2634640e-02
  -2.9262939e-02
  -3.5487399e-02
  -4.0971890e-02
  -4.5502830e-02
  -4.8733652e-02
  -5.0595567e-02
  -5.1143885e-02
  -5.0512545e-02
  -4.9003292e-02
  -4.6635088e-02
  -4.2910561e-02
  -3.6774028e-02
  -2.7857922e-02
  -1.7443255e-02
  -1.0782223e-02
  -9.7463438e-03
  -8.5257962e-03
  -1.0482952e-02
  -1.4162605e-02
  -2.2464526e-02
  -2.4458369e-02
  -2.4554844e-02
  -2.5093259e-02
  -1.7185345e-02
  -1.0449230e-02
   0.0000000e+00
   0.0000000e+00
   0.0000000e+00
   0.0000000e+00
   0.0000000e+00
   0.0000000e+00
   0.0000000e+00
  -0.0000000e+00
  -3.3871209e-02
  -2.7789630e-02
  -1.1924140e-02
   4.5625018e-03
  -1.4775039e-03
  -8.4397988e-03
  -3.1953451e-03
   0.0000000e+00
   0.0000000e+00
   3.0680003e-03
   2.2626050e-02
   6.0372589e-03
  -9.6889684e-03
  -1.5743400e-02
  -2.2210769e-02
  -2.9256826e-02
  -3.5505193e-02
  -4.1067741e-02
  -4.5976351e-02
  -5.0017837e-02
  -5.3044747e-02
  -5.4840818e-02
  -5.5466614e-02
  -5.5295240e-02
  -5.4597180e-02
  -5.3126826e-02
  -4.9792472e-02
  -4.3099454e-02
  -3.1038839e-02
  -1.8248049e-02
  -1.3942341e-02
  -1.2182391e-02
  -1.3686729e-02
  -1.9974103e-02
  -2.6105134e-02
  -2.7689168e-02
  -2.9868759e-02
  -3.3563281e-02
  -3.2407859e-02
  -2.8017969e-02
   0.0000000e+00
   0.0000000e+00
   0.0000000e+00
   0.0000000e+00
   0.0000000e+00
   0.0000000e+00
   0.0000000e+00
   0.0000000e+00
  -3.8454593e-02
  -3.3961291e-02
  -1.5335857e-02
   1.4836541e-03
  -3.8363254e-03
  -1.1860634e-02
  -9.3063174e-03
   0.0000000e+00
   0.0000000e+00
   3.4087388e-03
   2.0739611e-02
   7.4734390e-03
  -5.1408795e-03
  -1.0812087e-02
  -1.6799087e-02
  -2.3050378e-02
  -2.8025497e-02
  -3.2061804e-02
  -3.5617269e-02
  -3.8973036e-02
  -4.2189332e-02
  -4.4904011e-02
  -4.7159122e-02
  -4.8885656e-02
  -5.0219873e-02
  -5.1262347e-02
  -5.0990173e-02
  -4.7904929e-02
  -3.8462396e-02
  -2.2102091e-02
  -1.1940824e-02
  -1.1851787e-02
  -1.1982776e-02
  -1.9944412e-02
  -2.5863130e-02
  -2.9190380e-02
  -3.3144761e-02
  -3.9348914e-02
  -4.4887817e-02
  -4.3440535e-02
   0.0000000e+00
   0.0000000e+00
   0.0000000e+00
   0.0000000e+00
   0.0000000e+00
   0.0000000e+00
   0.0000000e+00
  -0.0000000e+00
  -4.3045934e-02
  -4.2246083e-02
  -2.1913157e-02
   4.3064875e-04
  -1.1285533e-03
  -1.0421632e-02
  -1.0104814e-02
   0.0000000e+00
   0.0000000e+00
   2.4515082e-03
   1.4394032e-02
   8.1283031e-03
   3.2208656e-04
  -4.3360665e-03
  -1.0029626e-02
  -1.5709335e-02
  -1.9789999e-02
  -2.2329690e-02
  -2.3954144e-02
  -2.5616420e-02
  -2.7868938e-02
  -3.0713702e-02
  -3.4048699e-02
  -3.7607308e-02
  -4.1229002e-02
  -4.5053862e-02
  -4.7908999e-02
  -4.7578249e-02
  -4.0564444e-02
  -2.4828255e-02
  -1.3663467e-02
  -1.4986023e-03
  -6.6868416e-03
  -1.6920885e-02
  -2.3023071e-02
  -2.8357355e-02
  -3.4117207e-02
  -4.2098325e-02
  -5.3611059e-02
  -5.8186913e-02
   0.0000000e+00
   0.0000000e+00
   0.0000000e+00
   0.0000000e+00
   0.0000000e+00
  -0.0000000e+00
   0.0000000e+00
  -0.0000000e+00
  -4.6474978e-02
  -5.0704647e-02
  -3.0288693e-02
   2.2686105e-03
   6.3114571e-03
  -7.6301652e-03
  -8.4180903e-03
   0.0000000e+00
   0.0000000e+00
   1.0877203e-03
   4.1273357e-03
   7.4084811e-03
   5.2720155e-03
   2.6124106e-03
  -2.9609434e-03
  -9.1493037e-03
  -1.3714321e-02
  -1.6299473e-02
  -1.7169110e-02
  -1.7443437e-02
  -1.8175602e-02
  -1.9906212e-02
  -2.2707682e-02
  -2.6525794e-02
  -3.1263001e-02
  -3.7145447e-02
  -4.2952329e-02
  -4.5510292e-02
  -4.0988322e-02
  -2.5483053e-02
  -1.7313969e-02
   0.0000000e+00
  -1.8140767e-05
  -1.3210684e-02
  -1.9556226e-02
  -2.5972452e-02
  -3.3044390e-02
  -4.1864548e-02
  -5.5240273e-02
  -6.1274098e-02
   0.0000000e+00
   0.0000000e+00
   0.0000000e+00
   0.0000000e+00
  -5.4168428e-02
  -6.6760275e-02
  -1.8719142e-02
  -2.3430462e-02
  -4.6698008e-02
  -5.9832837e-02
  -4.2702958e-02
   1.4084654e-03
   1.3410465e-02
  -1.8497591e-03
  -4.2140178e-03
   0.0000000e+00
   0.0000000e+00
   0.0000000e+00
  -2.7215562e-03
   5.2942790e-03
   8.2463538e-03
   9.2124174e-03
   4.7634434e-03
  -2.1986158e-03
  -8.3058746e-03
  -1.2649618e-02
  -1.4818946e-02
  -1.5213296e-02
  -1.4926192e-02
  -1.5243037e-02
  -1.6795916e-02
  -1.9908336e-02
  -2.4539788e-02
  -3.0958328e-02
  -3.8239001e-02
  -4.3249222e-02
  -4.2503315e-02
  -2.3806102e-02
  -1.2621721e-02
   3.8230718e-02
   7.4571991e-03
  -8.0548487e-03
  -1.4637071e-02
  -2.1625004e-02
  -2.9996392e-02
  -3.9232145e-02
  -5.2966629e-02
  -6.4725451e-02
   0.0000000e+00
   0.0000000e+00
  -1.9779764e-02
  -1.5771485e-02
  -4.2323079e-02
  -4.0073899e-02
  -2.0116672e-02
  -1.8771564e-02
  -4.2089584e-02
  -6.9785579e-02
  -6.0889463e-02
   1.0242039e-03
   1.5309454e-02
   4.4460533e-03
   7.3253767e-03
   0.0000000e+00
   0.0000000e+00
   0.0000000e+00
  -1.8981287e-03
   4.0666540e-03
   8.4004747e-03
   1.3557286e-02
   1.1568075e-02
   4.9526440e-03
  -2.2006910e-03
  -8.5459119e-03
  -1.2804292e-02
  -1.4739428e-02
  -1.4739697e-02
  -1.4283544e-02
  -1.4653431e-02
  -1.6918145e-02
  -2.1474512e-02
  -2.8163889e-02
  -3.6205534e-02
  -4.2850062e-02
  -4.6230830e-02
  -2.9593997e-02
  -1.1395263e-02
   0.0000000e+00
   1.3173411e-02
  -2.9922833e-03
  -8.4217926e-03
  -1.5098499e-02
  -2.4528652e-02
  -3.4281589e-02
  -4.6804883e-02
  -6.0521743e-02
  -6.3522001e-02
   0.0000000e+00
  -4.4172130e-03
  -1.6087746e-02
  -3.3126433e-02
  -3.2950878e-02
  -2.1689402e-02
  -1.5593018e-02
  -3.1520508e-02
  -7.9090677e-02
  -6.9628384e-02
   0.0000000e+00
   0.0000000e+00
   8.8723715e-03
   1.2977192e-02
   0.0000000e+00
   0.0000000e+00
   0.0000000e+00
   1.0091045e-03
   5.0268876e-03
   7.5677624e-03
   1.5122597e-02
   1.6140096e-02
   1.0965296e-02
   3.9456245e-03
  -3.4615928e-03
  -9.3848566e-03
  -1.3002230e-02
  -1.4120628e-02
  -1.3785787e-02
  -1.3391504e-02
  -1.4771372e-02
  -1.9129554e-02
  -2.6248736e-02
  -3.5645001e-02
  -4.4253051e-02
  -5.1296987e-02
  -3.0597248e-02
   0.0000000e+00
   0.0000000e+00
   1.7648442e-02
   6.3329545e-04
  -2.1306654e-03
  -7.5789811e-03
  -1.7242512e-02
  -2.7203962e-02
  -3.9441109e-02
  -5.1850822e-02
  -4.6486784e-02
   0.0000000e+00
   0.0000000e+00
  -9.9999122e-03
  -2.7187731e-02
  -3.0976394e-02
  -2.4518143e-02
  -1.5959397e-02
  -1.9451768e-02
  -8.2329237e-02
  -5.7562027e-02
  -4.9432544e-02
   0.0000000e+00
   0.0000000e+00
   0.0000000e+00
   0.0000000e+00
   0.0000000e+00
   0.0000000e+00
  -5.6983711e-03
   5.5106306e-03
   9.3203019e-03
   1.6726151e-02
   1.9897088e-02
   1.6379565e-02
   9.6926223e-03
   1.7381882e-03
  -5.3978530e-03
  -1.0288919e-02
  -1.2559873e-02
  -1.2650954e-02
  -1.1822735e-02
  -1.2322823e-02
  -1.6291561e-02
  -2.4101146e-02
  -3.5417233e-02
  -4.6455786e-02
  -5.4406755e-02
  -4.9986497e-02
   0.0000000e+00
   0.0000000e+00
   1.8361246e-02
   2.1892085e-03
   3.4596713e-03
  -3.8761369e-04
  -9.5876213e-03
  -1.8981842e-02
  -3.0747872e-02
  -4.2579748e-02
  -3.2167332e-02
  -2.3376297e-02
   1.4245875e-02
  -3.2770694e-03
  -2.1749541e-02
  -2.9037802e-02
  -3.0442439e-02
  -2.5686492e-02
  -9.5080913e-03
  -0.0000000e+00
  -5.2378353e-02
  -5.2007221e-02
   0.0000000e+00
   0.0000000e+00
   0.0000000e+00
   0.0000000e+00
   0.0000000e+00
   0.0000000e+00
  -0.0000000e+00
   2.1617380e-03
   1.5436013e-02
   2.3025509e-02
   2.6599322e-02
   2.3726821e-02
   1.6856505e-02
   8.0133015e-03
  -6.1839767e-04
  -6.8684197e-03
  -1.0386068e-02
  -1.1160153e-02
  -1.0043763e-02
  -9.6028270e-03
  -1.2887764e-02
  -2.1422096e-02
  -3.5437144e-02
  -5.0755266e-02
  -5.1230349e-02
  -4.5684940e-02
   0.0000000e+00
   0.0000000e+00
   1.2443441e-02
   3.3323509e-03
   7.5416259e-03
   6.0061230e-03
  -1.6873328e-03
  -9.5593845e-03
  -2.0160001e-02
  -3.3038132e-02
  -2.2541461e-02
   0.0000000e+00
   1.8690757e-02
   2.7376297e-03
  -1.5810022e-02
  -2.4596764e-02
   0.0000000e+00
   0.0000000e+00
  -0.0000000e+00
  -7.9475490e-02
   0.0000000e+00
   0.0000000e+00
   0.0000000e+00
   0.0000000e+00
   0.0000000e+00
   0.0000000e+00
   0.0000000e+00
   0.0000000e+00
  -0.0000000e+00
  -3.5405999e-03
   2.0508538e-02
   3.2459432e-02
   3.6461907e-02
   3.3380976e-02
   2.5536161e-02
   1.5555516e-02
   5.3855123e-03
  -2.6860895e-03
  -7.3773591e-03
  -9.1777878e-03
  -8.0888146e-03
  -6.9722761e-03
  -9.2166183e-03
  -1.8138222e-02
  -3.5132015e-02
  -5.6207459e-02
  -4.5932385e-02
  -2.8937444e-02
   0.0000000e+00
   0.0000000e+00
   0.0000000e+00
   0.0000000e+00
   0.0000000e+00
   1.1443242e-02
   4.7076343e-03
  -1.7852943e-04
  -9.2026904e-03
  -2.4394348e-02
  -2.3900182e-02
   0.0000000e+00
   0.0000000e+00
   8.9197706e-03
  -9.4557584e-03
  -1.6391090e-02
  -2.2709717e-02
  -2.7680465e-02
  -0.0000000e+00
  -4.6012410e-02
   0.0000000e+00
   0.0000000e+00
   0.0000000e+00
   0.0000000e+00
   0.0000000e+00
   0.0000000e+00
   0.0000000e+00
   0.0000000e+00
  -0.0000000e+00
  -4.6824652e-03
   2.1657763e-02
   3.8901214e-02
   4.5227267e-02
   4.3685742e-02
   3.5570692e-02
   2.4632882e-02
   1.3093567e-02
   2.7277626e-03
  -3.3448923e-03
  -5.9825336e-03
  -5.1740417e-03
  -3.4364837e-03
  -4.5526074e-03
  -1.3451147e-02
  -3.3273745e-02
  -6.1873563e-02
  -5.3566794e-02
   0.0000000e+00
   0.0000000e+00
   0.0000000e+00
   0.0000000e+00
   0.0000000e+00
   0.0000000e+00
   1.0297761e-02
   9.0445152e-03
   8.9836866e-03
   1.9611686e-03
  -1.3112445e-02
  -2.2898007e-02
   0.0000000e+00
   0.0000000e+00
   1.8127532e-02
  -1.2661400e-03
  -1.3741244e-02
  -1.9573933e-02
  -1.5791394e-02
  -1.3679934e-02
  -2.9109363e-02
   0.0000000e+00
   0.0000000e+00
   0.0000000e+00
   0.0000000e+00
   0.0000000e+00
   0.0000000e+00
   0.0000000e+00
   0.0000000e+00
   0.0000000e+00
   0.0000000e+00
   1.5718276e-02
   3.5576597e-02
   4.5401681e-02
   4.8535544e-02
   4.3500695e-02
   3.2908976e-02
   2.1011597e-02
   8.6062998e-03
   1.0719858e-03
  -2.0620124e-03
  -1.6847913e-03
   7.1374886e-04
   1.0683656e-03
  -6.7835371e-03
  -2.8343979e-02
  -6.4516000e-02
  -6.9187658e-02
   0.0000000e+00
   0.0000000e+00
   0.0000000e+00
   0.0000000e+00
   0.0000000e+00
   0.0000000e+00
   0.0000000e+00
   1.1430732e-02
   1.3628502e-02
   1.0216689e-02
  -9.7241066e-04
  -1.2946280e-02
  -4.9801298e-03
   0.0000000e+00
   2.3813887e-02
   0.0000000e+00
  -0.0000000e+00
  -1.4255656e-02
  -1.3224537e-02
  -1.4078710e-02
  -2.0778095e-02
   0.0000000e+00
   0.0000000e+00
   0.0000000e+00
   0.0000000e+00
   0.0000000e+00
   0.0000000e+00
   0.0000000e+00
   0.0000000e+00
   0.0000000e+00
   0.0000000e+00
  -3.9984711e-03
   1.3716127e-02
   3.2159794e-02
   4.2522408e-02
   4.3276057e-02
   3.5427641e-02
   2.4882462e-02
   1.2698803e-02
   4.3554609e-03
   1.4317627e-03
   1.6785635e-03
   4.3065734e-03
   6.3467566e-03
   1.2025991e-03
  -1.8824346e-02
  -5.7009112e-02
  -5.8045499e-02
   0.0000000e+00
   0.0000000e+00
   0.0000000e+00
   0.0000000e+00
   0.0000000e+00
   0.0000000e+00
   0.0000000e+00
   0.0000000e+00
   0.0000000e+00
   1.1190358e-02
   8.4185963e-03
  -6.1200476e-03
  -4.9801302e-03
   0.0000000e+00
   0.0000000e+00
   0.0000000e+00
  -1.8264600e-02
  -1.3951787e-02
  -1.3131758e-02
  -1.5656659e-02
  -1.3143956e-02
   0.0000000e+00
   0.0000000e+00
   0.0000000e+00
   0.0000000e+00
   0.0000000e+00
   0.0000000e+00
   0.0000000e+00
   0.0000000e+00
   0.0000000e+00
   0.0000000e+00
  -4.4771087e-02
  -3.0478574e-02
   8.7723789e-03
   2.5941071e-02
   3.1034628e-02
   2.8229192e-02
   2.1308736e-02
   1.2696716e-02
   5.3178507e-03
   3.3152887e-03
   4.4831918e-03
   7.2991861e-03
   1.0741615e-02
   9.6591425e-03
  -4.5191115e-03
  -3.3927203e-02
  -3.4825955e-02
   0.0000000e+00
   0.0000000e+00
   0.0000000e+00
   0.0000000e+00
   0.0000000e+00
   0.0000000e+00
   0.0000000e+00
   0.0000000e+00
   0.0000000e+00
  -2.1675228e-03
   1.3027792e-02
   1.3024959e-02
   0.0000000e+00
   0.0000000e+00
   0.0000000e+00
   0.0000000e+00
   0.0000000e+00
   0.0000000e+00
  -0.0000000e+00
  -1.2200377e-02
   0.0000000e+00
   0.0000000e+00
   0.0000000e+00
   0.0000000e+00
   0.0000000e+00
   0.0000000e+00
   0.0000000e+00
   0.0000000e+00
   0.0000000e+00
   0.0000000e+00
   0.0000000e+00
  -0.0000000e+00
  -5.5844456e-02
  -5.0709490e-03
   1.3727992e-02
   1.8915202e-02
   1.8874779e-02
   1.5515596e-02
   9.6151074e-03
   3.8534822e-03
   2.2817759e-03
   4.8858360e-03
   8.4458906e-03
   1.2767226e-02
   1.5625047e-02
   7.1414663e-03
  -1.5687549e-02
  -1.5668899e-02
   0.0000000e+00
   0.0000000e+00
   0.0000000e+00
   0.0000000e+00
   0.0000000e+00
   0.0000000e+00
   0.0000000e+00
   0.0000000e+00
  -0.0000000e+00
  -1.3866955e-02
   1.3064577e-02
   1.8402609e-02
   0.0000000e+00
  -0.0000000e+00
   0.0000000e+00
   0.0000000e+00
   0.0000000e+00
   0.0000000e+00
   0.0000000e+00
   0.0000000e+00
   0.0000000e+00
   0.0000000e+00
   0.0000000e+00
   0.0000000e+00
   0.0000000e+00
   0.0000000e+00
   0.0000000e+00
   0.0000000e+00
   0.0000000e+00
   0.0000000e+00
   0.0000000e+00
   0.0000000e+00
  -5.9366893e-02
  -2.3860675e-02
  -1.0561651e-02
   3.7621753e-03
   7.9786479e-03
   5.1637799e-03
   2.5670247e-03
  -1.1638214e-05
  -1.4859207e-03
   2.4693343e-03
   8.1302691e-03
   1.4672330e-02
   2.1281583e-02
   1.8925278e-02
   4.3999099e-03
  -1.1482238e-02
   0.0000000e+00
   0.0000000e+00
   0.0000000e+00
   0.0000000e+00
   0.0000000e+00
   0.0000000e+00
   0.0000000e+00
   0.0000000e+00
  -0.0000000e+00
  -2.3002073e-02
   0.0000000e+00
   0.0000000e+00
   0.0000000e+00
  -0.0000000e+00
   0.0000000e+00
   0.0000000e+00
   0.0000000e+00
   0.0000000e+00
   0.0000000e+00
   0.0000000e+00
   0.0000000e+00
   0.0000000e+00
   0.0000000e+00
   0.0000000e+00
   0.0000000e+00
   0.0000000e+00
   0.0000000e+00
   0.0000000e+00
   0.0000000e+00
   0.0000000e+00
   0.0000000e+00
   0.0000000e+00
   0.0000000e+00
  -0.0000000e+00
  -4.0840613e-02
  -1.5059887e-02
  -6.6449163e-03
  -8.1823785e-03
  -9.1531016e-03
  -8.8339066e-03
  -8.1563480e-03
  -1.8592603e-03
   5.7967491e-03
   1.5254987e-02
   2.5257993e-02
   2.5565257e-02
   2.8915462e-02
   0.0000000e+00
   0.0000000e+00
   0.0000000e+00
   0.0000000e+00
   0.0000000e+00
   0.0000000e+00
   0.0000000e+00
   0.0000000e+00
   0.0000000e+00
  -0.0000000e+00
  -6.3360534e-03
   0.0000000e+00
   0.0000000e+00
   0.0000000e+00
  -0.0000000e+00
   0.0000000e+00
   0.0000000e+00
   0.0000000e+00
   0.0000000e+00
   0.0000000e+00
   0.0000000e+00
   0.0000000e+00
   0.0000000e+00
   0.0000000e+00
   0.0000000e+00
   0.0000000e+00
   0.0000000e+00
   0.0000000e+00
   0.0000000e+00
   0.0000000e+00
   0.0000000e+00
   0.0000000e+00
   0.0000000e+00
   0.0000000e+00
   0.0000000e+00
  -6.1869205e-02
  -3.0595537e-02
  -2.5055658e-02
  -2.5726419e-02
  -3.0027883e-02
  -2.5391109e-02
  -1.3828172e-02
  -4.7385455e-03
   1.0917981e-03
   1.0052505e-02
   2.1251757e-02
   3.7662893e-02
   4.8303695e-02
   0.0000000e+00
   0.0000000e+00
   0.0000000e+00
   0.0000000e+00
   0.0000000e+00
   0.0000000e+00
   0.0000000e+00
   0.0000000e+00
   0.0000000e+00
   0.0000000e+00
   0.0000000e+00
   0.0000000e+00
   0.0000000e+00
   0.0000000e+00
  -0.0000000e+00
  -0.0000000e+00
   0.0000000e+00
   0.0000000e+00
   0.0000000e+00
   0.0000000e+00
   0.0000000e+00
   0.0000000e+00
   0.0000000e+00
   0.0000000e+00
   0.0000000e+00
   0.0000000e+00
   0.0000000e+00
   0.0000000e+00
   0.0000000e+00
   0.0000000e+00
   0.0000000e+00
   0.0000000e+00
   0.0000000e+00
   0.0000000e+00
   0.0000000e+00
  -0.0000000e+00
  -3.6255994e-02
  -3.0735074e-02
  -5.0314556e-02
  -6.5704103e-02
  -3.7459859e-02
  -9.7178799e-03
  -0.0000000e+00
   0.0000000e+00
   0.0000000e+00
   0.0000000e+00
   0.0000000e+00
   0.0000000e+00
   0.0000000e+00
   0.0000000e+00
   0.0000000e+00
   0.0000000e+00
   0.0000000e+00
   0.0000000e+00
   0.0000000e+00
   0.0000000e+00
   0.0000000e+00
   0.0000000e+00
   6.0921578e-03
   0.0000000e+00
   0.0000000e+00
   0.0000000e+00
  -0.0000000e+00
  -3.2887660e-02
  -1.9686639e-02
  -1.4260823e-02
  -6.2433387e-03
  -0.0000000e+00
   0.0000000e+00
   0.0000000e+00
   0.0000000e+00
   0.0000000e+00
   0.0000000e+00
   0.0000000e+00
   0.0000000e+00
   0.0000000e+00
   0.0000000e+00
   0.0000000e+00
   0.0000000e+00
   0.0000000e+00
   0.0000000e+00
  -0.0000000e+00
  -0.0000000e+00
  -0.0000000e+00
  -0.0000000e+00
  -0.0000000e+00
  -0.0000000e+00
  -0.0000000e+00
  -0.0000000e+00
  -0.0000000e+00
  -0.0000000e+00
  -0.0000000e+00
  -0.0000000e+00
   0.0000000e+00
   1.3077442e-02
   1.6827431e-02
   1.5489238e-02
   9.6667558e-03
   1.6792645e-03
  -2.8894392e-03
  -5.5719316e-03
  -0.0000000e+00
  -0.0000000e+00
  -0.0000000e+00
  -0.0000000e+00
  -0.0000000e+00
  -1.3090229e-02
  -1.4125654e-02
  -1.4548459e-02
  -1.5972318e-02
  -1.7256731e-02
  -1.5557917e-02
  -1.2832224e-02
  -1.6116831e-02
  -1.1293845e-02
  -8.7177690e-03
  -8.7587988e-03
  -7.4548752e-03
  -0.0000000e+00
  -0.0000000e+00
  -0.0000000e+00
   0.0000000e+00
   0.0000000e+00
   0.0000000e+00
