   0.0000000e+00
   0.0000000e+00
   0.0000000e+00
   0.0000000e+00
   0.0000000e+00
   0.0000000e+00
   0.0000000e+00
   0.0000000e+00
   0.0000000e+00
   5.3624810e-02
   1.9944324e-02
   1.3413244e-02
   1.0427502e-02
   0.0000000e+00
  -0.0000000e+00
  -0.0000000e+00
   0.0000000e+00
   0.0000000e+00
   0.0000000e+00
   0.0000000e+00
   0.0000000e+00
   0.0000000e+00
   0.0000000e+00
   0.0000000e+00
   0.0000000e+00
  -0.0000000e+00
   1.5240574e-02
   8.7831156e-03
  -2.1466287e-03
  -8.5197812e-03
  -0.0000000e+00
   0.0000000e+00
   0.0000000e+00
   0.0000000e+00
   0.0000000e+00
   0.0000000e+00
   0.0000000e+00
   0.0000000e+00
   0.0000000e+00
   0.0000000e+00
   0.0000000e+00
   0.0000000e+00
   0.0000000e+00
   0.0000000e+00
   0.0000000e+00
   0.0000000e+00
   0.0000000e+00
   0.0000000e+00
   0.0000000e+00
   0.0000000e+00
   0.0000000e+00
   0.0000000e+00
   0.0000000e+00
   0.0000000e+00
  -0.0000000e+00
  -0.0000000e+00
  -2.9353096e-02
   7.3595260e-03
   3.4306064e-02
   4.2438727e-02
   4.5260482e-02
   4.2247497e-02
   3.8008064e-02
   3.8142580e-02
   2.5058379e-02
   1.1022168e-02
   2.9926678e-03
  -1.0871077e-03
   1.2668571e-02
   8.9598138e-03
   9.3559288e-03
  -6.1067727e-04
  -1.5704275e-02
   0.0000000e+00
   7.3644292e-03
   4.3960819e-03
   1.4046652e-02
   8.5530132e-03
   1.2657498e-03
  -1.1759946e-02
  -2.8431974e-02
  -5.4395034e-02
  -7.7605860e-02
  -8.6355145e-02
  -9.5282227e-02
  -6.6811348e-02
  -0.0000000e+00
  -0.0000000e+00
   0.0000000e+00
   0.0000000e+00
  -0.0000000e+00
  -0.0000000e+00
  -0.0000000e+00
   0.0000000e+00
   0.0000000e+00
   0.0000000e+00
  -5.2036169e-02
  -3.4280996e-02
  -2.9691445e-02
  -2.9870822e-02
  -1.8959096e-02
   8.7321646e-03
   2.2374636e-02
   3.6167350e-02
   4.8031755e-02
   6.1212879e-02
   7.5576991e-02
   8.4063537e-02
   8.3596431e-02
   8.1330828e-02
   8.0060199e-02
   7.9405956e-02
   7.7861674e-02
   7.2654225e-02
   6.8244740e-02
   6.2393427e-02
   5.9493441e-02
   5.7081621e-02
   5.5344064e-02
   5.3085927e-02
   3.7956842e-02
   5.8898102e-02
   4.6087948e-02
   4.0449072e-02
   4.1997559e-02
   3.8009807e-02
   3.3596519e-02
   2.5482027e-02
   1.7184339e-02
   7.3607350e-03
  -2.9898388e-04
  -5.3982507e-03
  -5.4315780e-03
  -4.1498793e-03
  -5.9090368e-03
  -1.1334719e-02
  -2.3499664e-02
  -4.5512197e-02
  -3.3377922e-02
  -1.2397730e-02
  -4.0666238e-03
  -1.2844374e-02
  -3.8307727e-02
  -5.6618183e-02
   3.5780389e-02
   3.7403304e-02
   4.0987618e-02
   4.5240529e-02
   5.2237283e-02
   6.0703371e-02
   6.8849802e-02
   7.6121494e-02
   8.1487864e-02
   8.8286586e-02
   9.7651035e-02
   1.0327522e-01
   1.0353775e-01
   1.0165959e-01
   1.0059009e-01
   1.0098071e-01
   1.0113542e-01
   9.9973388e-02
   9.7752035e-02
   9.5539197e-02
   9.3780607e-02
   9.1785602e-02
   9.1540053e-02
   9.5184729e-02
   1.0471321e-01
   9.4905030e-02
   8.2087450e-02
   6.8716682e-02
   6.5839030e-02
   6.8864256e-02
   6.6438854e-02
   6.3896537e-02
   6.1640833e-02
   5.9871163e-02
   6.0005225e-02
   6.1025210e-02
   6.4779036e-02
   6.9817267e-02
   7.3044546e-02
   7.3047504e-02
   6.8470687e-02
   6.2395401e-02
   5.9642252e-02
   5.9265517e-02
   6.2050328e-02
   6.4769022e-02
   5.3327281e-02
   4.0637154e-02
   9.7750030e-02
   9.3492076e-02
   9.0013102e-02
   8.6315878e-02
   8.4405355e-02
   8.2453810e-02
   7.8564905e-02
   7.6437995e-02
   7.6538146e-02
   7.7460624e-02
   8.2782216e-02
   9.0918101e-02
   9.6441701e-02
   9.7465672e-02
   9.9797510e-02
   1.0344224e-01
   1.0550103e-01
   1.0602004e-01
   1.0633416e-01
   1.0637672e-01
   1.0620255e-01
   1.0487463e-01
   1.0089798e-01
   9.6671790e-02
   1.1190816e-01
   0.0000000e+00
   6.6796012e-02
   7.0918724e-02
   7.8330934e-02
   8.9052916e-02
   9.3537778e-02
   9.7456999e-02
   1.0170397e-01
   1.0546065e-01
   1.0918063e-01
   1.1364630e-01
   1.1868139e-01
   1.2333008e-01
   1.2567180e-01
   1.2627356e-01
   1.2587613e-01
   1.2532556e-01
   1.2255628e-01
   1.1755548e-01
   1.1911896e-01
   1.2486429e-01
   1.1524123e-01
   1.0423344e-01
   1.3902705e-01
   1.3016129e-01
   1.1908464e-01
   1.0615426e-01
   9.3920473e-02
   8.2923303e-02
   6.9952981e-02
   6.0465794e-02
   5.9713538e-02
   5.9256669e-02
   5.2617359e-02
   6.1992798e-02
   7.1202875e-02
   7.6730603e-02
   8.2941371e-02
   8.9068401e-02
   9.3618516e-02
   9.6942272e-02
   9.8157634e-02
   9.9018064e-02
   1.0042832e-01
   9.9562225e-02
   9.1376628e-02
   7.2933995e-02
   4.6932436e-02
   0.0000000e+00
   3.4716033e-02
   5.8878433e-02
   7.9869444e-02
   9.7841699e-02
   1.1080554e-01
   1.2246637e-01
   1.3195147e-01
   1.3833018e-01
   1.4291379e-01
   1.4797296e-01
   1.5100992e-01
   1.5055119e-01
   1.4895036e-01
   1.4625398e-01
   1.4603891e-01
   1.4995162e-01
   1.4981681e-01
   1.4613138e-01
   1.5870150e-01
   1.6707443e-01
   1.5667610e-01
   1.4697610e-01
   1.5079257e-01
   1.3643862e-01
   1.1990132e-01
   1.0233823e-01
   8.7049931e-02
   7.8918843e-02
   5.6861407e-02
   4.5473531e-02
   3.5456221e-02
   2.7607409e-02
   2.9948909e-02
   3.9689183e-02
   4.9930833e-02
   5.6856476e-02
   6.3283123e-02
   7.0717804e-02
   7.6686703e-02
   7.9581767e-02
   8.1470512e-02
   8.3459854e-02
   8.4735252e-02
   8.3804369e-02
   7.7200897e-02
   5.6733202e-02
   2.8975517e-02
   0.0000000e+00
   2.1338785e-02
   4.7134638e-02
   7.1089074e-02
   9.2412844e-02
   1.1158310e-01
   1.2758128e-01
   1.3786992e-01
   1.4563458e-01
   1.4985791e-01
   1.5086326e-01
   1.4880112e-01
   1.4348772e-01
   1.3708909e-01
   1.3141248e-01
   1.3202755e-01
   1.3952434e-01
   1.4452109e-01
   1.4627661e-01
   1.6863172e-01
   1.8048711e-01
   1.7126934e-01
   1.6203018e-01
   1.3939436e-01
   1.2051546e-01
   1.0195334e-01
   8.3826087e-02
   7.0340872e-02
   6.3931236e-02
   3.9896762e-02
   2.9354697e-02
   2.0528776e-02
   1.5073334e-02
   1.7550748e-02
   2.4758844e-02
   3.1786114e-02
   3.7049338e-02
   4.2093180e-02
   4.7973745e-02
   5.2287772e-02
   5.5255674e-02
   5.7839122e-02
   6.0203061e-02
   6.2513255e-02
   6.3471183e-02
   5.8970775e-02
   4.1540731e-02
   2.1356308e-02
  -0.0000000e+00
   1.4016038e-02
   3.2277945e-02
   5.2508995e-02
   7.3283896e-02
   9.6898966e-02
   1.1658015e-01
   1.2872581e-01
   1.3524370e-01
   1.3428704e-01
   1.2653330e-01
   1.1609124e-01
   1.0769571e-01
   9.9459931e-02
   9.1564380e-02
   9.3573153e-02
   1.0445352e-01
   1.1780381e-01
   1.3091186e-01
   1.5489793e-01
   1.6645750e-01
   1.6283357e-01
   1.5431046e-01
   1.1119078e-01
   1.0122627e-01
   7.9291475e-02
   6.2584252e-02
   5.7960069e-02
   0.0000000e+00
   2.9205678e-02
   1.9854685e-02
   1.5221014e-02
   1.0250461e-02
   1.4596104e-02
   1.6184654e-02
   1.8969309e-02
   2.1836998e-02
   2.4848113e-02
   2.8618587e-02
   3.2092791e-02
   3.5226487e-02
   3.8227677e-02
   4.1475479e-02
   4.4271622e-02
   4.6154190e-02
   4.2986792e-02
   2.9795440e-02
   1.7396954e-02
   0.0000000e+00
   7.1519597e-03
   1.9675201e-02
   3.5773743e-02
   5.2833948e-02
   7.7831618e-02
   9.6792728e-02
   1.0711717e-01
   1.0992032e-01
   1.0414741e-01
   8.8552922e-02
   7.2097905e-02
   6.5147959e-02
   6.1510563e-02
   5.7269748e-02
   6.0441043e-02
   7.1633250e-02
   8.8124737e-02
   1.0679454e-01
   1.2661611e-01
   1.3538897e-01
   1.3497500e-01
   1.2673223e-01
   7.3448434e-02
   6.7033553e-02
   0.0000000e+00
   0.0000000e+00
   0.0000000e+00
   0.0000000e+00
   0.0000000e+00
   1.3949556e-02
   1.0809340e-02
   7.6424219e-03
   7.1531455e-03
   6.4758137e-03
   6.0176398e-03
   7.1781203e-03
   8.2301442e-03
   1.0055853e-02
   1.3156673e-02
   1.6780242e-02
   2.0798849e-02
   2.4455437e-02
   2.7230205e-02
   2.8555162e-02
   2.6158381e-02
   1.8411489e-02
   1.1794944e-02
   0.0000000e+00
   0.0000000e+00
   9.6368650e-03
   2.2816971e-02
   3.6540825e-02
   5.7920281e-02
   7.2051629e-02
   7.7732369e-02
   7.6299332e-02
   6.6898115e-02
   4.3415219e-02
   4.2088879e-02
   3.3728558e-02
   2.8252427e-02
   2.9585160e-02
   3.3729523e-02
   4.3744829e-02
   5.9220728e-02
   7.5688362e-02
   8.8712439e-02
   9.4595879e-02
   9.4675303e-02
   8.7235749e-02
   3.6637252e-02
   5.4150999e-02
   0.0000000e+00
   0.0000000e+00
   0.0000000e+00
   0.0000000e+00
   0.0000000e+00
   9.7465940e-03
   6.1094588e-03
   2.1591013e-03
  -1.4751615e-03
  -5.1919798e-03
  -8.0210199e-03
  -8.4219515e-03
  -8.3815256e-03
  -7.3172175e-03
  -4.1761499e-03
   5.4521693e-04
   5.4334997e-03
   8.9403964e-03
   1.0843937e-02
   1.0696194e-02
   8.4717409e-03
   8.2022655e-03
   9.6986982e-03
   0.0000000e+00
   0.0000000e+00
  -0.0000000e+00
   5.6365438e-03
   1.9583470e-02
   3.6063744e-02
   4.4523823e-02
   4.5520778e-02
   4.0817565e-02
   2.6997460e-02
   8.6295051e-04
  -9.4526318e-03
   0.0000000e+00
  -1.2914356e-03
   4.6383760e-03
   9.5182421e-03
   1.7747752e-02
   2.9310845e-02
   3.9273890e-02
   4.5987091e-02
   4.9700259e-02
   4.9492861e-02
   4.3114415e-02
   1.6569398e-04
   0.0000000e+00
   0.0000000e+00
   0.0000000e+00
   0.0000000e+00
   0.0000000e+00
   0.0000000e+00
   2.1014984e-03
  -1.9819438e-03
  -6.5525975e-03
  -1.2233871e-02
  -1.8219000e-02
  -2.2209859e-02
  -2.3967857e-02
  -2.4231983e-02
  -2.2329399e-02
  -1.7833779e-02
  -1.2652597e-02
  -7.7170888e-03
  -4.9747531e-03
  -4.9841595e-03
  -6.8403259e-03
  -8.6080926e-03
  -3.8803765e-03
  -1.6201857e-03
   0.0000000e+00
   0.0000000e+00
  -0.0000000e+00
  -1.1400172e-02
   1.9697701e-03
   1.3657750e-02
   1.7338350e-02
   1.5051574e-02
   7.3017767e-03
  -8.8739032e-03
  -1.9904483e-02
  -1.7443694e-02
   0.0000000e+00
  -0.0000000e+00
  -1.3376542e-02
  -9.9925715e-03
  -4.7567198e-03
   9.0246910e-04
   4.3787863e-03
   6.9877282e-03
   8.5294675e-03
   7.7474965e-03
   2.8635259e-03
  -1.9699444e-02
   0.0000000e+00
   0.0000000e+00
   0.0000000e+00
   0.0000000e+00
   0.0000000e+00
  -0.0000000e+00
  -1.0697891e-02
  -1.4317787e-02
  -1.8844197e-02
  -2.5044989e-02
  -3.1103991e-02
  -3.5421353e-02
  -3.7823100e-02
  -3.7605587e-02
  -3.4193106e-02
  -2.8775692e-02
  -2.3479048e-02
  -1.9306011e-02
  -1.8096266e-02
  -2.0476613e-02
  -2.4196433e-02
  -2.5653310e-02
  -1.9133290e-02
  -1.1572891e-02
   0.0000000e+00
   0.0000000e+00
   0.0000000e+00
  -2.7941721e-02
  -1.3052959e-02
  -6.2319310e-03
  -7.4045090e-03
  -1.2685399e-02
  -2.3551224e-02
  -4.0395502e-02
  -4.5653825e-02
   0.0000000e+00
   0.0000000e+00
  -0.0000000e+00
  -2.5894215e-02
  -2.4442034e-02
  -2.4903473e-02
  -2.6293106e-02
  -2.7681721e-02
  -2.7513778e-02
  -2.7425727e-02
  -2.7804863e-02
  -2.7409824e-02
  -2.3309843e-02
  -1.0699043e-02
   0.0000000e+00
   0.0000000e+00
   0.0000000e+00
   0.0000000e+00
  -0.0000000e+00
  -2.3965150e-02
  -2.6702426e-02
  -3.0317191e-02
  -3.5518058e-02
  -4.0550228e-02
  -4.5054182e-02
  -4.7329735e-02
  -4.6194140e-02
  -4.1810043e-02
  -3.5542883e-02
  -2.9895866e-02
  -2.6856756e-02
  -2.8183701e-02
  -3.3435393e-02
  -3.8799446e-02
  -4.0156256e-02
  -3.1209053e-02
  -1.4547835e-02
   0.0000000e+00
   0.0000000e+00
   0.0000000e+00
  -3.6717768e-02
  -2.1559301e-02
  -1.9656891e-02
  -2.4697911e-02
  -3.2908026e-02
  -4.5339808e-02
  -5.7866693e-02
  -4.8331896e-02
   0.0000000e+00
   0.0000000e+00
  -0.0000000e+00
  -2.7850420e-02
  -2.9345176e-02
  -3.9106835e-02
  -4.6023943e-02
  -5.0252579e-02
  -5.1369160e-02
  -5.1224958e-02
  -4.9488347e-02
  -4.1596763e-02
  -2.2180121e-02
  -1.1327128e-02
   0.0000000e+00
   0.0000000e+00
   0.0000000e+00
  -0.0000000e+00
  -3.5303743e-02
  -3.5560209e-02
  -3.6797121e-02
  -3.9530475e-02
  -4.3594815e-02
  -4.7711499e-02
  -5.1547881e-02
  -5.2970290e-02
  -5.0934169e-02
  -4.6049803e-02
  -3.9742805e-02
  -3.4922764e-02
  -3.4377698e-02
  -3.8737766e-02
  -4.5944531e-02
  -5.1832810e-02
  -5.2640319e-02
  -4.0165789e-02
  -1.6058586e-02
   0.0000000e+00
   0.0000000e+00
   0.0000000e+00
   0.0000000e+00
  -2.4564999e-02
  -3.0341303e-02
  -3.8463023e-02
  -4.8598193e-02
  -6.0010843e-02
  -6.1772618e-02
  -3.6399514e-02
   0.0000000e+00
   0.0000000e+00
  -0.0000000e+00
  -2.6983064e-02
  -3.4651211e-02
  -4.8658963e-02
  -5.9555572e-02
  -6.5276824e-02
  -6.7187704e-02
  -6.6667244e-02
  -6.2385030e-02
  -4.8380461e-02
  -2.5199222e-02
  -1.2368613e-02
  -1.0787964e-02
   0.0000000e+00
   0.0000000e+00
  -0.0000000e+00
  -4.4309689e-02
  -4.2152921e-02
  -4.2657314e-02
  -4.4903336e-02
  -4.7919156e-02
  -5.0655229e-02
  -5.2874592e-02
  -5.2590982e-02
  -4.9861362e-02
  -4.6500193e-02
  -4.3107981e-02
  -4.1871207e-02
  -4.4957837e-02
  -5.1442319e-02
  -5.8392797e-02
  -6.3253336e-02
  -6.2347602e-02
  -4.6390330e-02
  -1.9561742e-02
   0.0000000e+00
   0.0000000e+00
   0.0000000e+00
   0.0000000e+00
  -2.7741434e-02
  -3.9796400e-02
  -4.9412334e-02
  -5.8781051e-02
  -6.5710261e-02
  -5.6103499e-02
  -2.4633512e-02
   0.0000000e+00
   0.0000000e+00
   0.0000000e+00
  -2.8237176e-02
  -4.2238962e-02
  -5.4962772e-02
  -6.7557476e-02
  -7.4418379e-02
  -7.7057889e-02
  -7.5965410e-02
  -6.9243766e-02
  -5.1819132e-02
  -2.7127257e-02
  -1.1463865e-02
  -1.0606662e-02
   0.0000000e+00
   0.0000000e+00
  -5.2866573e-02
  -4.6807028e-02
  -4.4201829e-02
  -4.3967590e-02
  -4.5282297e-02
  -4.6541736e-02
  -4.7377236e-02
  -4.7523387e-02
  -4.5693379e-02
  -4.3684203e-02
  -4.4153180e-02
  -4.6655037e-02
  -5.1157538e-02
  -5.7322450e-02
  -6.3726231e-02
  -6.8991192e-02
  -7.1716741e-02
  -6.8442397e-02
  -5.1664393e-02
  -2.7692378e-02
   0.0000000e+00
   0.0000000e+00
   0.0000000e+00
   0.0000000e+00
  -3.4289915e-02
  -4.7984827e-02
  -5.7012621e-02
  -6.2482003e-02
  -6.2133998e-02
  -4.6476245e-02
  -3.3897094e-02
   0.0000000e+00
   0.0000000e+00
   0.0000000e+00
  -0.0000000e+00
  -8.0747062e-03
  -6.1111148e-02
  -7.1579412e-02
  -7.9299644e-02
  -8.2155406e-02
  -8.0010995e-02
  -7.1168594e-02
  -5.2256979e-02
  -2.6915891e-02
  -1.2204206e-02
  -9.0049573e-03
   0.0000000e+00
  -0.0000000e+00
  -5.2928822e-02
  -4.2867700e-02
  -4.3140136e-02
  -4.1357219e-02
  -4.0722903e-02
  -3.9785828e-02
  -3.8419142e-02
  -3.6191896e-02
  -3.3825614e-02
  -3.4240238e-02
  -3.9862730e-02
  -4.9541146e-02
  -5.9863992e-02
  -6.7640938e-02
  -7.2035797e-02
  -7.4007496e-02
  -7.3462084e-02
  -6.8870030e-02
  -5.5236919e-02
  -4.5431902e-02
   0.0000000e+00
   0.0000000e+00
   0.0000000e+00
   0.0000000e+00
  -4.1356510e-02
  -5.3822543e-02
  -6.0306642e-02
  -5.9868794e-02
  -5.1682092e-02
  -3.0996226e-02
  -8.7397923e-03
   0.0000000e+00
   0.0000000e+00
   0.0000000e+00
  -0.0000000e+00
  -3.1358073e-02
  -6.1486167e-02
  -7.2599106e-02
  -7.9897180e-02
  -8.1677034e-02
  -7.8073613e-02
  -6.7825153e-02
  -4.9177371e-02
  -2.3978233e-02
  -1.2023287e-02
  -9.7439762e-03
  -2.6223605e-02
  -4.3470684e-02
  -5.1729045e-02
  -3.4842104e-02
  -3.9685324e-02
  -3.5478331e-02
  -3.1816535e-02
  -2.8577365e-02
  -2.5158420e-02
  -2.1476105e-02
  -2.0250309e-02
  -2.3595367e-02
  -3.3258580e-02
  -4.8881356e-02
  -6.4040191e-02
  -7.3149361e-02
  -7.5506166e-02
  -7.3255554e-02
  -6.8365686e-02
  -6.0375344e-02
  -4.5199710e-02
   0.0000000e+00
   0.0000000e+00
   0.0000000e+00
   0.0000000e+00
   0.0000000e+00
  -0.0000000e+00
  -5.5985209e-02
  -5.8359213e-02
  -5.1835939e-02
  -3.7707824e-02
  -1.4681454e-02
   3.5654362e-03
   0.0000000e+00
   0.0000000e+00
   0.0000000e+00
  -0.0000000e+00
  -4.5690868e-02
  -6.0593676e-02
  -6.9613226e-02
  -7.5273462e-02
  -7.5128898e-02
  -7.0002072e-02
  -5.9281677e-02
  -4.2472124e-02
  -1.7521407e-02
  -9.8986529e-03
  -1.3810571e-02
  -2.5110367e-02
  -2.6375693e-02
  -4.0790600e-02
  -3.2004466e-02
  -3.2767287e-02
  -2.6124395e-02
  -2.0424587e-02
  -1.6298293e-02
  -1.2647939e-02
  -9.8905541e-03
  -1.0450937e-02
  -1.4972547e-02
  -2.4752011e-02
  -4.0997873e-02
  -5.8607805e-02
  -6.9623027e-02
  -7.2117609e-02
  -6.7174014e-02
  -5.6840393e-02
  -4.1611719e-02
  -2.5266860e-02
   0.0000000e+00
   0.0000000e+00
   0.0000000e+00
   0.0000000e+00
   0.0000000e+00
  -0.0000000e+00
  -5.2659489e-02
  -5.1283187e-02
  -4.0265075e-02
  -2.3567218e-02
  -2.8758107e-03
   6.6774883e-03
   0.0000000e+00
   0.0000000e+00
   0.0000000e+00
  -0.0000000e+00
  -4.3980154e-02
  -5.5008675e-02
  -6.1742868e-02
  -6.5324631e-02
  -6.3264843e-02
  -5.6915778e-02
  -4.6635981e-02
  -3.2318646e-02
  -8.9477148e-03
  -5.5585493e-03
  -1.0773712e-02
  -1.5157390e-02
  -2.3697954e-02
  -0.0000000e+00
  -2.9800272e-02
  -2.3329211e-02
  -1.7633508e-02
  -1.4311588e-02
  -1.2771022e-02
  -1.1790369e-02
  -1.1427349e-02
  -1.2495313e-02
  -1.5034373e-02
  -2.0172269e-02
  -2.9883243e-02
  -4.3147906e-02
  -5.3151119e-02
  -5.6044925e-02
  -5.1224306e-02
  -3.8878015e-02
  -2.1704364e-02
  -1.4128382e-02
   0.0000000e+00
   0.0000000e+00
   0.0000000e+00
   0.0000000e+00
   0.0000000e+00
  -0.0000000e+00
  -4.4511258e-02
  -4.0643978e-02
  -2.7704809e-02
  -1.0884199e-02
   4.9966544e-03
   1.2012233e-02
   0.0000000e+00
   0.0000000e+00
   0.0000000e+00
  -0.0000000e+00
  -3.6474975e-02
  -4.4892992e-02
  -4.9762304e-02
  -5.1164239e-02
  -4.7740425e-02
  -4.1000585e-02
  -3.1602519e-02
  -1.9879471e-02
  -2.3768879e-03
  -1.7848693e-03
  -3.7085109e-03
  -4.5693793e-03
  -2.4130815e-02
  -0.0000000e+00
  -2.5047978e-02
  -1.9747651e-02
  -2.0289303e-02
  -2.2563271e-02
  -2.5071187e-02
  -2.7339540e-02
  -2.9121971e-02
  -3.0490156e-02
  -3.1330945e-02
  -3.1734815e-02
  -3.2585794e-02
  -3.5020476e-02
  -3.6595816e-02
  -3.4371613e-02
  -2.7834814e-02
  -1.5920133e-02
  -4.9573326e-04
   5.3052539e-03
   0.0000000e+00
   0.0000000e+00
   0.0000000e+00
   0.0000000e+00
   0.0000000e+00
  -0.0000000e+00
  -3.2592828e-02
  -2.7551394e-02
  -1.5274485e-02
   7.3000473e-05
   1.0363747e-02
   1.2544642e-02
   0.0000000e+00
   0.0000000e+00
   0.0000000e+00
  -0.0000000e+00
  -2.5755284e-02
  -3.1505657e-02
  -3.4931226e-02
  -3.4173818e-02
  -3.0129110e-02
  -2.4338025e-02
  -1.6724880e-02
  -8.7731924e-03
   1.1587913e-03
  -4.5127438e-04
   8.4178500e-04
  -6.0558022e-03
  -2.5608367e-02
  -3.3688571e-02
  -2.4058152e-02
  -2.6519567e-02
  -3.2625005e-02
  -3.8296677e-02
  -4.2918921e-02
  -4.6888415e-02
  -5.0276004e-02
  -5.3317200e-02
  -5.5552926e-02
  -5.5967133e-02
  -5.4236785e-02
  -5.0662190e-02
  -4.4970620e-02
  -3.6028281e-02
  -2.4782864e-02
  -1.0306729e-02
   6.2921043e-03
   1.0917349e-02
   0.0000000e+00
   0.0000000e+00
   0.0000000e+00
   0.0000000e+00
  -0.0000000e+00
  -2.3661753e-02
  -1.7949818e-02
  -1.2629448e-02
  -2.5262428e-03
   1.0480198e-02
   1.5282310e-02
   1.3842168e-02
   0.0000000e+00
   0.0000000e+00
   0.0000000e+00
  -0.0000000e+00
  -1.5768025e-02
  -1.7673234e-02
  -1.9466680e-02
  -1.6654637e-02
  -1.2482036e-02
  -8.4756445e-03
  -4.3418244e-03
  -6.4014759e-04
   0.0000000e+00
   0.0000000e+00
   3.3709993e-03
  -1.5299126e-03
  -2.8599182e-02
  -2.8047992e-02
  -2.6605890e-02
  -3.2500222e-02
  -3.8504354e-02
  -4.3482198e-02
  -4.7648026e-02
  -5.1246704e-02
  -5.4533073e-02
  -5.7817977e-02
  -6.0759008e-02
  -6.2923498e-02
  -6.3775770e-02
  -6.2108770e-02
  -5.7520316e-02
  -4.9922457e-02
  -4.0347337e-02
  -2.6289955e-02
  -5.8859170e-03
   1.1105593e-03
   0.0000000e+00
   0.0000000e+00
   0.0000000e+00
   0.0000000e+00
  -3.6760707e-02
  -2.4953761e-02
  -5.7955918e-03
   1.0691384e-03
   1.0370130e-02
   2.2280111e-02
   1.9941220e-02
   1.3463865e-02
   0.0000000e+00
   0.0000000e+00
   0.0000000e+00
  -0.0000000e+00
  -6.8748152e-03
  -6.8412867e-03
  -7.6682717e-03
  -3.0795861e-03
   1.3889007e-03
   3.5736552e-03
   3.9449818e-03
   5.7543166e-03
   0.0000000e+00
   0.0000000e+00
   2.5213485e-03
  -1.7631354e-03
  -2.2392890e-02
  -2.3695146e-02
  -2.7387655e-02
  -3.2893125e-02
  -3.7929139e-02
  -4.2278627e-02
  -4.6083821e-02
  -4.9729151e-02
  -5.3178863e-02
  -5.6554504e-02
  -5.9767630e-02
  -6.2616892e-02
  -6.4904138e-02
  -6.5535470e-02
  -6.3593551e-02
  -5.8900878e-02
  -5.3299242e-02
  -4.4378052e-02
  -2.1939156e-02
  -1.1064552e-02
   0.0000000e+00
   0.0000000e+00
   0.0000000e+00
  -0.0000000e+00
  -4.1585869e-02
  -1.8731944e-02
   1.9895767e-03
   1.2086715e-02
   2.4621547e-02
   3.8527827e-02
   2.7756997e-02
   1.7725278e-02
   0.0000000e+00
   0.0000000e+00
   0.0000000e+00
   0.0000000e+00
   7.2631138e-03
   2.8263839e-03
   7.1663727e-04
   7.3687090e-03
   1.3263775e-02
   1.2607938e-02
   8.8625791e-03
   7.1390079e-03
   0.0000000e+00
   0.0000000e+00
  -0.0000000e+00
  -9.3626689e-03
  -1.8540167e-02
  -2.3124317e-02
  -2.8567476e-02
  -3.4372397e-02
  -3.9161976e-02
  -4.2626303e-02
  -4.5304984e-02
  -4.7923088e-02
  -5.0676271e-02
  -5.3954870e-02
  -5.7734601e-02
  -6.1791353e-02
  -6.5927453e-02
  -6.9466159e-02
  -7.1446054e-02
  -7.1039706e-02
  -6.9455765e-02
  -6.7913152e-02
  -4.5140453e-02
  -7.9179154e-03
   0.0000000e+00
   0.0000000e+00
   0.0000000e+00
  -0.0000000e+00
  -4.1676808e-02
  -1.7455135e-02
   4.0512695e-03
   1.7396998e-02
   3.0378511e-02
   3.8527827e-02
   3.3705560e-02
   1.7725278e-02
   0.0000000e+00
   0.0000000e+00
   0.0000000e+00
   0.0000000e+00
   0.0000000e+00
   1.2790978e-02
   7.0234397e-03
   1.6275514e-02
   2.6385905e-02
   2.1045947e-02
   1.1898753e-02
   9.5779992e-03
   1.9884485e-03
   4.0569088e-03
  -1.1427811e-02
  -1.6682968e-02
  -2.2527929e-02
  -2.7686838e-02
  -3.4818776e-02
  -4.2423978e-02
  -4.8202001e-02
  -5.1553484e-02
  -5.3166412e-02
  -5.3787541e-02
  -5.3938232e-02
  -5.4242469e-02
  -5.4721780e-02
  -5.5654615e-02
  -5.7835910e-02
  -6.1842337e-02
  -6.7507982e-02
  -7.3149949e-02
  -7.6810062e-02
  -8.5070446e-02
  -8.3465800e-02
  -3.2206769e-02
   0.0000000e+00
   0.0000000e+00
   0.0000000e+00
  -0.0000000e+00
  -5.1994964e-02
  -2.8326221e-02
  -2.6591548e-03
   1.8152300e-02
   2.7149724e-02
   0.0000000e+00
   0.0000000e+00
   0.0000000e+00
   0.0000000e+00
   0.0000000e+00
   0.0000000e+00
   0.0000000e+00
   0.0000000e+00
   2.0988569e-02
   1.0118615e-02
   1.4212913e-02
   3.7781750e-02
   3.2825053e-02
   1.6207356e-02
   1.1683900e-02
   5.3581859e-03
  -6.4423204e-03
  -2.3277822e-02
  -2.6456462e-02
  -2.9489240e-02
  -3.5503458e-02
  -4.4764955e-02
  -5.5028271e-02
  -6.3565314e-02
  -6.9308452e-02
  -7.2659820e-02
  -7.4293010e-02
  -7.4406333e-02
  -7.3483355e-02
  -7.1384616e-02
  -6.8082802e-02
  -6.4285353e-02
  -6.1164342e-02
  -5.9994575e-02
  -6.2095452e-02
  -6.3548803e-02
  -7.1238682e-02
  -1.0558140e-01
  -5.6758117e-02
   0.0000000e+00
   0.0000000e+00
  -0.0000000e+00
  -7.4824211e-02
  -6.8171754e-02
  -4.4702135e-02
  -1.4779730e-02
   1.0903020e-02
   2.5673703e-02
   0.0000000e+00
   0.0000000e+00
   0.0000000e+00
   0.0000000e+00
   0.0000000e+00
   0.0000000e+00
   0.0000000e+00
   0.0000000e+00
   2.7271294e-02
   1.5809368e-02
   1.1670974e-02
   3.6508354e-02
   4.2451076e-02
   2.8555779e-02
   1.1884493e-02
  -0.0000000e+00
  -9.2145620e-03
  -2.7992109e-02
  -3.4478424e-02
  -3.7274035e-02
  -4.3554636e-02
  -5.4023336e-02
  -6.5837015e-02
  -7.6424342e-02
  -8.4550289e-02
  -9.0429833e-02
  -9.4469069e-02
  -9.6602654e-02
  -9.6878683e-02
  -9.5230742e-02
  -9.1059854e-02
  -8.3642920e-02
  -7.3248525e-02
  -6.2099889e-02
  -5.6240286e-02
  -5.3726594e-02
  -4.1315066e-02
  -7.2025468e-02
  -8.4146525e-02
  -1.3082257e-01
   0.0000000e+00
  -9.3812383e-02
  -8.6591607e-02
  -7.9676059e-02
  -5.7902049e-02
  -2.8463790e-02
  -1.5167613e-04
   0.0000000e+00
   0.0000000e+00
   0.0000000e+00
   0.0000000e+00
   0.0000000e+00
   0.0000000e+00
   0.0000000e+00
   0.0000000e+00
   0.0000000e+00
   3.2852502e-02
   2.6167584e-02
   1.7111525e-02
   3.5815532e-02
   4.9078486e-02
   3.8354351e-02
   0.0000000e+00
  -0.0000000e+00
  -1.9708102e-02
  -2.5833110e-02
  -4.0931008e-02
  -4.3610128e-02
  -4.9975073e-02
  -6.0199276e-02
  -7.1959427e-02
  -8.3155212e-02
  -9.2570271e-02
  -1.0014534e-01
  -1.0595387e-01
  -1.0989192e-01
  -1.1139935e-01
  -1.1027909e-01
  -1.0605338e-01
  -9.6955623e-02
  -8.1893777e-02
  -6.2425856e-02
  -4.7155494e-02
  -4.6792099e-02
  -4.2545233e-02
  -2.8109671e-02
  -1.0795817e-01
  -1.7394427e-01
  -1.1705023e-01
  -9.7142753e-02
  -9.4574500e-02
  -8.8815686e-02
  -7.1612998e-02
  -4.5579927e-02
  -1.5205205e-02
   0.0000000e+00
   0.0000000e+00
   0.0000000e+00
   0.0000000e+00
   0.0000000e+00
   0.0000000e+00
   0.0000000e+00
   0.0000000e+00
   0.0000000e+00
   4.9201808e-02
   4.3784345e-02
   3.1725955e-02
   0.0000000e+00
   4.6423510e-02
   4.0229016e-02
   0.0000000e+00
  -0.0000000e+00
  -4.3557309e-02
  -4.1175019e-02
  -4.8563690e-02
  -4.8978072e-02
  -5.4917097e-02
  -6.4133644e-02
  -7.4530825e-02
  -8.5289113e-02
  -9.5204033e-02
  -1.0342360e-01
  -1.0984067e-01
  -1.1443456e-01
  -1.1626978e-01
  -1.1528971e-01
  -1.1096430e-01
  -1.0065476e-01
  -8.1585132e-02
  -5.4365851e-02
  -2.8680872e-02
  -2.4623904e-02
  -4.5000936e-02
   0.0000000e+00
  -1.0270010e-01
  -1.5289098e-01
  -1.0853490e-01
  -9.5747389e-02
  -9.6187606e-02
  -9.4113968e-02
  -8.4368579e-02
  -6.4646393e-02
  -3.4327139e-02
   0.0000000e+00
   0.0000000e+00
   0.0000000e+00
   0.0000000e+00
   0.0000000e+00
   0.0000000e+00
   0.0000000e+00
   0.0000000e+00
   0.0000000e+00
   0.0000000e+00
   6.1588969e-02
   4.5849738e-02
   0.0000000e+00
   0.0000000e+00
   0.0000000e+00
   0.0000000e+00
  -0.0000000e+00
  -6.8406996e-02
  -6.5495020e-02
  -5.5744960e-02
  -5.3726960e-02
  -5.8924370e-02
  -6.6456191e-02
  -7.4463017e-02
  -8.3922327e-02
  -9.3374535e-02
  -1.0099617e-01
  -1.0680194e-01
  -1.1085910e-01
  -1.1246579e-01
  -1.1177690e-01
  -1.0717891e-01
  -9.5526353e-02
  -7.3650867e-02
  -4.1824657e-02
  -1.1964424e-02
  -9.6640117e-03
   0.0000000e+00
  -0.0000000e+00
  -7.9843801e-02
  -1.0798732e-01
  -9.2472695e-02
  -8.6298421e-02
  -8.7831132e-02
  -8.9712843e-02
  -8.8603139e-02
  -7.9261549e-02
  -5.4415363e-02
   0.0000000e+00
   0.0000000e+00
   0.0000000e+00
   0.0000000e+00
   0.0000000e+00
   0.0000000e+00
   0.0000000e+00
   0.0000000e+00
   0.0000000e+00
   0.0000000e+00
   7.4959286e-02
   6.9427900e-02
   0.0000000e+00
   0.0000000e+00
   0.0000000e+00
   0.0000000e+00
   0.0000000e+00
  -0.0000000e+00
  -7.2267852e-02
  -6.2306747e-02
  -5.7943784e-02
  -6.2302031e-02
  -6.6751442e-02
  -7.1021452e-02
  -7.8372350e-02
  -8.6116907e-02
  -9.2492189e-02
  -9.7092788e-02
  -9.9788170e-02
  -1.0074558e-01
  -1.0003324e-01
  -9.4937909e-02
  -8.2228189e-02
  -6.0001791e-02
  -2.9087518e-02
  -2.1177472e-03
  -2.3987871e-03
  -0.0000000e+00
  -5.6998539e-02
  -6.2529773e-02
  -7.5410014e-02
  -7.3042891e-02
  -7.1149564e-02
  -7.3834418e-02
  -7.8555657e-02
  -8.3240559e-02
  -8.3247324e-02
  -6.6956713e-02
   0.0000000e+00
   0.0000000e+00
   0.0000000e+00
   0.0000000e+00
   0.0000000e+00
   0.0000000e+00
   0.0000000e+00
   0.0000000e+00
   0.0000000e+00
   0.0000000e+00
   6.5073243e-02
   7.2724619e-02
   0.0000000e+00
   0.0000000e+00
   0.0000000e+00
   0.0000000e+00
   0.0000000e+00
  -0.0000000e+00
  -7.0275396e-02
  -6.5839000e-02
  -5.9861138e-02
  -6.2864080e-02
  -6.3292511e-02
  -6.3425645e-02
  -6.7730337e-02
  -7.2806016e-02
  -7.7385493e-02
  -8.0326930e-02
  -8.1341706e-02
  -8.1349313e-02
  -8.0573425e-02
  -7.6095238e-02
  -6.4319558e-02
  -4.3608643e-02
  -1.6150663e-02
  -3.8385478e-04
   0.0000000e+00
  -0.0000000e+00
  -4.6034619e-02
  -4.6018656e-02
  -5.2494396e-02
  -5.4519195e-02
  -5.5382706e-02
  -5.9226461e-02
  -6.5880977e-02
  -7.3853716e-02
  -7.9036511e-02
  -7.1582770e-02
   0.0000000e+00
   0.0000000e+00
   0.0000000e+00
   0.0000000e+00
   0.0000000e+00
   0.0000000e+00
   0.0000000e+00
   0.0000000e+00
   0.0000000e+00
   0.0000000e+00
   0.0000000e+00
   0.0000000e+00
   0.0000000e+00
   0.0000000e+00
   0.0000000e+00
   0.0000000e+00
   0.0000000e+00
   0.0000000e+00
  -0.0000000e+00
  -5.9583787e-02
  -5.5405453e-02
  -5.5340789e-02
  -5.1481828e-02
  -4.9092971e-02
  -5.0266765e-02
  -5.2450135e-02
  -5.4767590e-02
  -5.5725139e-02
  -5.5532802e-02
  -5.5277370e-02
  -5.5662461e-02
  -5.3669903e-02
  -4.4838775e-02
  -2.5669083e-02
  -2.3621528e-03
   5.3449516e-03
   0.0000000e+00
  -0.0000000e+00
  -3.1513475e-02
  -2.9618019e-02
  -3.3172887e-02
  -3.6801875e-02
  -3.9542615e-02
  -4.3632068e-02
  -5.0345097e-02
  -5.9851952e-02
  -6.8921112e-02
  -6.1446148e-02
  -4.6139588e-02
   0.0000000e+00
   0.0000000e+00
   0.0000000e+00
   0.0000000e+00
   0.0000000e+00
   0.0000000e+00
   0.0000000e+00
   0.0000000e+00
   0.0000000e+00
   0.0000000e+00
   0.0000000e+00
   0.0000000e+00
   0.0000000e+00
   0.0000000e+00
   0.0000000e+00
   0.0000000e+00
   0.0000000e+00
  -0.0000000e+00
  -4.5283297e-02
  -3.9662740e-02
  -3.3363780e-02
  -2.7393715e-02
  -2.4471015e-02
  -2.4461836e-02
  -2.4998751e-02
  -2.5710847e-02
  -2.5483342e-02
  -2.4954673e-02
  -2.5808187e-02
  -2.8485673e-02
  -3.0164903e-02
  -2.4971835e-02
  -6.8045529e-03
   1.3746522e-02
   1.5758793e-02
   0.0000000e+00
  -0.0000000e+00
  -2.9451535e-02
  -1.2662213e-02
  -1.3456956e-02
  -1.7750483e-02
  -2.1391537e-02
  -2.4929723e-02
  -3.0524639e-02
  -3.9448939e-02
  -4.9899802e-02
  -5.0097570e-02
  -4.2797943e-02
   0.0000000e+00
   0.0000000e+00
   0.0000000e+00
   0.0000000e+00
   0.0000000e+00
   0.0000000e+00
   0.0000000e+00
   0.0000000e+00
   0.0000000e+00
   0.0000000e+00
   0.0000000e+00
   0.0000000e+00
   0.0000000e+00
   0.0000000e+00
   0.0000000e+00
   0.0000000e+00
   0.0000000e+00
   0.0000000e+00
  -2.9177015e-02
  -2.3731361e-02
   9.7063480e-03
   1.1874015e-02
   1.3171363e-02
   1.2765458e-02
   1.2030562e-02
   1.1826717e-02
   1.1882171e-02
   1.1264435e-02
   8.1459722e-03
   2.4774724e-03
  -3.8119755e-03
  -3.7621437e-03
   1.2454257e-02
   2.9084948e-02
   0.0000000e+00
   0.0000000e+00
   0.0000000e+00
   0.0000000e+00
   0.0000000e+00
   1.0617322e-02
   7.1657938e-03
   3.2348440e-03
  -4.9386843e-05
  -5.2653756e-03
  -1.2903487e-02
  -2.2414809e-02
  -2.8420104e-02
  -1.9898661e-02
   0.0000000e+00
   0.0000000e+00
   0.0000000e+00
   0.0000000e+00
   0.0000000e+00
   0.0000000e+00
   0.0000000e+00
   0.0000000e+00
   0.0000000e+00
   0.0000000e+00
   0.0000000e+00
   0.0000000e+00
   0.0000000e+00
   0.0000000e+00
   0.0000000e+00
   0.0000000e+00
   0.0000000e+00
   0.0000000e+00
   0.0000000e+00
   0.0000000e+00
   3.5584823e-02
   5.0289541e-02
   4.5853130e-02
   4.6754810e-02
   4.6896546e-02
   4.7410845e-02
   4.7215696e-02
   4.4872611e-02
   3.9411800e-02
   3.0885043e-02
   2.0601313e-02
   1.4771501e-02
   2.3896197e-02
   3.1358565e-02
   0.0000000e+00
   0.0000000e+00
   0.0000000e+00
   0.0000000e+00
   0.0000000e+00
   3.0065978e-02
   3.4374541e-02
   3.1217122e-02
   2.6764089e-02
   1.9975865e-02
   1.2430779e-02
   3.9889820e-03
  -4.9180280e-03
  -4.7753333e-03
   0.0000000e+00
   0.0000000e+00
   0.0000000e+00
   0.0000000e+00
   0.0000000e+00
   0.0000000e+00
   0.0000000e+00
   0.0000000e+00
   0.0000000e+00
   0.0000000e+00
   0.0000000e+00
   0.0000000e+00
   0.0000000e+00
   0.0000000e+00
   0.0000000e+00
   0.0000000e+00
   0.0000000e+00
   0.0000000e+00
   0.0000000e+00
   2.6625007e-02
   7.5119587e-02
   7.0875920e-02
   6.2259026e-02
   6.9312446e-02
   7.3608339e-02
   7.7339962e-02
   7.7990241e-02
   7.4183591e-02
   6.6702992e-02
   5.5841800e-02
   4.2760544e-02
   3.1471994e-02
   2.5322545e-02
   0.0000000e+00
   0.0000000e+00
   0.0000000e+00
   0.0000000e+00
   0.0000000e+00
   0.0000000e+00
   0.0000000e+00
   5.4915026e-02
   5.9096396e-02
   5.1489614e-02
   4.2315502e-02
   3.6315333e-02
   3.0033024e-02
   1.9771758e-02
   1.1962649e-02
   0.0000000e+00
   0.0000000e+00
   0.0000000e+00
   0.0000000e+00
   0.0000000e+00
   0.0000000e+00
   0.0000000e+00
   0.0000000e+00
   0.0000000e+00
   0.0000000e+00
   0.0000000e+00
   0.0000000e+00
   0.0000000e+00
   0.0000000e+00
   0.0000000e+00
   0.0000000e+00
   0.0000000e+00
   0.0000000e+00
   0.0000000e+00
   5.5849349e-02
   9.3979547e-02
   7.6124437e-02
   7.0704930e-02
   8.4938623e-02
   9.3555033e-02
   9.9864140e-02
   1.0058893e-01
   9.4848596e-02
   8.5441634e-02
   7.3255122e-02
   5.8568254e-02
   4.3915864e-02
   2.4963198e-02
   0.0000000e+00
   0.0000000e+00
   0.0000000e+00
   0.0000000e+00
   0.0000000e+00
   0.0000000e+00
   0.0000000e+00
   6.1602170e-02
   7.4432366e-02
   6.5267831e-02
   5.7934750e-02
   5.7101205e-02
   5.4235123e-02
   4.3087825e-02
   2.1411574e-02
   0.0000000e+00
   0.0000000e+00
   0.0000000e+00
   0.0000000e+00
   0.0000000e+00
   0.0000000e+00
   0.0000000e+00
   0.0000000e+00
   0.0000000e+00
   0.0000000e+00
   0.0000000e+00
   0.0000000e+00
   0.0000000e+00
   0.0000000e+00
   0.0000000e+00
   0.0000000e+00
   0.0000000e+00
   0.0000000e+00
   0.0000000e+00
   6.6425145e-02
   8.8301815e-02
   8.4341638e-02
   8.4284924e-02
   9.6582614e-02
   1.0634255e-01
   1.1027212e-01
   1.0868696e-01
   1.0221492e-01
   9.1924109e-02
   7.9008408e-02
   6.4465091e-02
   4.9424965e-02
   2.6791872e-02
   0.0000000e+00
   0.0000000e+00
   0.0000000e+00
   0.0000000e+00
   0.0000000e+00
   0.0000000e+00
   0.0000000e+00
   0.0000000e+00
   6.8893932e-02
   6.4260746e-02
   7.3303714e-02
   7.8836262e-02
   7.7184372e-02
   6.6687673e-02
   4.0628353e-02
   4.4986066e-02
   0.0000000e+00
   0.0000000e+00
   0.0000000e+00
   0.0000000e+00
   0.0000000e+00
   0.0000000e+00
   0.0000000e+00
   0.0000000e+00
   0.0000000e+00
   0.0000000e+00
   0.0000000e+00
   0.0000000e+00
   0.0000000e+00
   0.0000000e+00
   0.0000000e+00
   0.0000000e+00
   0.0000000e+00
   0.0000000e+00
   0.0000000e+00
   6.1388303e-02
   6.0504932e-02
   5.8168355e-02
   7.1070501e-02
   8.1572960e-02
   8.7028626e-02
   8.8447522e-02
   8.5752609e-02
   7.7988686e-02
   6.6805810e-02
   5.4515953e-02
   4.0759047e-02
   2.8470739e-02
   0.0000000e+00
   0.0000000e+00
   0.0000000e+00
   0.0000000e+00
   0.0000000e+00
   0.0000000e+00
   0.0000000e+00
   0.0000000e+00
   0.0000000e+00
   0.0000000e+00
   8.3378116e-02
   9.4752867e-02
   9.3279470e-02
   8.4266002e-02
   5.7619534e-02
   4.5022449e-02
   0.0000000e+00
   0.0000000e+00
   0.0000000e+00
   0.0000000e+00
  -0.0000000e+00
  -0.0000000e+00
   0.0000000e+00
   0.0000000e+00
   0.0000000e+00
   0.0000000e+00
   0.0000000e+00
   0.0000000e+00
   0.0000000e+00
   0.0000000e+00
   0.0000000e+00
   0.0000000e+00
   0.0000000e+00
   0.0000000e+00
   0.0000000e+00
   3.4457479e-02
   1.4565162e-02
   4.1823052e-03
   2.3957595e-02
   3.4390122e-02
   4.4153064e-02
   5.1538251e-02
   5.3522304e-02
   5.0354250e-02
   4.2777736e-02
   3.1742852e-02
   1.9174968e-02
   1.9531250e-02
   0.0000000e+00
   0.0000000e+00
   0.0000000e+00
   0.0000000e+00
   0.0000000e+00
   0.0000000e+00
   0.0000000e+00
   0.0000000e+00
   0.0000000e+00
   0.0000000e+00
   8.0382153e-02
   9.0417847e-02
   9.0460077e-02
   8.0549739e-02
   5.8406547e-02
   4.5353503e-02
   0.0000000e+00
   0.0000000e+00
   0.0000000e+00
   0.0000000e+00
   0.0000000e+00
   0.0000000e+00
   0.0000000e+00
   0.0000000e+00
   0.0000000e+00
   0.0000000e+00
   0.0000000e+00
   0.0000000e+00
   0.0000000e+00
   0.0000000e+00
   0.0000000e+00
   0.0000000e+00
   0.0000000e+00
   0.0000000e+00
   0.0000000e+00
   4.7847600e-03
  -1.6132525e-02
  -3.7941145e-02
  -4.7174517e-02
  -2.7788535e-02
  -1.0257100e-02
  -2.9829929e-03
  -1.6280635e-03
   6.8576252e-03
   1.5760671e-03
  -6.3082189e-03
  -1.2779989e-02
   0.0000000e+00
   0.0000000e+00
   0.0000000e+00
   0.0000000e+00
   0.0000000e+00
   0.0000000e+00
   0.0000000e+00
   0.0000000e+00
   0.0000000e+00
   0.0000000e+00
   5.4961860e-02
   6.1381649e-02
   6.1877348e-02
   6.0043059e-02
   4.9259875e-02
   3.0578976e-02
   0.0000000e+00
  -0.0000000e+00
  -0.0000000e+00
   0.0000000e+00
   0.0000000e+00
   0.0000000e+00
   0.0000000e+00
   0.0000000e+00
   0.0000000e+00
   0.0000000e+00
   0.0000000e+00
   0.0000000e+00
   0.0000000e+00
   0.0000000e+00
   0.0000000e+00
   0.0000000e+00
   0.0000000e+00
   0.0000000e+00
   0.0000000e+00
   0.0000000e+00
  -0.0000000e+00
  -3.4347228e-02
  -5.3617110e-02
  -9.9192116e-02
  -8.4058823e-02
  -5.5076413e-02
  -3.1538724e-02
  -4.1787603e-02
  -0.0000000e+00
  -2.8330338e-02
  -3.7644114e-02
  -3.3214877e-02
   0.0000000e+00
   0.0000000e+00
   0.0000000e+00
   0.0000000e+00
   0.0000000e+00
   0.0000000e+00
   0.0000000e+00
   0.0000000e+00
   0.0000000e+00
   0.0000000e+00
   2.9387776e-02
   2.3424569e-02
   1.1334503e-02
   2.5206688e-03
  -1.1622201e-02
  -1.6857655e-02
  -2.4170011e-02
  -9.8321177e-03
  -1.5561685e-02
   0.0000000e+00
   0.0000000e+00
   0.0000000e+00
   0.0000000e+00
   0.0000000e+00
   0.0000000e+00
   0.0000000e+00
   0.0000000e+00
   0.0000000e+00
   0.0000000e+00
   0.0000000e+00
   0.0000000e+00
   0.0000000e+00
   0.0000000e+00
   0.0000000e+00
   0.0000000e+00
   0.0000000e+00
   0.0000000e+00
   0.0000000e+00
   0.0000000e+00
   0.0000000e+00
  -0.0000000e+00
  -1.2330984e-01
  -4.5692889e-02
   0.0000000e+00
   0.0000000e+00
   0.0000000e+00
   0.0000000e+00
   0.0000000e+00
   0.0000000e+00
   0.0000000e+00
   0.0000000e+00
   0.0000000e+00
   0.0000000e+00
   0.0000000e+00
   0.0000000e+00
   0.0000000e+00
   0.0000000e+00
   1.3272653e-02
   5.8427668e-03
   0.0000000e+00
  -0.0000000e+00
  -5.8730519e-02
  -7.1108583e-02
  -4.8620129e-02
  -3.3474397e-02
  -1.5947292e-02
  -6.5472491e-04
   0.0000000e+00
   0.0000000e+00
   0.0000000e+00
   0.0000000e+00
   0.0000000e+00
   0.0000000e+00
   0.0000000e+00
   0.0000000e+00
   0.0000000e+00
   0.0000000e+00
   0.0000000e+00
   0.0000000e+00
   0.0000000e+00
   0.0000000e+00
   0.0000000e+00
   0.0000000e+00
   0.0000000e+00
   0.0000000e+00
  -0.0000000e+00
  -2.3446811e-02
  -4.2596083e-02
  -0.0000000e+00
  -0.0000000e+00
  -4.6504813e-02
  -9.2683408e-02
  -0.0000000e+00
  -0.0000000e+00
  -0.0000000e+00
  -0.0000000e+00
  -0.0000000e+00
   0.0000000e+00
   0.0000000e+00
   0.0000000e+00
   0.0000000e+00
   0.0000000e+00
   0.0000000e+00
   0.0000000e+00
   0.0000000e+00
   6.4143929e-03
   0.0000000e+00
   0.0000000e+00
   0.0000000e+00
   0.0000000e+00
  -0.0000000e+00
  -2.7501295e-02
  -2.8157206e-02
  -1.7964022e-02
  -1.1107436e-02
  -0.0000000e+00
   0.0000000e+00
   0.0000000e+00
   0.0000000e+00
   0.0000000e+00
   0.0000000e+00
   0.0000000e+00
   0.0000000e+00
   0.0000000e+00
   0.0000000e+00
   0.0000000e+00
   0.0000000e+00
  -1.6645993e-02
  -1.9859799e-02
  -2.1862421e-02
  -2.0729612e-02
  -1.8561465e-02
  -1.7237642e-02
  -1.9282727e-02
  -2.2230237e-02
  -2.5805072e-02
  -2.6194062e-02
  -2.5792903e-02
  -2.8706658e-02
  -3.4315301e-02
  -3.8522378e-02
  -3.6181508e-02
  -2.7192498e-02
  -1.5792760e-02
  -2.3161903e-03
   7.1443104e-03
   2.8153764e-03
  -1.8161162e-03
  -4.8500565e-03
  -1.0300867e-02
  -0.0000000e+00
  -0.0000000e+00
   0.0000000e+00
  -0.0000000e+00
  -0.0000000e+00
  -0.0000000e+00
  -0.0000000e+00
  -0.0000000e+00
  -0.0000000e+00
  -3.9220384e-03
  -7.3651598e-03
  -1.5311044e-02
  -1.9610939e-02
  -0.0000000e+00
  -0.0000000e+00
  -0.0000000e+00
  -0.0000000e+00
  -0.0000000e+00
  -0.0000000e+00
  -0.0000000e+00
  -0.0000000e+00
  -0.0000000e+00
  -0.0000000e+00
  -0.0000000e+00
  -0.0000000e+00
