   8.5813797e-01
   5.9126294e-01
   1.0382727e+00
   1.7117429e+00
   2.0404508e+00
   2.6353645e+00
   3.7529395e+00
   4.6037235e+00
   4.7213764e+00
   5.0896821e+00
   5.1944871e+00
   4.2473583e+00
   2.7278247e+00
   1.6407738e+00
   8.1491184e-01
  -1.6097468e-01
  -9.5690578e-01
  -2.6962984e-01
   1.2667195e+00
   1.5141926e+00
   1.1654947e+00
   1.4373412e+00
   2.0891786e+00
   2.2275462e+00
   1.5715913e+00
   1.5861099e+00
   2.1754150e+00
   2.6498659e+00
   2.4523776e+00
   1.5423418e+00
   9.1188884e-01
   4.5193037e-01
   8.8856086e-02
  -4.7867849e-01
  -1.3729838e+00
  -2.1248934e+00
  -2.5313423e+00
  -1.8921095e+00
  -6.3049269e-01
  -8.4315598e-02
   1.4550014e-01
   2.6247406e+00
   6.2109475e+00
   6.5082164e+00
   3.7126536e+00
  -9.6046191e-01
  -1.7727542e+00
   5.9002556e-02
   6.7857199e+00
   6.6446528e+00
   5.4257550e+00
   4.2640352e+00
   4.9435148e+00
   6.2570214e+00
   5.5582900e+00
   4.2332292e+00
   3.1605415e+00
   2.9724157e+00
   3.0787809e+00
   2.2592313e+00
   1.6110873e+00
   1.2777704e+00
   7.7885264e-01
   6.3432795e-01
   2.0110811e-01
   2.6702815e-01
   6.6974658e-01
   2.7143133e-01
   2.5475788e-01
   3.1843570e-01
   2.1614221e-01
  -7.5211662e-01
  -1.8920608e+00
  -6.1239558e-01
   1.5995829e+00
   1.4970514e+00
   1.2757226e+00
   1.6283512e+00
   1.4810193e+00
   9.2609227e-01
   6.0648131e-01
   1.0071564e+00
   2.2251980e+00
   3.9389687e+00
   4.7216992e+00
   5.3736172e+00
   5.5002537e+00
   5.1532168e+00
   4.5309825e+00
   3.8248553e+00
   7.2072668e+00
   6.9994116e+00
   3.3307354e+00
   1.2113054e+00
   4.7871804e+00
   6.5672188e+00
   2.4762571e+00
   1.9435647e+00
   5.6490076e-01
   2.1633431e-03
   3.3643597e-01
   6.5350795e-01
   1.6184427e-02
  -6.5589243e-01
  -4.3113506e-01
  -2.8677669e-01
   6.2806994e-02
   2.6501143e-01
   3.5853288e-01
   3.2186732e-01
   2.3678534e-01
   2.4238686e-01
   1.9388087e-01
   3.8078304e-02
  -2.5884393e-01
  -4.9052611e-01
  -6.8915159e-01
  -8.5375643e-01
  -1.1590360e+00
  -1.2709008e+00
  -1.5273784e+00
  -1.1444396e+00
   1.9452427e-01
   2.7019322e-02
   4.8737061e-01
   1.0904930e+00
   1.4434475e+00
   1.5608366e+00
   1.5088977e+00
   1.1404344e+00
   7.5792640e-01
   3.4716466e-01
   1.4732975e-01
  -1.1623813e-01
  -4.8112255e-01
  -8.6823779e-01
  -1.0169131e+00
   4.3314174e-02
   2.1785841e+00
   2.8167405e+00
   1.8716935e+00
   1.3306712e+00
   1.7298214e+00
   1.9930083e+00
  -1.0970727e-01
  -7.9734808e-01
  -1.5087315e+00
  -2.0881560e+00
  -2.3993831e+00
  -2.4707236e+00
  -2.3626003e+00
  -2.0505872e+00
  -1.6068593e+00
  -1.2184267e+00
  -8.5004848e-01
  -4.5893148e-01
  -2.1862532e-01
  -1.5838742e-01
  -1.2161227e-01
  -7.0289291e-02
  -1.3232017e-01
  -2.9593936e-01
  -5.6435889e-01
  -8.4453934e-01
  -1.1143342e+00
  -1.3993835e+00
  -1.6316879e+00
  -1.9264189e+00
  -2.2488585e+00
  -1.7691245e+00
  -3.6233962e-01
   1.8365130e-01
   5.3695089e-01
   1.0218787e+00
   1.3200413e+00
   1.3320402e+00
   1.1406530e+00
   7.1910077e-01
   1.7332311e-01
  -3.6297423e-01
  -8.6047751e-01
  -1.2717774e+00
  -1.5191337e+00
  -1.5532875e+00
  -1.3570608e+00
  -9.4224900e-01
  -3.5003248e-01
   1.4337400e-01
   4.2221007e-01
   7.7317864e-01
   9.0181553e-01
   4.7632042e-01
  -8.6141515e-01
  -1.6925398e+00
  -2.3487983e+00
  -2.8252494e+00
  -3.0835938e+00
  -2.9846785e+00
  -2.6386993e+00
  -2.1052947e+00
  -1.6192932e+00
  -1.2800294e+00
  -9.5233387e-01
  -5.7675356e-01
  -3.4455290e-01
  -2.9410723e-01
  -2.4009106e-01
  -2.4757586e-01
  -3.2908204e-01
  -4.6754721e-01
  -7.9383308e-01
  -1.1225214e+00
  -1.3969383e+00
  -1.6814039e+00
  -1.8500896e+00
  -2.0201414e+00
  -4.0701361e+00
  -2.1381848e+00
   1.3752678e-01
   1.8628451e-01
   3.3169293e-01
   7.6812756e-01
   1.0037576e+00
   8.6024213e-01
   5.1793212e-01
  -1.5748452e-02
  -5.9551924e-01
  -1.1460329e+00
  -1.6899483e+00
  -2.0996363e+00
  -2.2142539e+00
  -2.0834579e+00
  -1.8252811e+00
  -1.4249166e+00
  -9.2500764e-01
  -6.3424253e-01
  -3.9636171e-01
   2.3240414e-01
   5.0458926e-01
  -1.9523421e-02
  -1.3447539e+00
  -2.1070340e+00
  -2.6082583e+00
  -2.9258546e+00
  -2.9872338e+00
  -2.7045937e+00
  -2.1607416e+00
  -1.5553895e+00
  -1.2614032e+00
  -1.3078986e+00
  -6.3445939e-01
  -4.3877237e-01
  -2.9651338e-01
  -3.1700177e-01
  -3.6281682e-01
  -3.5500498e-01
  -3.8820757e-01
  -6.1869581e-01
  -9.5883160e-01
  -1.2213085e+00
  -1.4607761e+00
  -1.6962745e+00
  -1.6636515e+00
  -1.5183263e+00
  -4.4499312e+00
  -1.0109470e+00
  -6.7289736e-01
  -5.1395261e-01
  -4.7649583e-02
   4.0992304e-01
   4.9091244e-01
   3.0838821e-01
  -1.2012167e-01
  -6.9837048e-01
  -1.2294039e+00
  -1.8024794e+00
  -2.2877107e+00
  -2.5143445e+00
  -2.4463928e+00
  -2.2718034e+00
  -2.0070508e+00
  -1.5840533e+00
  -1.1538730e+00
  -9.5041394e-01
  -6.0018338e-01
   2.6182276e-01
   2.7249611e-01
  -4.7405943e-01
  -1.4987630e+00
  -2.0157523e+00
  -2.3209038e+00
  -2.5225635e+00
  -2.4289577e+00
  -2.1585209e+00
  -1.5866793e+00
  -9.9442583e-01
  -8.0576801e-01
  -1.1949039e+00
  -3.9748135e-01
  -2.9402485e-01
  -3.0634525e-01
  -3.9960864e-01
  -4.0614280e-01
  -3.4488156e-01
  -4.1217372e-01
  -6.2712210e-01
  -8.7822133e-01
  -1.1135590e+00
  -1.3683366e+00
  -1.4907658e+00
  -1.2991562e+00
  -8.6791015e-01
  -2.9436183e+00
  -2.3253016e-01
  -1.2858775e+00
  -1.0749100e+00
  -3.2204822e-01
   1.6430931e-01
   1.7197630e-01
  -4.5659509e-02
  -4.5921555e-01
  -9.9673218e-01
  -1.5350957e+00
  -2.0365694e+00
  -2.3161931e+00
  -2.3310218e+00
  -2.1675203e+00
  -2.0098228e+00
  -1.7743953e+00
  -1.3888347e+00
  -1.0101607e+00
  -7.6405752e-01
  -3.0828422e-01
   4.1825461e-01
   5.3534515e-02
  -7.9104507e-01
  -1.1877840e+00
  -1.2697588e+00
  -1.5471971e+00
  -1.7410078e+00
  -1.5802054e+00
  -1.3239900e+00
  -7.6595527e-01
  -2.5476238e-01
  -1.7795260e-01
  -5.4507864e-01
  -4.3186986e-01
  -4.9623704e-01
  -5.4845589e-01
  -5.1248318e-01
  -4.0912896e-01
  -3.1231061e-01
  -3.0206415e-01
  -4.2959464e-01
  -6.7419088e-01
  -9.1148889e-01
  -1.1595302e+00
  -1.2072154e+00
  -8.6716020e-01
   5.0715160e-02
  -4.7587770e-01
  -7.4276090e-02
  -1.5480956e+00
  -1.5561242e+00
  -5.3625339e-01
  -1.0191509e-01
  -1.2471745e-01
  -3.2441348e-01
  -7.4484265e-01
  -1.2278448e+00
  -1.6081769e+00
  -1.7626193e+00
  -1.6444350e+00
  -1.4933904e+00
  -1.3611854e+00
  -1.1983086e+00
  -1.0161120e+00
  -7.6012683e-01
  -5.5466914e-01
  -3.2117957e-01
   1.2934789e-01
   3.4021038e-01
  -2.6205376e-01
  -8.4594887e-01
  -3.2550749e-01
  -7.9368576e-02
  -7.6785028e-01
  -9.8218161e-01
  -7.1050894e-01
  -5.2749902e-01
  -3.1588867e-01
   2.5636655e-01
   9.4267510e-02
  -2.6786849e-01
  -2.9120097e-01
  -6.4055657e-01
  -6.6054034e-01
  -4.8511478e-01
  -2.8733355e-01
  -1.5785864e-01
  -1.2564540e-01
  -2.4906935e-01
  -4.7858188e-01
  -7.6298666e-01
  -1.0160501e+00
  -1.0101095e+00
  -4.8919272e-01
   8.3999348e-01
   1.0441082e+00
  -1.2669545e-01
  -1.3547633e+00
  -1.5562967e+00
  -5.4402727e-01
  -3.0698732e-01
  -3.9942050e-01
  -5.6791437e-01
  -9.1998434e-01
  -1.2184025e+00
  -1.2832501e+00
  -9.4507468e-01
  -4.3704346e-01
  -4.7605741e-01
  -5.2899939e-01
  -4.4603792e-01
  -4.4240361e-01
  -3.8205636e-01
  -3.6121416e-01
  -1.7624024e-01
   5.4112412e-02
  -1.7978882e-02
  -3.3787164e-01
  -4.3855768e-01
   9.7972274e-01
   1.1344600e+00
  -1.6834688e-01
  -3.4268280e-03
   1.3791902e-01
   2.2669661e-01
  -6.5938048e-02
   3.9986241e-01
   1.0989756e-01
  -6.2877275e-02
  -2.2691400e-01
  -5.6559473e-01
  -5.6106371e-01
  -3.0797333e-01
  -6.5067276e-02
   7.3595047e-02
   8.2609072e-02
  -5.8354415e-02
  -3.1520787e-01
  -6.7254502e-01
  -9.3245995e-01
  -8.5551751e-01
  -1.1164507e-01
   1.5296605e+00
   2.2767253e+00
  -4.8171547e-01
  -9.1684675e-01
  -1.0938293e+00
  -8.4782487e-01
  -8.3562797e-01
  -8.4829682e-01
  -8.7554240e-01
  -9.7981137e-01
  -9.6916461e-01
  -6.2558210e-01
   2.9131415e-01
   1.2885773e+00
   5.1133823e-01
  -5.8132514e-02
  -3.3883747e-01
  -4.7929654e-01
  -5.3000265e-01
  -6.1233324e-01
  -4.6095821e-01
  -3.0144092e-01
  -1.6570361e-01
  -3.9160894e-03
   3.5134947e-01
   2.5585953e+00
   1.9662825e+00
   3.1793167e-01
   3.2440903e-01
   5.5773172e-01
   7.4135826e-01
   3.9693801e-02
   3.5626712e-01
   1.0637056e-01
   6.8781872e-02
  -1.2403538e-01
  -3.7276038e-01
  -2.7678479e-01
  -2.6117351e-03
   2.4256054e-01
   3.4493416e-01
   2.9673316e-01
   9.3778929e-02
  -2.4867210e-01
  -6.5942870e-01
  -9.1722840e-01
  -7.0330409e-01
   2.6264034e-01
   2.1538924e+00
   3.2252876e+00
  -1.1234552e-02
  -3.6231425e-01
  -5.4845193e-01
  -1.0896446e+00
  -1.3744181e+00
  -1.3324862e+00
  -1.0831435e+00
  -8.4226166e-01
  -4.9784592e-01
   2.7704002e-01
   1.9969574e+00
   3.1849720e+00
   4.4293102e-01
   5.7216718e-02
  -6.2302009e-01
  -6.1692069e-01
  -8.1490194e-01
  -9.4677537e-01
  -6.9543259e-01
  -3.2007535e-01
   1.5483328e-01
   6.8531839e-01
   1.4272163e+00
   3.9856484e+00
   2.3057561e+00
   6.1511302e-01
   2.4683616e-01
   8.2721120e-01
   8.8279998e-01
  -5.9133388e-02
   3.7134060e-01
   2.8243837e-01
   3.1360722e-01
   1.2643141e-01
  -9.4630746e-03
   1.1274296e-01
   3.5397655e-01
   5.6737030e-01
   5.8875430e-01
   4.2902502e-01
   1.2804911e-01
  -2.9271832e-01
  -7.1644449e-01
  -9.1768914e-01
  -5.0441098e-01
   6.4681017e-01
   2.6489749e+00
   3.9830642e+00
   1.6908497e-01
  -2.4430779e-01
  -2.2348821e-01
  -1.3555831e+00
  -1.9122928e+00
  -1.6665866e+00
  -1.0719270e+00
  -5.2378571e-01
   1.3293070e-01
   1.3661525e+00
   3.5618327e+00
   3.6523366e+00
  -1.0764901e-01
  -2.9667616e-01
  -9.0771204e-01
  -7.5861448e-01
  -1.1777935e+00
  -1.0948530e+00
  -5.4508781e-01
   1.0983524e-01
   8.2398629e-01
   1.5936208e+00
   2.6219471e+00
   4.8717461e+00
   2.3559339e+00
   7.8851175e-01
   4.9496680e-01
   7.2972709e-01
   6.2229222e-01
   1.2094426e-01
   5.9742534e-01
   7.2286075e-01
   6.9213188e-01
   5.0883603e-01
   4.3937370e-01
   5.2610892e-01
   7.0343018e-01
   8.4557796e-01
   7.3534846e-01
   4.4393721e-01
   6.1203890e-02
  -4.2242953e-01
  -8.2822996e-01
  -8.7441486e-01
  -2.3130046e-01
   1.0622709e+00
   3.0489600e+00
   4.7391214e+00
   3.7573323e-01
  -1.0550380e-01
  -1.9666221e-02
  -8.2885963e-01
  -2.5716078e+00
  -1.9391493e+00
  -8.5582918e-01
  -6.0477220e-02
   9.0815353e-01
   2.6021447e+00
   5.2843809e+00
   2.8185236e+00
   3.5360157e-03
  -5.9750128e-01
  -8.4335244e-01
  -6.2245268e-01
  -1.4375226e+00
  -7.0794874e-01
   8.3984472e-02
   8.6035699e-01
   1.6639848e+00
   2.5236287e+00
   3.6422160e+00
   5.1176829e+00
   2.6380703e+00
   8.7052464e-01
   2.8752071e-01
   7.5495970e-01
   2.4883179e-01
   1.8385196e-01
   1.0173755e+00
   1.2131726e+00
   1.0850325e+00
   8.9134479e-01
   8.1741428e-01
   8.6504805e-01
   9.9393034e-01
   1.0506501e+00
   7.9558498e-01
   3.9086837e-01
  -9.6715793e-02
  -6.4538896e-01
  -9.6676588e-01
  -7.5935090e-01
   1.0175239e-01
   1.4930910e+00
   3.3887722e+00
   5.0189247e+00
   3.7457511e-01
  -3.1486660e-01
  -3.9515808e-01
  -6.5290493e-01
  -2.9935014e+00
  -2.0523727e+00
  -5.7590646e-01
   4.0089309e-01
   1.6895590e+00
   3.6746087e+00
   6.3062472e+00
   2.3342080e+00
  -1.6412883e-01
  -3.1202748e-01
  -2.5902212e-01
   1.2903075e-01
  -1.1269709e+00
  -7.8207813e-02
   6.9923830e-01
   1.4502472e+00
   2.2333047e+00
   3.0927775e+00
   4.1936312e+00
   5.0056958e+00
   3.1248698e+00
   8.0359739e-01
   1.8738471e-01
   3.7185663e-01
  -2.2282833e-03
   6.2839890e-01
   1.6743773e+00
   1.6525823e+00
   1.4434478e+00
   1.2360011e+00
   1.1531528e+00
   1.1759236e+00
   1.2615204e+00
   1.1833247e+00
   7.6020020e-01
   2.2094932e-01
  -3.8267297e-01
  -9.0080070e-01
  -9.8918939e-01
  -4.7006562e-01
   5.6381822e-01
   1.9704123e+00
   3.6775141e+00
   4.9417648e+00
   5.5791664e-01
  -5.6992632e-01
  -6.5397745e-01
  -2.1528465e-01
  -2.6529560e+00
  -1.8731241e+00
  -2.2771502e-01
   9.7757554e-01
   2.5146701e+00
   4.5802946e+00
   6.4317322e+00
   1.3530262e+00
   5.6331279e-03
   1.7763375e-01
  -4.1821312e-02
  -3.3006558e-01
  -5.1300502e-01
   5.3251874e-01
   1.1529779e+00
   1.8651106e+00
   2.6376073e+00
   3.5060146e+00
   4.5016060e+00
   4.7017831e+00
   3.0775195e+00
   5.6435972e-01
   1.0352396e-01
  -9.0813298e-02
   1.3638435e-01
   1.3921991e+00
   2.0823431e+00
   1.9667623e+00
   1.7071939e+00
   1.5041229e+00
   1.4092941e+00
   1.4026987e+00
   1.4015220e+00
   1.1380415e+00
   5.6903725e-01
  -4.5511080e-02
  -6.3853721e-01
  -9.3584896e-01
  -6.6445510e-01
   1.1167897e-01
   1.2023866e+00
   2.5401828e+00
   4.0187426e+00
   4.8164472e+00
   6.0248219e-01
  -8.4681560e-01
  -7.4503461e-01
  -6.6351102e-01
  -2.1411826e+00
  -1.3714762e+00
   2.9980599e-01
   1.6887851e+00
   3.2827731e+00
   5.1645502e+00
   5.7179277e+00
   9.4146270e-01
   2.9691311e-01
   2.9668483e-01
   2.0035153e-02
  -3.5366170e-01
   3.2762136e-01
   1.0227805e+00
   1.5463253e+00
   2.2426700e+00
   3.0218135e+00
   3.8388546e+00
   4.5986375e+00
   4.3013592e+00
   2.9931729e+00
   1.2152519e+00
   2.2703184e-01
   1.8090434e-01
   4.7470689e-01
   1.7505627e+00
   2.3072634e+00
   2.1224456e+00
   1.8355612e+00
   1.6103133e+00
   1.4795208e+00
   1.4205914e+00
   1.2815788e+00
   8.6123675e-01
   2.7004194e-01
  -2.7294752e-01
  -6.6561109e-01
  -6.1635727e-01
  -4.9222831e-02
   8.3469111e-01
   1.9214283e+00
   3.1906543e+00
   4.5020018e+00
   4.4278350e+00
   4.1693023e-01
  -1.1779125e+00
  -8.7900144e-01
  -6.5095484e-01
  -1.0056589e+00
  -5.5365980e-01
   1.0425532e+00
   2.4441125e+00
   3.9282794e+00
   5.3671570e+00
   4.9480157e+00
   8.4742725e-01
   1.9220364e-01
   4.6462670e-02
  -6.6001993e-04
   5.0977357e-02
   1.2761979e+00
   1.4636928e+00
   1.9490939e+00
   2.6365418e+00
   3.3890038e+00
   4.0770712e+00
   4.5426764e+00
   3.8902516e+00
   2.7684312e+00
   1.4380454e+00
   4.5916788e-02
   3.2313433e-01
   8.9256412e-01
   1.6179374e+00
   2.4228308e+00
   2.1318624e+00
   1.7698363e+00
   1.4553063e+00
   1.2519312e+00
   1.0996523e+00
   8.1089473e-01
   3.6418721e-01
  -6.9950305e-02
  -3.7152272e-01
  -4.4024360e-01
  -9.0902992e-02
   5.8962911e-01
   1.4379865e+00
   2.4768629e+00
   3.6716251e+00
   4.9175706e+00
   3.3422194e+00
   2.2034626e-02
  -1.2198869e+00
  -8.2322121e-01
  -4.6250293e-01
  -1.1335676e-01
   4.1616848e-01
   1.8938725e+00
   3.1578071e+00
   4.4095941e+00
   5.3358340e+00
   3.9613962e+00
   2.6452580e-01
   1.1147236e-01
   7.4745297e-02
  -5.0923042e-02
   4.9117200e-02
   1.3310040e+00
   1.9502605e+00
   2.3653004e+00
   3.0167091e+00
   3.6831801e+00
   4.1890659e+00
   4.3700838e+00
   3.4598053e+00
   2.5041714e+00
   1.4946662e+00
  -1.5613738e-02
   4.4916669e-01
   1.7873603e+00
   1.5962112e+00
   2.3957376e+00
   1.8995447e+00
   1.3443577e+00
   8.7409133e-01
   5.6553543e-01
   2.9463616e-01
  -4.9427941e-02
  -3.2804531e-01
  -4.5900345e-01
  -4.1237271e-01
  -1.0606411e-01
   4.8609486e-01
   1.2090391e+00
   1.9671593e+00
   2.8634760e+00
   3.9152825e+00
   5.1046052e+00
   1.5844156e+00
  -1.3498670e-01
  -8.5025430e-01
  -5.6469578e-01
  -1.7171299e-01
   8.4214282e-01
   1.5599804e+00
   2.6949885e+00
   3.7344804e+00
   4.6672959e+00
   4.9613204e+00
   3.2969840e+00
   4.3968633e-01
  -3.1373814e-02
  -7.7686630e-02
   1.8056370e-01
   1.3852245e+00
   2.1645207e+00
   2.4035094e+00
   2.7386317e+00
   3.3181827e+00
   3.8629043e+00
   4.1668310e+00
   4.0895996e+00
   2.9322693e+00
   2.1812412e+00
   1.5180247e+00
   8.6591428e-01
   1.2270716e+00
   7.4526142e-01
   1.6319872e+00
   2.2361237e+00
   1.1593399e+00
   3.6090591e-01
  -2.4063490e-01
  -6.4064101e-01
  -9.7849977e-01
  -1.2240599e+00
  -1.2413781e+00
  -1.0680576e+00
  -7.0153342e-01
  -5.7102423e-02
   8.0074375e-01
   1.6542830e+00
   2.4018256e+00
   3.0981469e+00
   3.8115528e+00
   4.3946698e+00
   7.8851383e-01
   1.2512774e-01
  -6.2707321e-01
  -3.0035766e-01
   5.7748513e-03
   1.0648457e+00
   2.4149515e+00
   3.3418796e+00
   4.1138814e+00
   4.6875709e+00
   4.4734056e+00
   2.5186166e+00
   6.2370411e-01
  -1.0597213e-01
  -2.3092253e-02
   3.0103691e-01
   2.2575358e+00
   2.6182193e+00
   2.7173130e+00
   3.0047874e+00
   3.4799390e+00
   3.8823404e+00
   3.9932010e+00
   3.6755361e+00
   2.2884847e+00
   1.8654040e+00
   1.4829652e+00
   1.3729083e+00
   8.6296718e-01
  -1.8923320e-01
   2.6671561e+00
   1.3204773e+00
  -1.5376906e-01
  -1.0936155e+00
  -1.7018510e+00
  -2.1131257e+00
  -2.4135493e+00
  -2.5454868e+00
  -2.4781000e+00
  -2.2082840e+00
  -1.7114085e+00
  -9.1358464e-01
   1.3431043e-01
   1.1419088e+00
   1.9749995e+00
   2.6094813e+00
   3.0247516e+00
   2.5861844e+00
   1.6980375e-01
   1.3301063e-02
  -9.1524893e-01
  -4.1605612e-01
  -2.1721970e-02
   1.0310108e+00
   3.2534976e+00
   3.7457330e+00
   4.2986953e+00
   4.5588167e+00
   3.9883251e+00
   2.0592436e+00
   4.2780131e-01
  -2.0847107e-01
   2.2747756e-02
   6.7412136e-01
   2.5814730e+00
   2.7660670e+00
   2.9262881e+00
   3.1305670e+00
   3.4957642e+00
   3.7596147e+00
   3.6612048e+00
   3.0916526e+00
   1.7324029e+00
   1.6796933e+00
   1.3162372e+00
   9.0053695e-01
  -1.2510166e-01
   4.2915788e-01
   2.3341330e+00
  -6.3341264e-02
  -1.5807390e+00
  -2.3922044e+00
  -2.8652016e+00
  -3.1887831e+00
  -3.3950286e+00
  -3.5417683e+00
  -3.6204774e+00
  -3.5528426e+00
  -3.2627568e+00
  -2.7095930e+00
  -1.9202124e+00
  -1.1157481e+00
  -4.4038748e-01
   1.1850377e-01
   6.1921004e-01
   5.0049677e-01
   2.9399536e-03
  -5.0573960e-01
  -1.5106150e+00
  -1.5252098e+00
  -6.8098400e-01
   6.3544015e-01
   3.6358981e+00
   3.7845762e+00
   4.2076523e+00
   4.2912500e+00
   3.5478525e+00
   1.4755655e+00
   4.5690882e-01
  -2.9737653e-01
   1.0029283e-01
   1.1972091e+00
   2.6790001e+00
   2.5385598e+00
   2.9174389e+00
   3.0586044e+00
   3.3446209e+00
   3.5279791e+00
   3.2256381e+00
   2.4035357e+00
   1.6002767e+00
   1.0960693e+00
   1.0695336e+00
   4.9162763e-01
   2.1507503e-01
   1.1190251e+00
   1.3157121e+00
  -9.5691264e-01
  -1.9049556e+00
  -2.2655590e+00
  -2.4774184e+00
  -2.6875954e+00
  -2.8694522e+00
  -3.0418417e+00
  -3.1969843e+00
  -3.3254094e+00
  -3.3975959e+00
  -3.3982537e+00
  -3.3122044e+00
  -3.1712291e+00
  -3.1524513e+00
  -3.2835145e+00
  -3.1669946e+00
  -2.2299039e+00
  -2.0270513e-01
  -8.3422667e-01
  -2.2734036e+00
  -3.9353096e+00
  -2.1000669e+00
  -9.9817879e-02
   3.2815657e+00
   3.3106146e+00
   3.7672434e+00
   3.8419492e+00
   3.1170180e+00
   8.1142038e-01
   1.9725153e-01
  -1.8184736e-01
   1.1381545e-01
   1.4258524e+00
   2.5086286e+00
   1.9740666e+00
   2.5382497e+00
   2.7027459e+00
   2.9973612e+00
   3.1301475e+00
   2.7064548e+00
   1.8269024e+00
   1.1275060e+00
   6.3639001e-01
   7.4888596e-01
   5.1210600e-01
   3.7478669e-01
   1.2374983e+00
   7.2307477e-01
  -5.4999416e-01
  -8.1131633e-01
  -8.5776742e-01
  -9.1798372e-01
  -1.0017421e+00
  -1.1003493e+00
  -1.2243114e+00
  -1.3717486e+00
  -1.5523078e+00
  -1.7472276e+00
  -1.9364011e+00
  -2.1474712e+00
  -2.4531257e+00
  -2.9592964e+00
  -3.7792042e+00
  -4.5425510e+00
  -3.5638967e+00
  -3.8534789e-01
  -1.5639140e+00
  -2.6738133e+00
  -5.0300225e+00
  -3.0650359e+00
  -2.3140553e-01
   2.4394490e+00
   2.6015765e+00
   3.1894661e+00
   3.2342792e+00
   2.7637078e+00
   6.4218990e-01
   1.3527074e-01
   1.6054631e-01
   8.2085048e-02
   1.8900522e+00
   2.5045797e+00
   1.5026597e+00
   2.1096983e+00
   2.2613179e+00
   2.5559570e+00
   2.6273019e+00
   2.1832344e+00
   1.4507209e+00
   3.5323032e-01
   2.4004805e-02
   2.1828039e-01
   1.8477281e-01
   4.1543050e-01
   9.8083449e-01
   6.2628572e-01
   2.9169002e-01
   3.4977492e-01
   3.9090745e-01
   4.0335400e-01
   4.0021480e-01
   3.5476299e-01
   2.6865944e-01
   1.5193966e-01
   2.8908678e-03
  -1.5787527e-01
  -3.1714287e-01
  -5.2030951e-01
  -8.5369756e-01
  -1.4139791e+00
  -2.3717463e+00
  -3.6535757e+00
  -3.4354864e+00
  -5.6661289e-01
  -3.8074818e+00
  -4.1962681e+00
  -4.2778778e+00
  -3.1532541e+00
  -5.5094492e-01
   8.5983850e-01
   1.2584079e+00
   1.7892531e+00
   2.2496395e+00
   2.4909284e+00
   6.8730263e-01
   1.6137087e-01
   3.7114377e-01
   1.4755122e-01
   2.1239908e+00
   1.3989883e+00
   1.3588633e+00
   1.5922114e+00
   1.6174447e+00
   1.9166627e+00
   2.0965571e+00
   1.7306755e+00
   8.8117553e-01
  -2.1178223e-01
  -6.8523258e-01
   2.0211673e-01
   2.7498329e-01
   3.4263852e-01
   7.4494332e-01
   3.4332159e-01
   3.2789522e-01
   4.6948823e-01
   5.5667597e-01
   6.4080667e-01
   7.4645782e-01
   8.5433936e-01
   9.1974866e-01
   9.3592936e-01
   9.1244268e-01
   8.4414840e-01
   7.4395508e-01
   5.5844516e-01
   1.7603385e-01
  -4.8204327e-01
  -1.4650174e+00
  -3.2109041e+00
  -5.0497303e+00
  -1.5059538e+00
  -4.9045830e+00
  -5.1245861e+00
  -4.3966579e+00
  -3.2686815e+00
  -1.5939053e+00
  -1.0166584e+00
  -4.9221757e-01
   3.3232588e-01
   1.2422773e+00
   3.2527833e+00
   1.1252928e+00
   9.8618835e-02
   3.0260327e-01
   1.3073000e-01
   1.3717078e+00
   2.6459608e+00
   1.7736611e+00
   1.1014571e+00
   6.0980141e-01
   1.0479892e+00
   1.5608141e+00
   1.2323890e+00
   3.4047329e-01
  -8.1765807e-01
  -1.0130438e+00
  -6.4195707e-02
  -4.3954358e-02
   1.2492208e-01
   2.8456804e-01
  -9.0987146e-02
  -1.8626785e-01
  -2.3089495e-01
  -2.9879278e-01
  -3.1621975e-01
  -2.5412795e-01
  -1.2152351e-01
   4.4578843e-02
   2.2142392e-01
   4.3211788e-01
   6.5715134e-01
   8.5862446e-01
   9.3073863e-01
   7.4317360e-01
   2.3837970e-01
  -5.4897863e-01
  -2.4236858e+00
  -5.3370352e+00
  -1.8083599e+00
  -3.8012226e+00
  -4.7515306e+00
  -4.7453494e+00
  -4.1014462e+00
  -3.4003263e+00
  -3.1692462e+00
  -2.2144237e+00
  -1.7032309e-01
   9.3680251e-01
   1.9605047e+00
   8.8550401e-01
   2.0217363e-02
   5.3883061e-02
  -3.5931752e-03
   5.1300687e-01
   1.7452068e+00
   2.3077548e+00
   3.1810078e-01
  -4.9843311e-01
   9.9683118e-01
   2.4515622e+00
   1.2933201e+00
   1.0140657e-01
   1.5669104e-01
  -2.0158236e-01
  -1.5041035e-01
  -6.0292995e-01
  -3.2962254e-01
  -1.6215815e-01
  -4.5407996e-01
  -6.7391706e-01
  -9.3063289e-01
  -1.2371255e+00
  -1.4827267e+00
  -1.6381687e+00
  -1.7069064e+00
  -1.6850129e+00
  -1.5868138e+00
  -1.4117584e+00
  -1.1508347e+00
  -7.8414989e-01
  -3.2579333e-01
   1.1266129e-01
   2.5278062e-01
   1.6145477e-01
  -1.2157611e+00
  -5.4887500e+00
  -4.6906562e+00
  -6.2731057e-01
  -3.4082944e+00
  -3.8545845e+00
  -4.4630680e+00
  -4.5944762e+00
  -4.5252070e+00
  -3.4434495e+00
  -1.4970398e-01
   4.6782413e-01
   1.0373325e+00
   4.1846198e-01
   1.7547879e-01
   8.9217499e-02
  -1.5489765e-02
   1.2462041e-01
   4.3068555e-01
   3.9930289e+00
   7.8982210e-01
  -1.2068912e+00
  -1.2317139e-01
   2.6074622e+00
   1.5213584e+00
   6.6681004e-01
   1.8439656e-01
   3.1438159e-01
  -2.7728850e-02
  -1.0150394e+00
  -8.2562827e-01
  -5.1070383e-01
  -6.6902403e-01
  -8.9432173e-01
  -1.2309547e+00
  -1.6746522e+00
  -2.0679141e+00
  -2.3840972e+00
  -2.6270043e+00
  -2.7759012e+00
  -2.8250148e+00
  -2.7981066e+00
  -2.6925184e+00
  -2.4271626e+00
  -1.9252869e+00
  -1.2171163e+00
  -7.4790387e-01
  -8.1176399e-01
  -4.0927019e-01
  -5.0771349e+00
  -4.5950835e+00
  -2.3567280e+00
  -1.7952826e+00
  -3.3686781e+00
  -4.1382206e+00
  -4.5565026e+00
  -4.9069112e+00
  -4.3941858e+00
  -9.7057289e-01
  -1.5918460e-01
   8.4127032e-01
   4.9569374e-01
   5.4402541e-02
  -2.2092044e-01
  -4.2231997e-01
   8.4326049e-02
   6.3363186e-01
   2.9039468e+00
   1.0351875e+00
  -1.4675250e+00
  -9.6676224e-01
   2.9275469e+00
   1.9620597e+00
   5.3416643e-01
   3.2824644e-01
   4.5395455e-01
   1.2735020e-01
  -8.2438382e-01
  -1.0903045e+00
  -7.7615538e-01
  -7.5568131e-01
  -8.7780799e-01
  -1.1709498e+00
  -1.6320734e+00
  -2.0733204e+00
  -2.4508845e+00
  -2.7717821e+00
  -3.0166136e+00
  -3.1471819e+00
  -3.2160994e+00
  -3.2721454e+00
  -3.2010103e+00
  -2.8322994e+00
  -2.0474033e+00
  -1.0398014e+00
  -1.7004592e+00
  -1.9297912e+00
  -4.0013213e+00
  -3.7392199e+00
  -1.1158306e+00
  -1.2737939e+00
  -2.8500992e+00
  -3.6524246e+00
  -4.3848080e+00
  -5.1924709e+00
  -5.2667931e+00
  -2.5701553e+00
  -9.1502036e-01
   6.5505097e-01
   2.0859546e-01
  -2.4273657e-02
  -3.3902188e-01
  -7.6880637e-01
  -3.5757296e-01
   1.0151428e+00
   3.4376310e+00
   2.2821872e+00
  -1.1526421e+00
  -7.4836567e-01
   1.7758204e+00
   2.3245544e+00
   5.9786718e-01
   8.4921348e-01
   5.2090913e-01
  -5.8608478e-01
  -9.3205082e-01
  -1.3202552e+00
  -9.7470164e-01
  -8.0385065e-01
  -7.9789466e-01
  -9.9228817e-01
  -1.3982797e+00
  -1.8375487e+00
  -2.2266016e+00
  -2.5564167e+00
  -2.8288696e+00
  -2.9929090e+00
  -3.1250501e+00
  -3.3223832e+00
  -3.4610305e+00
  -3.3120496e+00
  -2.5396824e+00
  -9.4618857e-01
  -6.3515282e-01
  -2.4641032e+00
  -1.8275311e+00
  -2.3020587e+00
  -5.6274366e-01
  -1.0870818e+00
  -2.2879262e+00
  -3.1966908e+00
  -4.2008705e+00
  -5.3943167e+00
  -6.1960878e+00
  -4.0154762e+00
  -1.7706962e+00
   6.5520972e-02
  -2.2126466e-02
  -1.8535677e-01
  -9.3568540e-01
  -1.4842440e+00
  -1.4308724e+00
  -2.2825882e-02
   2.5209000e+00
   2.8587582e+00
  -1.8586472e-01
  -5.6539059e-01
   9.9279374e-01
   2.5031841e+00
   8.8947439e-01
   1.1141168e+00
   2.8280348e-01
  -1.2475760e+00
  -1.3667641e+00
  -1.5009648e+00
  -1.1270708e+00
  -8.6776340e-01
  -7.6147699e-01
  -8.1502080e-01
  -1.1213171e+00
  -1.5271304e+00
  -1.8942509e+00
  -2.1984050e+00
  -2.4593318e+00
  -2.6527224e+00
  -2.8367264e+00
  -3.1185627e+00
  -3.4309549e+00
  -3.5760131e+00
  -3.0490768e+00
  -8.5207617e-01
  -7.1900368e-01
  -8.0656099e-01
  -5.1938593e-01
  -1.0610639e+00
  -2.7008086e-01
  -7.1394032e-01
  -1.6640266e+00
  -2.5886753e+00
  -3.7237856e+00
  -5.2181640e+00
  -6.7633743e+00
  -5.3021002e+00
  -2.5934145e+00
  -5.3016108e-01
  -2.3733030e-01
  -4.2496184e-01
  -1.4161625e+00
  -2.7641990e+00
  -1.8701824e+00
  -2.8614983e-01
   4.5364225e-01
   3.4532859e+00
   1.0074347e+00
  -3.9647919e-01
  -6.8093464e-03
   2.1042957e+00
   7.9134023e-01
   1.1330727e+00
   4.3859566e-02
  -1.9168860e+00
  -1.8915084e+00
  -1.6739968e+00
  -1.2346171e+00
  -9.1564078e-01
  -7.7939936e-01
  -6.4329599e-01
  -8.1678560e-01
  -1.1660014e+00
  -1.5069214e+00
  -1.7841378e+00
  -2.0279541e+00
  -2.2370743e+00
  -2.4484074e+00
  -2.7647418e+00
  -3.2218142e+00
  -3.7120967e+00
  -3.6106122e+00
  -5.0921124e-01
   6.3242493e-01
   8.4856786e-01
  -1.8235175e-02
  -3.3717923e-01
  -4.8551568e-03
  -3.6255454e-01
  -1.0892661e+00
  -1.9374665e+00
  -3.0504936e+00
  -4.6389722e+00
  -6.6275465e+00
  -6.1120942e+00
  -3.0288366e+00
  -1.4131420e+00
  -6.1975436e-01
  -9.3668319e-01
  -1.9273061e+00
  -3.6347113e+00
  -3.4863678e+00
  -9.2393113e-01
  -2.2641375e+00
   2.1083221e+00
   2.3526938e+00
   1.0721696e-01
  -2.3554538e-01
   1.3309686e+00
   8.0684771e-01
   1.5005498e+00
   3.6594939e-01
  -1.7945722e+00
  -2.4407063e+00
  -1.8565630e+00
  -1.3508432e+00
  -9.1357958e-01
  -7.7404690e-01
  -4.8900774e-01
  -5.0133640e-01
  -7.5001943e-01
  -1.0591935e+00
  -1.3277470e+00
  -1.5581460e+00
  -1.7527260e+00
  -1.9912581e+00
  -2.3900905e+00
  -3.0333800e+00
  -3.8599331e+00
  -3.6954660e+00
  -6.1846077e-03
   1.2068391e+00
   1.7581451e+00
   2.6723918e-01
   7.0366107e-02
   2.6919758e-01
  -1.1299147e-01
  -7.1909964e-01
  -1.4617764e+00
  -2.4693143e+00
  -3.9683564e+00
  -6.0385666e+00
  -6.4816470e+00
  -2.9274240e+00
  -2.0895543e+00
  -7.6681376e-01
  -1.3643779e+00
  -2.0875912e+00
  -3.5889690e+00
  -3.4409304e+00
  -1.6288723e+00
  -2.3106594e+00
   9.5246500e-01
   2.2219217e+00
   9.1790301e-01
  -1.4751488e-01
   6.7987315e-02
   5.0254500e-01
   1.6822901e+00
   7.5830591e-01
  -8.2884872e-01
  -2.2045066e+00
  -1.9363736e+00
  -1.2845888e+00
  -9.3767691e-01
  -6.2409616e-01
  -2.9169282e-01
  -1.6225323e-01
  -2.7658463e-01
  -5.1219475e-01
  -7.5388622e-01
  -9.8726368e-01
  -1.1898004e+00
  -1.4962491e+00
  -2.0585384e+00
  -2.9554796e+00
  -3.9307094e+00
  -3.5525885e+00
   2.7166411e-02
   1.5879372e+00
   2.2082684e+00
   4.9358377e-01
   3.3619642e-01
   5.6809026e-01
   1.6965929e-01
  -4.3192419e-01
  -1.0952802e+00
  -1.9937412e+00
  -3.3860776e+00
  -5.3369780e+00
  -6.2950597e+00
  -2.3317168e+00
  -1.9023060e+00
  -1.2459395e+00
  -8.8333875e-01
  -2.2656374e+00
  -3.2797840e+00
  -2.8495984e+00
  -2.4238527e+00
  -2.0573549e+00
   1.2457426e+00
   2.9315596e+00
   1.3234704e+00
   3.0236515e-01
   1.9971969e+00
   2.6310241e+00
   3.8301185e-01
   3.3677697e-01
  -1.8533979e-02
  -1.3529285e+00
  -1.9449044e+00
  -1.2182741e+00
  -7.4985242e-01
  -3.4253791e-01
   6.2012892e-02
   2.4181348e-01
   2.2725999e-01
   4.1512810e-02
  -1.7069292e-01
  -3.9105341e-01
  -6.3457692e-01
  -1.0186334e+00
  -1.7701581e+00
  -2.9453447e+00
  -3.9350402e+00
  -2.7618423e+00
   3.9938053e-01
   1.6560616e+00
   1.6276234e+00
   7.1379262e-01
   7.5299311e-01
   8.6815643e-01
   5.3229797e-01
  -7.2222516e-02
  -6.4846843e-01
  -1.4346894e+00
  -2.7103586e+00
  -4.6074309e+00
  -6.3405766e+00
  -1.9030803e+00
  -1.2354330e+00
  -1.6471684e+00
  -9.9782950e-01
  -2.7266598e+00
  -2.7566433e+00
  -1.9810789e+00
  -3.1901364e+00
  -1.0737284e+00
   1.6106517e+00
   1.6921706e+00
   6.6946167e-01
   2.5771434e+00
   4.1339979e+00
   3.6229138e+00
   5.7029091e-02
  -1.2458969e-01
   1.7499067e-01
  -6.7612737e-01
  -1.7448064e+00
  -1.1990149e+00
  -1.0062803e+00
  -1.5824929e-01
   4.2436373e-01
   6.9214326e-01
   7.1702576e-01
   5.6671780e-01
   3.3772647e-01
   1.5872800e-01
  -8.5276864e-02
  -5.2056521e-01
  -1.4519562e+00
  -2.9649658e+00
  -3.7293625e+00
  -1.0763018e+00
   8.8932341e-01
   1.8469260e+00
   1.1701696e+00
   6.8553567e-01
   1.1580671e+00
   1.2147564e+00
   8.6173189e-01
   3.1431133e-01
  -1.3870788e-01
  -7.3708862e-01
  -1.8419275e+00
  -3.6135466e+00
  -5.7209759e+00
  -2.1478479e+00
  -8.7299502e-01
  -1.5068883e+00
  -1.5274050e+00
  -2.4275014e+00
  -2.2162266e+00
  -1.1288779e+00
  -2.2777445e+00
  -1.1528526e-01
  -1.7077554e-02
  -6.0211730e-01
   3.0021966e-01
   1.5097957e+00
   1.5136817e+00
   1.0012369e+00
   9.4816172e-01
   1.7742337e-01
   1.4860783e-01
  -2.0640998e-02
  -6.5209422e-01
  -1.5358944e+00
  -1.3760720e+00
  -2.6069190e-01
   4.2997807e-01
   8.4956615e-01
   9.8070472e-01
   9.1038596e-01
   7.2238450e-01
   6.0214612e-01
   4.1822123e-01
  -2.6331020e-02
  -1.0781447e+00
  -2.9643700e+00
  -2.7817623e+00
   3.7130295e-02
   7.3832886e-01
   1.8909006e+00
   1.2704496e+00
   6.2486688e-01
   1.1479247e+00
   1.4880352e+00
   1.0653321e+00
   6.2102882e-01
   2.7550562e-01
  -1.7423108e-01
  -1.0830033e+00
  -2.7005700e+00
  -4.7696741e+00
  -2.1019398e+00
  -7.0920931e-01
  -1.1291973e+00
  -1.6469261e+00
  -1.6071329e+00
  -6.6810511e-01
  -2.0640973e-01
  -5.5550757e-01
  -1.3785946e+00
  -5.0965747e-01
  -1.1819671e+00
   1.2269281e-01
   1.8802139e-01
  -6.0761050e-01
  -4.3080565e-01
   1.2412390e-01
   3.6867729e-01
   2.8734896e-01
   1.1378627e-02
  -3.7730861e-01
  -1.1554428e+00
  -1.6567031e+00
  -5.4455942e-01
   1.7523366e-01
   7.1013421e-01
   1.0615649e+00
   1.1585022e+00
   1.0944091e+00
   1.0380301e+00
   9.5155805e-01
   5.1718622e-01
  -5.9697163e-01
  -2.7432647e+00
  -1.4904433e+00
   3.7282893e-01
   8.0594409e-01
   1.6631879e+00
   1.2979193e+00
   7.8536958e-01
   6.7948014e-01
   1.5197655e+00
   1.2011281e+00
   9.1409183e-01
   6.6342437e-01
   3.2364041e-01
  -4.0022328e-01
  -1.7792451e+00
  -3.8115361e+00
  -1.2991773e+00
  -5.8491594e-01
  -9.7217542e-01
  -1.4548122e+00
  -6.5095055e-01
  -3.0580184e-01
  -2.6478730e-02
   5.5235416e-01
  -1.5536011e+00
  -9.6365005e-01
  -9.9896044e-01
  -1.0995171e-01
  -6.4522851e-01
  -9.0999678e-02
  -8.2923256e-02
   1.1717315e-01
   5.8957589e-01
   2.4409127e-01
  -9.1218635e-02
  -1.0456725e+00
  -1.2042120e+00
  -1.7665435e+00
  -7.8373241e-01
   8.7197367e-03
   6.4171267e-01
   1.1686770e+00
   1.4100834e+00
   1.4679677e+00
   1.4567232e+00
   1.4519002e+00
   1.0717442e+00
  -4.1375160e-02
  -2.1297698e+00
  -7.1103698e-01
   6.1097896e-01
   6.1874223e-01
   1.0151697e+00
   1.0381944e+00
   7.1419120e-01
   2.4047552e-01
   7.8915399e-01
   1.1107783e+00
   1.0855742e+00
   1.0266106e+00
   8.0877161e-01
   3.0375287e-01
  -8.5069352e-01
  -2.7108037e+00
  -7.7150798e-01
  -1.1185751e+00
  -1.5820699e+00
  -4.1454864e-01
  -2.2701262e-01
  -4.9126843e-01
  -2.0524122e-01
   4.5435682e-01
  -1.6817082e+00
  -1.5563208e+00
  -1.1605459e+00
  -6.4388436e-01
  -1.7743429e+00
   7.9648048e-03
   8.3810997e-01
   5.1906669e-01
   3.6609149e-01
   2.3375791e-01
   6.7225575e-02
  -1.1247034e+00
  -8.8732874e-01
  -7.8635412e-01
  -1.7757025e-01
   3.3443058e-01
   8.6887342e-01
   1.3521187e+00
   1.6048734e+00
   1.7407128e+00
   1.7996616e+00
   1.8632867e+00
   1.5741645e+00
   5.4732114e-01
  -1.1407100e+00
  -8.9089721e-02
   5.2042294e-01
   4.0969962e-01
   1.8064721e-01
   4.0382168e-01
   3.2080242e-01
   3.0634865e-01
   4.0771455e-02
   4.9945080e-01
   1.1305577e+00
   1.2872870e+00
   1.2778578e+00
   1.0425587e+00
   1.5129101e-01
  -1.1689503e+00
  -2.0860524e-01
  -8.7352568e-01
  -1.5068688e+00
  -9.2266798e-02
   1.1864007e-02
  -4.9710223e-01
  -8.4244764e-01
   1.5526943e-01
  -1.3166016e+00
  -1.8416681e+00
  -9.5909476e-01
   2.0978883e-01
  -7.8080839e-01
  -6.3057464e-01
  -1.1870537e-01
   1.0110749e-01
   2.0533956e-01
  -1.6457601e-01
  -3.4091067e-03
  -3.2008372e-01
  -1.0153050e+00
  -4.5238265e-01
  -1.9970814e-01
  -1.5732013e-02
   5.6037921e-01
   1.1311684e+00
   1.4710311e+00
   1.7272452e+00
   1.9600836e+00
   2.1608954e+00
   2.0075362e+00
   1.0969213e+00
  -6.5573104e-02
   5.9157790e-01
   8.1845472e-01
   1.7394138e-01
  -1.5201599e-01
  -1.2863344e-01
  -1.4126152e-01
  -2.0899635e-03
   6.4641111e-02
  -5.4447065e-02
   2.6508671e-01
   8.9005332e-01
   1.2237189e+00
   1.4093971e+00
   1.0149949e+00
   2.6726455e-01
  -7.6064909e-02
   4.4608133e-02
  -3.8119619e-01
  -5.7856978e-01
   2.1665573e-01
  -6.9996735e-01
  -1.1997093e+00
  -9.5867012e-02
  -5.3275633e-01
  -1.4683152e+00
  -7.9724447e-01
  -2.6084522e-01
   1.6604892e-01
  -1.1747579e-01
   4.3456458e-01
   7.8782193e-02
  -3.6098573e-02
  -3.6973530e-01
  -3.8358268e-01
  -3.8374254e-01
  -1.1409551e+00
  -5.5329281e-01
  -6.3779587e-01
  -1.0181419e+00
  -1.9022454e-01
   4.4823655e-01
   9.4891000e-01
   1.3952241e+00
   1.8031602e+00
   2.2180631e+00
   2.2198384e+00
   1.3872417e+00
   3.6974677e-01
   6.8159950e-01
   9.2596614e-01
   8.0088109e-02
  -1.6560285e-01
  -2.8384101e-01
  -3.1648824e-01
  -2.5742376e-01
  -1.0707808e-01
  -1.4717586e-02
  -1.0271936e-01
  -5.9456840e-02
   7.0637006e-01
   1.2897731e+00
   1.2759161e+00
   8.7478173e-01
   5.2898246e-01
   1.9857368e-01
   5.7094848e-01
   5.5067182e-01
   7.7098899e-02
  -2.9167524e-01
  -8.3929569e-01
  -3.0484897e-01
  -3.3336526e-01
  -8.8467056e-01
  -2.0384297e-01
   5.4513597e-01
   7.9614276e-01
   6.9528174e-01
   6.0631150e-01
  -3.3821449e-02
   3.5655115e-02
  -4.0662035e-01
  -9.1309315e-01
  -1.1745254e+00
  -1.1290164e+00
  -8.8568397e-02
  -7.7726591e-01
  -2.7268910e+00
  -1.5486726e+00
  -8.6952698e-01
  -1.2783681e-01
   5.9968400e-01
   9.2514473e-01
   1.7534252e+00
   2.1661680e+00
   1.5361803e+00
   5.7599109e-01
   8.9209807e-01
   2.4115440e-01
  -7.9124629e-02
  -1.9688588e-01
  -3.7949002e-01
  -4.3287969e-01
  -3.7834513e-01
  -1.9693708e-01
  -1.6501750e-01
  -8.1749135e-01
  -1.0157485e+00
  -2.6619911e-01
   7.0912361e-01
   1.1932777e+00
   1.2470993e+00
   1.4712602e+00
   4.0588003e-01
   7.4469000e-02
  -8.9156143e-02
  -2.1506116e-01
  -1.5231560e-01
  -2.4054717e-01
  -1.1899077e-01
   3.0877644e-01
  -4.1369879e-01
  -2.2974303e-01
   3.0846668e-02
   4.3018118e-01
   6.5106893e-01
   4.5903382e-01
   2.6999462e-01
   2.8435785e-01
   1.5376988e-01
  -3.4420703e-02
  -8.3014661e-01
  -1.9635476e+00
  -1.3411433e+00
  -5.0079250e-01
  -2.6309032e+00
  -3.1198606e+00
  -2.7876010e+00
  -1.2260497e+00
  -3.8933691e-02
  -7.8163320e-01
  -4.3942240e-01
   1.0213881e+00
   8.4097183e-01
   7.7534491e-01
   8.7395199e-02
  -1.5880993e-01
  -1.8172577e-01
  -3.3605596e-01
  -5.4339904e-01
  -5.7443428e-01
  -4.0633309e-01
  -2.6643348e-01
  -4.3151787e-01
  -1.1619740e+00
  -1.3261774e+00
  -1.3112305e+00
  -2.3923734e-01
   7.2918016e-01
   7.5666797e-01
   1.0557865e+00
   5.1806349e-01
   2.8650948e-01
  -1.7519122e-01
  -1.0516576e-01
  -2.8137742e-02
  -1.7297734e-01
  -2.5873446e-01
   1.0695948e-01
  -1.5690270e-01
  -4.1753149e-01
  -1.3917197e-01
   2.4800805e-02
   6.4500868e-02
   7.9855975e-03
  -2.5018703e-02
  -5.3826106e-01
  -3.9279383e-01
  -2.1943031e-01
  -1.1572476e-01
  -1.6910391e-01
  -1.2295536e-01
  -7.4622166e-01
  -1.3327870e+00
  -2.5700364e+00
  -4.0803385e+00
  -3.3745439e+00
  -5.0787461e-01
   8.8125420e-01
   3.1340739e-01
   5.4724514e-01
   1.1566240e+00
   9.4307232e-01
  -3.7690289e-02
  -4.5800440e-02
  -3.1927690e-01
  -5.5626708e-01
  -7.1922976e-01
  -8.3855581e-01
  -5.1815605e-01
  -4.5518374e-01
  -1.2656133e+00
  -8.8326210e-01
  -1.5400879e-01
  -1.9541295e+00
  -1.8337101e+00
  -2.0974225e-01
  -4.6557033e-01
  -4.1756490e-01
  -2.7479592e-01
   7.8416228e-01
   4.8802301e-01
  -3.4695685e-01
  -3.7195843e-01
  -3.7708539e-01
  -4.5781565e-01
  -7.1614698e-02
  -2.6536143e-01
  -6.9676614e-01
  -4.5236033e-01
  -1.1700274e-01
  -3.5403676e-02
  -4.0028611e-01
   4.0981361e-01
  -4.6614800e-02
  -3.1828699e-01
  -2.3525631e-01
   1.6680205e-02
   1.2118074e-01
  -1.7820403e-01
  -3.0807298e-01
   1.4642775e-02
   3.9462481e-02
  -1.1204929e+00
  -2.3078423e+00
  -1.4497849e+00
   1.3230656e-01
   6.5279996e-01
   1.0636729e+00
   6.6009670e-01
  -1.8518588e-01
  -2.3243923e-01
  -3.8374025e-01
  -5.7228082e-01
  -5.4158175e-01
  -9.3068409e-01
  -9.2533076e-01
  -3.8138360e-01
  -5.8511996e-01
  -1.0499736e+00
  -2.7801043e-01
   7.0608121e-01
   5.1811743e-01
  -8.7183350e-01
  -2.1743498e+00
  -1.2020729e+00
  -1.8085694e-01
  -6.8093729e-01
  -7.2629297e-01
   4.7793749e-01
   5.9223735e-01
  -5.2857056e-02
  -3.6588562e-01
  -2.7819404e-01
  -1.5327796e-01
  -3.6952892e-01
  -7.2656715e-01
  -7.5691563e-01
  -2.0375049e-01
   2.7589121e-01
   4.0711331e-01
   2.2324130e-01
   3.3047491e-01
   5.3004557e-01
   5.4758817e-01
   3.2137880e-01
   1.5059759e-01
   7.0062645e-02
  -1.3883820e-01
  -3.9069024e-01
  -5.1850975e-01
  -6.2668651e-01
  -8.1839377e-01
  -9.6744519e-01
  -9.3854296e-01
  -7.8142893e-01
  -6.7809844e-01
  -7.1281189e-01
  -8.0667073e-01
  -9.1473317e-01
  -1.0160450e+00
  -1.0915389e+00
  -8.8660610e-01
  -7.1687180e-01
  -8.9678025e-01
  -1.3307090e+00
  -1.2776219e+00
  -6.6580558e-01
  -2.1560507e-01
   1.6566220e-01
   5.8056802e-01
   8.4524423e-01
   2.5324735e-01
  -5.3522861e-01
  -8.0034214e-01
  -3.9873201e-01
  -6.2362731e-02
  -5.7443477e-02
  -1.5833706e-01
  -3.5796121e-01
  -3.8697809e-01
  -1.1546947e-01
   1.4853600e-01
   8.3620418e-03
  -2.1885462e-01
  -1.5086980e-01
   6.4154081e-02
   1.8903004e-01
   2.1918254e-01
