   0.0000000e+00
   0.0000000e+00
   0.0000000e+00
   0.0000000e+00
   0.0000000e+00
   0.0000000e+00
   0.0000000e+00
   0.0000000e+00
   0.0000000e+00
   5.2765936e-02
   3.9300810e-03
  -2.0989318e-02
  -1.7180347e-02
   0.0000000e+00
   0.0000000e+00
   0.0000000e+00
   0.0000000e+00
   0.0000000e+00
   0.0000000e+00
   0.0000000e+00
   0.0000000e+00
   0.0000000e+00
   0.0000000e+00
   0.0000000e+00
   0.0000000e+00
   0.0000000e+00
  -1.2181248e-02
   0.0000000e+00
   0.0000000e+00
   0.0000000e+00
   0.0000000e+00
   0.0000000e+00
   0.0000000e+00
   0.0000000e+00
   0.0000000e+00
   0.0000000e+00
   0.0000000e+00
   0.0000000e+00
   0.0000000e+00
   0.0000000e+00
   0.0000000e+00
   0.0000000e+00
   0.0000000e+00
   0.0000000e+00
   0.0000000e+00
   0.0000000e+00
   0.0000000e+00
   0.0000000e+00
   0.0000000e+00
   0.0000000e+00
   0.0000000e+00
   0.0000000e+00
   0.0000000e+00
   0.0000000e+00
   0.0000000e+00
   0.0000000e+00
  -4.1925429e-02
   5.2164585e-02
   3.9820428e-02
   3.1146420e-02
   2.6477246e-02
   2.6416694e-02
   1.9206412e-02
   1.1706819e-02
   1.1578721e-02
  -1.2392613e-02
  -2.6774722e-02
  -2.6655863e-02
  -2.5986301e-02
   4.1113373e-03
  -8.3508741e-03
  -1.4904650e-02
  -2.3951216e-02
   0.0000000e+00
   1.2323161e-02
   8.6158808e-03
   4.9274852e-03
   3.1475590e-03
  -8.4160513e-03
  -1.7949937e-02
  -2.8341675e-02
  -5.3713832e-02
  -8.6247263e-02
  -1.0224782e-01
  -1.1189136e-01
  -1.1974106e-01
   0.0000000e+00
   0.0000000e+00
   0.0000000e+00
   0.0000000e+00
   0.0000000e+00
   0.0000000e+00
   0.0000000e+00
   0.0000000e+00
   0.0000000e+00
   0.0000000e+00
  -8.7251130e-02
  -6.5723810e-02
  -5.0721533e-02
  -5.4929430e-02
  -5.2964583e-02
  -2.8798015e-02
  -3.1182289e-03
   2.4859218e-03
   4.6775336e-04
   8.3652306e-03
   3.8485158e-02
   5.7403475e-02
   6.3986644e-02
   6.3752674e-02
   6.2724143e-02
   6.2298276e-02
   6.0645308e-02
   5.2913561e-02
   4.6214335e-02
   3.7933066e-02
   3.3826578e-02
   3.1953737e-02
   3.0775091e-02
   3.2350227e-02
   1.6520846e-02
   8.8036344e-03
   2.0765939e-02
   1.6467404e-02
   2.2510190e-02
   2.4385881e-02
   1.9500770e-02
   1.3287743e-02
  -2.9067299e-03
  -1.9374490e-02
  -3.9376065e-02
  -5.0969798e-02
  -5.7475548e-02
  -5.2338305e-02
  -3.3001001e-02
  -4.5438394e-02
  -4.1569579e-02
  -7.1499124e-02
  -7.2729301e-02
  -4.3368978e-02
  -2.4703539e-02
  -2.5339388e-02
  -5.1988773e-02
  -7.9636922e-02
  -1.2734895e-02
  -6.4944429e-03
   1.8712467e-03
   5.1611336e-03
   1.1072532e-02
   2.5043765e-02
   4.3928977e-02
   5.8571339e-02
   6.9254607e-02
   7.7426687e-02
   8.8009387e-02
   9.6953407e-02
   9.8893553e-02
   9.6491024e-02
   9.4049938e-02
   9.2945069e-02
   9.2946239e-02
   9.1017798e-02
   8.8091090e-02
   8.3936870e-02
   8.0985442e-02
   7.7849947e-02
   7.6953933e-02
   7.6648161e-02
   7.9249546e-02
   7.6420582e-02
   7.6093938e-02
   6.3715652e-02
   5.6514259e-02
   5.5865906e-02
   5.2756984e-02
   4.7493979e-02
   4.2247783e-02
   3.6623258e-02
   3.2702759e-02
   3.0358277e-02
   3.0457914e-02
   3.3601444e-02
   3.6807466e-02
   3.6784705e-02
   2.8285129e-02
   1.1504822e-02
   5.9493091e-03
   1.6342400e-02
   2.6090074e-02
   2.7528403e-02
   1.4550304e-02
  -3.8547229e-03
   7.2590604e-02
   6.8830386e-02
   6.8010420e-02
   6.8508774e-02
   7.0275322e-02
   7.3860057e-02
   7.5916849e-02
   7.7705294e-02
   7.9742141e-02
   8.2508832e-02
   8.8236041e-02
   9.6658483e-02
   1.0150029e-01
   1.0205281e-01
   1.0192607e-01
   1.0300812e-01
   1.0478847e-01
   1.0534813e-01
   1.0434046e-01
   1.0378609e-01
   1.0287868e-01
   1.0158384e-01
   1.0018867e-01
   9.8205507e-02
   1.1050680e-01
   0.0000000e+00
   8.7219802e-02
   7.5875700e-02
   7.1381532e-02
   7.7026337e-02
   8.1292115e-02
   8.1270777e-02
   8.2111791e-02
   8.3463073e-02
   8.5032754e-02
   8.7647900e-02
   9.1667742e-02
   9.7002454e-02
   1.0159628e-01
   1.0371101e-01
   1.0305990e-01
   1.0075457e-01
   9.8138690e-02
   9.3901053e-02
   9.0994731e-02
   9.6258499e-02
   9.4350338e-02
   8.1456423e-02
   1.2496772e-01
   1.1837247e-01
   1.1187425e-01
   1.0419140e-01
   9.5325753e-02
   8.8472314e-02
   8.0280945e-02
   7.2098032e-02
   6.8424702e-02
   6.9717124e-02
   6.7510307e-02
   7.2632752e-02
   8.2058661e-02
   8.7225415e-02
   9.0398252e-02
   9.5642485e-02
   1.0025428e-01
   1.0263068e-01
   1.0335705e-01
   1.0509051e-01
   1.0579649e-01
   1.0432912e-01
   1.0196055e-01
   9.5179237e-02
   7.4471347e-02
   0.0000000e+00
   3.8630876e-02
   5.8249094e-02
   7.3347330e-02
   8.8188045e-02
   9.9979460e-02
   1.0846615e-01
   1.1569776e-01
   1.2222555e-01
   1.2716456e-01
   1.3167673e-01
   1.3677174e-01
   1.4048572e-01
   1.4216550e-01
   1.4173047e-01
   1.4118131e-01
   1.4225198e-01
   1.4275427e-01
   1.3820438e-01
   1.3753520e-01
   1.4801215e-01
   1.4442563e-01
   1.3329534e-01
   1.5239795e-01
   1.4149895e-01
   1.2850751e-01
   1.1373885e-01
   9.8291628e-02
   8.5530757e-02
   7.2323851e-02
   5.7096247e-02
   4.8857294e-02
   5.2412672e-02
   3.8401848e-02
   4.4181347e-02
   5.4800391e-02
   6.3016877e-02
   6.9135167e-02
   7.6588668e-02
   8.2787216e-02
   8.6772084e-02
   8.9494839e-02
   9.1565050e-02
   9.1888666e-02
   9.1593258e-02
   9.0126082e-02
   7.9984903e-02
   4.6715087e-02
   0.0000000e+00
   1.4167056e-02
   3.9689749e-02
   6.5736502e-02
   8.6965993e-02
   1.0405474e-01
   1.2007085e-01
   1.3239290e-01
   1.4043483e-01
   1.4631386e-01
   1.5027681e-01
   1.5285771e-01
   1.5136866e-01
   1.4760694e-01
   1.4296581e-01
   1.4053281e-01
   1.4353770e-01
   1.4903377e-01
   1.4782885e-01
   1.5441208e-01
   1.7469157e-01
   1.7175862e-01
   1.6145283e-01
   1.5523136e-01
   1.3955118e-01
   1.2171470e-01
   1.0340957e-01
   8.6553290e-02
   7.3167653e-02
   5.0703980e-02
   4.1215632e-02
   3.1835839e-02
   2.2274080e-02
   2.0479321e-02
   2.6339047e-02
   3.5513427e-02
   4.3155756e-02
   4.8835054e-02
   5.5386264e-02
   6.1982702e-02
   6.6014849e-02
   6.8514347e-02
   7.0179969e-02
   7.1881719e-02
   7.3612593e-02
   7.2669335e-02
   6.2508985e-02
   3.2994098e-02
   0.0000000e+00
   8.6164120e-03
   2.6946545e-02
   5.1188007e-02
   7.3446877e-02
   9.4796911e-02
   1.1509011e-01
   1.2986688e-01
   1.3950166e-01
   1.4462779e-01
   1.4338100e-01
   1.3838312e-01
   1.3123500e-01
   1.2387446e-01
   1.1519028e-01
   1.1154430e-01
   1.1747000e-01
   1.2836193e-01
   1.3572784e-01
   1.5034334e-01
   1.7418362e-01
   1.7413624e-01
   1.6625151e-01
   1.3743027e-01
   1.1976888e-01
   9.9826984e-02
   8.3189160e-02
   6.6830292e-02
   6.2628352e-02
   3.6311264e-02
   2.9961344e-02
   2.1338776e-02
   1.5085809e-02
   1.7007114e-02
   1.9009924e-02
   2.3840556e-02
   2.8540915e-02
   3.2358836e-02
   3.7291721e-02
   4.1929424e-02
   4.5209020e-02
   4.7977321e-02
   5.0487440e-02
   5.3346261e-02
   5.6003395e-02
   5.5796273e-02
   4.7089908e-02
   2.5825839e-02
   0.0000000e+00
   7.4768614e-03
   1.7409872e-02
   3.6127266e-02
   5.3969689e-02
   7.6666519e-02
   1.0041746e-01
   1.1591391e-01
   1.2446997e-01
   1.2574765e-01
   1.1833803e-01
   1.0507733e-01
   9.3367726e-02
   8.6892083e-02
   7.9129517e-02
   7.6148793e-02
   8.3660670e-02
   9.7328581e-02
   1.1302943e-01
   1.3287021e-01
   1.5207289e-01
   1.5482779e-01
   1.4988352e-01
   1.0092872e-01
   8.8483382e-02
   0.0000000e+00
   0.0000000e+00
   0.0000000e+00
   0.0000000e+00
   0.0000000e+00
   2.0033866e-02
   1.4169788e-02
   1.0695282e-02
   9.4928979e-03
   1.1289713e-02
   1.1824056e-02
   1.3373366e-02
   1.5419266e-02
   1.7538819e-02
   2.0583577e-02
   2.4025284e-02
   2.7270243e-02
   3.0962158e-02
   3.4152567e-02
   3.6658600e-02
   3.6764167e-02
   3.0906204e-02
   1.8291346e-02
   0.0000000e+00
   0.0000000e+00
   6.8067913e-03
   2.2219427e-02
   3.4826130e-02
   5.5354822e-02
   7.7398516e-02
   8.9663692e-02
   9.4235808e-02
   9.0643592e-02
   7.7604651e-02
   5.6938432e-02
   4.9048824e-02
   4.4011676e-02
   4.3006614e-02
   4.3120962e-02
   5.0657786e-02
   6.4629547e-02
   8.2640976e-02
   1.0110177e-01
   1.1354964e-01
   1.1661509e-01
   1.1298682e-01
   5.6794938e-02
   5.3277938e-02
   0.0000000e+00
   0.0000000e+00
   0.0000000e+00
   0.0000000e+00
   0.0000000e+00
   1.3454925e-02
   9.5744580e-03
   6.8921279e-03
   3.3968901e-03
   1.5243853e-03
  -1.0162374e-03
  -1.8021931e-03
  -1.2721564e-03
  -8.0646802e-04
   1.4146792e-03
   5.0208191e-03
   9.5635960e-03
   1.3766933e-02
   1.6837966e-02
   1.8511496e-02
   1.7841781e-02
   1.4358384e-02
   1.0430637e-02
   0.0000000e+00
   0.0000000e+00
   0.0000000e+00
   9.5293588e-03
   1.9918680e-02
   3.7099395e-02
   5.2742910e-02
   5.9020579e-02
   5.8752328e-02
   5.1770233e-02
   3.3268351e-02
   9.1582543e-03
   0.0000000e+00
   1.1525876e-02
   1.3832230e-02
   1.7217172e-02
   2.3759255e-02
   3.5437260e-02
   4.9418546e-02
   6.0728870e-02
   6.7602903e-02
   7.0016660e-02
   6.6819370e-02
   1.6461093e-02
   0.0000000e+00
   0.0000000e+00
   0.0000000e+00
   0.0000000e+00
   0.0000000e+00
   0.0000000e+00
   7.2150374e-03
   3.9152238e-03
  -1.4944997e-04
  -4.7527272e-03
  -9.8843081e-03
  -1.4421938e-02
  -1.6768895e-02
  -1.7252177e-02
  -1.6868725e-02
  -1.4242204e-02
  -9.6599376e-03
  -4.3922146e-03
  -1.9352185e-04
   1.8396389e-03
   1.6629127e-03
  -3.3143209e-05
  -1.1060265e-03
   4.5090653e-03
   0.0000000e+00
   0.0000000e+00
   0.0000000e+00
  -8.8594534e-03
   2.1490983e-03
   1.7322291e-02
   2.7528865e-02
   2.9451324e-02
   2.6005549e-02
   1.5736962e-02
  -4.4409665e-03
  -1.6017188e-02
   0.0000000e+00
  -0.0000000e+00
  -6.9093457e-03
  -4.6691895e-03
   1.2815290e-03
   9.2557268e-03
   1.6734302e-02
   2.1940453e-02
   2.5383634e-02
   2.6660748e-02
   2.3788087e-02
  -1.2783473e-02
  -0.0000000e+00
   0.0000000e+00
   0.0000000e+00
   0.0000000e+00
   0.0000000e+00
   0.0000000e+00
  -3.0710161e-03
  -6.0999493e-03
  -1.0179599e-02
  -1.5575131e-02
  -2.1979134e-02
  -2.7279793e-02
  -3.0385230e-02
  -3.1569630e-02
  -3.0331809e-02
  -2.6292239e-02
  -2.0975367e-02
  -1.5921464e-02
  -1.2397007e-02
  -1.1993481e-02
  -1.4346259e-02
  -1.6888043e-02
  -1.5943637e-02
  -7.8890426e-03
  -0.0000000e+00
   0.0000000e+00
   0.0000000e+00
  -2.0771648e-02
  -1.3955010e-02
  -1.3233068e-04
   4.6207531e-03
   3.0259610e-03
  -3.2291637e-03
  -1.6392911e-02
  -3.2233082e-02
  -2.4362884e-02
   0.0000000e+00
   0.0000000e+00
  -1.7781416e-02
  -2.0717942e-02
  -1.5863264e-02
  -1.4095935e-02
  -1.2837393e-02
  -1.1675559e-02
  -1.0615425e-02
  -1.0434774e-02
  -1.2215434e-02
  -2.7696883e-02
  -1.8935493e-02
   0.0000000e+00
   0.0000000e+00
   0.0000000e+00
   0.0000000e+00
   0.0000000e+00
  -1.5434439e-02
  -1.8749544e-02
  -2.2019634e-02
  -2.7164126e-02
  -3.2976314e-02
  -3.8089100e-02
  -4.1639000e-02
  -4.2587120e-02
  -4.0292490e-02
  -3.5150334e-02
  -2.9219652e-02
  -2.4450084e-02
  -2.2309307e-02
  -2.4377406e-02
  -2.9019419e-02
  -3.2565340e-02
  -3.0270562e-02
  -1.7687475e-02
  -0.0000000e+00
   0.0000000e+00
   0.0000000e+00
  -3.3612526e-02
  -2.6654430e-02
  -1.3137989e-02
  -1.3780516e-02
  -1.8586058e-02
  -2.7643027e-02
  -4.2025223e-02
  -5.0707314e-02
  -0.0000000e+00
   0.0000000e+00
   0.0000000e+00
  -2.4309398e-02
  -2.7433657e-02
  -2.8005076e-02
  -3.4223028e-02
  -3.7746564e-02
  -3.9127737e-02
  -3.9252013e-02
  -3.8967721e-02
  -3.7480701e-02
  -3.3874769e-02
  -1.4598836e-02
   0.0000000e+00
   0.0000000e+00
   0.0000000e+00
   0.0000000e+00
  -3.2737642e-02
  -2.9441384e-02
  -3.0934740e-02
  -3.3166282e-02
  -3.7293855e-02
  -4.1969948e-02
  -4.6556309e-02
  -4.9959201e-02
  -5.0168905e-02
  -4.6909038e-02
  -4.0992782e-02
  -3.4547731e-02
  -3.0678226e-02
  -3.0953845e-02
  -3.6041982e-02
  -4.2579956e-02
  -4.6684984e-02
  -4.3113511e-02
  -2.3704350e-02
  -0.0000000e+00
   0.0000000e+00
   0.0000000e+00
  -0.0000000e+00
  -2.7987756e-02
  -2.2782508e-02
  -2.7893618e-02
  -3.5785057e-02
  -4.6709124e-02
  -5.9016299e-02
  -5.2188419e-02
  -0.0000000e+00
   0.0000000e+00
   0.0000000e+00
  -2.7028579e-02
  -2.7357455e-02
  -3.6724813e-02
  -4.9538512e-02
  -5.5993587e-02
  -5.8982767e-02
  -5.9526477e-02
  -5.8204409e-02
  -5.2235097e-02
  -3.7468545e-02
  -1.6103759e-02
   0.0000000e+00
   0.0000000e+00
   0.0000000e+00
   0.0000000e+00
  -4.3761044e-02
  -3.9296947e-02
  -3.9559446e-02
  -4.1117541e-02
  -4.4434138e-02
  -4.8029587e-02
  -5.1469754e-02
  -5.3580750e-02
  -5.2534346e-02
  -4.8919894e-02
  -4.3970652e-02
  -3.9204448e-02
  -3.8028706e-02
  -4.1624725e-02
  -4.8526142e-02
  -5.5216327e-02
  -5.8682851e-02
  -5.3246491e-02
  -2.7689599e-02
  -0.0000000e+00
   0.0000000e+00
   0.0000000e+00
   0.0000000e+00
  -2.2513235e-02
  -3.0471835e-02
  -3.9326813e-02
  -4.9091432e-02
  -5.9296679e-02
  -6.5335885e-02
  -4.2265836e-02
  -0.0000000e+00
   0.0000000e+00
   0.0000000e+00
  -2.7931658e-02
  -2.7572233e-02
  -4.3868242e-02
  -5.9179004e-02
  -6.7529649e-02
  -7.1696334e-02
  -7.2473556e-02
  -6.9821633e-02
  -5.9961934e-02
  -3.9505739e-02
  -1.6655932e-02
  -1.0505413e-02
   0.0000000e+00
   0.0000000e+00
   0.0000000e+00
  -4.9243503e-02
  -4.4134393e-02
  -4.3473445e-02
  -4.4534836e-02
  -4.6765417e-02
  -4.8784528e-02
  -5.0468948e-02
  -5.0682008e-02
  -4.8510354e-02
  -4.6190962e-02
  -4.5078658e-02
  -4.5263182e-02
  -4.8461851e-02
  -5.4483995e-02
  -6.1239071e-02
  -6.6654459e-02
  -6.8131596e-02
  -6.0197078e-02
  -3.3419538e-02
  -0.0000000e+00
   0.0000000e+00
   0.0000000e+00
   0.0000000e+00
  -2.5572445e-02
  -3.8028859e-02
  -4.8864864e-02
  -5.7781648e-02
  -6.3960873e-02
  -6.1751924e-02
  -4.0324767e-02
  -0.0000000e+00
   0.0000000e+00
   0.0000000e+00
  -0.0000000e+00
  -2.8237179e-02
  -5.2171024e-02
  -6.4508468e-02
  -7.4107952e-02
  -7.9248495e-02
  -7.9971924e-02
  -7.5734422e-02
  -6.3042641e-02
  -3.9151892e-02
  -1.7493876e-02
  -1.0394067e-02
   0.0000000e+00
   0.0000000e+00
   0.0000000e+00
  -4.9054771e-02
  -4.4305105e-02
  -4.3229982e-02
  -4.3187391e-02
  -4.3647878e-02
  -4.3615736e-02
  -4.3062516e-02
  -4.1247424e-02
  -3.9177589e-02
  -4.0190674e-02
  -4.5033477e-02
  -5.2090764e-02
  -5.9557572e-02
  -6.5894894e-02
  -7.0506401e-02
  -7.3230639e-02
  -7.2184682e-02
  -6.4395569e-02
  -4.3907148e-02
  -0.0000000e+00
   0.0000000e+00
   0.0000000e+00
   0.0000000e+00
  -3.3804907e-02
  -4.4923775e-02
  -5.5861186e-02
  -6.1173417e-02
  -6.0813975e-02
  -5.0591782e-02
  -3.0202259e-02
   0.0000000e+00
   0.0000000e+00
   0.0000000e+00
   0.0000000e+00
  -8.0747059e-03
  -5.8331026e-02
  -6.6648021e-02
  -7.6976657e-02
  -8.2029931e-02
  -8.1832126e-02
  -7.5987220e-02
  -6.1696377e-02
  -3.5835855e-02
  -1.7486127e-02
  -9.6875106e-03
  -7.5110070e-03
   0.0000000e+00
  -5.1729047e-02
  -4.0116462e-02
  -4.1019998e-02
  -4.0218342e-02
  -3.7670828e-02
  -3.5498358e-02
  -3.3223454e-02
  -3.0225132e-02
  -2.7322609e-02
  -2.7074886e-02
  -3.1972706e-02
  -4.2995084e-02
  -5.6864064e-02
  -6.7766510e-02
  -7.3374450e-02
  -7.4527048e-02
  -7.3071696e-02
  -6.9399193e-02
  -5.8878683e-02
  -4.8127202e-02
   0.0000000e+00
   0.0000000e+00
   0.0000000e+00
   0.0000000e+00
  -0.0000000e+00
  -5.0697613e-02
  -5.8909982e-02
  -5.8878332e-02
  -5.1634323e-02
  -3.4848996e-02
  -8.7513935e-03
   0.0000000e+00
   0.0000000e+00
   0.0000000e+00
   0.0000000e+00
  -2.9025831e-02
  -5.6798291e-02
  -6.6449039e-02
  -7.5570598e-02
  -7.9220451e-02
  -7.7374958e-02
  -7.0180431e-02
  -5.5773545e-02
  -2.8966893e-02
  -1.4607782e-02
  -1.0549130e-02
  -1.9578661e-02
  -2.7328053e-02
  -4.0507640e-02
  -3.0491030e-02
  -3.6428481e-02
  -3.3737347e-02
  -2.8055856e-02
  -2.3510091e-02
  -1.9723710e-02
  -1.5845822e-02
  -1.3783490e-02
  -1.5737711e-02
  -2.2753591e-02
  -3.6439538e-02
  -5.4440670e-02
  -6.8584539e-02
  -7.4758068e-02
  -7.3669948e-02
  -6.7360871e-02
  -5.7903588e-02
  -4.0411185e-02
  -0.0000000e+00
   0.0000000e+00
   0.0000000e+00
   0.0000000e+00
   0.0000000e+00
   0.0000000e+00
  -5.1139736e-02
  -5.6680661e-02
  -5.1315576e-02
  -3.9049421e-02
  -1.9796075e-02
   1.0268012e-03
   0.0000000e+00
   0.0000000e+00
   0.0000000e+00
   0.0000000e+00
  -3.6029431e-02
  -5.3796649e-02
  -6.2005445e-02
  -6.9014639e-02
  -7.0648015e-02
  -6.7018412e-02
  -5.8984578e-02
  -4.5759831e-02
  -1.8973427e-02
  -8.9378506e-03
  -9.0362187e-03
  -1.7037114e-02
  -2.4796116e-02
  -0.0000000e+00
  -3.5116364e-02
  -2.9532842e-02
  -2.4128603e-02
  -1.8217355e-02
  -1.4533926e-02
  -1.2020007e-02
  -9.9171232e-03
  -9.4849272e-03
  -1.1614633e-02
  -1.6824050e-02
  -2.6994737e-02
  -4.2370066e-02
  -5.6717794e-02
  -6.3898847e-02
  -6.3055590e-02
  -5.4598212e-02
  -4.0428299e-02
  -2.5389436e-02
  -0.0000000e+00
   0.0000000e+00
   0.0000000e+00
   0.0000000e+00
   0.0000000e+00
   0.0000000e+00
  -4.6286164e-02
  -4.9329791e-02
  -4.0483385e-02
  -2.5771661e-02
  -7.5799925e-03
   7.7210036e-03
   0.0000000e+00
   0.0000000e+00
   0.0000000e+00
   0.0000000e+00
  -3.3713799e-02
  -4.6403613e-02
  -5.2987490e-02
  -5.7699397e-02
  -5.7387162e-02
  -5.2475307e-02
  -4.4242293e-02
  -3.2592393e-02
  -9.1249160e-03
  -3.2319997e-03
  -4.9464246e-03
  -8.4727937e-03
  -8.9400678e-03
  -0.0000000e+00
  -3.4338720e-02
  -2.2856221e-02
  -1.9396819e-02
  -1.8110087e-02
  -1.8443704e-02
  -1.9256888e-02
  -1.9979868e-02
  -2.0944500e-02
  -2.2229558e-02
  -2.4054244e-02
  -2.7432084e-02
  -3.3744954e-02
  -4.0935606e-02
  -4.4023041e-02
  -4.1514393e-02
  -3.2763854e-02
  -1.8107697e-02
  -5.2316165e-03
   0.0000000e+00
   0.0000000e+00
   0.0000000e+00
   0.0000000e+00
   0.0000000e+00
   0.0000000e+00
  -3.7946354e-02
  -3.7816778e-02
  -2.8141351e-02
  -1.3326512e-02
   2.1367194e-03
   1.0898476e-02
   0.0000000e+00
   0.0000000e+00
   0.0000000e+00
   0.0000000e+00
  -2.6733187e-02
  -3.4880210e-02
  -4.0386438e-02
  -4.2810097e-02
  -4.0845893e-02
  -3.5708375e-02
  -2.8287334e-02
  -1.8830800e-02
  -2.5925655e-03
  -1.2124015e-03
  -1.2156500e-03
  -2.7405759e-03
  -1.3862350e-02
  -3.1805534e-02
  -3.0700251e-02
  -2.2502961e-02
  -2.4928663e-02
  -2.9043661e-02
  -3.2975025e-02
  -3.6455434e-02
  -3.9368760e-02
  -4.1844968e-02
  -4.3861195e-02
  -4.4863887e-02
  -4.4645458e-02
  -4.3807708e-02
  -4.2483326e-02
  -3.8313806e-02
  -3.0733516e-02
  -1.9687094e-02
  -4.0696897e-03
   7.3062729e-03
   0.0000000e+00
   0.0000000e+00
   0.0000000e+00
   0.0000000e+00
   0.0000000e+00
   0.0000000e+00
  -2.6428318e-02
  -2.3253480e-02
  -1.4659573e-02
  -1.5430080e-03
   1.0663310e-02
   1.3315547e-02
   0.0000000e+00
   0.0000000e+00
   0.0000000e+00
   0.0000000e+00
  -1.8938182e-02
  -2.2072265e-02
  -2.6075156e-02
  -2.6258098e-02
  -2.2976313e-02
  -1.8445993e-02
  -1.3152518e-02
  -7.2337608e-03
   1.8364548e-03
   0.0000000e+00
   1.7335721e-03
  -3.0896880e-04
  -1.2904968e-02
  -3.0749166e-02
  -2.7448441e-02
  -2.6800539e-02
  -3.2708772e-02
  -3.8501290e-02
  -4.3289275e-02
  -4.7364635e-02
  -5.0871628e-02
  -5.4113439e-02
  -5.7113412e-02
  -5.9130527e-02
  -5.9679225e-02
  -5.8234214e-02
  -5.4492216e-02
  -4.7789952e-02
  -3.8358227e-02
  -2.6636969e-02
  -9.0644193e-03
   4.2343523e-03
   0.0000000e+00
   0.0000000e+00
   0.0000000e+00
   0.0000000e+00
   0.0000000e+00
  -3.3611502e-02
  -1.6232607e-02
  -8.9276462e-03
  -1.0294156e-03
   1.0669224e-02
   1.9541512e-02
   1.5105168e-02
   0.0000000e+00
   0.0000000e+00
   0.0000000e+00
   0.0000000e+00
  -1.2117707e-02
  -1.0676997e-02
  -1.3437568e-02
  -1.1691711e-02
  -7.3020611e-03
  -3.4533240e-03
  -1.0913339e-03
   1.3648270e-03
   0.0000000e+00
   0.0000000e+00
   4.0614689e-03
   4.4026861e-04
  -2.6197764e-03
  -2.5878799e-02
  -2.5716190e-02
  -2.9704066e-02
  -3.5547040e-02
  -4.0655563e-02
  -4.4932543e-02
  -4.8717132e-02
  -5.2190186e-02
  -5.5519481e-02
  -5.8792614e-02
  -6.1590541e-02
  -6.3736483e-02
  -6.4401410e-02
  -6.2556066e-02
  -5.7804622e-02
  -5.0705609e-02
  -4.2158368e-02
  -2.5308805e-02
  -7.5270557e-03
   0.0000000e+00
   0.0000000e+00
   0.0000000e+00
   0.0000000e+00
  -4.5300717e-02
  -3.2591401e-02
  -9.6758248e-03
   2.3221862e-03
   1.1379753e-02
   2.4893281e-02
   3.0332174e-02
   1.8293423e-02
   0.0000000e+00
   0.0000000e+00
   0.0000000e+00
   0.0000000e+00
  -4.8211007e-03
   4.5351062e-04
  -4.0754122e-03
  -9.4126532e-04
   5.0775668e-03
   8.3327311e-03
   7.2735605e-03
   5.9677994e-03
   0.0000000e+00
   0.0000000e+00
   0.0000000e+00
  -2.2727503e-03
  -1.2475612e-02
  -2.1891136e-02
  -2.5381753e-02
  -3.0824225e-02
  -3.6159833e-02
  -4.0603069e-02
  -4.4116133e-02
  -4.7299421e-02
  -5.0426336e-02
  -5.3611874e-02
  -5.7065035e-02
  -6.0515545e-02
  -6.3891255e-02
  -6.6598386e-02
  -6.7677186e-02
  -6.6302158e-02
  -6.2775575e-02
  -5.9140924e-02
  -4.7151415e-02
  -1.9088389e-02
  -0.0000000e+00
   0.0000000e+00
   0.0000000e+00
   0.0000000e+00
  -4.5958163e-02
  -3.1130001e-02
  -5.9817641e-03
   9.1901218e-03
   2.0919627e-02
   3.3180964e-02
   3.6174793e-02
   2.3191924e-02
   0.0000000e+00
   0.0000000e+00
   0.0000000e+00
   0.0000000e+00
   0.0000000e+00
   1.2261062e-02
   3.3917399e-03
   6.7684165e-03
   1.6668754e-02
   1.9364270e-02
   1.3183209e-02
   8.8641383e-03
   6.0947488e-04
   3.1950501e-03
  -5.9545499e-03
  -8.9723375e-03
  -1.6864900e-02
  -2.2655251e-02
  -2.8127069e-02
  -3.4822017e-02
  -4.0859420e-02
  -4.5172758e-02
  -4.7815721e-02
  -4.9714878e-02
  -5.1271070e-02
  -5.2983820e-02
  -5.5133231e-02
  -5.7602040e-02
  -6.0588390e-02
  -6.4186029e-02
  -6.8085492e-02
  -7.1369499e-02
  -7.2773919e-02
  -7.4432582e-02
  -7.4880697e-02
  -3.7549824e-02
  -0.0000000e+00
   0.0000000e+00
   0.0000000e+00
   0.0000000e+00
  -5.1242272e-02
  -3.5265122e-02
  -9.8932823e-03
   1.0237077e-02
   2.4614541e-02
   0.0000000e+00
   0.0000000e+00
   0.0000000e+00
   0.0000000e+00
   0.0000000e+00
   0.0000000e+00
   0.0000000e+00
   0.0000000e+00
   2.4275002e-02
   9.6238330e-03
   1.1276044e-02
   2.2711737e-02
   3.0984223e-02
   1.9568948e-02
   1.1441710e-02
   6.0947491e-04
   3.2268877e-03
  -1.6149455e-02
  -1.9019293e-02
  -2.3429206e-02
  -2.8115336e-02
  -3.5072889e-02
  -4.3931540e-02
  -5.2035835e-02
  -5.7731543e-02
  -6.0932897e-02
  -6.2506683e-02
  -6.2886633e-02
  -6.2650278e-02
  -6.2063947e-02
  -6.1083995e-02
  -6.0188174e-02
  -6.0379349e-02
  -6.2312786e-02
  -6.6280477e-02
  -7.0380867e-02
  -7.3555768e-02
  -9.2015006e-02
  -6.9877155e-02
  -3.0348714e-02
   0.0000000e+00
   0.0000000e+00
  -7.5835588e-02
  -6.4839166e-02
  -4.8917994e-02
  -2.2218429e-02
   5.1798597e-03
   2.2187637e-02
   0.0000000e+00
   0.0000000e+00
   0.0000000e+00
   0.0000000e+00
   0.0000000e+00
   0.0000000e+00
   0.0000000e+00
   0.0000000e+00
   3.0223757e-02
   1.6231056e-02
   1.2753562e-02
   1.2831064e-02
   4.0063019e-02
   2.9386625e-02
   1.5046667e-02
   0.0000000e+00
   1.2036678e-03
  -1.9207777e-02
  -2.9328946e-02
  -3.1406593e-02
  -3.5820249e-02
  -4.3957599e-02
  -5.4966066e-02
  -6.5509997e-02
  -7.3830247e-02
  -7.9464063e-02
  -8.3043396e-02
  -8.4854975e-02
  -8.5040376e-02
  -8.3731495e-02
  -8.0722317e-02
  -7.5735494e-02
  -6.9399938e-02
  -6.2758796e-02
  -5.8831420e-02
  -5.9002161e-02
  -5.6299057e-02
  -7.5067827e-02
  -8.5924696e-02
  -9.7730939e-02
  -1.3434713e-01
  -9.9224213e-02
  -8.1499084e-02
  -7.8898199e-02
  -6.4233355e-02
  -3.7055586e-02
  -4.5203869e-03
   0.0000000e+00
   0.0000000e+00
   0.0000000e+00
   0.0000000e+00
   0.0000000e+00
   0.0000000e+00
   0.0000000e+00
   0.0000000e+00
   0.0000000e+00
   3.0987783e-02
   2.6229987e-02
   1.5976455e-02
   1.2557103e-02
   4.2367122e-02
   4.0475614e-02
   0.0000000e+00
   0.0000000e+00
  -9.1622580e-03
  -2.0468101e-02
  -3.5103023e-02
  -3.8752276e-02
  -4.3171842e-02
  -5.1660031e-02
  -6.3354544e-02
  -7.5002380e-02
  -8.5018776e-02
  -9.2826791e-02
  -9.8686330e-02
  -1.0275391e-01
  -1.0477783e-01
  -1.0454230e-01
  -1.0194190e-01
  -9.5731571e-02
  -8.5051365e-02
  -7.0267648e-02
  -5.6353144e-02
  -5.0438404e-02
  -4.6237767e-02
  -3.1389268e-02
  -7.1318427e-02
  -1.2973128e-01
  -1.4855420e-01
  -9.8725332e-02
  -9.2805274e-02
  -8.9036494e-02
  -7.5737096e-02
  -5.1475856e-02
  -1.8568646e-02
  -0.0000000e+00
   0.0000000e+00
   0.0000000e+00
   0.0000000e+00
   0.0000000e+00
   0.0000000e+00
   0.0000000e+00
   0.0000000e+00
   0.0000000e+00
   2.9941773e-02
   3.9818179e-02
   2.6708756e-02
   0.0000000e+00
   4.6110597e-02
   4.6055265e-02
   0.0000000e+00
   0.0000000e+00
  -3.0934038e-02
  -2.9190427e-02
  -4.4588237e-02
  -4.5018617e-02
  -4.8922278e-02
  -5.7090841e-02
  -6.7926668e-02
  -7.9197966e-02
  -8.9687549e-02
  -9.8624058e-02
  -1.0569265e-01
  -1.1106302e-01
  -1.1427454e-01
  -1.1457839e-01
  -1.1216757e-01
  -1.0546129e-01
  -9.2241116e-02
  -7.1515068e-02
  -4.7974568e-02
  -3.5136890e-02
  -4.5362925e-02
  -0.0000000e+00
  -8.0336868e-02
  -1.5360324e-01
  -1.4543098e-01
  -9.8123938e-02
  -9.6612126e-02
  -9.4803795e-02
  -8.6222850e-02
  -6.7870848e-02
  -3.6788773e-02
  -0.0000000e+00
   0.0000000e+00
   0.0000000e+00
   0.0000000e+00
   0.0000000e+00
   0.0000000e+00
   0.0000000e+00
   0.0000000e+00
   0.0000000e+00
   0.0000000e+00
   5.8025816e-02
   4.3497924e-02
   0.0000000e+00
   0.0000000e+00
   0.0000000e+00
   0.0000000e+00
   0.0000000e+00
  -5.3003177e-02
  -5.6995558e-02
  -5.5835287e-02
  -5.1314883e-02
  -5.3514641e-02
  -6.1106633e-02
  -6.9994211e-02
  -7.9812825e-02
  -9.0008199e-02
  -9.9057212e-02
  -1.0616450e-01
  -1.1155870e-01
  -1.1479855e-01
  -1.1516640e-01
  -1.1283122e-01
  -1.0554165e-01
  -9.0044327e-02
  -6.4343743e-02
  -3.2445889e-02
  -1.4784468e-02
  -0.0000000e+00
  -0.0000000e+00
  -7.0080503e-02
  -1.2298226e-01
  -1.1562766e-01
  -9.4053283e-02
  -9.2575528e-02
  -9.3324766e-02
  -9.1386937e-02
  -8.1750646e-02
  -5.6662284e-02
  -0.0000000e+00
   0.0000000e+00
   0.0000000e+00
   0.0000000e+00
   0.0000000e+00
   0.0000000e+00
   0.0000000e+00
   0.0000000e+00
   0.0000000e+00
   0.0000000e+00
   6.7205489e-02
   6.5131085e-02
   0.0000000e+00
   0.0000000e+00
   0.0000000e+00
   0.0000000e+00
   0.0000000e+00
  -0.0000000e+00
  -7.4743948e-02
  -6.2420301e-02
  -5.6928534e-02
  -5.7435550e-02
  -6.4025246e-02
  -6.9697276e-02
  -7.7129684e-02
  -8.6112149e-02
  -9.4079621e-02
  -1.0018677e-01
  -1.0459266e-01
  -1.0693955e-01
  -1.0737517e-01
  -1.0503045e-01
  -9.6931219e-02
  -7.9789661e-02
  -5.2398946e-02
  -1.7869899e-02
  -2.9542080e-03
   0.0000000e+00
  -5.7891284e-02
  -6.2837988e-02
  -8.3805539e-02
  -8.6560905e-02
  -8.0071293e-02
  -8.0014318e-02
  -8.2743503e-02
  -8.6213358e-02
  -8.6125553e-02
  -7.1714163e-02
  -0.0000000e+00
   0.0000000e+00
   0.0000000e+00
   0.0000000e+00
   0.0000000e+00
   0.0000000e+00
   0.0000000e+00
   0.0000000e+00
   0.0000000e+00
   0.0000000e+00
   7.5230607e-02
   7.3526414e-02
   0.0000000e+00
   0.0000000e+00
   0.0000000e+00
   0.0000000e+00
   0.0000000e+00
   0.0000000e+00
  -7.8756168e-02
  -6.7869388e-02
  -6.1179597e-02
  -6.0348980e-02
  -6.4755760e-02
  -6.5989606e-02
  -7.0162743e-02
  -7.6760747e-02
  -8.2823090e-02
  -8.7528810e-02
  -9.0369537e-02
  -9.1382354e-02
  -9.1467991e-02
  -8.9062661e-02
  -8.0783717e-02
  -6.3634813e-02
  -3.8075902e-02
  -8.3707137e-03
   0.0000000e+00
   0.0000000e+00
  -4.9745525e-02
  -5.2339483e-02
  -5.8977317e-02
  -6.3987732e-02
  -6.2653840e-02
  -6.4332843e-02
  -6.8948463e-02
  -7.5417861e-02
  -8.1201851e-02
  -7.6345973e-02
  -6.6472776e-02
   0.0000000e+00
   0.0000000e+00
   0.0000000e+00
   0.0000000e+00
   0.0000000e+00
   0.0000000e+00
   0.0000000e+00
   0.0000000e+00
   0.0000000e+00
   0.0000000e+00
   0.0000000e+00
   0.0000000e+00
   0.0000000e+00
   0.0000000e+00
   0.0000000e+00
   0.0000000e+00
   0.0000000e+00
  -0.0000000e+00
  -6.5026457e-02
  -6.0515221e-02
  -5.8719237e-02
  -5.9203614e-02
  -5.6704391e-02
  -5.7624110e-02
  -6.0951196e-02
  -6.4651265e-02
  -6.7419700e-02
  -6.8504720e-02
  -6.8341374e-02
  -6.8311251e-02
  -6.6915154e-02
  -6.0610332e-02
  -4.5423528e-02
  -2.1884739e-02
  -1.5937436e-03
   0.0000000e+00
   0.0000000e+00
  -3.9234028e-02
  -3.7334922e-02
  -3.9455521e-02
  -4.4275342e-02
  -4.5953496e-02
  -4.8876887e-02
  -5.4286261e-02
  -6.2385045e-02
  -7.1323364e-02
  -7.3052524e-02
  -5.7055414e-02
   0.0000000e+00
   0.0000000e+00
   0.0000000e+00
   0.0000000e+00
   0.0000000e+00
   0.0000000e+00
   0.0000000e+00
   0.0000000e+00
   0.0000000e+00
   0.0000000e+00
   0.0000000e+00
   0.0000000e+00
   0.0000000e+00
   0.0000000e+00
   0.0000000e+00
   0.0000000e+00
   0.0000000e+00
   0.0000000e+00
  -5.3901002e-02
  -5.0498262e-02
  -5.2415250e-02
  -4.2539667e-02
  -3.7616629e-02
  -3.6784876e-02
  -3.7596498e-02
  -3.9147381e-02
  -4.0040452e-02
  -3.9820664e-02
  -3.9507974e-02
  -4.0577803e-02
  -4.1766122e-02
  -3.9060004e-02
  -2.6535323e-02
  -3.4619914e-03
   9.6698382e-03
   0.0000000e+00
   0.0000000e+00
  -3.1908512e-02
  -2.7425567e-02
  -2.1561123e-02
  -2.5021836e-02
  -2.8439632e-02
  -3.1854160e-02
  -3.6634449e-02
  -4.4430979e-02
  -5.4776344e-02
  -6.1359622e-02
  -4.8631046e-02
   0.0000000e+00
   0.0000000e+00
   0.0000000e+00
   0.0000000e+00
   0.0000000e+00
   0.0000000e+00
   0.0000000e+00
   0.0000000e+00
   0.0000000e+00
   0.0000000e+00
   0.0000000e+00
   0.0000000e+00
   0.0000000e+00
   0.0000000e+00
   0.0000000e+00
   0.0000000e+00
   0.0000000e+00
   0.0000000e+00
  -3.6560851e-02
  -3.4307811e-02
  -2.9939059e-02
  -1.0916066e-02
  -6.8712492e-03
  -6.3311837e-03
  -6.7386987e-03
  -7.3628040e-03
  -7.4443147e-03
  -7.1337336e-03
  -7.8785336e-03
  -1.1026681e-02
  -1.5569592e-02
  -1.7289510e-02
  -7.6596490e-03
   1.4829335e-02
   1.9719301e-02
   0.0000000e+00
   0.0000000e+00
   0.0000000e+00
   0.0000000e+00
  -4.4229448e-03
  -3.6427137e-03
  -7.8841317e-03
  -1.1225090e-02
  -1.5298339e-02
  -2.2056886e-02
  -3.1525474e-02
  -4.0512546e-02
  -3.3551396e-02
  -0.0000000e+00
   0.0000000e+00
   0.0000000e+00
   0.0000000e+00
   0.0000000e+00
   0.0000000e+00
   0.0000000e+00
   0.0000000e+00
   0.0000000e+00
   0.0000000e+00
   0.0000000e+00
   0.0000000e+00
   0.0000000e+00
   0.0000000e+00
   0.0000000e+00
   0.0000000e+00
   0.0000000e+00
   0.0000000e+00
  -0.0000000e+00
  -0.0000000e+00
   9.2202744e-03
   2.8891954e-02
   2.9814173e-02
   2.8810443e-02
   2.8422285e-02
   2.7987780e-02
   2.8044438e-02
   2.7397787e-02
   2.4747143e-02
   1.9089336e-02
   1.1133146e-02
   4.3934449e-03
   9.5545901e-03
   2.5819593e-02
   0.0000000e+00
   0.0000000e+00
   0.0000000e+00
   0.0000000e+00
   0.0000000e+00
   1.9197137e-02
   2.0987164e-02
   1.7158682e-02
   1.3835911e-02
   9.1922777e-03
   2.4160978e-03
  -5.9785638e-03
  -1.5541128e-02
  -1.6262608e-02
  -1.2389535e-02
   0.0000000e+00
   0.0000000e+00
   0.0000000e+00
   0.0000000e+00
   0.0000000e+00
   0.0000000e+00
   0.0000000e+00
   0.0000000e+00
   0.0000000e+00
   0.0000000e+00
   0.0000000e+00
   0.0000000e+00
   0.0000000e+00
   0.0000000e+00
   0.0000000e+00
   0.0000000e+00
   0.0000000e+00
   0.0000000e+00
   0.0000000e+00
   3.6721139e-02
   6.2457222e-02
   5.7374030e-02
   5.6389600e-02
   5.9115048e-02
   6.0797747e-02
   6.1773650e-02
   6.0516305e-02
   5.5828299e-02
   4.7714692e-02
   3.6751352e-02
   2.5635697e-02
   2.2747934e-02
   2.7945413e-02
   0.0000000e+00
   0.0000000e+00
   0.0000000e+00
   0.0000000e+00
   0.0000000e+00
   0.0000000e+00
   4.2723406e-02
   4.5797009e-02
   4.1975480e-02
   3.4619324e-02
   2.7004860e-02
   1.9542595e-02
   1.0687552e-02
   4.0254807e-03
   4.1043874e-03
   0.0000000e+00
   0.0000000e+00
   0.0000000e+00
   0.0000000e+00
   0.0000000e+00
   0.0000000e+00
   0.0000000e+00
   0.0000000e+00
   0.0000000e+00
   0.0000000e+00
   0.0000000e+00
   0.0000000e+00
   0.0000000e+00
   0.0000000e+00
   0.0000000e+00
   0.0000000e+00
   0.0000000e+00
   0.0000000e+00
   2.8484430e-02
   8.7501138e-02
   8.5081793e-02
   6.5951981e-02
   7.1011484e-02
   8.0463156e-02
   8.6734459e-02
   9.0592071e-02
   8.8810161e-02
   8.1945293e-02
   7.2128415e-02
   5.8825504e-02
   4.4964720e-02
   3.0309943e-02
   0.0000000e+00
   0.0000000e+00
   0.0000000e+00
   0.0000000e+00
   0.0000000e+00
   0.0000000e+00
   0.0000000e+00
   4.8640501e-02
   6.7067339e-02
   6.6762947e-02
   5.4236960e-02
   4.8701100e-02
   4.4686962e-02
   3.7974600e-02
   2.2575956e-02
   0.0000000e+00
   0.0000000e+00
   0.0000000e+00
   0.0000000e+00
   0.0000000e+00
   0.0000000e+00
   0.0000000e+00
   0.0000000e+00
   0.0000000e+00
   0.0000000e+00
   0.0000000e+00
   0.0000000e+00
   0.0000000e+00
   0.0000000e+00
   0.0000000e+00
   0.0000000e+00
   0.0000000e+00
   0.0000000e+00
   0.0000000e+00
   4.0948134e-02
   8.1642509e-02
   8.9474142e-02
   7.5475119e-02
   8.5749455e-02
   9.8512098e-02
   1.0602509e-01
   1.0891498e-01
   1.0521393e-01
   9.6490063e-02
   8.4992424e-02
   7.1050830e-02
   5.6131139e-02
   3.5753604e-02
   0.0000000e+00
   0.0000000e+00
   0.0000000e+00
   0.0000000e+00
   0.0000000e+00
   0.0000000e+00
   0.0000000e+00
   0.0000000e+00
   7.1100906e-02
   7.2113281e-02
   6.4234912e-02
   6.8791822e-02
   6.8735473e-02
   6.4575575e-02
   4.1827101e-02
   2.4222892e-02
   0.0000000e+00
   0.0000000e+00
   0.0000000e+00
   0.0000000e+00
   0.0000000e+00
   0.0000000e+00
   0.0000000e+00
   0.0000000e+00
   0.0000000e+00
   0.0000000e+00
   0.0000000e+00
   0.0000000e+00
   0.0000000e+00
   0.0000000e+00
   0.0000000e+00
   0.0000000e+00
   0.0000000e+00
   0.0000000e+00
   0.0000000e+00
   6.9124028e-02
   8.0986589e-02
   7.6032355e-02
   8.2578018e-02
   9.5154904e-02
   1.0233922e-01
   1.0352524e-01
   1.0054561e-01
   9.3188345e-02
   8.1840038e-02
   6.8445839e-02
   5.4776110e-02
   3.7096649e-02
   0.0000000e+00
   0.0000000e+00
   0.0000000e+00
   0.0000000e+00
   0.0000000e+00
   0.0000000e+00
   0.0000000e+00
   0.0000000e+00
   0.0000000e+00
   0.0000000e+00
   7.0085115e-02
   8.7380685e-02
   8.8190168e-02
   8.4389299e-02
   6.3574120e-02
   4.7579244e-02
   0.0000000e+00
   0.0000000e+00
   0.0000000e+00
   0.0000000e+00
   0.0000000e+00
  -0.0000000e+00
   0.0000000e+00
   0.0000000e+00
   0.0000000e+00
   0.0000000e+00
   0.0000000e+00
   0.0000000e+00
   0.0000000e+00
   0.0000000e+00
   0.0000000e+00
   0.0000000e+00
   0.0000000e+00
   0.0000000e+00
   0.0000000e+00
   4.8288474e-02
   4.5844607e-02
   3.4266364e-02
   4.2692017e-02
   5.6009881e-02
   6.4725250e-02
   7.0439443e-02
   7.2360799e-02
   6.9755346e-02
   6.1862733e-02
   5.0966460e-02
   3.8403701e-02
   2.6669840e-02
   0.0000000e+00
   0.0000000e+00
   0.0000000e+00
   0.0000000e+00
   0.0000000e+00
   0.0000000e+00
   0.0000000e+00
   0.0000000e+00
   0.0000000e+00
   0.0000000e+00
   6.9994020e-02
   9.1484636e-02
   9.4042413e-02
   9.1764539e-02
   7.1923684e-02
   4.8774910e-02
   0.0000000e+00
   0.0000000e+00
   0.0000000e+00
   0.0000000e+00
   0.0000000e+00
  -0.0000000e+00
   0.0000000e+00
   0.0000000e+00
   0.0000000e+00
   0.0000000e+00
   0.0000000e+00
   0.0000000e+00
   0.0000000e+00
   0.0000000e+00
   0.0000000e+00
   0.0000000e+00
   0.0000000e+00
   0.0000000e+00
   0.0000000e+00
   2.8538804e-02
   1.0992128e-02
  -1.3760100e-02
  -1.5893309e-02
  -4.8148171e-03
   9.6416520e-03
   2.1677328e-02
   2.6967909e-02
   2.7376989e-02
   2.5372237e-02
   1.8916341e-02
   8.2131282e-03
   0.0000000e+00
   0.0000000e+00
   0.0000000e+00
   0.0000000e+00
   0.0000000e+00
   0.0000000e+00
   0.0000000e+00
   0.0000000e+00
   0.0000000e+00
   0.0000000e+00
   5.4695568e-02
   6.7759245e-02
   7.7869758e-02
   8.0210015e-02
   7.6830074e-02
   6.1558249e-02
   0.0000000e+00
   0.0000000e+00
   0.0000000e+00
   0.0000000e+00
   0.0000000e+00
   0.0000000e+00
   0.0000000e+00
   0.0000000e+00
   0.0000000e+00
   0.0000000e+00
   0.0000000e+00
   0.0000000e+00
   0.0000000e+00
   0.0000000e+00
   0.0000000e+00
   0.0000000e+00
   0.0000000e+00
   0.0000000e+00
   0.0000000e+00
   0.0000000e+00
  -0.0000000e+00
  -2.1423748e-02
  -3.1814212e-02
  -6.5774888e-02
  -7.3690899e-02
  -4.3559201e-02
  -2.3197791e-02
  -2.6837519e-02
  -0.0000000e+00
  -1.2435308e-02
  -1.8639636e-02
  -2.6069888e-02
   0.0000000e+00
   0.0000000e+00
   0.0000000e+00
   0.0000000e+00
   0.0000000e+00
   0.0000000e+00
   0.0000000e+00
   0.0000000e+00
   0.0000000e+00
   0.0000000e+00
   4.0704328e-02
   4.3599781e-02
   4.0288460e-02
   3.9523553e-02
   2.9661296e-02
   1.7686893e-02
   1.1209137e-04
  -2.4098630e-03
  -8.4696137e-03
   0.0000000e+00
   0.0000000e+00
   0.0000000e+00
   0.0000000e+00
   0.0000000e+00
   0.0000000e+00
   0.0000000e+00
   0.0000000e+00
   0.0000000e+00
   0.0000000e+00
   0.0000000e+00
   0.0000000e+00
   0.0000000e+00
   0.0000000e+00
   0.0000000e+00
   0.0000000e+00
   0.0000000e+00
   0.0000000e+00
   0.0000000e+00
   0.0000000e+00
  -0.0000000e+00
  -0.0000000e+00
  -1.0011734e-01
  -5.7800982e-02
  -0.0000000e+00
   0.0000000e+00
   0.0000000e+00
  -0.0000000e+00
  -0.0000000e+00
   0.0000000e+00
   0.0000000e+00
   0.0000000e+00
   0.0000000e+00
   0.0000000e+00
   0.0000000e+00
   0.0000000e+00
   0.0000000e+00
   0.0000000e+00
   2.0753542e-02
   1.9009988e-02
   0.0000000e+00
  -0.0000000e+00
  -2.9582571e-02
  -4.1542311e-02
  -4.7700413e-02
  -3.6475951e-02
  -1.9771199e-02
  -1.3770028e-02
   0.0000000e+00
   0.0000000e+00
   0.0000000e+00
   0.0000000e+00
   0.0000000e+00
   0.0000000e+00
   0.0000000e+00
   0.0000000e+00
   0.0000000e+00
   0.0000000e+00
   0.0000000e+00
   0.0000000e+00
   0.0000000e+00
   0.0000000e+00
   0.0000000e+00
   0.0000000e+00
   0.0000000e+00
   0.0000000e+00
   0.0000000e+00
   0.0000000e+00
   0.0000000e+00
   0.0000000e+00
  -0.0000000e+00
  -1.6678610e-01
   0.0000000e+00
   0.0000000e+00
   0.0000000e+00
   0.0000000e+00
   0.0000000e+00
   0.0000000e+00
   0.0000000e+00
   0.0000000e+00
   0.0000000e+00
   0.0000000e+00
   0.0000000e+00
   0.0000000e+00
   0.0000000e+00
   0.0000000e+00
   8.1888746e-03
   0.0000000e+00
   0.0000000e+00
   0.0000000e+00
  -0.0000000e+00
  -0.0000000e+00
  -3.0915078e-02
  -3.2298633e-02
  -2.6249439e-02
  -8.1565848e-03
  -0.0000000e+00
   0.0000000e+00
   0.0000000e+00
   0.0000000e+00
   0.0000000e+00
   0.0000000e+00
   0.0000000e+00
   0.0000000e+00
   0.0000000e+00
   0.0000000e+00
   0.0000000e+00
   0.0000000e+00
  -1.8427532e-02
  -2.3620685e-02
  -2.9492225e-02
  -3.2444335e-02
  -3.1643662e-02
  -3.0959845e-02
  -3.0511786e-02
  -3.0338987e-02
  -3.5336062e-02
  -4.8047600e-02
  -4.8388382e-02
  -4.1611344e-02
  -6.0465653e-02
  -7.4380208e-02
  -7.9124905e-02
  -6.8667183e-02
  -4.7875575e-02
  -2.7524667e-02
  -9.5519119e-03
   0.0000000e+00
   0.0000000e+00
   0.0000000e+00
   0.0000000e+00
   0.0000000e+00
   0.0000000e+00
   0.0000000e+00
   0.0000000e+00
   0.0000000e+00
   0.0000000e+00
   0.0000000e+00
   0.0000000e+00
   0.0000000e+00
  -1.9744363e-02
  -1.8493645e-02
  -1.9552682e-02
  -2.0313278e-02
  -0.0000000e+00
   0.0000000e+00
   0.0000000e+00
   0.0000000e+00
   0.0000000e+00
   0.0000000e+00
   0.0000000e+00
   0.0000000e+00
   0.0000000e+00
   0.0000000e+00
   0.0000000e+00
  -0.0000000e+00
