   4.5840588e+00
   4.3639731e+00
   4.6981654e+00
   6.0585308e+00
   7.5359464e+00
   8.2197895e+00
   8.8690262e+00
   8.4806776e+00
   5.4117279e+00
   3.1523242e+00
   1.3950363e+00
   5.0414536e-02
  -7.5304353e-01
  -1.4578233e+00
  -1.9001482e+00
  -2.5517685e+00
  -3.0677516e+00
  -2.6328762e+00
  -1.4305947e+00
  -1.5378672e+00
  -2.0861533e+00
  -2.0919452e+00
  -1.6998955e+00
  -1.4593269e+00
  -1.0883812e+00
  -4.4457662e-01
  -7.3855656e-01
  -1.5544591e+00
  -2.1591833e+00
  -2.7351503e+00
  -4.1174769e+00
  -5.4485884e+00
  -5.8823166e+00
  -6.7682819e+00
  -6.5785189e+00
  -5.1958022e+00
  -4.7891507e+00
  -4.9243450e+00
  -4.2530813e+00
  -3.1519001e+00
  -6.2142092e-01
   3.3285050e+00
   3.3696215e+00
  -8.6802554e-01
  -4.8943081e+00
  -4.5922966e+00
   2.3995723e-01
   3.6355090e+00
  -2.2025428e+00
  -2.0849755e+00
  -3.9789648e+00
  -3.5441301e+00
  -9.3880475e-01
   6.0386664e-01
   3.9788689e-02
   4.3624878e-02
   1.3301516e-01
   9.4720900e-02
   1.2266507e+00
   1.9661686e+00
   2.1830206e+00
   2.2966108e+00
   2.0947752e+00
   1.8499637e+00
   1.2486143e+00
   4.4031823e-01
   3.5251170e-02
  -2.9287177e-01
  -3.2115063e-01
  -1.5949252e-01
   2.5030035e-01
  -4.4459000e-02
  -1.2894534e+00
   1.4487654e-05
   1.2698449e+00
   2.5294504e-01
   6.6056848e-01
   8.8645977e-01
   3.8399175e-01
  -4.6786326e-01
  -2.1051311e+00
  -3.6044545e+00
  -4.8111873e+00
  -5.2361693e+00
  -5.0955410e+00
  -5.5694294e+00
  -5.7805195e+00
  -5.9028993e+00
  -6.3600750e+00
  -2.6011639e+00
   4.0908165e+00
   1.4988953e+00
  -4.2372494e+00
  -7.8831782e+00
  -5.2373610e+00
  -3.9858949e+00
  -3.2150793e+00
  -2.5920417e+00
  -2.3612330e+00
  -2.3412442e+00
  -2.0652418e+00
  -9.1063720e-01
   4.9976683e-01
   1.3966200e+00
   2.1117287e+00
   2.6354837e+00
   3.2939100e+00
   3.7951050e+00
   4.0146589e+00
   3.9269171e+00
   3.9589851e+00
   3.8752191e+00
   3.8825748e+00
   3.6579194e+00
   3.4694867e+00
   3.2194254e+00
   3.0417063e+00
   2.9959686e+00
   2.9125149e+00
   2.9422307e+00
   2.4942927e+00
   1.4004118e+00
   2.4061103e+00
   2.5430474e+00
   2.4063354e+00
   2.4268453e+00
   2.1381919e+00
   1.8270773e+00
   1.3926924e+00
   9.2191786e-01
   3.8696322e-01
  -1.6237870e-03
  -2.0860179e-01
  -1.6779670e-01
  -1.8126996e-01
  -5.1688546e-01
  -1.4007288e+00
  -2.2997494e+00
  -2.2171650e+00
  -1.3225434e+00
  -4.3649033e-01
  -1.1110034e+00
  -2.2035117e+00
  -3.0552394e+00
   1.7893597e+00
   1.7292935e+00
   1.8602526e+00
   2.0490463e+00
   2.3084116e+00
   2.6916304e+00
   3.1209815e+00
   3.5036106e+00
   3.7877364e+00
   4.0458102e+00
   4.4086671e+00
   4.7378044e+00
   4.8617067e+00
   4.8687286e+00
   4.8563356e+00
   4.8631339e+00
   4.8812976e+00
   4.8503742e+00
   4.7567425e+00
   4.6623440e+00
   4.5929317e+00
   4.5796566e+00
   4.6086831e+00
   4.6383004e+00
   5.0525732e+00
   5.1351113e+00
   4.9857345e+00
   4.3420024e+00
   3.9189234e+00
   3.9024789e+00
   3.7917011e+00
   3.5789042e+00
   3.4405127e+00
   3.3345108e+00
   3.2733009e+00
   3.2551649e+00
   3.2966518e+00
   3.4266036e+00
   3.5785880e+00
   3.6333797e+00
   3.5129213e+00
   3.2670393e+00
   3.0221386e+00
   2.8958585e+00
   2.8923967e+00
   3.0793815e+00
   2.8253062e+00
   2.1933076e+00
   4.6195049e+00
   4.3999448e+00
   4.2511096e+00
   4.1247039e+00
   4.0308251e+00
   4.0291848e+00
   3.9636142e+00
   3.8828666e+00
   3.8348742e+00
   3.8617606e+00
   3.9952753e+00
   4.3371029e+00
   4.5980368e+00
   4.7137141e+00
   4.8370514e+00
   4.9888449e+00
   5.1083422e+00
   5.1733527e+00
   5.1560688e+00
   5.2075171e+00
   5.2518859e+00
   5.2365384e+00
   5.2218184e+00
   5.0687804e+00
   4.6640186e+00
   3.8727031e+00
   3.8086050e+00
   4.1973729e+00
   4.4329696e+00
   4.7526627e+00
   4.9413409e+00
   4.9794302e+00
   5.0540681e+00
   5.1905551e+00
   5.2977920e+00
   5.4371982e+00
   5.6253576e+00
   5.7825561e+00
   5.9272766e+00
   5.9815459e+00
   5.9565878e+00
   5.9024382e+00
   5.8057303e+00
   5.6038141e+00
   5.4854364e+00
   5.6489697e+00
   5.4414406e+00
   4.9738355e+00
   6.6157039e+00
   6.3162449e+00
   5.9531743e+00
   5.4898240e+00
   4.9537064e+00
   4.5328108e+00
   4.1086841e+00
   3.6078691e+00
   3.2763821e+00
   3.0417055e+00
   3.0582141e+00
   3.2311763e+00
   3.6453747e+00
   3.9362421e+00
   4.1710301e+00
   4.4807025e+00
   4.7257591e+00
   4.8459335e+00
   4.9663025e+00
   5.1100980e+00
   5.1336824e+00
   5.1075627e+00
   5.1509129e+00
   4.9300362e+00
   2.6384109e+00
   4.1204276e+00
   1.5509873e+00
   3.0212692e+00
   4.1805067e+00
   4.9212624e+00
   5.4496919e+00
   5.8940399e+00
   6.1994250e+00
   6.4001706e+00
   6.6215685e+00
   6.8222888e+00
   7.0173377e+00
   7.1351723e+00
   7.1327104e+00
   7.0326394e+00
   6.9842328e+00
   7.0465254e+00
   7.0978679e+00
   6.9591216e+00
   7.0162572e+00
   7.3951263e+00
   7.1619185e+00
   6.8560370e+00
   7.4186525e+00
   7.0087233e+00
   6.4111385e+00
   5.7205329e+00
   5.0097213e+00
   4.0276356e+00
   3.1133475e+00
   3.0366297e+00
   2.5825362e+00
   1.4179977e+00
   1.9175833e+00
   2.3108680e+00
   2.7330298e+00
   3.1000350e+00
   3.4091809e+00
   3.7578182e+00
   4.0586910e+00
   4.2440023e+00
   4.3814673e+00
   4.4935713e+00
   4.5404382e+00
   4.6415787e+00
   4.7306695e+00
   4.4148369e+00
   1.9007173e+00
   3.9444361e+00
   6.8494189e-01
   2.0849879e+00
   3.5231445e+00
   4.5539331e+00
   5.3120375e+00
   5.9545717e+00
   6.4130797e+00
   6.7388926e+00
   6.9928222e+00
   7.1562047e+00
   7.2409773e+00
   7.1487551e+00
   6.9540305e+00
   6.7011261e+00
   6.5710421e+00
   6.6970668e+00
   6.9554996e+00
   7.0406604e+00
   7.3364525e+00
   7.9349351e+00
   7.8484597e+00
   7.6462736e+00
   7.2323108e+00
   6.5908194e+00
   5.7487984e+00
   4.9552398e+00
   4.2062759e+00
   3.0129142e+00
   2.1931350e+00
   2.3144901e+00
   1.7758038e+00
   6.2663066e-01
   1.0969468e+00
   1.5725569e+00
   1.9369715e+00
   2.2293131e+00
   2.4579706e+00
   2.7357488e+00
   2.9895494e+00
   3.1716213e+00
   3.2951281e+00
   3.4328794e+00
   3.6291490e+00
   3.8313580e+00
   3.9092309e+00
   3.5682511e+00
   1.6433135e+00
   2.7946794e+00
   3.9474174e-01
   1.3075949e+00
   2.4744761e+00
   3.4780378e+00
   4.5095043e+00
   5.4249916e+00
   6.0628572e+00
   6.4864178e+00
   6.7105923e+00
   6.6555576e+00
   6.2986608e+00
   5.7594109e+00
   5.3470268e+00
   4.9845786e+00
   4.8771720e+00
   5.1693134e+00
   5.6765661e+00
   6.1972051e+00
   6.8486733e+00
   7.5046916e+00
   7.6490860e+00
   7.5825033e+00
   6.0333271e+00
   5.0623569e+00
   3.8277268e+00
   3.4508662e+00
   2.7479603e+00
   1.5172907e+00
   1.4757377e+00
   1.6455623e+00
   1.2693402e+00
   9.6812385e-01
   9.8769844e-01
   1.2457254e+00
   1.2984447e+00
   1.4327615e+00
   1.5519733e+00
   1.7084646e+00
   1.9080064e+00
   2.1148610e+00
   2.2876985e+00
   2.4825044e+00
   2.7123673e+00
   2.9119735e+00
   2.9703135e+00
   2.6946139e+00
   1.4242690e+00
   2.1379173e+00
   3.6267090e-01
   5.5741531e-01
   1.4932088e+00
   2.3054581e+00
   3.4475334e+00
   4.5388045e+00
   5.2443099e+00
   5.6531262e+00
   5.7436485e+00
   5.3780718e+00
   4.3475113e+00
   3.4219978e+00
   3.1261966e+00
   3.0354259e+00
   3.0900605e+00
   3.4955583e+00
   4.1604056e+00
   4.9562016e+00
   5.7794561e+00
   6.3937187e+00
   6.6305442e+00
   6.5706773e+00
   4.1344533e+00
   3.0497115e+00
   1.6181678e+00
   1.4850044e+00
   1.2831314e+00
   8.1315953e-01
   4.9133608e-01
   1.0199628e+00
   8.4542507e-01
   8.5011697e-01
   7.9631865e-01
   6.3031179e-01
   4.8679394e-01
   4.7009823e-01
   5.1401883e-01
   5.9003395e-01
   7.6096034e-01
   9.8232234e-01
   1.2161039e+00
   1.4473305e+00
   1.6690491e+00
   1.8356413e+00
   1.8578792e+00
   1.7323083e+00
   1.0710169e+00
   1.6789298e+00
   2.1141423e-01
  -2.2311072e-01
   7.5126153e-01
   1.4256042e+00
   2.4890618e+00
   3.5001938e+00
   4.0798635e+00
   4.3303304e+00
   4.2101922e+00
   3.4402142e+00
   1.6952206e+00
   9.4063896e-01
   8.6434591e-01
   1.2694749e+00
   1.5703318e+00
   2.0162878e+00
   2.7223244e+00
   3.5514698e+00
   4.2662678e+00
   4.7475257e+00
   4.9496174e+00
   4.7947302e+00
   1.9299811e+00
   1.2124955e+00
   5.5514130e-01
   2.8027888e-01
   4.7485348e-01
   3.5045048e-01
   1.2641381e-01
   5.8100209e-01
   4.2231479e-01
   3.1890054e-01
   1.3874551e-01
  -1.7649078e-01
  -4.9617469e-01
  -6.3140116e-01
  -6.2158940e-01
  -5.6093708e-01
  -3.9874634e-01
  -1.4517108e-01
   1.5225958e-01
   3.7597709e-01
   5.3430429e-01
   6.0372225e-01
   5.6694082e-01
   6.0817215e-01
   9.4125145e-01
   1.2133805e+00
  -2.7819707e-01
  -6.2984047e-01
  -2.9208012e-01
   4.5613649e-01
   1.4629067e+00
   2.2660753e+00
   2.6159643e+00
   2.6068162e+00
   2.1590155e+00
   9.4090569e-01
  -3.1967254e-01
   7.8975190e-02
  -6.4565823e-01
  -4.1128781e-01
   1.1131963e-01
   5.8695648e-01
   1.2168017e+00
   1.8399768e+00
   2.2987050e+00
   2.6194731e+00
   2.7507486e+00
   2.5450975e+00
  -2.3456931e-02
  -6.4861029e-02
  -1.7962429e-01
  -2.2046736e-01
  -4.9538544e-01
  -3.2291800e-01
  -2.0100554e-02
   8.1045926e-02
  -1.8748820e-01
  -4.4354260e-01
  -7.2675341e-01
  -1.1517812e+00
  -1.5448276e+00
  -1.7390577e+00
  -1.7606250e+00
  -1.6569644e+00
  -1.4290414e+00
  -1.1348467e+00
  -8.4432822e-01
  -6.6643310e-01
  -6.3599825e-01
  -7.5395787e-01
  -8.7187982e-01
  -6.6371661e-01
  -8.3615944e-02
   6.8158275e-01
  -6.1217481e-01
  -1.0283234e+00
  -1.3996938e+00
  -5.9098786e-01
   2.9043308e-01
   8.4232253e-01
   9.0954870e-01
   5.9427822e-01
  -1.8535751e-01
  -1.1973957e+00
  -7.6860332e-01
   1.3217953e-01
  -4.4101521e-01
  -1.2620046e+00
  -1.2188098e+00
  -7.4858856e-01
  -3.9124432e-01
  -1.5310448e-01
   5.1345080e-02
   2.2889018e-01
   3.0765983e-01
   2.0669419e-01
  -1.5061811e+00
  -5.9679830e-01
  -7.9941112e-01
  -1.0532186e+00
  -8.8515854e-01
  -7.5215048e-01
  -3.5946938e-01
  -7.8450668e-01
  -1.1215280e+00
  -1.4264281e+00
  -1.7905254e+00
  -2.2150526e+00
  -2.5863111e+00
  -2.7710133e+00
  -2.7812130e+00
  -2.6337249e+00
  -2.3549113e+00
  -2.0527542e+00
  -1.8020216e+00
  -1.7050809e+00
  -1.8603652e+00
  -2.1873486e+00
  -2.4085498e+00
  -2.1195722e+00
  -1.2790961e+00
   2.2146800e-01
  -1.0316238e+00
  -1.3685662e+00
  -1.7430454e+00
  -1.8241912e+00
  -8.8076931e-01
  -7.6856989e-01
  -1.0373596e+00
  -1.6515331e+00
  -2.5848205e+00
  -3.3123839e+00
  -4.7818008e-01
   1.1145111e-02
  -2.7898228e-01
  -1.8557016e+00
  -2.6240847e+00
  -2.1009767e+00
  -2.2538962e+00
  -2.4144201e+00
  -2.4098384e+00
  -2.2997949e+00
  -2.1717470e+00
  -1.9766529e+00
  -2.2710590e+00
  -8.3787268e-01
  -1.1215241e+00
  -1.4991345e+00
  -1.3676207e+00
  -1.1318394e+00
  -1.0447683e+00
  -1.7933208e+00
  -2.1365547e+00
  -2.3828681e+00
  -2.7131550e+00
  -3.0613830e+00
  -3.3659043e+00
  -3.5320466e+00
  -3.5175948e+00
  -3.3302133e+00
  -3.0338013e+00
  -2.7163405e+00
  -2.5035605e+00
  -2.5394826e+00
  -2.9258025e+00
  -3.4291451e+00
  -3.7332766e+00
  -3.3742051e+00
  -1.9368300e+00
   2.1730757e-01
  -9.6623594e-01
  -1.2891114e+00
  -1.8105952e+00
  -2.7499845e+00
  -1.8077794e+00
  -2.1445851e+00
  -2.7081177e+00
  -3.4985745e+00
  -4.2075133e+00
  -3.9830480e+00
  -9.0352434e-01
  -3.3431834e-01
  -7.0162237e-01
  -2.3971872e+00
  -2.4416077e+00
  -3.0322003e+00
  -3.7646158e+00
  -4.1357436e+00
  -4.2409267e+00
  -4.1635275e+00
  -3.9448793e+00
  -3.4468822e+00
  -2.8141661e+00
  -9.7082424e-01
  -1.0895120e+00
  -1.6327202e+00
  -1.7987820e+00
  -1.5965942e+00
  -2.4788852e+00
  -3.0091252e+00
  -3.1081111e+00
  -3.2367325e+00
  -3.4707532e+00
  -3.7259152e+00
  -3.9519074e+00
  -4.0838194e+00
  -4.0376167e+00
  -3.8240898e+00
  -3.5442841e+00
  -3.2710125e+00
  -3.1971021e+00
  -3.4635482e+00
  -4.0545936e+00
  -4.6213045e+00
  -4.8707714e+00
  -4.3456950e+00
  -2.3917315e+00
   1.8127058e-01
  -5.5686253e-01
  -9.3924403e-01
  -9.4659716e-01
  -2.4611552e+00
  -2.7204564e+00
  -3.4336812e+00
  -4.1856284e+00
  -4.8686380e+00
  -5.0543561e+00
  -3.6389823e+00
  -5.1855326e-01
  -7.3097295e-01
  -1.2398982e+00
  -2.7445593e+00
  -1.8446018e+00
  -3.6880169e+00
  -4.8835802e+00
  -5.3106799e+00
  -5.4884467e+00
  -5.4462318e+00
  -5.1612544e+00
  -4.4105005e+00
  -3.1235994e+00
  -1.0434129e+00
  -7.1713731e-01
  -1.4813103e+00
  -2.2205682e+00
  -2.4146966e+00
  -4.0646348e+00
  -3.8335381e+00
  -3.7505927e+00
  -3.7733345e+00
  -3.9217038e+00
  -4.0810146e+00
  -4.2221579e+00
  -4.2719888e+00
  -4.1753797e+00
  -4.0232940e+00
  -3.9231293e+00
  -3.8970635e+00
  -4.1233477e+00
  -4.6323637e+00
  -5.2364276e+00
  -5.6493118e+00
  -5.6737612e+00
  -4.9541310e+00
  -2.9298478e+00
   2.7915437e-02
  -2.3762526e-01
  -4.3005449e-01
  -5.7784157e-01
  -1.7181900e+00
  -3.6424964e+00
  -4.5754203e+00
  -5.2442611e+00
  -5.5364669e+00
  -5.0750893e+00
  -2.8878685e+00
  -2.5936502e-01
  -7.3909250e-01
  -1.2897339e+00
  -2.1973567e+00
  -1.7748432e+00
  -4.2941804e+00
  -5.5511897e+00
  -6.0280201e+00
  -6.2484667e+00
  -6.2027132e+00
  -5.8310330e+00
  -4.8887271e+00
  -3.1890497e+00
  -1.4415793e+00
  -7.9338974e-01
  -1.3446547e+00
  -2.6616902e+00
  -3.3268573e+00
  -4.5603857e+00
  -4.1041965e+00
  -3.9018955e+00
  -3.8571985e+00
  -3.9023488e+00
  -3.9338334e+00
  -3.9521537e+00
  -3.9106073e+00
  -3.8160818e+00
  -3.8828189e+00
  -4.1809192e+00
  -4.6291575e+00
  -5.1872630e+00
  -5.7446575e+00
  -6.1613808e+00
  -6.3262372e+00
  -6.0922608e+00
  -5.2919579e+00
  -3.6488693e+00
  -1.3539511e-01
   1.4978264e-02
  -1.8133140e-01
  -7.2376508e-01
  -2.1523001e+00
  -4.5859642e+00
  -5.4183564e+00
  -5.7531943e+00
  -5.5430183e+00
  -4.5366950e+00
  -2.2178087e+00
  -9.9069931e-02
  -4.5920372e-01
  -1.0811815e+00
  -1.3258895e+00
  -1.6520525e+00
  -4.0324717e+00
  -5.8955431e+00
  -6.4045382e+00
  -6.6247692e+00
  -6.5117288e+00
  -6.0226431e+00
  -4.9352126e+00
  -3.0339365e+00
  -1.6356047e+00
  -8.4696466e-01
  -9.7317266e-01
  -2.3583922e+00
  -4.0845690e+00
  -4.2544360e+00
  -3.8832440e+00
  -3.6381035e+00
  -3.4932094e+00
  -3.3940504e+00
  -3.2635062e+00
  -3.1261456e+00
  -3.0152411e+00
  -3.0199490e+00
  -3.4253547e+00
  -4.2523131e+00
  -5.2308517e+00
  -6.0117240e+00
  -6.4572687e+00
  -6.6184149e+00
  -6.5332131e+00
  -6.1250186e+00
  -5.4184480e+00
  -3.0925138e+00
   1.7280702e-01
   4.1990325e-02
  -2.2716171e-01
  -8.5675305e-01
  -2.7912655e+00
  -5.2211494e+00
  -5.8452234e+00
  -5.7574754e+00
  -5.0537868e+00
  -3.5970175e+00
  -1.0996273e+00
   3.1260255e-01
  -2.8854319e-01
  -9.0571636e-01
  -1.0976305e+00
  -2.0192280e+00
  -4.4049659e+00
  -5.9794588e+00
  -6.5122619e+00
  -6.6551747e+00
  -6.4187880e+00
  -5.7996225e+00
  -4.6366138e+00
  -2.6963463e+00
  -1.6225579e+00
  -1.0607107e+00
  -1.1360103e+00
  -2.4119582e+00
  -3.1208754e+00
  -1.9735811e+00
  -3.3652244e+00
  -3.1645703e+00
  -2.8435149e+00
  -2.5668530e+00
  -2.2814832e+00
  -1.9824933e+00
  -1.8278830e+00
  -2.0176814e+00
  -2.7466474e+00
  -4.0000100e+00
  -5.3987899e+00
  -6.3600030e+00
  -6.7436099e+00
  -6.7126150e+00
  -6.4021168e+00
  -5.8308816e+00
  -4.7987700e+00
  -1.1083026e+00
   1.6294496e-01
  -3.6394316e-01
  -4.4262180e-01
  -1.0056733e+00
  -3.0697320e+00
  -5.4048719e+00
  -5.8233995e+00
  -5.3348980e+00
  -4.2169089e+00
  -2.3727732e+00
   1.1770079e-02
   6.7322391e-01
  -1.0766936e-01
  -6.8124056e-01
  -1.2764435e+00
  -3.5309412e+00
  -5.3481030e+00
  -5.8301072e+00
  -6.2866607e+00
  -6.3226638e+00
  -5.9542074e+00
  -5.2309089e+00
  -4.0754681e+00
  -2.1368374e+00
  -1.3320794e+00
  -1.2631923e+00
  -2.0073956e+00
  -2.6206195e+00
  -8.3669077e-01
  -1.8709222e+00
  -2.9185457e+00
  -2.6546175e+00
  -2.1697987e+00
  -1.7574904e+00
  -1.4199637e+00
  -1.1052739e+00
  -1.0244229e+00
  -1.3538398e+00
  -2.1263975e+00
  -3.3859093e+00
  -4.8780315e+00
  -5.9752444e+00
  -6.4325713e+00
  -6.3704170e+00
  -5.8656186e+00
  -4.9257029e+00
  -3.1853618e+00
  -5.3473160e-01
  -2.7281349e-01
  -1.2712589e+00
  -8.5417735e-01
  -1.0356767e+00
  -2.9433133e+00
  -5.0616897e+00
  -5.3914383e+00
  -4.5768931e+00
  -3.1565914e+00
  -1.1780617e+00
   7.6398532e-01
   1.2872248e+00
   1.1228939e-01
  -5.9164587e-01
  -1.5406506e+00
  -3.4690997e+00
  -4.7178491e+00
  -5.2490052e+00
  -5.6338037e+00
  -5.5636457e+00
  -5.0943044e+00
  -4.3409641e+00
  -3.2901573e+00
  -1.3419623e+00
  -8.1469648e-01
  -9.9052638e-01
  -1.5599655e+00
  -9.3950092e-01
  -1.1458028e+00
  -3.1951680e+00
  -2.5616097e+00
  -2.2321125e+00
  -1.8471926e+00
  -1.6265937e+00
  -1.5230674e+00
  -1.4694237e+00
  -1.5512708e+00
  -1.7939402e+00
  -2.2137209e+00
  -2.9178297e+00
  -3.9178269e+00
  -4.8219383e+00
  -5.2419213e+00
  -5.1554645e+00
  -4.5242493e+00
  -3.2988197e+00
  -1.0318456e+00
  -1.1504809e-01
  -7.9524170e-01
  -2.5277959e+00
  -1.6296692e+00
  -1.0418426e+00
  -2.5292739e+00
  -4.4372108e+00
  -4.6158321e+00
  -3.6117050e+00
  -2.0088576e+00
  -1.0192649e-01
   1.5272444e+00
   1.9571797e+00
   3.5678332e-01
  -4.7647643e-01
  -1.7988591e+00
  -2.9990382e+00
  -3.8521809e+00
  -4.2893078e+00
  -4.5469387e+00
  -4.3839100e+00
  -3.8788578e+00
  -3.1767785e+00
  -2.2871422e+00
  -4.9631268e-01
  -2.9244827e-01
  -5.1045051e-01
  -6.7845676e-01
  -8.3025472e-01
  -3.2586364e+00
  -3.3175647e+00
  -2.4676072e+00
  -2.4454736e+00
  -2.5851440e+00
  -2.8271248e+00
  -3.0938844e+00
  -3.3420806e+00
  -3.5446551e+00
  -3.6831517e+00
  -3.7522859e+00
  -3.7936878e+00
  -3.9121275e+00
  -4.0662286e+00
  -3.9672186e+00
  -3.5076179e+00
  -2.5852505e+00
  -9.6971327e-01
   7.5718258e-01
  -3.1777876e-01
  -7.2355537e-01
  -4.0379579e+00
  -3.4702270e+00
  -1.2940945e+00
  -1.9825463e+00
  -3.5080666e+00
  -3.4573600e+00
  -2.4436113e+00
  -8.2240503e-01
   8.6914914e-01
   1.7927773e+00
   1.4714358e+00
   4.4854125e-01
  -2.6727434e-01
  -1.9299370e+00
  -2.3133305e+00
  -2.7334766e+00
  -3.0723216e+00
  -3.1659245e+00
  -2.9009461e+00
  -2.4258896e+00
  -1.8410627e+00
  -1.1681996e+00
   3.7533319e-01
   1.2443478e-01
  -1.4973295e-01
  -4.2170656e-01
  -2.0859964e+00
  -3.6227815e+00
  -3.2449756e+00
  -3.0094771e+00
  -3.5428329e+00
  -4.1483741e+00
  -4.6610327e+00
  -5.0779142e+00
  -5.4094071e+00
  -5.6786728e+00
  -5.9024868e+00
  -6.0156398e+00
  -5.9838743e+00
  -5.8001585e+00
  -5.4695816e+00
  -4.8619289e+00
  -3.8929889e+00
  -2.4615431e+00
  -1.1608876e-01
   1.5801922e+00
  -4.9176466e-01
  -5.6249881e-01
  -4.9476891e+00
  -6.1845813e+00
  -2.2544832e+00
  -2.3455973e+00
  -2.3999932e+00
  -1.8376573e+00
  -9.4507676e-01
   4.7052467e-01
   1.8651481e+00
   1.9767129e+00
   1.1819359e+00
   4.8657784e-01
  -4.5863468e-02
  -2.0200865e+00
  -1.6940628e+00
  -1.6510816e+00
  -1.7874779e+00
  -1.6835271e+00
  -1.3271303e+00
  -9.0409571e-01
  -5.1646769e-01
  -1.2716749e-01
   9.1900528e-01
   3.0901092e-01
  -2.3412246e-01
  -1.0859860e-01
  -1.2092647e+00
  -3.1867450e+00
  -3.2773763e+00
  -3.6916361e+00
  -4.4154276e+00
  -5.0334095e+00
  -5.5349711e+00
  -5.9397075e+00
  -6.2559416e+00
  -6.5235454e+00
  -6.7649299e+00
  -6.9457489e+00
  -7.0532671e+00
  -7.0435802e+00
  -6.8350617e+00
  -6.3803412e+00
  -5.6227148e+00
  -4.4482750e+00
  -2.1487953e+00
   2.8222051e-01
  -7.6580551e-01
  -9.3773390e-01
  -4.4082756e+00
  -6.1718886e+00
  -3.5236145e+00
  -3.9718518e+00
  -1.5636623e+00
  -2.1282047e-01
   6.8189786e-01
   1.8852314e+00
   2.9079858e+00
   2.1964867e+00
   1.0868324e+00
   4.6113202e-01
   1.1533450e-01
  -2.7745852e+00
  -1.2955516e+00
  -5.8131938e-01
  -7.4366584e-01
  -4.1809271e-01
   4.5745948e-02
   4.1859917e-01
   5.5676507e-01
   7.9912784e-01
   7.1843008e-01
   3.5260083e-01
   7.2295098e-02
  -2.0475539e-01
  -1.1082721e+00
  -2.7104150e+00
  -3.1415073e+00
  -3.7814546e+00
  -4.4577193e+00
  -5.0136427e+00
  -5.4813355e+00
  -5.8760469e+00
  -6.2248203e+00
  -6.5252148e+00
  -6.7989284e+00
  -7.0208236e+00
  -7.1894432e+00
  -7.2833835e+00
  -7.2282377e+00
  -6.9799205e+00
  -6.5608818e+00
  -5.9778264e+00
  -4.3244137e+00
  -9.1635830e-01
  -1.0057565e+00
  -2.6968581e+00
  -4.2764301e+00
  -4.8572887e+00
  -4.8565139e+00
  -3.8498388e+00
  -8.2114401e-01
   1.0525814e+00
   2.2403152e+00
   3.8174720e+00
   4.1335568e+00
   2.7902051e+00
   1.0529607e+00
   4.9437025e-01
   1.2113161e-01
  -2.7547816e+00
   2.5003341e-02
   7.6538911e-01
   9.9119704e-02
   6.5079431e-01
   1.3135991e+00
   1.5092118e+00
   1.2967080e+00
   1.2703454e+00
   4.8186266e-01
   4.8827001e-01
  -1.8362065e-01
  -7.1986604e-01
  -1.8393929e+00
  -2.5026302e+00
  -2.9616268e+00
  -3.6200833e+00
  -4.2216597e+00
  -4.6726317e+00
  -5.0126677e+00
  -5.2979741e+00
  -5.5629382e+00
  -5.8421655e+00
  -6.1635318e+00
  -6.5023165e+00
  -6.8435163e+00
  -7.1497564e+00
  -7.3641701e+00
  -7.4335876e+00
  -7.3421941e+00
  -7.2060604e+00
  -6.3179369e+00
  -2.5251689e+00
  -1.4326390e+00
  -5.4683609e+00
  -5.5568914e+00
  -4.8743768e+00
  -4.7092819e+00
  -3.3867881e+00
  -5.1822799e-01
   1.7020380e+00
   3.4518228e+00
   3.0466206e+00
   3.6841938e+00
   2.2039218e+00
   7.1083403e-01
   4.3042576e-01
   2.7801615e-01
  -9.1168511e-01
   2.7515912e-01
   1.5109038e+00
   7.8260803e-01
   1.4771098e+00
   2.5816624e+00
   2.3518395e+00
   1.5876644e+00
   1.1675707e+00
   4.9767387e-01
   3.8192844e-01
  -8.7846434e-01
  -1.2944874e+00
  -1.9621055e+00
  -2.4534531e+00
  -3.0582328e+00
  -3.7741628e+00
  -4.3883858e+00
  -4.7929277e+00
  -5.0251770e+00
  -5.1586466e+00
  -5.2313919e+00
  -5.3062673e+00
  -5.4161830e+00
  -5.5530705e+00
  -5.7603531e+00
  -6.0830622e+00
  -6.5143576e+00
  -6.9830494e+00
  -7.3233366e+00
  -7.5794215e+00
  -7.8690777e+00
  -5.0229025e+00
  -1.8856325e+00
  -6.3689928e+00
  -6.8149490e+00
  -6.0448360e+00
  -5.2571392e+00
  -3.8197467e+00
  -1.2257860e+00
   1.4631559e+00
   3.1731546e+00
   1.5323396e+00
   1.1780488e+00
   9.0941077e-01
   4.3845296e-01
   3.1421056e-01
   3.8994199e-01
   1.1227298e-01
  -1.0349490e-03
   1.5464700e+00
   1.0891844e+00
   1.7008486e+00
   2.8720331e+00
   2.7221012e+00
   1.8801697e+00
   1.3182510e+00
   6.2417233e-01
   8.3314180e-02
  -1.6517130e+00
  -1.9602798e+00
  -2.2520456e+00
  -2.7187095e+00
  -3.4017243e+00
  -4.2182274e+00
  -4.9292684e+00
  -5.4263682e+00
  -5.7189908e+00
  -5.8779678e+00
  -5.9413500e+00
  -5.9433374e+00
  -5.9118586e+00
  -5.8547335e+00
  -5.7960463e+00
  -5.7839217e+00
  -5.8494873e+00
  -6.0349646e+00
  -6.2633009e+00
  -6.3379817e+00
  -7.8224769e+00
  -6.6979160e+00
  -4.0209045e+00
  -4.5744119e+00
  -5.8256226e+00
  -6.6886787e+00
  -6.1285477e+00
  -4.9415622e+00
  -2.5728328e+00
   6.0486400e-01
   2.6961980e+00
   7.7470255e-01
   5.8152393e-02
   3.2995233e-01
   3.7973624e-01
   3.3368883e-01
   3.4691024e-01
   1.8952359e-02
  -4.0271091e-01
   1.1214292e+00
   1.4896395e+00
   1.5551690e+00
   2.4987538e+00
   2.3649502e+00
   2.3445427e+00
   1.4431872e+00
   4.8575157e-01
  -4.8372307e-01
  -1.8897053e+00
  -2.4328324e+00
  -2.5955226e+00
  -3.0901076e+00
  -3.8140604e+00
  -4.6811955e+00
  -5.4671091e+00
  -6.0732311e+00
  -6.4905962e+00
  -6.7673482e+00
  -6.9227480e+00
  -6.9678492e+00
  -6.9366292e+00
  -6.8475236e+00
  -6.6663279e+00
  -6.3785523e+00
  -6.0167531e+00
  -5.7503174e+00
  -5.6430968e+00
  -4.9609583e+00
  -4.7856734e+00
  -6.6278323e+00
  -7.5425944e+00
  -6.1254624e+00
  -5.2768720e+00
  -7.2826309e+00
  -6.7186946e+00
  -5.6100620e+00
  -3.5717165e+00
  -5.5996094e-01
   2.1497556e+00
   4.5881787e-01
  -2.9941921e-01
   1.2361888e-01
   1.8478725e-01
   1.2290286e-01
   1.0839825e-01
  -1.6991640e-01
  -8.5682153e-01
   2.8124501e-01
   1.8494123e+00
   1.9737936e+00
   2.0419046e+00
   2.2786275e+00
   2.6484703e+00
   1.4856299e+00
   4.6429003e-01
  -1.4765791e+00
  -1.7175434e+00
  -1.9736990e+00
  -2.9407309e+00
  -3.4493578e+00
  -4.1618438e+00
  -5.0125040e+00
  -5.8079674e+00
  -6.4758393e+00
  -6.9835202e+00
  -7.3336817e+00
  -7.5542541e+00
  -7.6513100e+00
  -7.6360097e+00
  -7.5378032e+00
  -7.2915822e+00
  -6.8280584e+00
  -6.1363661e+00
  -5.3756021e+00
  -4.8897365e+00
  -5.0258325e+00
  -3.3108364e+00
  -4.9751781e+00
  -9.5062111e+00
  -9.6595934e+00
  -7.5496307e+00
  -7.5498114e+00
  -7.1116553e+00
  -6.2300608e+00
  -4.6114625e+00
  -1.9100407e+00
   1.4410647e+00
   7.9279369e-02
  -5.4416513e-01
  -4.2538355e-02
  -9.5606278e-02
  -2.2749576e-01
  -2.1503140e-01
   7.0483229e-02
  -1.4725972e-01
   7.1508858e-01
   2.6754805e+00
   3.0059911e+00
   2.2262113e+00
   1.9468920e+00
   2.8209712e+00
   1.4742299e+00
   4.0081015e-01
  -2.9801099e+00
  -2.5881457e+00
  -2.2927983e+00
  -3.3780856e+00
  -3.7673025e+00
  -4.4201427e+00
  -5.1981010e+00
  -5.9417500e+00
  -6.6197152e+00
  -7.1500449e+00
  -7.5033541e+00
  -7.7387075e+00
  -7.8459172e+00
  -7.8237157e+00
  -7.7240458e+00
  -7.4597211e+00
  -6.8850818e+00
  -5.8477955e+00
  -4.2864356e+00
  -2.9582133e+00
  -2.2628713e+00
  -3.1389699e+00
  -4.1557403e+00
  -9.1567249e+00
  -9.0441847e+00
  -7.8080621e+00
  -7.5526519e+00
  -7.3234725e+00
  -6.7564421e+00
  -5.5584664e+00
  -3.2396579e+00
  -9.1256559e-02
  -7.4934554e-01
  -9.4214022e-01
  -2.9410645e-01
  -6.3688385e-01
  -8.4436071e-01
  -7.1812081e-01
   8.5270637e-01
   3.9169085e-01
   7.7775770e-01
   3.0784459e+00
   3.6049309e+00
   2.1745846e+00
   1.6918780e+00
   2.6259403e+00
   1.2495121e+00
   9.6801430e-02
  -3.4531951e+00
  -4.3721752e+00
  -3.7705717e+00
  -3.7621093e+00
  -4.0304790e+00
  -4.5981760e+00
  -5.2022133e+00
  -5.8463478e+00
  -6.4830923e+00
  -6.9654503e+00
  -7.2879796e+00
  -7.5072465e+00
  -7.5973954e+00
  -7.5843992e+00
  -7.4966450e+00
  -7.2200360e+00
  -6.5455089e+00
  -5.1757922e+00
  -2.7853599e+00
  -5.5047077e-01
  -1.0881140e+00
  -3.8023398e+00
  -5.9072633e+00
  -7.5980310e+00
  -7.6802406e+00
  -7.2403531e+00
  -7.1479483e+00
  -7.0878978e+00
  -6.8536491e+00
  -6.1099067e+00
  -4.3200693e+00
  -1.7072055e+00
  -1.6337177e+00
  -1.3922201e+00
  -4.9974191e-01
  -7.8067422e-01
  -1.3740562e+00
  -1.5241191e+00
   1.2189409e+00
  -2.8138009e-01
   4.0104598e-02
   3.6926265e+00
   3.9395394e+00
   1.7630286e+00
   1.2491280e+00
   1.2257850e+00
   1.1296874e+00
  -2.9765304e-01
  -2.7720381e+00
  -5.1015957e+00
  -4.3520011e+00
  -4.0875349e+00
  -4.1842422e+00
  -4.6181940e+00
  -4.9706277e+00
  -5.4517444e+00
  -5.9837892e+00
  -6.4048717e+00
  -6.6954810e+00
  -6.8826291e+00
  -6.9614292e+00
  -6.9693309e+00
  -6.8866092e+00
  -6.5651781e+00
  -5.7707923e+00
  -4.1721163e+00
  -1.2573059e+00
   3.1101682e-01
  -8.5857775e-01
  -4.4509224e+00
  -5.5552614e+00
  -6.0869868e+00
  -6.3555181e+00
  -6.2525866e+00
  -6.2967074e+00
  -6.4140026e+00
  -6.4632170e+00
  -6.1502120e+00
  -4.8979677e+00
  -2.6554293e+00
  -1.9984145e+00
  -1.7400854e+00
  -7.2387454e-01
  -1.1765507e+00
  -1.8973410e+00
  -1.7255528e+00
   1.0400726e+00
  -8.7117232e-01
  -4.0161551e-01
   3.3620368e+00
   4.1210542e+00
   1.8415002e+00
   1.3090621e+00
  -9.1006402e-02
   1.1419768e+00
  -3.9044970e-01
  -1.5335510e+00
  -3.5671036e+00
  -4.5596490e+00
  -4.2160435e+00
  -4.1166091e+00
  -4.3242693e+00
  -4.4337988e+00
  -4.6973395e+00
  -5.0819082e+00
  -5.4437771e+00
  -5.7117186e+00
  -5.8696966e+00
  -5.9407053e+00
  -5.9617028e+00
  -5.8904324e+00
  -5.5457788e+00
  -4.6384463e+00
  -2.8756742e+00
   9.9736243e-02
   5.4977614e-01
  -1.6278896e+00
  -4.0987253e+00
  -4.4298186e+00
  -4.6282163e+00
  -4.9454117e+00
  -5.0485215e+00
  -5.1956644e+00
  -5.4438066e+00
  -5.7137632e+00
  -5.7551703e+00
  -5.0283933e+00
  -2.9807181e+00
  -1.6991274e+00
  -1.8992856e+00
  -6.6551006e-01
  -1.6777236e+00
  -2.0204613e+00
  -8.9885700e-01
   1.2309692e+00
  -2.2596093e-01
   2.2631013e+00
   2.9007318e+00
   3.7584412e+00
   2.6208420e+00
   1.3582348e+00
  -9.4963998e-01
   1.1977118e+00
  -7.3745745e-01
  -8.6946660e-01
  -1.5902430e+00
  -3.8442893e+00
  -3.9644375e+00
  -3.7698584e+00
  -3.5392046e+00
  -3.4271173e+00
  -3.5140727e+00
  -3.7471139e+00
  -4.0197783e+00
  -4.2514148e+00
  -4.3894076e+00
  -4.4743509e+00
  -4.5375037e+00
  -4.5325179e+00
  -4.2432446e+00
  -3.2376568e+00
  -1.2542653e+00
   8.9475918e-01
   4.6696317e-01
  -2.1793890e+00
  -3.3076262e+00
  -3.0310163e+00
  -3.0716972e+00
  -3.3900192e+00
  -3.6623061e+00
  -3.9119809e+00
  -4.2197499e+00
  -4.6072011e+00
  -4.9316559e+00
  -4.6943316e+00
  -2.8701377e+00
  -9.7552323e-01
  -1.9428378e+00
  -1.1288217e+00
  -1.6673626e+00
  -1.6977772e+00
  -3.8940147e-02
   9.0678298e-01
   9.4224000e-01
   3.2281380e+00
   1.6520565e+00
   2.9502954e+00
   2.8369095e+00
   7.8220981e-01
   3.0324906e-01
   2.0101204e+00
  -1.7635199e+00
  -8.1364769e-01
  -6.4047039e-01
  -2.2903244e+00
  -3.0219553e+00
  -1.8512332e+00
  -1.9635544e+00
  -1.8968318e+00
  -1.9021546e+00
  -2.0462186e+00
  -2.2341523e+00
  -2.4328477e+00
  -2.5586221e+00
  -2.6764131e+00
  -2.8247578e+00
  -2.9397008e+00
  -2.7527065e+00
  -1.6727061e+00
   5.4608881e-01
   1.4459399e+00
   2.5130862e-01
  -1.6511222e+00
  -1.1494437e+00
  -6.5946615e-01
  -9.2316371e-01
  -1.5357647e+00
  -1.9630731e+00
  -2.2613094e+00
  -2.5864539e+00
  -3.0554476e+00
  -3.5620725e+00
  -3.7344351e+00
  -2.5880077e+00
  -5.1626104e-01
  -1.5974197e+00
  -2.1594257e+00
  -1.6200404e+00
  -5.9816891e-01
   7.7194381e-01
   1.1494344e+00
   2.0023253e+00
   2.4761651e+00
   2.6326716e+00
   4.3794993e-01
   5.9331650e-01
   2.0198784e+00
   2.6992912e+00
   2.0605700e+00
  -1.7818654e+00
  -7.7726388e-01
  -5.0511628e-01
  -1.2544134e+00
  -1.9434491e+00
  -4.9990904e-01
  -1.8447779e-01
   2.7606912e-02
   4.7056131e-02
  -4.1283503e-02
  -1.8048525e-01
  -3.2740828e-01
  -4.5435938e-01
  -5.9605891e-01
  -8.2741690e-01
  -1.0906500e+00
  -1.0747821e+00
  -2.1459337e-02
   2.1420925e+00
   1.7113647e+00
   5.1817340e-01
  -8.3106190e-01
  -2.2773537e-01
   2.8920573e-01
   6.3663077e-01
   7.1016645e-01
   2.4012922e-01
  -5.9500549e-02
  -4.2067617e-01
  -9.3727350e-01
  -1.5592819e+00
  -2.0339603e+00
  -1.7093650e+00
  -2.1817678e-01
  -4.0311691e-01
  -2.1643312e+00
  -6.5999126e-01
   1.7926005e+00
   1.9253374e+00
   2.1377158e+00
   1.5783763e+00
   2.1379178e+00
   1.7298863e+00
  -2.7008846e-01
   1.3497826e-01
   2.5655348e+00
   2.6120484e+00
   9.1117477e-01
  -7.3553584e-01
  -5.9681789e-01
  -4.0999603e-01
  -6.7754943e-02
   2.6536591e-02
   3.9909487e-01
   1.5467745e+00
   1.5949734e+00
   1.5828660e+00
   1.5739033e+00
   1.5088982e+00
   1.4432970e+00
   1.3496840e+00
   1.2027477e+00
   9.2070668e-01
   5.5054865e-01
   3.6991011e-01
   1.1358072e+00
   2.3809775e+00
   8.1428825e-01
   5.9048686e-01
  -3.7477808e-01
   1.1203286e-01
   4.8816690e-01
   1.1354979e+00
   2.2895562e+00
   2.1590334e+00
   1.9456831e+00
   1.5271529e+00
   9.7079742e-01
   3.5839497e-01
  -2.5995834e-01
  -4.3756023e-01
   3.8467347e-01
   6.0038856e-01
  -1.0155158e-01
   1.1783921e+00
   2.8417377e+00
   2.6655866e+00
   2.6040446e+00
   5.9251515e-01
   1.0296693e+00
   3.0353485e-01
   1.0124275e-01
   2.8153421e-01
   1.3174716e+00
   1.6864132e+00
   1.2803073e+00
   7.8101039e-02
  -5.5687237e-01
   5.5029266e-02
   5.1970136e-01
   9.5393491e-01
   1.8692101e+00
   2.8181388e+00
   2.4330990e+00
   2.4975126e+00
   2.7002015e+00
   2.8257544e+00
   2.9149451e+00
   2.8854027e+00
   2.7111242e+00
   2.3736975e+00
   1.9282535e+00
   1.6081457e+00
   1.7759801e+00
   1.4566915e+00
   4.4320670e-01
   8.1518006e-01
   2.4684966e-03
   3.6602810e-01
   8.0461419e-01
   1.2005987e+00
   2.8302863e+00
   3.5015583e+00
   3.4351528e+00
   2.9264247e+00
   2.4632287e+00
   2.0201206e+00
   1.4827430e+00
   9.5840341e-01
   5.4272091e-01
   7.7739149e-01
   2.0114989e+00
   2.5621390e+00
   1.0122989e+00
   2.0369403e-01
   2.3222466e-01
  -3.5809577e-03
  -7.6148495e-02
  -4.0372056e-01
  -2.8061771e-01
   2.6550192e-01
  -1.4283273e-01
   8.3276689e-01
   1.7400244e+00
   7.2701514e-01
   1.5254211e-01
   5.9102064e-01
   9.4393957e-01
   1.4781176e+00
   2.7170978e+00
   3.1295280e+00
   2.6469300e+00
   3.0846133e+00
   3.5371623e+00
   3.8389699e+00
   4.0378814e+00
   4.0173478e+00
   3.7976446e+00
   3.4226980e+00
   2.9387095e+00
   2.5234466e+00
   2.0377297e+00
   6.7007196e-01
   5.3684735e-01
   1.0368322e+00
  -4.0844515e-02
   3.6628178e-01
   9.2176557e-01
   1.1530843e+00
   2.2088366e+00
   3.9815168e+00
   4.1285048e+00
   3.5771141e+00
   3.4587781e+00
   3.2935979e+00
   2.9143262e+00
   1.8694942e+00
   5.6601930e-01
   5.1114750e-01
   2.2825775e+00
   1.9300511e+00
   2.0831095e-01
  -2.4091896e-01
   1.4323935e-01
  -1.8796909e-01
  -1.2345287e+00
  -1.4037228e+00
  -2.5905183e-01
  -1.1552638e-01
  -4.2460221e-01
   7.8503865e-01
   1.9546289e+00
   1.5847530e+00
   9.0373695e-01
   1.1733947e+00
   1.0789081e+00
   1.3137625e+00
   2.6163087e+00
   3.2428696e+00
   3.3790553e+00
   3.8155420e+00
   4.2214499e+00
   4.4953532e+00
   4.6159291e+00
   4.5723863e+00
   4.3394489e+00
   3.9293621e+00
   3.4507132e+00
   3.0408583e+00
   2.3070526e+00
   6.0479116e-01
   5.1014853e-01
   1.0901277e+00
  -2.5280809e-01
   8.7012582e-02
   7.5206846e-01
   1.1126642e+00
   1.3473511e+00
   2.4290001e+00
   3.7462158e+00
   3.8105140e+00
   4.2517443e+00
   4.2694192e+00
   4.0371242e+00
   2.8529756e+00
   1.2770574e+00
   9.6061766e-01
   9.2256945e-01
   7.7787176e-02
  -7.2129816e-02
   3.9981055e-01
   3.7997803e-01
  -3.3868158e-01
  -1.7321626e+00
  -1.7537280e+00
   6.7393959e-02
   8.8823199e-01
   1.0723834e+00
   1.2574549e+00
   2.2376611e+00
   1.0570617e+00
   9.3818086e-01
   9.8966092e-01
   8.5471783e-01
   1.4605200e+00
   2.0950685e+00
   2.6916302e+00
   2.6480196e+00
   2.9896914e+00
   3.5074462e+00
   3.8377557e+00
   3.9973109e+00
   4.0794973e+00
   4.0033183e+00
   3.6778767e+00
   3.2551445e+00
   2.9087437e+00
   2.2597394e+00
   5.7893331e-01
   8.8939034e-01
   8.1620584e-01
  -2.4056058e-01
  -4.6895357e-03
   4.8104900e-01
   9.0309762e-01
   1.2298608e+00
   1.1720845e+00
   1.3527193e+00
   3.2590367e+00
   4.4239622e+00
   4.5520549e+00
   4.4937816e+00
   3.7966964e+00
   2.9962178e+00
   1.2256892e+00
   3.6663668e-01
  -2.7582982e-01
   1.9384130e-01
  -3.8903232e-01
  -1.1318458e+00
  -1.0010881e+00
  -9.6214354e-01
  -6.9512465e-01
  -4.2779618e-01
   3.1270275e-01
   8.5820912e-01
   1.3356460e+00
   1.7977191e+00
   9.3802273e-01
   6.5234816e-01
   7.9819626e-01
   6.1410308e-01
   1.0807468e+00
   1.6431822e+00
   1.4098976e+00
   5.6537902e-01
   1.0381168e+00
   1.5868695e+00
   2.0393353e+00
   2.4513335e+00
   2.7524953e+00
   2.8293543e+00
   2.6233416e+00
   2.3395271e+00
   1.9137019e+00
   2.4444625e-01
  -5.0475858e-02
   1.1467510e+00
   3.5306460e-01
  -2.2703695e-01
   7.7903822e-02
   4.2540249e-01
   7.4895489e-01
   9.9648744e-01
   9.8283201e-01
   1.3532865e+00
   2.6661758e+00
   3.7615399e+00
   4.0299778e+00
   4.0835738e+00
   3.2254539e+00
   1.3365633e+00
   3.8723207e-01
   3.0934113e-01
   5.6624091e-01
   2.7348027e-01
  -3.0959627e-01
  -8.3238417e-01
  -8.1613481e-01
  -4.4880897e-01
   9.6863963e-02
   1.3665396e-01
   8.1401449e-01
   6.5998793e-01
   1.4769120e+00
   1.5102292e+00
   4.5188507e-01
   4.5559880e-01
   5.0729162e-01
   1.8692507e-01
   9.5144600e-01
   8.3057731e-01
  -6.7272872e-02
  -1.0778021e+00
  -1.1071726e+00
  -1.4119763e+00
  -6.8336421e-01
  -8.6880431e-02
  -5.1305912e-02
   1.8785787e-01
   3.6113894e-01
   4.7650731e-01
  -3.3080500e-01
  -9.5361131e-01
   9.5927435e-01
   2.2628199e-01
  -3.8800991e-01
  -1.5589371e-01
   1.8397593e-01
   5.1096427e-01
   6.8783844e-01
   6.9013745e-01
   8.4527540e-01
   1.3414286e+00
   2.0814886e+00
   2.4225812e+00
   2.5492837e+00
   2.4121971e+00
   1.7504078e+00
   2.6358274e-01
   5.1103181e-01
   3.2089430e-01
   1.2434396e-01
  -5.8100373e-02
  -1.0298735e-01
   7.7116884e-02
   1.8262739e-01
   3.3283463e-01
   6.2733388e-01
   4.6850973e-01
   6.7592561e-01
   6.3714045e-01
   9.7402567e-01
   1.1779665e+00
   1.5595649e-01
   4.0565398e-01
   6.0808229e-01
   7.8083920e-01
   5.8356124e-01
  -5.2593118e-01
  -1.4823045e+00
  -1.2956604e+00
  -1.6046572e+00
  -3.0407193e+00
  -2.6338706e+00
  -1.8080235e+00
  -1.8630421e+00
  -1.7553812e+00
  -1.3631520e+00
  -1.8478785e+00
  -2.0657485e+00
   1.2732551e-01
   6.4664859e-01
  -6.4375859e-01
  -5.6410813e-01
  -9.9433601e-02
   3.0737111e-01
   5.5693781e-01
   6.0264707e-01
   5.9322149e-01
   7.2842979e-01
   1.0494398e+00
   6.2468934e-01
   3.0967885e-01
   2.6520833e-01
  -2.7171963e-01
  -6.6806769e-01
  -7.7626979e-01
  -2.8341317e-01
  -8.2509917e-01
  -6.4885288e-02
   1.9827795e-01
   1.0401114e-01
   1.6603820e-01
   2.8848365e-01
   2.1743621e-01
   4.4879663e-01
   2.6010463e-01
   1.2601875e-01
   2.0283268e-01
   3.4966367e-01
   3.8509780e-01
  -7.2672009e-01
  -5.5877607e-02
   1.9934370e-01
  -1.1491781e-01
  -5.0962055e-01
  -2.6735124e-01
  -6.6273981e-01
  -6.5734643e-01
  -6.3210076e-01
  -9.0385175e-01
  -3.0590918e+00
  -2.4457028e+00
  -1.4618572e+00
  -1.4886546e+00
  -9.8207664e-01
  -1.1062276e+00
   7.4510247e-02
   1.1651573e+00
  -1.7417409e-01
  -8.8342714e-01
  -4.2699692e-01
   1.0437974e-01
   3.9119738e-01
   5.7371491e-01
   3.1607759e-01
   8.5095376e-02
   4.3190694e-01
   4.3245982e-02
  -1.1580461e+00
  -7.4202305e-01
  -1.8497937e+00
  -2.2181773e+00
  -1.6640090e+00
  -1.8586770e+00
  -1.3568283e+00
  -6.9509065e-01
   1.4282702e-01
   2.1813558e-01
  -3.5764508e-02
  -3.2330407e-03
   1.1307818e-01
  -7.4084081e-02
  -1.0653453e-02
  -5.5612087e-02
  -9.1850318e-02
  -1.1183625e-01
  -5.2174550e-01
  -4.9216780e-01
  -1.3468662e-01
   2.1329293e-01
  -4.4728827e-02
  -2.4610838e-01
  -1.8711825e-01
  -4.3238109e-01
  -3.9718345e-01
  -3.2376426e-01
  -4.4711447e-01
  -3.2504413e-01
   1.1600271e-01
  -1.9946948e-01
  -1.0935484e+00
  -1.2320807e+00
  -8.1815445e-01
  -5.0807774e-01
  -2.8558335e-01
  -7.8154302e-01
  -1.0326585e+00
  -5.5652678e-01
   1.3248412e-02
   3.2527962e-01
   6.7115998e-01
   5.2234805e-01
   2.6921627e-01
   8.3116084e-01
   6.1762059e-01
  -5.5048662e-01
  -1.0519826e+00
  -8.3344471e-01
  -3.2486427e-01
   4.6879092e-01
  -4.9850506e-01
  -1.2644643e+00
  -1.0419861e+00
  -6.7350656e-01
  -3.6180744e-01
   1.9551161e-01
   5.1979357e-01
   3.5916305e-01
  -6.9500089e-02
  -4.6032965e-01
  -3.0381256e-01
   5.1713794e-02
  -1.9830295e-01
  -6.5938199e-01
  -6.1551636e-01
  -4.0891811e-01
  -7.1673608e-01
  -8.2654613e-01
  -1.0641824e+00
  -1.1313071e+00
  -1.0513470e+00
  -9.5901191e-01
  -9.4784904e-01
  -9.7228014e-01
  -1.0201358e+00
  -1.0778785e+00
  -1.0466551e+00
  -9.6645576e-01
  -9.9806964e-01
  -1.1372653e+00
  -1.1887271e+00
  -1.0361545e+00
  -7.3389065e-01
  -3.5079265e-01
   3.5397805e-02
   2.6502022e-01
   3.5061672e-01
   2.4924742e-01
   2.6369909e-02
  -6.3396975e-02
  -5.5871613e-02
  -1.9250327e-01
  -4.6841753e-01
  -6.2327075e-01
  -6.6156518e-01
  -6.2496370e-01
  -1.9706807e-01
   6.9133967e-01
   4.4112700e-01
  -2.3413502e-02
  -4.8662296e-01
  -7.8321415e-01
  -8.6872268e-01
  -6.3756931e-01
  -2.6878253e-01
  -2.4974883e-01
  -4.9009323e-01
  -5.7674462e-01
  -4.6935484e-01
  -4.1600320e-01
  -5.2298295e-01
  -6.9014192e-01
  -8.1878656e-01
  -8.0316937e-01
