   2.6514659e+00
   4.2144165e+00
   6.0375504e+00
   7.8416295e+00
   8.2231331e+00
   6.8872094e+00
   5.9045358e+00
   4.2148471e+00
   2.6426432e+00
   1.4266946e+00
   2.6150686e-01
  -3.7372744e-01
  -8.1828129e-01
  -1.1848485e+00
  -1.7255740e+00
  -2.1204531e+00
  -1.1037390e+00
  -1.5367702e-01
  -4.2480209e-01
  -1.5421754e+00
  -2.0468187e+00
  -1.7784142e+00
  -1.2808484e+00
  -8.7429267e-01
  -3.8574600e-01
   2.9398617e-01
  -9.1824993e-02
  -6.2156135e-01
  -9.8538595e-01
  -1.0011933e+00
  -1.7313439e+00
  -2.6691313e+00
  -3.1996346e+00
  -3.5394399e+00
  -4.4815207e+00
  -5.6169963e+00
  -5.5793605e+00
  -4.5525131e+00
  -3.8793764e+00
  -3.9813907e+00
  -3.5280406e+00
  -3.8730073e-01
   2.4447947e+00
  -6.2214434e-02
  -3.4997284e+00
  -5.0148215e+00
  -1.6754664e+00
   1.1259066e+00
  -1.5889649e+00
  -2.0720503e+00
  -3.6416206e+00
  -2.1542106e+00
   1.3182285e+00
   1.6263900e+00
   3.8941187e-01
   5.9913671e-01
   1.1968043e+00
   1.1993487e+00
   1.5190386e+00
   1.8943999e+00
   1.9096133e+00
   1.9106058e+00
   1.8317069e+00
   1.4867802e+00
   1.2874466e+00
   1.1267935e+00
   1.0068228e+00
   1.0114940e+00
   9.9127257e-01
   6.7713910e-01
   6.0958368e-01
   1.2969939e-01
  -6.7691964e-01
   7.4131745e-01
   1.1334265e+00
   9.8082148e-02
   6.5700233e-01
   1.0909042e+00
   1.1020696e+00
   1.0415840e+00
   2.2968121e-01
  -5.5207342e-01
  -2.0279860e+00
  -3.2509465e+00
  -3.6639135e+00
  -3.8071594e+00
  -3.4382057e+00
  -3.3963852e+00
  -5.1419854e+00
  -4.6538181e+00
   2.0315001e+00
   2.1353533e+00
  -2.5555449e+00
  -7.2689762e+00
  -5.1903481e+00
  -2.6734560e+00
  -1.3550266e+00
  -6.4848292e-01
   1.5125540e-01
   3.2231542e-01
   8.2821935e-01
   1.4874057e+00
   2.4486113e+00
   3.0527797e+00
   3.6648433e+00
   4.0970607e+00
   4.1141667e+00
   4.1621809e+00
   4.4945779e+00
   4.5191946e+00
   4.3619757e+00
   3.9348636e+00
   3.8490288e+00
   3.6358800e+00
   3.6149158e+00
   3.5562539e+00
   3.5679421e+00
   3.5568383e+00
   3.4390986e+00
   3.3740144e+00
   3.0027082e+00
   2.1877794e+00
   3.0671444e+00
   3.4683614e+00
   3.1952214e+00
   3.1561134e+00
   3.0797286e+00
   3.0436261e+00
   2.9931562e+00
   2.9677594e+00
   2.9650052e+00
   2.7952855e+00
   2.6035504e+00
   2.4145882e+00
   2.2531292e+00
   2.2490702e+00
   1.4336586e+00
  -9.2753127e-02
  -1.2247887e+00
  -5.1287436e-01
   5.3226322e-01
  -5.0362939e-01
  -1.7872554e+00
  -2.1399903e+00
   4.2174644e+00
   4.4734054e+00
   5.0062222e+00
   5.7336135e+00
   5.8972502e+00
   5.9576969e+00
   5.9840808e+00
   5.8800163e+00
   5.9862804e+00
   5.9933443e+00
   5.7645521e+00
   5.6327639e+00
   5.7781310e+00
   5.9729142e+00
   5.7477751e+00
   5.3643785e+00
   5.1905584e+00
   5.1402960e+00
   5.1366653e+00
   5.1392589e+00
   5.1649303e+00
   5.2048225e+00
   5.2109585e+00
   5.2374201e+00
   5.3950930e+00
   5.7488170e+00
   6.0506983e+00
   5.7921433e+00
   5.1503592e+00
   4.9381528e+00
   4.8788228e+00
   4.8263855e+00
   4.8436975e+00
   4.9179602e+00
   5.0817881e+00
   5.2973089e+00
   5.4692135e+00
   5.6593204e+00
   5.8517604e+00
   5.9918694e+00
   6.0511622e+00
   5.9225316e+00
   5.5718012e+00
   5.1220865e+00
   4.8677664e+00
   4.9968519e+00
   4.7936263e+00
   4.3219891e+00
   6.6724825e+00
   6.6515541e+00
   6.6305223e+00
   7.0477653e+00
   7.2059822e+00
   6.5545506e+00
   5.8400636e+00
   6.5517826e+00
   6.4575529e+00
   6.4060640e+00
   6.1920776e+00
   5.8368502e+00
   5.9523554e+00
   6.1756282e+00
   6.0615287e+00
   5.7989416e+00
   5.7360868e+00
   5.7601428e+00
   5.8360338e+00
   5.8760672e+00
   5.9068084e+00
   5.9974003e+00
   5.9857869e+00
   5.8980842e+00
   5.9714060e+00
   4.3067193e+00
   3.9514794e+00
   4.8962035e+00
   5.2731533e+00
   5.5845842e+00
   5.7767229e+00
   5.8904004e+00
   6.0092058e+00
   6.1614580e+00
   6.3687973e+00
   6.5866952e+00
   6.8264956e+00
   7.1544161e+00
   7.4302392e+00
   7.6190896e+00
   7.7833567e+00
   7.8611073e+00
   7.9077506e+00
   7.6356378e+00
   7.2132149e+00
   7.4696822e+00
   7.3674068e+00
   6.8004851e+00
   7.5959978e+00
   7.2148913e+00
   6.6620992e+00
   6.5508731e+00
   6.3489297e+00
   5.0093590e+00
   4.5384646e+00
   5.5870368e+00
   5.4971582e+00
   4.8662444e+00
   4.0628600e+00
   5.3311946e+00
   5.4883997e+00
   5.6244823e+00
   5.6615560e+00
   5.5314710e+00
   5.5232446e+00
   5.6571872e+00
   5.8097288e+00
   5.9031207e+00
   6.0022399e+00
   6.0950301e+00
   6.0659959e+00
   5.8503921e+00
   5.5377232e+00
   2.5443085e+00
   2.7752949e+00
   3.4183480e+00
   4.3609271e+00
   5.1612512e+00
   5.6644475e+00
   6.0928738e+00
   6.4138530e+00
   6.6026982e+00
   6.7647875e+00
   6.9474243e+00
   7.1051315e+00
   7.2689628e+00
   7.4218797e+00
   7.5075688e+00
   7.6570396e+00
   7.9286256e+00
   8.2812815e+00
   8.0966320e+00
   7.9589448e+00
   8.4550629e+00
   8.2384882e+00
   7.7359857e+00
   6.9417334e+00
   4.6986551e+00
   5.2524276e+00
   4.6879387e+00
   3.6634490e+00
   2.1842017e+00
   3.2251050e+00
   4.1447291e+00
   4.0167394e+00
   4.2383881e+00
   3.9382992e+00
   3.9294076e+00
   4.7873287e+00
   4.9114699e+00
   5.0331931e+00
   4.9933729e+00
   4.9878511e+00
   5.0529566e+00
   5.1530652e+00
   5.3126392e+00
   5.4804239e+00
   5.5954895e+00
   5.5996242e+00
   5.4489470e+00
   4.7388468e+00
   2.2455816e+00
   2.5411074e+00
   2.3127367e+00
   3.4228337e+00
   4.2785153e+00
   4.9640608e+00
   5.6307116e+00
   6.0846314e+00
   6.3408365e+00
   6.5231423e+00
   6.5797601e+00
   6.4750237e+00
   6.3193469e+00
   6.1981406e+00
   6.1009555e+00
   6.2743325e+00
   6.8229151e+00
   7.4175549e+00
   7.4581895e+00
   7.7791882e+00
   8.2783022e+00
   8.1872597e+00
   7.7608118e+00
   4.9514093e+00
   2.0304270e+00
   2.5319269e+00
   2.3019745e+00
   1.2529799e+00
   9.1463101e-01
   1.4459163e+00
   2.4660211e+00
   2.3288269e+00
   2.7678893e+00
   2.8160515e+00
   2.7648013e+00
   3.7682927e+00
   3.8547246e+00
   3.9368653e+00
   3.9316075e+00
   3.9202676e+00
   3.9173553e+00
   3.9362209e+00
   4.0790124e+00
   4.3263645e+00
   4.5339603e+00
   4.6609764e+00
   4.5773206e+00
   3.8171952e+00
   1.6790316e+00
   2.1798155e+00
   1.1998426e+00
   2.1161373e+00
   2.8997011e+00
   3.6623390e+00
   4.5706391e+00
   5.1894560e+00
   5.5232139e+00
   5.6270046e+00
   5.3254628e+00
   4.5049062e+00
   3.8074501e+00
   3.6405632e+00
   3.6155944e+00
   3.8511055e+00
   4.6943603e+00
   5.5323353e+00
   6.0103641e+00
   6.6693387e+00
   7.0317597e+00
   7.0377855e+00
   6.5128355e+00
   3.0437229e+00
   1.2233526e+00
   8.8989562e-01
   7.8036892e-01
   5.0718158e-01
   5.2842677e-01
   7.0270759e-01
   1.3730747e+00
   1.1515279e+00
   1.4955442e+00
   1.9549346e+00
   2.3980615e+00
   2.5345645e+00
   2.5940113e+00
   2.6442530e+00
   2.6312582e+00
   2.5747044e+00
   2.5622172e+00
   2.6199818e+00
   2.8059695e+00
   3.0675967e+00
   3.3107622e+00
   3.5027633e+00
   3.4616270e+00
   2.8563788e+00
   1.6575881e+00
   2.3374052e+00
   6.7012203e-01
   1.0797052e+00
   1.8727033e+00
   2.4913917e+00
   3.4015841e+00
   4.0252957e+00
   4.3133998e+00
   4.2491369e+00
   3.4147754e+00
   1.8202707e+00
   9.4708490e-01
   1.3039942e+00
   1.7404888e+00
   2.1349452e+00
   2.9951351e+00
   3.8669739e+00
   4.4990549e+00
   5.0729408e+00
   5.2690287e+00
   5.1781449e+00
   4.6082411e+00
   1.2399561e+00
   2.7737468e-01
  -3.4933425e-03
   1.9993153e-01
   1.1710188e-01
   1.1874418e-01
   3.0909938e-01
   3.2004103e-01
   5.5675626e-02
   3.1145814e-01
   6.4961195e-01
   1.0168568e+00
   1.1788442e+00
   1.1804088e+00
   1.1645180e+00
   1.1316192e+00
   1.1012251e+00
   1.1397583e+00
   1.2636210e+00
   1.4812114e+00
   1.7195661e+00
   1.9457399e+00
   2.1079555e+00
   2.0859315e+00
   1.7981093e+00
   1.2495886e+00
   1.7543932e+00
   8.0229789e-03
   3.0781800e-01
   1.0033416e+00
   1.5766939e+00
   2.3046868e+00
   2.7290041e+00
   2.8023832e+00
   2.4888320e+00
   1.1287385e+00
  -5.6497954e-02
  -1.4671731e-01
  -2.0780662e-01
   2.5724947e-01
   7.2260505e-01
   1.4158126e+00
   2.1407769e+00
   2.7037246e+00
   3.0587072e+00
   3.0920360e+00
   2.8071134e+00
   2.2642875e+00
  -7.8695064e-02
  -2.7397813e-01
  -6.2960736e-01
  -4.9119696e-01
  -2.3986466e-01
  -2.7002524e-01
  -2.5203274e-01
  -7.8863208e-01
  -1.1214921e+00
  -8.1342082e-01
  -6.8765019e-01
  -4.5506516e-01
  -3.8083383e-01
  -3.8752111e-01
  -4.0563645e-01
  -3.8483419e-01
  -3.3254208e-01
  -1.8507790e-01
   2.0920487e-04
   1.6984574e-01
   3.5317206e-01
   5.4484019e-01
   6.0325078e-01
   5.4550389e-01
   7.3979782e-01
   1.1237027e+00
   1.2162365e+00
  -4.7863862e-01
  -2.6272677e-01
  -1.5133391e-01
   5.5156532e-01
   1.1319712e+00
   1.2955683e+00
   1.1054478e+00
   5.2543053e-01
  -6.2875501e-01
  -4.1917023e-01
  -1.4160390e-01
  -7.0878868e-01
  -1.0487449e+00
  -8.8391524e-01
  -2.5846867e-01
   3.3153712e-01
   6.3833795e-01
   6.8784289e-01
   5.1718107e-01
   1.8445406e-01
  -8.7409472e-02
  -9.3135822e-01
  -5.3727275e-01
  -7.6297539e-01
  -9.6577001e-01
  -6.9291753e-01
  -5.9936929e-01
  -1.3663012e+00
  -1.8324754e+00
  -1.1657296e+00
  -2.0123780e+00
  -2.0732610e+00
  -1.9856851e+00
  -1.9407649e+00
  -1.8950491e+00
  -1.8287716e+00
  -1.7043042e+00
  -1.5249000e+00
  -1.2414528e+00
  -1.0485535e+00
  -9.5508766e-01
  -8.6477143e-01
  -8.0014640e-01
  -9.0807402e-01
  -1.0505024e+00
  -5.8540130e-01
   1.1395419e-01
   4.8543400e-01
  -9.5037258e-01
  -6.3226247e-01
  -1.3989878e+00
  -4.3392083e-01
   6.2525701e-03
  -1.6229573e-01
  -6.3756621e-01
  -1.5056993e+00
  -1.7775023e+00
   4.3000782e-01
  -2.2768144e-01
  -7.5805736e-01
  -2.1510479e+00
  -2.4946878e+00
  -1.8614537e+00
  -1.5305096e+00
  -1.5955870e+00
  -1.8094702e+00
  -2.0657985e+00
  -2.2765555e+00
  -2.1222780e+00
  -2.0877719e+00
  -1.1241124e+00
  -7.9048765e-01
  -1.1685923e+00
  -1.1165335e+00
  -1.5472608e+00
  -2.6714725e+00
  -2.4763224e+00
  -1.8837311e+00
  -3.0886474e+00
  -3.4014227e+00
  -3.3650839e+00
  -3.2748857e+00
  -3.1403246e+00
  -2.9651978e+00
  -2.6997199e+00
  -2.3481603e+00
  -2.0000558e+00
  -1.8472053e+00
  -1.8389838e+00
  -1.9398212e+00
  -2.1724780e+00
  -2.5221651e+00
  -2.7257340e+00
  -2.1344681e+00
  -7.4308211e-01
  -1.7473873e-01
  -1.2753676e+00
  -6.7126542e-01
  -2.4078860e+00
  -1.4421933e+00
  -1.1282204e+00
  -1.6673963e+00
  -2.4170213e+00
  -3.1853127e+00
  -2.4074452e+00
   6.6568786e-01
  -8.5302758e-01
  -1.3693764e+00
  -2.8118937e+00
  -3.6243441e+00
  -3.1252263e+00
  -3.3324378e+00
  -3.7186053e+00
  -4.0453477e+00
  -4.3028793e+00
  -4.3582368e+00
  -3.7674704e+00
  -3.0541987e+00
  -1.9226624e+00
  -1.3243680e+00
  -1.1895348e+00
  -1.6619993e+00
  -2.8126118e+00
  -3.5178165e+00
  -3.3745644e+00
  -4.0418544e+00
  -4.1980519e+00
  -4.1322703e+00
  -4.1005168e+00
  -3.9541180e+00
  -3.7210059e+00
  -3.4479158e+00
  -3.0601001e+00
  -2.6494956e+00
  -2.3817742e+00
  -2.3752756e+00
  -2.5758131e+00
  -2.9122424e+00
  -3.3817365e+00
  -3.8701806e+00
  -4.0408597e+00
  -3.2664788e+00
  -8.9542460e-01
  -7.9491690e-02
  -7.9698384e-01
  -5.4102039e-01
  -1.4401854e+00
  -1.9600384e+00
  -2.1929524e+00
  -2.9232435e+00
  -3.7197492e+00
  -4.1469483e+00
  -3.3359663e+00
  -5.5367237e-01
  -1.0846012e+00
  -2.1961327e+00
  -3.1302631e+00
  -2.4522421e+00
  -3.6301224e+00
  -4.5935135e+00
  -5.0763035e+00
  -5.4367318e+00
  -5.6956372e+00
  -5.6042323e+00
  -4.7574534e+00
  -3.7245617e+00
  -2.5731184e+00
  -2.0491827e+00
  -1.5316207e+00
  -2.5689518e+00
  -3.0382376e+00
  -3.6927323e+00
  -3.6957107e+00
  -4.1403060e+00
  -4.2905493e+00
  -4.2738833e+00
  -4.2223606e+00
  -4.0179319e+00
  -3.7072952e+00
  -3.3559175e+00
  -2.9691212e+00
  -2.7320197e+00
  -2.7723482e+00
  -3.0410130e+00
  -3.4661658e+00
  -3.9532983e+00
  -4.4739504e+00
  -4.9042540e+00
  -4.9526610e+00
  -3.9919260e+00
  -8.1757766e-01
   3.7021330e-01
  -1.5588535e-01
  -3.4499139e-01
  -6.3165706e-01
  -2.2398317e+00
  -3.2587390e+00
  -4.0545354e+00
  -4.6651797e+00
  -4.4386449e+00
  -2.4217570e+00
  -4.4856030e-01
  -7.9384112e-01
  -1.5126184e+00
  -2.8428047e+00
  -1.1964529e+00
  -3.8800187e+00
  -5.4808431e+00
  -5.9233360e+00
  -6.2722111e+00
  -6.4829926e+00
  -6.2613482e+00
  -5.2927313e+00
  -3.9333377e+00
  -2.7841476e+00
  -2.5811259e+00
  -2.4290451e+00
  -3.1925851e+00
  -2.0160959e+00
  -3.2403217e+00
  -3.4019945e+00
  -3.5684553e+00
  -3.7011183e+00
  -3.8169573e+00
  -3.7592612e+00
  -3.5171702e+00
  -3.1904167e+00
  -2.9120423e+00
  -2.8159751e+00
  -3.0041641e+00
  -3.4258366e+00
  -3.9280834e+00
  -4.4293909e+00
  -4.8755335e+00
  -5.2721389e+00
  -5.5375441e+00
  -5.3737586e+00
  -4.3558216e+00
  -5.3442061e-01
   4.6589494e-01
   1.1964675e-01
  -1.8244294e-01
  -6.4294056e-01
  -2.7744960e+00
  -4.3148641e+00
  -4.9990104e+00
  -5.1550706e+00
  -4.0081062e+00
  -8.9102174e-01
  -1.8626320e-01
  -5.7571976e-01
  -1.1727614e+00
  -2.1618492e+00
  -1.2492716e+00
  -4.4151883e+00
  -5.9177168e+00
  -6.3076503e+00
  -6.5649902e+00
  -6.6800510e+00
  -6.3571598e+00
  -5.3654521e+00
  -3.5372477e+00
  -2.4836249e+00
  -2.4299126e+00
  -2.9402022e+00
  -2.9315398e+00
  -1.9890703e+00
  -2.4842803e+00
  -2.4286969e+00
  -2.3646700e+00
  -2.5343871e+00
  -2.7602937e+00
  -2.7491002e+00
  -2.5761738e+00
  -2.3966379e+00
  -2.4028115e+00
  -2.7930603e+00
  -3.4591358e+00
  -4.1563578e+00
  -4.7393456e+00
  -5.1553345e+00
  -5.4594879e+00
  -5.6750469e+00
  -5.7293983e+00
  -5.3345833e+00
  -3.1691327e+00
  -1.1517867e-01
   1.1007684e-01
   1.0241905e-02
  -2.5379303e-01
  -8.0672932e-01
  -3.4128544e+00
  -5.1857214e+00
  -5.5823274e+00
  -5.1845226e+00
  -3.2394168e+00
   2.8657234e-01
   6.0189791e-02
  -5.5525738e-01
  -1.0313641e+00
  -1.2063469e+00
  -2.0857005e+00
  -4.9435329e+00
  -5.9250245e+00
  -6.1880651e+00
  -6.2636662e+00
  -6.2164612e+00
  -5.8207593e+00
  -4.8472266e+00
  -2.4788353e+00
  -1.6348552e+00
  -1.5797932e+00
  -1.9526371e+00
  -2.2633653e+00
  -2.5814848e+00
  -1.7021570e+00
  -1.0085707e+00
  -8.2922661e-01
  -1.0840605e+00
  -1.4079696e+00
  -1.5199398e+00
  -1.5390648e+00
  -1.6516774e+00
  -2.0464766e+00
  -2.8279731e+00
  -3.7771037e+00
  -4.5860124e+00
  -5.1572161e+00
  -5.4885244e+00
  -5.6605167e+00
  -5.6647825e+00
  -5.4343681e+00
  -4.6505299e+00
  -1.8514802e+00
   1.0635637e-01
  -1.5208296e-01
  -1.9613087e-01
  -3.9518902e-01
  -1.1446197e+00
  -4.2875304e+00
  -5.5976658e+00
  -5.6736422e+00
  -4.8052387e+00
  -2.4621446e+00
   8.5348183e-01
   4.8977554e-01
  -4.0776750e-01
  -1.0580140e+00
  -2.2170899e+00
  -4.5725617e+00
  -5.1920743e+00
  -5.4871144e+00
  -5.5237546e+00
  -5.2949195e+00
  -5.0072837e+00
  -4.5590224e+00
  -3.6370068e+00
  -9.9527192e-01
  -4.4206297e-01
  -4.2137066e-01
  -7.2188491e-01
  -1.1584417e+00
  -1.4973245e+00
  -5.5735976e-01
   2.4000803e-01
   3.0221835e-01
  -2.5929276e-02
  -4.0896517e-01
  -6.8431735e-01
  -9.1930944e-01
  -1.3015800e+00
  -1.9650030e+00
  -2.8720059e+00
  -3.8347242e+00
  -4.6048322e+00
  -5.1308517e+00
  -5.4151711e+00
  -5.4467998e+00
  -5.2074742e+00
  -4.6073904e+00
  -3.4458203e+00
  -8.8323450e-01
   1.7931435e-01
  -2.7679166e-01
  -4.9845821e-01
  -6.4596671e-01
  -1.4781846e+00
  -4.4656343e+00
  -5.5241117e+00
  -5.3113742e+00
  -4.1497269e+00
  -1.7409272e+00
   1.8324541e+00
   1.6685592e+00
  -3.4834108e-01
  -1.7349545e+00
  -2.4428113e+00
  -3.9629107e+00
  -4.4253597e+00
  -4.6324468e+00
  -4.3248730e+00
  -3.6837387e+00
  -3.1413260e+00
  -2.7368529e+00
  -1.9386196e+00
   3.1378390e-01
   4.4027331e-01
   3.7283038e-01
   5.7894401e-02
  -3.8821437e-01
  -6.2729309e-01
  -4.9435365e-02
   3.2916384e-01
   1.7446535e-01
  -1.2165875e-01
  -4.2160517e-01
  -7.2300075e-01
  -1.0563924e+00
  -1.5274083e+00
  -2.2034332e+00
  -3.0045194e+00
  -3.7974913e+00
  -4.4333222e+00
  -4.8425615e+00
  -5.0239046e+00
  -4.8995965e+00
  -4.3875935e+00
  -3.3810758e+00
  -2.0117103e+00
  -1.4262115e-01
   2.0637864e-01
  -3.3651327e-01
  -8.0684643e-01
  -8.6749630e-01
  -1.4121234e+00
  -3.9352157e+00
  -5.0415157e+00
  -4.6353314e+00
  -3.3281378e+00
  -1.0685119e+00
   2.3441335e+00
   2.2986640e+00
  -1.5771812e-01
  -2.3717069e+00
  -2.7698368e+00
  -2.9068868e+00
  -3.1540250e+00
  -3.2462005e+00
  -2.6156205e+00
  -1.5339116e+00
  -8.0260079e-01
  -6.1713085e-01
  -1.7790380e-01
   9.7161096e-01
   5.0410172e-01
   2.6039802e-01
  -2.2163793e-01
  -7.1532939e-01
  -1.0236531e+00
  -9.9874359e-01
  -1.0800967e+00
  -1.3052023e+00
  -1.4939760e+00
  -1.6514311e+00
  -1.8333079e+00
  -2.0809304e+00
  -2.4265875e+00
  -2.8979706e+00
  -3.4580307e+00
  -3.9919448e+00
  -4.4137023e+00
  -4.6625255e+00
  -4.7182696e+00
  -4.4877622e+00
  -3.7996504e+00
  -2.4084147e+00
  -3.0863558e-01
   5.0690416e-01
   2.6260062e-01
  -4.5972350e-01
  -1.2232198e+00
  -1.2493978e+00
  -1.1325407e+00
  -3.2020247e+00
  -4.2020991e+00
  -3.6900022e+00
  -2.3259486e+00
  -3.5664268e-01
   2.5015899e+00
   2.2831847e+00
   1.6249656e-01
  -1.5229212e+00
  -1.6235871e+00
  -1.7094590e+00
  -1.4224773e+00
  -1.3246011e+00
  -4.3304833e-01
   1.0138480e+00
   1.7835032e+00
   1.5055328e+00
   1.2290350e+00
   1.0095637e+00
  -1.6445527e-01
  -6.8012802e-01
  -1.5136157e+00
  -2.2394301e+00
  -2.7534627e+00
  -3.0793640e+00
  -3.3414089e+00
  -3.5472104e+00
  -3.6830537e+00
  -3.7820079e+00
  -3.8644950e+00
  -3.9733193e+00
  -4.1126916e+00
  -4.3120864e+00
  -4.5743101e+00
  -4.8173459e+00
  -4.9665888e+00
  -4.9872206e+00
  -4.8574780e+00
  -4.5281318e+00
  -3.7752426e+00
  -2.0612396e+00
   9.1074556e-01
   1.4772422e+00
   1.0831708e+00
  -4.6259716e-01
  -2.0502299e+00
  -2.3153776e+00
  -1.1071667e+00
  -2.6323423e+00
  -2.9852187e+00
  -2.4945437e+00
  -1.1470410e+00
   3.7328275e-01
   1.6290657e+00
   1.6230628e+00
   3.0822738e-01
  -9.2944598e-01
  -1.3176966e+00
  -7.5185989e-01
   2.5220738e-01
   5.9958318e-01
   1.7068266e+00
   3.3516914e+00
   3.9391046e+00
   3.1188888e+00
   2.0540684e+00
   9.6370041e-01
  -9.6477830e-01
  -1.9061005e+00
  -3.1570523e+00
  -4.0711284e+00
  -4.6506658e+00
  -5.0160823e+00
  -5.2979546e+00
  -5.5081062e+00
  -5.6344566e+00
  -5.7214460e+00
  -5.7891407e+00
  -5.8679557e+00
  -5.9450073e+00
  -6.0276227e+00
  -6.1083379e+00
  -6.1609707e+00
  -6.1500735e+00
  -6.0481591e+00
  -5.8447585e+00
  -5.5648556e+00
  -4.9030309e+00
  -3.1295450e+00
  -3.0260110e-02
   2.1227543e+00
   1.1424679e+00
  -2.5538158e-01
  -2.9875777e+00
  -3.6666408e+00
  -1.8468324e+00
  -2.4000125e+00
  -1.5105968e+00
  -9.9924213e-01
   2.9923213e-01
   1.3474199e+00
   1.4069953e+00
   1.1991278e+00
   3.4395915e-01
  -8.5266054e-01
  -2.1707895e+00
  -1.5316029e-01
   1.3460119e+00
   2.0630150e+00
   3.4772847e+00
   5.0556555e+00
   5.1017857e+00
   3.9215078e+00
   2.4256120e+00
   1.3055480e+00
  -1.3144021e+00
  -2.8449608e+00
  -4.3267946e+00
  -5.1840118e+00
  -5.6866415e+00
  -6.0056894e+00
  -6.2285893e+00
  -6.3659164e+00
  -6.4243881e+00
  -6.4651553e+00
  -6.5144894e+00
  -6.5986883e+00
  -6.6967661e+00
  -6.7844154e+00
  -6.8384077e+00
  -6.8692695e+00
  -6.8639709e+00
  -6.8091728e+00
  -6.7198583e+00
  -6.6301195e+00
  -6.2954714e+00
  -5.1050480e+00
  -2.5813123e+00
   1.4600231e+00
   7.0349208e-01
  -3.3126329e-01
  -3.1582869e+00
  -3.5856441e+00
  -3.1028114e+00
  -1.5061788e+00
   4.1246484e-03
   9.6897728e-01
   2.5385014e+00
   2.7611124e+00
   1.7959583e+00
   1.2308105e+00
   4.0619899e-01
  -9.0604712e-01
  -1.7655510e+00
   1.3622859e+00
   2.1972551e+00
   3.0210658e+00
   4.8512329e+00
   6.5794026e+00
   5.6570371e+00
   4.1474857e+00
   2.6073279e+00
   1.1980827e+00
  -8.6639340e-01
  -3.0914425e+00
  -4.8193153e+00
  -5.5059283e+00
  -5.9102156e+00
  -6.1924569e+00
  -6.3984210e+00
  -6.5284073e+00
  -6.5623462e+00
  -6.5514023e+00
  -6.5463306e+00
  -6.6273510e+00
  -6.7905156e+00
  -6.9727536e+00
  -7.1044928e+00
  -7.1851650e+00
  -7.2238685e+00
  -7.2175361e+00
  -7.1923676e+00
  -7.2357770e+00
  -7.2796236e+00
  -6.4871799e+00
  -4.5329475e+00
  -9.3831987e-01
  -2.9786324e-01
  -1.3957749e+00
  -3.2069608e+00
  -3.0626374e+00
  -2.9687260e+00
  -5.8546232e-01
   1.2805162e+00
   2.1846969e+00
   1.7424406e+00
   1.8356270e+00
   1.2497360e+00
   8.4548934e-01
   4.3352313e-01
  -4.6017239e-01
  -8.4942831e-01
   9.7219467e-01
   2.6968934e+00
   3.4783159e+00
   4.3866820e+00
   5.4429563e+00
   5.3755911e+00
   4.0174208e+00
   2.5561444e+00
   8.7266845e-01
  -6.1202049e-01
  -3.1741617e+00
  -4.7929425e+00
  -5.3435240e+00
  -5.6972113e+00
  -5.9508677e+00
  -6.1302876e+00
  -6.2345257e+00
  -6.2610297e+00
  -6.2124572e+00
  -6.1105151e+00
  -6.0406361e+00
  -6.0987415e+00
  -6.3229980e+00
  -6.6300044e+00
  -6.9150982e+00
  -7.1434360e+00
  -7.3183331e+00
  -7.4678068e+00
  -7.7160797e+00
  -8.1650076e+00
  -7.7264080e+00
  -5.7974596e+00
  -3.2381001e+00
  -3.3980105e+00
  -4.1656179e+00
  -3.9609199e+00
  -3.6476436e+00
  -2.6370425e+00
  -1.0173023e-02
   1.7657776e+00
   1.6089832e+00
   7.6669699e-01
   7.8122848e-01
   9.0930468e-01
   4.0193182e-01
   5.0480384e-01
   2.3434873e-01
  -1.3035843e-02
   4.1676536e-03
   2.5330746e+00
   3.5222678e+00
   3.2366967e+00
   3.0780768e+00
   4.2782254e+00
   3.5391269e+00
   2.3823678e+00
   5.6891680e-01
  -6.5499109e-01
  -3.1072845e+00
  -4.5694251e+00
  -5.0303049e+00
  -5.4120150e+00
  -5.7174115e+00
  -5.9296150e+00
  -6.0443573e+00
  -6.0670428e+00
  -5.9858270e+00
  -5.7927938e+00
  -5.4916787e+00
  -5.1721940e+00
  -5.0085168e+00
  -5.0886574e+00
  -5.3927431e+00
  -5.8333902e+00
  -6.3562717e+00
  -6.9374247e+00
  -7.6398554e+00
  -8.6621170e+00
  -8.7363825e+00
  -6.5556393e+00
  -6.3657684e+00
  -7.9010439e+00
  -7.7226830e+00
  -6.2670441e+00
  -4.2586598e+00
  -2.4689186e+00
  -2.2523403e-03
   1.8172945e+00
   1.2898487e+00
   3.4809750e-01
   3.6364248e-01
   7.4380517e-01
   2.9581678e-01
   5.0999385e-01
   4.9112362e-01
  -5.6710541e-03
  -9.7226900e-01
   1.8655192e+00
   3.2423797e+00
   3.7987859e+00
   2.1108046e+00
   2.9254899e+00
   2.7802627e+00
   1.9147404e+00
   1.6841719e-01
  -1.4640707e+00
  -3.6853242e+00
  -4.4765725e+00
  -5.0189562e+00
  -5.5840082e+00
  -6.0875626e+00
  -6.4749432e+00
  -6.7269015e+00
  -6.8328185e+00
  -6.7867451e+00
  -6.6091876e+00
  -6.3017993e+00
  -5.8509955e+00
  -5.3559465e+00
  -4.9417186e+00
  -4.7338243e+00
  -4.7367110e+00
  -4.9565105e+00
  -5.4833264e+00
  -6.3504629e+00
  -7.8351784e+00
  -9.6706829e+00
  -6.7681532e+00
  -6.8353977e+00
  -7.5498638e+00
  -7.1316547e+00
  -6.1272912e+00
  -4.7945018e+00
  -3.0160000e+00
  -6.3116157e-01
   1.6246586e+00
   1.1801519e+00
   2.8401923e-01
   5.3594136e-01
   6.0668612e-01
   1.6898870e-01
   4.0140030e-01
   4.5862776e-01
   1.2268449e-01
  -9.3119431e-01
   1.1566553e+00
   2.5879521e+00
   3.2116950e+00
   1.7030447e+00
   1.9334875e+00
   2.1652641e+00
   9.4816732e-01
  -2.3179546e-01
  -4.1705873e+00
  -4.3418486e+00
  -4.5029152e+00
  -5.2178782e+00
  -6.0363964e+00
  -6.7655853e+00
  -7.3302998e+00
  -7.7299118e+00
  -7.9424829e+00
  -7.9778285e+00
  -7.8619141e+00
  -7.6378388e+00
  -7.3033266e+00
  -6.8532910e+00
  -6.2924475e+00
  -5.7064932e+00
  -5.1380118e+00
  -4.5626166e+00
  -4.1323264e+00
  -3.8826251e+00
  -3.2590980e+00
  -5.2647599e+00
  -6.3868884e+00
  -7.4591269e+00
  -8.0459657e+00
  -7.9805489e+00
  -6.9904904e+00
  -5.8338517e+00
  -4.2594044e+00
  -1.8822819e+00
   1.0898768e+00
   1.3711894e+00
   5.2983877e-01
   9.2038005e-01
   7.8590350e-01
   2.3949023e-01
   1.4147257e-01
   2.3973744e-01
  -2.4279335e-02
  -8.0878608e-01
   6.1552790e-01
   2.4058992e+00
   2.0741555e+00
   9.2813861e-01
   9.6376061e-01
   1.4010642e+00
   6.3737748e-01
  -1.8703061e-01
  -4.3241872e+00
  -4.4560904e+00
  -4.4943790e+00
  -5.3465622e+00
  -6.2967593e+00
  -7.1551152e+00
  -7.8231554e+00
  -8.3078622e+00
  -8.6030921e+00
  -8.7196740e+00
  -8.6742324e+00
  -8.4982252e+00
  -8.2271251e+00
  -7.8727746e+00
  -7.3944579e+00
  -6.7660514e+00
  -5.9520285e+00
  -4.7990498e+00
  -3.3086956e+00
  -1.7603636e+00
  -1.5154406e-01
  -2.6032042e+00
  -5.4696248e+00
  -7.3979760e+00
  -7.9215708e+00
  -7.9040003e+00
  -7.3418055e+00
  -6.5529696e+00
  -5.3317130e+00
  -3.3064140e+00
   2.8225442e-01
   1.7146041e+00
   6.8187020e-01
   6.6784857e-01
   6.2719534e-01
   3.4702652e-01
  -2.8195011e-01
  -8.4196468e-02
  -4.5485473e-01
  -1.4326604e+00
  -3.5129307e-01
   2.2521980e+00
   1.7212034e+00
   6.0681097e-01
   7.3299268e-01
   8.1080701e-01
   5.3119683e-01
  -4.1312835e-01
  -4.0474353e+00
  -4.3511348e+00
  -4.4439640e+00
  -5.2856507e+00
  -6.1668129e+00
  -7.0576091e+00
  -7.7808490e+00
  -8.3179264e+00
  -8.6739264e+00
  -8.8517933e+00
  -8.8586206e+00
  -8.7033625e+00
  -8.4235744e+00
  -8.0843048e+00
  -7.6911311e+00
  -7.1604381e+00
  -6.3393364e+00
  -4.9523406e+00
  -2.8239987e+00
  -9.0068436e-01
  -2.3240739e-01
  -1.9236679e+00
  -4.8345971e+00
  -6.9532986e+00
  -7.5340438e+00
  -7.6216602e+00
  -7.3429451e+00
  -6.8655272e+00
  -6.0833044e+00
  -4.6618671e+00
  -1.1151202e+00
   1.3551680e+00
   2.1855386e-01
   1.0203426e-01
   1.9743791e-01
   3.5513836e-01
  -1.3932629e+00
  -1.0611439e-01
  -2.9544652e-02
  -2.0637610e+00
  -1.3724486e+00
   1.2756234e+00
   1.0763745e+00
   5.9510761e-01
   6.2691259e-01
   2.3844805e-01
   5.6203824e-01
  -1.3371542e+00
  -4.4042015e+00
  -4.1916537e+00
  -4.3196354e+00
  -5.1645041e+00
  -5.6508608e+00
  -6.4476562e+00
  -7.2316155e+00
  -7.8620257e+00
  -8.3064251e+00
  -8.5461445e+00
  -8.5694962e+00
  -8.3853579e+00
  -8.0598574e+00
  -7.6875710e+00
  -7.2961702e+00
  -6.8097253e+00
  -6.0338688e+00
  -4.5984354e+00
  -2.2448208e+00
  -1.0933090e+00
  -6.9074661e-01
  -2.2488387e+00
  -4.6764627e+00
  -6.1719408e+00
  -6.7062526e+00
  -6.9094133e+00
  -6.9191875e+00
  -6.8097334e+00
  -6.5030565e+00
  -5.6965671e+00
  -3.3497133e+00
  -5.8115196e-01
  -1.0788827e+00
  -3.4220827e-01
  -1.6884623e-02
  -7.0520455e-01
  -2.3366327e+00
   8.6908937e-01
   6.3437843e-01
  -2.4402211e+00
  -2.1730499e+00
   6.8971169e-01
   7.6624095e-01
   1.2437735e+00
   6.2896562e-01
  -2.4605668e-01
   9.6669066e-01
  -1.6704706e+00
  -3.6544516e+00
  -3.9588394e+00
  -3.4812546e+00
  -2.8238923e+00
  -4.2871422e+00
  -5.3414586e+00
  -6.2026741e+00
  -6.9606887e+00
  -7.5125399e+00
  -7.8100286e+00
  -7.8379102e+00
  -7.6124807e+00
  -7.2293817e+00
  -6.8347055e+00
  -6.4640629e+00
  -6.0366099e+00
  -5.2880000e+00
  -3.7755025e+00
  -1.3910206e+00
  -3.9966099e-01
  -5.3671276e-01
  -2.7292294e+00
  -4.4876942e+00
  -5.1387890e+00
  -5.5341814e+00
  -5.8524082e+00
  -6.1758239e+00
  -6.4111535e+00
  -6.4818980e+00
  -6.0949919e+00
  -4.7613730e+00
  -1.4815010e+00
  -1.5612881e+00
  -9.4623662e-01
  -1.9275110e-01
  -2.3930566e+00
  -2.3466456e+00
   1.0551358e+00
   3.4743058e-01
  -2.6861629e+00
  -1.8793144e+00
   1.2110086e+00
   1.8408302e+00
   1.8292294e+00
   5.4060006e-02
  -4.3889076e-01
   1.2330069e+00
  -1.4774681e+00
  -2.2879510e+00
  -3.5916059e+00
  -2.7056634e+00
  -1.4749556e+00
  -2.8639286e+00
  -3.7557402e+00
  -4.6347480e+00
  -5.4870291e+00
  -6.1532259e+00
  -6.5210075e+00
  -6.5867057e+00
  -6.3766065e+00
  -5.9919820e+00
  -5.5928245e+00
  -5.2884870e+00
  -5.0330782e+00
  -4.4313283e+00
  -2.8316319e+00
  -3.0748498e-01
   5.0171685e-01
  -6.8639517e-01
  -3.5580785e+00
  -3.6962903e+00
  -3.8550024e+00
  -4.1894073e+00
  -4.6091619e+00
  -5.1292610e+00
  -5.6593637e+00
  -6.0490246e+00
  -5.9792085e+00
  -5.0123529e+00
  -1.1552193e+00
  -1.1619335e+00
  -1.9165298e+00
  -4.2816848e-01
  -3.5802271e+00
  -3.4177022e+00
  -2.2085893e-01
  -2.6486462e-01
  -2.8775210e+00
  -3.2066703e-03
   2.9620266e+00
   3.5318582e+00
   1.6430974e+00
   3.1247649e-01
   3.0644381e-01
   1.3758548e+00
  -1.5340329e+00
  -9.6049893e-01
  -1.7686439e+00
  -1.6551137e+00
  -1.0796174e+00
  -1.2307553e+00
  -1.8258888e+00
  -2.6152439e+00
  -3.4848058e+00
  -4.2481494e+00
  -4.7301235e+00
  -4.8627396e+00
  -4.6913834e+00
  -4.3335781e+00
  -3.9786139e+00
  -3.8034890e+00
  -3.7636089e+00
  -3.3871582e+00
  -1.8332579e+00
   7.2529244e-01
   7.5405645e-01
  -8.8818544e-01
  -2.4158914e+00
  -2.2953291e+00
  -2.1949916e+00
  -2.6544015e+00
  -3.2183774e+00
  -3.8338408e+00
  -4.5486650e+00
  -5.2332420e+00
  -5.5248666e+00
  -4.9063420e+00
  -2.2135425e+00
  -3.5856098e-01
  -2.6135275e+00
  -1.0572016e+00
  -3.1185758e+00
  -3.3317289e+00
  -1.0441642e+00
  -2.0628555e-01
  -1.3497247e+00
   2.8677754e+00
   4.1158128e+00
   3.4207115e+00
   1.3722259e+00
   1.9944794e+00
   1.2928196e+00
   8.5986471e-01
  -1.4456462e+00
  -2.8864831e-01
  -4.7835708e-01
  -3.3116665e-01
   2.3862156e-01
   4.4197208e-01
   1.3211676e-01
  -4.7462583e-01
  -1.2793723e+00
  -2.0485766e+00
  -2.5884576e+00
  -2.7641935e+00
  -2.6060598e+00
  -2.2892463e+00
  -2.0315995e+00
  -2.0180297e+00
  -2.2109659e+00
  -2.0892055e+00
  -7.1956968e-01
   7.1583623e-01
   4.0214068e-01
  -1.3677707e+00
  -1.1294162e+00
  -3.6477017e-01
  -2.9304454e-01
  -8.8468772e-01
  -1.6195557e+00
  -2.2517316e+00
  -3.0221357e+00
  -3.9112823e+00
  -4.5211945e+00
  -4.2643623e+00
  -3.0162134e+00
  -3.4802160e-01
  -2.1487548e+00
  -2.6552958e+00
  -1.0205182e+00
  -4.5291546e-01
  -1.1645610e+00
   3.7029289e-02
   1.4772624e+00
   2.2577236e+00
   1.7192184e+00
   1.8798037e+00
   2.2903807e+00
   2.9937754e+00
   2.0740235e+00
  -5.0671774e-01
  -1.1149478e+00
  -3.2645527e-01
   1.6436136e-01
   1.2064059e+00
   1.2947936e+00
   1.6380481e+00
   1.8603709e+00
   1.5512403e+00
   9.1121024e-01
   2.5236857e-01
  -1.8986528e-01
  -3.4320804e-01
  -1.8830499e-01
   9.9327877e-02
   2.4381860e-01
   6.6538535e-02
  -3.7761348e-01
  -5.1457471e-01
   6.9430035e-01
   1.0983114e+00
  -3.0464655e-01
  -2.6375391e+00
  -9.5272142e-01
   3.7313077e-01
   5.9752417e-01
   8.6699528e-01
   4.5498571e-01
  -2.0980161e-01
  -9.6464896e-01
  -1.9721924e+00
  -2.9419835e+00
  -3.0569332e+00
  -2.1642275e+00
  -1.3389417e+00
  -8.7690645e-01
  -2.0640373e+00
  -1.5922591e-01
   1.3326401e+00
  -6.5582585e-01
   1.2445682e-01
   2.3267519e+00
   1.1092286e+00
   7.9880792e-01
   6.2827832e-01
   1.9373538e+00
   3.5481434e+00
   2.6386261e+00
  -2.7557188e-01
  -6.9678776e-01
  -4.8408145e-01
   3.7277951e-01
   4.9342453e-01
   1.3922298e+00
   1.9367762e+00
   2.5806507e+00
   2.6373145e+00
   2.3790213e+00
   2.0052644e+00
   1.7354543e+00
   1.6897780e+00
   1.8812085e+00
   2.1284882e+00
   2.1737963e+00
   1.8493327e+00
   1.2224910e+00
   8.7034600e-01
   1.6923742e+00
   1.1164811e+00
  -3.4910618e-02
  -1.8497674e+00
  -5.5198172e-01
   3.2902425e-01
   5.9009234e-01
   1.5677515e+00
   2.0746044e+00
   1.6585302e+00
   9.7463327e-01
   7.3049371e-03
  -1.1485203e+00
  -1.7366906e+00
  -1.2585814e+00
  -1.6677146e+00
  -5.0493637e-01
   8.6554360e-01
   1.1128814e+00
   1.0276150e+00
   4.5440691e-01
   1.6000412e-01
   3.8216718e-01
   1.0064472e-01
  -3.6419924e-01
  -6.5394346e-03
   4.3381342e-01
   1.8166805e+00
   2.5993122e+00
   1.1707220e+00
  -7.9275894e-01
  -4.9443465e-01
   2.1767530e-01
   1.0835901e+00
   1.2723217e+00
   1.7013264e+00
   2.1880810e+00
   2.6492128e+00
   3.0436220e+00
   3.1954501e+00
   3.1939731e+00
   3.3177814e+00
   3.5617349e+00
   3.7650375e+00
   3.7077415e+00
   3.2475488e+00
   2.4928517e+00
   1.9273381e+00
   1.9569890e+00
   8.4824151e-01
   8.5315371e-01
  -4.5715854e-01
   2.7085934e-02
   7.0693016e-01
   9.0830946e-01
   1.5323490e+00
   3.0572484e+00
   3.1809206e+00
   2.6216102e+00
   1.7676190e+00
   6.0502267e-01
  -3.5014597e-01
  -3.2589266e-01
  -2.5740552e-01
   6.3044995e-01
   1.8908956e+00
   1.3028519e+00
   5.4114276e-01
   1.9474663e-01
  -9.3656681e-02
  -3.9943451e-01
  -1.1533003e+00
  -5.6611836e-01
  -1.1142071e-02
  -2.8983122e-01
   3.7402236e-01
   1.2803791e+00
   2.0136094e+00
  -4.4710433e-01
   1.9351703e-01
   5.7434314e-01
   2.4365399e+00
   1.1691328e+00
   9.2941022e-01
   1.1862284e+00
   2.1816781e+00
   3.1968925e+00
   3.8382704e+00
   4.1849580e+00
   4.5082669e+00
   4.7774711e+00
   4.9049892e+00
   4.7223377e+00
   4.1383123e+00
   3.2996531e+00
   2.5027070e+00
   1.0960903e+00
   7.1341574e-01
   1.1872256e+00
  -3.4957963e-01
   1.7026794e-01
   7.1650976e-01
   1.0632393e+00
   1.0693980e+00
   2.0098794e+00
   3.2812815e+00
   3.5146186e+00
   2.9385047e+00
   2.0042951e+00
   8.1298310e-01
  -2.9268184e-01
   9.1969959e-02
   1.1881183e+00
   3.7332833e-01
  -1.5336749e-01
   2.2762218e-01
  -8.7107480e-02
  -1.1355858e+00
  -2.0537450e+00
  -1.9072189e+00
  -4.5189527e-01
  -3.8587594e-01
   3.7820563e-02
   3.7840122e-01
   7.2975504e-01
   2.0366008e+00
   4.7521225e-01
   1.2027001e+00
   8.9994597e-01
   2.9065619e+00
   7.0729285e-01
   8.5819554e-01
   1.0892457e+00
   2.5320394e+00
   3.7046158e+00
   4.4642944e+00
   4.9538469e+00
   5.2982073e+00
   5.4790282e+00
   5.4506702e+00
   5.0924983e+00
   4.4056473e+00
   3.5352805e+00
   2.5931551e+00
   2.9124936e-01
   8.9700377e-01
  -4.2872384e-02
  -9.1579759e-01
  -1.1265849e-01
   4.4272661e-01
   9.2976058e-01
   1.2141628e+00
   1.0992187e+00
   1.1570225e+00
   2.3282769e+00
   3.3201480e+00
   2.8662317e+00
   1.9121906e+00
   9.7887510e-01
   1.4110036e+00
   5.7342666e-01
  -6.7260258e-02
  -1.2221880e-01
   8.0595002e-02
  -1.6660446e+00
  -1.9749659e+00
  -1.8305541e+00
  -5.7903701e-01
   8.8043582e-01
   7.1071327e-01
   8.2793868e-01
  -7.7626072e-02
   7.6939321e-01
   1.5846286e+00
   6.7200710e-01
   1.4936959e+00
   1.2997886e+00
   2.9135994e+00
   2.7851940e+00
   8.9523576e-01
   1.5265220e+00
   2.9136394e+00
   3.8912833e+00
   4.5771104e+00
   4.9485866e+00
   5.0733076e+00
   5.1014677e+00
   4.9581472e+00
   4.4907489e+00
   3.7741821e+00
   2.9614848e+00
   2.1561392e+00
   6.6377242e-01
   7.0730677e-01
  -2.8728605e-01
  -7.2988412e-01
  -2.2232183e-01
   2.9565028e-01
   6.2702085e-01
   1.0022657e+00
   1.2536481e+00
   1.0717230e+00
   1.4121857e+00
   2.5054539e+00
   2.9387664e+00
   2.5549517e+00
   2.1248963e+00
   8.0306933e-01
   1.2610994e-01
   6.9088914e-01
   9.9503624e-01
   9.2348818e-02
   8.5402402e-02
  -2.6925856e-01
   1.1626600e-01
   2.0378190e-01
   5.2945739e-01
   7.1674072e-03
   7.3375371e-01
   1.3083136e+00
   8.2608173e-01
   6.9014659e-01
   7.7999145e-01
   1.4430909e+00
   8.5871768e-01
   1.3834124e+00
   5.0845852e+00
   9.3864399e-01
   1.7702459e+00
   2.5703230e+00
   3.1741276e+00
   3.5249987e+00
   3.6982036e+00
   3.6960733e+00
   3.6184530e+00
   3.3643136e+00
   2.9331555e+00
   2.3174465e+00
   1.7933280e+00
   1.1014245e+00
  -5.5752456e-01
   8.5934865e-01
  -3.2219294e-01
  -5.9414703e-01
  -1.8869385e-01
   2.5816229e-01
   6.2349540e-01
   8.3772647e-01
   9.5098317e-01
   1.1232070e+00
   1.3982389e+00
   2.3112385e+00
   2.8106506e+00
   2.6673248e+00
   1.6243844e+00
   3.5316679e-01
   5.8380097e-01
   7.1192092e-01
   5.8768857e-01
   4.5268065e-01
   1.1898243e-01
  -8.5496046e-02
  -3.6466870e-02
   2.0777979e-01
  -7.6890126e-02
   1.4790711e-01
   7.4081290e-01
   4.1172895e-01
   2.0692794e-01
   7.3052555e-01
   3.9408821e-01
   9.3641365e-01
   4.5784518e-01
   2.0224041e-01
   4.5378051e+00
   3.0297863e+00
   2.5310757e+00
   1.1288966e+00
   9.9685061e-01
   9.4886982e-01
   9.2010498e-01
   7.4072719e-01
   6.6125348e-02
  -6.8886924e-01
  -6.7491287e-01
  -3.3195576e-01
  -3.1223491e-01
  -9.5970315e-01
  -1.5045207e+00
   9.7292155e-01
  -5.8929724e-01
  -4.9918333e-01
  -9.2034057e-02
   4.2798081e-01
   7.2940475e-01
   7.4294424e-01
   7.1790284e-01
   1.1324028e+00
   1.8056703e+00
   1.9775547e+00
   2.1277659e+00
   1.8951980e+00
   1.0051156e+00
   6.0382301e-01
   1.0179439e-01
  -1.6914703e-01
   8.9840037e-01
   4.1416791e-01
  -2.0566036e-01
  -3.9031513e-02
  -3.3106979e-02
   5.1351380e-01
  -1.9412881e-01
   1.1567087e-01
   1.4314614e-02
   1.8177056e-01
   6.2353235e-01
   9.0213615e-01
   1.3822927e-01
   1.8903966e-01
   6.5550089e-01
   1.7751235e-01
   4.4684916e+00
   4.7230988e+00
   1.3379327e+00
  -7.7053893e-01
  -1.3926268e+00
  -2.3316844e+00
  -1.7933921e+00
  -2.2005436e+00
  -2.9110589e+00
  -2.7074571e+00
  -1.6407793e+00
  -2.3586526e+00
  -2.3093245e+00
  -3.0804849e+00
   2.6928881e-01
   4.5777109e-01
  -5.6270814e-01
  -4.4692194e-01
   3.1511438e-01
   7.6559454e-01
   8.8214111e-01
   7.0936054e-01
   5.6891233e-01
   1.0499378e+00
   4.7514281e-01
  -2.1957432e-01
   1.5256362e-01
  -3.3879483e-01
  -5.2294964e-01
  -5.6873953e-01
  -4.9475086e-01
   1.8723820e-01
   6.5962410e-01
  -2.6543838e-01
  -1.9957159e-01
   6.0290560e-02
   3.4593884e-02
   1.2393296e-01
  -8.4168650e-02
  -6.9404626e-01
  -4.3227038e-01
   2.0505321e-01
   3.4225675e-01
   3.5699937e-01
  -6.3975686e-01
  -1.5307844e-02
   5.0927166e-02
  -4.0232539e-02
  -4.9914968e-01
   4.3272841e-01
  -1.4433217e+00
  -1.5921617e+00
  -1.4008003e+00
  -1.9390408e+00
  -2.3399956e+00
  -2.9774427e+00
  -2.6395714e+00
  -9.4704777e-01
  -8.7108237e-01
  -1.0096562e+00
  -1.9090174e+00
  -1.0080576e+00
   1.9946601e+00
  -2.0502038e-01
  -5.8878428e-01
   1.7014626e-01
   8.8747823e-01
   1.1591564e+00
   9.7953248e-01
   1.8824105e-01
  -2.4089208e-02
   2.0118728e-01
  -7.6088512e-01
  -8.6324853e-01
  -1.0032552e+00
  -9.3321377e-01
  -1.5570574e+00
  -1.7479043e+00
  -9.9791938e-01
  -3.9043698e-01
   2.4776690e-01
   7.2112513e-01
   3.7527198e-01
  -6.9564596e-02
  -3.0873871e-01
  -4.0252230e-01
  -4.7011456e-01
  -2.6581097e-01
   1.9241720e-02
  -5.7708240e-01
  -4.9699199e-01
  -3.3783463e-01
  -1.1722161e-02
   4.1151553e-01
  -3.6578044e-01
  -7.3044956e-01
  -9.6257385e-03
   3.7231844e-02
  -1.1279470e-01
  -3.9744741e-01
  -7.2022736e-01
  -1.8073879e-01
  -7.0684057e-01
  -3.8179800e-01
   1.0862658e+00
  -1.5230428e-01
  -1.0353186e+00
   5.0427711e-01
   6.4785576e-01
   2.1766573e-01
  -4.0679517e-01
  -5.4606521e-01
   5.1050436e-01
   1.3249365e+00
   9.7320580e-01
   7.0118266e-01
   2.2723301e-01
  -8.3022408e-02
   4.3910211e-01
  -1.3689545e-01
  -9.4059432e-01
  -1.0962209e+00
  -1.2218121e+00
   8.3613759e-01
   6.5011525e-01
  -4.0660411e-01
   5.1724441e-02
  -4.0396029e-01
  -7.6154423e-01
   1.0047376e+00
   7.4939352e-01
  -1.9024451e-01
  -6.0785997e-01
  -3.4936219e-01
   4.5788448e-02
  -5.8949802e-02
  -2.9106092e-01
  -6.2896109e-01
  -5.5514139e-01
  -2.8785643e-01
  -2.6797953e-01
  -4.4596541e-01
  -8.0830473e-01
  -1.0211484e+00
  -9.5717561e-01
  -8.4594983e-01
  -7.5461155e-01
  -6.2024236e-01
  -7.1556175e-01
  -1.0062507e+00
  -1.1092707e+00
  -1.0173503e+00
  -1.0260260e+00
  -1.0497925e+00
  -1.0481575e+00
  -1.0851047e+00
  -9.4502825e-01
  -5.4202670e-01
  -7.3564254e-02
   1.0964502e-01
   1.0614344e-01
   2.5038326e-02
  -8.0798194e-02
  -1.9268323e-01
  -2.0811886e-01
  -4.3166175e-01
  -5.8114779e-01
  -5.0211346e-01
  -5.7800114e-01
  -7.3749691e-01
  -6.2744308e-01
  -7.2160594e-02
   3.6785689e-01
   1.5952350e-01
  -4.8463097e-01
  -1.0627997e+00
  -7.0295203e-01
   7.5857408e-02
   5.5751000e-02
  -2.3619124e-01
  -2.9098174e-01
  -2.0756021e-01
  -2.7948335e-01
  -5.5675769e-01
  -8.1179589e-01
  -8.0030012e-01
  -5.8006066e-01
  -3.5952684e-01
