  4.597951e-01
  4.006782e-01
  3.954048e-01
  3.838789e-01
  3.730006e-01
  3.664533e-01
  3.536002e-01
  3.443295e-01
  3.323153e-01
  3.109822e-01
  2.939520e-01
  2.792304e-01
  2.717631e-01
  2.671088e-01
  2.609455e-01
  2.528056e-01
  2.505845e-01
  2.570148e-01
  2.593804e-01
  2.549869e-01
  2.490596e-01
  2.386943e-01
  2.259586e-01
  2.144250e-01
  2.096651e-01
  2.168627e-01
  2.338889e-01
  2.490892e-01
  2.533335e-01
  2.531298e-01
  2.480653e-01
  2.413372e-01
  2.366843e-01
  2.332626e-01
  2.326238e-01
  2.363355e-01
  2.413150e-01
  2.528087e-01
  2.699098e-01
  2.904552e-01
  3.153112e-01
  3.454000e-01
  3.810037e-01
  4.092997e-01
  4.307848e-01
  4.423525e-01
  5.223997e-01
  5.872212e-01
