   0.0000000e+00
   0.0000000e+00
   0.0000000e+00
   0.0000000e+00
   0.0000000e+00
   0.0000000e+00
   0.0000000e+00
   0.0000000e+00
   0.0000000e+00
   2.8802981e-02
   1.4325338e-02
   8.3280233e-03
  -0.0000000e+00
  -0.0000000e+00
  -0.0000000e+00
  -0.0000000e+00
   0.0000000e+00
   0.0000000e+00
  -0.0000000e+00
  -0.0000000e+00
   0.0000000e+00
   0.0000000e+00
   0.0000000e+00
   0.0000000e+00
   0.0000000e+00
  -0.0000000e+00
   1.5925244e-02
   2.3530809e-03
   2.2227745e-03
   3.6161470e-04
  -4.2548817e-03
  -0.0000000e+00
   0.0000000e+00
   0.0000000e+00
   0.0000000e+00
   0.0000000e+00
   0.0000000e+00
   0.0000000e+00
   0.0000000e+00
   0.0000000e+00
   0.0000000e+00
   0.0000000e+00
   0.0000000e+00
   0.0000000e+00
   0.0000000e+00
   0.0000000e+00
   0.0000000e+00
   0.0000000e+00
   0.0000000e+00
   0.0000000e+00
   0.0000000e+00
   0.0000000e+00
   0.0000000e+00
   0.0000000e+00
   0.0000000e+00
   0.0000000e+00
   1.7519373e-02
   2.5545647e-02
   3.6173437e-02
   4.0227499e-02
   3.9762966e-02
   3.8525444e-02
   3.2957733e-02
   2.8056484e-02
   2.7980315e-02
   2.4379248e-02
   2.2568749e-02
   2.5191490e-02
   2.2362310e-02
   1.7711311e-02
   1.5826061e-02
   1.0656512e-02
  -2.0619788e-03
   0.0000000e+00
   5.8702618e-03
   3.6897983e-03
   1.4724449e-02
   1.4613662e-02
   1.4776164e-02
   7.8779403e-03
   9.4324445e-03
   3.1674991e-03
  -1.7500980e-02
  -3.4559332e-02
  -4.9539511e-02
  -4.9775334e-02
  -1.0183430e-02
  -0.0000000e+00
   0.0000000e+00
   0.0000000e+00
   0.0000000e+00
   0.0000000e+00
   0.0000000e+00
   0.0000000e+00
   0.0000000e+00
   0.0000000e+00
   2.8397428e-02
   3.2584871e-02
   5.8108643e-02
   8.1931288e-02
   5.8588654e-02
   5.4468991e-02
   6.4839267e-02
   6.8465903e-02
   8.4563650e-02
   9.0467036e-02
   8.8292547e-02
   9.3078978e-02
   9.7837843e-02
   9.6805893e-02
   8.8021748e-02
   8.0722295e-02
   7.7050403e-02
   7.3191412e-02
   7.2493352e-02
   7.1287632e-02
   7.0933312e-02
   6.8494983e-02
   6.4914457e-02
   6.1448690e-02
   4.9524010e-02
   7.7415307e-02
   6.0992342e-02
   5.4833353e-02
   5.1755048e-02
   4.9728397e-02
   4.8608176e-02
   4.7733802e-02
   4.7320001e-02
   4.7971476e-02
   4.7203150e-02
   4.4332415e-02
   4.1542012e-02
   3.8022939e-02
   3.8311552e-02
   3.8648434e-02
   3.1264006e-02
   1.5851864e-03
  -1.5362385e-02
   9.0159748e-03
   1.8614570e-02
   3.3937017e-02
   2.8840342e-02
   1.9769748e-02
   9.0388402e-02
   9.9917963e-02
   1.1647494e-01
   1.2841563e-01
   1.2738019e-01
   1.2867773e-01
   1.2454180e-01
   1.2571551e-01
   1.3209607e-01
   1.3060531e-01
   1.2257031e-01
   1.2164219e-01
   1.2922657e-01
   1.3120426e-01
   1.2142500e-01
   1.1313671e-01
   1.0989692e-01
   1.0847367e-01
   1.0752998e-01
   1.0710229e-01
   1.0662329e-01
   1.0596099e-01
   1.0497159e-01
   1.0444205e-01
   1.1011290e-01
   1.1527744e-01
   1.1272457e-01
   9.2524342e-02
   8.4099121e-02
   8.3337732e-02
   8.4547773e-02
   8.5960731e-02
   8.8393785e-02
   9.2949286e-02
   9.9139258e-02
   1.0547345e-01
   1.1126227e-01
   1.1675880e-01
   1.2086950e-01
   1.2289163e-01
   1.2129233e-01
   1.1548202e-01
   1.0609221e-01
   9.7809881e-02
   9.7392909e-02
   1.0160195e-01
   9.2362240e-02
   8.6513363e-02
   1.4887144e-01
   1.4560948e-01
   1.4888939e-01
   1.5774992e-01
   1.5630916e-01
   1.5320636e-01
   1.3586254e-01
   1.3186494e-01
   1.3533232e-01
   1.3503903e-01
   1.2337241e-01
   1.2107343e-01
   1.2868750e-01
   1.3415734e-01
   1.2802806e-01
   1.2235701e-01
   1.2195192e-01
   1.2177653e-01
   1.2153848e-01
   1.2258945e-01
   1.2290656e-01
   1.2276855e-01
   1.2191845e-01
   1.1662895e-01
   1.1853053e-01
   1.2844146e-01
   0.0000000e+00
   8.1819177e-02
   9.0223819e-02
   9.9345110e-02
   1.0619950e-01
   1.1210571e-01
   1.1857965e-01
   1.2537481e-01
   1.3267885e-01
   1.4026722e-01
   1.4811321e-01
   1.5652449e-01
   1.6277255e-01
   1.6668664e-01
   1.6998981e-01
   1.7363425e-01
   1.7182951e-01
   1.6047886e-01
   1.5903915e-01
   1.7238401e-01
   1.6106127e-01
   1.5134977e-01
   1.6034854e-01
   1.4430155e-01
   1.3470444e-01
   1.3169526e-01
   1.2741050e-01
   1.2896763e-01
   1.0252706e-01
   9.9085030e-02
   1.0507008e-01
   1.0304842e-01
   9.7615797e-02
   1.0333901e-01
   1.1018435e-01
   1.1638121e-01
   1.1423925e-01
   1.1207167e-01
   1.1307894e-01
   1.1477673e-01
   1.1686513e-01
   1.1850721e-01
   1.1921170e-01
   1.1932167e-01
   1.1731432e-01
   1.0773095e-01
   9.0686699e-02
   0.0000000e+00
   0.0000000e+00
   5.4429061e-02
   7.6807843e-02
   9.4230380e-02
   1.0945356e-01
   1.2162837e-01
   1.3036536e-01
   1.3681652e-01
   1.4158245e-01
   1.4569152e-01
   1.4984133e-01
   1.5382679e-01
   1.5568966e-01
   1.5859060e-01
   1.6502119e-01
   1.7755233e-01
   1.8312647e-01
   1.7279241e-01
   1.8386697e-01
   1.9897200e-01
   1.8461946e-01
   1.7036377e-01
   1.5545607e-01
   1.1833272e-01
   1.0037643e-01
   1.0616822e-01
   1.0414430e-01
   0.0000000e+00
   6.7917624e-02
   6.4942241e-02
   7.1723484e-02
   7.5442606e-02
   8.4261540e-02
   8.7287730e-02
   9.2122942e-02
   9.8002970e-02
   9.8296173e-02
   9.6076213e-02
   9.5838815e-02
   9.6896507e-02
   9.9092394e-02
   1.0142510e-01
   1.0363152e-01
   1.0433649e-01
   1.0222225e-01
   9.1630116e-02
   6.4354614e-02
   0.0000000e+00
   0.0000000e+00
   3.8991552e-02
   6.2075399e-02
   7.9422541e-02
   9.7234607e-02
   1.1331309e-01
   1.2325709e-01
   1.2871896e-01
   1.3079569e-01
   1.2879419e-01
   1.2494291e-01
   1.2241335e-01
   1.1994638e-01
   1.1929177e-01
   1.2891635e-01
   1.4906590e-01
   1.5992793e-01
   1.5952089e-01
   1.8111598e-01
   1.8985447e-01
   1.7796795e-01
   1.6234073e-01
   1.1032750e-01
   0.0000000e+00
   5.5914556e-02
   5.4545875e-02
   0.0000000e+00
   0.0000000e+00
   0.0000000e+00
   3.5071667e-02
   3.8386561e-02
   4.9256496e-02
   4.6844863e-02
   6.4760263e-02
   7.0297867e-02
   7.4068919e-02
   7.4546844e-02
   7.2130807e-02
   7.0478328e-02
   6.9975175e-02
   7.0872553e-02
   7.4196763e-02
   7.7748373e-02
   7.9772279e-02
   7.8588732e-02
   6.8427823e-02
   4.4011513e-02
   0.0000000e+00
   0.0000000e+00
   2.3164716e-02
   4.1420192e-02
   5.5094592e-02
   7.3595576e-02
   9.1109991e-02
   1.0057966e-01
   1.0414460e-01
   1.0109791e-01
   8.8580608e-02
   7.4138194e-02
   6.7788154e-02
   6.8848528e-02
   6.6832244e-02
   7.8404933e-02
   1.0099563e-01
   1.1670628e-01
   1.2875718e-01
   1.4641617e-01
   1.4775148e-01
   1.3762966e-01
   1.2016418e-01
   6.1063727e-02
   0.0000000e+00
   0.0000000e+00
   0.0000000e+00
   0.0000000e+00
   0.0000000e+00
   0.0000000e+00
   1.7041668e-02
   1.8136714e-02
   2.6199153e-02
   3.4439173e-02
   4.3555196e-02
   4.8066244e-02
   4.9962293e-02
   4.9859792e-02
   4.7672290e-02
   4.5540769e-02
   4.4768278e-02
   4.5965813e-02
   4.9266376e-02
   5.2377094e-02
   5.4910202e-02
   5.4570425e-02
   4.6758585e-02
   2.9482620e-02
   0.0000000e+00
   0.0000000e+00
   1.0932533e-02
   2.8175892e-02
   3.7364580e-02
   5.2200302e-02
   6.7065135e-02
   7.3834307e-02
   7.4056700e-02
   6.5674789e-02
   4.2314943e-02
   3.5949463e-02
   2.4802713e-02
   3.2313630e-02
   3.3559781e-02
   4.5240194e-02
   6.4334795e-02
   7.9581641e-02
   9.1782361e-02
   9.9112920e-02
   9.6838251e-02
   8.8285416e-02
   7.2251879e-02
   2.2130055e-02
   0.0000000e+00
   0.0000000e+00
   0.0000000e+00
   0.0000000e+00
   0.0000000e+00
   0.0000000e+00
   1.8959081e-03
   2.7080267e-03
   8.1743263e-03
   1.5219839e-02
   2.2494489e-02
   2.4894657e-02
   2.4580864e-02
   2.3714598e-02
   2.2218261e-02
   2.1076281e-02
   2.1416016e-02
   2.3195716e-02
   2.5506495e-02
   2.7970038e-02
   3.0091956e-02
   3.0228630e-02
   2.5559230e-02
   1.7292595e-02
   0.0000000e+00
   0.0000000e+00
   4.9712436e-03
   1.5313724e-02
   2.2845531e-02
   3.4422420e-02
   4.4048272e-02
   4.5978196e-02
   4.2452633e-02
   2.9259648e-02
   6.4656928e-03
   7.7919795e-03
   9.6090032e-03
   6.9108351e-03
   8.3764400e-03
   1.8262727e-02
   3.1899616e-02
   4.3258209e-02
   5.0887953e-02
   5.2837513e-02
   4.9368601e-02
   4.1747641e-02
   2.9534725e-02
  -3.5189994e-03
   0.0000000e+00
   0.0000000e+00
   0.0000000e+00
   0.0000000e+00
   0.0000000e+00
  -0.0000000e+00
  -1.2884326e-02
  -1.1444059e-02
  -8.6068525e-03
  -4.5261721e-03
  -1.2020111e-03
  -7.5741961e-04
  -1.2413075e-03
  -1.7805280e-03
  -1.6858660e-03
  -6.0677212e-04
   1.4445387e-03
   3.0919993e-03
   4.6492827e-03
   7.0016765e-03
   8.3994852e-03
   8.1070815e-03
   6.0531235e-03
   8.8319091e-03
   1.0619063e-02
   0.0000000e+00
   0.0000000e+00
  -3.3808410e-03
   5.1177333e-03
   1.6081058e-02
   2.1129051e-02
   1.9393896e-02
   1.3544106e-02
  -1.7272897e-03
  -1.5907284e-02
   0.0000000e+00
   0.0000000e+00
  -1.0616497e-02
  -1.3352748e-02
  -6.9309761e-03
   2.7986201e-03
   9.6272264e-03
   1.2621929e-02
   1.2101867e-02
   8.1294631e-03
   1.9379808e-03
  -2.5766109e-03
  -1.5466006e-02
   0.0000000e+00
   0.0000000e+00
   0.0000000e+00
   0.0000000e+00
   0.0000000e+00
  -2.5614220e-02
  -2.3280086e-02
  -2.4958641e-02
  -2.6119068e-02
  -2.4631072e-02
  -2.3630049e-02
  -2.3609346e-02
  -2.3539178e-02
  -2.2749232e-02
  -2.0658568e-02
  -1.6906977e-02
  -1.3088498e-02
  -1.1435571e-02
  -1.0354596e-02
  -9.1637922e-03
  -9.0771448e-03
  -1.0613866e-02
  -1.0966877e-02
  -3.5367459e-03
  -2.4684950e-03
   0.0000000e+00
   0.0000000e+00
  -0.0000000e+00
  -1.3239173e-02
   1.0840595e-03
   1.9904296e-03
  -2.4760314e-03
  -1.1323079e-02
  -2.5377760e-02
  -2.1400092e-02
   0.0000000e+00
   0.0000000e+00
  -2.0662157e-02
  -2.9508257e-02
  -2.6952365e-02
  -1.9479284e-02
  -1.8194996e-02
  -1.9623786e-02
  -2.2309761e-02
  -2.6504237e-02
  -2.9938810e-02
  -2.3192074e-02
  -2.0513415e-02
  -2.0474196e-02
   0.0000000e+00
   0.0000000e+00
   0.0000000e+00
  -0.0000000e+00
  -3.3555314e-02
  -2.8992677e-02
  -4.1502725e-02
  -4.1347340e-02
  -4.1511923e-02
  -4.1056812e-02
  -4.0459078e-02
  -3.9255179e-02
  -3.6836214e-02
  -3.2067541e-02
  -2.6067836e-02
  -2.1584857e-02
  -2.0140488e-02
  -2.0176131e-02
  -2.1893904e-02
  -2.4812624e-02
  -2.8020505e-02
  -2.7729670e-02
  -1.7101562e-02
  -1.1243631e-02
   0.0000000e+00
   0.0000000e+00
  -0.0000000e+00
  -2.7802664e-02
  -1.0989456e-02
  -1.3406684e-02
  -2.0721937e-02
  -3.2411814e-02
  -4.0511005e-02
  -2.0530620e-02
   0.0000000e+00
   0.0000000e+00
  -2.6173311e-02
  -3.5522904e-02
  -3.8428922e-02
  -3.6359057e-02
  -4.2102348e-02
  -4.7478378e-02
  -5.2571703e-02
  -5.6568798e-02
  -5.5190794e-02
  -3.9563574e-02
  -3.0310931e-02
  -2.4226813e-02
  -2.7082599e-02
   0.0000000e+00
   0.0000000e+00
  -4.5689756e-02
  -3.9325465e-02
  -4.2424936e-02
  -5.1269010e-02
  -4.9907252e-02
  -4.9538866e-02
  -4.9061313e-02
  -4.7072455e-02
  -4.4092268e-02
  -3.9589509e-02
  -3.3061147e-02
  -2.7544718e-02
  -2.4674203e-02
  -2.4932329e-02
  -2.7447555e-02
  -3.1929843e-02
  -3.7520379e-02
  -4.2483062e-02
  -4.2515572e-02
  -2.4713334e-02
  -1.2086524e-02
   0.0000000e+00
   0.0000000e+00
   0.0000000e+00
  -0.0000000e+00
  -1.9582193e-02
  -2.4496008e-02
  -3.3725869e-02
  -4.6110421e-02
  -5.2910782e-02
  -4.9998755e-02
   0.0000000e+00
   0.0000000e+00
  -3.2612891e-02
  -2.7162909e-02
  -3.4244954e-02
  -4.7110073e-02
  -5.8399063e-02
  -6.6256918e-02
  -7.3595643e-02
  -7.7673577e-02
  -7.1953438e-02
  -5.1604301e-02
  -3.7617128e-02
  -2.9077696e-02
  -2.9397424e-02
  -0.0000000e+00
  -4.3899714e-02
  -4.5999997e-02
  -4.0368710e-02
  -4.4360377e-02
  -5.0381951e-02
  -4.9596172e-02
  -4.9499124e-02
  -4.8311394e-02
  -4.4940948e-02
  -4.0337373e-02
  -3.4639191e-02
  -2.9321980e-02
  -2.7380846e-02
  -2.8369069e-02
  -3.1552985e-02
  -3.6513776e-02
  -4.2605121e-02
  -4.9432676e-02
  -5.4993246e-02
  -5.4255474e-02
  -3.0268173e-02
  -1.1698053e-02
   0.0000000e+00
   0.0000000e+00
   0.0000000e+00
  -0.0000000e+00
  -2.6773889e-02
  -3.4682006e-02
  -4.4994343e-02
  -5.4825164e-02
  -5.2274436e-02
  -4.3014442e-02
   0.0000000e+00
   0.0000000e+00
  -0.0000000e+00
  -1.8411362e-02
  -3.4509479e-02
  -5.5557150e-02
  -6.9667079e-02
  -7.9294823e-02
  -8.8430166e-02
  -9.2316128e-02
  -8.2702234e-02
  -5.9914868e-02
  -3.9982158e-02
  -3.0932514e-02
  -3.2414306e-02
  -4.0076620e-02
  -3.5229787e-02
  -3.6949635e-02
  -3.5245731e-02
  -3.6468360e-02
  -3.9615477e-02
  -4.1242695e-02
  -4.2213200e-02
  -4.0583341e-02
  -3.6551534e-02
  -3.1756215e-02
  -2.7835973e-02
  -2.7531229e-02
  -3.1061990e-02
  -3.6118838e-02
  -4.1699427e-02
  -4.7798267e-02
  -5.3796173e-02
  -5.9862942e-02
  -6.4255729e-02
  -6.0949356e-02
  -4.6152943e-02
   0.0000000e+00
   0.0000000e+00
   0.0000000e+00
   0.0000000e+00
  -0.0000000e+00
  -3.4793354e-02
  -4.5447109e-02
  -5.4806286e-02
  -5.7760448e-02
  -3.8217793e-02
  -2.1961356e-02
   0.0000000e+00
   0.0000000e+00
   0.0000000e+00
  -7.1767392e-03
  -4.2743259e-02
  -6.1815567e-02
  -7.5754343e-02
  -8.5596089e-02
  -9.4696250e-02
  -9.7095977e-02
  -8.4607166e-02
  -6.1668672e-02
  -3.5498224e-02
  -2.7190886e-02
  -3.1167988e-02
  -3.2626111e-02
  -2.6776439e-02
  -2.7124438e-02
  -2.3552988e-02
  -2.2058180e-02
  -2.3842799e-02
  -2.7488118e-02
  -2.9581318e-02
  -2.8194616e-02
  -2.5063286e-02
  -2.2473788e-02
  -2.3678780e-02
  -3.0077374e-02
  -3.8548697e-02
  -4.6443846e-02
  -5.3009707e-02
  -5.8306359e-02
  -6.2404457e-02
  -6.5746836e-02
  -6.7357682e-02
  -5.7614822e-02
  -4.6648358e-02
   0.0000000e+00
   0.0000000e+00
   0.0000000e+00
   0.0000000e+00
  -0.0000000e+00
  -4.3247111e-02
  -5.5599064e-02
  -6.1224930e-02
  -5.4352425e-02
  -2.2727875e-02
  -5.3372141e-03
   0.0000000e+00
   0.0000000e+00
   0.0000000e+00
  -9.4196784e-03
  -5.3899007e-02
  -6.4671569e-02
  -7.5126953e-02
  -8.2565330e-02
  -8.8762730e-02
  -8.8602617e-02
  -7.5337037e-02
  -5.4349724e-02
  -2.3584191e-02
  -1.7147360e-02
  -1.8975612e-02
  -2.0106720e-02
  -2.4029152e-02
  -2.2715852e-02
  -1.0077996e-02
  -6.1599570e-03
  -7.9767434e-03
  -1.2661746e-02
  -1.5607653e-02
  -1.5742538e-02
  -1.5312181e-02
  -1.6920572e-02
  -2.3399977e-02
  -3.4076743e-02
  -4.5599971e-02
  -5.5318665e-02
  -6.2108539e-02
  -6.5778814e-02
  -6.6655070e-02
  -6.5208539e-02
  -6.0974449e-02
  -4.1826740e-02
  -2.6217458e-02
   0.0000000e+00
   0.0000000e+00
   0.0000000e+00
   0.0000000e+00
  -0.0000000e+00
  -5.0910398e-02
  -6.1086725e-02
  -6.0620151e-02
  -4.5392904e-02
  -1.2388444e-02
   1.9746178e-03
   0.0000000e+00
   0.0000000e+00
   0.0000000e+00
  -2.8525070e-02
  -5.4989524e-02
  -6.0801830e-02
  -6.6733822e-02
  -6.9262996e-02
  -6.9874868e-02
  -6.6623934e-02
  -5.4448180e-02
  -3.7526220e-02
  -6.9264108e-03
  -3.0249029e-03
  -3.5172633e-03
  -6.3513382e-03
  -1.3143631e-02
  -1.0722326e-02
   1.1343003e-03
   4.7908248e-03
   2.5971059e-03
  -1.7298473e-03
  -5.3377659e-03
  -7.7319350e-03
  -1.0253119e-02
  -1.5220813e-02
  -2.4141848e-02
  -3.5903055e-02
  -4.8338283e-02
  -5.8537606e-02
  -6.5410472e-02
  -6.8125561e-02
  -6.5904036e-02
  -5.8792390e-02
  -4.7002696e-02
  -2.5893974e-02
  -1.2288937e-02
   0.0000000e+00
   0.0000000e+00
   0.0000000e+00
   0.0000000e+00
   0.0000000e+00
  -5.4662844e-02
  -5.9315003e-02
  -5.2698433e-02
  -3.4327969e-02
  -5.0556026e-03
   6.4025013e-03
   0.0000000e+00
   0.0000000e+00
   0.0000000e+00
  -3.0208601e-02
  -4.7474276e-02
  -5.0257623e-02
  -5.1888980e-02
  -4.7969919e-02
  -4.2343829e-02
  -3.7099421e-02
  -2.7800439e-02
  -1.5745740e-02
   6.3944272e-03
   7.0906668e-03
   6.3098021e-03
   2.8260703e-03
  -2.1756130e-03
  -1.5015434e-03
   3.7335036e-03
   4.6568832e-03
   2.3627767e-03
  -3.4039755e-04
  -3.1908082e-03
  -6.1367810e-03
  -9.8244889e-03
  -1.5545597e-02
  -2.4101382e-02
  -3.4641287e-02
  -4.5760515e-02
  -5.5141393e-02
  -6.1409905e-02
  -6.3441116e-02
  -5.9288874e-02
  -4.8155985e-02
  -3.1093664e-02
  -1.6541036e-02
   0.0000000e+00
   0.0000000e+00
   0.0000000e+00
   0.0000000e+00
   0.0000000e+00
   0.0000000e+00
  -5.0838238e-02
  -5.1735542e-02
  -4.1442564e-02
  -2.3834347e-02
   1.5472485e-04
   9.4063853e-03
   0.0000000e+00
   0.0000000e+00
   0.0000000e+00
  -2.3709868e-02
  -3.3212571e-02
  -3.4907894e-02
  -3.2776727e-02
  -2.3137018e-02
  -1.2742715e-02
  -7.7235177e-03
  -3.2698894e-03
   3.1247173e-03
   1.0615613e-02
   7.6759611e-03
   5.1420572e-03
   3.4237492e-04
  -4.5790135e-03
  -6.7081493e-03
  -6.5463664e-03
  -7.6903151e-03
  -9.3687862e-03
  -1.0598971e-02
  -1.1885461e-02
  -1.3607812e-02
  -1.6288209e-02
  -2.0350754e-02
  -2.6471203e-02
  -3.3943212e-02
  -4.1708099e-02
  -4.8359598e-02
  -5.2545819e-02
  -5.3364042e-02
  -4.8612698e-02
  -3.6095510e-02
  -1.5646792e-02
   1.3991190e-03
   0.0000000e+00
   0.0000000e+00
   0.0000000e+00
   0.0000000e+00
   0.0000000e+00
   0.0000000e+00
  -4.2650513e-02
  -4.0939792e-02
  -2.9439967e-02
  -1.3846793e-02
   3.8999315e-03
   1.1798905e-02
   0.0000000e+00
   0.0000000e+00
   0.0000000e+00
  -1.5945853e-02
  -1.6606701e-02
  -1.5832291e-02
  -1.1545839e-02
   1.8778073e-03
   1.5075861e-02
   1.7690017e-02
   1.5468015e-02
   1.4417914e-02
   6.6324709e-03
   4.4659982e-04
  -5.1273027e-03
  -1.3630887e-02
  -2.0169094e-02
  -2.4332890e-02
  -2.6823017e-02
  -2.9066391e-02
  -3.0647721e-02
  -3.1584902e-02
  -3.2039521e-02
  -3.2499122e-02
  -3.3548361e-02
  -3.5352296e-02
  -3.8351635e-02
  -4.1959657e-02
  -4.5246030e-02
  -4.7380979e-02
  -4.7681990e-02
  -4.5890990e-02
  -4.0683168e-02
  -2.7944285e-02
  -6.3408468e-03
   1.1931777e-02
   0.0000000e+00
   0.0000000e+00
   0.0000000e+00
   0.0000000e+00
   0.0000000e+00
  -0.0000000e+00
  -3.0560748e-02
  -2.8035464e-02
  -1.7420261e-02
  -4.3366372e-03
   4.1627307e-03
   0.0000000e+00
   0.0000000e+00
   0.0000000e+00
   0.0000000e+00
  -9.6437348e-03
  -2.9157791e-03
   2.4572198e-03
   8.1985235e-03
   2.3914799e-02
   3.7952820e-02
   3.6461940e-02
   2.7047012e-02
   1.8324501e-02
   9.2283495e-04
  -8.8942996e-03
  -1.8697785e-02
  -3.1002626e-02
  -3.9009843e-02
  -4.3926917e-02
  -4.7525041e-02
  -5.0469644e-02
  -5.2104503e-02
  -5.2817363e-02
  -5.2884061e-02
  -5.3001478e-02
  -5.3571433e-02
  -5.4416355e-02
  -5.5579424e-02
  -5.6608904e-02
  -5.7041727e-02
  -5.6378826e-02
  -5.4521136e-02
  -5.2195415e-02
  -4.8789177e-02
  -3.7726764e-02
  -1.5760319e-02
   5.1035754e-03
   1.1064200e-02
   0.0000000e+00
   0.0000000e+00
   0.0000000e+00
  -0.0000000e+00
  -2.9536901e-02
  -1.8800311e-02
  -1.3254984e-02
  -3.8301381e-03
   5.9967488e-03
   9.2661701e-03
   0.0000000e+00
   0.0000000e+00
   0.0000000e+00
   0.0000000e+00
  -7.5728131e-03
   4.2255721e-03
   1.4440201e-02
   2.2930657e-02
   4.3142371e-02
   5.5388361e-02
   4.6821643e-02
   3.1325117e-02
   1.8148925e-02
   0.0000000e+00
  -0.0000000e+00
  -0.0000000e+00
  -4.1043422e-02
  -4.8175098e-02
  -5.2516771e-02
  -5.5565026e-02
  -5.7342701e-02
  -5.7612070e-02
  -5.7154246e-02
  -5.6415775e-02
  -5.6219836e-02
  -5.6911804e-02
  -5.8057763e-02
  -5.9246015e-02
  -6.0273413e-02
  -6.0993709e-02
  -6.1033260e-02
  -6.0573593e-02
  -6.0391385e-02
  -6.0226091e-02
  -5.4014881e-02
  -3.5602580e-02
  -5.1290573e-03
   1.1064200e-02
   0.0000000e+00
   0.0000000e+00
   0.0000000e+00
  -2.8263801e-02
  -2.4039608e-02
  -5.9482383e-03
   2.1923552e-03
   1.3583859e-02
   2.0596822e-02
   1.4170941e-02
   0.0000000e+00
   0.0000000e+00
   0.0000000e+00
   0.0000000e+00
   0.0000000e+00
   1.5595973e-02
   2.1432343e-02
   3.0572388e-02
   6.2124033e-02
   7.2522155e-02
   5.1394233e-02
   3.0298226e-02
   1.8484181e-02
   0.0000000e+00
  -0.0000000e+00
  -0.0000000e+00
  -4.4756072e-02
  -5.0544096e-02
  -5.4486618e-02
  -5.7492488e-02
  -5.9321411e-02
  -5.9507314e-02
  -5.8485069e-02
  -5.6767844e-02
  -5.5722468e-02
  -5.6439162e-02
  -5.8577270e-02
  -6.1058514e-02
  -6.3143969e-02
  -6.4818538e-02
  -6.5898448e-02
  -6.6638641e-02
  -6.8070106e-02
  -7.1767575e-02
  -7.0777832e-02
  -5.1845298e-02
  -2.3098649e-02
  -7.3908666e-03
   0.0000000e+00
   0.0000000e+00
   0.0000000e+00
  -2.8718096e-02
  -1.7355088e-02
   3.7004315e-03
   1.2586425e-02
   1.6699607e-02
   0.0000000e+00
   0.0000000e+00
   0.0000000e+00
   0.0000000e+00
   0.0000000e+00
   0.0000000e+00
   0.0000000e+00
   2.8661307e-02
   2.7491924e-02
   2.9793548e-02
   2.8465186e-02
   7.2866147e-02
   5.2323521e-02
   2.6534888e-02
   1.5768248e-02
   0.0000000e+00
  -0.0000000e+00
  -3.6726750e-02
  -4.6107940e-02
  -5.1530413e-02
  -5.5833526e-02
  -5.9266478e-02
  -6.1589941e-02
  -6.2378798e-02
  -6.1578244e-02
  -5.9022661e-02
  -5.5785514e-02
  -5.3979967e-02
  -5.4970033e-02
  -5.8387961e-02
  -6.2619090e-02
  -6.6730008e-02
  -7.0351392e-02
  -7.3656514e-02
  -7.8104250e-02
  -8.8258214e-02
  -9.7917974e-02
  -7.4650072e-02
  -4.1875266e-02
  -2.8529022e-02
   0.0000000e+00
   0.0000000e+00
  -0.0000000e+00
  -2.9622238e-02
  -1.2684143e-02
   7.7187787e-03
   1.2515753e-02
   1.6699607e-02
   0.0000000e+00
   0.0000000e+00
   0.0000000e+00
   0.0000000e+00
   0.0000000e+00
   0.0000000e+00
   0.0000000e+00
   0.0000000e+00
   3.2806858e-02
   2.6449502e-02
   1.8157391e-02
   5.3284474e-02
   4.7221590e-02
   2.2430699e-02
   1.5360256e-02
   0.0000000e+00
  -0.0000000e+00
  -3.8559970e-02
  -4.6937637e-02
  -5.2464373e-02
  -5.7897091e-02
  -6.2767819e-02
  -6.6531070e-02
  -6.8833739e-02
  -6.9131725e-02
  -6.6661745e-02
  -6.1050173e-02
  -5.3573113e-02
  -4.7427502e-02
  -4.5208264e-02
  -4.6978954e-02
  -5.1642831e-02
  -5.8137622e-02
  -6.6592284e-02
  -7.7904344e-02
  -9.7617283e-02
  -1.2405862e-01
  -1.0099702e-01
  -6.3497394e-02
  -6.1821893e-02
   0.0000000e+00
   0.0000000e+00
  -4.6383568e-02
  -3.4051519e-02
  -1.4439203e-02
   6.7226798e-03
   1.2846460e-02
   0.0000000e+00
   0.0000000e+00
   0.0000000e+00
   0.0000000e+00
   0.0000000e+00
   0.0000000e+00
   0.0000000e+00
   0.0000000e+00
   0.0000000e+00
   3.2390878e-02
   2.8904185e-02
   2.7731456e-02
   3.2695579e-02
   3.7455101e-02
   1.9346256e-02
   1.6721346e-02
   0.0000000e+00
  -0.0000000e+00
  -4.3282256e-02
  -5.0419983e-02
  -5.7566438e-02
  -6.5915890e-02
  -7.4209578e-02
  -8.1614763e-02
  -8.7298341e-02
  -9.0265140e-02
  -8.9872599e-02
  -8.5547462e-02
  -7.6914184e-02
  -6.5349266e-02
  -5.4214619e-02
  -4.6584662e-02
  -4.3271434e-02
  -4.3304019e-02
  -4.7494538e-02
  -5.7281654e-02
  -7.5435527e-02
  -1.1450969e-01
  -1.1553460e-01
  -7.2327390e-02
  -9.0021908e-02
  -9.4102265e-02
  -7.4055320e-02
  -5.8747232e-02
  -4.5054529e-02
  -2.3881525e-02
   1.7602989e-03
   1.3033888e-02
   0.0000000e+00
   0.0000000e+00
   0.0000000e+00
   0.0000000e+00
   0.0000000e+00
   0.0000000e+00
   0.0000000e+00
   0.0000000e+00
   0.0000000e+00
   2.8462477e-02
   2.4910527e-02
   2.8749663e-02
   0.0000000e+00
   2.7716935e-02
   1.6404236e-02
   1.6866928e-02
  -0.0000000e+00
  -5.3785408e-02
  -4.8194754e-02
  -5.4136794e-02
  -6.3368980e-02
  -7.5168867e-02
  -8.7468719e-02
  -9.9242626e-02
  -1.0895894e-01
  -1.1502755e-01
  -1.1693843e-01
  -1.1489104e-01
  -1.0902166e-01
  -9.9032043e-02
  -8.5643319e-02
  -7.1305443e-02
  -5.8532096e-02
  -4.6987581e-02
  -3.7378507e-02
  -3.2786312e-02
  -3.0369949e-02
  -3.9299843e-02
  -8.8703326e-02
  -8.2004776e-02
  -9.9203592e-02
  -1.0485295e-01
  -9.2357924e-02
  -7.6061156e-02
  -6.1109569e-02
  -3.8953273e-02
  -8.4375372e-03
   1.1873947e-02
   0.0000000e+00
   0.0000000e+00
   0.0000000e+00
   0.0000000e+00
   0.0000000e+00
   0.0000000e+00
   0.0000000e+00
   0.0000000e+00
   0.0000000e+00
   2.9795044e-02
   2.5617129e-02
   0.0000000e+00
   0.0000000e+00
   1.8995673e-02
   9.9005957e-03
   0.0000000e+00
  -0.0000000e+00
  -5.8103227e-02
  -5.0603663e-02
  -5.5475534e-02
  -6.5870724e-02
  -7.9417063e-02
  -9.4545301e-02
  -1.0934664e-01
  -1.2192806e-01
  -1.3069396e-01
  -1.3496524e-01
  -1.3488336e-01
  -1.3083202e-01
  -1.2308811e-01
  -1.1166337e-01
  -9.6728403e-02
  -7.9644358e-02
  -6.0213719e-02
  -3.8110747e-02
  -1.9495513e-02
  -7.6152710e-03
  -8.7856209e-03
  -5.6330914e-02
  -8.2748627e-02
  -9.9963728e-02
  -1.0744123e-01
  -9.9638696e-02
  -8.7743250e-02
  -7.5418806e-02
  -5.6248561e-02
  -2.4537540e-02
   9.6991637e-03
   0.0000000e+00
   0.0000000e+00
   0.0000000e+00
   0.0000000e+00
   0.0000000e+00
   0.0000000e+00
   0.0000000e+00
   0.0000000e+00
   0.0000000e+00
   0.0000000e+00
   2.7375532e-02
   0.0000000e+00
   0.0000000e+00
   1.2457074e-02
   8.3089720e-03
   0.0000000e+00
  -0.0000000e+00
  -5.8152881e-02
  -5.1586520e-02
  -5.5341981e-02
  -6.5076955e-02
  -7.7567749e-02
  -9.3454950e-02
  -1.0903475e-01
  -1.2253292e-01
  -1.3272089e-01
  -1.3862857e-01
  -1.3992073e-01
  -1.3656579e-01
  -1.2943253e-01
  -1.1956918e-01
  -1.0654656e-01
  -8.9766711e-02
  -6.7882791e-02
  -3.9617855e-02
  -1.4363481e-02
  -3.9906674e-03
  -2.8597376e-03
  -0.0000000e+00
  -7.5030290e-02
  -9.0377212e-02
  -9.8611563e-02
  -9.5011123e-02
  -8.9999549e-02
  -8.4228590e-02
  -7.3493749e-02
  -4.8172526e-02
  -1.1721593e-02
   0.0000000e+00
   0.0000000e+00
   0.0000000e+00
   0.0000000e+00
   0.0000000e+00
   0.0000000e+00
   0.0000000e+00
   0.0000000e+00
   0.0000000e+00
   0.0000000e+00
   1.9734484e-02
   0.0000000e+00
   0.0000000e+00
   0.0000000e+00
   0.0000000e+00
   0.0000000e+00
  -0.0000000e+00
  -5.9801124e-02
  -5.1974364e-02
  -5.2545927e-02
  -6.0357835e-02
  -7.0294254e-02
  -8.5081704e-02
  -1.0012775e-01
  -1.1362746e-01
  -1.2413646e-01
  -1.3041361e-01
  -1.3153732e-01
  -1.2739815e-01
  -1.1972082e-01
  -1.1010709e-01
  -9.8418385e-02
  -8.3832584e-02
  -6.3652642e-02
  -3.4967184e-02
  -1.0274412e-02
  -6.9083657e-03
  -0.0000000e+00
  -0.0000000e+00
  -6.3421257e-02
  -7.4611448e-02
  -8.1172809e-02
  -8.1842534e-02
  -8.3210923e-02
  -8.5423559e-02
  -8.5499160e-02
  -7.4420333e-02
  -6.1520815e-02
   0.0000000e+00
   0.0000000e+00
   0.0000000e+00
   0.0000000e+00
   0.0000000e+00
   0.0000000e+00
   0.0000000e+00
   0.0000000e+00
   0.0000000e+00
  -7.8433885e-04
   1.1434398e-02
   0.0000000e+00
   0.0000000e+00
   0.0000000e+00
   0.0000000e+00
   0.0000000e+00
  -0.0000000e+00
  -6.1482275e-02
  -5.0130469e-02
  -3.9891640e-02
  -5.1730722e-02
  -5.7109096e-02
  -7.0016748e-02
  -8.3786642e-02
  -9.6593287e-02
  -1.0643969e-01
  -1.1199133e-01
  -1.1212541e-01
  -1.0700931e-01
  -9.9214266e-02
  -9.0645362e-02
  -8.1041192e-02
  -6.9478951e-02
  -5.1947189e-02
  -2.5672248e-02
  -4.8101716e-03
  -4.9486277e-03
   0.0000000e+00
  -3.8309498e-02
  -5.1464112e-02
  -5.7596479e-02
  -6.1807700e-02
  -6.5832488e-02
  -7.1803844e-02
  -7.9572825e-02
  -8.7059584e-02
  -8.6842072e-02
  -8.1499235e-02
   0.0000000e+00
   0.0000000e+00
   0.0000000e+00
   0.0000000e+00
   0.0000000e+00
   0.0000000e+00
   0.0000000e+00
   0.0000000e+00
   0.0000000e+00
   4.0818000e-03
   1.6076259e-02
   0.0000000e+00
   0.0000000e+00
   0.0000000e+00
   0.0000000e+00
   0.0000000e+00
   0.0000000e+00
  -0.0000000e+00
  -4.7308251e-02
  -2.7816110e-02
  -3.2446782e-02
  -3.7754457e-02
  -4.8222054e-02
  -6.0268495e-02
  -7.2029866e-02
  -8.1062526e-02
  -8.6038463e-02
  -8.5948363e-02
  -8.1318364e-02
  -7.4562669e-02
  -6.8296559e-02
  -6.2744036e-02
  -5.5872597e-02
  -4.0874008e-02
  -1.5814379e-02
   6.6905320e-04
  -1.5890189e-03
  -0.0000000e+00
  -3.7459731e-02
  -3.9308552e-02
  -4.2782370e-02
  -4.5386709e-02
  -5.0352596e-02
  -5.8577031e-02
  -6.9678336e-02
  -8.1054620e-02
  -8.5514262e-02
  -7.0565609e-02
   0.0000000e+00
   0.0000000e+00
   0.0000000e+00
   0.0000000e+00
   0.0000000e+00
   0.0000000e+00
   0.0000000e+00
   0.0000000e+00
   0.0000000e+00
   2.4130450e-02
   2.5753213e-02
   0.0000000e+00
   0.0000000e+00
   0.0000000e+00
   0.0000000e+00
   0.0000000e+00
   0.0000000e+00
  -0.0000000e+00
  -3.1838845e-02
  -1.1006381e-02
  -5.7173597e-03
  -1.1341301e-02
  -2.0477450e-02
  -3.1411193e-02
  -4.2855807e-02
  -5.2183278e-02
  -5.7518113e-02
  -5.7582915e-02
  -5.3473100e-02
  -4.7898188e-02
  -4.4469118e-02
  -4.3878399e-02
  -4.2193752e-02
  -3.0716075e-02
  -6.5380353e-03
   7.6206061e-03
   0.0000000e+00
  -0.0000000e+00
  -2.7540340e-02
  -2.6799440e-02
  -2.9959790e-02
  -3.1524576e-02
  -3.5795659e-02
  -4.3904088e-02
  -5.6146409e-02
  -7.0332572e-02
  -7.8729436e-02
  -6.2647203e-02
  -4.3320576e-02
   0.0000000e+00
   0.0000000e+00
   0.0000000e+00
   0.0000000e+00
   0.0000000e+00
   0.0000000e+00
   0.0000000e+00
   0.0000000e+00
   3.9529086e-02
   3.2992835e-02
   0.0000000e+00
   0.0000000e+00
   0.0000000e+00
   0.0000000e+00
   0.0000000e+00
   0.0000000e+00
   0.0000000e+00
  -0.0000000e+00
   1.1122586e-02
   1.8961243e-02
   1.8973915e-02
   1.1543206e-02
   7.0464227e-04
  -1.1422049e-02
  -2.1172745e-02
  -2.6643202e-02
  -2.6444063e-02
  -2.2191418e-02
  -1.7614070e-02
  -1.6856618e-02
  -2.0691745e-02
  -2.4786612e-02
  -1.8239973e-02
   8.0060156e-04
   7.2023252e-03
   0.0000000e+00
   0.0000000e+00
  -0.0000000e+00
  -1.0033906e-02
  -1.3432740e-02
  -1.6709102e-02
  -2.0557333e-02
  -2.7161926e-02
  -3.8396161e-02
  -5.3060994e-02
  -6.3921027e-02
  -5.7485212e-02
  -4.7258459e-02
   0.0000000e+00
   0.0000000e+00
   0.0000000e+00
  -3.3549689e-03
  -1.8777081e-03
   0.0000000e+00
   0.0000000e+00
   3.6438085e-02
   4.1875999e-02
   0.0000000e+00
   0.0000000e+00
   0.0000000e+00
   0.0000000e+00
   0.0000000e+00
   0.0000000e+00
   0.0000000e+00
   0.0000000e+00
   0.0000000e+00
   2.6598293e-02
   3.6420885e-02
   4.8137832e-02
   4.8258275e-02
   3.8410798e-02
   2.5554318e-02
   1.5525186e-02
   1.0728959e-02
   1.1388975e-02
   1.5931491e-02
   1.9559404e-02
   1.7647592e-02
   9.2408601e-03
  -1.3780885e-03
  -9.8079874e-04
   1.3216617e-02
   1.4376235e-02
   0.0000000e+00
   0.0000000e+00
   0.0000000e+00
   0.0000000e+00
   9.0776448e-03
   8.0060074e-03
   1.1635791e-03
  -5.7643875e-03
  -1.5732849e-02
  -2.9907405e-02
  -4.2529024e-02
  -4.0023457e-02
  -2.8834683e-02
  -2.2940667e-02
   0.0000000e+00
  -0.0000000e+00
   1.0152042e-02
   1.8204732e-03
  -8.4848702e-03
   7.2089442e-03
   0.0000000e+00
   0.0000000e+00
   0.0000000e+00
   0.0000000e+00
   0.0000000e+00
   0.0000000e+00
   0.0000000e+00
   0.0000000e+00
   0.0000000e+00
   0.0000000e+00
   0.0000000e+00
   2.3780558e-02
   3.6139276e-02
   5.7417318e-02
   6.8610367e-02
   6.5841701e-02
   5.8637004e-02
   5.0912242e-02
   4.7082200e-02
   4.8160239e-02
   5.2412014e-02
   5.4498031e-02
   4.9932960e-02
   3.7503494e-02
   2.1412966e-02
   1.5788485e-02
   2.1448740e-02
   0.0000000e+00
   0.0000000e+00
   0.0000000e+00
   0.0000000e+00
   0.0000000e+00
   0.0000000e+00
   2.8924953e-02
   2.6608878e-02
   1.8170037e-02
   7.5397226e-03
  -6.4224861e-03
  -2.1065704e-02
  -2.2841446e-02
  -2.4618244e-02
  -2.2940666e-02
   1.9059667e-02
   9.6766807e-03
   1.2539184e-02
   0.0000000e+00
  -0.0000000e+00
   7.2089435e-03
   0.0000000e+00
   0.0000000e+00
   0.0000000e+00
   0.0000000e+00
   0.0000000e+00
   0.0000000e+00
   0.0000000e+00
   0.0000000e+00
   0.0000000e+00
   0.0000000e+00
   0.0000000e+00
   0.0000000e+00
   3.3574093e-02
   4.7243141e-02
   6.2558174e-02
   7.3678248e-02
   8.0651350e-02
   8.0078997e-02
   7.9179272e-02
   8.1790656e-02
   8.5507199e-02
   8.5502759e-02
   7.7238515e-02
   6.0799096e-02
   4.0631309e-02
   2.7791964e-02
   2.6019883e-02
   0.0000000e+00
   0.0000000e+00
   0.0000000e+00
   0.0000000e+00
   0.0000000e+00
   0.0000000e+00
   4.0469609e-02
   4.8079219e-02
   4.4084627e-02
   3.2114759e-02
   1.7360240e-02
   7.4951508e-04
  -8.1807682e-03
  -8.3286038e-03
   0.0000000e+00
   1.9194224e-02
   1.6760033e-02
   1.3237760e-02
   0.0000000e+00
   0.0000000e+00
   0.0000000e+00
   0.0000000e+00
   0.0000000e+00
   0.0000000e+00
   0.0000000e+00
   0.0000000e+00
   0.0000000e+00
   0.0000000e+00
   0.0000000e+00
   0.0000000e+00
   0.0000000e+00
   0.0000000e+00
   0.0000000e+00
   0.0000000e+00
   2.6450290e-02
   4.4648170e-02
   7.1676977e-02
   9.1958120e-02
   9.9431641e-02
   1.0363588e-01
   1.0877378e-01
   1.1107765e-01
   1.0740879e-01
   9.4842851e-02
   7.4539363e-02
   5.1896304e-02
   3.0534111e-02
   1.9303951e-02
   0.0000000e+00
   0.0000000e+00
   0.0000000e+00
   0.0000000e+00
   0.0000000e+00
   0.0000000e+00
   0.0000000e+00
   5.4195540e-02
   5.6891016e-02
   5.1188540e-02
   3.9581344e-02
   2.2137418e-02
   2.9419486e-03
  -6.2775459e-03
   0.0000000e+00
   1.9404935e-02
  -2.5644772e-03
   1.0082902e-02
   0.0000000e+00
  -0.0000000e+00
  -3.4653968e-02
  -3.7450210e-02
  -2.8384543e-02
   0.0000000e+00
   0.0000000e+00
   0.0000000e+00
   0.0000000e+00
   0.0000000e+00
   0.0000000e+00
   0.0000000e+00
   0.0000000e+00
   0.0000000e+00
   0.0000000e+00
   0.0000000e+00
   1.8380207e-02
   4.6623565e-02
   7.9861499e-02
   1.0539225e-01
   1.1747402e-01
   1.2360337e-01
   1.2598760e-01
   1.2364267e-01
   1.1463988e-01
   9.7426265e-02
   7.5135052e-02
   5.2464288e-02
   2.6218057e-02
   7.6720521e-03
   0.0000000e+00
   0.0000000e+00
   0.0000000e+00
   0.0000000e+00
   0.0000000e+00
   0.0000000e+00
   0.0000000e+00
   0.0000000e+00
   0.0000000e+00
   5.5088671e-02
   5.6509890e-02
   4.1812878e-02
   2.3097109e-02
   1.9223689e-02
   2.1110624e-02
   0.0000000e+00
  -0.0000000e+00
   0.0000000e+00
  -0.0000000e+00
  -0.0000000e+00
  -3.1433909e-02
  -2.9631207e-02
  -2.5410182e-02
   0.0000000e+00
   0.0000000e+00
   0.0000000e+00
   0.0000000e+00
   0.0000000e+00
   0.0000000e+00
   0.0000000e+00
   0.0000000e+00
   0.0000000e+00
   0.0000000e+00
   0.0000000e+00
   3.2320879e-02
   5.6720662e-02
   8.3162049e-02
   1.0650972e-01
   1.2041051e-01
   1.2274756e-01
   1.1652659e-01
   1.0776738e-01
   9.5183443e-02
   7.7554637e-02
   5.8083485e-02
   3.9392957e-02
   2.0816228e-02
   1.0166966e-02
   0.0000000e+00
   0.0000000e+00
   0.0000000e+00
   0.0000000e+00
   0.0000000e+00
   0.0000000e+00
   0.0000000e+00
   0.0000000e+00
   0.0000000e+00
   4.5816453e-02
   6.3756175e-02
   5.7790867e-02
   4.3228065e-02
   3.0534403e-02
   0.0000000e+00
   0.0000000e+00
   0.0000000e+00
   0.0000000e+00
   0.0000000e+00
   0.0000000e+00
  -1.1884108e-02
  -1.1728045e-02
   0.0000000e+00
   0.0000000e+00
   0.0000000e+00
   0.0000000e+00
   0.0000000e+00
   0.0000000e+00
   0.0000000e+00
   0.0000000e+00
   0.0000000e+00
   0.0000000e+00
   0.0000000e+00
   0.0000000e+00
   3.7863065e-02
   5.7282493e-02
   6.8051010e-02
   8.2649447e-02
   9.0516582e-02
   8.9319907e-02
   8.0094270e-02
   6.8755254e-02
   5.6931715e-02
   4.3731656e-02
   3.0552477e-02
   1.8045576e-02
   6.0486200e-03
   7.7367313e-03
   0.0000000e+00
   0.0000000e+00
   0.0000000e+00
   0.0000000e+00
   0.0000000e+00
   0.0000000e+00
   0.0000000e+00
   0.0000000e+00
   0.0000000e+00
   6.1086947e-02
   6.9752328e-02
   6.5530948e-02
   5.0565500e-02
   3.7075800e-02
   0.0000000e+00
   0.0000000e+00
   0.0000000e+00
   0.0000000e+00
   0.0000000e+00
   0.0000000e+00
   0.0000000e+00
   0.0000000e+00
   0.0000000e+00
   0.0000000e+00
   0.0000000e+00
   0.0000000e+00
   0.0000000e+00
   0.0000000e+00
   0.0000000e+00
   0.0000000e+00
   0.0000000e+00
   0.0000000e+00
   0.0000000e+00
   0.0000000e+00
   9.1157399e-02
   4.8097370e-02
   2.6055942e-02
   2.3429889e-02
   2.5843557e-02
   2.2203835e-02
   9.7062122e-03
  -1.3648017e-02
  -2.0439306e-02
  -1.2448832e-02
  -1.1873324e-02
  -1.5600232e-02
  -2.0574480e-02
   0.0000000e+00
   0.0000000e+00
   0.0000000e+00
   0.0000000e+00
   0.0000000e+00
   0.0000000e+00
   0.0000000e+00
   0.0000000e+00
   0.0000000e+00
   4.9115807e-02
   5.9960622e-02
   5.5586826e-02
   5.2537445e-02
   4.0869821e-02
   2.8614445e-02
   0.0000000e+00
  -0.0000000e+00
   0.0000000e+00
   0.0000000e+00
   0.0000000e+00
   0.0000000e+00
   0.0000000e+00
   0.0000000e+00
   0.0000000e+00
   0.0000000e+00
   0.0000000e+00
   0.0000000e+00
   0.0000000e+00
   0.0000000e+00
   0.0000000e+00
   0.0000000e+00
   0.0000000e+00
   0.0000000e+00
   0.0000000e+00
   0.0000000e+00
   9.6677810e-02
   1.4695237e-02
  -3.1246571e-02
  -4.6810178e-02
  -3.7504338e-02
  -3.8706984e-02
  -4.8601173e-02
  -6.5095920e-02
  -6.6322028e-02
  -4.4804873e-02
  -4.3237004e-02
  -4.3147102e-02
  -4.3592614e-02
   0.0000000e+00
   0.0000000e+00
   0.0000000e+00
   0.0000000e+00
   0.0000000e+00
   0.0000000e+00
   0.0000000e+00
   0.0000000e+00
   0.0000000e+00
   3.0376627e-02
   2.9427016e-02
   1.6162809e-02
  -2.2107840e-03
   4.8829729e-04
  -1.6542341e-02
  -1.8324254e-02
  -8.5128250e-03
   0.0000000e+00
   0.0000000e+00
   0.0000000e+00
   0.0000000e+00
   0.0000000e+00
   0.0000000e+00
   0.0000000e+00
   0.0000000e+00
   0.0000000e+00
   0.0000000e+00
   0.0000000e+00
   0.0000000e+00
   0.0000000e+00
   0.0000000e+00
   0.0000000e+00
   0.0000000e+00
   0.0000000e+00
   0.0000000e+00
  -0.0000000e+00
  -2.3931791e-02
   0.0000000e+00
  -0.0000000e+00
  -5.5882545e-02
  -5.2942555e-02
  -6.1933493e-02
   0.0000000e+00
   0.0000000e+00
   0.0000000e+00
   0.0000000e+00
   0.0000000e+00
   0.0000000e+00
   0.0000000e+00
   0.0000000e+00
   0.0000000e+00
   0.0000000e+00
   0.0000000e+00
   0.0000000e+00
   0.0000000e+00
   0.0000000e+00
   0.0000000e+00
  -3.8769675e-04
   0.0000000e+00
   0.0000000e+00
  -0.0000000e+00
  -0.0000000e+00
  -4.6825637e-02
  -2.2445422e-02
  -6.8326232e-03
   0.0000000e+00
   0.0000000e+00
   0.0000000e+00
   0.0000000e+00
   0.0000000e+00
   0.0000000e+00
   0.0000000e+00
   0.0000000e+00
   0.0000000e+00
   0.0000000e+00
   0.0000000e+00
   0.0000000e+00
   0.0000000e+00
   0.0000000e+00
   0.0000000e+00
   0.0000000e+00
   0.0000000e+00
   0.0000000e+00
   0.0000000e+00
   0.0000000e+00
   0.0000000e+00
   0.0000000e+00
   0.0000000e+00
   0.0000000e+00
  -0.0000000e+00
  -0.0000000e+00
   0.0000000e+00
   0.0000000e+00
   0.0000000e+00
  -0.0000000e+00
  -0.0000000e+00
  -0.0000000e+00
   0.0000000e+00
   0.0000000e+00
   0.0000000e+00
   0.0000000e+00
   0.0000000e+00
   0.0000000e+00
   0.0000000e+00
   4.3129716e-03
  -1.9406229e-03
   0.0000000e+00
   0.0000000e+00
   0.0000000e+00
   0.0000000e+00
  -0.0000000e+00
  -7.6418149e-03
   5.1897707e-04
  -1.5518966e-03
   0.0000000e+00
   0.0000000e+00
   0.0000000e+00
   0.0000000e+00
   0.0000000e+00
   0.0000000e+00
   0.0000000e+00
   0.0000000e+00
   0.0000000e+00
   0.0000000e+00
   0.0000000e+00
   0.0000000e+00
  -0.0000000e+00
  -0.0000000e+00
  -0.0000000e+00
  -0.0000000e+00
  -0.0000000e+00
  -0.0000000e+00
  -1.4679915e-02
  -1.4684188e-02
  -2.3223551e-02
  -2.5159533e-02
  -2.2004935e-02
  -1.8949498e-02
  -2.1378416e-02
  -2.4640150e-02
  -2.5765571e-02
  -2.0347431e-02
  -1.7108548e-02
  -7.2633499e-03
  -3.5590938e-04
   2.4239683e-03
   2.6946587e-04
  -4.6051345e-03
  -9.1808338e-03
  -0.0000000e+00
  -0.0000000e+00
  -0.0000000e+00
  -0.0000000e+00
  -0.0000000e+00
  -0.0000000e+00
  -0.0000000e+00
  -0.0000000e+00
  -0.0000000e+00
  -0.0000000e+00
   0.0000000e+00
  -0.0000000e+00
  -0.0000000e+00
  -0.0000000e+00
  -0.0000000e+00
  -0.0000000e+00
  -0.0000000e+00
  -0.0000000e+00
  -0.0000000e+00
  -0.0000000e+00
  -0.0000000e+00
  -0.0000000e+00
  -0.0000000e+00
  -0.0000000e+00
  -0.0000000e+00
