   0.0000000e+00
   0.0000000e+00
   0.0000000e+00
   0.0000000e+00
   0.0000000e+00
   0.0000000e+00
   0.0000000e+00
   0.0000000e+00
   0.0000000e+00
   0.0000000e+00
   0.0000000e+00
   0.0000000e+00
   0.0000000e+00
   0.0000000e+00
   0.0000000e+00
   0.0000000e+00
   0.0000000e+00
   0.0000000e+00
   0.0000000e+00
   0.0000000e+00
   0.0000000e+00
   0.0000000e+00
   0.0000000e+00
   0.0000000e+00
   0.0000000e+00
   0.0000000e+00
   0.0000000e+00
   0.0000000e+00
   0.0000000e+00
   0.0000000e+00
   0.0000000e+00
   0.0000000e+00
   0.0000000e+00
   0.0000000e+00
   0.0000000e+00
   0.0000000e+00
   0.0000000e+00
   0.0000000e+00
   0.0000000e+00
   0.0000000e+00
   0.0000000e+00
   0.0000000e+00
  -0.0000000e+00
  -0.0000000e+00
  -0.0000000e+00
   0.0000000e+00
   0.0000000e+00
   0.0000000e+00
   0.0000000e+00
   0.0000000e+00
   0.0000000e+00
   0.0000000e+00
   0.0000000e+00
   0.0000000e+00
   0.0000000e+00
   0.0000000e+00
   0.0000000e+00
   0.0000000e+00
   0.0000000e+00
   0.0000000e+00
   0.0000000e+00
   0.0000000e+00
   0.0000000e+00
   0.0000000e+00
   0.0000000e+00
   0.0000000e+00
   0.0000000e+00
   0.0000000e+00
   0.0000000e+00
   0.0000000e+00
   0.0000000e+00
   0.0000000e+00
   0.0000000e+00
   0.0000000e+00
   0.0000000e+00
   0.0000000e+00
   0.0000000e+00
   0.0000000e+00
   0.0000000e+00
   0.0000000e+00
   0.0000000e+00
   0.0000000e+00
   0.0000000e+00
   0.0000000e+00
   0.0000000e+00
   1.3062707e-02
  -2.7922145e-03
  -1.0817108e-02
  -8.5569518e-03
  -2.9509690e-03
  -3.2306849e-03
  -5.2767074e-03
  -6.3702192e-03
  -1.0110976e-02
  -2.0902373e-02
  -3.3907331e-02
  -2.0575714e-02
  -2.4277583e-02
  -3.3529750e-02
  -4.0308422e-02
  -3.5872776e-02
  -2.2551873e-02
  -2.3264146e-02
  -3.5663954e-02
  -4.1611421e-02
  -3.1168488e-02
  -2.2252782e-02
  -2.7155903e-02
  -3.0189352e-02
   0.0000000e+00
   0.0000000e+00
   0.0000000e+00
   3.8334718e-03
  -8.9980997e-03
  -1.0680454e-02
  -8.7963529e-03
  -1.3338644e-02
  -2.5217811e-02
  -3.2605305e-02
  -5.4337486e-02
  -6.8949795e-02
   0.0000000e+00
   0.0000000e+00
   0.0000000e+00
   0.0000000e+00
   0.0000000e+00
   0.0000000e+00
   0.0000000e+00
   0.0000000e+00
   0.0000000e+00
   0.0000000e+00
   0.0000000e+00
   0.0000000e+00
   0.0000000e+00
   0.0000000e+00
   0.0000000e+00
   0.0000000e+00
   0.0000000e+00
   0.0000000e+00
   0.0000000e+00
   0.0000000e+00
   0.0000000e+00
   0.0000000e+00
   0.0000000e+00
   0.0000000e+00
   0.0000000e+00
   0.0000000e+00
   0.0000000e+00
   0.0000000e+00
   0.0000000e+00
   0.0000000e+00
   0.0000000e+00
  -0.0000000e+00
  -7.0855126e-02
  -7.2947684e-02
  -5.1978886e-02
  -5.3848147e-02
  -4.2060147e-02
  -1.1117574e-02
   1.2318199e-02
   2.0941064e-02
   2.2563649e-02
   2.7662820e-02
   3.1688787e-02
   2.9178724e-02
   2.6021135e-02
   2.4705522e-02
   2.0983040e-02
   1.5391178e-02
   1.1591405e-02
   1.0535894e-02
   9.0989655e-03
   6.4509138e-03
   6.9162538e-03
   9.8460696e-03
   8.7198429e-03
   3.0943523e-03
   6.1227784e-03
   1.4903395e-02
   1.0468684e-02
   1.3331505e-03
   5.9794112e-03
   0.0000000e+00
   0.0000000e+00
   3.1154791e-03
   2.5359830e-03
   5.3293736e-03
   6.7811720e-03
   4.3296497e-03
   1.6550019e-03
  -3.9601582e-03
  -1.9714873e-02
  -3.2857809e-02
  -4.8083834e-02
  -7.1490127e-02
  -8.8573514e-02
  -9.9834498e-02
  -1.0629177e-01
  -1.0903030e-01
  -1.0760516e-01
  -9.7270550e-02
  -6.6426894e-02
  -7.3306028e-02
  -9.9294175e-02
  -1.2175553e-01
   0.0000000e+00
   0.0000000e+00
  -0.0000000e+00
  -9.5261660e-02
  -6.3522976e-02
  -5.5592479e-02
  -8.1488809e-02
   0.0000000e+00
   0.0000000e+00
   0.0000000e+00
   0.0000000e+00
  -1.2864698e-01
  -1.2271412e-01
  -1.1253233e-01
  -1.1240689e-01
  -1.2030507e-01
  -1.2890166e-01
  -1.2387040e-01
  -9.9993869e-02
  -5.2847235e-02
  -3.5541236e-02
  -2.1370417e-02
   1.2051375e-03
   1.8931724e-02
   3.4066346e-02
   5.2673809e-02
   6.4580292e-02
   6.9919229e-02
   7.2892688e-02
   7.3874362e-02
   7.0328489e-02
   6.4499103e-02
   6.1654344e-02
   5.7420809e-02
   5.1425032e-02
   4.8937779e-02
   4.6894860e-02
   4.3119088e-02
   4.1634683e-02
   4.1314658e-02
   3.9467126e-02
   3.8385872e-02
   3.9398424e-02
   4.0277258e-02
   3.9595582e-02
   4.0064409e-02
   4.0178291e-02
   3.3466190e-02
   3.1457443e-02
   0.0000000e+00
   2.7054867e-02
   3.1010959e-02
   3.3658206e-02
   3.3120893e-02
   3.2192089e-02
   3.0883791e-02
   3.0009419e-02
   2.7357653e-02
   2.2502057e-02
   1.8988244e-02
   1.3532260e-02
   4.6575028e-03
  -1.2506498e-03
  -7.2381292e-03
  -1.4305498e-02
  -1.4713234e-02
  -1.2630609e-02
  -1.6253209e-02
  -2.1160699e-02
  -2.6467443e-02
  -4.7895022e-02
  -6.4175825e-02
  -7.8117919e-02
  -9.0556112e-02
  -8.1309893e-02
  -6.9570705e-02
  -4.5233659e-02
  -4.0958196e-02
  -5.9297703e-02
  -7.8494314e-02
  -1.0316587e-01
  -1.1856306e-01
  -1.2734658e-01
  -1.2271921e-02
  -1.0551402e-02
  -4.9682120e-03
  -7.0688912e-04
   2.2733260e-03
   5.7789413e-03
   1.1473936e-02
   2.2664053e-02
   4.4442646e-02
   6.3795864e-02
   7.9315610e-02
   9.2767850e-02
   1.0122032e-01
   1.0797879e-01
   1.1380427e-01
   1.1706774e-01
   1.1851498e-01
   1.1674160e-01
   1.1249790e-01
   1.0663325e-01
   9.8651052e-02
   9.2043076e-02
   8.6017117e-02
   7.9876497e-02
   7.5498073e-02
   7.1878918e-02
   6.8686262e-02
   6.6744856e-02
   6.5407455e-02
   6.4323328e-02
   6.3468814e-02
   6.3025720e-02
   6.3472442e-02
   6.4294599e-02
   6.5151207e-02
   6.6288009e-02
   6.7397147e-02
   6.6795409e-02
   6.3037667e-02
   6.1065938e-02
   6.3180402e-02
   6.5581985e-02
   6.5572872e-02
   6.4916275e-02
   6.2374361e-02
   6.0150225e-02
   5.8484070e-02
   5.6837145e-02
   5.5974227e-02
   5.5383950e-02
   5.4706343e-02
   5.4331423e-02
   5.3897876e-02
   5.4055899e-02
   5.5279215e-02
   5.7047538e-02
   5.9394538e-02
   6.0878441e-02
   6.0935862e-02
   5.6261323e-02
   4.6891326e-02
   3.4711611e-02
   2.4721358e-02
   2.5218737e-02
   2.9464254e-02
   3.3543628e-02
   3.2983836e-02
   2.7799958e-02
   1.6164802e-02
   5.5173061e-03
  -3.3445908e-03
  -1.0162609e-02
   7.3609918e-02
   7.4025698e-02
   7.6276124e-02
   7.8775235e-02
   8.1615232e-02
   8.5338585e-02
   9.0122506e-02
   9.6653886e-02
   1.0719232e-01
   1.1664552e-01
   1.2474188e-01
   1.3249187e-01
   1.3606334e-01
   1.3754611e-01
   1.3893567e-01
   1.4124787e-01
   1.4337668e-01
   1.4194871e-01
   1.3765015e-01
   1.3142103e-01
   1.2281448e-01
   1.1622392e-01
   1.1016264e-01
   1.0413668e-01
   9.9624634e-02
   9.5920913e-02
   9.2963547e-02
   9.1401733e-02
   9.0600237e-02
   8.9238405e-02
   8.8380843e-02
   8.7797582e-02
   8.7111980e-02
   8.8132165e-02
   8.8956609e-02
   9.3169689e-02
   9.7160742e-02
   9.3781056e-02
   8.6865415e-02
   8.2330443e-02
   7.9706460e-02
   8.3596736e-02
   8.7402381e-02
   8.9035608e-02
   8.8188499e-02
   8.6031377e-02
   8.5491128e-02
   8.5306734e-02
   8.5770898e-02
   8.7258890e-02
   8.9449152e-02
   9.2281088e-02
   9.4930470e-02
   9.7797640e-02
   1.0031274e-01
   1.0291290e-01
   1.0670625e-01
   1.0935470e-01
   1.1172923e-01
   1.1356747e-01
   1.1331479e-01
   1.1219227e-01
   1.1003357e-01
   1.0966194e-01
   1.0931417e-01
   1.0811323e-01
   1.0640480e-01
   1.0322117e-01
   9.6664526e-02
   8.9080930e-02
   8.1735656e-02
   7.5861633e-02
   1.2771258e-01
   1.2623486e-01
   1.2652823e-01
   1.2738447e-01
   1.2833130e-01
   1.2951830e-01
   1.3117562e-01
   1.3323489e-01
   1.3843717e-01
   1.4328930e-01
   1.4733839e-01
   1.5115622e-01
   1.5189397e-01
   1.5013364e-01
   1.4730671e-01
   1.4936325e-01
   1.5343799e-01
   1.5452804e-01
   1.5175723e-01
   1.4690569e-01
   1.4008410e-01
   1.3444060e-01
   1.2909572e-01
   1.2414216e-01
   1.2027773e-01
   1.1679877e-01
   1.1435992e-01
   1.1275231e-01
   1.1222091e-01
   1.1069236e-01
   1.0950108e-01
   1.0869975e-01
   1.0680586e-01
   1.0812178e-01
   1.0796791e-01
   1.1299895e-01
   1.1497819e-01
   1.1001788e-01
   0.0000000e+00
   9.6090525e-02
   8.9965239e-02
   9.5115431e-02
   1.0323961e-01
   1.0804507e-01
   1.1044069e-01
   1.0931864e-01
   1.0918765e-01
   1.0878863e-01
   1.0944879e-01
   1.1189630e-01
   1.1577977e-01
   1.1985017e-01
   1.2382774e-01
   1.2826812e-01
   1.3169597e-01
   1.3511777e-01
   1.3903859e-01
   1.4118387e-01
   1.4283116e-01
   1.4610569e-01
   1.4965796e-01
   1.5336195e-01
   1.5667318e-01
   1.5824324e-01
   1.5896277e-01
   1.5919220e-01
   1.5889326e-01
   1.5683883e-01
   1.5207864e-01
   1.4580524e-01
   1.3879362e-01
   1.3187161e-01
   1.6931519e-01
   1.6564305e-01
   1.6407369e-01
   1.6307279e-01
   1.6120821e-01
   1.5852839e-01
   1.5620713e-01
   1.5467784e-01
   1.5496233e-01
   1.5561816e-01
   1.5532736e-01
   1.5490013e-01
   1.5425305e-01
   1.5015125e-01
   1.4206773e-01
   1.4238131e-01
   1.4737813e-01
   1.5199535e-01
   1.5188956e-01
   1.4980787e-01
   1.4650518e-01
   1.4302780e-01
   1.3994497e-01
   1.3635512e-01
   1.3426667e-01
   1.3155140e-01
   1.2972264e-01
   1.2813604e-01
   1.2768407e-01
   1.2603055e-01
   1.2466042e-01
   1.2331828e-01
   1.2148406e-01
   1.2149321e-01
   1.1953797e-01
   1.2136453e-01
   1.1689174e-01
   0.0000000e+00
   1.0273795e-01
   9.5953576e-02
   9.2248313e-02
   1.0084224e-01
   1.1224861e-01
   1.2064394e-01
   1.2625313e-01
   1.2817946e-01
   1.2929000e-01
   1.2982604e-01
   1.3108668e-01
   1.3356583e-01
   1.3779354e-01
   1.4215180e-01
   1.4639235e-01
   1.5177786e-01
   1.5548369e-01
   1.5955216e-01
   1.6286981e-01
   1.6384169e-01
   1.6325375e-01
   1.6516934e-01
   1.6993693e-01
   1.7630954e-01
   1.8340649e-01
   1.8622628e-01
   1.8706200e-01
   1.8691407e-01
   1.8907438e-01
   1.9140577e-01
   1.9213596e-01
   1.8865566e-01
   1.8306792e-01
   1.7520383e-01
   1.9724014e-01
   1.9200414e-01
   1.8899772e-01
   1.8556381e-01
   1.8053202e-01
   1.7277527e-01
   1.6666853e-01
   1.6137862e-01
   1.5723637e-01
   1.5336929e-01
   1.4892396e-01
   1.4292227e-01
   1.4206075e-01
   1.3669840e-01
   1.2418108e-01
   1.2271717e-01
   1.2867130e-01
   1.3670807e-01
   1.4002617e-01
   1.4154944e-01
   1.4204262e-01
   1.4171299e-01
   1.4093220e-01
   1.3980950e-01
   1.3907945e-01
   1.3812780e-01
   1.3673005e-01
   1.3574771e-01
   1.3489248e-01
   1.3353506e-01
   1.3139392e-01
   1.3024995e-01
   1.2727392e-01
   1.2648687e-01
   1.2100375e-01
   1.1920016e-01
   1.0532556e-01
   0.0000000e+00
   9.4423082e-02
   8.0565383e-02
   8.4511749e-02
   9.7857863e-02
   1.1247098e-01
   1.2225679e-01
   1.3169186e-01
   1.3687073e-01
   1.4133789e-01
   1.4446029e-01
   1.4771536e-01
   1.5066260e-01
   1.5530199e-01
   1.5906745e-01
   1.6324492e-01
   1.6740181e-01
   1.7090533e-01
   1.7361601e-01
   1.7534922e-01
   1.7275112e-01
   1.6870764e-01
   1.6681777e-01
   1.7158243e-01
   1.7940637e-01
   1.9050220e-01
   1.9586869e-01
   1.9852218e-01
   1.9910650e-01
   2.0438195e-01
   2.1122716e-01
   2.1698152e-01
   2.1594486e-01
   2.1213259e-01
   2.0397067e-01
   2.1110172e-01
   2.0560454e-01
   2.0035900e-01
   1.9386781e-01
   1.8481511e-01
   1.7268118e-01
   1.6300468e-01
   1.5497515e-01
   1.4627767e-01
   1.3928364e-01
   1.2973762e-01
   1.2096770e-01
   1.2031477e-01
   1.2865781e-01
   9.0081826e-02
   9.3994383e-02
   1.0400090e-01
   1.1467978e-01
   1.2150380e-01
   1.2633339e-01
   1.3009010e-01
   1.3216545e-01
   1.3300677e-01
   1.3438511e-01
   1.3456945e-01
   1.3548501e-01
   1.3420326e-01
   1.3415117e-01
   1.3223562e-01
   1.3187537e-01
   1.2865698e-01
   1.2820081e-01
   1.2350067e-01
   1.2249643e-01
   1.1443906e-01
   1.0979716e-01
   9.1188137e-02
   0.0000000e+00
   0.0000000e+00
   6.4411402e-02
   7.2721399e-02
   8.9761972e-02
   1.0519909e-01
   1.1567112e-01
   1.2697104e-01
   1.3534202e-01
   1.4253260e-01
   1.4889921e-01
   1.5376179e-01
   1.5820244e-01
   1.6290674e-01
   1.6663299e-01
   1.6986580e-01
   1.7293179e-01
   1.7475175e-01
   1.7547832e-01
   1.7321414e-01
   1.6676603e-01
   1.5802234e-01
   1.5201814e-01
   1.5576402e-01
   1.6496898e-01
   1.7860802e-01
   1.8705580e-01
   1.9272411e-01
   1.9815496e-01
   2.0703567e-01
   2.1761656e-01
   2.2552495e-01
   2.2639789e-01
   2.2414729e-01
   2.1760692e-01
   2.1036306e-01
   2.0404015e-01
   1.9620121e-01
   1.8587455e-01
   1.7365442e-01
   1.5838329e-01
   1.4695764e-01
   1.3751206e-01
   1.2598933e-01
   1.1734247e-01
   1.0405898e-01
   9.4789222e-02
   8.3504319e-02
   0.0000000e+00
   6.5039267e-02
   6.6712543e-02
   8.0878392e-02
   9.2148952e-02
   1.0076308e-01
   1.0777746e-01
   1.1371333e-01
   1.1726417e-01
   1.1945027e-01
   1.2189355e-01
   1.2288280e-01
   1.2392790e-01
   1.2361370e-01
   1.2334004e-01
   1.2189031e-01
   1.2113230e-01
   1.1866300e-01
   1.1801540e-01
   1.1372650e-01
   1.1203685e-01
   1.0354794e-01
   9.6703075e-02
   7.7980459e-02
   0.0000000e+00
   0.0000000e+00
   5.1849969e-02
   6.0302150e-02
   7.8700155e-02
   9.2950337e-02
   1.0354417e-01
   1.1447601e-01
   1.2581398e-01
   1.3484257e-01
   1.4429635e-01
   1.4995907e-01
   1.5565901e-01
   1.6031528e-01
   1.6402768e-01
   1.6642393e-01
   1.6763397e-01
   1.6698973e-01
   1.6630039e-01
   1.6160084e-01
   1.5207170e-01
   1.3998023e-01
   1.3081020e-01
   1.3306668e-01
   1.4250159e-01
   1.5630804e-01
   1.6701131e-01
   1.7545158e-01
   1.8659167e-01
   1.9813322e-01
   2.1062145e-01
   2.1860437e-01
   2.2075504e-01
   2.2021058e-01
   2.1599756e-01
   1.9573300e-01
   1.8789741e-01
   1.7708619e-01
   1.6351083e-01
   1.5001813e-01
   1.3404574e-01
   1.2259986e-01
   1.1225905e-01
   1.0064429e-01
   9.1906555e-02
   7.9819560e-02
   6.8265513e-02
   5.8606659e-02
   4.8689951e-02
   0.0000000e+00
   5.1595094e-02
   6.3546069e-02
   7.3116943e-02
   8.1542701e-02
   8.9137517e-02
   9.5850326e-02
   9.9943541e-02
   1.0275842e-01
   1.0535623e-01
   1.0664448e-01
   1.0697169e-01
   1.0729700e-01
   1.0655528e-01
   1.0644588e-01
   1.0493834e-01
   1.0426436e-01
   1.0323987e-01
   1.0089557e-01
   9.8293900e-02
   9.0664871e-02
   8.1784621e-02
   6.5675229e-02
   0.0000000e+00
   0.0000000e+00
   4.1567449e-02
   4.7501657e-02
   6.5158390e-02
   7.8130104e-02
   8.7802611e-02
   9.8301694e-02
   1.1113568e-01
   1.2199715e-01
   1.3287272e-01
   1.3958171e-01
   1.4536737e-01
   1.5031932e-01
   1.5295857e-01
   1.5436552e-01
   1.5240483e-01
   1.5088990e-01
   1.4994407e-01
   1.4500259e-01
   1.3484806e-01
   1.2229770e-01
   1.1114722e-01
   1.1207683e-01
   1.1976597e-01
   1.3217545e-01
   1.4337052e-01
   1.5398079e-01
   1.6868758e-01
   1.8131448e-01
   1.9323815e-01
   2.0060897e-01
   2.0342745e-01
   2.0432368e-01
   2.0120367e-01
   1.7036298e-01
   1.6190965e-01
   1.4734033e-01
   1.3278128e-01
   1.1940053e-01
   1.0605820e-01
   9.4764978e-02
   8.7893973e-02
   7.8193313e-02
   6.8514713e-02
   5.9712332e-02
   4.5533653e-02
   4.6116661e-02
   4.3466774e-02
   0.0000000e+00
   4.4278856e-02
   5.1176444e-02
   5.8149312e-02
   6.5634243e-02
   7.2258107e-02
   7.8532055e-02
   8.2039930e-02
   8.4441096e-02
   8.7279826e-02
   8.8115498e-02
   8.8356785e-02
   8.7851271e-02
   8.7559737e-02
   8.7850660e-02
   8.7354325e-02
   8.7864250e-02
   8.7405488e-02
   8.6379372e-02
   8.3394453e-02
   7.6702707e-02
   6.5929398e-02
   5.2403264e-02
   0.0000000e+00
   0.0000000e+00
   3.3473630e-02
   3.6665492e-02
   5.1697191e-02
   6.3301526e-02
   7.1119450e-02
   8.1799537e-02
   9.4494253e-02
   1.0661410e-01
   1.1749139e-01
   1.2497059e-01
   1.3024765e-01
   1.3458672e-01
   1.3578048e-01
   1.3497847e-01
   1.3057654e-01
   1.3005722e-01
   1.2976751e-01
   1.2394544e-01
   1.1732496e-01
   1.0609480e-01
   9.4368652e-02
   9.3841657e-02
   9.8796047e-02
   1.0911410e-01
   1.1963161e-01
   1.3136281e-01
   1.4656781e-01
   1.5896168e-01
   1.6911975e-01
   1.7621157e-01
   1.7924172e-01
   1.8042776e-01
   1.7695808e-01
   1.3370969e-01
   1.2603872e-01
   1.0896222e-01
   9.4896743e-02
   8.4340167e-02
   7.4144209e-02
   6.4221963e-02
   6.0406161e-02
   0.0000000e+00
   3.6264289e-02
   3.7282183e-02
   2.9007701e-02
   2.9102368e-02
   3.5468908e-02
   0.0000000e+00
   3.6672639e-02
   3.8905756e-02
   4.4155145e-02
   4.9136741e-02
   5.4296852e-02
   5.9318588e-02
   6.1991626e-02
   6.4100996e-02
   6.6515477e-02
   6.6877327e-02
   6.6450097e-02
   6.6317664e-02
   6.6207674e-02
   6.6571466e-02
   6.8400701e-02
   6.9681384e-02
   7.0100128e-02
   6.9539796e-02
   6.6606735e-02
   6.0681488e-02
   4.8962326e-02
   3.6960778e-02
   0.0000000e+00
   0.0000000e+00
   0.0000000e+00
   2.4259700e-02
   3.9119658e-02
   4.8569699e-02
   5.3800941e-02
   6.4490868e-02
   7.6362786e-02
   8.7478689e-02
   9.8097182e-02
   1.0482710e-01
   1.0938775e-01
   1.1197295e-01
   1.1134819e-01
   1.0819281e-01
   1.0263985e-01
   1.0250544e-01
   1.0115702e-01
   9.7538504e-02
   9.6286091e-02
   8.6654302e-02
   7.4265886e-02
   7.1931465e-02
   7.3868674e-02
   8.1603887e-02
   9.1287151e-02
   1.0241168e-01
   1.1631949e-01
   1.2679360e-01
   1.3508039e-01
   1.4204808e-01
   1.4513311e-01
   1.4565661e-01
   1.4114665e-01
   8.9973904e-02
   8.2851790e-02
   6.4305089e-02
   5.5725232e-02
   4.9804945e-02
   4.2094037e-02
   3.9332186e-02
   6.0406161e-02
   0.0000000e+00
   0.0000000e+00
   2.0159201e-02
   1.3623249e-02
   1.3649378e-02
   1.7454540e-02
   1.9428149e-02
   2.2186808e-02
   2.3913056e-02
   2.6411582e-02
   3.0159215e-02
   3.4149095e-02
   3.7909769e-02
   4.0181730e-02
   4.1935638e-02
   4.3271348e-02
   4.3387730e-02
   4.3269388e-02
   4.3367058e-02
   4.4013657e-02
   4.5396108e-02
   4.8003405e-02
   5.0112434e-02
   5.1297992e-02
   5.0984617e-02
   4.8648305e-02
   4.3491375e-02
   3.2244422e-02
   2.1461412e-02
   0.0000000e+00
   0.0000000e+00
   0.0000000e+00
   0.0000000e+00
   2.3116810e-02
   3.3896711e-02
   3.7566125e-02
   4.6516974e-02
   5.6784168e-02
   6.6001445e-02
   7.4462436e-02
   7.9644673e-02
   8.2897700e-02
   8.3319418e-02
   8.0286212e-02
   7.5145170e-02
   6.8486661e-02
   6.1693236e-02
   6.1764032e-02
   6.7605719e-02
   6.8208650e-02
   5.7545081e-02
   4.2687960e-02
   3.9511602e-02
   3.9720438e-02
   4.6799865e-02
   5.6284912e-02
   6.6155806e-02
   7.7397831e-02
   8.5658327e-02
   9.2418812e-02
   9.8261811e-02
   1.0099857e-01
   1.0087518e-01
   9.5964797e-02
   5.5730511e-02
   4.8052378e-02
   6.0178544e-02
   5.2105595e-02
   4.6613719e-02
   2.2646901e-02
   3.4732309e-02
   0.0000000e+00
   0.0000000e+00
   0.0000000e+00
   7.4618769e-03
   2.2251655e-03
   1.9714814e-03
   4.7930139e-03
   7.7346391e-03
   9.2056729e-03
   1.0100712e-02
   1.1652752e-02
   1.4245404e-02
   1.7215511e-02
   2.0391321e-02
   2.2347618e-02
   2.3682998e-02
   2.4740275e-02
   2.5170721e-02
   2.5615327e-02
   2.6390139e-02
   2.7567742e-02
   2.9476712e-02
   3.2425065e-02
   3.4641735e-02
   3.6084391e-02
   3.6301564e-02
   3.4413271e-02
   2.9621186e-02
   1.9669397e-02
   1.0422653e-02
   0.0000000e+00
   0.0000000e+00
   0.0000000e+00
   0.0000000e+00
   1.7480093e-02
   1.8559536e-02
   2.2274204e-02
   3.0648692e-02
   4.0051945e-02
   4.7702335e-02
   5.4331169e-02
   5.8354538e-02
   6.0523488e-02
   5.9396926e-02
   5.4895647e-02
   4.8276301e-02
   3.7975874e-02
   3.7597662e-02
   5.8123931e-02
   6.4839778e-02
   4.3950100e-02
   3.4440547e-02
   2.1448735e-02
   1.7507980e-02
   1.6696358e-02
   2.2442181e-02
   3.0807832e-02
   3.8485829e-02
   4.7024950e-02
   5.3628076e-02
   5.9234772e-02
   6.4004757e-02
   6.5946221e-02
   6.5411180e-02
   6.1119027e-02
   2.4986632e-02
   1.8280135e-02
   0.0000000e+00
   0.0000000e+00
   0.0000000e+00
   1.0746087e-02
   0.0000000e+00
   0.0000000e+00
   0.0000000e+00
   0.0000000e+00
  -3.0268679e-03
  -8.1668766e-03
  -8.8280551e-03
  -6.8435119e-03
  -4.6019144e-03
  -3.6981246e-03
  -3.1933570e-03
  -2.2867625e-03
  -6.0177688e-04
   1.4558336e-03
   4.0511512e-03
   5.8210101e-03
   6.9719339e-03
   8.0952961e-03
   8.9599425e-03
   9.9829258e-03
   1.1434378e-02
   1.3088006e-02
   1.5338316e-02
   1.8436810e-02
   2.0662274e-02
   2.2194302e-02
   2.2603581e-02
   2.0909408e-02
   1.6533474e-02
   8.9640338e-03
   2.5708822e-03
   0.0000000e+00
   0.0000000e+00
   0.0000000e+00
   0.0000000e+00
   0.0000000e+00
   5.3616012e-03
   9.1135325e-03
   1.6746912e-02
   2.4966255e-02
   3.1006007e-02
   3.5968259e-02
   3.8793661e-02
   3.9777704e-02
   3.7235297e-02
   3.1482439e-02
   2.3143956e-02
   1.0189489e-02
   3.7479466e-03
   0.0000000e+00
   0.0000000e+00
   0.0000000e+00
   1.6536943e-02
   3.7454306e-03
  -1.0070007e-03
  -2.3729203e-03
   1.7766671e-03
   8.7493286e-03
   1.4302809e-02
   2.0393662e-02
   2.5513688e-02
   3.0016247e-02
   3.3675257e-02
   3.4802057e-02
   3.3904999e-02
   3.0090306e-02
  -2.6064560e-03
  -6.8202550e-03
   0.0000000e+00
   0.0000000e+00
   0.0000000e+00
   0.0000000e+00
   0.0000000e+00
   0.0000000e+00
   0.0000000e+00
   0.0000000e+00
  -1.2146086e-02
  -1.7735123e-02
  -1.8893692e-02
  -1.7738512e-02
  -1.6115953e-02
  -1.5657850e-02
  -1.5781868e-02
  -1.5394129e-02
  -1.4368821e-02
  -1.3114378e-02
  -1.1145870e-02
  -9.4442581e-03
  -8.2466336e-03
  -6.8110149e-03
  -5.4634518e-03
  -3.8863076e-03
  -1.8183816e-03
   2.6927541e-04
   2.7251780e-03
   5.8321432e-03
   8.0421883e-03
   9.5522353e-03
   9.8027787e-03
   8.0729593e-03
   4.1898733e-03
  -1.1111373e-04
  -2.5110038e-03
   0.0000000e+00
   0.0000000e+00
   0.0000000e+00
   0.0000000e+00
  -0.0000000e+00
  -5.4290779e-03
  -1.8024871e-03
   4.8414660e-03
   1.1533823e-02
   1.5929923e-02
   1.9391824e-02
   2.0974905e-02
   2.0687060e-02
   1.6829789e-02
   9.9702230e-03
  -3.2022255e-04
  -1.4688749e-02
  -1.8955743e-02
   0.0000000e+00
   0.0000000e+00
   0.0000000e+00
  -9.7579951e-04
  -1.1178166e-02
  -1.6774073e-02
  -1.8309234e-02
  -1.5898618e-02
  -1.0453712e-02
  -6.8174151e-03
  -2.8704966e-03
   9.1412849e-04
   4.3510437e-03
   6.8859743e-03
   7.2430090e-03
   6.0171347e-03
   2.4376772e-03
  -3.6173597e-02
  -3.3744454e-02
   0.0000000e+00
   0.0000000e+00
   0.0000000e+00
   0.0000000e+00
   0.0000000e+00
   0.0000000e+00
   0.0000000e+00
   0.0000000e+00
  -2.5803032e-02
  -3.2270771e-02
  -3.4328971e-02
  -3.4345608e-02
  -3.3794723e-02
  -3.3685818e-02
  -3.3782709e-02
  -3.3685751e-02
  -3.3263229e-02
  -3.2541703e-02
  -3.0842068e-02
  -2.9006157e-02
  -2.7463408e-02
  -2.5368504e-02
  -2.3104694e-02
  -2.0566730e-02
  -1.7479898e-02
  -1.4915809e-02
  -1.2503603e-02
  -9.9002644e-03
  -8.1953686e-03
  -7.5170109e-03
  -8.3472151e-03
  -1.0451298e-02
  -1.3236746e-02
  -1.1283666e-02
  -6.6964906e-03
   0.0000000e+00
   0.0000000e+00
   0.0000000e+00
   0.0000000e+00
   0.0000000e+00
  -1.7215729e-02
  -1.5693728e-02
  -9.5684072e-03
  -5.1741707e-03
  -2.7404360e-03
  -1.7160419e-03
  -2.3994024e-03
  -4.8321835e-03
  -1.0983067e-02
  -1.9309914e-02
  -3.0356575e-02
  -3.7520178e-02
  -3.1486344e-02
   0.0000000e+00
   0.0000000e+00
   0.0000000e+00
  -1.8311566e-02
  -2.7629625e-02
  -3.3203002e-02
  -3.3476491e-02
  -3.4762688e-02
  -3.2349914e-02
  -3.1471975e-02
  -3.0825574e-02
  -2.9502153e-02
  -2.8348103e-02
  -2.8036205e-02
  -2.8980089e-02
  -3.0764984e-02
  -3.3703700e-02
  -5.0084004e-02
  -4.3049045e-02
   0.0000000e+00
   0.0000000e+00
   0.0000000e+00
   0.0000000e+00
   0.0000000e+00
   0.0000000e+00
   0.0000000e+00
   0.0000000e+00
  -3.4616391e-02
  -4.0713575e-02
  -4.3128433e-02
  -4.3660644e-02
  -4.3513872e-02
  -4.3544894e-02
  -4.3563738e-02
  -4.3220073e-02
  -4.2753796e-02
  -4.1961946e-02
  -4.0169351e-02
  -3.8164291e-02
  -3.6126442e-02
  -3.3161473e-02
  -3.0179076e-02
  -2.7005706e-02
  -2.3438251e-02
  -2.0804306e-02
  -1.8768333e-02
  -1.7269742e-02
  -1.6694492e-02
  -1.7068028e-02
  -1.8870723e-02
  -2.1245693e-02
  -2.2828691e-02
  -1.5389575e-02
  -6.8504272e-03
  -6.2438960e-03
   0.0000000e+00
   0.0000000e+00
   0.0000000e+00
   0.0000000e+00
  -0.0000000e+00
  -2.1491213e-02
  -1.5949698e-02
  -1.3108826e-02
  -1.2116842e-02
  -1.2898263e-02
  -1.5067878e-02
  -1.8860932e-02
  -2.6278336e-02
  -3.5331416e-02
  -4.6355397e-02
  -4.7166277e-02
  -3.1486342e-02
   0.0000000e+00
   0.0000000e+00
   0.0000000e+00
  -1.8311567e-02
  -2.9744357e-02
  -3.3202999e-02
  -3.8748292e-02
  -4.1792993e-02
  -4.1985220e-02
  -4.3065093e-02
  -4.4511866e-02
  -4.4973204e-02
  -4.5427520e-02
  -4.6469338e-02
  -4.7854202e-02
  -4.9412768e-02
  -5.0743837e-02
  -6.1194681e-02
  -4.9655441e-02
   0.0000000e+00
   0.0000000e+00
   0.0000000e+00
   0.0000000e+00
   0.0000000e+00
   0.0000000e+00
   0.0000000e+00
   0.0000000e+00
  -4.2383840e-02
  -4.8036866e-02
  -5.0694000e-02
  -5.1680565e-02
  -5.1920746e-02
  -5.2056715e-02
  -5.1993396e-02
  -5.1435612e-02
  -5.0819106e-02
  -4.9799904e-02
  -4.7751974e-02
  -4.5430463e-02
  -4.2814020e-02
  -3.8987342e-02
  -3.5361439e-02
  -3.1685203e-02
  -2.7855098e-02
  -2.5454454e-02
  -2.4062684e-02
  -2.3842534e-02
  -2.4498908e-02
  -2.5938749e-02
  -2.8593723e-02
  -3.1026540e-02
  -3.1319372e-02
  -1.9639179e-02
  -7.9419957e-03
  -6.8082162e-03
   0.0000000e+00
   0.0000000e+00
   0.0000000e+00
   0.0000000e+00
  -0.0000000e+00
  -2.6185335e-02
  -2.1642979e-02
  -2.0459436e-02
  -2.0871200e-02
  -2.3331458e-02
  -2.6821867e-02
  -3.1732157e-02
  -4.0040471e-02
  -4.9304958e-02
  -5.9066117e-02
  -5.4958592e-02
   0.0000000e+00
   0.0000000e+00
   0.0000000e+00
   0.0000000e+00
   0.0000000e+00
  -3.0613554e-02
   0.0000000e+00
  -4.4169108e-02
  -4.7254644e-02
  -5.0124157e-02
  -5.3104691e-02
  -5.6470081e-02
  -5.8505856e-02
  -6.0366128e-02
  -6.2584102e-02
  -6.4297423e-02
  -6.5502837e-02
  -6.5059416e-02
  -7.1063957e-02
  -5.3229751e-02
   0.0000000e+00
   0.0000000e+00
   0.0000000e+00
   0.0000000e+00
   0.0000000e+00
   0.0000000e+00
   0.0000000e+00
   0.0000000e+00
  -5.1306410e-02
  -5.6153123e-02
  -5.8907026e-02
  -6.0415479e-02
  -6.1177698e-02
  -6.1387927e-02
  -6.1196544e-02
  -6.0401144e-02
  -5.9330791e-02
  -5.7634006e-02
  -5.4855993e-02
  -5.1749418e-02
  -4.8110074e-02
  -4.3054540e-02
  -3.8663739e-02
  -3.4553763e-02
  -3.0827286e-02
  -2.9437259e-02
  -2.9572849e-02
  -3.1588937e-02
  -3.4254539e-02
  -3.7269950e-02
  -4.0891862e-02
  -4.2935522e-02
  -4.1166005e-02
  -2.6109866e-02
  -1.1774233e-02
  -8.8777330e-03
   0.0000000e+00
   0.0000000e+00
   0.0000000e+00
   0.0000000e+00
   0.0000000e+00
  -3.1980136e-02
  -2.8357404e-02
  -2.9803765e-02
  -3.2163242e-02
  -3.6771940e-02
  -4.1807054e-02
  -4.7795186e-02
  -5.6559436e-02
  -6.4987222e-02
  -7.0167627e-02
  -5.4986831e-02
   0.0000000e+00
   0.0000000e+00
   0.0000000e+00
   0.0000000e+00
   0.0000000e+00
  -2.7542454e-02
   0.0000000e+00
  -4.8446488e-02
  -5.1679058e-02
  -5.8584594e-02
  -6.4189694e-02
  -6.9945025e-02
  -7.3793067e-02
  -7.7239312e-02
  -8.0765772e-02
  -8.2704794e-02
  -8.3117507e-02
  -7.9734994e-02
  -7.4301578e-02
  -5.3460936e-02
   0.0000000e+00
   0.0000000e+00
   0.0000000e+00
   0.0000000e+00
   0.0000000e+00
   0.0000000e+00
   0.0000000e+00
   0.0000000e+00
  -5.7018324e-02
  -6.0613222e-02
  -6.3137546e-02
  -6.4844880e-02
  -6.5885578e-02
  -6.6021129e-02
  -6.5605413e-02
  -6.4398293e-02
  -6.2721059e-02
  -6.0270298e-02
  -5.6462694e-02
  -5.2401859e-02
  -4.7903682e-02
  -4.2209531e-02
  -3.7773430e-02
  -3.4244845e-02
  -3.2223010e-02
  -3.2969292e-02
  -3.5390562e-02
  -3.9752758e-02
  -4.3804124e-02
  -4.7586824e-02
  -5.1195956e-02
  -5.2444056e-02
  -4.9696702e-02
  -3.4476040e-02
  -1.5886985e-02
  -9.5938701e-03
   0.0000000e+00
   0.0000000e+00
   0.0000000e+00
   0.0000000e+00
   0.0000000e+00
  -3.1980134e-02
  -3.5614828e-02
  -4.0293161e-02
  -4.4432680e-02
  -5.0361510e-02
  -5.5790953e-02
  -6.1466824e-02
  -6.8429102e-02
  -7.2194912e-02
  -6.7216117e-02
  -4.3230736e-02
   0.0000000e+00
   0.0000000e+00
   0.0000000e+00
   0.0000000e+00
   0.0000000e+00
  -2.5486735e-02
   0.0000000e+00
  -4.8446490e-02
  -5.3216449e-02
  -6.4302675e-02
  -7.2231759e-02
  -7.9903272e-02
  -8.4997877e-02
  -8.9485606e-02
  -9.3857868e-02
  -9.5690340e-02
  -9.4823649e-02
  -8.7754709e-02
  -7.4209301e-02
  -5.3160032e-02
  -3.9341374e-02
  -3.8120356e-02
   0.0000000e+00
   0.0000000e+00
   0.0000000e+00
   0.0000000e+00
   0.0000000e+00
  -0.0000000e+00
  -6.0088074e-02
  -6.1736025e-02
  -6.3831352e-02
  -6.5421469e-02
  -6.6513575e-02
  -6.6613160e-02
  -6.6072404e-02
  -6.4538084e-02
  -6.2406316e-02
  -5.9459791e-02
  -5.5030242e-02
  -5.0555354e-02
  -4.5814758e-02
  -4.0304827e-02
  -3.6493927e-02
  -3.4031558e-02
  -3.3842683e-02
  -3.6285377e-02
  -4.0210253e-02
  -4.5792842e-02
  -5.0342941e-02
  -5.4234010e-02
  -5.7479140e-02
  -5.8123056e-02
  -5.5281320e-02
  -4.0949705e-02
  -2.0776292e-02
  -9.7998724e-03
   0.0000000e+00
   0.0000000e+00
   0.0000000e+00
   0.0000000e+00
   0.0000000e+00
   0.0000000e+00
  -4.0819096e-02
  -4.7560798e-02
  -5.2820270e-02
  -5.9181702e-02
  -6.4278811e-02
  -6.9034836e-02
  -7.3581717e-02
  -7.3199494e-02
  -6.1780062e-02
  -3.4480524e-02
   0.0000000e+00
   0.0000000e+00
   0.0000000e+00
   0.0000000e+00
   0.0000000e+00
  -2.3727204e-02
  -1.6025204e-02
   0.0000000e+00
  -5.4564477e-02
  -6.7281685e-02
  -7.6418219e-02
  -8.4930276e-02
  -9.0560105e-02
  -9.5594171e-02
  -1.0033224e-01
  -1.0176581e-01
  -9.9647808e-02
  -8.9979355e-02
  -7.1959729e-02
  -5.2352592e-02
  -3.9341378e-02
  -3.8120359e-02
   0.0000000e+00
   0.0000000e+00
   0.0000000e+00
   0.0000000e+00
   0.0000000e+00
  -6.3039315e-02
  -6.2439648e-02
  -6.1384011e-02
  -6.2681661e-02
  -6.3888466e-02
  -6.4917516e-02
  -6.4985236e-02
  -6.4311516e-02
  -6.2318393e-02
  -5.9571338e-02
  -5.6011929e-02
  -5.0866409e-02
  -4.6084806e-02
  -4.1354391e-02
  -3.6653058e-02
  -3.4244795e-02
  -3.3758124e-02
  -3.6519902e-02
  -4.1340255e-02
  -4.7124650e-02
  -5.3906117e-02
  -5.8676220e-02
  -6.2320376e-02
  -6.4773645e-02
  -6.4592655e-02
  -6.2161690e-02
  -4.9887940e-02
  -3.7066738e-02
   0.0000000e+00
   0.0000000e+00
   0.0000000e+00
   0.0000000e+00
   0.0000000e+00
   0.0000000e+00
   0.0000000e+00
  -4.7668506e-02
  -5.6901686e-02
  -6.3497185e-02
  -6.9974754e-02
  -7.4092193e-02
  -7.7024079e-02
  -7.7401827e-02
  -7.0850671e-02
  -5.1699132e-02
  -2.2682190e-02
   0.0000000e+00
   0.0000000e+00
   0.0000000e+00
   0.0000000e+00
   0.0000000e+00
  -0.0000000e+00
  -1.6025203e-02
   0.0000000e+00
  -5.6555132e-02
  -7.0213795e-02
  -8.0534789e-02
  -8.9682694e-02
  -9.5700708e-02
  -1.0127707e-01
  -1.0628439e-01
  -1.0690861e-01
  -1.0284945e-01
  -8.9798576e-02
  -6.3337825e-02
  -4.6373099e-02
  -3.3696402e-02
  -2.9851211e-02
   0.0000000e+00
   0.0000000e+00
   0.0000000e+00
   0.0000000e+00
  -0.0000000e+00
  -6.4027350e-02
  -5.6829304e-02
  -5.3382158e-02
  -5.2816664e-02
  -5.3222116e-02
  -5.4307200e-02
  -5.4721468e-02
  -5.4262165e-02
  -5.2112639e-02
  -4.9117813e-02
  -4.5445770e-02
  -4.0570520e-02
  -3.6694880e-02
  -3.3650339e-02
  -3.1995703e-02
  -3.2817494e-02
  -3.5853762e-02
  -4.2549774e-02
  -4.9535898e-02
  -5.6401964e-02
  -6.3212790e-02
  -6.7237324e-02
  -6.9729775e-02
  -7.0503727e-02
  -6.9198302e-02
  -6.4820319e-02
  -4.7996301e-02
  -3.7066738e-02
   0.0000000e+00
   0.0000000e+00
   0.0000000e+00
   0.0000000e+00
   0.0000000e+00
   0.0000000e+00
   0.0000000e+00
  -5.5022255e-02
  -6.5557547e-02
  -7.2934598e-02
  -7.7954523e-02
  -7.9537636e-02
  -7.9005137e-02
  -7.3525779e-02
  -6.1510734e-02
  -3.9351642e-02
  -1.4940838e-02
   0.0000000e+00
   0.0000000e+00
   0.0000000e+00
   0.0000000e+00
   0.0000000e+00
  -0.0000000e+00
  -1.4035234e-02
   0.0000000e+00
  -5.8821227e-02
  -7.0245697e-02
  -7.9879172e-02
  -8.8782132e-02
  -9.4459031e-02
  -9.9366002e-02
  -1.0301411e-01
  -1.0189386e-01
  -9.5701754e-02
  -8.0568261e-02
  -5.5644475e-02
  -4.1010898e-02
  -3.0535426e-02
  -2.6446446e-02
  -2.3789562e-02
   0.0000000e+00
   0.0000000e+00
   0.0000000e+00
  -0.0000000e+00
  -6.0209866e-02
  -5.0504230e-02
  -4.5882914e-02
  -4.4288321e-02
  -4.4240963e-02
  -4.5466028e-02
  -4.6282358e-02
  -4.6230394e-02
  -4.4384535e-02
  -4.1579607e-02
  -3.8194284e-02
  -3.4016524e-02
  -3.1180609e-02
  -2.9625989e-02
  -3.0303711e-02
  -3.3273535e-02
  -3.8278982e-02
  -4.6625115e-02
  -5.4206140e-02
  -6.1124984e-02
  -6.7465566e-02
  -7.0811425e-02
  -7.2467186e-02
  -7.2095528e-02
  -6.9519159e-02
  -6.1635818e-02
  -4.0201887e-02
   0.0000000e+00
   0.0000000e+00
   0.0000000e+00
   0.0000000e+00
   0.0000000e+00
   0.0000000e+00
   0.0000000e+00
   0.0000000e+00
  -5.8502089e-02
  -6.8815288e-02
  -7.6526001e-02
  -8.0295987e-02
  -8.0191669e-02
  -7.7582128e-02
  -6.9188878e-02
  -5.5163402e-02
  -3.2920163e-02
  -1.1308352e-02
   0.0000000e+00
   0.0000000e+00
   0.0000000e+00
   0.0000000e+00
   0.0000000e+00
  -0.0000000e+00
  -1.3460046e-02
   0.0000000e+00
  -5.8188263e-02
  -6.8606835e-02
  -7.7394634e-02
  -8.5488923e-02
  -9.0265659e-02
  -9.4027646e-02
  -9.6236758e-02
  -9.4064986e-02
  -8.7037049e-02
  -7.1628384e-02
  -4.3026218e-02
  -3.2202508e-02
  -2.6307003e-02
  -2.4666808e-02
  -2.3789559e-02
   0.0000000e+00
   0.0000000e+00
   0.0000000e+00
  -5.9150427e-02
  -5.1778568e-02
  -3.9458040e-02
  -3.3400010e-02
  -3.0440308e-02
  -2.9783929e-02
  -3.1284438e-02
  -3.2807499e-02
  -3.3533734e-02
  -3.2411810e-02
  -3.0127755e-02
  -2.7410041e-02
  -2.4608802e-02
  -2.3596066e-02
  -2.4477833e-02
  -2.8784139e-02
  -3.4902914e-02
  -4.2539680e-02
  -5.2644201e-02
  -6.0519277e-02
  -6.7059727e-02
  -7.2376059e-02
  -7.4601958e-02
  -7.4982751e-02
  -7.2911942e-02
  -6.8114631e-02
  -5.3581030e-02
  -2.4592758e-02
   0.0000000e+00
   0.0000000e+00
   0.0000000e+00
   0.0000000e+00
   0.0000000e+00
   0.0000000e+00
   0.0000000e+00
   0.0000000e+00
  -6.2638984e-02
  -7.1882631e-02
  -7.9955301e-02
  -8.1701001e-02
  -7.9121524e-02
  -7.3622220e-02
  -6.1628153e-02
  -4.5765251e-02
  -2.4708726e-02
  -7.0195522e-03
   0.0000000e+00
   0.0000000e+00
   0.0000000e+00
   0.0000000e+00
   0.0000000e+00
  -0.0000000e+00
  -1.3128406e-02
   0.0000000e+00
  -5.5797119e-02
  -6.5069163e-02
  -7.2351592e-02
  -7.8818872e-02
  -8.1815511e-02
  -8.3420548e-02
  -8.3154226e-02
  -7.9515125e-02
  -7.1660306e-02
  -5.6607082e-02
  -2.5121350e-02
  -2.0013185e-02
  -2.1374619e-02
  -2.7908761e-02
  -3.5707300e-02
  -3.8034062e-02
   0.0000000e+00
  -6.7808536e-02
  -5.9418908e-02
  -3.9703220e-02
  -2.6578248e-02
  -2.0771613e-02
  -1.7878000e-02
  -1.7213846e-02
  -1.8552035e-02
  -1.9987799e-02
  -2.0849859e-02
  -2.0479755e-02
  -1.9150211e-02
  -1.7677523e-02
  -1.7162425e-02
  -1.8785026e-02
  -2.2751994e-02
  -3.0751172e-02
  -3.9410189e-02
  -4.8504569e-02
  -5.8471188e-02
  -6.5156311e-02
  -7.0172071e-02
  -7.3407173e-02
  -7.3753081e-02
  -7.2119571e-02
  -6.7499720e-02
  -5.9671625e-02
  -4.2673290e-02
  -1.7470977e-02
   0.0000000e+00
   0.0000000e+00
   0.0000000e+00
   0.0000000e+00
   0.0000000e+00
   0.0000000e+00
   0.0000000e+00
   0.0000000e+00
  -6.4530068e-02
  -7.1034394e-02
  -7.8560345e-02
  -7.7845342e-02
  -7.2727770e-02
  -6.4748019e-02
  -5.0767586e-02
  -3.5255834e-02
  -1.7119847e-02
  -3.5552178e-03
   0.0000000e+00
   0.0000000e+00
   0.0000000e+00
   0.0000000e+00
   0.0000000e+00
  -0.0000000e+00
  -2.7269040e-02
  -4.4059627e-02
  -5.2339293e-02
  -5.7777494e-02
  -6.2568657e-02
  -6.5467522e-02
  -6.5307356e-02
  -6.3718013e-02
  -6.0215656e-02
  -5.5206016e-02
  -4.7590308e-02
  -3.4626726e-02
  -1.5770620e-02
  -1.3579236e-02
  -1.8217799e-02
  -2.7721992e-02
  -3.6612550e-02
  -3.9947089e-02
  -4.3130025e-02
  -6.5271613e-02
  -5.9436558e-02
  -3.3990617e-02
  -2.1588468e-02
  -1.6750780e-02
  -1.4416753e-02
  -1.3968678e-02
  -1.5129919e-02
  -1.6309194e-02
  -1.7026491e-02
  -1.6831632e-02
  -1.5943928e-02
  -1.5167523e-02
  -1.5796059e-02
  -1.8514628e-02
  -2.3577937e-02
  -3.2683579e-02
  -4.1928694e-02
  -5.1125638e-02
  -6.0507912e-02
  -6.6344693e-02
  -7.0400995e-02
  -7.2412875e-02
  -7.1671046e-02
  -6.8935063e-02
  -6.2989395e-02
  -5.3964633e-02
  -3.7163446e-02
  -1.5598638e-02
   0.0000000e+00
   0.0000000e+00
   0.0000000e+00
   0.0000000e+00
   0.0000000e+00
   0.0000000e+00
   0.0000000e+00
   0.0000000e+00
  -0.0000000e+00
  -6.9130197e-02
  -7.5963368e-02
  -7.4091938e-02
  -6.7913830e-02
  -5.8957901e-02
  -4.4456067e-02
  -2.9592479e-02
  -1.3178508e-02
  -1.5548078e-03
   0.0000000e+00
   0.0000000e+00
   0.0000000e+00
   0.0000000e+00
   0.0000000e+00
  -0.0000000e+00
  -3.0760376e-02
  -4.3792943e-02
  -4.8848051e-02
  -5.2437242e-02
  -5.5657550e-02
  -5.6486617e-02
  -5.4618564e-02
  -5.1410071e-02
  -4.6375482e-02
  -4.0863384e-02
  -3.3758341e-02
  -2.2529980e-02
  -1.9387992e-03
  -3.9598038e-03
  -1.2677070e-02
  -2.4626801e-02
  -3.6975805e-02
  -4.4220924e-02
  -4.3130034e-02
  -4.2600849e-02
   0.0000000e+00
  -1.8870715e-02
  -1.6811606e-02
  -1.4663319e-02
  -1.3944414e-02
  -1.4146064e-02
  -1.4907332e-02
  -1.5390951e-02
  -1.5570665e-02
  -1.5309038e-02
  -1.4989985e-02
  -1.5312623e-02
  -1.7557442e-02
  -2.1476834e-02
  -2.7389784e-02
  -3.6899337e-02
  -4.5900986e-02
  -5.4261901e-02
  -6.2011554e-02
  -6.6253250e-02
  -6.8645571e-02
  -6.8643627e-02
  -6.6133972e-02
  -6.1691415e-02
  -5.3792703e-02
  -4.3576822e-02
  -2.9293069e-02
   0.0000000e+00
   0.0000000e+00
   0.0000000e+00
   0.0000000e+00
   0.0000000e+00
   0.0000000e+00
   0.0000000e+00
   0.0000000e+00
   0.0000000e+00
  -0.0000000e+00
  -6.4122361e-02
  -6.9320055e-02
  -6.5930922e-02
  -5.8581379e-02
  -4.8660162e-02
  -3.4160766e-02
  -2.0952906e-02
  -7.3812491e-03
   1.6909279e-03
   0.0000000e+00
   0.0000000e+00
   0.0000000e+00
   0.0000000e+00
   0.0000000e+00
  -0.0000000e+00
  -3.5623297e-02
  -4.2998548e-02
  -4.1156394e-02
  -4.2240229e-02
  -4.2732280e-02
  -4.0190430e-02
  -3.5707179e-02
  -3.0177179e-02
  -2.3112702e-02
  -1.7177201e-02
  -1.1406051e-02
  -3.7100484e-03
  -1.9387991e-03
  -1.0627667e-03
  -7.8818928e-03
  -1.6790727e-02
  -2.6325246e-02
  -3.0819517e-02
  -3.1094326e-02
  -4.2600846e-02
   0.0000000e+00
  -0.0000000e+00
  -2.1784250e-02
  -2.3878999e-02
  -2.5131645e-02
  -2.6252916e-02
  -2.7079152e-02
  -2.7186945e-02
  -2.6936617e-02
  -2.6450261e-02
  -2.6208231e-02
  -2.6589539e-02
  -2.8357852e-02
  -3.1142427e-02
  -3.5246618e-02
  -4.1780140e-02
  -4.7801644e-02
  -5.3243637e-02
  -5.8066092e-02
  -6.0382087e-02
  -6.1148927e-02
  -5.9574261e-02
  -5.6090534e-02
  -5.0959997e-02
  -4.2137068e-02
  -3.1199548e-02
  -1.7204003e-02
   0.0000000e+00
   0.0000000e+00
   0.0000000e+00
   0.0000000e+00
   0.0000000e+00
   0.0000000e+00
   0.0000000e+00
   0.0000000e+00
   0.0000000e+00
  -0.0000000e+00
  -5.5957742e-02
  -5.8570191e-02
  -5.4803580e-02
  -4.7920763e-02
  -3.8321141e-02
  -2.4760550e-02
  -1.3363818e-02
  -2.2969642e-03
   5.5707463e-03
   0.0000000e+00
   0.0000000e+00
   0.0000000e+00
   0.0000000e+00
   0.0000000e+00
  -0.0000000e+00
  -3.3772469e-02
  -3.5846427e-02
  -3.0819092e-02
  -3.0389579e-02
  -2.8857514e-02
  -2.4299236e-02
  -1.8439848e-02
  -1.1686705e-02
  -3.6624463e-03
   1.6754861e-03
   5.4225330e-03
   7.7354371e-03
   0.0000000e+00
   6.0102678e-04
  -5.8164595e-03
  -1.3415484e-02
  -2.0564903e-02
  -2.3022061e-02
  -1.8880498e-02
   0.0000000e+00
  -0.0000000e+00
  -2.4900219e-02
  -2.6417017e-02
  -3.0691199e-02
  -3.2991003e-02
  -3.4571610e-02
  -3.5439137e-02
  -3.5358861e-02
  -3.4883533e-02
  -3.4224235e-02
  -3.3889435e-02
  -3.4091748e-02
  -3.5285249e-02
  -3.7144460e-02
  -3.9930325e-02
  -4.4430986e-02
  -4.8502512e-02
  -5.2072078e-02
  -5.5027623e-02
  -5.6122530e-02
  -5.5893842e-02
  -5.3427774e-02
  -4.9456209e-02
  -4.4017758e-02
  -3.4830555e-02
  -2.3707919e-02
  -1.0424119e-02
   0.0000000e+00
   0.0000000e+00
   0.0000000e+00
   0.0000000e+00
   0.0000000e+00
   0.0000000e+00
   0.0000000e+00
   0.0000000e+00
   0.0000000e+00
  -0.0000000e+00
  -5.0428580e-02
  -5.1352724e-02
  -4.7412276e-02
  -4.0951438e-02
  -3.1722557e-02
  -1.8906947e-02
  -8.7001938e-03
   7.3655881e-04
   7.2419058e-03
   0.0000000e+00
   0.0000000e+00
   0.0000000e+00
   0.0000000e+00
   0.0000000e+00
  -0.0000000e+00
  -3.2653626e-02
  -3.1545419e-02
  -2.4662126e-02
  -2.3336077e-02
  -2.0648299e-02
  -1.4994866e-02
  -8.4422892e-03
  -1.0785755e-03
   7.3511088e-03
   1.2136029e-02
   1.4340610e-02
   1.4308678e-02
   0.0000000e+00
   0.0000000e+00
   0.0000000e+00
   0.0000000e+00
  -1.0764737e-02
  -1.0330878e-02
  -7.3144710e-03
   0.0000000e+00
  -0.0000000e+00
  -3.7374372e-02
  -4.2027692e-02
  -4.8506768e-02
  -5.2047137e-02
  -5.4024005e-02
  -5.4974941e-02
  -5.4730521e-02
  -5.4005966e-02
  -5.2869475e-02
  -5.1745348e-02
  -5.0667514e-02
  -4.9544913e-02
  -4.8668115e-02
  -4.8074510e-02
  -4.7868646e-02
  -4.7764245e-02
  -4.7478535e-02
  -4.6635713e-02
  -4.5276308e-02
  -4.3196425e-02
  -3.9389294e-02
  -3.4989803e-02
  -2.9478838e-02
  -2.0503511e-02
  -1.0168795e-02
  -5.6758502e-04
   0.0000000e+00
   0.0000000e+00
   0.0000000e+00
   0.0000000e+00
   0.0000000e+00
   0.0000000e+00
   0.0000000e+00
   0.0000000e+00
   0.0000000e+00
  -0.0000000e+00
  -3.7816626e-02
  -3.5138730e-02
  -3.1127842e-02
  -2.6051623e-02
  -1.8278165e-02
  -7.5971186e-03
   4.0944654e-05
   6.0232383e-03
   0.0000000e+00
   0.0000000e+00
   0.0000000e+00
   0.0000000e+00
   0.0000000e+00
   0.0000000e+00
  -0.0000000e+00
  -3.0637916e-02
  -2.3897237e-02
  -1.3980718e-02
  -1.1121156e-02
  -6.6544018e-03
   4.1927752e-04
   7.6013354e-03
   1.5489752e-02
   2.3869409e-02
   2.6801644e-02
   2.4803378e-02
   0.0000000e+00
   0.0000000e+00
   0.0000000e+00
   0.0000000e+00
   0.0000000e+00
  -1.0043239e-02
  -1.1922690e-02
  -1.2004831e-02
   0.0000000e+00
  -5.1274237e-02
  -4.5754138e-02
  -4.8544779e-02
  -5.4158233e-02
  -5.7208061e-02
  -5.8776651e-02
  -5.9511665e-02
  -5.9150115e-02
  -5.8341291e-02
  -5.6945600e-02
  -5.5382278e-02
  -5.3662263e-02
  -5.1574834e-02
  -4.9697373e-02
  -4.8007704e-02
  -4.6509106e-02
  -4.5344133e-02
  -4.4054735e-02
  -4.2156734e-02
  -4.0071853e-02
  -3.7383605e-02
  -3.3123732e-02
  -2.8516730e-02
  -2.2789227e-02
  -1.3629357e-02
  -3.9170459e-03
   4.6795616e-03
   0.0000000e+00
   0.0000000e+00
   0.0000000e+00
   0.0000000e+00
   0.0000000e+00
   0.0000000e+00
   0.0000000e+00
   0.0000000e+00
  -4.8719028e-02
  -3.8507691e-02
  -3.0879324e-02
  -2.7436633e-02
  -2.2733271e-02
  -1.8002782e-02
  -1.0762647e-02
  -1.1169510e-03
   5.0232341e-03
   9.2566311e-03
   0.0000000e+00
   0.0000000e+00
   0.0000000e+00
   0.0000000e+00
   0.0000000e+00
   0.0000000e+00
  -0.0000000e+00
  -3.0177002e-02
  -2.1961488e-02
  -1.0911937e-02
  -7.0054713e-03
  -1.6426453e-03
   6.2903259e-03
   1.3657146e-02
   2.1532420e-02
   2.9425709e-02
   3.0813482e-02
   2.6518358e-02
   0.0000000e+00
   0.0000000e+00
   0.0000000e+00
   0.0000000e+00
   0.0000000e+00
  -9.4996138e-03
  -1.3122072e-02
  -1.5538875e-02
   0.0000000e+00
  -5.4115813e-02
  -5.2068040e-02
  -5.3455211e-02
  -5.8416437e-02
  -6.1096665e-02
  -6.2357627e-02
  -6.2929943e-02
  -6.2480137e-02
  -6.1607830e-02
  -6.0016841e-02
  -5.8122590e-02
  -5.5918723e-02
  -5.3104319e-02
  -5.0472893e-02
  -4.7957372e-02
  -4.5484733e-02
  -4.3520652e-02
  -4.1475009e-02
  -3.8781956e-02
  -3.6150448e-02
  -3.3003833e-02
  -2.8402822e-02
  -2.3639468e-02
  -1.7748814e-02
  -8.4498944e-03
   7.9345750e-04
   8.6331265e-03
   0.0000000e+00
   0.0000000e+00
   0.0000000e+00
   0.0000000e+00
   0.0000000e+00
   0.0000000e+00
   0.0000000e+00
   0.0000000e+00
  -4.8719034e-02
  -3.8070410e-02
  -2.5652276e-02
  -2.1633340e-02
  -1.6408220e-02
  -1.1938225e-02
  -5.0999336e-03
   3.7656578e-03
   8.7772375e-03
   1.1692895e-02
   0.0000000e+00
   0.0000000e+00
   0.0000000e+00
   0.0000000e+00
   0.0000000e+00
   0.0000000e+00
   0.0000000e+00
  -2.9482443e-02
  -2.0502960e-02
  -8.5997060e-03
  -3.9044276e-03
   2.1335599e-03
   1.0713981e-02
   1.8220015e-02
   2.6085384e-02
   3.3612210e-02
   3.3836283e-02
   2.7810544e-02
   0.0000000e+00
   0.0000000e+00
   9.4242515e-03
   0.0000000e+00
  -0.0000000e+00
  -1.6951561e-02
  -2.8078634e-02
  -4.2474624e-02
  -5.4013152e-02
  -5.6244180e-02
  -5.3155437e-02
  -5.4732639e-02
  -5.7804428e-02
  -6.0166854e-02
  -6.1904550e-02
  -6.3056469e-02
  -6.3175678e-02
  -6.2721282e-02
  -6.1515521e-02
  -5.9769452e-02
  -5.7538025e-02
  -5.4606486e-02
  -5.1755309e-02
  -4.8778646e-02
  -4.5458525e-02
  -4.2748563e-02
  -4.0094741e-02
  -3.6726277e-02
  -3.3431243e-02
  -2.9394386e-02
  -2.3396686e-02
  -1.7272780e-02
  -1.0083116e-02
  -7.2515284e-04
   6.0665128e-03
   1.0736635e-02
   0.0000000e+00
   0.0000000e+00
   0.0000000e+00
   0.0000000e+00
   0.0000000e+00
   0.0000000e+00
  -0.0000000e+00
  -5.2507319e-02
  -4.5680299e-02
  -3.0980986e-02
  -1.9443179e-02
  -1.2972048e-02
  -5.0760908e-03
   1.3075935e-03
   9.0811001e-03
   1.6514339e-02
   1.8699184e-02
   1.7731119e-02
   0.0000000e+00
   0.0000000e+00
   0.0000000e+00
   0.0000000e+00
   0.0000000e+00
   0.0000000e+00
   0.0000000e+00
   0.0000000e+00
  -1.6090478e-02
  -5.9006168e-03
  -4.0685869e-04
   6.2653865e-03
   1.5778458e-02
   2.3708981e-02
   3.1818222e-02
   3.8350590e-02
   3.5708748e-02
   2.6927274e-02
   0.0000000e+00
   0.0000000e+00
   6.6405907e-03
   0.0000000e+00
  -0.0000000e+00
  -1.8224597e-02
  -2.9793311e-02
  -4.3092288e-02
  -5.2330691e-02
  -5.3754888e-02
  -5.2822974e-02
  -5.5155348e-02
  -5.8788259e-02
  -6.1595179e-02
  -6.3625894e-02
  -6.4915925e-02
  -6.5085307e-02
  -6.4578682e-02
  -6.3222185e-02
  -6.1380669e-02
  -5.9025139e-02
  -5.5871807e-02
  -5.2825365e-02
  -4.9603246e-02
  -4.5851015e-02
  -4.2667091e-02
  -3.9412931e-02
  -3.5209607e-02
  -3.1183776e-02
  -2.6464807e-02
  -1.9850193e-02
  -1.3538830e-02
  -6.6855061e-03
   1.0617028e-03
   6.0315803e-03
   9.7669316e-03
   9.4044998e-03
   0.0000000e+00
   0.0000000e+00
   0.0000000e+00
   0.0000000e+00
   0.0000000e+00
  -0.0000000e+00
  -5.2324839e-02
  -4.4629246e-02
  -3.0066354e-02
  -1.8008471e-02
  -1.0198959e-02
  -9.6336158e-04
   6.4670686e-03
   1.0366255e-02
   1.6514337e-02
   1.9465854e-02
   1.8328665e-02
   0.0000000e+00
   0.0000000e+00
   0.0000000e+00
   0.0000000e+00
   0.0000000e+00
   0.0000000e+00
   0.0000000e+00
   0.0000000e+00
  -1.5143139e-02
  -3.6672740e-03
   6.4684486e-04
   6.9517219e-03
   1.6678989e-02
   2.5417993e-02
   3.4281842e-02
   3.9843045e-02
   3.5634931e-02
   2.5993207e-02
   0.0000000e+00
   0.0000000e+00
   2.9461337e-03
   0.0000000e+00
  -0.0000000e+00
  -1.9914164e-02
  -3.2069021e-02
  -4.3912048e-02
  -5.0097757e-02
  -5.0451116e-02
  -5.2381737e-02
  -5.5716358e-02
  -6.0093998e-02
  -6.3490852e-02
  -6.5910453e-02
  -6.7383801e-02
  -6.7619748e-02
  -6.7043809e-02
  -6.5487269e-02
  -6.3519078e-02
  -6.0998838e-02
  -5.7551134e-02
  -5.4245545e-02
  -5.0697667e-02
  -4.6371927e-02
  -4.2558968e-02
  -3.8508043e-02
  -3.3196687e-02
  -2.8200957e-02
  -2.2576693e-02
  -1.5143311e-02
  -8.5831550e-03
  -2.1762212e-03
   3.4332066e-03
   5.9852179e-03
   8.4799470e-03
   9.4045000e-03
   0.0000000e+00
   0.0000000e+00
   0.0000000e+00
   0.0000000e+00
   0.0000000e+00
  -5.5282598e-02
  -5.2082652e-02
  -4.3234295e-02
  -2.8852467e-02
  -1.6104340e-02
  -6.5185343e-03
   4.4950276e-03
   1.3314693e-02
   1.7188856e-02
   0.0000000e+00
   2.1500910e-02
   2.1500910e-02
   0.0000000e+00
   0.0000000e+00
   0.0000000e+00
   0.0000000e+00
   0.0000000e+00
   0.0000000e+00
   0.0000000e+00
   0.0000000e+00
  -1.3885838e-02
  -7.0319707e-04
   2.0453136e-03
   7.8626207e-03
   1.7874168e-02
   2.7686189e-02
   3.7551546e-02
   4.1823817e-02
   3.5536962e-02
   2.4753526e-02
   0.0000000e+00
  -0.0000000e+00
  -2.2965492e-03
   0.0000000e+00
  -0.0000000e+00
  -1.9914165e-02
  -3.1077173e-02
  -4.1557558e-02
  -4.7747407e-02
  -5.2828506e-02
  -5.8028258e-02
  -6.3862249e-02
  -7.1097091e-02
  -7.6518342e-02
  -8.0596186e-02
  -8.3481073e-02
  -8.4393635e-02
  -8.3885916e-02
  -8.1331961e-02
  -7.7791229e-02
  -7.3201813e-02
  -6.6646926e-02
  -6.0465664e-02
  -5.4016650e-02
  -4.6300739e-02
  -3.9987393e-02
  -3.3924550e-02
  -2.6958823e-02
  -2.1277744e-02
  -1.5767215e-02
  -1.0036490e-02
  -5.9946897e-03
  -2.1225067e-03
   2.1385578e-04
   1.5132231e-04
   2.1302684e-03
   9.4044998e-03
   0.0000000e+00
   0.0000000e+00
   0.0000000e+00
   0.0000000e+00
   0.0000000e+00
  -5.8809110e-02
  -5.2072018e-02
  -4.3697774e-02
  -3.0308077e-02
  -1.7342389e-02
  -5.2147433e-03
   8.6810952e-03
   1.4825611e-02
   1.7188857e-02
   0.0000000e+00
   0.0000000e+00
   0.0000000e+00
   0.0000000e+00
   0.0000000e+00
   0.0000000e+00
   0.0000000e+00
   0.0000000e+00
   0.0000000e+00
   0.0000000e+00
   0.0000000e+00
  -1.3885838e-02
   5.0494778e-03
   3.7417386e-03
   8.3100675e-03
   1.9408848e-02
   3.3270352e-02
   4.4979189e-02
   4.5989960e-02
   3.4805905e-02
   2.1279460e-02
   0.0000000e+00
  -2.9129028e-03
  -2.8479708e-03
  -4.4127996e-03
  -8.3939462e-03
   0.0000000e+00
  -3.1197634e-02
  -4.1319959e-02
  -4.8097704e-02
  -5.5135641e-02
  -6.1810397e-02
  -6.8952948e-02
  -7.7710435e-02
  -8.4303200e-02
  -8.9524262e-02
  -9.3688346e-02
  -9.5517099e-02
  -9.5731467e-02
  -9.3624488e-02
  -9.0085834e-02
  -8.5189976e-02
  -7.7769861e-02
  -7.0526756e-02
  -6.2768087e-02
  -5.3174421e-02
  -4.5152653e-02
  -3.7341461e-02
  -2.8301906e-02
  -2.1231927e-02
  -1.5039949e-02
  -9.9261459e-03
  -7.3614805e-03
  -4.6553132e-03
  -2.6504125e-03
  -2.9981250e-03
   1.8730515e-04
   0.0000000e+00
   0.0000000e+00
   0.0000000e+00
   0.0000000e+00
   0.0000000e+00
  -6.4321723e-02
  -5.9766106e-02
  -5.3373989e-02
  -4.5646191e-02
  -3.2940131e-02
  -1.9892376e-02
  -6.4662015e-03
   9.6041327e-03
   1.6559077e-02
   0.0000000e+00
   0.0000000e+00
   0.0000000e+00
   0.0000000e+00
   0.0000000e+00
   0.0000000e+00
   0.0000000e+00
   0.0000000e+00
   0.0000000e+00
   0.0000000e+00
   0.0000000e+00
   0.0000000e+00
   0.0000000e+00
   8.8959383e-03
   6.6670468e-03
   9.6804071e-03
   2.0794000e-02
   3.3573038e-02
   4.6164367e-02
   4.4582337e-02
   3.3742622e-02
   1.9653523e-02
   0.0000000e+00
   0.0000000e+00
  -3.9075217e-03
  -4.4128001e-03
  -8.3939474e-03
   0.0000000e+00
  -3.1844732e-02
  -4.1640557e-02
  -4.9781631e-02
  -5.9611258e-02
  -6.8499378e-02
  -7.7754074e-02
  -8.8988130e-02
  -9.7550758e-02
  -1.0481170e-01
  -1.1142269e-01
  -1.1512782e-01
  -1.1699336e-01
  -1.1629359e-01
  -1.1334229e-01
  -1.0850150e-01
  -1.0022369e-01
  -9.1580669e-02
  -8.1856175e-02
  -6.9158928e-02
  -5.8097125e-02
  -4.6972229e-02
  -3.3730847e-02
  -2.3690245e-02
  -1.5874060e-02
  -1.1561776e-02
  -1.1493555e-02
  -1.0555457e-02
  -8.1075891e-03
  -8.1488289e-03
  -8.4471808e-03
   0.0000000e+00
   0.0000000e+00
   0.0000000e+00
   0.0000000e+00
   0.0000000e+00
  -6.4321722e-02
  -6.1661290e-02
  -5.6400632e-02
  -4.9997986e-02
  -3.8511556e-02
  -2.5353878e-02
  -9.8546145e-03
   1.0196368e-02
   1.9464115e-02
   0.0000000e+00
   0.0000000e+00
   0.0000000e+00
   0.0000000e+00
   0.0000000e+00
   0.0000000e+00
   0.0000000e+00
   0.0000000e+00
   0.0000000e+00
   0.0000000e+00
   0.0000000e+00
   0.0000000e+00
   0.0000000e+00
   1.5694936e-02
   1.2830097e-02
   1.2696078e-02
   2.3441296e-02
   3.0841238e-02
   0.0000000e+00
   3.9771002e-02
   3.1544886e-02
   1.7165650e-02
   0.0000000e+00
   0.0000000e+00
  -3.9075216e-03
  -6.3790152e-03
  -8.7671215e-03
   0.0000000e+00
  -3.2825397e-02
  -4.1914891e-02
  -5.0403378e-02
  -6.1072353e-02
  -7.0788540e-02
  -8.0886481e-02
  -9.2946416e-02
  -1.0226832e-01
  -1.1051308e-01
  -1.1850267e-01
  -1.2351596e-01
  -1.2683129e-01
  -1.2796360e-01
  -1.2669328e-01
  -1.2364957e-01
  -1.1736064e-01
  -1.1002133e-01
  -1.0100487e-01
  -8.8056786e-02
  -7.5745255e-02
  -6.2348008e-02
  -4.5162159e-02
  -3.1206872e-02
  -1.9373800e-02
  -1.2129694e-02
  -1.3379932e-02
  -1.6395080e-02
  -1.2335844e-02
  -7.8785787e-03
  -8.4471809e-03
   0.0000000e+00
   0.0000000e+00
   0.0000000e+00
   0.0000000e+00
  -0.0000000e+00
  -6.8640645e-02
  -6.6513475e-02
  -6.3631222e-02
  -5.8471225e-02
  -4.8138215e-02
  -3.5362206e-02
  -1.8568413e-02
   4.1742440e-03
   1.9464112e-02
   0.0000000e+00
   0.0000000e+00
   0.0000000e+00
   0.0000000e+00
   0.0000000e+00
   0.0000000e+00
   0.0000000e+00
   0.0000000e+00
   0.0000000e+00
   0.0000000e+00
   0.0000000e+00
   0.0000000e+00
   0.0000000e+00
   1.7224354e-02
   2.1383841e-02
   1.9964234e-02
   2.7830133e-02
   3.6167860e-02
   0.0000000e+00
   3.1885883e-02
   2.8484810e-02
   1.5414554e-02
   0.0000000e+00
   0.0000000e+00
   0.0000000e+00
  -8.0994406e-03
  -8.8924001e-03
   0.0000000e+00
  -3.3913400e-02
  -4.2095127e-02
  -5.0283335e-02
  -6.0900379e-02
  -7.0673800e-02
  -8.0899872e-02
  -9.3095526e-02
  -1.0260527e-01
  -1.1117237e-01
  -1.1967085e-01
  -1.2518935e-01
  -1.2905256e-01
  -1.3090284e-01
  -1.3030583e-01
  -1.2801629e-01
  -1.2270618e-01
  -1.1612485e-01
  -1.0773171e-01
  -9.5131785e-02
  -8.2679925e-02
  -6.8680897e-02
  -5.0104238e-02
  -3.4430142e-02
  -2.0412603e-02
  -1.0895025e-02
  -1.2449013e-02
  -1.8556615e-02
  -1.5089081e-02
  -7.6971277e-03
   0.0000000e+00
  -6.7977276e-02
  -8.3493644e-02
  -8.5681455e-02
  -7.0806828e-02
  -7.0751867e-02
  -7.0315257e-02
  -6.9261275e-02
  -6.7515589e-02
  -6.3187711e-02
  -5.3747781e-02
  -4.1634935e-02
  -2.4856606e-02
  -1.5381988e-03
   0.0000000e+00
   0.0000000e+00
   0.0000000e+00
   0.0000000e+00
   0.0000000e+00
   0.0000000e+00
   0.0000000e+00
   0.0000000e+00
   0.0000000e+00
   0.0000000e+00
   0.0000000e+00
   0.0000000e+00
   0.0000000e+00
   0.0000000e+00
   1.8249720e-02
   2.6278884e-02
   2.4713347e-02
   2.9775910e-02
   3.7956064e-02
   0.0000000e+00
   2.8272051e-02
   2.7010294e-02
   1.4619807e-02
   0.0000000e+00
   0.0000000e+00
   0.0000000e+00
  -1.3477071e-02
   0.0000000e+00
   0.0000000e+00
  -3.6799555e-02
  -4.2430376e-02
  -4.9032787e-02
  -5.8380506e-02
  -6.7314285e-02
  -7.6950908e-02
  -8.8608191e-02
  -9.7862924e-02
  -1.0639979e-01
  -1.1507361e-01
  -1.2084330e-01
  -1.2493923e-01
  -1.2718094e-01
  -1.2699850e-01
  -1.2528283e-01
  -1.2115617e-01
  -1.1579325e-01
  -1.0886678e-01
  -9.7911551e-02
  -8.6521664e-02
  -7.3135360e-02
  -5.4305303e-02
  -3.7092211e-02
  -1.9894940e-02
  -5.4735399e-03
  -6.4993122e-03
  -1.9321591e-02
  -2.1853383e-02
   0.0000000e+00
   0.0000000e+00
  -6.7977275e-02
  -8.3493648e-02
  -8.5681446e-02
  -7.0806825e-02
  -7.1502017e-02
  -7.2548667e-02
  -7.3517090e-02
  -7.3057481e-02
  -7.0307964e-02
  -6.2792146e-02
  -5.2714416e-02
  -3.7647947e-02
  -1.3013374e-02
   0.0000000e+00
   0.0000000e+00
   0.0000000e+00
   0.0000000e+00
   0.0000000e+00
   0.0000000e+00
   0.0000000e+00
   0.0000000e+00
   0.0000000e+00
   0.0000000e+00
   0.0000000e+00
   0.0000000e+00
   0.0000000e+00
   0.0000000e+00
   2.0196915e-02
   3.3975519e-02
   3.3496500e-02
   3.2171719e-02
   0.0000000e+00
   0.0000000e+00
   2.4594967e-02
   2.5309201e-02
   1.3832877e-02
   0.0000000e+00
   0.0000000e+00
   0.0000000e+00
  -2.5466464e-02
   0.0000000e+00
  -3.9417268e-02
  -4.1812517e-02
  -4.3807752e-02
  -4.7896475e-02
  -5.4842036e-02
  -6.2111564e-02
  -7.0383795e-02
  -8.0839872e-02
  -8.9449629e-02
  -9.7509079e-02
  -1.0582770e-01
  -1.1131819e-01
  -1.1519572e-01
  -1.1754490e-01
  -1.1769040e-01
  -1.1646447e-01
  -1.1337750e-01
  -1.0925595e-01
  -1.0375138e-01
  -9.4461381e-02
  -8.4183618e-02
  -7.1528181e-02
  -5.3178534e-02
  -3.5958003e-02
  -1.8009363e-02
  -1.0283076e-03
   3.9069852e-04
  -1.9321592e-02
  -2.1853384e-02
   0.0000000e+00
   0.0000000e+00
  -6.4694077e-02
  -7.9144299e-02
  -8.0284640e-02
  -6.9824129e-02
  -6.9473639e-02
  -7.1226567e-02
  -7.2979689e-02
  -7.3384777e-02
  -7.2149120e-02
  -6.7404598e-02
  -6.0337018e-02
  -4.8345190e-02
  -2.5324516e-02
   0.0000000e+00
   0.0000000e+00
   0.0000000e+00
   0.0000000e+00
   0.0000000e+00
   0.0000000e+00
   0.0000000e+00
   0.0000000e+00
   0.0000000e+00
   0.0000000e+00
   0.0000000e+00
   0.0000000e+00
   0.0000000e+00
   0.0000000e+00
   2.6312119e-02
   4.0068604e-02
   4.1008994e-02
   3.5662547e-02
   0.0000000e+00
   0.0000000e+00
   2.5490894e-02
   2.4398062e-02
   1.6265041e-02
   0.0000000e+00
   0.0000000e+00
  -4.2274648e-02
  -3.5862057e-02
  -5.4679365e-02
  -4.2083092e-02
  -4.5099102e-02
  -4.4691099e-02
  -4.7050096e-02
  -5.2270323e-02
  -5.8289405e-02
  -6.5481313e-02
  -7.4959293e-02
  -8.3020796e-02
  -9.0640999e-02
  -9.8581500e-02
  -1.0379450e-01
  -1.0748315e-01
  -1.0986805e-01
  -1.1023013e-01
  -1.0935409e-01
  -1.0696185e-01
  -1.0367950e-01
  -9.9118747e-02
  -9.1018774e-02
  -8.1591820e-02
  -6.9503799e-02
  -5.1574569e-02
  -3.4525171e-02
  -1.6475875e-02
   9.4668454e-04
   6.8007584e-03
   0.0000000e+00
   0.0000000e+00
   0.0000000e+00
  -4.9793499e-02
  -6.0441546e-02
  -7.7121102e-02
  -7.7774220e-02
  -6.7779399e-02
  -6.7680716e-02
  -6.9621749e-02
  -7.1868584e-02
  -7.2879395e-02
  -7.2707616e-02
  -6.9967069e-02
  -6.5157003e-02
  -5.5655710e-02
  -3.4181153e-02
   0.0000000e+00
   0.0000000e+00
   0.0000000e+00
   0.0000000e+00
   0.0000000e+00
   0.0000000e+00
   0.0000000e+00
   0.0000000e+00
   0.0000000e+00
   0.0000000e+00
   0.0000000e+00
   0.0000000e+00
   0.0000000e+00
   0.0000000e+00
   0.0000000e+00
   4.3449649e-02
   4.5696069e-02
   3.8526125e-02
   0.0000000e+00
   0.0000000e+00
   0.0000000e+00
   2.3222756e-02
   2.0790526e-02
   0.0000000e+00
   0.0000000e+00
  -4.2274646e-02
  -5.2947125e-02
  -5.4679358e-02
  -5.1535391e-02
  -4.9612595e-02
  -4.5838162e-02
  -4.5547629e-02
  -4.7893824e-02
  -5.1661169e-02
  -5.6746187e-02
  -6.4241663e-02
  -7.1129701e-02
  -7.7723223e-02
  -8.4657199e-02
  -8.9172372e-02
  -9.2448324e-02
  -9.4765744e-02
  -9.5430580e-02
  -9.5131648e-02
  -9.3737515e-02
  -9.1692577e-02
  -8.8466889e-02
  -8.2330769e-02
  -7.4480449e-02
  -6.3467668e-02
  -4.6469521e-02
  -3.0245549e-02
  -1.3372762e-02
   3.6171813e-04
   0.0000000e+00
   0.0000000e+00
   0.0000000e+00
   0.0000000e+00
  -4.9793502e-02
  -4.3262483e-02
   0.0000000e+00
   0.0000000e+00
  -6.0273731e-02
  -6.3665138e-02
  -6.4942180e-02
  -6.7797489e-02
  -6.9770339e-02
  -7.1298919e-02
  -7.1937988e-02
  -7.1180857e-02
  -6.6692314e-02
  -4.8977998e-02
   0.0000000e+00
   0.0000000e+00
   0.0000000e+00
   0.0000000e+00
   0.0000000e+00
   0.0000000e+00
   0.0000000e+00
   0.0000000e+00
   0.0000000e+00
   0.0000000e+00
   0.0000000e+00
   0.0000000e+00
   0.0000000e+00
   0.0000000e+00
   0.0000000e+00
   4.8619086e-02
   5.1333685e-02
   4.4387231e-02
   0.0000000e+00
   0.0000000e+00
   0.0000000e+00
   1.6117351e-02
   0.0000000e+00
   0.0000000e+00
   0.0000000e+00
  -4.2274648e-02
  -5.5703011e-02
  -5.8251955e-02
  -5.5329197e-02
  -4.9599224e-02
  -4.4334853e-02
  -4.2788072e-02
  -4.3474952e-02
  -4.5707708e-02
  -4.9228059e-02
  -5.4929920e-02
  -6.0562395e-02
  -6.6194772e-02
  -7.2360969e-02
  -7.6547912e-02
  -7.9775682e-02
  -8.2363529e-02
  -8.3497410e-02
  -8.3834854e-02
  -8.3396596e-02
  -8.2287421e-02
  -8.0114027e-02
  -7.5088507e-02
  -6.7692063e-02
  -5.6719945e-02
  -3.9705160e-02
  -2.3944526e-02
  -7.9440232e-03
   2.3041425e-03
   0.0000000e+00
   0.0000000e+00
   0.0000000e+00
   0.0000000e+00
  -4.8107779e-02
  -4.3262481e-02
   0.0000000e+00
   0.0000000e+00
  -5.4391080e-02
  -5.7709575e-02
  -5.8614664e-02
  -6.1849080e-02
  -6.4587496e-02
  -6.7291289e-02
  -7.0159926e-02
  -7.2029224e-02
  -7.1464090e-02
  -5.8028326e-02
   0.0000000e+00
   0.0000000e+00
   0.0000000e+00
   0.0000000e+00
   0.0000000e+00
   0.0000000e+00
   0.0000000e+00
   0.0000000e+00
   0.0000000e+00
   0.0000000e+00
   0.0000000e+00
   0.0000000e+00
   0.0000000e+00
   0.0000000e+00
   0.0000000e+00
   0.0000000e+00
   4.7861760e-02
   4.4387227e-02
   0.0000000e+00
   0.0000000e+00
   0.0000000e+00
   0.0000000e+00
   0.0000000e+00
   0.0000000e+00
   0.0000000e+00
   0.0000000e+00
  -0.0000000e+00
  -5.8902757e-02
  -5.6082178e-02
  -4.8614468e-02
  -4.2308214e-02
  -3.9738423e-02
  -3.9300552e-02
  -4.0451060e-02
  -4.2870796e-02
  -4.7374598e-02
  -5.2092578e-02
  -5.6963402e-02
  -6.2544335e-02
  -6.6485863e-02
  -6.9654819e-02
  -7.2411892e-02
  -7.3874396e-02
  -7.4657288e-02
  -7.4904566e-02
  -7.4514244e-02
  -7.3200819e-02
  -6.9170084e-02
  -6.2276550e-02
  -5.1335755e-02
  -3.3925513e-02
  -1.8392402e-02
  -3.3656826e-03
   4.5239289e-03
   0.0000000e+00
   0.0000000e+00
  -0.0000000e+00
  -4.7205143e-02
  -4.6093416e-02
   0.0000000e+00
  -0.0000000e+00
  -4.1052856e-02
  -4.9294125e-02
  -5.2164498e-02
  -5.2799131e-02
  -5.6209486e-02
  -5.9445932e-02
  -6.2948342e-02
  -6.7342017e-02
  -7.0934121e-02
  -7.2962586e-02
  -6.3523154e-02
   0.0000000e+00
   0.0000000e+00
   0.0000000e+00
   0.0000000e+00
   0.0000000e+00
   0.0000000e+00
   0.0000000e+00
   0.0000000e+00
   0.0000000e+00
   0.0000000e+00
   0.0000000e+00
   0.0000000e+00
   0.0000000e+00
   0.0000000e+00
   0.0000000e+00
   0.0000000e+00
   4.4343674e-02
   0.0000000e+00
   0.0000000e+00
   0.0000000e+00
   0.0000000e+00
   0.0000000e+00
   0.0000000e+00
   0.0000000e+00
   0.0000000e+00
   0.0000000e+00
   0.0000000e+00
  -5.2125215e-02
  -5.2698691e-02
  -4.5212231e-02
  -3.7640802e-02
  -3.3501844e-02
  -3.1778660e-02
  -3.1594301e-02
  -3.2662948e-02
  -3.5839021e-02
  -3.9363949e-02
  -4.3107656e-02
  -4.7868530e-02
  -5.1476042e-02
  -5.4516824e-02
  -5.7434407e-02
  -5.9297354e-02
  -6.0622181e-02
  -6.1740587e-02
  -6.2369074e-02
  -6.2380670e-02
  -6.0051418e-02
  -5.4188200e-02
  -4.3292013e-02
  -2.4533337e-02
  -9.0582526e-03
   3.9630263e-03
   9.1681560e-03
   0.0000000e+00
   0.0000000e+00
  -0.0000000e+00
  -4.7205146e-02
  -4.2841286e-02
   0.0000000e+00
  -4.3149730e-02
  -4.1052853e-02
  -4.0880542e-02
  -4.2308383e-02
  -4.2591183e-02
  -4.6013500e-02
  -4.9770271e-02
  -5.4190052e-02
  -6.0358488e-02
  -6.5785177e-02
  -7.0623847e-02
  -6.8309202e-02
   0.0000000e+00
   0.0000000e+00
   0.0000000e+00
   0.0000000e+00
   0.0000000e+00
   0.0000000e+00
   0.0000000e+00
   0.0000000e+00
   0.0000000e+00
   0.0000000e+00
   0.0000000e+00
   0.0000000e+00
   0.0000000e+00
   0.0000000e+00
   0.0000000e+00
   0.0000000e+00
   1.7390864e-02
   0.0000000e+00
   0.0000000e+00
   0.0000000e+00
   0.0000000e+00
   0.0000000e+00
   0.0000000e+00
   0.0000000e+00
   0.0000000e+00
   0.0000000e+00
   0.0000000e+00
  -0.0000000e+00
  -4.3802730e-02
  -3.9491978e-02
  -3.0798908e-02
  -2.3960996e-02
  -2.0292789e-02
  -1.9329231e-02
  -1.9809611e-02
  -2.2199756e-02
  -2.5120582e-02
  -2.8292306e-02
  -3.2357503e-02
  -3.5467889e-02
  -3.7995853e-02
  -4.0388290e-02
  -4.2066745e-02
  -4.3530241e-02
  -4.5160297e-02
  -4.6574108e-02
  -4.7742434e-02
  -4.7258109e-02
  -4.2957358e-02
  -3.2748096e-02
  -1.2699673e-02
   2.6523012e-03
   1.0065335e-02
   9.1681555e-03
   0.0000000e+00
   0.0000000e+00
  -0.0000000e+00
  -3.8665868e-02
  -3.4419104e-02
  -2.8683066e-02
  -2.8754098e-02
  -2.8012943e-02
  -2.8219357e-02
  -2.9002564e-02
  -2.9292956e-02
  -3.2606684e-02
  -3.6533859e-02
  -4.1405082e-02
  -4.8429914e-02
  -5.4738306e-02
  -6.0762245e-02
  -6.0040787e-02
  -4.8354074e-02
   0.0000000e+00
   0.0000000e+00
   0.0000000e+00
   0.0000000e+00
   0.0000000e+00
   0.0000000e+00
   0.0000000e+00
   0.0000000e+00
   0.0000000e+00
   0.0000000e+00
   0.0000000e+00
   0.0000000e+00
   0.0000000e+00
   0.0000000e+00
   0.0000000e+00
   0.0000000e+00
   0.0000000e+00
   0.0000000e+00
   0.0000000e+00
   0.0000000e+00
   0.0000000e+00
   0.0000000e+00
   0.0000000e+00
   0.0000000e+00
   0.0000000e+00
   0.0000000e+00
   0.0000000e+00
  -3.6086691e-02
  -3.4094039e-02
  -2.5390205e-02
  -1.6822601e-02
  -1.0480349e-02
  -8.5512222e-03
  -8.8515021e-03
  -1.0939157e-02
  -1.3538444e-02
  -1.6404625e-02
  -2.0019116e-02
  -2.2694164e-02
  -2.4783781e-02
  -2.6625777e-02
  -2.8001329e-02
  -2.9426873e-02
  -3.1298980e-02
  -3.3238288e-02
  -3.5261735e-02
  -3.6190610e-02
  -3.3180021e-02
  -2.3685131e-02
  -2.9706224e-03
   1.2292742e-02
   1.3788981e-02
   0.0000000e+00
   0.0000000e+00
   0.0000000e+00
  -0.0000000e+00
  -3.6337367e-02
  -3.2122533e-02
  -2.5740423e-02
  -1.8505241e-02
  -1.6229538e-02
  -1.6829304e-02
  -1.7626261e-02
  -1.8378736e-02
  -2.1818593e-02
  -2.5963169e-02
  -3.1102501e-02
  -3.8381815e-02
  -4.4921367e-02
  -5.1409967e-02
  -5.3111300e-02
  -4.5582699e-02
   0.0000000e+00
   0.0000000e+00
   0.0000000e+00
   0.0000000e+00
   0.0000000e+00
   0.0000000e+00
   0.0000000e+00
   0.0000000e+00
   0.0000000e+00
   0.0000000e+00
   0.0000000e+00
   0.0000000e+00
   0.0000000e+00
   0.0000000e+00
   0.0000000e+00
   0.0000000e+00
   0.0000000e+00
   0.0000000e+00
   0.0000000e+00
   0.0000000e+00
   0.0000000e+00
   0.0000000e+00
   0.0000000e+00
   0.0000000e+00
   0.0000000e+00
   0.0000000e+00
   0.0000000e+00
  -2.8682205e-02
  -2.7752811e-02
  -1.9536510e-02
  -9.3270848e-03
   5.5686117e-04
   3.7302235e-03
   3.4624746e-03
   1.5205176e-03
  -8.1969379e-04
  -3.4387594e-03
  -6.6220183e-03
  -8.8017788e-03
  -1.0398208e-02
  -1.1567371e-02
  -1.2525601e-02
  -1.3825950e-02
  -1.5867449e-02
  -1.8321190e-02
  -2.1236317e-02
  -2.3668844e-02
  -2.2085911e-02
  -1.3461813e-02
   7.7721286e-03
   2.2944558e-02
   2.7400548e-02
   0.0000000e+00
   0.0000000e+00
   0.0000000e+00
   0.0000000e+00
   0.0000000e+00
   0.0000000e+00
  -0.0000000e+00
  -4.8151659e-03
  -2.6360834e-03
  -3.7151128e-03
  -4.8252116e-03
  -6.3376962e-03
  -1.0034859e-02
  -1.4461858e-02
  -1.9840751e-02
  -2.7154690e-02
  -3.3678949e-02
  -4.0401250e-02
  -4.4456422e-02
  -4.1003939e-02
   0.0000000e+00
   0.0000000e+00
   0.0000000e+00
   0.0000000e+00
   0.0000000e+00
   0.0000000e+00
   0.0000000e+00
   0.0000000e+00
   0.0000000e+00
   0.0000000e+00
   0.0000000e+00
   0.0000000e+00
   0.0000000e+00
   0.0000000e+00
   0.0000000e+00
   0.0000000e+00
   0.0000000e+00
   0.0000000e+00
   0.0000000e+00
   0.0000000e+00
   0.0000000e+00
   0.0000000e+00
   0.0000000e+00
   0.0000000e+00
   0.0000000e+00
   0.0000000e+00
   0.0000000e+00
  -1.4521624e-02
  -1.6988588e-02
  -1.3070976e-02
  -3.2845819e-03
   1.4191396e-02
   2.0957608e-02
   2.2589685e-02
   2.1420613e-02
   1.9620768e-02
   1.7879488e-02
   1.6325927e-02
   1.5391289e-02
   1.4827369e-02
   1.4597235e-02
   1.4271759e-02
   1.3246984e-02
   1.0987260e-02
   7.9016376e-03
   3.8234295e-03
  -1.1345332e-03
  -2.3553214e-03
   4.0372004e-03
   2.2768256e-02
   3.3783899e-02
   0.0000000e+00
   0.0000000e+00
   0.0000000e+00
   0.0000000e+00
   0.0000000e+00
   0.0000000e+00
   0.0000000e+00
   0.0000000e+00
   1.5769155e-02
   2.0256806e-02
   2.0021317e-02
   1.7530824e-02
   1.4192709e-02
   9.3000843e-03
   4.3269261e-03
  -1.2291803e-03
  -8.3284162e-03
  -1.4388490e-02
  -2.0511377e-02
  -2.6388784e-02
  -2.4837365e-02
  -2.2095831e-02
   0.0000000e+00
   0.0000000e+00
   0.0000000e+00
   0.0000000e+00
   0.0000000e+00
   0.0000000e+00
   0.0000000e+00
   0.0000000e+00
   0.0000000e+00
   0.0000000e+00
   0.0000000e+00
   0.0000000e+00
   0.0000000e+00
   0.0000000e+00
   0.0000000e+00
   0.0000000e+00
   0.0000000e+00
   0.0000000e+00
   0.0000000e+00
   0.0000000e+00
   0.0000000e+00
   0.0000000e+00
   0.0000000e+00
   0.0000000e+00
   0.0000000e+00
   0.0000000e+00
  -5.1897510e-03
  -8.1454327e-03
  -1.3070975e-02
  -3.2845818e-03
   2.1708298e-02
   2.9316790e-02
   3.1176286e-02
   3.0719677e-02
   3.0199435e-02
   2.9858379e-02
   3.0114466e-02
   3.0652661e-02
   3.1126386e-02
   3.1654388e-02
   3.1682186e-02
   3.0948218e-02
   2.8784350e-02
   2.5537452e-02
   2.0989355e-02
   1.4444356e-02
   1.0917969e-02
   1.4852045e-02
   2.5204426e-02
   3.3783898e-02
   0.0000000e+00
   0.0000000e+00
   0.0000000e+00
   0.0000000e+00
   0.0000000e+00
   0.0000000e+00
   0.0000000e+00
   0.0000000e+00
   2.3506746e-02
   3.0960182e-02
   3.2196004e-02
   2.9421050e-02
   2.5707999e-02
   2.0557493e-02
   1.5666764e-02
   1.0355586e-02
   3.6536367e-03
  -2.1254907e-03
  -8.0562672e-03
  -1.4019110e-02
  -1.4407929e-02
  -1.3285263e-02
   0.0000000e+00
   0.0000000e+00
   0.0000000e+00
   0.0000000e+00
   0.0000000e+00
   1.9585803e-02
   2.6342502e-02
   2.8747814e-02
   2.7937911e-02
   0.0000000e+00
   0.0000000e+00
   0.0000000e+00
   0.0000000e+00
   0.0000000e+00
   0.0000000e+00
   0.0000000e+00
   0.0000000e+00
   0.0000000e+00
   0.0000000e+00
   0.0000000e+00
   0.0000000e+00
   0.0000000e+00
   0.0000000e+00
   0.0000000e+00
   0.0000000e+00
  -0.0000000e+00
  -3.7555328e-04
  -1.9955956e-03
   0.0000000e+00
   0.0000000e+00
   2.8005643e-02
   3.5225939e-02
   3.6137413e-02
   3.6434531e-02
   3.7943978e-02
   3.9771736e-02
   4.2200129e-02
   4.4428833e-02
   4.6418820e-02
   4.8037000e-02
   4.8671052e-02
   4.8441857e-02
   4.6466559e-02
   4.3182418e-02
   3.8331643e-02
   3.0326912e-02
   2.4286207e-02
   2.4704121e-02
   2.8649251e-02
   0.0000000e+00
   0.0000000e+00
   0.0000000e+00
   0.0000000e+00
   0.0000000e+00
   0.0000000e+00
   0.0000000e+00
   0.0000000e+00
   0.0000000e+00
   0.0000000e+00
   3.9640628e-02
   4.1706860e-02
   3.8953736e-02
   3.5457194e-02
   3.0523354e-02
   2.6041402e-02
   2.1303307e-02
   1.5365442e-02
   1.0210034e-02
   4.7910111e-03
  -1.0962803e-03
  -2.6354408e-03
  -2.2985097e-03
   0.0000000e+00
   0.0000000e+00
   0.0000000e+00
   0.0000000e+00
   1.5934295e-02
   2.1423317e-02
   2.4601528e-02
   2.8747814e-02
   2.7937911e-02
   0.0000000e+00
   0.0000000e+00
   0.0000000e+00
   0.0000000e+00
   0.0000000e+00
   0.0000000e+00
   0.0000000e+00
   0.0000000e+00
   0.0000000e+00
   0.0000000e+00
   0.0000000e+00
   0.0000000e+00
   0.0000000e+00
   0.0000000e+00
   0.0000000e+00
   0.0000000e+00
  -0.0000000e+00
  -6.6969130e-04
   1.3762920e-02
   1.3762920e-02
   0.0000000e+00
   3.2474506e-02
   3.7731592e-02
   3.6459886e-02
   3.7601721e-02
   4.1981336e-02
   4.6788201e-02
   5.1690355e-02
   5.5905584e-02
   5.9954755e-02
   6.3070491e-02
   6.4639963e-02
   6.5175205e-02
   6.3522771e-02
   6.0336027e-02
   5.5358369e-02
   4.6114307e-02
   3.7376102e-02
   3.2814145e-02
   3.1882654e-02
   0.0000000e+00
   0.0000000e+00
   0.0000000e+00
   0.0000000e+00
   0.0000000e+00
   0.0000000e+00
   0.0000000e+00
   0.0000000e+00
   0.0000000e+00
   0.0000000e+00
   4.5086491e-02
   4.7259510e-02
   4.5005072e-02
   4.2431921e-02
   3.8323276e-02
   3.4722984e-02
   3.1036053e-02
   2.6416659e-02
   2.2351727e-02
   1.7853066e-02
   1.2197449e-02
   1.0020101e-02
   1.0220631e-02
   0.0000000e+00
   0.0000000e+00
   1.8447875e-02
   1.8405087e-02
   1.9280281e-02
   2.4715920e-02
   2.0314111e-02
   0.0000000e+00
   0.0000000e+00
   0.0000000e+00
   0.0000000e+00
   0.0000000e+00
   0.0000000e+00
   0.0000000e+00
   0.0000000e+00
   0.0000000e+00
   0.0000000e+00
   0.0000000e+00
   0.0000000e+00
   0.0000000e+00
   0.0000000e+00
   0.0000000e+00
   0.0000000e+00
   0.0000000e+00
   0.0000000e+00
   0.0000000e+00
   0.0000000e+00
   0.0000000e+00
   1.3762920e-02
   0.0000000e+00
   3.5898501e-02
   3.3882224e-02
   3.0304210e-02
   3.2949792e-02
   4.1160756e-02
   4.9454824e-02
   5.6573742e-02
   6.3851722e-02
   7.0695714e-02
   7.6131447e-02
   7.9389168e-02
   8.1139219e-02
   8.0211070e-02
   7.7141323e-02
   7.1941826e-02
   6.1917620e-02
   5.0207014e-02
   3.6404418e-02
   0.0000000e+00
   0.0000000e+00
   0.0000000e+00
   0.0000000e+00
   0.0000000e+00
   0.0000000e+00
   0.0000000e+00
   0.0000000e+00
   0.0000000e+00
   0.0000000e+00
   0.0000000e+00
   4.1106922e-02
   4.4171336e-02
   4.3911496e-02
   4.3094834e-02
   4.0897183e-02
   3.9526839e-02
   3.8314231e-02
   3.6832471e-02
   3.5030662e-02
   3.2265961e-02
   2.6716651e-02
   2.0398417e-02
   1.7950950e-02
   0.0000000e+00
   0.0000000e+00
   1.8447876e-02
   2.3579663e-02
   2.1983765e-02
   2.0331916e-02
   0.0000000e+00
   0.0000000e+00
   0.0000000e+00
   0.0000000e+00
   0.0000000e+00
   0.0000000e+00
   0.0000000e+00
   0.0000000e+00
   0.0000000e+00
   0.0000000e+00
   0.0000000e+00
   0.0000000e+00
   0.0000000e+00
   0.0000000e+00
   0.0000000e+00
   0.0000000e+00
   0.0000000e+00
   0.0000000e+00
   0.0000000e+00
   0.0000000e+00
   0.0000000e+00
   0.0000000e+00
   2.4736170e-02
   2.6527748e-02
   0.0000000e+00
   3.2699388e-02
   3.0016761e-02
   3.3386447e-02
   4.1769907e-02
   5.0172180e-02
   5.9933648e-02
   6.8176344e-02
   7.5811796e-02
   8.3255053e-02
   8.7507345e-02
   9.0328127e-02
   8.9841694e-02
   8.6988173e-02
   8.1371829e-02
   7.0863530e-02
   5.7971288e-02
   3.7901767e-02
   0.0000000e+00
   0.0000000e+00
   0.0000000e+00
   0.0000000e+00
   0.0000000e+00
   0.0000000e+00
   0.0000000e+00
   0.0000000e+00
   0.0000000e+00
   0.0000000e+00
   0.0000000e+00
   4.1106920e-02
   3.4826498e-02
   3.8555313e-02
   3.8449384e-02
   3.8454458e-02
   4.0721994e-02
   4.3040697e-02
   4.3840177e-02
   4.3839872e-02
   4.3075718e-02
   3.6919452e-02
   2.9247012e-02
   2.4622347e-02
   0.0000000e+00
   0.0000000e+00
   1.3795358e-02
   2.3579662e-02
   2.1983763e-02
   2.0331913e-02
   0.0000000e+00
   0.0000000e+00
   0.0000000e+00
   0.0000000e+00
   0.0000000e+00
   0.0000000e+00
   0.0000000e+00
   0.0000000e+00
   0.0000000e+00
   0.0000000e+00
   0.0000000e+00
   0.0000000e+00
   0.0000000e+00
   0.0000000e+00
   0.0000000e+00
   0.0000000e+00
   0.0000000e+00
   0.0000000e+00
   0.0000000e+00
   0.0000000e+00
   0.0000000e+00
   0.0000000e+00
   0.0000000e+00
   0.0000000e+00
   0.0000000e+00
   2.9155327e-02
   2.8119743e-02
   3.1190839e-02
   3.8649604e-02
   4.6830244e-02
   5.8575317e-02
   6.7126252e-02
   7.6034576e-02
   8.3888583e-02
   8.9469098e-02
   9.2604339e-02
   9.3075313e-02
   9.0266615e-02
   8.4540702e-02
   7.4144296e-02
   6.0676381e-02
   4.0587183e-02
   0.0000000e+00
   0.0000000e+00
   0.0000000e+00
   0.0000000e+00
   0.0000000e+00
   0.0000000e+00
   0.0000000e+00
   0.0000000e+00
   0.0000000e+00
   0.0000000e+00
   0.0000000e+00
   0.0000000e+00
   3.1474566e-02
   3.2425232e-02
   3.2648437e-02
   3.5366174e-02
   4.1055474e-02
   4.6290979e-02
   4.8420887e-02
   4.9654402e-02
   4.8937473e-02
   4.4694893e-02
   3.5509992e-02
   3.0224446e-02
   0.0000000e+00
   0.0000000e+00
   1.3035752e-02
   0.0000000e+00
   0.0000000e+00
   0.0000000e+00
   0.0000000e+00
  -0.0000000e+00
  -0.0000000e+00
   0.0000000e+00
   0.0000000e+00
   0.0000000e+00
   0.0000000e+00
   0.0000000e+00
   0.0000000e+00
   0.0000000e+00
   0.0000000e+00
   0.0000000e+00
   0.0000000e+00
   0.0000000e+00
   0.0000000e+00
   0.0000000e+00
   0.0000000e+00
   0.0000000e+00
   0.0000000e+00
   0.0000000e+00
   0.0000000e+00
   0.0000000e+00
   0.0000000e+00
   0.0000000e+00
   0.0000000e+00
   2.1098573e-02
   1.8728212e-02
   2.2286609e-02
   2.9999889e-02
   4.0089060e-02
   5.1000342e-02
   6.0633771e-02
   6.9098599e-02
   7.8787655e-02
   8.4314257e-02
   8.8918589e-02
   8.9237936e-02
   8.7530464e-02
   8.1428014e-02
   7.1842514e-02
   5.8417879e-02
   4.0525489e-02
   0.0000000e+00
   0.0000000e+00
   0.0000000e+00
   0.0000000e+00
   0.0000000e+00
   0.0000000e+00
   0.0000000e+00
   0.0000000e+00
   0.0000000e+00
   0.0000000e+00
   0.0000000e+00
   0.0000000e+00
   0.0000000e+00
   2.4111652e-02
   3.0261888e-02
   3.1291716e-02
   4.0303603e-02
   4.7256868e-02
   5.0919570e-02
   5.2778114e-02
   5.2580450e-02
   4.9850784e-02
   4.1803092e-02
   3.6377665e-02
   3.1893672e-02
   0.0000000e+00
   0.0000000e+00
   0.0000000e+00
   0.0000000e+00
   0.0000000e+00
   0.0000000e+00
  -0.0000000e+00
  -0.0000000e+00
   0.0000000e+00
   0.0000000e+00
   0.0000000e+00
   0.0000000e+00
   0.0000000e+00
   0.0000000e+00
   0.0000000e+00
   0.0000000e+00
   0.0000000e+00
   0.0000000e+00
   0.0000000e+00
   0.0000000e+00
   0.0000000e+00
   0.0000000e+00
   0.0000000e+00
   0.0000000e+00
   0.0000000e+00
   0.0000000e+00
   0.0000000e+00
   0.0000000e+00
   0.0000000e+00
   6.6723051e-03
   6.4967514e-03
   3.3708566e-03
   4.8234044e-03
   1.5347997e-02
   2.6374456e-02
   3.7170731e-02
   4.6065057e-02
   5.4899957e-02
   6.4951427e-02
   7.1863725e-02
   7.6748982e-02
   7.8946605e-02
   7.7268792e-02
   7.2601572e-02
   6.1998434e-02
   5.0256142e-02
   3.1854622e-02
   0.0000000e+00
   0.0000000e+00
   0.0000000e+00
   0.0000000e+00
   0.0000000e+00
   0.0000000e+00
   0.0000000e+00
   0.0000000e+00
   0.0000000e+00
   0.0000000e+00
   0.0000000e+00
   0.0000000e+00
   0.0000000e+00
   0.0000000e+00
   0.0000000e+00
   2.7025066e-02
   3.7833731e-02
   4.5232810e-02
   5.0638083e-02
   5.2919009e-02
   5.4146562e-02
   5.2491240e-02
   4.6989063e-02
   3.8547166e-02
   3.1160623e-02
   0.0000000e+00
   0.0000000e+00
   0.0000000e+00
   0.0000000e+00
   0.0000000e+00
   0.0000000e+00
   0.0000000e+00
   0.0000000e+00
   0.0000000e+00
   0.0000000e+00
   0.0000000e+00
   0.0000000e+00
   0.0000000e+00
   0.0000000e+00
   0.0000000e+00
   0.0000000e+00
   0.0000000e+00
   0.0000000e+00
   0.0000000e+00
   0.0000000e+00
   0.0000000e+00
   0.0000000e+00
   0.0000000e+00
   0.0000000e+00
   0.0000000e+00
   0.0000000e+00
   0.0000000e+00
   0.0000000e+00
   0.0000000e+00
   1.0191925e-03
  -7.3192306e-03
  -7.4570535e-03
  -1.0571887e-02
  -5.4252374e-03
   5.2304924e-03
   1.6271144e-02
   2.4453924e-02
   3.3824898e-02
   4.4228598e-02
   5.2480036e-02
   5.7510290e-02
   6.1570562e-02
   6.0049117e-02
   5.6634277e-02
   4.5426805e-02
   3.4233223e-02
   2.1168450e-02
   0.0000000e+00
   0.0000000e+00
   0.0000000e+00
   0.0000000e+00
   0.0000000e+00
   0.0000000e+00
   0.0000000e+00
   0.0000000e+00
   0.0000000e+00
   0.0000000e+00
   0.0000000e+00
   0.0000000e+00
   0.0000000e+00
   0.0000000e+00
   0.0000000e+00
   2.3144571e-02
   3.3414710e-02
   4.0493526e-02
   4.6914838e-02
   4.9975993e-02
   5.2607011e-02
   5.2351717e-02
   4.8305513e-02
   4.0652590e-02
   3.0293188e-02
   0.0000000e+00
   0.0000000e+00
   0.0000000e+00
   0.0000000e+00
   0.0000000e+00
   0.0000000e+00
   0.0000000e+00
   0.0000000e+00
   0.0000000e+00
   0.0000000e+00
   0.0000000e+00
   0.0000000e+00
   0.0000000e+00
   0.0000000e+00
   0.0000000e+00
   0.0000000e+00
   0.0000000e+00
   0.0000000e+00
   0.0000000e+00
   0.0000000e+00
   0.0000000e+00
   0.0000000e+00
   0.0000000e+00
   0.0000000e+00
   0.0000000e+00
   0.0000000e+00
   0.0000000e+00
   0.0000000e+00
   0.0000000e+00
  -6.8027871e-03
  -1.2609913e-02
  -1.4150664e-02
  -0.0000000e+00
  -2.3487783e-02
  -1.9410100e-02
  -9.6495813e-03
  -9.4590452e-04
   9.0408586e-03
   2.0190226e-02
   2.8476425e-02
   3.4246385e-02
   3.7610777e-02
   3.7656330e-02
   3.2952167e-02
   2.4629885e-02
   1.5779330e-02
   1.2241706e-02
   0.0000000e+00
   0.0000000e+00
   0.0000000e+00
   0.0000000e+00
   0.0000000e+00
   0.0000000e+00
   0.0000000e+00
   0.0000000e+00
   0.0000000e+00
   0.0000000e+00
   0.0000000e+00
   0.0000000e+00
   0.0000000e+00
   0.0000000e+00
   0.0000000e+00
   1.8179715e-02
   2.7144186e-02
   3.3516511e-02
   3.9932813e-02
   4.3451775e-02
   4.7169279e-02
   4.8124269e-02
   4.4884555e-02
   4.1682091e-02
   0.0000000e+00
   0.0000000e+00
   0.0000000e+00
   0.0000000e+00
   0.0000000e+00
   0.0000000e+00
   0.0000000e+00
   0.0000000e+00
   0.0000000e+00
   0.0000000e+00
   0.0000000e+00
   0.0000000e+00
   0.0000000e+00
   0.0000000e+00
   0.0000000e+00
   0.0000000e+00
   0.0000000e+00
   0.0000000e+00
   0.0000000e+00
   0.0000000e+00
   0.0000000e+00
   0.0000000e+00
   0.0000000e+00
   0.0000000e+00
   0.0000000e+00
   0.0000000e+00
   0.0000000e+00
   0.0000000e+00
   0.0000000e+00
   0.0000000e+00
  -1.8372843e-02
  -2.2615436e-02
  -2.3166981e-02
   0.0000000e+00
  -0.0000000e+00
  -4.2518578e-02
  -3.5960171e-02
  -2.8070357e-02
  -1.6393231e-02
  -5.8213822e-03
   1.5518998e-03
   5.3453734e-03
   6.7841182e-03
   6.0851304e-03
   2.4277586e-03
  -1.4258362e-03
   1.0572645e-03
   0.0000000e+00
   0.0000000e+00
   0.0000000e+00
   0.0000000e+00
   0.0000000e+00
   0.0000000e+00
   0.0000000e+00
   0.0000000e+00
   0.0000000e+00
   0.0000000e+00
   4.1937082e-03
   0.0000000e+00
   0.0000000e+00
   0.0000000e+00
   0.0000000e+00
   3.5708109e-03
   1.1282163e-02
   1.8356251e-02
   2.3653215e-02
   2.9766100e-02
   3.2603692e-02
   3.6394700e-02
   3.7672810e-02
   3.5768509e-02
   2.4513826e-02
   0.0000000e+00
   0.0000000e+00
   3.9093868e-03
   0.0000000e+00
   0.0000000e+00
   0.0000000e+00
   0.0000000e+00
   0.0000000e+00
   0.0000000e+00
   0.0000000e+00
   0.0000000e+00
   0.0000000e+00
   0.0000000e+00
   0.0000000e+00
   0.0000000e+00
   0.0000000e+00
   0.0000000e+00
   0.0000000e+00
   0.0000000e+00
   0.0000000e+00
   0.0000000e+00
   0.0000000e+00
   0.0000000e+00
   0.0000000e+00
   0.0000000e+00
   0.0000000e+00
   0.0000000e+00
   0.0000000e+00
   0.0000000e+00
   0.0000000e+00
  -2.4531661e-02
  -3.0673006e-02
  -3.0961524e-02
   0.0000000e+00
  -0.0000000e+00
  -5.7024698e-02
  -5.8445312e-02
  -4.5986872e-02
  -3.5202000e-02
  -2.3111254e-02
  -1.5945665e-02
  -8.7130024e-03
  -9.8178441e-03
  -1.1126116e-02
  -1.3540331e-02
  -1.8779757e-02
   0.0000000e+00
   0.0000000e+00
   0.0000000e+00
   0.0000000e+00
   0.0000000e+00
   0.0000000e+00
   0.0000000e+00
   0.0000000e+00
   0.0000000e+00
   4.2911113e-04
   1.6224117e-03
   2.2463229e-03
   0.0000000e+00
   0.0000000e+00
   0.0000000e+00
   1.5019734e-03
  -2.8962719e-03
  -7.1041505e-03
  -7.1527613e-03
   6.5841898e-04
   1.2086299e-02
   1.5689030e-02
   1.8937500e-02
   2.2951035e-02
   2.3446988e-02
   1.8554781e-02
   0.0000000e+00
   5.2290759e-03
   3.7862933e-03
   0.0000000e+00
   0.0000000e+00
  -4.0735894e-03
   0.0000000e+00
   0.0000000e+00
   0.0000000e+00
   0.0000000e+00
   0.0000000e+00
   0.0000000e+00
   0.0000000e+00
   0.0000000e+00
   0.0000000e+00
   0.0000000e+00
   0.0000000e+00
   0.0000000e+00
   0.0000000e+00
   0.0000000e+00
   0.0000000e+00
   0.0000000e+00
   0.0000000e+00
   0.0000000e+00
   0.0000000e+00
   0.0000000e+00
   0.0000000e+00
   0.0000000e+00
   0.0000000e+00
   0.0000000e+00
   0.0000000e+00
   0.0000000e+00
   0.0000000e+00
   0.0000000e+00
   0.0000000e+00
  -0.0000000e+00
  -6.4305648e-02
  -4.2677592e-02
  -3.9937116e-02
  -2.7611475e-02
  -2.0812660e-02
   0.0000000e+00
   0.0000000e+00
   0.0000000e+00
   0.0000000e+00
   0.0000000e+00
   0.0000000e+00
   0.0000000e+00
   0.0000000e+00
   0.0000000e+00
   0.0000000e+00
   0.0000000e+00
   0.0000000e+00
   0.0000000e+00
   0.0000000e+00
  -1.7110141e-03
  -3.9170824e-04
  -2.7998888e-04
   3.3606637e-03
   0.0000000e+00
  -0.0000000e+00
   1.6558003e-03
  -7.2367629e-03
  -1.5707674e-02
  -1.9014698e-02
  -2.8669151e-02
  -3.4606941e-02
  -2.5874056e-02
  -1.4903011e-02
  -7.1085994e-03
   1.1175993e-03
   3.7881923e-03
   5.9173227e-03
   6.9051583e-03
   4.4247508e-03
   0.0000000e+00
   0.0000000e+00
  -4.0735890e-03
   0.0000000e+00
   0.0000000e+00
   0.0000000e+00
   0.0000000e+00
   0.0000000e+00
   0.0000000e+00
   0.0000000e+00
   0.0000000e+00
   0.0000000e+00
   0.0000000e+00
   0.0000000e+00
   0.0000000e+00
   0.0000000e+00
   0.0000000e+00
   0.0000000e+00
   0.0000000e+00
   0.0000000e+00
   0.0000000e+00
   0.0000000e+00
   0.0000000e+00
   0.0000000e+00
   0.0000000e+00
   0.0000000e+00
   0.0000000e+00
   0.0000000e+00
   0.0000000e+00
   0.0000000e+00
   0.0000000e+00
   0.0000000e+00
   0.0000000e+00
   0.0000000e+00
  -0.0000000e+00
  -4.3766806e-02
  -2.9314932e-02
  -2.4357658e-02
   0.0000000e+00
   0.0000000e+00
   0.0000000e+00
   0.0000000e+00
   0.0000000e+00
   0.0000000e+00
   0.0000000e+00
   0.0000000e+00
   0.0000000e+00
   0.0000000e+00
   0.0000000e+00
   0.0000000e+00
   0.0000000e+00
   0.0000000e+00
   0.0000000e+00
   0.0000000e+00
   7.5351292e-04
   8.0578844e-04
   0.0000000e+00
   0.0000000e+00
   2.5807943e-03
  -1.1216171e-02
   0.0000000e+00
   0.0000000e+00
   0.0000000e+00
  -7.3791357e-02
  -7.4955456e-02
  -6.1103284e-02
  -4.5123357e-02
  -3.1433318e-02
  -1.8376689e-02
  -8.6014997e-03
  -3.6583777e-04
   2.3209679e-03
  -2.9808894e-03
   0.0000000e+00
   0.0000000e+00
   0.0000000e+00
   0.0000000e+00
   0.0000000e+00
   0.0000000e+00
   0.0000000e+00
   0.0000000e+00
   0.0000000e+00
   0.0000000e+00
   0.0000000e+00
   0.0000000e+00
   0.0000000e+00
   0.0000000e+00
   0.0000000e+00
   0.0000000e+00
   0.0000000e+00
   0.0000000e+00
   0.0000000e+00
   0.0000000e+00
   0.0000000e+00
   0.0000000e+00
   0.0000000e+00
   0.0000000e+00
   0.0000000e+00
   0.0000000e+00
   0.0000000e+00
   0.0000000e+00
   0.0000000e+00
  -0.0000000e+00
  -0.0000000e+00
  -0.0000000e+00
  -0.0000000e+00
  -0.0000000e+00
  -0.0000000e+00
  -4.8062654e-02
  -5.1713503e-02
  -7.6860299e-02
   0.0000000e+00
   0.0000000e+00
  -0.0000000e+00
  -0.0000000e+00
  -0.0000000e+00
  -0.0000000e+00
   0.0000000e+00
   0.0000000e+00
   0.0000000e+00
   0.0000000e+00
   0.0000000e+00
   0.0000000e+00
   0.0000000e+00
   0.0000000e+00
   0.0000000e+00
  -0.0000000e+00
  -3.4903631e-03
   0.0000000e+00
   1.5024918e-02
   4.7613485e-03
  -1.2974919e-03
   0.0000000e+00
   0.0000000e+00
   0.0000000e+00
   0.0000000e+00
  -0.0000000e+00
  -7.0386450e-02
  -3.4881433e-02
  -2.9405175e-02
  -2.5224699e-02
  -1.5479647e-02
  -9.9410424e-03
  -8.1374543e-03
  -7.9156459e-03
  -1.9398800e-02
  -0.0000000e+00
   0.0000000e+00
   0.0000000e+00
  -0.0000000e+00
  -1.6539785e-03
   3.5343627e-04
  -1.4373503e-03
  -3.0899685e-03
  -0.0000000e+00
  -0.0000000e+00
   0.0000000e+00
   0.0000000e+00
   0.0000000e+00
   0.0000000e+00
   0.0000000e+00
   0.0000000e+00
   0.0000000e+00
   0.0000000e+00
   0.0000000e+00
  -0.0000000e+00
  -0.0000000e+00
  -0.0000000e+00
  -1.7471989e-02
  -1.6248711e-02
  -1.6845623e-02
  -1.7228422e-02
  -1.7460926e-02
  -1.8215623e-02
  -1.9138536e-02
  -2.0249950e-02
  -2.2153039e-02
  -2.3325497e-02
  -2.5155976e-02
  -3.0412296e-02
  -3.9961025e-02
  -5.1819988e-02
  -5.3755703e-02
  -5.0259063e-02
  -4.5649447e-02
  -4.5401956e-02
  -4.3802124e-02
  -3.9484743e-02
  -3.4359321e-02
  -1.5752115e-02
  -0.0000000e+00
  -0.0000000e+00
   1.7136383e-04
  -1.6248836e-03
  -2.0833107e-03
  -9.3965322e-03
   0.0000000e+00
   0.0000000e+00
   0.0000000e+00
   1.0437542e-02
   1.2862944e-02
   2.9884469e-03
  -9.7498395e-03
  -9.1762108e-03
   0.0000000e+00
   0.0000000e+00
   0.0000000e+00
   0.0000000e+00
   0.0000000e+00
   0.0000000e+00
   0.0000000e+00
  -6.2112957e-03
  -1.7586961e-02
  -2.0668255e-02
  -2.1711027e-02
  -2.5308808e-02
  -2.9384498e-02
  -2.8548280e-02
  -2.9184105e-02
  -2.3902229e-02
  -1.7434071e-02
  -1.0337032e-02
  -7.9498878e-03
  -6.4344355e-03
  -5.9815953e-03
  -6.8057161e-03
  -7.3613487e-03
  -1.1128037e-02
  -1.4853627e-02
  -1.2748922e-02
  -1.5142001e-02
  -1.8477209e-02
   0.0000000e+00
   0.0000000e+00
   0.0000000e+00
  -1.9500483e-02
  -1.7996938e-02
  -1.7267903e-02
  -1.6128441e-02
  -1.4922564e-02
  -1.3153698e-02
  -1.1520179e-02
  -1.0008726e-02
  -8.6033422e-03
  -7.7412942e-03
  -6.9855997e-03
  -6.1495747e-03
  -5.4943555e-03
  -4.8534876e-03
  -4.1403492e-03
  -3.7828358e-03
  -3.7910918e-03
  -4.2739263e-03
  -4.6970420e-03
  -4.7534255e-03
  -3.8873402e-03
  -2.6228438e-03
  -1.4308272e-03
  -5.4344517e-04
  -3.2658589e-05
   5.4120640e-04
   1.4056626e-03
   2.1670029e-03
   2.0305230e-03
  -2.4998641e-04
  -2.9253059e-03
  -4.8828921e-03
  -4.9774220e-03
   2.7677224e-03
   0.0000000e+00
  -0.0000000e+00
  -0.0000000e+00
  -5.9534546e-03
   0.0000000e+00
   0.0000000e+00
   0.0000000e+00
   0.0000000e+00
  -0.0000000e+00
  -0.0000000e+00
  -0.0000000e+00
  -0.0000000e+00
  -0.0000000e+00
   0.0000000e+00
   8.6043741e-03
   1.9219169e-03
  -8.0727214e-03
  -1.3783253e-02
  -1.7286250e-02
  -1.9653443e-02
  -2.0757296e-02
  -2.0970370e-02
  -1.9417891e-02
  -1.7309702e-02
  -1.5209765e-02
  -1.3649561e-02
  -1.3491149e-02
  -1.4117006e-02
  -1.5110858e-02
  -1.5720382e-02
  -1.6397815e-02
  -1.7262220e-02
  -1.8179619e-02
  -1.9185022e-02
  -1.9605767e-02
  -1.9397017e-02
  -1.9149990e-02
  -2.0277344e-02
