   0.0000000e+00
   0.0000000e+00
   0.0000000e+00
   0.0000000e+00
   0.0000000e+00
   0.0000000e+00
   0.0000000e+00
   0.0000000e+00
   0.0000000e+00
   0.0000000e+00
   0.0000000e+00
   0.0000000e+00
   0.0000000e+00
   0.0000000e+00
   0.0000000e+00
   0.0000000e+00
   0.0000000e+00
   0.0000000e+00
   0.0000000e+00
   0.0000000e+00
   0.0000000e+00
   0.0000000e+00
   0.0000000e+00
   0.0000000e+00
   0.0000000e+00
   0.0000000e+00
   0.0000000e+00
   0.0000000e+00
   0.0000000e+00
   0.0000000e+00
   0.0000000e+00
   0.0000000e+00
   0.0000000e+00
   0.0000000e+00
   0.0000000e+00
   0.0000000e+00
   0.0000000e+00
   0.0000000e+00
   0.0000000e+00
   0.0000000e+00
   0.0000000e+00
   0.0000000e+00
   0.0000000e+00
   0.0000000e+00
   0.0000000e+00
   0.0000000e+00
   0.0000000e+00
   0.0000000e+00
   2.2022511e-02
   2.3615646e-02
   2.3223304e-02
   2.2530965e-02
   1.3416028e-02
   1.0095230e-02
   1.7203959e-02
   3.5000088e-03
  -1.4507090e-03
  -5.8699665e-04
   2.0444496e-02
  -2.1342542e-02
  -2.4711635e-02
  -3.1315871e-02
   0.0000000e+00
   0.0000000e+00
  -8.8919651e-04
  -8.2613821e-03
  -1.3767709e-02
  -1.4143176e-02
  -2.4457670e-02
  -3.8472159e-02
  -5.5680027e-02
  -8.7503270e-02
  -1.1869207e-01
  -1.2937666e-01
  -1.2091240e-01
  -1.2590621e-01
   0.0000000e+00
   0.0000000e+00
   0.0000000e+00
   0.0000000e+00
   0.0000000e+00
   0.0000000e+00
   0.0000000e+00
   0.0000000e+00
   0.0000000e+00
   0.0000000e+00
   0.0000000e+00
   0.0000000e+00
   0.0000000e+00
   0.0000000e+00
   0.0000000e+00
   0.0000000e+00
   0.0000000e+00
   0.0000000e+00
   4.6613685e-02
   2.2746020e-02
   5.4691564e-02
   6.3637681e-02
   6.6080436e-02
   5.9707299e-02
   5.3495973e-02
   4.9215790e-02
   4.4505421e-02
   4.0897541e-02
   3.8085274e-02
   3.4169380e-02
   3.2644756e-02
   2.9713491e-02
   2.9318137e-02
   2.4491359e-02
   3.0881869e-02
   0.0000000e+00
   2.0684578e-02
   2.8077587e-02
   2.5122605e-02
   2.0835955e-02
   1.4567893e-02
   2.7009933e-03
  -1.2788855e-02
  -3.2317400e-02
  -5.2029204e-02
  -5.0365485e-02
  -4.8755066e-02
  -5.3458510e-02
  -4.4667948e-02
  -7.2832329e-02
  -6.1249743e-02
  -9.0066493e-02
  -7.1229421e-02
  -4.4942848e-02
  -4.7198544e-02
  -5.6393416e-02
  -8.1289534e-02
  -9.1954556e-02
  -9.2883323e-02
  -8.2276792e-02
  -7.3384253e-02
  -7.5189789e-02
  -6.4782772e-02
  -4.6171906e-02
  -3.6892839e-02
  -8.4682049e-03
  -1.7156918e-04
   3.0386981e-02
   9.4672844e-02
   9.6610494e-02
   9.1479339e-02
   8.4108680e-02
   7.6608017e-02
   7.0923232e-02
   6.6834696e-02
   6.3694231e-02
   6.0910478e-02
   5.9040658e-02
   5.8626503e-02
   6.0716625e-02
   6.3717410e-02
   6.4242020e-02
   6.2536702e-02
   6.3962732e-02
   6.2362820e-02
   6.4525008e-02
   6.4960010e-02
   6.3493028e-02
   5.9551857e-02
   5.4363515e-02
   5.0221425e-02
   4.7516868e-02
   4.5245275e-02
   4.3621477e-02
   4.4082832e-02
   4.6336595e-02
   4.6035729e-02
   3.9881241e-02
   2.3557682e-02
   7.4053295e-03
   7.9316106e-03
   1.2714470e-02
   1.2531268e-02
   6.7836661e-03
  -3.5008918e-03
  -1.0574182e-02
  -1.3225543e-02
  -9.3995444e-03
  -2.4634767e-03
   4.0948307e-03
   1.4930774e-02
   3.4330674e-02
   5.4829150e-02
   7.0485018e-02
   7.9735719e-02
   8.6653717e-02
   1.1511790e-01
   1.1382587e-01
   1.0603984e-01
   9.7455561e-02
   9.1654278e-02
   8.8123351e-02
   8.6328350e-02
   8.5208461e-02
   8.2658768e-02
   8.1832327e-02
   8.2410224e-02
   8.4937893e-02
   8.9803591e-02
   9.9227920e-02
   1.0104393e-01
   9.4086602e-02
   8.5317895e-02
   8.7698996e-02
   9.3150765e-02
   9.9303938e-02
   1.0142335e-01
   1.0141826e-01
   1.0077967e-01
   1.0164333e-01
   1.0546911e-01
   1.1029533e-01
   1.1374345e-01
   1.1780075e-01
   1.2120585e-01
   1.2179926e-01
   1.2023462e-01
   1.1668417e-01
   1.0872061e-01
   9.7351179e-02
   9.0547234e-02
   8.8596612e-02
   8.3230101e-02
   7.7151805e-02
   7.3619887e-02
   7.3494583e-02
   7.7369139e-02
   8.4048182e-02
   9.0963885e-02
   9.5385790e-02
   1.0062377e-01
   1.0778162e-01
   1.0968167e-01
   1.1110269e-01
   1.0741746e-01
   1.0877591e-01
   1.0588196e-01
   1.0131160e-01
   9.8335564e-02
   9.8189481e-02
   9.9288389e-02
   1.0039706e-01
   9.9827319e-02
   9.8944336e-02
   9.9304780e-02
   1.0149935e-01
   1.0371132e-01
   1.0882316e-01
   0.0000000e+00
   9.1433041e-02
   8.8347822e-02
   9.8791145e-02
   1.1242947e-01
   1.2455333e-01
   1.3342959e-01
   1.3949651e-01
   1.4241032e-01
   1.4592588e-01
   1.5192768e-01
   1.5882450e-01
   1.6376375e-01
   1.6847357e-01
   1.7045049e-01
   1.7127091e-01
   1.7383122e-01
   1.7698883e-01
   1.7262882e-01
   1.6244492e-01
   1.5767020e-01
   1.5219621e-01
   1.4313667e-01
   1.3760930e-01
   1.3362530e-01
   1.3079879e-01
   1.2945938e-01
   1.2889278e-01
   1.2672985e-01
   1.2212373e-01
   1.1735715e-01
   1.1542877e-01
   1.1007835e-01
   1.0442040e-01
   7.9636127e-02
   8.6512797e-02
   9.1600917e-02
   9.5421739e-02
   9.7031429e-02
   9.8735705e-02
   1.0161459e-01
   1.0339338e-01
   1.0347229e-01
   1.0333018e-01
   1.0401028e-01
   1.0485118e-01
   1.0204713e-01
   9.1612607e-02
   0.0000000e+00
   5.4358495e-02
   6.7783453e-02
   9.1043487e-02
   1.1144334e-01
   1.2816912e-01
   1.4370483e-01
   1.5593931e-01
   1.6282295e-01
   1.6834244e-01
   1.7366581e-01
   1.7837028e-01
   1.8092650e-01
   1.8265435e-01
   1.7804195e-01
   1.7299427e-01
   1.7733499e-01
   1.8878944e-01
   1.9392708e-01
   1.9519210e-01
   2.0344561e-01
   1.9713236e-01
   1.8662480e-01
   1.8088591e-01
   1.7622295e-01
   1.6964713e-01
   1.6166477e-01
   1.5276109e-01
   1.4056800e-01
   1.2709275e-01
   1.1111252e-01
   9.8641686e-02
   1.0036949e-01
   7.4131876e-02
   5.3619534e-02
   6.3999638e-02
   7.4169487e-02
   8.2611769e-02
   8.8506594e-02
   9.1912702e-02
   9.4180420e-02
   9.4689764e-02
   9.5332868e-02
   9.6719548e-02
   9.6826121e-02
   9.4762683e-02
   8.9146912e-02
   7.7475340e-02
   0.0000000e+00
   4.1456345e-02
   5.2764423e-02
   7.6667190e-02
   9.7621456e-02
   1.1568868e-01
   1.3407701e-01
   1.4935565e-01
   1.5966487e-01
   1.6595307e-01
   1.6894090e-01
   1.7023829e-01
   1.6825044e-01
   1.6591620e-01
   1.5456176e-01
   1.4343484e-01
   1.4931634e-01
   1.6559784e-01
   1.8163429e-01
   1.9811912e-01
   2.1665552e-01
   2.1118644e-01
   2.0429760e-01
   2.0076202e-01
   1.9338015e-01
   1.8039501e-01
   1.6428953e-01
   1.4587520e-01
   1.2644550e-01
   1.1849440e-01
   8.5904330e-02
   7.1935676e-02
   0.0000000e+00
   3.7611051e-02
   4.2513624e-02
   5.0278056e-02
   6.1749611e-02
   7.0696898e-02
   7.7051692e-02
   8.0518976e-02
   8.1047252e-02
   8.0324769e-02
   7.9790041e-02
   8.0406785e-02
   8.0785014e-02
   7.9575509e-02
   7.4775249e-02
   6.1839309e-02
   0.0000000e+00
   0.0000000e+00
   3.6901396e-02
   5.7795785e-02
   7.6490037e-02
   9.4775401e-02
   1.1468747e-01
   1.2919714e-01
   1.3888019e-01
   1.4364788e-01
   1.4421722e-01
   1.4035991e-01
   1.3714504e-01
   1.3619849e-01
   1.2682274e-01
   1.1470833e-01
   1.1968762e-01
   1.3448906e-01
   1.5587686e-01
   1.7925778e-01
   1.9867490e-01
   1.9950342e-01
   1.9756576e-01
   1.9220003e-01
   1.7857388e-01
   1.5859398e-01
   1.3630140e-01
   1.1412356e-01
   9.4800740e-02
   0.0000000e+00
   6.1461657e-02
   5.1847056e-02
   3.8951476e-02
   2.9576621e-02
   3.8365785e-02
   4.2531688e-02
   5.0409414e-02
   5.6933954e-02
   6.2030703e-02
   6.4303175e-02
   6.3024253e-02
   6.0060751e-02
   5.7555813e-02
   5.7442002e-02
   5.9283413e-02
   5.9807215e-02
   5.5984013e-02
   4.0739954e-02
   0.0000000e+00
   0.0000000e+00
   2.2085907e-02
   3.4323581e-02
   4.9285706e-02
   6.6737108e-02
   8.6532503e-02
   9.8689288e-02
   1.0540580e-01
   1.0693688e-01
   1.0361802e-01
   9.5782086e-02
   9.1306232e-02
   9.4586805e-02
   9.4771408e-02
   8.4993795e-02
   8.7501615e-02
   9.8395474e-02
   1.1854415e-01
   1.4043213e-01
   1.5705530e-01
   1.6215955e-01
   1.6065295e-01
   1.5048055e-01
   1.3338593e-01
   1.0816233e-01
   8.7082826e-02
   6.8803951e-02
   6.0811520e-02
   0.0000000e+00
   3.3075204e-02
   3.3578034e-02
   3.6026618e-02
   0.0000000e+00
   2.9460452e-02
   3.0783374e-02
   3.5764616e-02
   4.0174797e-02
   4.3567359e-02
   4.4294871e-02
   4.1924633e-02
   3.7979044e-02
   3.5087038e-02
   3.5231255e-02
   3.8016107e-02
   3.9709274e-02
   3.5486385e-02
   2.2378612e-02
   0.0000000e+00
   0.0000000e+00
   0.0000000e+00
   1.3191198e-02
   2.4218291e-02
   4.0000241e-02
   5.6240242e-02
   6.5445818e-02
   6.9513254e-02
   6.8553768e-02
   6.1395414e-02
   4.8292588e-02
   5.2805576e-02
   6.7254517e-02
   5.1822826e-02
   4.4030052e-02
   4.5316380e-02
   5.5453654e-02
   7.2826713e-02
   8.9362852e-02
   1.0135098e-01
   1.0586812e-01
   1.0394862e-01
   9.3938068e-02
   7.8193583e-02
   6.7280471e-02
   4.9942452e-02
   3.0270926e-02
   0.0000000e+00
   0.0000000e+00
   2.0136323e-02
   1.8558642e-02
   2.2184409e-02
   1.7937848e-02
   1.5180812e-02
   1.5185934e-02
   1.7475784e-02
   2.0016862e-02
   2.1851396e-02
   2.1730313e-02
   1.9247022e-02
   1.6141260e-02
   1.4730845e-02
   1.5886016e-02
   1.8529629e-02
   1.9429233e-02
   1.5169156e-02
   5.9842714e-03
   0.0000000e+00
   0.0000000e+00
   0.0000000e+00
  -5.7292404e-03
   2.2310205e-03
   1.7681792e-02
   2.9511983e-02
   3.5679687e-02
   3.7407257e-02
   3.3747219e-02
   2.2941785e-02
   5.8944817e-03
   0.0000000e+00
   0.0000000e+00
   1.3347279e-02
   8.2744928e-03
   9.7540356e-03
   1.9533686e-02
   3.2459434e-02
   4.1818794e-02
   4.9030416e-02
   5.2298807e-02
   5.0733559e-02
   4.2713612e-02
   2.8170647e-02
   0.0000000e+00
   0.0000000e+00
   0.0000000e+00
   0.0000000e+00
   0.0000000e+00
   7.6997946e-03
   6.2715714e-03
   7.8174938e-03
   1.2098766e-02
  -4.2149773e-03
  -5.1806200e-03
  -4.4902493e-03
  -3.0082177e-03
  -2.2145852e-03
  -2.3125398e-03
  -3.6041434e-03
  -4.7524109e-03
  -3.8631046e-03
  -1.4836104e-03
   5.0893280e-04
  -2.2156022e-04
  -4.2251506e-03
  -5.6984995e-03
   0.0000000e+00
   0.0000000e+00
   0.0000000e+00
  -2.1968446e-02
  -1.7178194e-02
  -6.7463067e-04
   7.7093272e-03
   1.0614373e-02
   9.4523353e-03
   2.8839560e-03
  -1.0607180e-02
  -1.9715627e-02
   0.0000000e+00
   0.0000000e+00
  -1.1919306e-02
  -1.7425010e-02
  -1.5839938e-02
  -8.9990896e-03
  -1.6760535e-03
   2.2564584e-03
   6.2203242e-03
   7.6974458e-03
   5.5114476e-03
  -1.3088350e-03
  -9.6344759e-03
   0.0000000e+00
   0.0000000e+00
   0.0000000e+00
   0.0000000e+00
   0.0000000e+00
  -3.5120645e-03
  -6.4294298e-03
  -6.4001411e-03
  -4.6510365e-03
  -2.4465218e-02
  -2.6808701e-02
  -2.7011024e-02
  -2.5588483e-02
  -2.4918715e-02
  -2.3913275e-02
  -2.2816863e-02
  -2.0674840e-02
  -1.7492771e-02
  -1.4901990e-02
  -1.5097030e-02
  -1.8290203e-02
  -2.1547558e-02
  -1.1158409e-02
   1.6516323e-03
   0.0000000e+00
   0.0000000e+00
  -0.0000000e+00
  -3.0347489e-02
  -1.3962727e-02
  -8.9813853e-03
  -9.6145403e-03
  -1.3787133e-02
  -2.2995865e-02
  -3.7677672e-02
  -3.5140677e-02
   0.0000000e+00
   0.0000000e+00
  -0.0000000e+00
  -2.9195036e-02
  -2.6351669e-02
  -2.8186174e-02
  -2.7022518e-02
  -2.7019853e-02
  -2.6144814e-02
  -2.7121138e-02
  -3.0474348e-02
  -3.5300381e-02
  -3.2859571e-02
   0.0000000e+00
   0.0000000e+00
   0.0000000e+00
   0.0000000e+00
   0.0000000e+00
  -1.5177080e-02
  -2.0567566e-02
  -2.2157552e-02
  -2.2331912e-02
  -4.1309312e-02
  -4.4055540e-02
  -4.4832945e-02
  -4.3467142e-02
  -4.1801743e-02
  -3.8695179e-02
  -3.4250319e-02
  -2.8903082e-02
  -2.5190694e-02
  -2.5017124e-02
  -2.8935269e-02
  -3.4346379e-02
  -3.5815388e-02
  -1.5953662e-02
  -1.2641021e-03
   0.0000000e+00
   0.0000000e+00
   0.0000000e+00
  -3.6290945e-02
  -2.2669233e-02
  -2.1953620e-02
  -2.6223857e-02
  -3.3277277e-02
  -4.3941166e-02
  -5.6480199e-02
  -4.9881741e-02
   0.0000000e+00
   0.0000000e+00
   0.0000000e+00
  -3.1168632e-02
  -3.0098312e-02
  -4.0651195e-02
  -4.4513248e-02
  -4.7722351e-02
  -5.0061710e-02
  -5.3611245e-02
  -5.7533905e-02
  -5.8383256e-02
  -4.4684820e-02
   0.0000000e+00
   0.0000000e+00
   0.0000000e+00
   0.0000000e+00
   0.0000000e+00
  -2.8636504e-02
  -3.4877405e-02
  -3.7153792e-02
  -3.8485788e-02
  -5.1751435e-02
  -5.4078609e-02
  -5.5109493e-02
  -5.3733312e-02
  -5.0089523e-02
  -4.4504903e-02
  -3.7125051e-02
  -3.0790672e-02
  -2.9675353e-02
  -3.4342743e-02
  -4.1591316e-02
  -4.7741063e-02
  -4.7356956e-02
  -2.4765901e-02
  -4.4263131e-03
   0.0000000e+00
   0.0000000e+00
   0.0000000e+00
  -0.0000000e+00
  -2.9422339e-02
  -3.4191679e-02
  -4.1331504e-02
  -4.9892806e-02
  -5.9207059e-02
  -6.3959330e-02
  -4.6659086e-02
   0.0000000e+00
   0.0000000e+00
   0.0000000e+00
  -2.8820895e-02
  -3.5955980e-02
  -4.8685879e-02
  -5.6737155e-02
  -6.2817350e-02
  -6.8126783e-02
  -7.3575042e-02
  -7.6937668e-02
  -7.2686180e-02
  -4.8609495e-02
   0.0000000e+00
   0.0000000e+00
   0.0000000e+00
   0.0000000e+00
   0.0000000e+00
  -3.9920967e-02
  -4.5039877e-02
  -4.7415756e-02
  -4.9436543e-02
  -5.4908961e-02
  -5.6245714e-02
  -5.6675430e-02
  -5.4420829e-02
  -4.8771068e-02
  -4.1096851e-02
  -3.3457261e-02
  -3.0317878e-02
  -3.4985065e-02
  -4.4017524e-02
  -5.2777719e-02
  -5.8470428e-02
  -5.7083789e-02
  -3.7260294e-02
  -0.0000000e+00
   0.0000000e+00
   0.0000000e+00
   0.0000000e+00
   0.0000000e+00
  -3.7014917e-02
  -4.7584929e-02
  -5.5938169e-02
  -6.3287809e-02
  -6.7344241e-02
  -5.7563543e-02
  -2.8357130e-02
   0.0000000e+00
   0.0000000e+00
   0.0000000e+00
  -2.8073366e-02
  -0.0000000e+00
  -5.3400282e-02
  -6.6730373e-02
  -7.4997798e-02
  -8.1674092e-02
  -8.7776348e-02
  -8.9045443e-02
  -7.7980280e-02
  -4.6188921e-02
  -1.6656636e-02
   0.0000000e+00
   0.0000000e+00
   0.0000000e+00
   0.0000000e+00
  -4.8268024e-02
  -4.9472589e-02
  -5.1343258e-02
  -5.3386196e-02
  -4.9651116e-02
  -4.9878705e-02
  -4.9220871e-02
  -4.5522012e-02
  -3.9115384e-02
  -3.1827535e-02
  -2.7962394e-02
  -3.2217935e-02
  -4.2746790e-02
  -5.3546824e-02
  -6.1574224e-02
  -6.5788768e-02
  -6.3232608e-02
  -4.4777552e-02
   0.0000000e+00
   0.0000000e+00
   0.0000000e+00
   0.0000000e+00
   0.0000000e+00
  -4.3941073e-02
  -6.0406201e-02
  -6.8206988e-02
  -7.1194530e-02
  -6.6802315e-02
  -4.3488346e-02
  -1.2104984e-02
   0.0000000e+00
   0.0000000e+00
   0.0000000e+00
   0.0000000e+00
   0.0000000e+00
  -6.0419582e-02
  -7.4592113e-02
  -8.2564242e-02
  -8.8510357e-02
  -9.2971802e-02
  -9.0032928e-02
  -7.2210126e-02
  -3.7169527e-02
  -4.5292402e-03
   0.0000000e+00
   0.0000000e+00
   0.0000000e+00
  -6.2545435e-02
  -5.0979614e-02
  -4.7791090e-02
  -4.7577504e-02
  -4.8737369e-02
  -3.7016645e-02
  -3.7349306e-02
  -3.5990335e-02
  -3.1791817e-02
  -2.6630962e-02
  -2.3147542e-02
  -2.6415139e-02
  -3.7994131e-02
  -5.1437829e-02
  -6.1531696e-02
  -6.7341849e-02
  -6.8855017e-02
  -5.9946556e-02
  -3.3085030e-02
   0.0000000e+00
   0.0000000e+00
   0.0000000e+00
   0.0000000e+00
   0.0000000e+00
  -4.9536895e-02
  -6.8717100e-02
  -7.4097104e-02
  -7.1035527e-02
  -5.8894552e-02
  -3.0703166e-02
  -6.5390291e-03
   0.0000000e+00
   0.0000000e+00
   0.0000000e+00
  -8.0715488e-03
   0.0000000e+00
  -6.5504722e-02
  -7.7425577e-02
  -8.2896598e-02
  -8.5346170e-02
  -8.5667372e-02
  -7.8505427e-02
  -5.6836851e-02
  -2.3401422e-02
   2.9558328e-03
   6.8557560e-03
   0.0000000e+00
   0.0000000e+00
  -5.9398182e-02
  -4.5531072e-02
  -3.9218578e-02
  -3.5882398e-02
  -3.5955228e-02
  -2.2571577e-02
  -2.3632567e-02
  -2.2460688e-02
  -1.9677360e-02
  -1.8042281e-02
  -2.0858200e-02
  -3.0894395e-02
  -4.5673806e-02
  -5.8639746e-02
  -6.6528842e-02
  -6.8833888e-02
  -6.5340541e-02
  -4.8529070e-02
  -1.9749040e-02
   0.0000000e+00
   0.0000000e+00
   0.0000000e+00
   0.0000000e+00
   0.0000000e+00
  -5.2561680e-02
  -7.0923388e-02
  -7.2419442e-02
  -6.4062178e-02
  -4.7500346e-02
  -2.0837495e-02
  -4.8697623e-03
   0.0000000e+00
   0.0000000e+00
   0.0000000e+00
  -2.5486752e-02
  -6.0197676e-02
  -6.6810787e-02
  -7.3488116e-02
  -7.5402275e-02
  -7.2782591e-02
  -6.8283319e-02
  -5.8525302e-02
  -3.6585160e-02
  -9.1641583e-03
   5.1357504e-03
  -6.9884702e-04
   0.0000000e+00
  -6.4233359e-02
  -5.8884579e-02
  -3.2811172e-02
  -2.6519839e-02
  -2.0958405e-02
  -2.0615775e-02
  -1.3330491e-02
  -1.4261099e-02
  -1.4041120e-02
  -1.4174534e-02
  -1.7192565e-02
  -2.5167383e-02
  -3.7759487e-02
  -5.1443867e-02
  -6.1685421e-02
  -6.6021830e-02
  -6.3985080e-02
  -5.4792911e-02
  -3.5978079e-02
  -0.0000000e+00
   0.0000000e+00
   0.0000000e+00
   0.0000000e+00
   0.0000000e+00
   0.0000000e+00
  -5.3651176e-02
  -6.7163348e-02
  -6.5436177e-02
  -5.3585555e-02
  -3.5614286e-02
  -1.3220012e-02
  -1.9616103e-03
   0.0000000e+00
   0.0000000e+00
   0.0000000e+00
  -3.7745614e-02
  -5.9138380e-02
  -6.1980233e-02
  -6.2868088e-02
  -6.0449287e-02
  -5.3600468e-02
  -4.5244433e-02
  -3.4174062e-02
  -1.5580870e-02
  -9.4723063e-04
   4.0470716e-04
  -1.2553853e-02
  -3.8858787e-02
  -6.4233360e-02
  -5.9052038e-02
  -2.1072133e-02
  -1.6257975e-02
  -1.1601723e-02
  -1.1648577e-02
  -1.5865440e-02
  -1.6072603e-02
  -1.6564194e-02
  -1.8665835e-02
  -2.3812134e-02
  -3.2272965e-02
  -4.2551637e-02
  -5.2099910e-02
  -5.7975665e-02
  -5.8002267e-02
  -5.2097827e-02
  -3.9255060e-02
  -1.9860111e-02
   0.0000000e+00
   0.0000000e+00
   0.0000000e+00
   0.0000000e+00
   0.0000000e+00
   0.0000000e+00
  -4.9258076e-02
  -5.8947287e-02
  -5.4463636e-02
  -4.1404855e-02
  -2.4183834e-02
  -6.4797336e-03
   5.7672528e-03
   0.0000000e+00
   0.0000000e+00
   0.0000000e+00
  -3.9557215e-02
  -5.1393069e-02
  -4.9827375e-02
  -4.6704628e-02
  -4.0312514e-02
  -3.0494820e-02
  -1.9794084e-02
  -9.3762306e-03
  -1.2859525e-04
   2.8968902e-03
  -4.2464649e-03
  -1.6743910e-02
  -3.3618513e-02
   0.0000000e+00
   0.0000000e+00
  -1.6130507e-02
  -1.5232871e-02
  -1.4267158e-02
  -1.5185819e-02
  -2.9593296e-02
  -2.9184356e-02
  -2.9306194e-02
  -3.0687615e-02
  -3.3865891e-02
  -3.8287528e-02
  -4.3105394e-02
  -4.7289796e-02
  -4.8856508e-02
  -4.5731336e-02
  -3.7813831e-02
  -2.4194382e-02
  -5.0512576e-03
   0.0000000e+00
   0.0000000e+00
   0.0000000e+00
   0.0000000e+00
   0.0000000e+00
   0.0000000e+00
  -4.4853017e-02
  -4.5734569e-02
  -4.0083457e-02
  -2.8176032e-02
  -1.3142482e-02
  -5.2355323e-04
   9.5341140e-03
   0.0000000e+00
   0.0000000e+00
   0.0000000e+00
  -3.7515849e-02
  -3.8587183e-02
  -3.3901937e-02
  -2.8744034e-02
  -1.9804582e-02
  -7.9647973e-03
   3.7994720e-03
   1.0468135e-02
   9.4995615e-03
   0.0000000e+00
  -0.0000000e+00
  -1.3236424e-02
  -2.2379601e-02
   0.0000000e+00
  -2.3947355e-02
  -2.0948021e-02
  -2.4655662e-02
  -2.7648404e-02
  -2.9482989e-02
  -4.3329728e-02
  -4.2457034e-02
  -4.1342882e-02
  -4.0349034e-02
  -3.9880798e-02
  -3.9822144e-02
  -4.0043508e-02
  -4.0298564e-02
  -3.9338899e-02
  -3.5235607e-02
  -2.7179203e-02
  -1.4223077e-02
   2.9629624e-03
   0.0000000e+00
   0.0000000e+00
   0.0000000e+00
   0.0000000e+00
   0.0000000e+00
  -6.1175820e-02
  -4.2035747e-02
  -3.0446328e-02
  -2.5320477e-02
  -1.5529286e-02
  -2.5057498e-03
   4.9494939e-03
   0.0000000e+00
   0.0000000e+00
   0.0000000e+00
   0.0000000e+00
  -3.6299431e-02
  -2.7498427e-02
  -2.0342259e-02
  -1.4270790e-02
  -3.9906991e-03
   9.0083742e-03
   2.1150584e-02
   2.2446002e-02
   0.0000000e+00
   0.0000000e+00
   0.0000000e+00
  -6.6263437e-03
  -7.8351656e-03
   0.0000000e+00
  -3.0874089e-02
  -3.0828029e-02
  -3.6844962e-02
  -4.1324240e-02
  -4.3369924e-02
  -4.9524324e-02
  -4.8649927e-02
  -4.6905251e-02
  -4.4491248e-02
  -4.2017932e-02
  -3.9712268e-02
  -3.7511978e-02
  -3.5480719e-02
  -3.2963980e-02
  -2.8404717e-02
  -2.0837148e-02
  -1.0294419e-02
   2.9703333e-03
   0.0000000e+00
   0.0000000e+00
   0.0000000e+00
   0.0000000e+00
  -5.6823899e-02
  -5.4273636e-02
  -3.4264706e-02
  -1.7765747e-02
  -1.1917989e-02
  -2.3261760e-03
   9.1184423e-03
   1.1100724e-02
   0.0000000e+00
   0.0000000e+00
   0.0000000e+00
   0.0000000e+00
   0.0000000e+00
  -1.9534289e-02
  -1.0418464e-02
  -4.2575080e-03
   6.3682200e-03
   1.9585138e-02
   3.1552762e-02
   2.6990781e-02
   0.0000000e+00
   1.7942230e-04
   0.0000000e+00
  -5.8547560e-03
  -1.5205647e-02
  -3.9361010e-02
  -3.7258539e-02
  -3.8430351e-02
  -4.3718445e-02
  -4.7508066e-02
  -4.9339162e-02
  -5.4532497e-02
  -5.3096293e-02
  -5.0715296e-02
  -4.7588067e-02
  -4.4330386e-02
  -4.0925135e-02
  -3.6912841e-02
  -3.2410044e-02
  -2.7526587e-02
  -2.2146805e-02
  -1.6693004e-02
  -1.2508671e-02
  -4.1770330e-03
   9.8845377e-03
   0.0000000e+00
   0.0000000e+00
   0.0000000e+00
  -5.5696319e-02
  -4.8686085e-02
  -2.4408075e-02
  -8.1176777e-03
   4.6460033e-04
   8.2287303e-03
   1.9880406e-02
   1.9250363e-02
   0.0000000e+00
   0.0000000e+00
   0.0000000e+00
   0.0000000e+00
   0.0000000e+00
  -7.7495021e-03
  -7.9576029e-04
   3.2510515e-03
   1.3316609e-02
   2.6993807e-02
   3.8377435e-02
   2.9156530e-02
   0.0000000e+00
   1.4763678e-03
   0.0000000e+00
  -9.1993410e-03
  -2.4188544e-02
  -4.0564296e-02
  -4.2722990e-02
  -4.4798365e-02
  -4.9779704e-02
  -5.3306165e-02
  -5.4755940e-02
  -6.9076002e-02
  -6.5764539e-02
  -6.0929328e-02
  -5.5123996e-02
  -4.9277004e-02
  -4.3536127e-02
  -3.6963746e-02
  -2.9391676e-02
  -2.2076674e-02
  -1.7297089e-02
  -1.5509686e-02
  -1.7738055e-02
  -1.7000871e-02
   3.4376308e-03
   0.0000000e+00
   0.0000000e+00
   0.0000000e+00
  -5.6135088e-02
  -4.6716139e-02
  -2.3257142e-02
  -3.3501033e-03
   9.6336426e-03
   1.5545725e-02
   2.9752890e-02
   3.0293256e-02
   0.0000000e+00
   0.0000000e+00
   0.0000000e+00
   0.0000000e+00
   0.0000000e+00
  -2.4594713e-03
   1.0468947e-02
   9.1565326e-03
   1.9019233e-02
   3.6120757e-02
   4.7672495e-02
   3.2516073e-02
   0.0000000e+00
   3.2201564e-03
   0.0000000e+00
  -1.2461081e-02
  -3.0873401e-02
  -4.3563306e-02
  -4.8277944e-02
  -5.4990768e-02
  -6.2725455e-02
  -6.8233877e-02
  -7.0164248e-02
  -9.2646658e-02
  -8.8746376e-02
  -8.1721038e-02
  -7.2494432e-02
  -6.2492687e-02
  -5.2454360e-02
  -4.1907005e-02
  -3.0982077e-02
  -2.1795813e-02
  -1.8727284e-02
  -1.8678505e-02
  -1.7079245e-02
  -2.5997623e-02
  -5.9065540e-03
   0.0000000e+00
   0.0000000e+00
  -7.4778406e-02
  -6.2544964e-02
  -5.3148232e-02
  -3.2754853e-02
  -8.1918277e-03
   1.3966555e-02
   0.0000000e+00
   0.0000000e+00
   0.0000000e+00
   0.0000000e+00
   0.0000000e+00
   0.0000000e+00
   0.0000000e+00
   0.0000000e+00
   0.0000000e+00
   2.4810459e-02
   1.6258623e-02
   2.5666781e-02
   4.3582879e-02
   6.0763590e-02
   3.6996063e-02
   2.8610406e-02
   3.2072944e-03
  -9.9026029e-03
   0.0000000e+00
  -3.5477839e-02
  -4.7424626e-02
  -5.5883631e-02
  -6.7546420e-02
  -7.9124711e-02
  -8.8101499e-02
  -9.2602134e-02
  -1.1182721e-01
  -1.1039086e-01
  -1.0483754e-01
  -9.5684931e-02
  -8.3723545e-02
  -6.9771230e-02
  -5.4639101e-02
  -3.9704639e-02
  -2.7350754e-02
  -2.3634853e-02
  -2.4600329e-02
  -8.7991329e-03
  -2.3160916e-02
   0.0000000e+00
   0.0000000e+00
   0.0000000e+00
  -8.1206159e-02
  -7.6474130e-02
  -6.8348475e-02
  -4.9972016e-02
  -2.1800106e-02
   1.2628038e-02
   0.0000000e+00
   0.0000000e+00
   0.0000000e+00
   0.0000000e+00
   0.0000000e+00
   0.0000000e+00
   0.0000000e+00
   0.0000000e+00
   0.0000000e+00
   4.1874416e-02
   2.9847398e-02
   3.1492923e-02
   0.0000000e+00
   6.6110477e-02
   4.2228840e-02
   2.9563719e-02
   2.7172922e-03
  -1.2044095e-02
  -3.3730074e-02
  -4.0010143e-02
  -5.1277906e-02
  -6.2321536e-02
  -7.6455876e-02
  -9.0220287e-02
  -1.0152985e-01
  -1.0886345e-01
  -1.1684358e-01
  -1.1792726e-01
  -1.1545290e-01
  -1.0908437e-01
  -9.8661587e-02
  -8.4236428e-02
  -6.6603601e-02
  -4.8173506e-02
  -3.1555578e-02
  -2.3463219e-02
  -2.9693339e-02
  -1.0636230e-02
   0.0000000e+00
  -9.5355502e-02
  -1.3283943e-01
  -8.8056979e-02
  -8.8624753e-02
  -8.7741651e-02
  -8.1059046e-02
  -6.5009125e-02
  -3.8295098e-02
  -4.0676915e-03
   0.0000000e+00
   0.0000000e+00
   0.0000000e+00
   0.0000000e+00
   0.0000000e+00
   0.0000000e+00
   0.0000000e+00
   0.0000000e+00
   0.0000000e+00
   5.7570882e-02
   5.0542884e-02
   3.6925416e-02
   0.0000000e+00
   5.3833082e-02
   4.4404022e-02
   3.1478009e-02
   0.0000000e+00
  -1.8299492e-02
  -3.4354221e-02
  -4.3518744e-02
  -5.3811781e-02
  -6.5070689e-02
  -7.8961462e-02
  -9.2324823e-02
  -1.0364977e-01
  -1.1202488e-01
  -1.1252322e-01
  -1.1433946e-01
  -1.1327508e-01
  -1.0912699e-01
  -1.0162556e-01
  -8.9627489e-02
  -7.2746113e-02
  -5.2665766e-02
  -3.1884104e-02
  -1.6475700e-02
  -3.0803027e-02
  -4.1584580e-02
   0.0000000e+00
  -9.2226386e-02
  -1.2636629e-01
  -8.6885601e-02
  -8.9006007e-02
  -8.8298604e-02
  -8.3608352e-02
  -7.2342433e-02
  -5.1900014e-02
  -1.8531088e-02
   0.0000000e+00
   0.0000000e+00
   0.0000000e+00
   0.0000000e+00
   0.0000000e+00
   0.0000000e+00
   0.0000000e+00
   0.0000000e+00
   0.0000000e+00
   7.0354494e-02
   7.0885316e-02
   4.5567490e-02
   0.0000000e+00
   3.7224600e-02
   3.8317602e-02
   0.0000000e+00
  -1.1072621e-02
  -2.4987906e-02
  -3.6600046e-02
  -4.5464318e-02
  -5.4379549e-02
  -6.4448945e-02
  -7.6855637e-02
  -8.8770054e-02
  -9.8937035e-02
  -1.0717637e-01
  -1.0318001e-01
  -1.0526020e-01
  -1.0488762e-01
  -1.0231731e-01
  -9.7389683e-02
  -8.8519871e-02
  -7.3725671e-02
  -5.2884068e-02
  -2.8621001e-02
  -9.2197822e-03
   0.0000000e+00
   0.0000000e+00
  -7.6733641e-02
  -8.0576763e-02
  -1.0192892e-01
  -8.0859274e-02
  -8.1672266e-02
  -8.1846043e-02
  -8.0570944e-02
  -7.5245559e-02
  -6.2028196e-02
  -3.2949530e-02
   0.0000000e+00
   0.0000000e+00
   0.0000000e+00
   0.0000000e+00
   0.0000000e+00
   0.0000000e+00
   0.0000000e+00
   0.0000000e+00
   0.0000000e+00
   7.5951059e-02
   7.6438904e-02
   4.8705440e-02
   0.0000000e+00
   1.9668456e-02
   2.7227292e-02
   0.0000000e+00
  -1.3303049e-02
  -3.3184055e-02
  -3.9502658e-02
  -4.5706514e-02
  -5.2424490e-02
  -6.0755417e-02
  -7.1391448e-02
  -8.1757382e-02
  -9.0538442e-02
  -9.8028131e-02
  -9.0138674e-02
  -9.2299700e-02
  -9.2438318e-02
  -9.1077797e-02
  -8.8090129e-02
  -8.1827678e-02
  -6.9092229e-02
  -4.8255619e-02
  -2.1855829e-02
  -5.3834897e-03
   0.0000000e+00
   0.0000000e+00
  -7.2934069e-02
  -6.6371761e-02
  -7.4821450e-02
  -6.9118977e-02
  -7.0428550e-02
  -7.1669877e-02
  -7.3389731e-02
  -7.3427886e-02
  -6.7791812e-02
  -4.6354607e-02
   0.0000000e+00
   0.0000000e+00
   0.0000000e+00
   0.0000000e+00
   0.0000000e+00
   0.0000000e+00
   0.0000000e+00
   0.0000000e+00
   0.0000000e+00
   0.0000000e+00
   5.8903337e-02
   5.0217383e-02
   0.0000000e+00
   0.0000000e+00
   0.0000000e+00
   0.0000000e+00
  -1.8952291e-02
  -4.1524294e-02
  -4.2483620e-02
  -4.4052858e-02
  -4.7676738e-02
  -5.3608879e-02
  -6.2168784e-02
  -7.1084648e-02
  -7.8935571e-02
  -8.5642919e-02
  -7.3235616e-02
  -7.5712159e-02
  -7.6397605e-02
  -7.6226927e-02
  -7.4874200e-02
  -7.0294835e-02
  -5.8511682e-02
  -3.8003121e-02
  -1.2017882e-02
   1.9730763e-03
   0.0000000e+00
  -4.6527026e-02
  -5.5065464e-02
  -5.1071528e-02
  -5.5396698e-02
  -5.4663926e-02
  -5.5297438e-02
  -5.6875791e-02
  -6.0734950e-02
  -6.4405434e-02
  -6.4627513e-02
  -5.2820344e-02
   0.0000000e+00
   0.0000000e+00
   0.0000000e+00
   0.0000000e+00
   0.0000000e+00
   0.0000000e+00
   0.0000000e+00
   0.0000000e+00
   0.0000000e+00
   0.0000000e+00
   3.0663170e-02
   0.0000000e+00
   0.0000000e+00
   0.0000000e+00
   0.0000000e+00
   0.0000000e+00
   0.0000000e+00
  -4.9297642e-02
  -4.2873673e-02
  -4.0007163e-02
  -4.0058833e-02
  -4.3078449e-02
  -4.8530389e-02
  -5.5666208e-02
  -6.2727243e-02
  -6.8944640e-02
  -5.1510274e-02
  -5.4463275e-02
  -5.5926919e-02
  -5.7008363e-02
  -5.7480998e-02
  -5.4991137e-02
  -4.4082999e-02
  -2.3130137e-02
  -2.4551027e-03
   5.0811772e-03
   0.0000000e+00
  -4.1165467e-02
  -4.1123475e-02
  -3.6905331e-02
  -3.6589153e-02
  -3.6736172e-02
  -3.7348039e-02
  -3.9218012e-02
  -4.3897171e-02
  -4.9368341e-02
  -5.2821521e-02
  -4.8685674e-02
   0.0000000e+00
   0.0000000e+00
   0.0000000e+00
   0.0000000e+00
   0.0000000e+00
   0.0000000e+00
   0.0000000e+00
   0.0000000e+00
   0.0000000e+00
   0.0000000e+00
   4.4546895e-03
   0.0000000e+00
   0.0000000e+00
   0.0000000e+00
   0.0000000e+00
   0.0000000e+00
   0.0000000e+00
   0.0000000e+00
  -3.7317355e-02
  -3.3256285e-02
  -2.8934047e-02
  -2.8915016e-02
  -3.1291354e-02
  -3.6007002e-02
  -4.1770183e-02
  -4.7362205e-02
  -2.6356092e-02
  -2.9333863e-02
  -3.1056892e-02
  -3.2740638e-02
  -3.4804776e-02
  -3.5128191e-02
  -2.6631132e-02
  -5.2328249e-03
   5.6870419e-03
   0.0000000e+00
   0.0000000e+00
  -3.1515449e-02
  -2.4637682e-02
  -1.5213681e-02
  -1.6250202e-02
  -1.6858788e-02
  -1.8754479e-02
  -2.1157505e-02
  -2.5707142e-02
  -3.1795740e-02
  -3.6818743e-02
  -3.0596524e-02
   0.0000000e+00
   0.0000000e+00
   0.0000000e+00
   0.0000000e+00
   0.0000000e+00
   0.0000000e+00
   0.0000000e+00
   0.0000000e+00
   0.0000000e+00
   0.0000000e+00
   0.0000000e+00
   0.0000000e+00
   0.0000000e+00
   0.0000000e+00
   0.0000000e+00
   0.0000000e+00
   0.0000000e+00
   0.0000000e+00
  -2.9092871e-02
  -2.5932821e-02
  -1.7704887e-02
  -1.1785129e-02
  -1.1055055e-02
  -1.3406389e-02
  -1.7539587e-02
  -2.2325067e-02
   7.7205980e-04
  -2.1888029e-03
  -3.7050359e-03
  -5.4521666e-03
  -8.7028582e-03
  -1.1817012e-02
  -6.5581209e-03
   1.3188461e-02
   1.3702041e-02
   0.0000000e+00
   0.0000000e+00
   0.0000000e+00
   0.0000000e+00
   6.6110898e-03
   5.3040956e-03
   3.7884768e-03
   1.0152798e-03
  -2.4083889e-03
  -6.7319764e-03
  -1.3327982e-02
  -1.9994670e-02
  -1.7693488e-02
  -5.7148549e-03
   0.0000000e+00
   0.0000000e+00
   0.0000000e+00
   0.0000000e+00
   0.0000000e+00
   0.0000000e+00
   0.0000000e+00
   0.0000000e+00
   0.0000000e+00
   0.0000000e+00
   0.0000000e+00
   0.0000000e+00
   0.0000000e+00
   0.0000000e+00
   0.0000000e+00
   0.0000000e+00
   0.0000000e+00
  -2.7589994e-02
  -2.4774703e-02
  -1.3236779e-02
   4.3552010e-03
   1.1057929e-02
   1.1234677e-02
   9.0379807e-03
   4.9819493e-03
   2.7947661e-02
   2.4901282e-02
   2.3491990e-02
   2.1805642e-02
   1.7545719e-02
   1.1476282e-02
   1.3105459e-02
   2.1886228e-02
   0.0000000e+00
   0.0000000e+00
   0.0000000e+00
   0.0000000e+00
   0.0000000e+00
   0.0000000e+00
   2.1927560e-02
   2.2393681e-02
   2.0833151e-02
   1.6838189e-02
   1.2744779e-02
   6.0181129e-03
  -2.1848520e-03
  -5.4499027e-03
  -6.8023503e-03
   0.0000000e+00
   0.0000000e+00
   0.0000000e+00
   7.9012477e-04
   2.6627640e-02
   0.0000000e+00
   0.0000000e+00
   0.0000000e+00
   0.0000000e+00
   0.0000000e+00
   0.0000000e+00
   0.0000000e+00
   0.0000000e+00
   0.0000000e+00
   0.0000000e+00
   0.0000000e+00
   0.0000000e+00
  -2.6488557e-02
  -2.6573356e-02
  -1.3179735e-02
   1.7292015e-02
   2.9237732e-02
   3.3494450e-02
   3.4175429e-02
   3.1790167e-02
   5.0717041e-02
   4.8391044e-02
   4.7477327e-02
   4.5928445e-02
   4.1398536e-02
   3.2081168e-02
   2.7790979e-02
   2.7688144e-02
   0.0000000e+00
   0.0000000e+00
   0.0000000e+00
   0.0000000e+00
   0.0000000e+00
   0.0000000e+00
   2.6061315e-02
   3.5402715e-02
   3.5187103e-02
   3.3216700e-02
   3.1378645e-02
   2.4965052e-02
   1.5458604e-02
   8.2716979e-03
   8.9128483e-03
   0.0000000e+00
   0.0000000e+00
   1.7151054e-02
   1.3267985e-02
   1.0555440e-02
   0.0000000e+00
   0.0000000e+00
   0.0000000e+00
   0.0000000e+00
   0.0000000e+00
   0.0000000e+00
   0.0000000e+00
   0.0000000e+00
   0.0000000e+00
   0.0000000e+00
   0.0000000e+00
   0.0000000e+00
   0.0000000e+00
   0.0000000e+00
   0.0000000e+00
   2.6976930e-02
   3.6898647e-02
   4.6185166e-02
   5.2255768e-02
   5.2194592e-02
   6.4921439e-02
   6.5671623e-02
   6.6949882e-02
   6.5837122e-02
   6.0707178e-02
   4.8610318e-02
   3.2955572e-02
   0.0000000e+00
   0.0000000e+00
   0.0000000e+00
   0.0000000e+00
   0.0000000e+00
   0.0000000e+00
   0.0000000e+00
   2.0905546e-02
   3.4301013e-02
   3.9338574e-02
   4.3486375e-02
   4.8016306e-02
   4.3665100e-02
   3.2398414e-02
   1.9253815e-02
   1.2856507e-02
   0.0000000e+00
   2.4395228e-02
   4.4370347e-02
   2.2420036e-02
   0.0000000e+00
   0.0000000e+00
   0.0000000e+00
   0.0000000e+00
   0.0000000e+00
   0.0000000e+00
   0.0000000e+00
   0.0000000e+00
   0.0000000e+00
   0.0000000e+00
   0.0000000e+00
   0.0000000e+00
   0.0000000e+00
   0.0000000e+00
   1.3216416e-03
   1.8986757e-02
   3.2736514e-02
   2.9028516e-02
   4.3988071e-02
   5.8039129e-02
   6.2279001e-02
   6.8905219e-02
   7.3364437e-02
   7.6788522e-02
   7.5941138e-02
   6.9600329e-02
   5.6080669e-02
   3.2819420e-02
   0.0000000e+00
   0.0000000e+00
   0.0000000e+00
   0.0000000e+00
   0.0000000e+00
   0.0000000e+00
   0.0000000e+00
   0.0000000e+00
   2.3953932e-02
   3.5272267e-02
   4.6026357e-02
   5.8358304e-02
   5.9243679e-02
   4.6889674e-02
   2.5839269e-02
   3.8726823e-03
   0.0000000e+00
   0.0000000e+00
   0.0000000e+00
   0.0000000e+00
   0.0000000e+00
  -0.0000000e+00
   0.0000000e+00
   0.0000000e+00
   0.0000000e+00
   0.0000000e+00
   0.0000000e+00
   0.0000000e+00
   0.0000000e+00
   0.0000000e+00
   0.0000000e+00
   0.0000000e+00
   0.0000000e+00
   0.0000000e+00
   0.0000000e+00
   1.6352560e-02
   2.7717980e-02
   2.4308275e-02
   3.9735291e-02
   5.4204762e-02
   6.3093245e-02
   5.6501985e-02
   6.5230399e-02
   7.1463883e-02
   7.2238579e-02
   6.5283902e-02
   5.1350549e-02
   3.0872419e-02
   0.0000000e+00
   0.0000000e+00
   0.0000000e+00
   0.0000000e+00
   0.0000000e+00
   0.0000000e+00
   0.0000000e+00
   0.0000000e+00
   0.0000000e+00
   3.1147396e-02
   4.3710485e-02
   6.2498339e-02
   6.7635909e-02
   5.5922396e-02
   3.1983733e-02
   7.6226620e-03
   1.4655104e-02
   0.0000000e+00
   0.0000000e+00
   0.0000000e+00
   0.0000000e+00
  -0.0000000e+00
   0.0000000e+00
   0.0000000e+00
   0.0000000e+00
   0.0000000e+00
   0.0000000e+00
   0.0000000e+00
   0.0000000e+00
   0.0000000e+00
   0.0000000e+00
   0.0000000e+00
   0.0000000e+00
   0.0000000e+00
   0.0000000e+00
   0.0000000e+00
   9.0931421e-03
   1.2642716e-02
   2.6701152e-02
   4.0545262e-02
   4.8380539e-02
   2.4115752e-02
   3.9273959e-02
   5.0433069e-02
   5.5856131e-02
   4.9315684e-02
   3.4934379e-02
   1.9751916e-02
   0.0000000e+00
   0.0000000e+00
   0.0000000e+00
   0.0000000e+00
   0.0000000e+00
   0.0000000e+00
   0.0000000e+00
   0.0000000e+00
   0.0000000e+00
   0.0000000e+00
   4.8080381e-02
   6.6324547e-02
   7.2814353e-02
   6.0350575e-02
   3.9401900e-02
   1.9571175e-02
   8.5322398e-03
   0.0000000e+00
   0.0000000e+00
   0.0000000e+00
   0.0000000e+00
   0.0000000e+00
   0.0000000e+00
   0.0000000e+00
   0.0000000e+00
   0.0000000e+00
   0.0000000e+00
   0.0000000e+00
   0.0000000e+00
   0.0000000e+00
   0.0000000e+00
   0.0000000e+00
   0.0000000e+00
   0.0000000e+00
   0.0000000e+00
   0.0000000e+00
   2.9786559e-03
  -8.7700876e-03
  -7.4906577e-03
   6.6486555e-03
   1.2655471e-02
  -2.1585088e-02
   2.8056698e-04
   1.9451529e-02
   2.9032867e-02
   2.2859309e-02
   1.3314750e-02
   0.0000000e+00
   0.0000000e+00
   0.0000000e+00
   0.0000000e+00
   0.0000000e+00
   0.0000000e+00
   0.0000000e+00
   0.0000000e+00
   0.0000000e+00
   0.0000000e+00
   0.0000000e+00
   5.7047583e-02
   6.1810233e-02
   6.5716431e-02
   5.5356920e-02
   3.7712947e-02
   2.9183215e-02
   0.0000000e+00
   0.0000000e+00
   0.0000000e+00
   0.0000000e+00
   0.0000000e+00
   0.0000000e+00
   0.0000000e+00
   0.0000000e+00
   0.0000000e+00
   0.0000000e+00
   0.0000000e+00
   0.0000000e+00
   0.0000000e+00
   0.0000000e+00
   0.0000000e+00
   0.0000000e+00
   0.0000000e+00
   0.0000000e+00
   0.0000000e+00
   0.0000000e+00
   1.3149603e-02
  -3.9109457e-03
  -0.0000000e+00
  -4.4327006e-02
  -3.8155925e-02
  -6.2523641e-02
  -3.5164572e-02
  -8.9918171e-03
   0.0000000e+00
  -1.2946513e-02
  -8.7313513e-03
   0.0000000e+00
   0.0000000e+00
   0.0000000e+00
   0.0000000e+00
   0.0000000e+00
   0.0000000e+00
   3.6998181e-03
   1.0310184e-02
   0.0000000e+00
   0.0000000e+00
   4.2786542e-02
   3.8544130e-02
   3.3239286e-02
   3.6945727e-02
   2.8052500e-02
   1.5260702e-02
   6.8513750e-03
   0.0000000e+00
  -5.2697602e-03
   0.0000000e+00
   0.0000000e+00
   0.0000000e+00
   0.0000000e+00
   0.0000000e+00
   0.0000000e+00
   0.0000000e+00
   0.0000000e+00
   0.0000000e+00
   0.0000000e+00
   0.0000000e+00
   0.0000000e+00
   0.0000000e+00
   0.0000000e+00
   0.0000000e+00
   0.0000000e+00
   0.0000000e+00
   0.0000000e+00
  -4.5603148e-03
  -5.9789779e-03
   0.0000000e+00
  -7.1137637e-02
  -8.9479208e-02
  -5.5167394e-02
  -4.7137788e-02
   0.0000000e+00
   0.0000000e+00
  -0.0000000e+00
   0.0000000e+00
   0.0000000e+00
   0.0000000e+00
   0.0000000e+00
   0.0000000e+00
   0.0000000e+00
   0.0000000e+00
   3.7842009e-03
   9.3277745e-03
   0.0000000e+00
   1.9737569e-02
   1.9135324e-02
   0.0000000e+00
  -9.4588681e-03
  -2.1000601e-02
  -2.4627300e-02
  -3.1843177e-02
  -2.1457001e-02
  -9.9541966e-03
  -1.9835557e-03
   0.0000000e+00
   0.0000000e+00
   0.0000000e+00
   0.0000000e+00
   0.0000000e+00
   0.0000000e+00
   0.0000000e+00
   0.0000000e+00
   0.0000000e+00
   0.0000000e+00
   0.0000000e+00
   0.0000000e+00
   0.0000000e+00
   0.0000000e+00
   0.0000000e+00
   0.0000000e+00
   0.0000000e+00
   0.0000000e+00
   0.0000000e+00
   0.0000000e+00
   0.0000000e+00
  -0.0000000e+00
  -0.0000000e+00
  -2.6243190e-02
  -7.5934400e-03
   0.0000000e+00
   0.0000000e+00
   0.0000000e+00
   0.0000000e+00
   0.0000000e+00
   0.0000000e+00
   0.0000000e+00
   0.0000000e+00
   0.0000000e+00
   0.0000000e+00
   0.0000000e+00
   0.0000000e+00
   0.0000000e+00
   1.4570590e-02
  -1.9115483e-03
   0.0000000e+00
   0.0000000e+00
  -0.0000000e+00
  -5.6262630e-02
  -3.5865078e-02
  -1.9917934e-02
  -1.9840075e-02
  -9.7992911e-04
   8.8809663e-03
   0.0000000e+00
   0.0000000e+00
   0.0000000e+00
   1.0657300e-02
   0.0000000e+00
   0.0000000e+00
   0.0000000e+00
   0.0000000e+00
   0.0000000e+00
   0.0000000e+00
   0.0000000e+00
   0.0000000e+00
   0.0000000e+00
   0.0000000e+00
   0.0000000e+00
   0.0000000e+00
   0.0000000e+00
   0.0000000e+00
   0.0000000e+00
   0.0000000e+00
   0.0000000e+00
   0.0000000e+00
  -1.7843098e-02
  -2.2613756e-02
  -3.4376636e-02
  -4.2210690e-02
  -3.6506874e-02
  -2.4812358e-02
  -1.6903081e-02
  -1.2780050e-03
   7.1431417e-03
   1.2272174e-02
   1.0013813e-02
   9.2422653e-03
   0.0000000e+00
   0.0000000e+00
   3.2426998e-02
   2.4978654e-02
  -0.0000000e+00
   0.0000000e+00
   0.0000000e+00
   0.0000000e+00
   0.0000000e+00
  -2.6205786e-02
  -2.6013250e-02
  -2.2258831e-02
  -1.6238341e-02
  -1.2263904e-02
  -1.6089474e-02
  -1.2947442e-02
  -5.9248666e-03
  -5.3981293e-03
  -7.1561519e-03
  -9.9558891e-03
  -1.1599764e-02
  -1.7347959e-02
  -2.1119255e-02
  -2.0862341e-02
   0.0000000e+00
   0.0000000e+00
  -2.4628913e-02
  -2.5836859e-02
  -3.1089242e-02
  -2.4104234e-02
  -2.3928949e-02
  -2.3402573e-02
  -1.9740785e-02
  -1.7949180e-02
  -2.1932512e-02
  -2.0375700e-02
