   0.0000000e+00
   0.0000000e+00
   0.0000000e+00
   0.0000000e+00
   0.0000000e+00
   0.0000000e+00
   0.0000000e+00
   0.0000000e+00
   0.0000000e+00
   0.0000000e+00
   0.0000000e+00
   0.0000000e+00
   0.0000000e+00
   0.0000000e+00
   0.0000000e+00
   0.0000000e+00
   0.0000000e+00
   0.0000000e+00
   0.0000000e+00
   0.0000000e+00
   0.0000000e+00
   0.0000000e+00
   0.0000000e+00
   0.0000000e+00
   0.0000000e+00
   0.0000000e+00
   0.0000000e+00
   0.0000000e+00
   0.0000000e+00
   0.0000000e+00
   0.0000000e+00
   0.0000000e+00
   0.0000000e+00
   0.0000000e+00
   0.0000000e+00
   0.0000000e+00
   0.0000000e+00
   0.0000000e+00
   0.0000000e+00
   0.0000000e+00
   0.0000000e+00
   0.0000000e+00
   0.0000000e+00
   0.0000000e+00
   0.0000000e+00
   0.0000000e+00
   0.0000000e+00
   0.0000000e+00
   5.9197726e-02
   3.5946187e-02
   1.9924192e-02
   8.9343014e-03
  -1.0371704e-03
  -7.2885812e-03
  -9.8328235e-03
  -1.2329046e-02
  -1.1561466e-02
  -8.7960916e-03
  -1.0833476e-02
  -2.0435277e-03
   8.6709657e-03
  -1.4606676e-02
   0.0000000e+00
   0.0000000e+00
   5.9649099e-02
   3.3166395e-02
   1.6052195e-02
   1.9116137e-02
   4.1790516e-03
  -8.6879807e-03
   1.1163558e-02
   1.0877850e-02
   1.3079499e-02
   2.6902646e-02
   3.6621093e-02
   2.5675281e-02
   0.0000000e+00
   0.0000000e+00
   0.0000000e+00
   0.0000000e+00
   0.0000000e+00
   0.0000000e+00
   0.0000000e+00
   0.0000000e+00
   0.0000000e+00
   0.0000000e+00
   0.0000000e+00
   0.0000000e+00
   0.0000000e+00
   0.0000000e+00
   0.0000000e+00
   0.0000000e+00
   0.0000000e+00
   0.0000000e+00
   1.0720254e-01
   9.8706946e-02
   2.1025574e-02
   1.3834881e-02
   9.3232263e-03
   2.0047519e-03
  -1.8098599e-03
  -3.4504267e-03
  -6.4162118e-03
  -8.3358046e-03
  -1.1321403e-02
  -1.2923271e-02
  -1.1012415e-02
  -9.2666326e-03
  -4.2935470e-03
  -9.0682702e-03
  -7.1306916e-03
   0.0000000e+00
   1.7326489e-02
   2.0170156e-02
   2.0971760e-02
   2.2776136e-02
   2.2472933e-02
   1.9647818e-02
   1.7470878e-02
   1.3356882e-02
   1.2791418e-02
   1.6912934e-02
   2.1361763e-02
   1.1786559e-02
   4.0031290e-03
  -1.1568457e-02
  -4.0683967e-03
   2.2509699e-02
   6.6489819e-02
   4.1711534e-02
   1.5125453e-02
   2.1106502e-02
   2.4820001e-02
   2.7126883e-02
   2.5664143e-02
   1.9753030e-02
   8.0706714e-03
   3.5050493e-03
   1.4266443e-02
   3.2647430e-02
   1.9604929e-02
   2.2750011e-02
   3.9438114e-02
   2.9615801e-02
  -1.4243538e-03
   4.5403861e-03
   5.7860608e-03
   3.1569540e-03
   2.7457069e-04
  -9.2803373e-04
  -3.3246987e-03
  -7.2803609e-03
  -1.0030054e-02
  -1.2835315e-02
  -1.4451887e-02
  -1.2669555e-02
  -1.0836804e-02
  -1.0115163e-02
  -6.8230499e-03
  -4.5683530e-04
   6.3282745e-03
   1.1986082e-02
   1.4883958e-02
   1.8296832e-02
   2.0573188e-02
   1.9845366e-02
   1.5764564e-02
   1.0275243e-02
   6.0855364e-03
   2.6765075e-03
  -1.8148082e-03
  -5.9881723e-03
  -8.1290742e-03
  -8.5728019e-03
  -5.6128688e-03
   5.4499074e-03
   1.6850716e-02
   1.9240808e-02
   2.0039003e-02
   2.0333592e-02
   1.8060219e-02
   1.3107236e-02
   5.4278648e-03
  -3.4010643e-03
  -1.2671766e-02
  -1.8062878e-02
  -1.8038251e-02
  -1.9721940e-02
  -2.1659795e-02
  -1.6562562e-02
  -1.1721404e-02
  -7.9160463e-03
  -7.9362020e-03
   1.7455583e-03
   5.8617019e-03
   4.7415602e-03
   2.3199737e-03
   7.7451044e-04
  -2.6210048e-03
  -8.5223326e-03
  -1.4736949e-02
  -1.9951260e-02
  -2.2416394e-02
  -2.2251502e-02
  -2.1545243e-02
  -2.3493307e-02
  -1.4948100e-02
  -2.2363681e-03
   1.7245183e-03
   4.1460907e-03
   6.2646698e-03
   9.6945018e-03
   1.0940489e-02
   8.2690623e-03
   2.3155846e-03
  -3.2985760e-03
  -8.0541903e-03
  -1.4279420e-02
  -2.1618681e-02
  -2.5566772e-02
  -2.5684658e-02
  -2.1778673e-02
  -1.5854875e-02
  -9.0497946e-03
  -3.1471902e-03
   1.1478406e-03
   7.3792925e-03
   1.2444146e-02
   9.3853213e-03
  -2.8707890e-04
  -1.3953580e-02
  -2.7390288e-02
  -3.7859581e-02
  -4.3895818e-02
  -4.8090331e-02
  -4.8731014e-02
  -4.2072326e-02
  -3.3643961e-02
  -2.7137104e-02
  -1.8762488e-02
  -2.2612228e-03
   5.7149325e-03
   8.4668100e-03
   6.0014287e-03
   2.4051811e-03
  -1.1500391e-03
  -7.0143128e-03
  -1.5377946e-02
  -2.3882354e-02
  -2.9018501e-02
  -3.0402243e-02
  -2.9805824e-02
  -3.0885320e-02
  -3.9073343e-02
   0.0000000e+00
  -4.8245769e-05
  -5.2421326e-03
  -6.5468405e-03
  -3.3694992e-03
  -2.8187782e-04
  -7.8052632e-04
  -4.8308834e-03
  -1.0654565e-02
  -1.6093593e-02
  -2.2430034e-02
  -2.9372785e-02
  -3.6376730e-02
  -3.9300006e-02
  -3.7117328e-02
  -3.1774588e-02
  -2.5609061e-02
  -1.7294537e-02
  -1.0594236e-02
  -5.6269784e-03
   4.6195490e-03
   1.0594765e-02
   3.4104423e-03
  -9.6579064e-03
  -2.6032625e-02
  -4.1843973e-02
  -5.1668622e-02
  -5.7004008e-02
  -5.9814326e-02
  -5.5780537e-02
  -4.6154350e-02
  -3.8654294e-02
  -2.8354429e-02
  -1.4784878e-02
   8.0414545e-03
   9.9083623e-03
   9.2262812e-03
   5.5826441e-03
   6.3801534e-04
  -5.6024874e-03
  -1.3744689e-02
  -2.3099918e-02
  -3.0152407e-02
  -3.2909490e-02
  -3.2846078e-02
  -3.1132862e-02
  -3.2529682e-02
  -2.8649043e-02
   0.0000000e+00
  -4.6237520e-03
  -1.1307064e-02
  -1.1461121e-02
  -8.1198644e-03
  -7.3654838e-03
  -1.0360129e-02
  -1.5121824e-02
  -2.0012712e-02
  -2.5097284e-02
  -3.1971965e-02
  -3.8842537e-02
  -4.3234352e-02
  -4.0272303e-02
  -3.3903781e-02
  -2.9508717e-02
  -2.4471598e-02
  -1.6697124e-02
  -9.9728042e-03
  -1.3127221e-03
   1.3211151e-02
   1.2516556e-02
  -2.5409306e-03
  -1.9560046e-02
  -3.7046213e-02
  -5.0721161e-02
  -5.7681851e-02
  -6.1859421e-02
  -5.9523866e-02
  -4.8481982e-02
  -3.6915153e-02
  -3.3122420e-02
  -2.2500896e-02
   1.3574886e-03
   1.1172779e-02
   9.6546821e-03
   6.8671582e-03
   3.4448188e-03
  -1.3766873e-03
  -8.8040484e-03
  -1.7905032e-02
  -2.5934204e-02
  -3.0175779e-02
  -3.0569203e-02
  -2.9760219e-02
  -2.8965157e-02
  -2.7740765e-02
  -1.8279371e-02
   0.0000000e+00
  -1.0297419e-02
  -1.4646087e-02
  -1.2761554e-02
  -1.1208816e-02
  -1.3039844e-02
  -1.6597183e-02
  -2.0701192e-02
  -2.4276838e-02
  -2.9311549e-02
  -3.5038289e-02
  -3.9389953e-02
  -3.7147403e-02
  -2.4864441e-02
  -1.4876379e-02
  -1.4368711e-02
  -1.2756439e-02
  -7.7350717e-03
  -1.3082622e-03
   8.9009050e-03
   1.8962640e-02
   7.6424535e-03
  -1.1938374e-02
  -2.9217321e-02
  -4.4327088e-02
  -5.1473357e-02
  -5.4464459e-02
  -5.3858511e-02
  -4.4450533e-02
  -3.8992960e-02
  -2.1548225e-02
  -1.6914776e-02
   0.0000000e+00
   8.1145190e-03
   8.2636774e-03
   3.6820963e-03
   1.4634125e-03
  -9.1432303e-05
  -3.6997399e-03
  -1.0708638e-02
  -1.8221390e-02
  -2.3227369e-02
  -2.5546676e-02
  -2.5809158e-02
  -2.5095351e-02
  -2.4392918e-02
  -1.9903395e-02
  -1.1855101e-02
   0.0000000e+00
  -0.0000000e+00
  -1.3528343e-02
  -1.2692083e-02
  -1.2725580e-02
  -1.5649758e-02
  -1.8576503e-02
  -2.1760838e-02
  -2.4333213e-02
  -2.7953858e-02
  -3.0955389e-02
  -2.9859252e-02
  -1.7807048e-02
  -2.2707961e-03
   2.9728953e-03
  -3.1275512e-03
  -4.6519670e-03
  -1.6565835e-03
   4.2839823e-03
   1.0850717e-02
   1.0636481e-02
  -4.9669980e-03
  -2.1058252e-02
  -3.2982904e-02
  -3.9894972e-02
  -3.8982995e-02
  -3.9259762e-02
  -3.4169003e-02
  -2.5068127e-02
   0.0000000e+00
  -8.1108930e-03
  -1.0353313e-03
  -1.9810118e-03
   5.9632037e-03
   1.3626879e-04
  -5.4975753e-03
  -4.9858466e-03
  -3.5723546e-03
  -5.0797551e-03
  -9.8157842e-03
  -1.4651259e-02
  -1.7453210e-02
  -1.8904060e-02
  -1.9989792e-02
  -1.9775474e-02
  -1.8550351e-02
  -1.0816192e-02
   3.6525307e-03
   0.0000000e+00
   0.0000000e+00
  -1.2083964e-02
  -1.2152048e-02
  -1.2533016e-02
  -1.6448097e-02
  -1.8474052e-02
  -2.0020595e-02
  -2.0870568e-02
  -2.1628682e-02
  -1.9849665e-02
  -1.0168480e-02
   3.6877883e-03
   4.9970960e-03
   2.2366277e-03
  -7.8716390e-03
  -9.1197882e-03
  -8.0756051e-03
  -3.9941408e-03
  -1.3497164e-03
  -5.3212345e-03
  -1.4586509e-02
  -2.1089524e-02
  -2.3840651e-02
  -1.8878913e-02
  -1.4020246e-02
  -1.6335659e-02
  -1.0279522e-02
  -5.7600216e-03
   0.0000000e+00
   4.7989153e-03
   5.5756867e-03
   2.1661386e-03
   0.0000000e+00
  -2.4390598e-03
  -8.5928980e-03
  -6.0115680e-03
  -3.3885511e-03
  -3.2101586e-03
  -5.5954694e-03
  -8.2462179e-03
  -1.0020729e-02
  -1.2116815e-02
  -1.5124942e-02
  -1.5868362e-02
  -1.3233763e-02
  -1.2347841e-03
   2.0156294e-02
   0.0000000e+00
   0.0000000e+00
   0.0000000e+00
  -1.1133890e-02
  -1.4243572e-02
  -1.7844696e-02
  -1.7860085e-02
  -1.6526477e-02
  -1.5189701e-02
  -1.2691224e-02
  -5.4597245e-03
   1.2012823e-02
   8.3802335e-03
   2.9010114e-03
   2.8754822e-03
  -5.8591561e-03
  -6.8453127e-03
  -1.1304271e-02
  -9.1710798e-03
  -6.8306006e-03
  -7.5832792e-03
  -8.9058541e-03
  -8.2564699e-03
  -3.5779933e-03
   9.7353123e-03
   2.4323737e-03
  -1.4515142e-03
   7.2236229e-03
   0.0000000e+00
   0.0000000e+00
   7.5013563e-03
   6.5862592e-03
   4.1629542e-03
   1.9542647e-03
  -2.4386640e-03
  -6.7937509e-03
  -2.8545591e-03
   2.8183765e-04
   1.6312811e-03
   1.3253874e-03
  -1.9731291e-04
  -2.4537875e-03
  -6.6712294e-03
  -1.1479069e-02
  -1.2603548e-02
  -7.7779433e-03
   8.4644016e-03
   3.5044506e-02
   0.0000000e+00
   0.0000000e+00
   0.0000000e+00
  -1.2300209e-02
  -1.9775296e-02
  -2.0813033e-02
  -1.6500637e-02
  -1.2173348e-02
  -8.6325016e-03
  -2.8397359e-03
   9.9679800e-03
   3.8506627e-02
   0.0000000e+00
   0.0000000e+00
   1.9672636e-03
   3.4729554e-04
  -4.6639289e-03
  -1.2637379e-02
  -7.8848870e-03
  -2.8342921e-03
   3.2406440e-04
   3.3691281e-03
   7.7894805e-03
   1.8524580e-02
   3.6979578e-02
   0.0000000e+00
   0.0000000e+00
   0.0000000e+00
   0.0000000e+00
   0.0000000e+00
   7.1563032e-03
   6.6275774e-03
   5.8604986e-03
   3.0134204e-03
  -5.8505171e-04
  -1.1879493e-03
   2.9054399e-03
   6.4324999e-03
   8.7079880e-03
   9.5275787e-03
   8.0455905e-03
   4.2381282e-03
  -2.7467573e-03
  -8.8310669e-03
  -9.4593966e-03
  -1.9229141e-03
   1.7573170e-02
   4.7294704e-02
   0.0000000e+00
   0.0000000e+00
   0.0000000e+00
  -1.0611697e-02
  -2.7142488e-02
  -2.4156150e-02
  -1.4255831e-02
  -7.5531006e-03
  -1.9145393e-03
   7.2305171e-03
   2.6816924e-02
   5.8285945e-02
   0.0000000e+00
   0.0000000e+00
   1.7198584e-03
   6.4255723e-03
  -5.9399216e-03
  -1.0421182e-02
  -9.7498379e-04
   5.7063049e-03
   1.0783534e-02
   1.5918381e-02
   2.3031999e-02
   3.8332271e-02
   5.8450018e-02
   0.0000000e+00
   0.0000000e+00
   0.0000000e+00
   0.0000000e+00
   0.0000000e+00
   7.4731228e-03
   8.1101777e-03
   8.3012189e-03
   5.4206842e-03
   4.8487876e-03
   6.0460251e-03
   9.7133089e-03
   1.3563215e-02
   1.6351739e-02
   1.7077591e-02
   1.4810840e-02
   8.2909204e-03
  -1.3998565e-03
  -7.8257397e-03
  -6.3432772e-03
   4.3091644e-03
   2.5388611e-02
   5.1540315e-02
   1.8234076e-02
   0.0000000e+00
   0.0000000e+00
  -0.0000000e+00
  -3.4327760e-02
  -2.7532913e-02
  -1.1765422e-02
  -3.4485126e-03
   4.1455026e-03
   1.7088639e-02
   4.4397250e-02
   6.9652482e-02
   0.0000000e+00
   0.0000000e+00
   0.0000000e+00
   1.1108974e-02
  -1.0288866e-02
  -5.8930642e-03
   6.4193802e-03
   1.3255565e-02
   1.9264344e-02
   2.5546405e-02
   3.5027515e-02
   5.3474016e-02
   7.1795173e-02
   0.0000000e+00
   0.0000000e+00
   0.0000000e+00
   0.0000000e+00
   0.0000000e+00
   1.1930887e-02
   1.2562740e-02
   1.2596691e-02
   8.5209245e-03
   1.0954862e-02
   1.2392410e-02
   1.5810587e-02
   2.0096375e-02
   2.2617456e-02
   2.2274978e-02
   1.7924288e-02
   7.9916893e-03
  -3.0586503e-03
  -7.6365564e-03
  -2.4646334e-03
   1.0677990e-02
   3.1223906e-02
   4.9706273e-02
   2.1844104e-02
   0.0000000e+00
   0.0000000e+00
   0.0000000e+00
  -4.1903049e-02
  -3.0509014e-02
  -9.4886571e-03
   1.0383717e-04
   1.0236476e-02
   2.7674535e-02
   6.2356681e-02
   8.2853228e-02
   0.0000000e+00
   0.0000000e+00
   0.0000000e+00
   1.2414852e-02
  -1.3539440e-02
  -3.2897654e-04
   1.1468015e-02
   1.8528637e-02
   2.5361896e-02
   3.3111915e-02
   4.4975851e-02
   6.4632341e-02
   7.8389943e-02
   0.0000000e+00
   0.0000000e+00
   0.0000000e+00
   0.0000000e+00
   0.0000000e+00
   1.8927373e-02
   1.9022528e-02
   1.7226595e-02
   1.2998551e-02
   1.5742924e-02
   1.7086364e-02
   2.0743899e-02
   2.4969414e-02
   2.6194518e-02
   2.3814991e-02
   1.5895942e-02
   3.3795279e-03
  -6.2164655e-03
  -6.2187989e-03
   2.7190202e-03
   1.7264143e-02
   3.6752336e-02
   4.7307331e-02
   2.3436673e-02
   0.0000000e+00
   0.0000000e+00
   0.0000000e+00
  -0.0000000e+00
  -2.9796138e-02
  -6.0887318e-03
   4.9454719e-03
   1.8070115e-02
   3.9307550e-02
   7.5770751e-02
   8.6170882e-02
   0.0000000e+00
   0.0000000e+00
   0.0000000e+00
   7.4262777e-03
  -8.5474364e-03
   5.1613045e-03
   1.5624800e-02
   2.3658939e-02
   3.2000627e-02
   4.1876573e-02
   5.5401944e-02
   7.3472723e-02
   7.8716904e-02
   0.0000000e+00
   0.0000000e+00
   0.0000000e+00
   0.0000000e+00
   0.0000000e+00
   2.7087521e-02
   2.3979437e-02
   2.0777745e-02
   1.6979359e-02
   1.8399248e-02
   1.9907335e-02
   2.3615569e-02
   2.6608320e-02
   2.5561478e-02
   2.0096235e-02
   8.9195333e-03
  -3.1209467e-03
  -7.5119073e-03
  -2.2175238e-03
   9.3747545e-03
   2.4683325e-02
   4.3431353e-02
   4.2761657e-02
   0.0000000e+00
   0.0000000e+00
   0.0000000e+00
   0.0000000e+00
   0.0000000e+00
  -2.2404611e-02
   1.7721078e-04
   1.2887431e-02
   2.8060192e-02
   4.9819134e-02
   7.7731572e-02
   7.0337199e-02
   0.0000000e+00
   0.0000000e+00
   0.0000000e+00
   5.4442307e-03
  -0.0000000e+00
   1.0585655e-02
   2.1453120e-02
   3.0867502e-02
   4.1076746e-02
   5.3149119e-02
   6.6325933e-02
   7.8337707e-02
   7.2882622e-02
   3.7811629e-02
   0.0000000e+00
   0.0000000e+00
   0.0000000e+00
   0.0000000e+00
   3.5117943e-02
   2.7027763e-02
   2.2918025e-02
   1.9161008e-02
   1.7537812e-02
   1.9149458e-02
   2.2229921e-02
   2.3002729e-02
   1.9229207e-02
   1.1187240e-02
  -9.1272523e-05
  -7.3492806e-03
  -5.1603359e-03
   4.1614380e-03
   1.7204350e-02
   3.2807503e-02
   5.2186914e-02
   5.1556918e-02
   0.0000000e+00
   0.0000000e+00
   0.0000000e+00
   0.0000000e+00
   0.0000000e+00
  -1.1413605e-02
   9.6222926e-03
   2.3104437e-02
   3.7946329e-02
   5.5630568e-02
   6.9165662e-02
   4.8128624e-02
   0.0000000e+00
   0.0000000e+00
   0.0000000e+00
   0.0000000e+00
   0.0000000e+00
   2.1056708e-02
   2.9138900e-02
   3.9016549e-02
   5.0708104e-02
   6.3517995e-02
   7.2812811e-02
   7.4694313e-02
   5.9982903e-02
   2.0541267e-02
   0.0000000e+00
   0.0000000e+00
   0.0000000e+00
   3.6974853e-02
   3.7027232e-02
   2.7931333e-02
   2.2310801e-02
   1.8085167e-02
   1.2073884e-02
   1.3933300e-02
   1.6018378e-02
   1.4732323e-02
   9.2021804e-03
   1.0096235e-03
  -6.5975380e-03
  -7.3359115e-03
  -1.8916279e-04
   1.1418829e-02
   2.5135731e-02
   4.0828202e-02
   5.7364441e-02
   4.8478939e-02
   0.0000000e+00
   0.0000000e+00
   0.0000000e+00
   0.0000000e+00
   0.0000000e+00
   8.1224833e-05
   1.9690719e-02
   3.2128695e-02
   4.4305045e-02
   5.5490218e-02
   5.7368428e-02
   3.6105648e-02
   0.0000000e+00
   0.0000000e+00
   0.0000000e+00
  -3.6152805e-03
   0.0000000e+00
   3.1197885e-02
   3.6351293e-02
   4.5568515e-02
   5.6625664e-02
   6.7305684e-02
   7.0093274e-02
   6.1258599e-02
   4.1017622e-02
   8.4872171e-03
  -1.0436661e-02
   0.0000000e+00
   0.0000000e+00
   3.8635407e-02
   3.2756977e-02
   2.4735127e-02
   1.6993104e-02
   1.2387389e-02
   3.1892790e-03
   5.1034889e-03
   6.1607240e-03
   4.1566961e-03
  -8.1089023e-04
  -6.1541595e-03
  -8.1849704e-03
  -3.5907361e-03
   6.2141973e-03
   1.8611971e-02
   3.1622790e-02
   4.4993076e-02
   5.3143412e-02
   3.6379974e-02
   0.0000000e+00
   0.0000000e+00
   0.0000000e+00
   0.0000000e+00
   0.0000000e+00
   1.1675491e-02
   2.8151665e-02
   3.7883919e-02
   4.6261996e-02
   5.1485561e-02
   4.6826590e-02
   2.8556829e-02
   0.0000000e+00
   0.0000000e+00
   0.0000000e+00
   9.0460470e-03
   2.6508640e-02
   3.9888769e-02
   4.1239668e-02
   4.8852678e-02
   5.7173293e-02
   6.3496090e-02
   5.8447707e-02
   4.1822068e-02
   2.1745536e-02
   3.1702453e-05
  -9.3974634e-03
   0.0000000e+00
   1.8551005e-02
   2.7695234e-02
   2.3358420e-02
   1.5812239e-02
   6.7933770e-03
   2.7649729e-03
  -6.8227006e-03
  -5.5793934e-03
  -5.1565464e-03
  -6.4712064e-03
  -8.7341219e-03
  -9.4614783e-03
  -6.2858677e-03
   1.5762136e-03
   1.2310805e-02
   2.3948317e-02
   3.4207445e-02
   4.2034447e-02
   4.4771545e-02
   0.0000000e+00
   0.0000000e+00
   0.0000000e+00
   0.0000000e+00
   0.0000000e+00
   0.0000000e+00
   2.6181396e-02
   3.3859946e-02
   4.0979564e-02
   4.5581903e-02
   4.6327919e-02
   3.8457803e-02
   2.3584899e-02
   0.0000000e+00
   0.0000000e+00
   0.0000000e+00
   2.3419943e-02
   3.5506535e-02
   4.3729395e-02
   4.2810857e-02
   4.7692824e-02
   5.2536413e-02
   5.3444460e-02
   4.0500637e-02
   2.2849198e-02
   1.3067403e-02
  -2.3211321e-03
  -5.0936937e-03
   1.3790172e-02
   1.8551007e-02
   2.5141663e-02
   1.2562776e-02
   3.5889193e-03
  -4.2273165e-03
  -7.2029941e-03
  -1.6855668e-02
  -1.6319742e-02
  -1.6024014e-02
  -1.6004942e-02
  -1.4983809e-02
  -1.1488052e-02
  -4.7953948e-03
   4.4512097e-03
   1.4725351e-02
   2.4268432e-02
   3.1152558e-02
   3.4052327e-02
   3.3865854e-02
   0.0000000e+00
   0.0000000e+00
   0.0000000e+00
   0.0000000e+00
   0.0000000e+00
   0.0000000e+00
   4.2484626e-02
   3.6121424e-02
   4.1078791e-02
   4.3081902e-02
   4.1125014e-02
   3.0799616e-02
   1.9249050e-02
   0.0000000e+00
   0.0000000e+00
   0.0000000e+00
   3.7852786e-02
   4.1978434e-02
   4.1913245e-02
   4.0138919e-02
   4.1810773e-02
   4.3364946e-02
   3.9732084e-02
   2.1969702e-02
   1.1581645e-02
   1.0251626e-02
  -3.4125682e-03
  -6.1852374e-04
   1.3929090e-02
   0.0000000e+00
   0.0000000e+00
   3.5064612e-03
  -8.2820524e-03
  -1.4236768e-02
  -1.6664885e-02
  -2.4295755e-02
  -2.4370931e-02
  -2.3930857e-02
  -2.2424325e-02
  -1.8742636e-02
  -1.2486625e-02
  -4.1617667e-03
   4.9958229e-03
   1.3789818e-02
   2.0745903e-02
   2.4619790e-02
   2.4622247e-02
   2.0597991e-02
   0.0000000e+00
   0.0000000e+00
   0.0000000e+00
   0.0000000e+00
   0.0000000e+00
   0.0000000e+00
   5.1431540e-02
   3.3293515e-02
   3.7136629e-02
   3.8130552e-02
   3.5278603e-02
   2.4025481e-02
   1.7514460e-02
   0.0000000e+00
   0.0000000e+00
   0.0000000e+00
   5.0253063e-02
   3.9086744e-02
   3.4703314e-02
   3.3192411e-02
   3.2831956e-02
   3.2476000e-02
   2.6878681e-02
   8.7819686e-03
   5.7222216e-03
   0.0000000e+00
  -0.0000000e+00
   5.4567898e-04
   1.0102265e-02
   0.0000000e+00
   5.6150591e-03
  -3.6018775e-03
  -1.6481441e-02
  -2.1082863e-02
  -2.3448460e-02
  -2.3842062e-02
  -2.4552853e-02
  -2.4218422e-02
  -2.2078967e-02
  -1.7450638e-02
  -1.0591041e-02
  -2.4867852e-03
   5.5252176e-03
   1.2474080e-02
   1.7290605e-02
   1.8845767e-02
   1.6301753e-02
   9.2792848e-03
   0.0000000e+00
   0.0000000e+00
   0.0000000e+00
   0.0000000e+00
   0.0000000e+00
   1.0397199e-02
   3.8231839e-02
   2.7723193e-02
   3.1859953e-02
   3.3072617e-02
   3.0222848e-02
   1.7981632e-02
   0.0000000e+00
   0.0000000e+00
   0.0000000e+00
   0.0000000e+00
   5.4782909e-02
   3.5139818e-02
   2.8099764e-02
   2.6646867e-02
   2.4913297e-02
   2.3358597e-02
   1.8018866e-02
   2.6003484e-03
   0.0000000e+00
   0.0000000e+00
   0.0000000e+00
  -1.0460381e-03
   5.5733772e-04
   0.0000000e+00
   4.2877739e-03
  -7.8822831e-03
  -1.6597305e-02
  -1.9994310e-02
  -2.2375355e-02
  -1.7799113e-02
  -1.8682239e-02
  -1.8503824e-02
  -1.6653696e-02
  -1.2522424e-02
  -6.2524646e-03
   1.3238751e-03
   8.8405384e-03
   1.5118521e-02
   1.8670180e-02
   1.7341966e-02
   1.0261930e-02
   1.4430517e-03
   0.0000000e+00
   0.0000000e+00
   0.0000000e+00
   0.0000000e+00
  -2.1594695e-02
   4.3182956e-03
   2.5717678e-02
   2.3997952e-02
   2.8617902e-02
   2.9425871e-02
   2.7115742e-02
   1.5239319e-02
   0.0000000e+00
   0.0000000e+00
   0.0000000e+00
   0.0000000e+00
   0.0000000e+00
   3.0890743e-02
   2.4070957e-02
   2.2431252e-02
   1.8443929e-02
   1.5306318e-02
   1.2208259e-02
   1.9543523e-03
   0.0000000e+00
  -1.5702520e-03
   0.0000000e+00
  -2.7529540e-03
  -4.4236452e-03
  -1.9205015e-05
   2.1519714e-03
  -7.6770997e-03
  -1.1791667e-02
  -1.4216675e-02
  -1.6292220e-02
  -1.7820437e-02
  -1.7884964e-02
  -1.6846286e-02
  -1.4509536e-02
  -1.0284225e-02
  -3.9623859e-03
   3.8687841e-03
   1.1715730e-02
   1.7552121e-02
   1.8948956e-02
   1.4179491e-02
   4.2060158e-03
  -5.7648157e-03
  -6.9876484e-03
   0.0000000e+00
   0.0000000e+00
   0.0000000e+00
  -2.1274653e-02
  -2.6099652e-03
   1.1787680e-02
   1.6551916e-02
   2.2180936e-02
   2.4174712e-02
   2.4886045e-02
   1.6802284e-02
   0.0000000e+00
   0.0000000e+00
   0.0000000e+00
   0.0000000e+00
   0.0000000e+00
   2.6335582e-02
   2.1418298e-02
   1.6835403e-02
   1.0805850e-02
   7.4589690e-03
   8.7686182e-03
   4.7058953e-03
   0.0000000e+00
  -1.5222497e-03
   0.0000000e+00
  -2.6161995e-03
  -5.4333282e-03
  -1.2037338e-03
  -1.9967901e-03
  -8.1328666e-03
  -1.1932212e-02
  -1.4794705e-02
  -1.6831663e-02
  -2.9583896e-02
  -2.9221930e-02
  -2.7048897e-02
  -2.3291998e-02
  -1.7879559e-02
  -1.0980601e-02
  -3.0630881e-03
   4.5755981e-03
   9.4385277e-03
   9.2874197e-03
   4.7546453e-03
  -1.1248295e-03
  -1.3360577e-02
  -1.3138185e-02
   0.0000000e+00
   0.0000000e+00
   0.0000000e+00
  -2.2944972e-02
  -1.4569772e-02
  -6.8896739e-03
   1.8329779e-04
   1.0232131e-02
   1.5370336e-02
   2.2239598e-02
   2.0421347e-02
   0.0000000e+00
   0.0000000e+00
   0.0000000e+00
   0.0000000e+00
   0.0000000e+00
   2.8785796e-02
   2.0361483e-02
   9.7826095e-03
   2.8867621e-03
   3.0823408e-03
   9.7975647e-03
   8.8476986e-03
   0.0000000e+00
  -2.9286816e-03
   0.0000000e+00
  -2.0403810e-03
  -5.6001255e-03
  -4.0795840e-03
  -7.3822588e-03
  -1.3360845e-02
  -1.9328728e-02
  -2.4438459e-02
  -2.8011475e-02
  -4.4837836e-02
  -4.6557143e-02
  -4.5486495e-02
  -4.1834988e-02
  -3.6124282e-02
  -2.9103115e-02
  -2.1303114e-02
  -1.3632883e-02
  -7.3991101e-03
  -4.4137291e-03
  -5.2324664e-03
  -2.8505237e-03
  -1.3780057e-02
  -2.2052807e-02
   0.0000000e+00
   0.0000000e+00
  -2.3781961e-02
  -2.7185516e-02
  -2.9974613e-02
  -2.7620779e-02
  -1.9255638e-02
  -1.0810915e-03
   0.0000000e+00
   0.0000000e+00
   0.0000000e+00
   0.0000000e+00
   0.0000000e+00
   0.0000000e+00
   0.0000000e+00
   0.0000000e+00
   0.0000000e+00
   2.7808838e-02
   6.9050002e-03
  -2.5865873e-03
   2.7880616e-03
   1.8965082e-02
   1.4750370e-02
   4.3787463e-03
  -2.6426745e-03
  -7.4706673e-04
   0.0000000e+00
  -5.8626630e-03
  -6.8472186e-03
  -1.1318887e-02
  -1.8253285e-02
  -2.6208472e-02
  -3.3959541e-02
  -4.0461622e-02
  -5.1289678e-02
  -5.6540392e-02
  -5.8935858e-02
  -5.8040746e-02
  -5.4137662e-02
  -4.7926970e-02
  -3.9919499e-02
  -3.1077772e-02
  -2.0962566e-02
  -1.1570477e-02
  -1.1075838e-02
  -5.5605844e-03
  -9.6638990e-05
   0.0000000e+00
   0.0000000e+00
   0.0000000e+00
  -2.2747930e-02
  -3.2813564e-02
  -3.9949995e-02
  -4.2077035e-02
  -3.7578966e-02
  -1.3000971e-02
   0.0000000e+00
   0.0000000e+00
   0.0000000e+00
   0.0000000e+00
   0.0000000e+00
   0.0000000e+00
   0.0000000e+00
   0.0000000e+00
   0.0000000e+00
   4.8495002e-02
   1.3415268e-02
  -4.4362879e-03
   0.0000000e+00
   2.9984225e-02
   2.2355396e-02
   6.0618874e-03
   1.9973228e-03
   9.8199095e-04
  -5.4558075e-03
  -7.1425810e-03
  -8.2706595e-03
  -1.1978453e-02
  -1.8429033e-02
  -2.6695445e-02
  -3.5502039e-02
  -4.3952484e-02
  -4.5527034e-02
  -5.2623004e-02
  -5.7978228e-02
  -6.0613491e-02
  -6.0044620e-02
  -5.6539986e-02
  -4.9874544e-02
  -4.0699877e-02
  -2.8318696e-02
  -1.2459649e-02
  -1.0553630e-02
  -1.4124816e-02
   0.0000000e+00
  -3.1860437e-02
  -1.0050628e-03
  -9.2921630e-03
  -2.0910211e-02
  -3.2875217e-02
  -4.1814495e-02
  -4.9119625e-02
  -5.3667836e-02
  -4.2883996e-02
   0.0000000e+00
   0.0000000e+00
   0.0000000e+00
   0.0000000e+00
   0.0000000e+00
   0.0000000e+00
   0.0000000e+00
   0.0000000e+00
   0.0000000e+00
   6.5910175e-02
   2.8575365e-02
  -4.6103564e-04
   0.0000000e+00
   2.6765378e-02
   2.7252458e-02
   9.4416822e-03
   0.0000000e+00
   5.0926222e-03
  -5.2130981e-03
  -8.7099103e-03
  -9.1676451e-03
  -1.0888083e-02
  -1.5477935e-02
  -2.2275176e-02
  -2.9787110e-02
  -3.7607715e-02
  -3.5833295e-02
  -4.2408675e-02
  -4.8310131e-02
  -5.3109065e-02
  -5.6096748e-02
  -5.6362122e-02
  -5.2833341e-02
  -4.4909183e-02
  -3.2568932e-02
  -1.2265882e-02
  -6.6775612e-03
  -3.1469060e-02
   0.0000000e+00
  -2.7878020e-02
  -1.4251391e-03
  -8.5580861e-03
  -1.7972754e-02
  -2.7238727e-02
  -3.7284162e-02
  -4.9598776e-02
  -6.4450711e-02
  -6.5618902e-02
   0.0000000e+00
   0.0000000e+00
   0.0000000e+00
   0.0000000e+00
   0.0000000e+00
   0.0000000e+00
   0.0000000e+00
   0.0000000e+00
   0.0000000e+00
   7.2002373e-02
   4.1723244e-02
   5.2037509e-03
   0.0000000e+00
   1.7094980e-02
   2.8100722e-02
   0.0000000e+00
   1.1642632e-02
   6.7460188e-03
  -4.2715520e-03
  -9.9214548e-03
  -1.0192265e-02
  -1.0205898e-02
  -1.2493812e-02
  -1.7538466e-02
  -2.3102323e-02
  -2.9148702e-02
  -2.7357515e-02
  -3.2590833e-02
  -3.7739232e-02
  -4.2969529e-02
  -4.8350304e-02
  -5.2326828e-02
  -5.2610736e-02
  -4.6817258e-02
  -3.5751157e-02
  -1.4771543e-02
   0.0000000e+00
   0.0000000e+00
   7.7172632e-03
  -1.5240392e-02
  -3.2842318e-03
  -6.5243235e-03
  -1.4268390e-02
  -2.1966085e-02
  -3.2265775e-02
  -4.7296781e-02
  -7.0074990e-02
  -8.2433134e-02
   0.0000000e+00
   0.0000000e+00
   0.0000000e+00
   0.0000000e+00
   0.0000000e+00
   0.0000000e+00
   0.0000000e+00
   0.0000000e+00
   0.0000000e+00
   7.6954115e-02
   4.7830332e-02
   1.1884285e-02
   0.0000000e+00
   8.4402505e-03
   2.1390715e-02
   0.0000000e+00
   1.2225968e-02
   6.0731363e-03
  -3.4910981e-03
  -9.7258696e-03
  -1.0468978e-02
  -9.9023115e-03
  -1.0166245e-02
  -1.3679733e-02
  -1.7828237e-02
  -2.2282064e-02
  -2.1273550e-02
  -2.5374549e-02
  -2.9448604e-02
  -3.3854835e-02
  -3.9838362e-02
  -4.6479315e-02
  -5.0611343e-02
  -4.7738887e-02
  -3.8721304e-02
  -2.2553625e-02
   0.0000000e+00
   0.0000000e+00
   4.0780762e-03
  -6.3990327e-03
  -4.6693720e-03
  -5.4857754e-03
  -1.0789794e-02
  -1.7884657e-02
  -2.7635600e-02
  -4.3272927e-02
  -7.0114046e-02
  -9.2254400e-02
   0.0000000e+00
   0.0000000e+00
   0.0000000e+00
   0.0000000e+00
   0.0000000e+00
   0.0000000e+00
   0.0000000e+00
   0.0000000e+00
   0.0000000e+00
   0.0000000e+00
   4.1933592e-02
   1.5968411e-02
   0.0000000e+00
   0.0000000e+00
   0.0000000e+00
   0.0000000e+00
   1.3703445e-02
   1.2833332e-03
  -5.6338017e-03
  -8.5182656e-03
  -9.3196873e-03
  -8.5178260e-03
  -7.5475061e-03
  -9.7251218e-03
  -1.3302806e-02
  -1.7110165e-02
  -1.5903745e-02
  -2.0170379e-02
  -2.3817040e-02
  -2.7434852e-02
  -3.2752685e-02
  -4.0449496e-02
  -4.7425114e-02
  -4.7752183e-02
  -4.1060485e-02
  -2.1670168e-02
   0.0000000e+00
  -1.1755406e-03
  -4.8001397e-03
  -2.0190061e-03
  -1.7356920e-03
  -3.5511747e-03
  -6.8523688e-03
  -1.2682350e-02
  -2.1786079e-02
  -3.6748637e-02
  -6.3474648e-02
  -9.1650426e-02
   0.0000000e+00
   0.0000000e+00
   0.0000000e+00
   0.0000000e+00
   0.0000000e+00
   0.0000000e+00
   0.0000000e+00
   0.0000000e+00
   0.0000000e+00
   0.0000000e+00
   2.4467307e-02
   0.0000000e+00
   0.0000000e+00
   0.0000000e+00
   0.0000000e+00
   0.0000000e+00
   0.0000000e+00
  -7.6001038e-03
  -1.1292454e-02
  -6.7755887e-03
  -6.9297915e-03
  -5.4876315e-03
  -3.6536937e-03
  -4.3696202e-03
  -7.5742020e-03
  -1.1486599e-02
  -9.1310991e-03
  -1.4299415e-02
  -1.8595807e-02
  -2.2395741e-02
  -2.7297202e-02
  -3.5490200e-02
  -4.4993721e-02
  -4.7731921e-02
  -4.1357502e-02
  -1.9493191e-02
   0.0000000e+00
   7.6435634e-04
  -4.4288360e-03
  -1.7682136e-03
   2.1003734e-03
  -1.6315375e-04
  -2.6569094e-03
  -6.8746512e-03
  -1.4764279e-02
  -2.8352788e-02
  -5.2701302e-02
  -8.1264615e-02
   0.0000000e+00
   0.0000000e+00
   0.0000000e+00
   0.0000000e+00
   0.0000000e+00
   0.0000000e+00
   0.0000000e+00
   0.0000000e+00
   0.0000000e+00
   0.0000000e+00
   9.9347003e-03
   0.0000000e+00
   0.0000000e+00
   0.0000000e+00
   0.0000000e+00
   0.0000000e+00
   0.0000000e+00
   0.0000000e+00
  -1.3838479e-02
  -6.7984704e-03
  -4.0199659e-03
  -1.2491250e-03
   1.4276158e-03
   2.1831207e-03
  -3.1125639e-04
  -4.3646125e-03
  -1.7637835e-03
  -7.3153125e-03
  -1.2097102e-02
  -1.6236935e-02
  -2.1211587e-02
  -3.0229431e-02
  -4.3556869e-02
  -4.8214268e-02
  -3.8764501e-02
   0.0000000e+00
   0.0000000e+00
   4.2558870e-03
  -2.9603807e-03
  -1.7665669e-03
   5.3019454e-03
   4.9293069e-03
   1.8680454e-03
  -1.7874050e-03
  -8.2618399e-03
  -2.0075522e-02
  -4.2216297e-02
  -7.3272360e-02
   0.0000000e+00
   0.0000000e+00
   0.0000000e+00
   0.0000000e+00
   0.0000000e+00
   0.0000000e+00
   0.0000000e+00
   0.0000000e+00
   0.0000000e+00
   0.0000000e+00
   0.0000000e+00
   0.0000000e+00
   0.0000000e+00
   0.0000000e+00
   0.0000000e+00
   0.0000000e+00
   0.0000000e+00
   0.0000000e+00
  -1.2924056e-02
  -1.2029017e-02
  -4.8271860e-03
   1.1414291e-03
   6.7712506e-03
   8.8175572e-03
   7.1829692e-03
   3.1106400e-03
   5.1657142e-03
  -7.4088413e-04
  -5.4812816e-03
  -9.1212027e-03
  -1.3898740e-02
  -2.3591400e-02
  -4.1377539e-02
  -4.6240272e-02
  -3.5664521e-02
   0.0000000e+00
   0.0000000e+00
   0.0000000e+00
   0.0000000e+00
   3.0850816e-03
   6.6890932e-03
   9.1157219e-03
   7.1611526e-03
   3.4351999e-03
  -2.2201975e-03
  -1.2528036e-02
  -3.3517331e-02
  -7.0930696e-02
  -8.6192151e-02
   0.0000000e+00
   0.0000000e+00
   0.0000000e+00
   0.0000000e+00
   0.0000000e+00
   0.0000000e+00
   0.0000000e+00
   0.0000000e+00
   0.0000000e+00
   0.0000000e+00
   0.0000000e+00
   0.0000000e+00
   0.0000000e+00
   0.0000000e+00
   0.0000000e+00
   0.0000000e+00
   0.0000000e+00
  -1.3091954e-02
  -1.9543437e-02
  -1.0808002e-02
  -4.2172134e-03
   1.0241453e-02
   1.4833778e-02
   1.4433761e-02
   1.0494494e-02
   1.1773591e-02
   5.1417318e-03
   2.3036997e-04
  -2.6629101e-03
  -6.5330202e-03
  -1.6267110e-02
  -3.7988663e-02
  -4.5386845e-02
   0.0000000e+00
   0.0000000e+00
   0.0000000e+00
   0.0000000e+00
   0.0000000e+00
   0.0000000e+00
   8.1719020e-03
   9.7945537e-03
   1.1490163e-02
   8.6814482e-03
   3.4974990e-03
  -5.0424528e-03
  -2.5292270e-02
  -6.4840466e-02
  -8.2195200e-02
   0.0000000e+00
   0.0000000e+00
   0.0000000e+00
  -2.2747524e-02
  -2.1087820e-02
   0.0000000e+00
   0.0000000e+00
   0.0000000e+00
   0.0000000e+00
   0.0000000e+00
   0.0000000e+00
   0.0000000e+00
   0.0000000e+00
   0.0000000e+00
   0.0000000e+00
   0.0000000e+00
   0.0000000e+00
  -1.0263378e-02
  -2.2372891e-02
  -1.3904263e-02
  -1.6041979e-02
   8.5872076e-03
   1.8092802e-02
   1.9784594e-02
   1.7206538e-02
   1.5956029e-02
   9.8012872e-03
   4.9410216e-03
   2.5494241e-03
   1.3751665e-04
  -8.4348228e-03
  -3.3467136e-02
  -3.6809184e-02
   0.0000000e+00
   0.0000000e+00
   0.0000000e+00
   0.0000000e+00
   0.0000000e+00
   0.0000000e+00
   6.0562170e-03
   6.3607418e-03
   1.1602862e-02
   1.1107896e-02
   7.3974268e-03
   1.7540426e-03
  -1.6819896e-02
  -5.6089513e-02
  -6.6688068e-02
   0.0000000e+00
   0.0000000e+00
  -2.4411256e-02
  -2.0370810e-02
  -2.1288821e-02
   0.0000000e+00
   0.0000000e+00
   0.0000000e+00
   0.0000000e+00
   0.0000000e+00
   0.0000000e+00
   0.0000000e+00
   0.0000000e+00
   0.0000000e+00
   0.0000000e+00
   0.0000000e+00
   0.0000000e+00
   0.0000000e+00
   0.0000000e+00
   0.0000000e+00
  -3.1033002e-02
   1.5183585e-05
   1.4587292e-02
   2.0190116e-02
   2.0266276e-02
   1.5958419e-02
   1.2381777e-02
   8.4177619e-03
   7.3096449e-03
   6.4621703e-03
   6.5468810e-04
  -2.4576295e-02
  -0.0000000e+00
   0.0000000e+00
   0.0000000e+00
   0.0000000e+00
   0.0000000e+00
   0.0000000e+00
   0.0000000e+00
  -8.3404352e-03
  -5.9868004e-03
   4.5557921e-03
   7.3725474e-03
   6.8596611e-03
   6.7540109e-03
  -7.4552470e-03
  -4.3944344e-02
  -6.0594369e-02
   0.0000000e+00
  -3.0472669e-02
  -1.4193739e-02
  -1.3078185e-02
  -0.0000000e+00
   0.0000000e+00
   0.0000000e+00
   0.0000000e+00
   0.0000000e+00
   0.0000000e+00
   0.0000000e+00
   0.0000000e+00
   0.0000000e+00
   0.0000000e+00
   0.0000000e+00
   0.0000000e+00
   0.0000000e+00
   0.0000000e+00
  -4.8886071e-02
  -3.0726640e-02
  -5.3427443e-02
  -1.8410031e-02
   1.6900094e-04
   1.2425940e-02
   1.7636759e-02
   1.6587026e-02
   1.2974541e-02
   9.6185813e-03
   1.0010764e-02
   1.1752671e-02
   9.9950731e-03
  -6.5086312e-03
   0.0000000e+00
   0.0000000e+00
   0.0000000e+00
   0.0000000e+00
   0.0000000e+00
   0.0000000e+00
   0.0000000e+00
   0.0000000e+00
  -1.9827306e-02
  -7.4144229e-03
  -1.6801404e-03
   1.2321353e-03
   6.8828729e-03
   1.9232736e-03
  -2.7699752e-02
  -3.8152512e-02
   0.0000000e+00
  -0.0000000e+00
  -0.0000000e+00
   0.0000000e+00
   0.0000000e+00
  -0.0000000e+00
   0.0000000e+00
   0.0000000e+00
   0.0000000e+00
   0.0000000e+00
   0.0000000e+00
   0.0000000e+00
   0.0000000e+00
   0.0000000e+00
   0.0000000e+00
   0.0000000e+00
   0.0000000e+00
   0.0000000e+00
  -0.0000000e+00
  -3.1812545e-02
  -4.5250598e-02
  -2.4142947e-02
  -6.5738792e-03
   8.2571441e-03
   1.7362030e-02
   1.5087501e-02
   9.5789414e-03
   6.7422115e-03
   8.8824974e-03
   1.4346058e-02
   1.6688515e-02
   9.0007735e-03
   0.0000000e+00
   0.0000000e+00
   0.0000000e+00
   0.0000000e+00
   0.0000000e+00
   0.0000000e+00
   0.0000000e+00
   0.0000000e+00
   0.0000000e+00
  -1.3457900e-02
  -9.8998863e-03
  -2.1004174e-03
   4.9201287e-03
   9.3319304e-03
  -6.4632171e-03
  -1.0335525e-02
  -2.2121736e-03
   0.0000000e+00
   0.0000000e+00
   0.0000000e+00
   0.0000000e+00
  -0.0000000e+00
   0.0000000e+00
   0.0000000e+00
   0.0000000e+00
   0.0000000e+00
   0.0000000e+00
   0.0000000e+00
   0.0000000e+00
   0.0000000e+00
   0.0000000e+00
   0.0000000e+00
   0.0000000e+00
   0.0000000e+00
   0.0000000e+00
  -0.0000000e+00
  -4.0053416e-02
  -2.3787931e-02
  -1.0028675e-02
   7.0861513e-03
   1.6090330e-02
   3.7011639e-03
  -1.8385795e-03
  -1.9913688e-03
   4.3718182e-03
   1.4489589e-02
   2.0613598e-02
   1.8111802e-02
   0.0000000e+00
   0.0000000e+00
   0.0000000e+00
   0.0000000e+00
   0.0000000e+00
   0.0000000e+00
   0.0000000e+00
   0.0000000e+00
   0.0000000e+00
   0.0000000e+00
  -1.8831555e-02
  -3.0437645e-03
   6.0833315e-03
   1.5868668e-02
   1.3795884e-02
   2.1383149e-03
  -2.4013880e-03
   0.0000000e+00
   0.0000000e+00
   0.0000000e+00
   0.0000000e+00
   0.0000000e+00
   0.0000000e+00
   0.0000000e+00
   0.0000000e+00
   0.0000000e+00
   0.0000000e+00
   0.0000000e+00
   0.0000000e+00
   0.0000000e+00
   0.0000000e+00
   0.0000000e+00
   0.0000000e+00
   0.0000000e+00
   0.0000000e+00
   0.0000000e+00
  -4.2236125e-02
  -2.7695709e-02
  -3.0525469e-02
  -1.9093581e-03
   5.8324556e-03
  -1.9559933e-02
  -2.5434898e-02
  -2.2267465e-02
  -4.2268788e-03
   1.4327394e-02
   2.1054098e-02
   0.0000000e+00
   0.0000000e+00
   0.0000000e+00
   0.0000000e+00
   0.0000000e+00
   0.0000000e+00
   0.0000000e+00
   0.0000000e+00
   0.0000000e+00
   0.0000000e+00
   0.0000000e+00
  -3.1942695e-02
  -6.4666569e-03
   6.5439558e-03
   1.9158598e-02
   2.7055671e-02
   2.1208555e-02
   0.0000000e+00
   0.0000000e+00
   0.0000000e+00
   0.0000000e+00
   0.0000000e+00
   0.0000000e+00
   0.0000000e+00
   0.0000000e+00
   0.0000000e+00
   0.0000000e+00
   0.0000000e+00
   0.0000000e+00
   0.0000000e+00
   0.0000000e+00
   0.0000000e+00
   0.0000000e+00
   0.0000000e+00
   0.0000000e+00
   0.0000000e+00
   0.0000000e+00
  -2.0219751e-02
  -5.2687712e-05
  -0.0000000e+00
  -2.4769638e-02
  -1.7033976e-02
  -6.0290817e-02
  -6.2115110e-02
  -4.2344144e-02
  -0.0000000e+00
   1.2094069e-02
   1.8525765e-02
   0.0000000e+00
   0.0000000e+00
   0.0000000e+00
   0.0000000e+00
   0.0000000e+00
   0.0000000e+00
  -2.7617092e-02
  -2.2734082e-02
   0.0000000e+00
   0.0000000e+00
  -5.7352001e-02
  -4.3299384e-02
  -2.2938784e-02
  -2.2998434e-03
   1.5635261e-02
   2.8792145e-02
   3.0242683e-02
   0.0000000e+00
   4.1545157e-03
   0.0000000e+00
  -0.0000000e+00
   0.0000000e+00
   0.0000000e+00
   0.0000000e+00
   0.0000000e+00
   0.0000000e+00
   0.0000000e+00
   0.0000000e+00
   0.0000000e+00
   0.0000000e+00
   0.0000000e+00
   0.0000000e+00
   0.0000000e+00
   0.0000000e+00
   0.0000000e+00
   0.0000000e+00
   0.0000000e+00
  -1.7325586e-02
   1.7588974e-03
   0.0000000e+00
  -3.7154060e-02
  -4.7742490e-02
  -7.8990504e-02
  -8.4516613e-02
   0.0000000e+00
   0.0000000e+00
   0.0000000e+00
   0.0000000e+00
   0.0000000e+00
   0.0000000e+00
   0.0000000e+00
   0.0000000e+00
   0.0000000e+00
   0.0000000e+00
  -2.9125789e-02
  -3.0461931e-02
   0.0000000e+00
  -5.3818460e-02
  -4.3482266e-02
  -0.0000000e+00
  -4.9458716e-02
  -3.3725608e-02
   6.3458751e-03
   1.5214983e-02
   1.3916759e-02
   6.3737959e-03
   2.3527760e-02
   0.0000000e+00
  -0.0000000e+00
   0.0000000e+00
   0.0000000e+00
   0.0000000e+00
   0.0000000e+00
   0.0000000e+00
   0.0000000e+00
   0.0000000e+00
   0.0000000e+00
   0.0000000e+00
   0.0000000e+00
   0.0000000e+00
   0.0000000e+00
   0.0000000e+00
   0.0000000e+00
   0.0000000e+00
   0.0000000e+00
   0.0000000e+00
   0.0000000e+00
   0.0000000e+00
  -0.0000000e+00
  -0.0000000e+00
  -5.7043321e-02
  -6.8943943e-02
   0.0000000e+00
   0.0000000e+00
   0.0000000e+00
   0.0000000e+00
   0.0000000e+00
   0.0000000e+00
   0.0000000e+00
   0.0000000e+00
   0.0000000e+00
   0.0000000e+00
   0.0000000e+00
  -0.0000000e+00
   0.0000000e+00
  -6.8390638e-02
  -3.5814106e-02
   0.0000000e+00
   0.0000000e+00
  -0.0000000e+00
  -1.2543617e-02
  -2.9126133e-02
   9.7796549e-03
   4.0252428e-03
   1.1812975e-02
   1.6938130e-02
   0.0000000e+00
   0.0000000e+00
   0.0000000e+00
  -2.2104022e-02
   0.0000000e+00
   0.0000000e+00
   0.0000000e+00
   0.0000000e+00
   0.0000000e+00
   0.0000000e+00
   0.0000000e+00
   0.0000000e+00
   0.0000000e+00
   0.0000000e+00
   0.0000000e+00
   0.0000000e+00
   0.0000000e+00
   0.0000000e+00
   0.0000000e+00
   0.0000000e+00
   0.0000000e+00
   0.0000000e+00
  -1.1663066e-02
  -2.7730785e-02
  -2.3894646e-02
  -1.6937026e-02
  -5.6705469e-03
  -3.4748362e-03
  -4.0211818e-03
  -5.4911366e-03
  -1.2111130e-02
  -1.9445327e-02
  -2.3877519e-02
  -2.3213175e-02
   0.0000000e+00
   0.0000000e+00
  -4.8094002e-02
  -4.0920919e-02
  -0.0000000e+00
   0.0000000e+00
   0.0000000e+00
   0.0000000e+00
   0.0000000e+00
  -4.7612552e-02
  -1.7588124e-02
   5.3771967e-03
   4.0564002e-03
   2.8138578e-03
   4.3550454e-03
   7.5628319e-03
   7.5406022e-04
  -6.6390060e-03
  -1.0205027e-02
  -1.2422960e-02
  -1.2263022e-02
  -1.2278330e-02
  -5.3088713e-03
   6.5448255e-03
   0.0000000e+00
   0.0000000e+00
   7.7170886e-03
  -8.9805149e-06
   5.2093767e-03
   8.7386828e-03
   8.5054164e-03
   1.1393285e-02
   7.4378385e-03
   9.4356056e-04
  -7.7493288e-03
  -7.6636410e-03
