   0.0000000e+00
   0.0000000e+00
   0.0000000e+00
   0.0000000e+00
   0.0000000e+00
   0.0000000e+00
   0.0000000e+00
   0.0000000e+00
   0.0000000e+00
   3.8660185e-02
  -1.1395610e-02
  -3.4797540e-02
  -3.9539005e-02
  -4.7910037e-02
  -4.7388303e-02
  -6.4939487e-02
  -0.0000000e+00
  -0.0000000e+00
  -0.0000000e+00
   0.0000000e+00
   0.0000000e+00
   0.0000000e+00
   0.0000000e+00
   0.0000000e+00
   0.0000000e+00
   0.0000000e+00
   0.0000000e+00
  -3.4679547e-03
  -1.3670209e-02
  -2.3940867e-02
   0.0000000e+00
   0.0000000e+00
   0.0000000e+00
   0.0000000e+00
   0.0000000e+00
   0.0000000e+00
   0.0000000e+00
   0.0000000e+00
   0.0000000e+00
   0.0000000e+00
   0.0000000e+00
   0.0000000e+00
   0.0000000e+00
   0.0000000e+00
   0.0000000e+00
   0.0000000e+00
   0.0000000e+00
   0.0000000e+00
   0.0000000e+00
   0.0000000e+00
   0.0000000e+00
   0.0000000e+00
   0.0000000e+00
   0.0000000e+00
   0.0000000e+00
   0.0000000e+00
   5.2751315e-02
   4.6256762e-02
   3.0786807e-02
   2.7815992e-02
   2.5494420e-02
   3.1963499e-02
   2.6960548e-02
   1.6211183e-02
   1.2782741e-02
  -9.5007684e-03
  -2.0344105e-02
  -2.0935421e-02
  -2.3570122e-02
   1.2912091e-02
   4.9618245e-03
  -3.9092893e-03
   5.3093919e-03
   0.0000000e+00
   1.0345919e-02
   1.0801895e-03
  -1.8868264e-03
   1.9046703e-04
  -8.5265018e-03
  -1.6196911e-02
  -2.2504326e-02
  -3.7479059e-02
  -6.7116598e-02
  -8.6977256e-02
  -9.5371350e-02
  -9.7499087e-02
   0.0000000e+00
   0.0000000e+00
   0.0000000e+00
   0.0000000e+00
   0.0000000e+00
   0.0000000e+00
   0.0000000e+00
   0.0000000e+00
   0.0000000e+00
   0.0000000e+00
  -6.7195135e-02
  -5.4991651e-02
  -4.3157910e-02
  -3.8297726e-02
  -3.1466812e-02
  -1.1751285e-02
  -1.5659447e-03
   2.0788110e-02
   1.4399455e-02
   2.4238482e-02
   5.2413180e-02
   7.1633190e-02
   7.8690328e-02
   7.6588504e-02
   7.3922515e-02
   7.1072601e-02
   6.8370670e-02
   5.9014026e-02
   5.1978257e-02
   4.5658428e-02
   4.4791177e-02
   4.5456994e-02
   4.3940976e-02
   4.6440370e-02
   3.6598877e-02
   3.0426112e-02
   3.2816206e-02
   2.9699774e-02
   3.6030430e-02
   3.7637677e-02
   3.3233251e-02
   2.7226843e-02
   1.3220542e-02
  -1.4592767e-03
  -1.9588353e-02
  -3.1990334e-02
  -3.8786080e-02
  -3.3690552e-02
  -1.5291219e-02
  -1.3363404e-02
  -4.9734069e-03
  -2.3924762e-02
  -3.6699465e-02
  -4.2834892e-02
  -1.7837763e-02
  -8.7741600e-03
  -2.9620466e-02
  -5.7578951e-02
   9.4163343e-03
   1.1417951e-02
   1.7458441e-02
   2.2218606e-02
   2.9701510e-02
   4.3786995e-02
   6.2480919e-02
   7.8649186e-02
   9.0556048e-02
   1.0013699e-01
   1.1375622e-01
   1.2580605e-01
   1.2943940e-01
   1.2489752e-01
   1.1905658e-01
   1.1532127e-01
   1.1339813e-01
   1.0960969e-01
   1.0569250e-01
   1.0178733e-01
   1.0080580e-01
   9.9726461e-02
   1.0026580e-01
   9.9917293e-02
   1.0443199e-01
   1.0476226e-01
   1.0833449e-01
   9.4582371e-02
   8.5291319e-02
   8.2374394e-02
   7.8817107e-02
   7.2766624e-02
   6.8105899e-02
   6.2697046e-02
   5.8284566e-02
   5.7063565e-02
   5.8379561e-02
   6.0920097e-02
   6.3702017e-02
   6.4908579e-02
   6.0757801e-02
   4.9813230e-02
   4.1295618e-02
   4.2379305e-02
   4.6947174e-02
   4.7923733e-02
   3.7852965e-02
   1.9471157e-02
   9.7925425e-02
   9.3716800e-02
   9.2546791e-02
   9.2214219e-02
   9.4050854e-02
   9.8358728e-02
   1.0205646e-01
   1.0523594e-01
   1.0807620e-01
   1.1070573e-01
   1.1929846e-01
   1.3226312e-01
   1.4037168e-01
   1.4079896e-01
   1.3751830e-01
   1.3539200e-01
   1.3434362e-01
   1.3282287e-01
   1.3109621e-01
   1.2997800e-01
   1.2878478e-01
   1.2719204e-01
   1.2517700e-01
   1.2167134e-01
   1.3563433e-01
   0.0000000e+00
   1.1167893e-01
   1.0416938e-01
   1.0170238e-01
   1.0578045e-01
   1.1018758e-01
   1.1079872e-01
   1.1152332e-01
   1.1285955e-01
   1.1381447e-01
   1.1662706e-01
   1.2145367e-01
   1.2583943e-01
   1.2959242e-01
   1.3144709e-01
   1.3135660e-01
   1.3122669e-01
   1.3062929e-01
   1.2675989e-01
   1.2137897e-01
   1.2444239e-01
   1.2321025e-01
   1.0803292e-01
   1.4709684e-01
   1.4021885e-01
   1.3418719e-01
   1.2658127e-01
   1.1850439e-01
   1.1212789e-01
   1.0433204e-01
   9.6939243e-02
   9.2655212e-02
   9.0159297e-02
   9.5654175e-02
   1.0702682e-01
   1.1797097e-01
   1.2525298e-01
   1.2718567e-01
   1.2962390e-01
   1.3177900e-01
   1.3193658e-01
   1.3150728e-01
   1.3175501e-01
   1.3106243e-01
   1.2717886e-01
   1.2200291e-01
   1.1251285e-01
   8.7885157e-02
   0.0000000e+00
   4.3803900e-02
   6.9133751e-02
   9.0514466e-02
   1.0763384e-01
   1.2168636e-01
   1.3259079e-01
   1.4031225e-01
   1.4602001e-01
   1.5009743e-01
   1.5249971e-01
   1.5590139e-01
   1.5841112e-01
   1.5895644e-01
   1.5790968e-01
   1.5736824e-01
   1.6038559e-01
   1.6528648e-01
   1.6376594e-01
   1.6331309e-01
   1.7520081e-01
   1.7329775e-01
   1.5785518e-01
   1.6579406e-01
   1.5467025e-01
   1.4222167e-01
   1.2800148e-01
   1.1337470e-01
   1.0186795e-01
   8.8156295e-02
   7.1199015e-02
   6.2468629e-02
   6.3612304e-02
   6.1589031e-02
   7.0260748e-02
   8.2726210e-02
   9.3811184e-02
   1.0090208e-01
   1.0700982e-01
   1.1073779e-01
   1.1185625e-01
   1.1280173e-01
   1.1376876e-01
   1.1221819e-01
   1.0795303e-01
   1.0213688e-01
   8.8065073e-02
   5.0825210e-02
   0.0000000e+00
   1.5187360e-02
   4.1276969e-02
   6.9013327e-02
   9.2025243e-02
   1.1259295e-01
   1.3198569e-01
   1.4609092e-01
   1.5470447e-01
   1.5872262e-01
   1.5826344e-01
   1.5698737e-01
   1.5334487e-01
   1.4799578e-01
   1.4204459e-01
   1.3991332e-01
   1.4498922e-01
   1.5399693e-01
   1.5683021e-01
   1.6703099e-01
   1.9206378e-01
   1.9033389e-01
   1.7676876e-01
   1.5849075e-01
   1.4359865e-01
   1.2528490e-01
   1.0789604e-01
   9.2315033e-02
   8.0194024e-02
   5.3864645e-02
   4.3243248e-02
   3.3759963e-02
   2.9748768e-02
   3.0487242e-02
   4.1785501e-02
   5.4095212e-02
   6.5239325e-02
   7.2766162e-02
   7.8807727e-02
   8.3483301e-02
   8.5437685e-02
   8.6007461e-02
   8.6176373e-02
   8.5365653e-02
   8.3293810e-02
   7.8246787e-02
   6.3448608e-02
   3.1222044e-02
   0.0000000e+00
   7.4147813e-03
   2.4774347e-02
   4.7449447e-02
   6.9395863e-02
   9.3577549e-02
   1.1623964e-01
   1.3220586e-01
   1.4274362e-01
   1.4601521e-01
   1.4101696e-01
   1.3257885e-01
   1.2238587e-01
   1.1214592e-01
   1.0208823e-01
   9.8847166e-02
   1.0636856e-01
   1.1923289e-01
   1.3036761e-01
   1.4953268e-01
   1.7698781e-01
   1.7813455e-01
   1.6997220e-01
   1.3229798e-01
   1.1688925e-01
   9.6214876e-02
   7.9538874e-02
   6.4819925e-02
   6.2870123e-02
   3.2341036e-02
   2.4912825e-02
   1.3345278e-02
   9.0591651e-03
   1.6307139e-02
   2.3657864e-02
   3.2151822e-02
   4.0217511e-02
   4.6469584e-02
   5.1502287e-02
   5.5365253e-02
   5.7182796e-02
   5.7815824e-02
   5.8197983e-02
   5.8831152e-02
   5.8618683e-02
   5.4674495e-02
   4.2502414e-02
   2.0689543e-02
   0.0000000e+00
   2.3041949e-03
   1.2756172e-02
   3.0284191e-02
   4.7386963e-02
   7.0481032e-02
   9.2873946e-02
   1.0742439e-01
   1.1666071e-01
   1.1756486e-01
   1.0866529e-01
   9.3997650e-02
   7.9102501e-02
   6.9356434e-02
   6.1830319e-02
   5.9351992e-02
   6.7261599e-02
   8.1412069e-02
   9.8735332e-02
   1.2067482e-01
   1.4178932e-01
   1.4656401e-01
   1.4339139e-01
   9.0047643e-02
   7.9902741e-02
   6.0018279e-02
   4.6692270e-02
   3.7714443e-02
   0.0000000e+00
   0.0000000e+00
   1.2125607e-02
   3.4956473e-03
   2.0777695e-03
   3.4019272e-03
   6.3448451e-03
   1.0710192e-02
   1.5355796e-02
   1.9395629e-02
   2.2904372e-02
   2.5008000e-02
   2.6591538e-02
   2.7829278e-02
   2.9551364e-02
   3.1995427e-02
   3.3293337e-02
   3.0928275e-02
   2.2610495e-02
   9.9926541e-03
   0.0000000e+00
  -0.0000000e+00
   3.8256341e-03
   1.7739421e-02
   2.9517854e-02
   4.7499228e-02
   6.4805120e-02
   7.4796192e-02
   7.9014726e-02
   7.5931303e-02
   6.3227914e-02
   4.0641408e-02
   2.3779534e-02
   2.5564561e-02
   2.7552411e-02
   2.6398117e-02
   3.2634668e-02
   4.5982275e-02
   6.3315608e-02
   8.0990978e-02
   9.4412580e-02
   1.0035565e-01
   9.8830469e-02
   4.3374356e-02
   3.3309515e-02
   0.0000000e+00
   0.0000000e+00
   0.0000000e+00
   0.0000000e+00
   0.0000000e+00
   5.0724876e-03
  -1.5309899e-03
  -4.9013104e-03
  -7.6535484e-03
  -9.1842907e-03
  -8.7062195e-03
  -6.6898256e-03
  -4.0287226e-03
  -1.1788886e-03
   2.5170902e-04
   1.9693614e-03
   4.5127235e-03
   7.8908233e-03
   1.0904788e-02
   1.2029909e-02
   1.0270457e-02
   5.3503960e-03
   1.7707992e-03
   0.0000000e+00
   0.0000000e+00
  -0.0000000e+00
   4.0332939e-03
   1.1738550e-02
   2.6172841e-02
   3.7223037e-02
   4.2333018e-02
   4.2475581e-02
   3.6111701e-02
   1.8274279e-02
  -6.8897094e-03
  -4.7840397e-03
   6.4658101e-03
   3.6647869e-03
   2.1443898e-03
   6.5683732e-03
   1.7510656e-02
   2.9422229e-02
   3.9658990e-02
   4.7542986e-02
   5.2164908e-02
   5.1263954e-02
   2.0830538e-03
   4.2838329e-03
   0.0000000e+00
   0.0000000e+00
   0.0000000e+00
   0.0000000e+00
   0.0000000e+00
  -3.1041647e-03
  -9.6343495e-03
  -1.5155012e-02
  -2.0193508e-02
  -2.4272293e-02
  -2.6021143e-02
  -2.5494751e-02
  -2.3312315e-02
  -2.0374000e-02
  -1.7568197e-02
  -1.4410551e-02
  -1.0580852e-02
  -6.8989759e-03
  -4.7917198e-03
  -5.2151163e-03
  -7.4764229e-03
  -9.1683567e-03
  -3.1007348e-03
   0.0000000e+00
   0.0000000e+00
   0.0000000e+00
  -1.0265457e-02
  -2.9503296e-03
   7.5285677e-03
   1.3223498e-02
   1.4293876e-02
   1.1702041e-02
   1.9600277e-03
  -1.7587371e-02
  -3.0846638e-02
   0.0000000e+00
  -0.0000000e+00
  -1.2982033e-02
  -1.5704619e-02
  -1.1907057e-02
  -5.2332664e-03
  -2.7663552e-04
   3.7764634e-03
   7.6397341e-03
   1.0143045e-02
   9.2147328e-03
  -2.7560907e-02
  -0.0000000e+00
   0.0000000e+00
   0.0000000e+00
   0.0000000e+00
   0.0000000e+00
   0.0000000e+00
  -1.5133211e-02
  -2.1243393e-02
  -2.7213144e-02
  -3.3246357e-02
  -3.8377068e-02
  -4.0771867e-02
  -4.0777295e-02
  -3.8636184e-02
  -3.4620657e-02
  -3.0047346e-02
  -2.5092698e-02
  -2.0278960e-02
  -1.7627395e-02
  -1.7706612e-02
  -2.0261641e-02
  -2.3128963e-02
  -2.1129490e-02
  -4.7790704e-03
   0.0000000e+00
   0.0000000e+00
   0.0000000e+00
  -2.0711138e-02
  -1.5596499e-02
  -7.6336628e-03
  -5.9574458e-03
  -8.2618594e-03
  -1.4266031e-02
  -2.6711679e-02
  -4.0736462e-02
  -3.4991768e-02
   0.0000000e+00
   0.0000000e+00
  -2.0766371e-02
  -2.7555723e-02
  -2.5198382e-02
  -2.5532658e-02
  -2.6739479e-02
  -2.6955618e-02
  -2.6041374e-02
  -2.5256890e-02
  -2.5791182e-02
  -4.0918034e-02
  -3.2239777e-02
   0.0000000e+00
   0.0000000e+00
   0.0000000e+00
   0.0000000e+00
   0.0000000e+00
  -2.7136663e-02
  -3.2330073e-02
  -3.7904698e-02
  -4.4391192e-02
  -4.9648471e-02
  -5.2025244e-02
  -5.1728785e-02
  -4.8937462e-02
  -4.3495499e-02
  -3.6822133e-02
  -3.0519160e-02
  -2.5905147e-02
  -2.5577286e-02
  -2.8756274e-02
  -3.3568405e-02
  -3.6570217e-02
  -3.0763850e-02
  -9.0661785e-03
  -0.0000000e+00
   0.0000000e+00
   0.0000000e+00
  -3.3134316e-02
  -2.6708623e-02
  -1.8779906e-02
  -2.0162029e-02
  -2.6159963e-02
  -3.6124811e-02
  -4.9449947e-02
  -5.5449087e-02
  -0.0000000e+00
   0.0000000e+00
   0.0000000e+00
  -2.5027977e-02
  -3.1662696e-02
  -3.4125298e-02
  -4.2685717e-02
  -4.8381075e-02
  -5.1435530e-02
  -5.2513242e-02
  -5.2190043e-02
  -5.0072331e-02
  -4.3314163e-02
  -2.0711986e-02
   0.0000000e+00
   0.0000000e+00
   0.0000000e+00
   0.0000000e+00
  -4.0138510e-02
  -3.7505123e-02
  -4.0235542e-02
  -4.5282204e-02
  -5.1579665e-02
  -5.6618892e-02
  -5.8538299e-02
  -5.7103503e-02
  -5.3465497e-02
  -4.7130004e-02
  -3.9041538e-02
  -3.3173759e-02
  -3.1095486e-02
  -3.3957012e-02
  -3.9674707e-02
  -4.5703508e-02
  -4.7901161e-02
  -3.9026037e-02
  -1.5296190e-02
  -0.0000000e+00
   0.0000000e+00
   0.0000000e+00
  -0.0000000e+00
  -3.3324677e-02
  -2.6641773e-02
  -3.1611953e-02
  -4.1498829e-02
  -5.3616084e-02
  -6.4288959e-02
  -5.4200269e-02
  -0.0000000e+00
   0.0000000e+00
   0.0000000e+00
  -2.5965230e-02
  -2.6845925e-02
  -4.0248292e-02
  -5.4821070e-02
  -6.3468225e-02
  -6.8741828e-02
  -7.1248733e-02
  -7.0386894e-02
  -6.3545167e-02
  -4.3004822e-02
  -1.9296724e-02
  -1.4608273e-02
   0.0000000e+00
   0.0000000e+00
   0.0000000e+00
  -4.2153082e-02
  -4.1776717e-02
  -4.3184236e-02
  -4.7576051e-02
  -5.3105358e-02
  -5.7189077e-02
  -5.7968367e-02
  -5.5639334e-02
  -5.1442079e-02
  -4.5453802e-02
  -3.9131429e-02
  -3.6929190e-02
  -3.9202489e-02
  -4.5152340e-02
  -5.2051555e-02
  -5.7473902e-02
  -5.7896368e-02
  -4.6702232e-02
  -2.0392567e-02
  -0.0000000e+00
   0.0000000e+00
   0.0000000e+00
   0.0000000e+00
  -3.1408102e-02
  -3.3411462e-02
  -4.2298436e-02
  -5.3845875e-02
  -6.4396426e-02
  -6.7994118e-02
  -4.2081881e-02
  -0.0000000e+00
   0.0000000e+00
   0.0000000e+00
  -2.5851746e-02
  -2.5462774e-02
  -4.5633783e-02
  -6.1744925e-02
  -7.2624572e-02
  -7.9467475e-02
  -8.2952559e-02
  -8.0945060e-02
  -6.9020674e-02
  -4.2016599e-02
  -2.0118177e-02
  -1.3445647e-02
   0.0000000e+00
   0.0000000e+00
   0.0000000e+00
  -4.4197289e-02
  -4.0901169e-02
  -4.0752597e-02
  -4.3813959e-02
  -4.7926679e-02
  -5.0413910e-02
  -4.9716204e-02
  -4.6932377e-02
  -4.3275468e-02
  -3.9957434e-02
  -3.9232902e-02
  -4.3196466e-02
  -4.9819436e-02
  -5.7415951e-02
  -6.4033501e-02
  -6.7787662e-02
  -6.6143602e-02
  -5.3817283e-02
  -2.7111338e-02
  -0.0000000e+00
   0.0000000e+00
   0.0000000e+00
   0.0000000e+00
  -2.9777263e-02
  -4.1037664e-02
  -5.1707365e-02
  -6.1397031e-02
  -6.7087188e-02
  -6.1832141e-02
  -3.8650166e-02
  -0.0000000e+00
   0.0000000e+00
   0.0000000e+00
  -0.0000000e+00
  -2.5745785e-02
  -5.1615735e-02
  -6.4821251e-02
  -7.7141598e-02
  -8.4254503e-02
  -8.7497555e-02
  -8.4012449e-02
  -6.8803929e-02
  -3.8005862e-02
  -1.9560764e-02
  -1.4051808e-02
   0.0000000e+00
   0.0000000e+00
   0.0000000e+00
  -4.1501702e-02
  -3.6184244e-02
  -3.3777889e-02
  -3.4545068e-02
  -3.6593143e-02
  -3.7473924e-02
  -3.5944771e-02
  -3.3337381e-02
  -3.1777360e-02
  -3.3268958e-02
  -3.9860722e-02
  -5.0286926e-02
  -5.9881233e-02
  -6.7055091e-02
  -7.1337566e-02
  -7.1998909e-02
  -6.8402849e-02
  -5.8643892e-02
  -3.8610054e-02
  -0.0000000e+00
   0.0000000e+00
   0.0000000e+00
   0.0000000e+00
  -3.5586151e-02
  -4.7235787e-02
  -5.7617951e-02
  -6.2806614e-02
  -6.1521806e-02
  -4.8514895e-02
  -2.7516072e-02
   0.0000000e+00
   0.0000000e+00
   0.0000000e+00
   0.0000000e+00
  -6.1307007e-03
  -5.7337636e-02
  -6.5420516e-02
  -7.6968253e-02
  -8.2399674e-02
  -8.3752461e-02
  -7.8958832e-02
  -6.2640004e-02
  -2.9250637e-02
  -1.6477726e-02
  -1.7696761e-02
  -2.3853306e-02
  -5.6342296e-02
  -0.0000000e+00
  -0.0000000e+00
  -2.9515229e-02
  -2.4519503e-02
  -2.2111008e-02
  -2.1511951e-02
  -2.1088246e-02
  -1.9703524e-02
  -1.8751863e-02
  -2.0625489e-02
  -2.7048305e-02
  -3.9421793e-02
  -5.4749593e-02
  -6.6401362e-02
  -7.2498873e-02
  -7.3517025e-02
  -6.9583461e-02
  -6.2943056e-02
  -5.2037954e-02
  -4.2906959e-02
   0.0000000e+00
   0.0000000e+00
   0.0000000e+00
   0.0000000e+00
  -0.0000000e+00
  -5.0395335e-02
  -5.7880931e-02
  -5.7366993e-02
  -4.9165059e-02
  -3.1257369e-02
  -6.9189854e-03
   0.0000000e+00
   0.0000000e+00
   0.0000000e+00
   0.0000000e+00
  -1.1147819e-02
  -5.6116080e-02
  -6.2840626e-02
  -7.1520686e-02
  -7.3722437e-02
  -7.1556985e-02
  -6.5153606e-02
  -4.9592689e-02
  -1.6796960e-02
  -1.0675102e-02
  -1.8757546e-02
  -3.2244323e-02
  -0.0000000e+00
  -0.0000000e+00
  -2.8892057e-02
  -2.2389796e-02
  -1.6033236e-02
  -1.1602151e-02
  -9.4000874e-03
  -8.4038051e-03
  -7.8673270e-03
  -8.8702673e-03
  -1.2877491e-02
  -2.1201298e-02
  -3.4855161e-02
  -5.1586300e-02
  -6.4579226e-02
  -7.0430085e-02
  -6.9454096e-02
  -6.1627503e-02
  -4.9679343e-02
  -3.2817233e-02
  -0.0000000e+00
   0.0000000e+00
   0.0000000e+00
   0.0000000e+00
   0.0000000e+00
   0.0000000e+00
  -4.6614420e-02
  -5.1329765e-02
  -4.5871068e-02
  -3.3255734e-02
  -1.4894535e-02
   3.3322959e-03
   0.0000000e+00
   0.0000000e+00
   0.0000000e+00
   0.0000000e+00
  -2.4290267e-02
  -4.8012487e-02
  -5.6179892e-02
  -6.1324432e-02
  -5.9808630e-02
  -5.3708270e-02
  -4.5411356e-02
  -3.1720299e-02
  -4.4893632e-03
  -3.9286865e-03
  -1.4837658e-02
  -2.9197238e-02
  -3.3776989e-02
  -0.0000000e+00
  -2.1668307e-02
  -1.7799711e-02
  -1.2835503e-02
  -9.7506344e-03
  -8.5271848e-03
  -7.9957685e-03
  -7.9792459e-03
  -9.2535214e-03
  -1.2312999e-02
  -1.8073656e-02
  -2.7482357e-02
  -4.0079646e-02
  -5.1290296e-02
  -5.6647032e-02
  -5.5017073e-02
  -4.6067532e-02
  -3.1581696e-02
  -1.7991249e-02
  -0.0000000e+00
   0.0000000e+00
   0.0000000e+00
   0.0000000e+00
   0.0000000e+00
   0.0000000e+00
  -3.7329048e-02
  -3.9282028e-02
  -3.1081421e-02
  -1.6825767e-02
  -9.6651464e-04
   1.1078002e-02
   0.0000000e+00
   0.0000000e+00
   0.0000000e+00
   0.0000000e+00
  -2.8820379e-02
  -4.0918030e-02
  -4.5683000e-02
  -4.7362220e-02
  -4.2642329e-02
  -3.3712123e-02
  -2.4286872e-02
  -1.3288405e-02
   4.1103754e-03
   1.2152805e-03
  -9.4732838e-03
  -1.9545194e-02
  -1.8503069e-02
   0.0000000e+00
  -2.2214729e-02
  -2.1236304e-02
  -2.0586636e-02
  -2.1126412e-02
  -2.2131011e-02
  -2.2680484e-02
  -2.3016501e-02
  -2.3804057e-02
  -2.5036875e-02
  -2.6966142e-02
  -2.9798239e-02
  -3.3929672e-02
  -3.7955191e-02
  -3.8764589e-02
  -3.4686796e-02
  -2.5065575e-02
  -1.0879255e-02
   1.3352377e-04
   0.0000000e+00
   0.0000000e+00
   0.0000000e+00
   0.0000000e+00
   0.0000000e+00
   0.0000000e+00
  -2.5806426e-02
  -2.4349056e-02
  -1.5424561e-02
  -1.5067020e-03
   1.0721609e-02
   1.5419138e-02
   0.0000000e+00
   0.0000000e+00
   0.0000000e+00
   0.0000000e+00
  -2.6911422e-02
  -2.9714288e-02
  -3.1916581e-02
  -3.0811576e-02
  -2.3836451e-02
  -1.4011471e-02
  -5.6107128e-03
   1.4559210e-03
   6.2423372e-03
   3.3034525e-03
  -7.5113001e-03
  -1.5301069e-02
  -2.1187322e-02
  -3.7471902e-02
  -3.1348607e-02
  -3.2586467e-02
  -3.6010228e-02
  -3.9058551e-02
  -4.1348454e-02
  -4.2911746e-02
  -4.4087186e-02
  -4.5450851e-02
  -4.6848666e-02
  -4.7832437e-02
  -4.7388483e-02
  -4.5601368e-02
  -4.2725932e-02
  -3.7582137e-02
  -2.9117193e-02
  -1.7069697e-02
  -1.3859223e-03
   9.0979787e-03
   0.0000000e+00
   0.0000000e+00
   0.0000000e+00
   0.0000000e+00
   0.0000000e+00
   0.0000000e+00
  -1.4183646e-02
  -9.2331255e-03
  -3.4379811e-04
   1.2255209e-02
   2.0662097e-02
   1.8350543e-02
   0.0000000e+00
   0.0000000e+00
   0.0000000e+00
   0.0000000e+00
  -2.2848760e-02
  -1.7230049e-02
  -1.7114799e-02
  -1.4178237e-02
  -5.8889100e-03
   3.1052697e-03
   8.4237503e-03
   9.9626457e-03
   0.0000000e+00
   5.2373372e-03
   0.0000000e+00
  -1.6509102e-02
  -2.7923250e-02
  -3.9505170e-02
  -3.8839051e-02
  -4.2193243e-02
  -4.6523506e-02
  -4.9558932e-02
  -5.1518379e-02
  -5.3176398e-02
  -5.4670042e-02
  -5.6522276e-02
  -5.8706115e-02
  -6.0611963e-02
  -6.0754206e-02
  -5.8915276e-02
  -5.4949085e-02
  -4.8522523e-02
  -3.9408960e-02
  -2.7479996e-02
  -9.7244217e-03
   3.6557261e-03
   0.0000000e+00
   0.0000000e+00
   0.0000000e+00
   0.0000000e+00
   0.0000000e+00
  -2.6191623e-02
  -7.0165247e-03
   2.9439564e-03
   1.2744588e-02
   2.5116793e-02
   3.0192448e-02
   1.9708761e-02
   0.0000000e+00
   0.0000000e+00
   0.0000000e+00
   0.0000000e+00
  -1.7976692e-02
  -6.8722357e-03
  -5.2969206e-03
  -9.6762250e-04
   8.2460950e-03
   1.6045887e-02
   1.7931393e-02
   1.7212073e-02
   0.0000000e+00
   0.0000000e+00
  -0.0000000e+00
  -1.7307787e-02
  -3.0570135e-02
  -3.9688009e-02
  -4.1309292e-02
  -4.5181858e-02
  -4.8926109e-02
  -5.1299231e-02
  -5.2505170e-02
  -5.3661474e-02
  -5.4877517e-02
  -5.6747113e-02
  -5.9342541e-02
  -6.2050056e-02
  -6.3662626e-02
  -6.3835613e-02
  -6.1925985e-02
  -5.7632402e-02
  -5.1252150e-02
  -4.2881174e-02
  -2.6175153e-02
  -8.2122322e-03
   0.0000000e+00
   0.0000000e+00
   0.0000000e+00
   0.0000000e+00
  -4.2777120e-02
  -2.7412836e-02
  -4.2505809e-03
   1.0465848e-02
   2.2435798e-02
   3.8251958e-02
   4.0669835e-02
   2.1963910e-02
   0.0000000e+00
   0.0000000e+00
   0.0000000e+00
   0.0000000e+00
  -0.0000000e+00
   2.9362569e-03
   2.7541236e-03
   7.5654071e-03
   1.8207537e-02
   2.5922361e-02
   2.4568138e-02
   2.1050255e-02
   3.0174221e-03
   0.0000000e+00
  -1.0470080e-02
  -1.7562714e-02
  -2.9872428e-02
  -3.7549228e-02
  -4.1361873e-02
  -4.5537641e-02
  -4.9377682e-02
  -5.1762613e-02
  -5.2557113e-02
  -5.2993680e-02
  -5.3469295e-02
  -5.4917055e-02
  -5.7759735e-02
  -6.1226182e-02
  -6.4267054e-02
  -6.6528842e-02
  -6.7290865e-02
  -6.5856025e-02
  -6.2540710e-02
  -5.8759413e-02
  -4.6881018e-02
  -1.9221543e-02
  -0.0000000e+00
   0.0000000e+00
   0.0000000e+00
   0.0000000e+00
  -4.3490378e-02
  -2.8532497e-02
  -3.6015310e-03
   1.3489335e-02
   2.7613943e-02
   4.4694806e-02
   4.4528084e-02
   2.6169158e-02
   0.0000000e+00
   0.0000000e+00
   0.0000000e+00
   0.0000000e+00
   0.0000000e+00
   1.4963389e-02
   9.1278042e-03
   1.2474450e-02
   2.6800200e-02
   3.6745929e-02
   3.0193178e-02
   2.5497315e-02
   1.0326740e-04
   3.9335111e-03
  -1.3907642e-02
  -2.0311164e-02
  -3.0916808e-02
  -3.8423233e-02
  -4.3733872e-02
  -4.8842974e-02
  -5.3292565e-02
  -5.5931345e-02
  -5.6538213e-02
  -5.6005735e-02
  -5.4803852e-02
  -5.4089200e-02
  -5.5028606e-02
  -5.7317864e-02
  -6.0332049e-02
  -6.4308785e-02
  -6.8682268e-02
  -7.1743116e-02
  -7.2533429e-02
  -7.3601186e-02
  -7.2928838e-02
  -3.5555683e-02
  -0.0000000e+00
   0.0000000e+00
   0.0000000e+00
   0.0000000e+00
  -4.8205846e-02
  -3.3126619e-02
  -8.7372363e-03
   1.1664316e-02
   2.5802686e-02
   0.0000000e+00
   0.0000000e+00
   0.0000000e+00
   0.0000000e+00
   0.0000000e+00
   0.0000000e+00
   0.0000000e+00
   0.0000000e+00
   2.2998952e-02
   1.4866197e-02
   1.4751822e-02
   3.6631141e-02
   5.1583752e-02
   3.7094496e-02
   2.4942867e-02
  -2.6360869e-04
   4.7390289e-03
  -1.7922213e-02
  -2.6143545e-02
  -3.5750348e-02
  -4.3682210e-02
  -5.0848134e-02
  -5.7946492e-02
  -6.3738100e-02
  -6.7300588e-02
  -6.8721987e-02
  -6.8340689e-02
  -6.6281371e-02
  -6.3097440e-02
  -6.0050465e-02
  -5.7838466e-02
  -5.6890242e-02
  -5.8270272e-02
  -6.2624060e-02
  -6.8110317e-02
  -7.1847081e-02
  -7.4252859e-02
  -8.9474864e-02
  -6.6661119e-02
  -2.8235653e-02
   0.0000000e+00
   0.0000000e+00
  -7.2686945e-02
  -6.0555862e-02
  -4.5845196e-02
  -2.1106686e-02
   4.8644328e-03
   1.8828944e-02
   0.0000000e+00
   0.0000000e+00
   0.0000000e+00
   0.0000000e+00
   0.0000000e+00
   0.0000000e+00
   0.0000000e+00
   0.0000000e+00
   3.1496570e-02
   2.1896778e-02
   1.5951363e-02
   4.0878245e-02
   6.1742135e-02
   4.5567550e-02
   2.6293134e-02
   0.0000000e+00
   1.7365607e-03
  -1.9811649e-02
  -3.3067305e-02
  -4.2012177e-02
  -5.0577134e-02
  -6.0172513e-02
  -7.0171438e-02
  -7.8559265e-02
  -8.4503449e-02
  -8.8257469e-02
  -9.0098426e-02
  -8.9906365e-02
  -8.7375887e-02
  -8.2782254e-02
  -7.6777309e-02
  -7.0215277e-02
  -6.4359829e-02
  -6.1096922e-02
  -6.1481141e-02
  -6.3082650e-02
  -5.9741963e-02
  -7.5302375e-02
  -8.5775449e-02
  -7.2146065e-02
   0.0000000e+00
  -9.7090613e-02
  -7.8496764e-02
  -7.4589357e-02
  -6.0963765e-02
  -3.5999674e-02
  -5.7047196e-03
   1.6774591e-02
   0.0000000e+00
   0.0000000e+00
   0.0000000e+00
   0.0000000e+00
   0.0000000e+00
   0.0000000e+00
   0.0000000e+00
   0.0000000e+00
   3.4949263e-02
   3.2366935e-02
   2.0436490e-02
   0.0000000e+00
   5.0601140e-02
   4.8581116e-02
   3.9353020e-02
   0.0000000e+00
  -9.2533497e-03
  -2.5587937e-02
  -3.8628463e-02
  -4.6159521e-02
  -5.4961327e-02
  -6.6509977e-02
  -7.8947365e-02
  -9.0062648e-02
  -9.8857321e-02
  -1.0514827e-01
  -1.0948061e-01
  -1.1168908e-01
  -1.1148223e-01
  -1.0831551e-01
  -1.0171993e-01
  -9.2030890e-02
  -8.0023699e-02
  -6.7095712e-02
  -5.8147356e-02
  -5.4854810e-02
  -4.9902268e-02
  -3.5584809e-02
  -7.1321053e-02
  -0.0000000e+00
  -1.7192453e-01
  -9.6637019e-02
  -9.0611592e-02
  -8.6316928e-02
  -7.3863409e-02
  -5.1083107e-02
  -2.0287296e-02
  -4.4558304e-03
   0.0000000e+00
   0.0000000e+00
   0.0000000e+00
   0.0000000e+00
   0.0000000e+00
   0.0000000e+00
   0.0000000e+00
   0.0000000e+00
   3.5242488e-02
   4.4177949e-02
   3.0799570e-02
   0.0000000e+00
   3.3314069e-02
   4.1984957e-02
   0.0000000e+00
   0.0000000e+00
  -3.0578422e-02
  -3.8055785e-02
  -4.3719810e-02
  -4.7780309e-02
  -5.6000844e-02
  -6.8167999e-02
  -8.1860185e-02
  -9.4849132e-02
  -1.0590695e-01
  -1.1432327e-01
  -1.2056366e-01
  -1.2421097e-01
  -1.2518285e-01
  -1.2305055e-01
  -1.1682793e-01
  -1.0582343e-01
  -8.9613199e-02
  -6.8253189e-02
  -4.8547383e-02
  -3.8569063e-02
  -4.8533663e-02
  -0.0000000e+00
  -0.0000000e+00
  -1.6551936e-01
  -1.5882710e-01
  -9.6668065e-02
  -9.6169457e-02
  -9.4455920e-02
  -8.6400032e-02
  -6.8679452e-02
  -3.8594931e-02
  -2.1012173e-02
   0.0000000e+00
   0.0000000e+00
   0.0000000e+00
   0.0000000e+00
   0.0000000e+00
   0.0000000e+00
   0.0000000e+00
   0.0000000e+00
   0.0000000e+00
   5.7896411e-02
   4.4255231e-02
   0.0000000e+00
   0.0000000e+00
   0.0000000e+00
   0.0000000e+00
   0.0000000e+00
  -5.0902742e-02
  -5.6057457e-02
  -5.1152088e-02
  -5.0000019e-02
  -5.6160599e-02
  -6.6802889e-02
  -8.0265455e-02
  -9.3766727e-02
  -1.0574783e-01
  -1.1530083e-01
  -1.2250020e-01
  -1.2696989e-01
  -1.2836127e-01
  -1.2656301e-01
  -1.2082107e-01
  -1.0904711e-01
  -8.9283258e-02
  -6.1216630e-02
  -3.1906720e-02
  -1.7098198e-02
  -0.0000000e+00
   0.0000000e+00
  -7.2108054e-02
  -1.3141428e-01
  -1.1803940e-01
  -9.4421759e-02
  -9.3529850e-02
  -9.5317915e-02
  -9.4153963e-02
  -8.5035801e-02
  -5.9004251e-02
  -0.0000000e+00
   0.0000000e+00
   0.0000000e+00
   0.0000000e+00
   0.0000000e+00
   0.0000000e+00
   0.0000000e+00
   0.0000000e+00
   0.0000000e+00
   0.0000000e+00
   7.4604225e-02
   6.1189366e-02
   0.0000000e+00
   0.0000000e+00
   0.0000000e+00
   0.0000000e+00
   0.0000000e+00
  -0.0000000e+00
  -7.3451133e-02
  -6.1428592e-02
  -5.5372950e-02
  -5.8005065e-02
  -6.4674504e-02
  -7.5734943e-02
  -8.7804452e-02
  -9.8849736e-02
  -1.0792559e-01
  -1.1475056e-01
  -1.1901831e-01
  -1.2026402e-01
  -1.1837356e-01
  -1.1271995e-01
  -1.0100684e-01
  -8.0071293e-02
  -4.9367454e-02
  -1.5894441e-02
  -4.6245313e-03
   0.0000000e+00
   0.0000000e+00
  -6.6111939e-02
  -8.9967951e-02
  -8.9843333e-02
  -8.1418917e-02
  -8.1557617e-02
  -8.5775375e-02
  -9.0889089e-02
  -9.1732278e-02
  -7.7281095e-02
  -0.0000000e+00
   0.0000000e+00
   0.0000000e+00
   0.0000000e+00
   0.0000000e+00
   0.0000000e+00
   0.0000000e+00
   0.0000000e+00
   0.0000000e+00
   0.0000000e+00
   7.9724838e-02
   7.7139181e-02
   0.0000000e+00
   0.0000000e+00
   0.0000000e+00
   0.0000000e+00
   0.0000000e+00
   0.0000000e+00
  -8.2952471e-02
  -7.0921272e-02
  -6.1800707e-02
  -6.0607322e-02
  -6.1944824e-02
  -6.8367347e-02
  -7.6979704e-02
  -8.5619591e-02
  -9.3014017e-02
  -9.8536320e-02
  -1.0155402e-01
  -1.0223819e-01
  -1.0026522e-01
  -9.4877429e-02
  -8.4556788e-02
  -6.5514222e-02
  -3.6558375e-02
  -4.3739875e-03
   0.0000000e+00
   0.0000000e+00
  -4.8933917e-02
  -5.4769807e-02
  -6.4056925e-02
  -6.7604087e-02
  -6.4344525e-02
  -6.5915212e-02
  -7.1848579e-02
  -8.0030434e-02
  -8.7088160e-02
  -8.2074732e-02
  -7.2049888e-02
   0.0000000e+00
   0.0000000e+00
   0.0000000e+00
   0.0000000e+00
   0.0000000e+00
   0.0000000e+00
   0.0000000e+00
   0.0000000e+00
   0.0000000e+00
   0.0000000e+00
   0.0000000e+00
   0.0000000e+00
   0.0000000e+00
   0.0000000e+00
   0.0000000e+00
   0.0000000e+00
   0.0000000e+00
  -0.0000000e+00
  -7.3287525e-02
  -6.4704455e-02
  -5.9380431e-02
  -5.5775878e-02
  -5.7017659e-02
  -6.1312426e-02
  -6.6871456e-02
  -7.2137824e-02
  -7.6277187e-02
  -7.8010200e-02
  -7.8489697e-02
  -7.7342970e-02
  -7.3478876e-02
  -6.5483279e-02
  -4.8882449e-02
  -2.2938014e-02
   1.1200672e-03
   0.0000000e+00
   0.0000000e+00
  -4.4004654e-02
  -3.9619642e-02
  -4.4383278e-02
  -4.8822475e-02
  -4.8113210e-02
  -5.0720850e-02
  -5.7192755e-02
  -6.6669516e-02
  -7.6757064e-02
  -7.8286802e-02
  -6.1193619e-02
   0.0000000e+00
   0.0000000e+00
   0.0000000e+00
   0.0000000e+00
   0.0000000e+00
   0.0000000e+00
   0.0000000e+00
   0.0000000e+00
   0.0000000e+00
   0.0000000e+00
   0.0000000e+00
   0.0000000e+00
   0.0000000e+00
   0.0000000e+00
   0.0000000e+00
   0.0000000e+00
   0.0000000e+00
   0.0000000e+00
  -6.5365131e-02
  -6.0464293e-02
  -5.0110787e-02
  -4.2230230e-02
  -3.9568644e-02
  -4.0723883e-02
  -4.3541100e-02
  -4.7131248e-02
  -5.0188061e-02
  -5.1468253e-02
  -5.2093353e-02
  -5.2152652e-02
  -5.0338224e-02
  -4.4857815e-02
  -3.0213242e-02
  -5.6125508e-03
   0.0000000e+00
   0.0000000e+00
   0.0000000e+00
  -3.5132706e-02
  -2.2417201e-02
  -2.4855088e-02
  -2.9448939e-02
  -3.1159034e-02
  -3.4004807e-02
  -3.9436992e-02
  -4.8178930e-02
  -5.9394326e-02
  -6.6525608e-02
  -5.2787895e-02
   0.0000000e+00
   0.0000000e+00
   0.0000000e+00
   0.0000000e+00
   0.0000000e+00
   0.0000000e+00
   0.0000000e+00
   0.0000000e+00
   0.0000000e+00
   0.0000000e+00
   0.0000000e+00
   0.0000000e+00
   0.0000000e+00
   0.0000000e+00
   0.0000000e+00
   0.0000000e+00
   0.0000000e+00
   0.0000000e+00
  -5.3258619e-02
  -4.8066037e-02
  -3.1385314e-02
  -1.9321486e-02
  -1.4995050e-02
  -1.4744243e-02
  -1.6060503e-02
  -1.8706351e-02
  -2.1270092e-02
  -2.2833535e-02
  -2.3944681e-02
  -2.5027335e-02
  -2.5399073e-02
  -2.2818993e-02
  -1.0373564e-02
   1.4066453e-02
   0.0000000e+00
   0.0000000e+00
   0.0000000e+00
   0.0000000e+00
  -1.0978048e-02
  -2.8584150e-03
  -6.3406706e-03
  -1.0639877e-02
  -1.3918471e-02
  -1.8125659e-02
  -2.4932294e-02
  -3.4800533e-02
  -4.4529910e-02
  -3.7073424e-02
  -0.0000000e+00
   0.0000000e+00
   0.0000000e+00
   0.0000000e+00
   0.0000000e+00
   0.0000000e+00
   0.0000000e+00
   0.0000000e+00
   0.0000000e+00
   0.0000000e+00
   0.0000000e+00
   0.0000000e+00
   0.0000000e+00
   0.0000000e+00
   0.0000000e+00
   0.0000000e+00
   0.0000000e+00
   0.0000000e+00
  -0.0000000e+00
  -0.0000000e+00
  -4.2132263e-03
   1.2993670e-02
   1.7100358e-02
   1.6707933e-02
   1.5102446e-02
   1.2688605e-02
   1.0302993e-02
   8.1534265e-03
   5.9332331e-03
   3.6050661e-03
   6.8159227e-04
  -8.8190445e-04
   8.3849821e-03
   2.6805991e-02
   0.0000000e+00
   0.0000000e+00
   0.0000000e+00
   0.0000000e+00
   0.0000000e+00
   1.7868825e-02
   2.1203611e-02
   1.5332538e-02
   1.0791528e-02
   6.4031752e-03
   1.0117108e-03
  -7.1673365e-03
  -1.7600346e-02
  -1.7893974e-02
  -1.3740164e-02
   0.0000000e+00
   0.0000000e+00
   0.0000000e+00
   0.0000000e+00
   0.0000000e+00
   0.0000000e+00
   0.0000000e+00
   0.0000000e+00
   0.0000000e+00
   0.0000000e+00
   0.0000000e+00
   0.0000000e+00
   0.0000000e+00
   0.0000000e+00
   0.0000000e+00
   0.0000000e+00
   0.0000000e+00
   0.0000000e+00
   0.0000000e+00
   3.1264653e-02
   4.9592745e-02
   4.9870376e-02
   4.7456563e-02
   4.5170143e-02
   4.3064624e-02
   4.1527383e-02
   3.9761495e-02
   3.7105326e-02
   3.3095211e-02
   2.6816029e-02
   2.0327326e-02
   2.3555586e-02
   3.0773399e-02
   0.0000000e+00
   0.0000000e+00
   0.0000000e+00
   0.0000000e+00
   0.0000000e+00
   3.2939470e-02
   4.4153512e-02
   4.5202870e-02
   4.0345591e-02
   3.3580884e-02
   2.8107708e-02
   2.1659758e-02
   1.1462862e-02
   4.8094778e-03
   0.0000000e+00
   0.0000000e+00
   0.0000000e+00
   0.0000000e+00
   0.0000000e+00
   0.0000000e+00
   0.0000000e+00
   0.0000000e+00
   0.0000000e+00
   0.0000000e+00
   0.0000000e+00
   0.0000000e+00
   0.0000000e+00
   0.0000000e+00
   0.0000000e+00
   0.0000000e+00
   0.0000000e+00
   0.0000000e+00
   0.0000000e+00
   2.7507213e-02
   8.7100904e-02
   8.2681529e-02
   6.8907730e-02
   6.6594310e-02
   6.7789599e-02
   6.8608999e-02
   6.9748230e-02
   6.9310844e-02
   6.7397445e-02
   6.2173907e-02
   5.2455734e-02
   4.1150361e-02
   3.2682967e-02
   0.0000000e+00
   0.0000000e+00
   0.0000000e+00
   0.0000000e+00
   0.0000000e+00
   0.0000000e+00
   0.0000000e+00
   5.3539199e-02
   6.8605792e-02
   6.9870941e-02
   5.9681546e-02
   5.4769862e-02
   5.1223759e-02
   4.3307334e-02
   2.6702864e-02
   0.0000000e+00
   0.0000000e+00
   0.0000000e+00
   0.0000000e+00
   0.0000000e+00
   0.0000000e+00
   0.0000000e+00
   0.0000000e+00
   0.0000000e+00
   0.0000000e+00
   0.0000000e+00
   0.0000000e+00
   0.0000000e+00
   0.0000000e+00
   0.0000000e+00
   0.0000000e+00
   0.0000000e+00
   0.0000000e+00
   0.0000000e+00
   3.8703902e-02
   8.3113497e-02
   8.3016366e-02
   6.4892240e-02
   6.8490371e-02
   7.7020876e-02
   8.4361203e-02
   8.9722753e-02
   9.1429509e-02
   9.0044633e-02
   8.3386071e-02
   7.1905635e-02
   5.7090409e-02
   4.0928852e-02
   0.0000000e+00
   0.0000000e+00
   0.0000000e+00
   0.0000000e+00
   0.0000000e+00
   0.0000000e+00
   0.0000000e+00
   0.0000000e+00
   7.3417480e-02
   7.8619337e-02
   7.0803307e-02
   7.6592289e-02
   7.8731023e-02
   7.5221911e-02
   5.0931845e-02
   3.1455195e-02
   0.0000000e+00
   0.0000000e+00
   0.0000000e+00
   0.0000000e+00
   0.0000000e+00
   0.0000000e+00
   0.0000000e+00
   0.0000000e+00
   0.0000000e+00
   0.0000000e+00
   0.0000000e+00
   0.0000000e+00
   0.0000000e+00
   0.0000000e+00
   0.0000000e+00
   0.0000000e+00
   0.0000000e+00
   0.0000000e+00
   0.0000000e+00
   6.8607390e-02
   6.8218574e-02
   5.4833818e-02
   6.0614198e-02
   7.4927576e-02
   8.6947478e-02
   9.4940089e-02
   9.8581597e-02
   9.7640395e-02
   9.0169899e-02
   7.6958939e-02
   6.0812995e-02
   4.2068519e-02
   0.0000000e+00
   0.0000000e+00
   0.0000000e+00
   0.0000000e+00
   0.0000000e+00
   0.0000000e+00
   0.0000000e+00
   0.0000000e+00
   0.0000000e+00
   0.0000000e+00
   7.4050151e-02
   9.6181817e-02
   1.0170527e-01
   1.0149227e-01
   7.8196168e-02
   5.9247012e-02
   0.0000000e+00
   0.0000000e+00
   0.0000000e+00
   0.0000000e+00
   0.0000000e+00
   0.0000000e+00
   0.0000000e+00
   0.0000000e+00
   0.0000000e+00
   0.0000000e+00
   0.0000000e+00
   0.0000000e+00
   0.0000000e+00
   0.0000000e+00
   0.0000000e+00
   0.0000000e+00
   0.0000000e+00
   0.0000000e+00
   0.0000000e+00
   4.7600665e-02
   4.1700952e-02
   3.0141347e-02
   4.0306388e-02
   5.7890806e-02
   6.9326326e-02
   7.7790581e-02
   8.3678968e-02
   8.5561350e-02
   7.9735681e-02
   6.6418767e-02
   4.8277564e-02
   3.0679985e-02
   0.0000000e+00
   0.0000000e+00
   0.0000000e+00
   0.0000000e+00
   0.0000000e+00
   0.0000000e+00
   0.0000000e+00
   0.0000000e+00
   0.0000000e+00
   0.0000000e+00
   7.7499958e-02
   1.0345973e-01
   1.1206639e-01
   1.1403159e-01
   9.1230989e-02
   5.8592665e-02
   0.0000000e+00
   0.0000000e+00
   0.0000000e+00
   0.0000000e+00
   0.0000000e+00
   0.0000000e+00
   0.0000000e+00
   0.0000000e+00
   0.0000000e+00
   0.0000000e+00
   0.0000000e+00
   0.0000000e+00
   0.0000000e+00
   0.0000000e+00
   0.0000000e+00
   0.0000000e+00
   0.0000000e+00
   0.0000000e+00
   0.0000000e+00
   3.1345992e-02
   1.3503810e-02
  -4.1322495e-03
  -3.4798263e-03
   1.0644861e-02
   2.4464032e-02
   3.6774568e-02
   4.6245873e-02
   5.1073913e-02
   4.8238248e-02
   3.6437411e-02
   2.0701663e-02
   0.0000000e+00
   0.0000000e+00
   0.0000000e+00
   0.0000000e+00
   0.0000000e+00
   0.0000000e+00
   0.0000000e+00
   0.0000000e+00
   0.0000000e+00
   0.0000000e+00
   7.0162885e-02
   8.1205572e-02
   8.9492656e-02
   9.4378605e-02
   9.3674220e-02
   7.3353626e-02
   0.0000000e+00
   0.0000000e+00
   0.0000000e+00
   0.0000000e+00
   0.0000000e+00
   0.0000000e+00
   0.0000000e+00
   0.0000000e+00
   0.0000000e+00
   0.0000000e+00
   0.0000000e+00
   0.0000000e+00
   0.0000000e+00
   0.0000000e+00
   0.0000000e+00
   0.0000000e+00
   0.0000000e+00
   0.0000000e+00
   0.0000000e+00
   0.0000000e+00
  -1.4725215e-04
  -1.6373082e-02
  -2.4177985e-02
  -5.4964709e-02
  -5.9199072e-02
  -3.3567123e-02
  -5.6511611e-03
  -1.9073331e-03
   0.0000000e+00
   2.4638316e-03
  -7.8401982e-03
  -0.0000000e+00
   0.0000000e+00
   0.0000000e+00
   0.0000000e+00
   0.0000000e+00
   0.0000000e+00
   0.0000000e+00
   0.0000000e+00
   0.0000000e+00
   0.0000000e+00
   2.9424383e-02
   4.6829850e-02
   4.9495656e-02
   4.1115277e-02
   4.2728484e-02
   3.4437414e-02
   2.2817619e-02
   1.3874799e-02
  -1.8804907e-03
  -6.1596340e-03
   0.0000000e+00
   0.0000000e+00
   0.0000000e+00
   0.0000000e+00
   0.0000000e+00
   0.0000000e+00
   0.0000000e+00
   0.0000000e+00
   0.0000000e+00
   0.0000000e+00
   0.0000000e+00
   0.0000000e+00
   0.0000000e+00
   0.0000000e+00
   0.0000000e+00
   0.0000000e+00
   0.0000000e+00
   0.0000000e+00
   0.0000000e+00
   0.0000000e+00
  -0.0000000e+00
  -0.0000000e+00
  -8.1874458e-02
  -5.1583555e-02
  -0.0000000e+00
   0.0000000e+00
  -0.0000000e+00
  -0.0000000e+00
   0.0000000e+00
   0.0000000e+00
   0.0000000e+00
   0.0000000e+00
   0.0000000e+00
   0.0000000e+00
   0.0000000e+00
   0.0000000e+00
   0.0000000e+00
   0.0000000e+00
   2.1852259e-02
   2.0896092e-02
   0.0000000e+00
  -0.0000000e+00
  -3.6754546e-02
  -4.6838343e-02
  -5.3351372e-02
  -4.6105788e-02
  -2.1703475e-02
  -1.5861840e-02
   0.0000000e+00
   0.0000000e+00
   0.0000000e+00
   0.0000000e+00
   0.0000000e+00
   0.0000000e+00
   0.0000000e+00
   0.0000000e+00
   0.0000000e+00
   0.0000000e+00
   0.0000000e+00
   0.0000000e+00
   0.0000000e+00
   0.0000000e+00
   0.0000000e+00
   0.0000000e+00
   0.0000000e+00
   0.0000000e+00
   0.0000000e+00
   0.0000000e+00
   0.0000000e+00
   0.0000000e+00
  -0.0000000e+00
  -9.8301288e-02
  -7.1082632e-02
   0.0000000e+00
   0.0000000e+00
   0.0000000e+00
   0.0000000e+00
   0.0000000e+00
   0.0000000e+00
   0.0000000e+00
   0.0000000e+00
   0.0000000e+00
   0.0000000e+00
   0.0000000e+00
   0.0000000e+00
   0.0000000e+00
   1.1248942e-02
   0.0000000e+00
   0.0000000e+00
   0.0000000e+00
  -0.0000000e+00
  -0.0000000e+00
  -3.7850006e-02
  -3.8830856e-02
  -3.2643102e-02
  -1.2303428e-02
  -3.5819574e-03
   0.0000000e+00
   0.0000000e+00
   0.0000000e+00
   0.0000000e+00
   0.0000000e+00
   0.0000000e+00
   0.0000000e+00
   0.0000000e+00
   0.0000000e+00
   0.0000000e+00
   0.0000000e+00
   0.0000000e+00
  -1.8886000e-02
  -2.4135139e-02
  -2.5430234e-02
  -2.5039782e-02
  -2.0997030e-02
  -2.0310880e-02
  -2.2521680e-02
  -2.3808970e-02
  -2.2887277e-02
  -3.6369353e-02
  -4.2151594e-02
  -5.3794236e-02
  -6.7150965e-02
  -7.0046463e-02
  -6.0929811e-02
  -4.3606496e-02
  -2.5481684e-02
  -4.2311324e-03
   9.5840987e-03
   0.0000000e+00
   0.0000000e+00
   0.0000000e+00
   0.0000000e+00
   0.0000000e+00
   0.0000000e+00
   0.0000000e+00
   0.0000000e+00
   0.0000000e+00
   0.0000000e+00
   0.0000000e+00
   0.0000000e+00
  -0.0000000e+00
  -2.2303523e-02
  -2.3954226e-02
  -2.5243833e-02
  -2.7835836e-02
   0.0000000e+00
   0.0000000e+00
   0.0000000e+00
   0.0000000e+00
   0.0000000e+00
   0.0000000e+00
   0.0000000e+00
   0.0000000e+00
   0.0000000e+00
   0.0000000e+00
   0.0000000e+00
