  -5.5459179e-02
  -5.0921626e-03
   8.7829202e-01
   1.5728375e+00
   1.9473991e+00
   3.5429304e+00
   5.2986822e+00
   5.4892797e+00
   4.6822472e+00
   4.8759336e+00
   5.0042930e+00
   4.5321383e+00
   3.7645643e+00
   2.8695872e+00
   1.8891908e+00
   9.3327415e-01
   3.2847956e-01
   1.5669678e-01
   5.4348677e-01
   1.2165519e+00
   1.3719133e+00
   1.5481865e+00
   2.0612757e+00
   2.1192174e+00
   1.4847515e+00
   1.3605360e+00
   1.9241889e+00
   2.1962097e+00
   1.7439340e+00
   1.0986965e+00
   4.4352102e-01
  -1.3489652e-01
  -3.6633366e-01
  -5.1655030e-01
  -1.0435807e+00
  -1.7334050e+00
  -2.0218849e+00
  -1.3950127e+00
  -3.7442648e-01
  -1.8571344e-01
  -5.9459633e-01
   6.8428963e-01
   5.0321598e+00
   6.4713273e+00
   4.7772222e+00
   3.6299115e-01
  -1.8254004e+00
  -6.6870928e-01
   6.8943753e+00
   7.0851493e+00
   6.4459200e+00
   4.5313807e+00
   5.4206114e+00
   7.2509513e+00
   4.8823810e+00
   3.0698738e+00
   2.7766881e+00
   2.9650838e+00
   2.9793937e+00
   2.4961793e+00
   2.1255052e+00
   1.7897983e+00
   1.1092911e+00
   7.5058722e-01
   1.9949028e-01
  -2.0983617e-01
  -1.8773766e-01
  -3.6289248e-01
  -2.8583694e-01
  -4.9578005e-01
  -6.0082853e-01
  -9.2543018e-01
  -2.0482082e+00
  -1.1550705e+00
   1.2634170e+00
   1.2599025e+00
   9.4018686e-01
   1.5506921e+00
   1.6940176e+00
   1.1883981e+00
   9.4984049e-01
   1.3801003e+00
   1.9102198e+00
   2.7950547e+00
   3.7257998e+00
   3.9553273e+00
   4.1475153e+00
   4.0784540e+00
   3.2914882e+00
   2.3896246e+00
   6.0675664e+00
   6.6193767e+00
   3.4640508e+00
   7.0798123e-01
   3.6182265e+00
   6.8635778e+00
   2.3302944e+00
   1.6701041e+00
   5.7035875e-01
  -1.3852292e-01
  -4.2908740e-01
  -2.4953139e-01
  -3.4386021e-01
  -7.4585450e-01
  -7.0689845e-01
  -4.3854633e-01
   2.3568731e-02
   4.2987019e-01
   6.3832051e-01
   5.8932024e-01
   4.4535744e-01
   2.4644187e-01
  -1.9317705e-02
  -4.8613763e-01
  -9.3496889e-01
  -1.2435997e+00
  -1.4878888e+00
  -1.6153066e+00
  -1.8705510e+00
  -1.8556947e+00
  -1.9246854e+00
  -1.4648409e+00
  -1.4011328e-01
  -1.3711645e-01
   2.1519855e-01
   8.2301915e-01
   1.2970088e+00
   1.4442797e+00
   1.4505019e+00
   9.9825275e-01
   5.5051142e-01
   1.4087686e-02
  -2.6467425e-01
  -6.9900954e-01
  -8.0992585e-01
  -9.9627578e-01
  -9.6328491e-01
  -1.5995760e-01
   1.0326385e+00
   2.0659213e+00
   1.8963474e+00
   1.3791053e+00
   1.7208565e+00
   1.9739885e+00
  -1.0493959e-01
  -8.6914653e-01
  -1.5871735e+00
  -2.2568116e+00
  -2.7012811e+00
  -2.8459628e+00
  -2.7195406e+00
  -2.3876526e+00
  -1.9480146e+00
  -1.5620011e+00
  -1.0561166e+00
  -4.8563346e-01
  -7.0112087e-02
   7.5592548e-02
   8.2047191e-03
  -1.4920107e-01
  -4.5085904e-01
  -8.5132676e-01
  -1.2701545e+00
  -1.6797264e+00
  -1.9656010e+00
  -2.1747921e+00
  -2.2931037e+00
  -2.5127971e+00
  -2.7252343e+00
  -2.0811267e+00
  -6.1616313e-01
  -3.3969362e-03
   3.3899891e-01
   7.5184977e-01
   1.0854827e+00
   1.1205711e+00
   9.2571861e-01
   4.6373856e-01
  -1.8502274e-01
  -8.1263179e-01
  -1.3494272e+00
  -1.8000242e+00
  -2.0105486e+00
  -1.9477656e+00
  -1.6644899e+00
  -1.2273399e+00
  -6.0900521e-01
  -4.7649868e-02
   2.4183176e-01
   6.0448635e-01
   8.7965620e-01
   4.9744359e-01
  -7.8914064e-01
  -1.6916379e+00
  -2.4232118e+00
  -3.0536828e+00
  -3.4503160e+00
  -3.4104588e+00
  -3.0617831e+00
  -2.6063921e+00
  -2.1668611e+00
  -1.8621372e+00
  -1.3303642e+00
  -6.4404535e-01
  -1.9293064e-01
  -2.6335793e-02
  -7.5213298e-02
  -3.1655407e-01
  -6.6871613e-01
  -1.0509727e+00
  -1.5011185e+00
  -1.9012949e+00
  -2.1282558e+00
  -2.3599291e+00
  -2.4239137e+00
  -2.4983871e+00
  -4.5288305e+00
  -2.2847934e+00
  -1.2996273e-01
   4.3779187e-02
   1.9510104e-01
   5.0374109e-01
   6.9722700e-01
   5.8250451e-01
   2.5819585e-01
  -2.5176826e-01
  -9.3570769e-01
  -1.5897630e+00
  -2.1193681e+00
  -2.5224593e+00
  -2.5960438e+00
  -2.3995800e+00
  -2.1289992e+00
  -1.7037530e+00
  -1.1304553e+00
  -7.5989032e-01
  -5.4234856e-01
   1.0757940e-01
   5.9223986e-01
   7.0886984e-02
  -1.2031199e+00
  -2.0708885e+00
  -2.6501809e+00
  -3.1022323e+00
  -3.3179247e+00
  -3.0327073e+00
  -2.5261558e+00
  -2.0796404e+00
  -1.8203251e+00
  -1.5555949e+00
  -8.8504730e-01
  -2.5124356e-01
  -6.6235655e-03
   4.9100528e-02
  -1.2053571e-01
  -3.9347647e-01
  -6.9617566e-01
  -1.1223210e+00
  -1.5926028e+00
  -1.8822925e+00
  -2.0817199e+00
  -2.2361446e+00
  -2.0671773e+00
  -1.7989136e+00
  -4.6341854e+00
  -1.1208868e+00
  -9.3113416e-01
  -6.1672033e-01
  -1.1779363e-01
   2.0337530e-01
   2.7429891e-01
   1.3291966e-01
  -2.4971206e-01
  -8.0501071e-01
  -1.4015508e+00
  -2.0305989e+00
  -2.5080970e+00
  -2.6844197e+00
  -2.5666979e+00
  -2.3734377e+00
  -2.1505740e+00
  -1.7683071e+00
  -1.2977697e+00
  -1.0179207e+00
  -6.1896147e-01
   3.7991948e-01
   5.7609118e-01
  -2.0483373e-01
  -1.3093665e+00
  -1.8833150e+00
  -2.2516747e+00
  -2.6655626e+00
  -2.6776521e+00
  -2.3140268e+00
  -1.8373919e+00
  -1.4134083e+00
  -1.2071887e+00
  -1.2497940e+00
  -3.2448745e-01
  -6.4255372e-02
  -6.2471133e-02
  -5.1761586e-02
  -1.7149299e-01
  -3.5617438e-01
  -6.6158670e-01
  -1.0665096e+00
  -1.4638489e+00
  -1.7236867e+00
  -1.9103144e+00
  -1.8729522e+00
  -1.5383195e+00
  -9.3540937e-01
  -2.7742267e+00
  -2.8689739e-01
  -1.4676679e+00
  -1.0830972e+00
  -3.1376025e-01
   6.3635401e-02
   6.0646102e-02
  -1.2594096e-01
  -5.0360036e-01
  -9.9978185e-01
  -1.5316992e+00
  -2.0564139e+00
  -2.3271141e+00
  -2.2750394e+00
  -2.0599074e+00
  -1.9417510e+00
  -1.7938612e+00
  -1.4699303e+00
  -1.0625417e+00
  -7.2228134e-01
  -1.5915526e-01
   7.0006567e-01
   4.6413362e-01
  -4.3411553e-01
  -8.5133451e-01
  -8.7453997e-01
  -1.4468930e+00
  -1.8992188e+00
  -1.7068430e+00
  -1.4054575e+00
  -9.0549248e-01
  -5.1714760e-01
  -5.4510897e-01
  -4.5978042e-01
  -5.1160777e-01
  -4.2204159e-01
  -3.2725668e-01
  -1.6719790e-01
  -1.7440698e-01
  -2.6211274e-01
  -4.8369220e-01
  -8.2187897e-01
  -1.1925635e+00
  -1.4003422e+00
  -1.5060925e+00
  -1.3516086e+00
  -8.5919845e-01
   2.8324509e-01
  -8.9860812e-02
   3.8903162e-02
  -1.5203865e+00
  -1.4502704e+00
  -4.7851133e-01
  -1.9794290e-01
  -2.5039923e-01
  -3.9334685e-01
  -7.2802794e-01
  -1.0929161e+00
  -1.4295387e+00
  -1.6025732e+00
  -1.4800258e+00
  -1.1984153e+00
  -1.0252669e+00
  -1.0440692e+00
  -1.0055482e+00
  -8.0399317e-01
  -5.5092531e-01
  -2.0382883e-01
   3.7092724e-01
   7.0562088e-01
   1.9380291e-01
  -4.2995152e-01
   1.9842416e-01
   3.5625365e-01
  -8.7224263e-01
  -1.2028424e+00
  -7.9414880e-01
  -5.4953164e-01
  -3.3516261e-01
   7.2601698e-02
  -1.9201876e-01
  -3.6501375e-01
  -4.7165576e-01
  -6.1375952e-01
  -3.6550581e-01
  -1.0835379e-01
  -3.0443072e-02
  -4.1664738e-02
  -2.1431987e-01
  -5.2588338e-01
  -8.3353829e-01
  -1.0458415e+00
  -1.1583132e+00
  -9.6513087e-01
  -2.9064637e-01
   1.2872779e+00
   1.5314993e+00
  -2.4127038e-02
  -1.2736135e+00
  -1.4426671e+00
  -6.8911713e-01
  -5.9440559e-01
  -5.8480936e-01
  -6.2847745e-01
  -8.2189763e-01
  -9.7111392e-01
  -9.7333413e-01
  -6.5114897e-01
  -7.8485817e-02
   2.1123672e-01
  -2.2751024e-01
  -4.6138552e-01
  -5.5607641e-01
  -5.1551032e-01
  -4.0819103e-01
  -9.2408590e-02
   3.0731457e-01
   3.7911934e-01
   1.4909287e-01
   1.6766025e-02
   1.6177460e+00
   1.4983677e+00
  -2.5154424e-01
  -4.1786310e-01
  -1.2993129e-03
   1.1886787e-01
  -7.9167150e-02
   2.6619217e-01
  -1.3255349e-01
  -3.3091557e-01
  -5.5167383e-01
  -5.5924582e-01
  -2.0544526e-01
   1.0120916e-01
   2.1914493e-01
   2.3558000e-01
   1.1267072e-01
  -1.9090420e-01
  -5.0347084e-01
  -8.2363939e-01
  -9.6710610e-01
  -7.0179099e-01
   2.1093462e-01
   2.1818929e+00
   2.7705669e+00
  -2.1659753e-01
  -8.2754046e-01
  -1.2262967e+00
  -1.2189747e+00
  -1.1941425e+00
  -1.0488563e+00
  -9.0139639e-01
  -8.2073355e-01
  -6.5270120e-01
  -2.3179206e-01
   6.6958624e-01
   1.6249413e+00
   1.1110139e+00
  -1.6693662e-01
  -4.6558177e-01
  -5.9440404e-01
  -6.7413443e-01
  -6.8340129e-01
  -3.5984412e-01
   2.4886465e-02
   2.9775068e-01
   5.1533264e-01
   8.8870919e-01
   3.0067357e+00
   2.3302425e+00
   2.6038559e-01
   2.2651189e-01
   5.2563217e-01
   4.8572218e-01
   3.0413566e-02
   3.4499075e-01
  -4.9247465e-02
  -2.0992630e-01
  -3.8601231e-01
  -2.8912010e-01
   1.1392765e-01
   4.2276674e-01
   5.2108547e-01
   5.4469773e-01
   4.0949752e-01
   4.0366808e-02
  -3.7622323e-01
  -7.8831606e-01
  -9.0972858e-01
  -4.8953089e-01
   6.7813365e-01
   2.9097227e+00
   3.6071405e+00
  -1.8422411e-01
  -4.6237942e-01
  -7.0160238e-01
  -1.4629222e+00
  -1.6096396e+00
  -1.3434772e+00
  -9.7383690e-01
  -6.3548181e-01
  -1.5442024e-01
   6.9561289e-01
   2.4049672e+00
   3.4533116e+00
   7.2119860e-01
  -1.9114143e-02
  -5.9377853e-01
  -6.5486256e-01
  -9.7346335e-01
  -1.0065936e+00
  -5.0627080e-01
   1.0112024e-01
   7.0081775e-01
   1.2849181e+00
   2.0917827e+00
   4.2610564e+00
   2.5415206e+00
   4.8561579e-01
   2.1636796e-01
   6.3469511e-01
   5.9543908e-01
   4.9181059e-03
   5.3448170e-01
   2.5625062e-01
   1.0672995e-01
  -4.7198333e-02
   1.0329883e-01
   4.9557689e-01
   7.6335382e-01
   8.0584484e-01
   8.2031816e-01
   5.8325201e-01
   9.4837852e-02
  -4.4694558e-01
  -8.7122315e-01
  -8.8226545e-01
  -2.5748473e-01
   1.1113762e+00
   3.5057836e+00
   4.0296407e+00
  -3.0893418e-01
  -4.4799361e-01
  -4.0050277e-01
  -1.6631194e+00
  -2.0395977e+00
  -1.4927676e+00
  -8.6233544e-01
  -3.0844861e-01
   4.4631582e-01
   1.7846485e+00
   4.0087352e+00
   4.0055995e+00
   1.3517350e-01
  -2.3752871e-01
  -6.5227854e-01
  -7.5747347e-01
  -1.3107121e+00
  -1.0229706e+00
  -1.9013968e-01
   6.5853375e-01
   1.4757662e+00
   2.2679479e+00
   3.2481399e+00
   5.1372643e+00
   2.3046625e+00
   5.6932676e-01
   3.7476522e-01
   5.1429486e-01
   4.1643694e-01
   2.2102104e-01
   9.0464979e-01
   7.5424635e-01
   5.3149498e-01
   3.6656255e-01
   5.2277189e-01
   8.6656410e-01
   1.0749302e+00
   1.0395943e+00
   9.8550349e-01
   5.8836067e-01
  -8.0479890e-02
  -6.9607985e-01
  -1.0222534e+00
  -8.0580711e-01
   5.0879229e-02
   1.5685391e+00
   3.8269367e+00
   4.6530614e+00
   2.2332105e-01
  -3.1191090e-01
  -1.6411816e-01
  -1.2134467e+00
  -2.5214989e+00
  -1.5722269e+00
  -6.4261633e-01
   1.0848017e-01
   1.2054210e+00
   3.0047901e+00
   5.6068802e+00
   2.5502806e+00
  -4.5353450e-02
  -4.8649681e-01
  -3.7817159e-01
  -6.2934101e-01
  -1.5158988e+00
  -4.8979181e-01
   5.0018817e-01
   1.4084982e+00
   2.2588952e+00
   3.0973423e+00
   4.1074395e+00
   5.3304558e+00
   2.3880138e+00
   5.6648600e-01
   1.7416333e-01
   6.1835849e-01
   2.9335806e-01
   5.4899389e-01
   1.3979541e+00
   1.1750325e+00
   8.8239092e-01
   7.2059602e-01
   8.6302894e-01
   1.1582718e+00
   1.2736716e+00
   1.1554455e+00
   9.7753567e-01
   3.6577237e-01
  -4.4824243e-01
  -9.9842918e-01
  -1.1128842e+00
  -6.3063151e-01
   4.2990842e-01
   1.9839109e+00
   3.9227650e+00
   4.7513375e+00
   3.3980918e-01
  -3.9639878e-01
  -3.9587700e-01
  -1.0495559e+00
  -2.9345922e+00
  -1.5856777e+00
  -3.9905572e-01
   6.1067408e-01
   2.0486677e+00
   4.0559587e+00
   6.4675059e+00
   2.1468654e+00
  -2.4666959e-01
  -1.9777101e-01
   3.4420377e-01
   2.0300467e-01
  -1.1579456e+00
   1.4148055e-01
   1.0570427e+00
   1.9237473e+00
   2.7516787e+00
   3.6012390e+00
   4.5999570e+00
   5.0240607e+00
   2.5405941e+00
   4.5760217e-01
   8.4188774e-02
   5.0504613e-01
   2.4776731e-01
   1.0383495e+00
   1.8774910e+00
   1.4603916e+00
   1.1556075e+00
   9.9994826e-01
   1.1179795e+00
   1.3389387e+00
   1.3310974e+00
   1.1177797e+00
   7.5735915e-01
  -4.6590835e-02
  -8.4713221e-01
  -1.1746223e+00
  -9.7623503e-01
  -2.5212130e-01
   9.0517581e-01
   2.3633628e+00
   3.9439201e+00
   4.6999326e+00
   5.8379805e-01
  -5.5011868e-01
  -5.9852183e-01
  -3.3441186e-01
  -2.7968254e+00
  -1.4741049e+00
   4.1099656e-03
   1.3101133e+00
   2.9185004e+00
   4.8611774e+00
   6.2762136e+00
   1.2641703e+00
  -4.6924134e-03
   2.2000991e-01
   5.1690304e-01
  -2.5424799e-01
  -4.8127955e-01
   7.2777945e-01
   1.5083709e+00
   2.3672302e+00
   3.1948378e+00
   4.0145955e+00
   4.8465719e+00
   4.5263795e+00
   2.4637596e+00
   4.3956623e-01
   3.1166801e-02
   2.1575717e-01
   2.0072626e-01
   1.4726878e+00
   2.0206351e+00
   1.5919235e+00
   1.3006125e+00
   1.1301221e+00
   1.2017162e+00
   1.3197919e+00
   1.2014956e+00
   8.8171787e-01
   3.4569855e-01
  -4.6946195e-01
  -1.0311389e+00
  -1.0156928e+00
  -5.1187909e-01
   3.7232955e-01
   1.5226007e+00
   2.8325917e+00
   4.1453657e+00
   4.6611222e+00
   6.4145551e-01
  -6.8777213e-01
  -6.7928980e-01
  -4.2131744e-01
  -1.6419082e+00
  -1.0452131e+00
   6.7655496e-01
   2.1264210e+00
   3.6863146e+00
   5.3207310e+00
   5.4090789e+00
   8.5110714e-01
   2.5737423e-01
   2.9594027e-01
   3.8193862e-01
  -1.7727739e-01
   3.8585318e-01
   1.2617243e+00
   1.9775171e+00
   2.8295375e+00
   3.6225198e+00
   4.3205518e+00
   4.8624767e+00
   3.9431491e+00
   2.1608846e+00
   4.7633210e-01
  -7.9293907e-02
  -1.1039165e-01
   2.7160862e-01
   2.0374846e+00
   1.9727304e+00
   1.5421560e+00
   1.2155184e+00
   1.0195564e+00
   1.0289528e+00
   1.0303597e+00
   8.1847805e-01
   4.4252238e-01
  -1.1971591e-01
  -7.0575696e-01
  -8.9895844e-01
  -5.6712180e-01
   1.1586586e-01
   1.0384948e+00
   2.1566837e+00
   3.4028928e+00
   4.5963974e+00
   4.3065772e+00
   4.8552325e-01
  -9.5685005e-01
  -8.1309766e-01
  -6.3350248e-01
  -9.6179032e-01
  -1.5472344e-01
   1.5155910e+00
   2.9186981e+00
   4.3020091e+00
   5.3994322e+00
   4.4436884e+00
   6.7093962e-01
   1.0185782e-01
   2.2448722e-02
   1.1940900e-01
   2.5981444e-01
   1.3673233e+00
   1.7969352e+00
   2.4477568e+00
   3.2630668e+00
   3.9792442e+00
   4.4894552e+00
   4.6779785e+00
   3.2492795e+00
   1.6882925e+00
   2.3372638e-01
  -3.7840334e-01
  -4.5612276e-02
   5.5907071e-01
   2.0984101e+00
   1.6989930e+00
   1.2215883e+00
   8.0606687e-01
   5.5548579e-01
   4.8961243e-01
   4.1270205e-01
   1.7848723e-01
  -1.2851654e-01
  -4.9481586e-01
  -7.0865721e-01
  -5.2867216e-01
   1.8132668e-02
   7.3402774e-01
   1.5964673e+00
   2.6336725e+00
   3.7898703e+00
   4.8747220e+00
   3.2595465e+00
   6.7131363e-02
  -1.0863161e+00
  -8.0718434e-01
  -4.0122786e-01
   8.2829133e-02
   8.2863003e-01
   2.3392208e+00
   3.5749640e+00
   4.6563954e+00
   5.1431546e+00
   3.3528152e+00
   1.9015388e-01
  -2.0396359e-02
   3.6260985e-02
   3.1713568e-02
   5.4638773e-01
   1.5279555e+00
   2.3807175e+00
   2.8494630e+00
   3.5902565e+00
   4.1679454e+00
   4.4294696e+00
   4.2349114e+00
   2.4270375e+00
   1.1570354e+00
   1.6410325e-01
  -7.3282793e-02
   6.6375023e-01
   1.0947249e+00
   1.7906119e+00
   1.1810863e+00
   5.8294791e-01
   2.8576765e-02
  -3.0993277e-01
  -4.3063679e-01
  -5.3096539e-01
  -6.5992421e-01
  -7.4919128e-01
  -7.8993165e-01
  -6.2404102e-01
  -1.2968725e-01
   5.8731204e-01
   1.3367134e+00
   2.1243551e+00
   2.9811158e+00
   3.8733790e+00
   4.6773586e+00
   1.5932209e+00
  -3.7999775e-02
  -8.6918956e-01
  -5.6669265e-01
  -1.8720020e-01
   8.9781547e-01
   1.8411859e+00
   2.9754264e+00
   3.9811587e+00
   4.6625214e+00
   4.5006700e+00
   2.5871298e+00
   1.9049689e-01
  -1.6636281e-01
  -6.8152972e-02
   1.6854672e-01
   7.9318964e-01
   1.9044063e+00
   2.8261652e+00
   3.1440938e+00
   3.7575624e+00
   4.1150231e+00
   4.0691185e+00
   3.4941366e+00
   1.5869903e+00
   6.9385878e-01
   1.7269007e-01
   4.4345262e-01
   1.5029449e+00
   1.0491918e+00
   1.2369413e+00
   3.2897316e-01
  -4.3182697e-01
  -1.0834044e+00
  -1.4462196e+00
  -1.6016137e+00
  -1.6768573e+00
  -1.6646613e+00
  -1.5371873e+00
  -1.2970222e+00
  -8.5952818e-01
  -1.4615848e-01
   7.4702208e-01
   1.6092050e+00
   2.3840062e+00
   3.0627276e+00
   3.5652334e+00
   3.7096228e+00
   6.7747114e-01
   5.1733534e-02
  -6.4556203e-01
  -3.0353330e-01
  -3.9070746e-02
   1.0086923e+00
   2.4269241e+00
   3.3118095e+00
   4.0528047e+00
   4.3584864e+00
   3.7745526e+00
   1.7420807e+00
   2.3279674e-01
  -2.0515983e-01
  -1.6231514e-02
   2.2252217e-01
   1.7646845e+00
   2.7537922e+00
   3.1146316e+00
   3.2983675e+00
   3.7395274e+00
   3.8480689e+00
   3.4722836e+00
   2.5593936e+00
   9.1684621e-01
   4.3006286e-01
   1.0460994e-01
   3.2340827e-01
   7.7212076e-01
   6.3799132e-02
   4.8130545e-01
  -8.5006814e-01
  -1.7851554e+00
  -2.3983196e+00
  -2.6954555e+00
  -2.8553802e+00
  -2.9358451e+00
  -2.8996262e+00
  -2.7330794e+00
  -2.4182321e+00
  -1.9003571e+00
  -1.1340986e+00
  -1.8368221e-01
   7.4097578e-01
   1.5005841e+00
   2.1052262e+00
   2.4406022e+00
   1.9106165e+00
   1.8249616e-01
  -1.9607173e-01
  -7.9584907e-01
  -3.8856163e-01
  -3.8906033e-02
   8.0539148e-01
   2.7877962e+00
   3.3290310e+00
   3.8454399e+00
   3.8819160e+00
   3.0754730e+00
   1.1688423e+00
   1.2276066e-01
  -1.8588395e-01
   4.1615943e-02
   5.4411856e-01
   2.2928015e+00
   3.1438937e+00
   3.1910059e+00
   3.2680311e+00
   3.5285971e+00
   3.4420142e+00
   2.7909712e+00
   1.6316796e+00
   5.6588367e-01
   4.2632114e-01
   1.4624220e-01
  -1.4308237e-01
  -3.9106395e-01
  -5.8794889e-01
  -3.3080455e-01
  -2.0773734e+00
  -2.8439557e+00
  -3.2098383e+00
  -3.3554909e+00
  -3.4822786e+00
  -3.6176378e+00
  -3.7116051e+00
  -3.7363221e+00
  -3.6521077e+00
  -3.3686375e+00
  -2.8626787e+00
  -2.2394201e+00
  -1.6482022e+00
  -1.1620250e+00
  -7.2209148e-01
  -2.5989415e-01
  -1.7219166e-01
  -3.2023074e-02
  -7.1799569e-01
  -1.3633402e+00
  -1.5145702e+00
  -6.6384385e-01
   3.9338791e-01
   2.7342369e+00
   3.1050212e+00
   3.4803211e+00
   3.3641712e+00
   2.4967729e+00
   5.3535351e-01
   2.8291075e-01
  -2.3098130e-01
   1.0786506e-01
   1.0577998e+00
   2.5328919e+00
   2.8385579e+00
   2.9759061e+00
   3.0041952e+00
   3.1370248e+00
   2.9710771e+00
   2.1789943e+00
   9.3739730e-01
   3.5399783e-01
   4.0791699e-01
   3.2598343e-01
  -3.1666923e-01
  -8.6289698e-01
  -7.2579330e-01
  -8.3983529e-01
  -2.0945404e+00
  -2.4476941e+00
  -2.5632722e+00
  -2.6306877e+00
  -2.7157063e+00
  -2.8469980e+00
  -2.9880764e+00
  -3.1185305e+00
  -3.2289696e+00
  -3.2814450e+00
  -3.2840934e+00
  -3.2956245e+00
  -3.3358107e+00
  -3.4702523e+00
  -3.7256813e+00
  -3.6948540e+00
  -2.6166985e+00
  -3.1248507e-01
  -1.1267860e+00
  -2.3217587e+00
  -4.0201039e+00
  -2.2212126e+00
  -4.9050280e-01
   2.1203513e+00
   2.4619987e+00
   2.9188619e+00
   2.8209927e+00
   2.0972266e+00
   1.1085606e-01
   1.2210144e-01
  -1.3049695e-01
   1.1030886e-01
   1.4188488e+00
   2.9611232e+00
   2.0863714e+00
   2.3869543e+00
   2.4612074e+00
   2.5971959e+00
   2.4824522e+00
   1.7339752e+00
   6.8208730e-01
  -3.8912888e-01
   1.9358566e-01
   2.2805915e-01
  -2.7373495e-01
  -3.2930361e-01
  -1.9367532e-02
  -3.2973628e-01
  -9.6054602e-01
  -1.0925156e+00
  -1.1194779e+00
  -1.1019058e+00
  -1.0832641e+00
  -1.1207057e+00
  -1.2186706e+00
  -1.3481543e+00
  -1.4904525e+00
  -1.6397645e+00
  -1.8249339e+00
  -2.0745048e+00
  -2.4362239e+00
  -3.0165211e+00
  -3.9186881e+00
  -4.6665901e+00
  -3.6423569e+00
  -4.9356586e-01
  -1.8272463e+00
  -2.8055498e+00
  -4.9495701e+00
  -3.3436933e+00
  -1.0852878e+00
   1.1502428e+00
   1.4127982e+00
   2.0601146e+00
   2.1739998e+00
   1.9139867e+00
   2.6570824e-01
   1.0723993e-01
   1.6296620e-01
   5.7960947e-02
   1.6774125e+00
   2.4656584e+00
   1.9166739e+00
   1.9089842e+00
   1.7510640e+00
   1.8800719e+00
   1.9570216e+00
   1.4276465e+00
   3.8464866e-01
   5.7947575e-01
   7.3623827e-02
  -3.6201089e-02
   1.2546909e-01
   3.9329462e-01
   6.7820267e-01
   4.8135692e-01
   2.3240830e-01
   1.5102063e-01
   1.0654541e-01
   1.3318011e-01
   2.0110033e-01
   2.5612178e-01
   2.3277545e-01
   1.3975601e-01
   1.4395878e-02
  -1.1393134e-01
  -2.6804024e-01
  -4.9299383e-01
  -8.6678852e-01
  -1.4776290e+00
  -2.4640364e+00
  -3.7245815e+00
  -3.4825321e+00
  -5.6586336e-01
  -3.8751643e+00
  -4.3349299e+00
  -4.1481695e+00
  -3.5015755e+00
  -1.2535017e+00
  -1.2074766e-01
   6.9681554e-02
   6.6379348e-01
   1.3586993e+00
   1.9294384e+00
   6.1513148e-01
   1.4632444e-01
   3.5788118e-01
   1.1738116e-01
   2.0262246e+00
   2.3713550e+00
   1.9350257e+00
   1.3205689e+00
   7.5843635e-01
   8.7040664e-01
   1.3547542e+00
   1.3483569e+00
   3.8118304e-01
  -1.1029951e-01
  -3.0674577e-01
   1.9647685e-01
   3.9948189e-01
   5.3720725e-01
   6.9008178e-01
   5.8672577e-01
   5.1180971e-01
   4.6789986e-01
   4.2023948e-01
   4.4567329e-01
   5.7577270e-01
   7.8079975e-01
   9.4936806e-01
   1.0244870e+00
   1.0252728e+00
   9.7431308e-01
   8.5424286e-01
   5.9061539e-01
   1.0505436e-01
  -6.0742670e-01
  -1.5929821e+00
  -3.2625406e+00
  -4.8793197e+00
  -1.4149828e+00
  -4.7274084e+00
  -5.1981430e+00
  -4.3574877e+00
  -3.5043302e+00
  -2.0258436e+00
  -1.5388067e+00
  -1.1683371e+00
  -4.2735296e-01
   9.0163124e-01
   2.8335400e+00
   1.1171098e+00
   5.3955879e-02
   2.8420877e-01
   8.8535376e-02
   1.2086066e+00
   3.1364079e+00
   2.0654402e+00
   7.3043406e-01
  -2.6429310e-01
   1.3147049e-02
   1.1536603e+00
   1.1288557e+00
   1.8166062e-01
  -6.1727816e-01
  -4.1816992e-01
   1.5019110e-01
   3.0140087e-01
   3.1518734e-01
   2.6379436e-01
   8.7883294e-02
  -5.1035196e-02
  -1.8158601e-01
  -2.7402741e-01
  -3.0884424e-01
  -2.4186358e-01
  -5.1896382e-02
   2.2226015e-01
   5.1318151e-01
   7.9073679e-01
   1.0193338e+00
   1.1443461e+00
   1.0440493e+00
   6.4437824e-01
   4.3948293e-02
  -7.6372445e-01
  -2.5428419e+00
  -5.0596566e+00
  -1.7815273e+00
  -3.8882711e+00
  -4.7995095e+00
  -4.7482724e+00
  -4.1135349e+00
  -3.5029430e+00
  -3.3436837e+00
  -2.5474246e+00
  -8.5537684e-01
   6.8250930e-01
   1.6045288e+00
   7.9762900e-01
  -5.2983869e-02
   2.8072042e-02
  -3.3269830e-02
   4.3547785e-01
   1.6599993e+00
   3.2397969e+00
   4.7624934e-01
  -1.2262329e+00
  -7.5492847e-01
   1.3248047e+00
   1.3328329e+00
   1.2100081e-01
  -3.6748204e-02
   1.4972493e-01
   2.8039154e-01
   6.7346431e-02
  -2.9497974e-02
  -1.7064294e-01
  -4.6959171e-01
  -7.8008729e-01
  -1.1069956e+00
  -1.3789918e+00
  -1.5946352e+00
  -1.7263389e+00
  -1.7481136e+00
  -1.6529472e+00
  -1.4372424e+00
  -1.1266791e+00
  -7.6606923e-01
  -3.4971690e-01
   3.6509827e-02
   1.8651608e-01
   6.0229205e-02
  -1.6063382e-01
  -1.4251972e+00
  -5.5857067e+00
  -4.2866755e+00
  -8.0417770e-01
  -3.5043566e+00
  -3.8577702e+00
  -4.4140906e+00
  -4.5658126e+00
  -4.5279117e+00
  -3.6582575e+00
  -1.0183704e+00
   9.6783698e-02
   7.2957015e-01
   3.6436814e-01
   7.2523639e-02
  -4.4844426e-02
  -1.1773621e-01
   7.2105691e-02
   5.4759789e-01
   3.8050997e+00
   9.7195446e-01
  -1.7646174e+00
  -4.7538292e-01
   2.5295041e+00
   1.9360912e+00
   7.5209242e-01
   2.3573892e-01
   6.4417438e-01
   4.3004143e-01
  -1.3247869e-01
  -2.9282798e-01
  -3.8573503e-01
  -7.1417205e-01
  -1.1331516e+00
  -1.6121591e+00
  -2.0432531e+00
  -2.4011594e+00
  -2.6886007e+00
  -2.8936211e+00
  -3.0087413e+00
  -2.9949004e+00
  -2.8177819e+00
  -2.4962608e+00
  -2.0498105e+00
  -1.4410447e+00
  -8.7861156e-01
  -7.3663644e-01
  -9.5380628e-01
  -4.4559964e-01
  -5.4755906e+00
  -5.5098346e+00
  -2.4447724e+00
  -1.9311846e+00
  -3.3966651e+00
  -4.1406601e+00
  -4.5482056e+00
  -4.8559521e+00
  -4.4779456e+00
  -1.1829481e+00
  -3.6451118e-01
   5.1135770e-01
   4.4566279e-01
  -6.2400647e-02
  -2.4168354e-01
  -3.7865942e-01
  -1.8691235e-01
  -5.3605470e-01
   2.8384794e+00
   1.6662897e+00
  -1.6402688e+00
  -1.2495354e+00
   1.2246047e+00
   1.9963179e+00
   8.7123232e-01
   3.3697273e-01
   7.8916046e-01
   4.3761415e-01
  -2.3381782e-01
  -4.1865055e-01
  -3.8861812e-01
  -6.2906437e-01
  -1.0529988e+00
  -1.5836769e+00
  -2.0948698e+00
  -2.5245697e+00
  -2.8866140e+00
  -3.1770247e+00
  -3.4066962e+00
  -3.5423668e+00
  -3.5472975e+00
  -3.3862518e+00
  -3.0626172e+00
  -2.4334559e+00
  -1.5544613e+00
  -8.6262192e-01
  -1.6978186e+00
  -2.0225778e+00
  -4.2357959e+00
  -4.1368723e+00
  -9.8117793e-01
  -1.4803622e+00
  -2.9062396e+00
  -3.6775644e+00
  -4.3708963e+00
  -5.0912503e+00
  -5.2605623e+00
  -2.5044910e+00
  -9.7026605e-01
   4.2481847e-01
   2.0527328e-01
  -1.3349432e-01
  -3.1598502e-01
  -7.0015303e-01
  -1.0071404e+00
  -5.9671991e-01
   2.6338495e+00
   2.1976895e+00
  -1.1475113e+00
  -1.1366136e+00
   4.0792705e-01
   1.9754330e+00
   7.6338103e-01
   7.7316576e-01
   7.4969256e-01
   7.3093146e-02
  -3.6662400e-01
  -5.1830375e-01
  -3.3838356e-01
  -3.9268079e-01
  -7.3139608e-01
  -1.2451487e+00
  -1.7880607e+00
  -2.2569647e+00
  -2.6493731e+00
  -2.9794426e+00
  -3.2614167e+00
  -3.4783981e+00
  -3.6459103e+00
  -3.7031994e+00
  -3.5639572e+00
  -3.0698121e+00
  -1.9887390e+00
  -6.8621331e-01
  -7.6394260e-01
  -3.1408260e+00
  -2.3690381e+00
  -2.6082277e+00
  -6.4320707e-01
  -1.2079765e+00
  -2.3385167e+00
  -3.2253537e+00
  -4.1907072e+00
  -5.3100319e+00
  -5.9743948e+00
  -3.3492227e+00
  -1.5664064e+00
  -3.9272085e-02
  -1.3657257e-02
  -2.8759497e-01
  -8.1787103e-01
  -1.2160734e+00
  -1.4273648e+00
  -9.4394557e-02
   2.3617525e+00
   2.9265831e+00
  -4.7841826e-01
  -9.6733618e-01
   3.9105964e-01
   2.0614195e+00
   9.1625869e-01
   9.8204702e-01
   3.3071485e-01
  -5.9950542e-01
  -6.6286397e-01
  -7.1078509e-01
  -3.8740021e-01
  -1.9723083e-01
  -3.5095865e-01
  -7.9182714e-01
  -1.3222907e+00
  -1.7931757e+00
  -2.1831267e+00
  -2.5294070e+00
  -2.8372297e+00
  -3.1013072e+00
  -3.3630426e+00
  -3.6046300e+00
  -3.6824126e+00
  -3.4935622e+00
  -2.4871473e+00
  -6.0157520e-01
  -9.3608272e-01
  -5.3840482e-01
  -8.4881908e-01
  -1.3642540e+00
  -4.0325370e-01
  -7.4373084e-01
  -1.6696486e+00
  -2.6044142e+00
  -3.7546971e+00
  -5.2288680e+00
  -6.6774640e+00
  -4.9553080e+00
  -2.6127431e+00
  -5.5387354e-01
  -2.2229646e-01
  -4.4391286e-01
  -1.2962701e+00
  -2.2198439e+00
  -1.9967678e+00
  -5.8393264e-01
   9.4500136e-01
   3.5302722e+00
   7.9571462e-01
  -4.2250064e-01
  -1.6810837e-01
   1.6087126e+00
   8.0970788e-01
   1.0783056e+00
   1.6665785e-02
  -1.5601453e+00
  -1.1725249e+00
  -9.9140442e-01
  -5.8606558e-01
  -1.6411934e-01
  -3.5387732e-02
  -3.1203976e-01
  -7.7784684e-01
  -1.2339411e+00
  -1.6101313e+00
  -1.9555793e+00
  -2.2711169e+00
  -2.5469088e+00
  -2.8362073e+00
  -3.1980058e+00
  -3.5511671e+00
  -3.7943626e+00
  -3.0354296e+00
  -3.5591461e-01
   4.3579630e-01
   6.4072542e-01
  -4.0159385e-01
  -6.4183222e-01
  -1.6835108e-01
  -3.4275447e-01
  -1.0165231e+00
  -1.8984757e+00
  -3.0733763e+00
  -4.7083882e+00
  -6.6317851e+00
  -5.9776452e+00
  -3.1393899e+00
  -1.4477159e+00
  -5.0847316e-01
  -8.7640406e-01
  -1.8248141e+00
  -3.1879641e+00
  -2.6362268e+00
  -1.2221474e+00
  -1.7946823e+00
   2.3698480e+00
   2.1146939e+00
   1.1658366e-01
  -2.6317686e-01
   8.5204001e-01
   7.9115191e-01
   1.4557962e+00
   2.7520943e-01
  -1.8375334e+00
  -1.7858074e+00
  -1.2424377e+00
  -8.2318300e-01
  -2.7603406e-01
   1.4306296e-01
   1.2102158e-01
  -2.0826435e-01
  -6.2847817e-01
  -1.0070537e+00
  -1.3523790e+00
  -1.6790450e+00
  -1.9785305e+00
  -2.3207984e+00
  -2.8060272e+00
  -3.4428401e+00
  -4.1071682e+00
  -3.1120698e+00
   1.2012804e-01
   1.1987845e+00
   1.4493484e+00
  -1.9974262e-02
  -1.9977036e-01
  -2.9207784e-04
  -1.5632661e-01
  -6.1209768e-01
  -1.3746045e+00
  -2.4572632e+00
  -4.0256395e+00
  -6.0867391e+00
  -6.4229474e+00
  -3.0201271e+00
  -2.2041786e+00
  -6.6444457e-01
  -1.3746921e+00
  -2.0985420e+00
  -3.4234838e+00
  -2.4919615e+00
  -1.7702541e+00
  -3.1863670e+00
   2.6748300e-01
   1.8165705e+00
   6.8032563e-01
  -1.1594771e-01
  -1.3034752e-01
   4.9138620e-01
   1.6188282e+00
   6.0451305e-01
  -1.1479484e+00
  -1.9672334e+00
  -1.4056534e+00
  -9.6089911e-01
  -3.8670245e-01
   2.1370071e-01
   4.4716579e-01
   3.1986427e-01
  -1.5607439e-02
  -3.9949310e-01
  -7.6996469e-01
  -1.1137311e+00
  -1.4609931e+00
  -1.8916402e+00
  -2.5414710e+00
  -3.4488661e+00
  -4.3028932e+00
  -2.9045820e+00
   2.7312961e-01
   1.6908317e+00
   2.2540293e+00
   4.0370730e-01
   2.2476141e-01
   2.6941249e-01
   8.7852981e-03
  -3.6117706e-01
  -9.9652934e-01
  -1.9585857e+00
  -3.4184136e+00
  -5.4073205e+00
  -6.3127313e+00
  -2.4292870e+00
  -2.0836329e+00
  -1.2655857e+00
  -8.6935818e-01
  -2.2502697e+00
  -3.2220681e+00
  -2.9446936e+00
  -2.9752474e+00
  -2.7796471e+00
   9.6354538e-01
   2.9679546e+00
   1.1561773e+00
   3.6503711e-01
   2.0666025e+00
   2.5842152e+00
   3.9349061e-01
   2.1691182e-01
  -3.8022149e-01
  -2.0127361e+00
  -1.7886909e+00
  -1.1907618e+00
  -4.0294969e-01
   2.9444718e-01
   7.0179939e-01
   7.3500025e-01
   5.1769489e-01
   1.5923843e-01
  -2.4593529e-01
  -6.0989326e-01
  -9.8721856e-01
  -1.4925249e+00
  -2.3002532e+00
  -3.4814157e+00
  -4.3163719e+00
  -2.6838665e+00
   4.9160641e-01
   1.9490958e+00
   1.8751104e+00
   8.6965907e-01
   6.2725985e-01
   7.0056319e-01
   3.3637735e-01
  -5.1974297e-02
  -5.9080625e-01
  -1.4206142e+00
  -2.7196631e+00
  -4.6895585e+00
  -6.4749703e+00
  -2.0312731e+00
  -1.3811980e+00
  -1.7189120e+00
  -1.0371231e+00
  -2.7159393e+00
  -2.7453668e+00
  -1.9537349e+00
  -3.5501900e+00
  -1.1173506e+00
   1.6027868e+00
   1.8167840e+00
   6.8977034e-01
   2.7494245e+00
   4.4800353e+00
   4.0774298e+00
   7.7164516e-02
  -2.0887540e-01
   8.0680124e-02
  -9.8993093e-01
  -1.5948400e+00
  -1.5851761e+00
  -4.7868440e-01
   4.2517018e-01
   9.7670573e-01
   1.1099852e+00
   9.8437417e-01
   6.6644800e-01
   2.6863030e-01
  -1.2597851e-01
  -5.0457281e-01
  -1.0521787e+00
  -2.0056229e+00
  -3.4924746e+00
  -4.0634727e+00
  -1.4301133e+00
   9.7244376e-01
   2.3256161e+00
   1.3589342e+00
   8.4000283e-01
   1.0176374e+00
   1.0659784e+00
   7.1888751e-01
   3.4146476e-01
  -1.1145383e-01
  -7.4231499e-01
  -1.8083988e+00
  -3.6150999e+00
  -5.8636880e+00
  -2.3499808e+00
  -1.1153725e+00
  -1.4942769e+00
  -1.3503056e+00
  -2.4021418e+00
  -1.6335511e+00
  -1.0355340e+00
  -2.3814662e+00
  -9.0623212e-01
  -2.6832625e-01
  -5.2092713e-01
   4.9973553e-01
   1.5101240e+00
   1.4132841e+00
   1.1697172e+00
   1.0506409e+00
   1.2877808e-01
   1.5035855e-01
  -5.6976888e-02
  -6.4642922e-01
  -1.3242119e+00
  -6.9042943e-01
   4.7890150e-01
   1.1349065e+00
   1.3508737e+00
   1.2708594e+00
   1.0000828e+00
   6.6193489e-01
   3.0597680e-01
  -5.0304878e-02
  -5.9905306e-01
  -1.6732572e+00
  -3.4627793e+00
  -3.0868308e+00
  -2.1451556e-02
   9.0366268e-01
   2.4995784e+00
   1.4605901e+00
   7.0579873e-01
   1.1459081e+00
   1.3592102e+00
   9.9051654e-01
   6.7272792e-01
   2.8498678e-01
  -2.0338852e-01
  -1.0138033e+00
  -2.6039392e+00
  -4.8514836e+00
  -2.2148696e+00
  -8.8206523e-01
  -1.5044543e+00
  -1.6141728e+00
  -1.6495772e+00
  -5.6799058e-01
  -8.7136520e-02
  -5.2738145e-01
  -1.5555231e+00
  -8.2152288e-01
  -1.3838704e+00
   6.7646835e-02
  -8.0817697e-02
  -9.9641514e-01
  -4.9714473e-01
   2.5829723e-01
   5.0045103e-01
   3.3895504e-01
   9.5115975e-05
  -2.6748803e-01
  -9.4370019e-01
  -8.2828331e-01
   4.1562805e-01
   1.0898130e+00
   1.3803432e+00
   1.3836915e+00
   1.1782563e+00
   9.3019903e-01
   6.8499428e-01
   4.0712988e-01
  -9.8246679e-02
  -1.2168248e+00
  -3.2504053e+00
  -1.6884750e+00
   4.1016763e-01
   9.3561757e-01
   2.2172618e+00
   1.5869921e+00
   8.6251956e-01
   7.1947658e-01
   1.3685642e+00
   1.1369990e+00
   9.6619636e-01
   7.0005965e-01
   2.5166667e-01
  -3.6179256e-01
  -1.6221995e+00
  -3.7889016e+00
  -1.4893632e+00
  -7.2311133e-01
  -1.1024009e+00
  -1.3081776e+00
  -6.3228303e-01
  -3.3303663e-01
  -2.7522549e-01
   3.3421814e-01
  -1.7957044e+00
  -1.1159515e+00
  -1.2063892e+00
  -2.8547215e-01
  -1.0620465e+00
  -5.9772903e-01
  -3.3039692e-01
   1.6243909e-01
   7.0164800e-01
   3.4283054e-01
  -2.1893106e-02
  -8.4242171e-01
  -1.0861691e+00
  -1.0418591e+00
   1.7713827e-01
   8.5966593e-01
   1.2330595e+00
   1.3612887e+00
   1.2483494e+00
   1.0826471e+00
   9.5627862e-01
   8.2980222e-01
   4.1522852e-01
  -6.3142890e-01
  -2.4286788e+00
  -7.4545300e-01
   7.3546147e-01
   8.0174309e-01
   1.3733205e+00
   1.3857062e+00
   8.3429861e-01
   2.5014907e-01
   7.9309559e-01
   1.1460716e+00
   1.1722294e+00
   1.0869966e+00
   7.3268509e-01
   2.4267602e-01
  -7.4445510e-01
  -2.6099355e+00
  -7.6236796e-01
  -1.3026536e+00
  -1.7170933e+00
  -2.9425704e-01
  -1.3005745e-01
  -2.1379578e-01
  -1.3770273e-01
   2.6097935e-01
  -1.7151468e+00
  -1.6511803e+00
  -1.2404691e+00
  -6.2877858e-01
  -1.7808057e+00
  -2.5172007e-01
   7.0041049e-01
   6.2556118e-01
   4.4195825e-01
   2.9365560e-01
   1.6059791e-01
  -8.9682150e-01
  -1.0474298e+00
  -9.8116499e-01
   3.4114212e-02
   6.5941274e-01
   1.0923903e+00
   1.3192474e+00
   1.2968229e+00
   1.1839354e+00
   1.1548833e+00
   1.1797907e+00
   8.9695841e-01
   5.5688333e-02
  -1.1274526e+00
  -8.4256053e-02
   6.1851352e-01
   6.3545465e-01
   2.9977250e-01
   6.4593077e-01
   4.7476617e-01
   3.5111612e-01
   1.8641012e-02
   5.3667194e-01
   1.1296477e+00
   1.2646281e+00
   1.2377766e+00
   9.7268862e-01
   2.1275172e-01
  -1.0106326e+00
  -1.0163038e-01
  -9.6204734e-01
  -1.5643132e+00
   1.6107823e-01
   7.2211139e-02
  -1.8827969e-01
  -3.1569061e-01
   2.0899642e-01
  -1.3103241e+00
  -1.9489447e+00
  -9.5544887e-01
   1.7236832e-01
  -8.3200800e-01
  -7.4626517e-01
  -2.0240426e-01
   2.3388773e-01
   2.9197473e-01
  -1.0393495e-01
   8.8296886e-02
  -1.9824981e-01
  -9.5712190e-01
  -4.4459697e-01
   9.9104647e-02
   4.3962993e-01
   9.4487422e-01
   1.2216325e+00
   1.2515704e+00
   1.1788638e+00
   1.2481900e+00
   1.4441028e+00
   1.3551451e+00
   7.2243711e-01
   9.4962429e-02
   6.2234218e-01
   9.1508948e-01
   2.2843556e-01
  -1.4752437e-01
  -3.8084087e-02
  -3.3028569e-02
   6.9334053e-02
   8.0275508e-02
  -8.2015740e-02
   2.3164692e-01
   7.5993535e-01
   1.1471133e+00
   1.3987133e+00
   1.1169441e+00
   5.3469116e-01
   2.3357953e-01
   1.2159738e-01
  -4.1136022e-01
  -4.8000979e-01
   1.9184680e-01
  -9.9046999e-01
  -6.9621267e-01
  -1.7372206e-01
  -6.2724085e-01
  -1.5984625e+00
  -7.5756845e-01
  -1.7669120e-01
   1.9708897e-01
  -1.6325848e-01
   4.3876757e-01
   2.0456536e-01
   8.5591264e-02
  -2.5835392e-01
  -2.8299096e-01
  -2.9116699e-01
  -1.0135874e+00
  -1.0540771e-01
  -1.3991451e-01
  -2.3491210e-01
   4.7554138e-01
   7.9974103e-01
   8.5773420e-01
   8.7183946e-01
   1.0426179e+00
   1.5019293e+00
   1.6898836e+00
   1.2033155e+00
   5.7532537e-01
   8.4822845e-01
   1.0672226e+00
   1.3917446e-01
  -1.5160759e-01
  -2.4915250e-01
  -2.5453806e-01
  -1.9426295e-01
  -8.6341582e-02
  -4.2085033e-02
  -2.0374443e-01
  -3.1919417e-01
   5.2984113e-01
   1.2258869e+00
   1.3978380e+00
   1.2020007e+00
   8.2817191e-01
   4.0169820e-01
   6.7279333e-01
   6.1591089e-01
   4.2048588e-02
  -4.8900676e-01
  -7.9001057e-01
  -2.8636631e-01
  -4.6289855e-01
  -1.1331780e+00
  -2.1504490e-01
   6.3725758e-01
   7.9246134e-01
   7.0693302e-01
   6.6922021e-01
   2.3912124e-02
   1.4263950e-01
  -3.0628088e-01
  -8.3129776e-01
  -1.2077582e+00
  -1.1885478e+00
   2.6157206e-01
  -2.1403249e-01
  -1.7436887e+00
  -8.1378490e-01
  -4.0301776e-01
  -1.4608938e-01
   8.1782296e-02
   3.4796733e-01
   1.2336938e+00
   1.8648958e+00
   1.3960700e+00
   7.9241347e-01
   1.0549445e+00
   3.1325746e-01
  -5.1911600e-02
  -1.9164583e-01
  -3.6113065e-01
  -4.0943339e-01
  -3.4231600e-01
  -1.8748207e-01
  -2.7781051e-01
  -1.2225955e+00
  -1.4607986e+00
  -6.4588946e-01
   4.2038375e-01
   1.1418550e+00
   1.4743741e+00
   1.7033460e+00
   6.5560746e-01
   4.0827867e-01
   9.6133712e-04
  -1.7900264e-01
  -1.9056329e-01
  -2.9716107e-01
  -1.5473592e-01
   2.5933817e-01
  -6.0966277e-01
  -3.6424085e-01
   3.2810811e-03
   4.6260723e-01
   6.8276310e-01
   4.9203986e-01
   3.3142844e-01
   3.6607522e-01
   2.6806304e-01
   9.1822296e-02
  -9.6125841e-01
  -1.9639548e+00
  -1.0608182e+00
  -2.5298452e-01
  -1.8097118e+00
  -2.1710351e+00
  -2.0817468e+00
  -1.3673176e+00
  -1.4320265e-01
  -9.5826185e-01
  -3.7507045e-01
   8.6623162e-01
   6.4245194e-01
   1.0699558e+00
   1.0500506e-01
  -1.7141448e-01
  -1.6638590e-01
  -3.3285329e-01
  -5.2786261e-01
  -5.5370849e-01
  -3.8116902e-01
  -2.4039188e-01
  -7.1230477e-01
  -1.7165440e+00
  -1.8295221e+00
  -1.8555588e+00
  -8.4422362e-01
   4.3318281e-01
   7.6832962e-01
   1.0556687e+00
   7.4877024e-01
   5.2779126e-01
  -7.8246638e-02
  -2.5656473e-02
   1.8849116e-02
  -1.6312432e-01
  -2.6783323e-01
   1.1590394e-01
  -2.0808981e-01
  -4.9016351e-01
  -1.6139098e-01
   3.2971118e-02
   7.2974876e-02
   4.2675762e-03
   2.3042256e-02
  -5.3519362e-01
  -3.3325750e-01
  -1.5011773e-01
  -1.2686437e-01
  -1.4852995e-01
  -7.2063625e-02
  -5.1557803e-01
  -1.1469833e+00
  -2.0285397e+00
  -2.8617971e+00
  -3.3277142e+00
  -4.3579641e-01
   9.6480358e-01
   2.2007832e-01
   5.9292531e-01
   1.0574777e+00
   9.6773183e-01
  -6.5887801e-02
  -2.7026977e-02
  -3.0426943e-01
  -5.3911257e-01
  -6.9681001e-01
  -8.3232319e-01
  -4.8687515e-01
  -4.3394285e-01
  -1.3994753e+00
  -1.3468750e+00
  -3.0914015e-01
  -2.3094614e+00
  -2.6937990e+00
  -5.3305769e-01
  -5.8714736e-01
  -4.2123437e-01
  -1.0469409e-02
   9.5860529e-01
   6.2809104e-01
  -2.5234002e-01
  -3.1629851e-01
  -3.2965526e-01
  -4.3050206e-01
  -8.4132582e-02
  -3.0499360e-01
  -7.2862035e-01
  -4.5237300e-01
  -1.2044936e-01
  -3.5575172e-03
  -4.0230358e-01
   4.4147161e-01
   2.8796601e-03
  -2.7790645e-01
  -1.4223306e-01
   6.6668734e-02
   1.7329018e-01
  -7.3738739e-02
  -2.0169735e-02
   2.8526527e-01
   2.3452231e-01
  -6.3890862e-01
  -1.7827159e+00
  -1.1476368e+00
   2.5925246e-01
   7.0395416e-01
   1.0301141e+00
   6.3485044e-01
  -1.5654150e-01
  -2.0034869e-01
  -2.3490570e-01
  -4.7346768e-01
  -5.0025761e-01
  -8.1897879e-01
  -7.9015595e-01
  -3.0808878e-01
  -6.0037869e-01
  -1.1785796e+00
  -4.6571216e-01
   6.2481183e-01
   3.7448707e-01
  -1.4898255e+00
  -2.7487791e+00
  -1.5686084e+00
  -3.7873071e-01
  -5.9819704e-01
  -6.8590015e-01
   4.8268670e-01
   6.8830752e-01
  -2.7139630e-02
  -3.7312290e-01
  -3.0462193e-01
  -2.2547656e-01
  -4.3363425e-01
  -7.6150554e-01
  -7.7913624e-01
  -2.0705527e-01
   3.2416013e-01
   4.4476044e-01
   6.2595993e-02
   1.5045860e-01
   3.5374010e-01
   4.3701062e-01
   2.4624872e-01
   5.0026793e-02
   3.8249539e-03
  -6.5301575e-02
  -2.4403715e-01
  -3.8565463e-01
  -5.3109485e-01
  -7.0057261e-01
  -8.0099756e-01
  -7.3495167e-01
  -5.9164602e-01
  -5.2103788e-01
  -5.4182553e-01
  -6.4553589e-01
  -8.1400955e-01
  -8.7756377e-01
  -8.3189684e-01
  -6.5133405e-01
  -5.6469989e-01
  -8.0955940e-01
  -1.3435686e+00
  -1.2203562e+00
  -5.9280092e-01
  -1.7226475e-01
   1.2045325e-01
   7.1374506e-01
   1.3837761e+00
   5.7117122e-01
  -5.9815180e-01
  -8.2953990e-01
  -4.8351312e-01
  -1.4449419e-01
  -9.9545479e-02
  -1.6419299e-01
  -4.1151860e-01
  -4.6248791e-01
  -1.7984460e-01
   5.0830103e-02
  -9.2261367e-02
  -3.0234018e-01
  -2.4061526e-01
  -3.0922826e-02
   1.0038751e-01
   9.7552136e-02
