   3.4962752e+00
   4.0706840e+00
   4.8135257e+00
   6.1072574e+00
   7.6881723e+00
   8.6999807e+00
   8.8433838e+00
   7.7097960e+00
   4.6281629e+00
   2.7947524e+00
   1.2303901e+00
   2.4416019e-01
  -2.9132387e-01
  -8.8374484e-01
  -1.6241728e+00
  -2.1488402e+00
  -2.2276461e+00
  -1.9607840e+00
  -1.1738310e+00
  -1.5587773e+00
  -2.4187593e+00
  -2.4341617e+00
  -1.8086179e+00
  -1.1795340e+00
  -5.3649724e-01
   1.9392470e-02
  -5.0984216e-01
  -1.4884239e+00
  -1.9706225e+00
  -2.6311927e+00
  -4.0714111e+00
  -5.4775867e+00
  -5.7124963e+00
  -6.0507112e+00
  -6.7068100e+00
  -6.0898318e+00
  -5.1015754e+00
  -4.5451169e+00
  -4.1299601e+00
  -3.7279763e+00
  -2.4595125e+00
   1.2415085e+00
   3.7919369e+00
   4.7665837e-01
  -3.9328911e+00
  -5.6446390e+00
  -1.7641814e+00
   1.9473815e+00
  -2.5595677e+00
  -2.3712904e+00
  -3.3722830e+00
  -3.0859895e+00
   3.2493144e-02
   2.0201232e+00
   1.2649655e-01
  -7.8984737e-01
  -7.1817234e-02
   4.2939615e-01
   1.3140954e+00
   2.1003990e+00
   2.3768852e+00
   2.5590053e+00
   2.4553974e+00
   2.1123383e+00
   1.5254714e+00
   6.7186046e-01
   2.7425596e-01
   6.3651077e-02
  -7.3320717e-03
   2.4447668e-01
   7.2935665e-01
   4.8672438e-01
  -6.9618785e-01
   5.8384937e-01
   1.7109547e+00
   5.3883266e-01
   7.6091856e-01
   9.9709255e-01
   6.6163802e-01
  -7.2347850e-02
  -1.4224104e+00
  -2.7699568e+00
  -3.8909144e+00
  -4.4880848e+00
  -4.3489208e+00
  -4.2651529e+00
  -3.6427310e+00
  -3.4159083e+00
  -5.2304983e+00
  -4.2510009e+00
   4.1471043e+00
   2.2829275e+00
  -3.0196171e+00
  -6.9900312e+00
  -5.4816284e+00
  -3.9441092e+00
  -2.3022013e+00
  -1.9012959e+00
  -1.5229098e+00
  -1.1915171e+00
  -7.8928012e-01
  -7.2765045e-02
   1.1332655e+00
   2.2563989e+00
   2.9779656e+00
   3.5459573e+00
   4.2336478e+00
   4.7115531e+00
   4.9517627e+00
   4.7685175e+00
   4.7108989e+00
   4.5520239e+00
   4.5472875e+00
   4.2778950e+00
   4.0430136e+00
   3.8066318e+00
   3.7304134e+00
   3.8103065e+00
   3.7945845e+00
   3.8235071e+00
   3.5301690e+00
   2.5103731e+00
   3.4258869e+00
   3.6819804e+00
   3.5220776e+00
   3.4490900e+00
   3.1893315e+00
   2.8623762e+00
   2.5045183e+00
   2.0848145e+00
   1.6418991e+00
   1.3112601e+00
   1.1037531e+00
   1.0078502e+00
   9.4365096e-01
   1.0473971e+00
   4.8574433e-01
  -4.2880711e-01
  -6.4871645e-01
  -5.2591377e-01
   3.2942659e-01
   3.2129228e-02
  -1.1589053e+00
  -2.0451260e+00
   3.0216057e+00
   2.8896651e+00
   2.9490325e+00
   3.0953355e+00
   3.3557463e+00
   3.7667458e+00
   4.2173247e+00
   4.6341910e+00
   4.9715304e+00
   5.2404704e+00
   5.6493378e+00
   6.0717311e+00
   6.2610483e+00
   6.2119784e+00
   6.0699515e+00
   5.9685044e+00
   5.8976297e+00
   5.8188782e+00
   5.7151904e+00
   5.6347589e+00
   5.5771780e+00
   5.5564728e+00
   5.5673485e+00
   5.5763659e+00
   6.0377021e+00
   6.1754169e+00
   6.2492557e+00
   5.7644482e+00
   5.3204551e+00
   5.1751575e+00
   5.0736260e+00
   4.8678303e+00
   4.7120719e+00
   4.5983849e+00
   4.5111084e+00
   4.5369263e+00
   4.6520133e+00
   4.7642789e+00
   4.8835702e+00
   4.9530048e+00
   4.9368792e+00
   4.8342152e+00
   4.6423092e+00
   4.4127769e+00
   4.2247400e+00
   4.2898932e+00
   4.0879402e+00
   3.4394443e+00
   5.7340679e+00
   5.5361185e+00
   5.4280977e+00
   5.3198647e+00
   5.2185535e+00
   5.2079949e+00
   5.1698341e+00
   5.1295795e+00
   5.1210699e+00
   5.1344438e+00
   5.4332309e+00
   5.8693275e+00
   6.1477504e+00
   6.2681260e+00
   6.2798643e+00
   6.2842798e+00
   6.3061109e+00
   6.3016663e+00
   6.2570000e+00
   6.2544422e+00
   6.2542315e+00
   6.1861801e+00
   6.1166277e+00
   5.9018273e+00
   5.4032145e+00
   4.3110905e+00
   4.3603663e+00
   5.0782471e+00
   5.5104718e+00
   5.8187723e+00
   6.0388794e+00
   6.1401043e+00
   6.2220864e+00
   6.3206167e+00
   6.3722649e+00
   6.4534755e+00
   6.6236691e+00
   6.7634616e+00
   6.8868718e+00
   6.9515905e+00
   6.9531088e+00
   7.0098214e+00
   7.0635805e+00
   6.9499369e+00
   6.7786374e+00
   6.8776751e+00
   6.7175436e+00
   6.1321559e+00
   7.3757381e+00
   7.0805901e+00
   6.7745102e+00
   6.3529284e+00
   5.8642003e+00
   5.4764802e+00
   5.0365974e+00
   4.5122462e+00
   4.1466823e+00
   4.0688310e+00
   4.2600952e+00
   4.5781542e+00
   4.9637104e+00
   5.3396107e+00
   5.5574681e+00
   5.7767374e+00
   5.9324725e+00
   5.9466746e+00
   5.9684837e+00
   6.0585735e+00
   6.0236375e+00
   5.8897869e+00
   5.8077628e+00
   5.4604370e+00
   2.9940461e+00
   4.3391328e+00
   1.6660728e+00
   3.2531003e+00
   4.5871235e+00
   5.4244515e+00
   6.0447900e+00
   6.5706828e+00
   6.9021014e+00
   7.1229619e+00
   7.3071999e+00
   7.3803076e+00
   7.4579348e+00
   7.5026411e+00
   7.4446749e+00
   7.3170947e+00
   7.2950286e+00
   7.4244770e+00
   7.6323595e+00
   7.6631322e+00
   7.8031516e+00
   8.2516613e+00
   8.0757246e+00
   7.6847868e+00
   7.7931662e+00
   7.3720145e+00
   6.7923450e+00
   6.1346784e+00
   5.4686356e+00
   4.5087228e+00
   3.4750934e+00
   3.4147713e+00
   2.9710140e+00
   2.2740049e+00
   2.6379101e+00
   3.2443762e+00
   3.7902346e+00
   4.2957983e+00
   4.6573114e+00
   4.9306855e+00
   5.0964499e+00
   5.1871896e+00
   5.2609878e+00
   5.3079295e+00
   5.2874470e+00
   5.2612062e+00
   5.1855993e+00
   4.6705585e+00
   2.0151720e+00
   3.9442260e+00
   6.9594616e-01
   2.0785961e+00
   3.4891567e+00
   4.5516772e+00
   5.4657388e+00
   6.2580514e+00
   6.8134308e+00
   7.1601329e+00
   7.3194685e+00
   7.3132229e+00
   7.2433743e+00
   7.0518885e+00
   6.7477708e+00
   6.4109778e+00
   6.3087254e+00
   6.5284767e+00
   6.9111452e+00
   7.1509213e+00
   7.6014967e+00
   8.3174257e+00
   8.2620535e+00
   8.0569553e+00
   7.1227126e+00
   6.4846387e+00
   5.5867238e+00
   4.8421683e+00
   4.1432538e+00
   2.9834063e+00
   2.1126571e+00
   2.1390641e+00
   1.5574888e+00
   8.2678384e-01
   1.5987219e+00
   2.0253301e+00
   2.4904568e+00
   2.9310224e+00
   3.2742531e+00
   3.5514629e+00
   3.7483158e+00
   3.8554478e+00
   3.9164093e+00
   3.9649901e+00
   4.0293121e+00
   4.0765362e+00
   3.9935365e+00
   3.4656913e+00
   1.4528836e+00
   2.6688995e+00
   1.7721720e-01
   1.0453196e+00
   2.1265900e+00
   3.1499736e+00
   4.3168755e+00
   5.3282700e+00
   6.0076761e+00
   6.4704919e+00
   6.6450644e+00
   6.4619570e+00
   5.9697247e+00
   5.2539520e+00
   4.6206083e+00
   4.2010698e+00
   4.1204262e+00
   4.4890957e+00
   5.0797191e+00
   5.7124014e+00
   6.4906244e+00
   7.2411447e+00
   7.4632683e+00
   7.4692421e+00
   5.5753951e+00
   4.6466885e+00
   3.5051246e+00
   3.1035988e+00
   2.4721820e+00
   1.2028970e+00
   1.2018329e+00
   1.2323158e+00
   6.5782881e-01
   7.1608156e-01
   8.1797749e-01
   9.8710686e-01
   1.2907842e+00
   1.6027097e+00
   1.8712128e+00
   2.1080422e+00
   2.2897458e+00
   2.4272418e+00
   2.4875114e+00
   2.5442891e+00
   2.6704686e+00
   2.7785358e+00
   2.7429750e+00
   2.3488328e+00
   1.0916160e+00
   2.0265119e+00
   4.1631315e-02
   2.5119463e-01
   1.2229822e+00
   2.0165372e+00
   3.0989819e+00
   4.0994825e+00
   4.7979045e+00
   5.2609625e+00
   5.3436604e+00
   4.8615217e+00
   3.7342613e+00
   2.5221932e+00
   2.1914659e+00
   2.2264056e+00
   2.2445266e+00
   2.6334145e+00
   3.3229167e+00
   4.1775608e+00
   5.0389218e+00
   5.7165594e+00
   6.0506096e+00
   6.0502968e+00
   3.4509442e+00
   2.3860652e+00
   1.1360067e+00
   9.8871267e-01
   8.9546973e-01
   3.7624770e-01
   2.2847810e-01
   5.5020142e-01
   1.3949466e-01
   5.4793838e-02
   1.0457978e-02
  -1.8774621e-02
   6.0337663e-02
   2.1412313e-01
   3.9007628e-01
   6.1104655e-01
   7.7800834e-01
   9.0138996e-01
   9.9217176e-01
   1.1314521e+00
   1.3216553e+00
   1.4743879e+00
   1.4404511e+00
   1.2044587e+00
   5.8740830e-01
   1.6117401e+00
  -9.4635576e-02
  -3.5419086e-01
   5.2268898e-01
   1.1350200e+00
   2.0587981e+00
   2.8690472e+00
   3.4143424e+00
   3.6835830e+00
   3.5275681e+00
   2.6646874e+00
   8.4207660e-01
  -5.8413379e-02
   4.6302769e-01
   6.9477838e-01
   7.5778151e-01
   1.0959390e+00
   1.7841996e+00
   2.6053360e+00
   3.3229861e+00
   3.8566639e+00
   4.1274319e+00
   4.0152049e+00
   1.1157003e+00
   5.1900676e-01
  -5.1961883e-02
  -3.5380899e-01
  -5.1810886e-02
  -1.1525676e-01
  -1.9994320e-01
   1.0064481e-02
  -4.0428689e-01
  -6.6954754e-01
  -9.1752350e-01
  -1.1335867e+00
  -1.2276588e+00
  -1.1834101e+00
  -1.0326183e+00
  -8.1297927e-01
  -6.2546764e-01
  -4.6699539e-01
  -2.9263012e-01
  -7.4638669e-02
   8.6593246e-02
   1.2620672e-01
   3.5602866e-02
   7.8827073e-03
   1.9849416e-01
   1.1477069e+00
  -4.4665071e-01
  -7.1179561e-01
  -4.1462224e-01
   1.2986242e-01
   9.3798112e-01
   1.5150193e+00
   1.7914134e+00
   1.7807239e+00
   1.2908814e+00
   2.7241459e-02
  -1.2522219e+00
  -2.6898082e-01
  -6.8512229e-01
  -8.2013195e-01
  -6.2062047e-01
  -2.6611395e-01
   3.0489092e-01
   8.3380931e-01
   1.2840025e+00
   1.6384440e+00
   1.7826846e+00
   1.6310798e+00
  -9.9974918e-01
  -6.3987374e-01
  -5.0459409e-01
  -5.2439362e-01
  -5.5920452e-01
  -5.2607983e-01
  -3.7739646e-01
  -6.6864944e-01
  -1.1884114e+00
  -1.6152532e+00
  -1.9998381e+00
  -2.3139253e+00
  -2.4626269e+00
  -2.4422801e+00
  -2.2892032e+00
  -2.0437841e+00
  -1.7900263e+00
  -1.5534228e+00
  -1.3011566e+00
  -1.1087250e+00
  -1.0791656e+00
  -1.2272345e+00
  -1.3905721e+00
  -1.1701907e+00
   7.7660814e-02
   8.1622362e-01
  -6.9113988e-01
  -1.1261871e+00
  -1.4760064e+00
  -7.8837377e-01
  -1.8741244e-01
   8.7880664e-02
   3.4289874e-02
  -2.9445118e-01
  -1.0756098e+00
  -2.0489864e+00
  -1.6864191e+00
  -1.9603546e-01
  -5.2424723e-01
  -1.5911193e+00
  -1.8706902e+00
  -1.5204542e+00
  -1.2686719e+00
  -1.1764175e+00
  -1.0235032e+00
  -8.3610803e-01
  -7.2723776e-01
  -7.3268402e-01
  -2.4830916e+00
  -1.0404153e+00
  -8.4804964e-01
  -9.9883062e-01
  -7.3770648e-01
  -7.7160263e-01
  -6.2470329e-01
  -1.6655442e+00
  -2.2353835e+00
  -2.6646276e+00
  -3.0892918e+00
  -3.4349980e+00
  -3.5804324e+00
  -3.5529776e+00
  -3.3716974e+00
  -3.0481000e+00
  -2.6901879e+00
  -2.3310332e+00
  -2.0621147e+00
  -2.0330789e+00
  -2.2402630e+00
  -2.5957534e+00
  -2.8169377e+00
  -2.2688706e+00
  -4.0766704e-01
   4.6418881e-01
  -1.0510604e+00
  -1.5380819e+00
  -1.8383515e+00
  -1.8561552e+00
  -1.3339632e+00
  -1.3781793e+00
  -1.7887026e+00
  -2.4636557e+00
  -3.2965829e+00
  -3.7877941e+00
  -6.3534343e-01
  -2.1949932e-01
  -3.9005229e-01
  -2.0868893e+00
  -3.1182675e+00
  -2.6988821e+00
  -3.0356972e+00
  -3.3187675e+00
  -3.3869071e+00
  -3.2941217e+00
  -3.1240180e+00
  -2.8559315e+00
  -3.0841606e+00
  -1.1932341e+00
  -9.8906583e-01
  -1.2655139e+00
  -1.0542111e+00
  -1.0217216e+00
  -1.3857900e+00
  -2.6451683e+00
  -3.0828385e+00
  -3.4292784e+00
  -3.8530700e+00
  -4.1830592e+00
  -4.3000379e+00
  -4.2240696e+00
  -4.0023932e+00
  -3.6110649e+00
  -3.1557906e+00
  -2.7859251e+00
  -2.6317847e+00
  -2.8238721e+00
  -3.2736220e+00
  -3.7825611e+00
  -3.9804070e+00
  -3.1967890e+00
  -1.1361864e+00
   4.4153371e-01
  -9.4696528e-01
  -1.4496784e+00
  -2.0381274e+00
  -2.7903707e+00
  -2.2803349e+00
  -2.6336565e+00
  -3.3473384e+00
  -4.1566248e+00
  -4.6823902e+00
  -4.2404642e+00
  -8.9736974e-01
  -4.0184236e-01
  -7.9231322e-01
  -2.5125194e+00
  -2.7394576e+00
  -3.4274826e+00
  -4.3070307e+00
  -4.7775617e+00
  -4.9572015e+00
  -4.9362574e+00
  -4.7302465e+00
  -4.2090793e+00
  -3.2761898e+00
  -1.3298128e+00
  -9.4748080e-01
  -1.2678506e+00
  -1.2897441e+00
  -1.1824368e+00
  -2.4927065e+00
  -3.5219715e+00
  -3.6010156e+00
  -3.8917093e+00
  -4.2821350e+00
  -4.5447397e+00
  -4.5950541e+00
  -4.4554610e+00
  -4.2296982e+00
  -3.8579435e+00
  -3.4200103e+00
  -3.2382636e+00
  -3.3571732e+00
  -3.8029115e+00
  -4.3891253e+00
  -4.8772345e+00
  -4.9119229e+00
  -3.9442663e+00
  -1.7028625e+00
   3.3431232e-01
  -5.6207162e-01
  -1.1032566e+00
  -1.3356353e+00
  -3.0966525e+00
  -3.1168909e+00
  -3.8275714e+00
  -4.6694674e+00
  -5.2791719e+00
  -5.2641191e+00
  -3.6629770e+00
  -4.6865892e-01
  -7.6799399e-01
  -1.2718614e+00
  -2.6806295e+00
  -1.9374282e+00
  -3.9343665e+00
  -5.1815481e+00
  -5.7164230e+00
  -5.9823041e+00
  -6.0151300e+00
  -5.7536716e+00
  -4.9614697e+00
  -3.2991014e+00
  -1.5439972e+00
  -9.1875918e-01
  -1.0386342e+00
  -1.2470121e+00
  -1.4215768e+00
  -3.1903213e+00
  -3.7119835e+00
  -3.7130528e+00
  -3.9408593e+00
  -4.2207646e+00
  -4.3802008e+00
  -4.3637561e+00
  -4.2066169e+00
  -4.0257363e+00
  -3.7945674e+00
  -3.6391523e+00
  -3.8539334e+00
  -4.3245601e+00
  -4.9360384e+00
  -5.4971283e+00
  -5.7844813e+00
  -5.5656775e+00
  -4.4928054e+00
  -2.3483502e+00
   1.9568819e-01
  -2.7912551e-01
  -5.1966357e-01
  -7.1013716e-01
  -2.3625569e+00
  -3.9819508e+00
  -4.8789843e+00
  -5.5287092e+00
  -5.7041991e+00
  -5.0814031e+00
  -2.8190218e+00
  -1.8550790e-01
  -7.5716582e-01
  -1.2771423e+00
  -2.0190506e+00
  -1.8450329e+00
  -4.4552082e+00
  -5.7057946e+00
  -6.2857511e+00
  -6.5465781e+00
  -6.5488092e+00
  -6.1840970e+00
  -5.1639155e+00
  -3.1187215e+00
  -1.7504930e+00
  -1.0652483e+00
  -8.4418720e-01
  -1.2824636e+00
  -1.9108881e+00
  -3.7200971e+00
  -3.4724936e+00
  -3.3386841e+00
  -3.4260614e+00
  -3.5933585e+00
  -3.6752121e+00
  -3.5940244e+00
  -3.4509993e+00
  -3.3963919e+00
  -3.4653392e+00
  -3.8404810e+00
  -4.5495601e+00
  -5.2709403e+00
  -5.8740039e+00
  -6.2551570e+00
  -6.2878199e+00
  -5.8699894e+00
  -4.8843942e+00
  -3.1465664e+00
   3.7700519e-02
  -9.7747333e-02
  -2.2604229e-01
  -6.5666747e-01
  -2.2701237e+00
  -4.8523827e+00
  -5.5865712e+00
  -5.8335238e+00
  -5.5271277e+00
  -4.3991675e+00
  -2.1451259e+00
  -5.6262285e-02
  -4.4411060e-01
  -1.0571868e+00
  -1.0844107e+00
  -1.5780212e+00
  -4.0975237e+00
  -5.9033794e+00
  -6.4772277e+00
  -6.6543298e+00
  -6.5558105e+00
  -6.0677056e+00
  -4.8988342e+00
  -2.6585441e+00
  -1.7098362e+00
  -1.3563792e+00
  -1.1770184e+00
  -2.0964296e+00
  -3.0466568e+00
  -3.3976178e+00
  -2.8777914e+00
  -2.5462823e+00
  -2.4569759e+00
  -2.4919057e+00
  -2.4792328e+00
  -2.3694005e+00
  -2.2938569e+00
  -2.4573765e+00
  -2.9642005e+00
  -3.9203565e+00
  -5.0562334e+00
  -5.9158807e+00
  -6.4146028e+00
  -6.5643454e+00
  -6.3449492e+00
  -5.7986665e+00
  -5.0235872e+00
  -2.7546227e+00
   2.6398608e-01
  -6.0284428e-02
  -2.1637009e-01
  -7.9646605e-01
  -2.6899676e+00
  -5.2973585e+00
  -5.8143492e+00
  -5.6281757e+00
  -4.8521123e+00
  -3.3324101e+00
  -1.0531155e+00
   2.7577898e-01
  -2.4300079e-01
  -8.7632722e-01
  -9.4619280e-01
  -1.4729582e+00
  -4.0228486e+00
  -5.7959261e+00
  -6.2748685e+00
  -6.3032970e+00
  -6.0293546e+00
  -5.4186711e+00
  -4.2109194e+00
  -1.9132466e+00
  -1.4532208e+00
  -1.9473803e+00
  -2.3742764e+00
  -3.4900033e+00
  -4.3738165e+00
  -2.9965205e+00
  -2.2450423e+00
  -1.7491683e+00
  -1.4587225e+00
  -1.3052648e+00
  -1.1898082e+00
  -1.1011626e+00
  -1.1704633e+00
  -1.5713110e+00
  -2.4246113e+00
  -3.7218449e+00
  -5.0929065e+00
  -6.0403471e+00
  -6.4930377e+00
  -6.5110278e+00
  -6.0843239e+00
  -5.3407807e+00
  -4.2354445e+00
  -8.6326838e-01
   1.8387115e-01
  -3.6929172e-01
  -4.0337995e-01
  -8.7696517e-01
  -2.6713421e+00
  -5.1446877e+00
  -5.5380058e+00
  -4.9697590e+00
  -3.7789786e+00
  -1.9843180e+00
   1.0907676e-01
   6.3601547e-01
  -3.5571519e-02
  -6.4306515e-01
  -1.1528368e+00
  -2.0375714e+00
  -4.3680744e+00
  -5.3615174e+00
  -5.6942573e+00
  -5.5067868e+00
  -4.9892650e+00
  -4.2676678e+00
  -3.1333151e+00
  -9.9326020e-01
  -9.7225988e-01
  -1.9574972e+00
  -3.1210601e+00
  -3.6331727e+00
  -2.0293621e+00
  -2.2413532e+00
  -1.8879567e+00
  -1.3783170e+00
  -9.9314594e-01
  -7.7650182e-01
  -6.5999029e-01
  -6.3467429e-01
  -8.0605834e-01
  -1.2673633e+00
  -2.0931772e+00
  -3.2561130e+00
  -4.5163920e+00
  -5.4287341e+00
  -5.8463367e+00
  -5.8247565e+00
  -5.2698868e+00
  -4.1861494e+00
  -2.4187526e+00
  -2.8748299e-01
  -2.3009334e-01
  -1.1973822e+00
  -8.0994313e-01
  -8.9881998e-01
  -2.2710632e+00
  -4.4246943e+00
  -4.7216967e+00
  -3.8818695e+00
  -2.4064299e+00
  -6.1778412e-01
   1.0018023e+00
   1.1133226e+00
   1.8681176e-01
  -5.1154986e-01
  -1.5143413e+00
  -2.9703698e+00
  -4.3492477e+00
  -4.5995844e+00
  -4.7253492e+00
  -4.2903521e+00
  -3.5441329e+00
  -2.7586216e+00
  -1.8013931e+00
  -5.3909119e-02
  -3.9667287e-01
  -1.5646838e+00
  -2.6197745e+00
  -2.1642784e+00
  -1.2074476e+00
  -2.2018803e+00
  -2.0537926e+00
  -1.7531047e+00
  -1.5883085e+00
  -1.5727560e+00
  -1.5860691e+00
  -1.6270185e+00
  -1.7686909e+00
  -2.0214132e+00
  -2.4382571e+00
  -3.0247337e+00
  -3.7331099e+00
  -4.3169506e+00
  -4.5164860e+00
  -4.2845514e+00
  -3.5673964e+00
  -2.3440136e+00
  -4.3424043e-01
   1.1641703e-02
  -7.3231010e-01
  -2.2301027e+00
  -1.5557340e+00
  -9.3365305e-01
  -1.7317375e+00
  -3.3210659e+00
  -3.3661680e+00
  -2.4054970e+00
  -8.4653675e-01
   7.0290486e-01
   1.8940037e+00
   1.6246918e+00
   3.8076147e-01
  -3.6437087e-01
  -1.9170945e+00
  -2.9870076e+00
  -3.3548247e+00
  -3.4896264e+00
  -3.3787553e+00
  -2.7451708e+00
  -1.8847055e+00
  -1.1267597e+00
  -4.2117109e-01
   7.1216599e-01
   1.4856558e-01
  -1.1513919e+00
  -2.0523084e+00
  -1.9135947e+00
  -2.2806379e+00
  -3.0328617e+00
  -2.9882516e+00
  -3.1177234e+00
  -3.3350355e+00
  -3.5668564e+00
  -3.7290437e+00
  -3.8355863e+00
  -3.9278085e+00
  -3.9960940e+00
  -4.0434964e+00
  -4.0432084e+00
  -4.0228674e+00
  -3.9589181e+00
  -3.6796403e+00
  -3.0311186e+00
  -1.9173577e+00
  -2.5219513e-01
   1.1553255e+00
  -2.1359299e-01
  -6.9776480e-01
  -3.6049843e+00
  -3.3359081e+00
  -1.2106434e+00
  -1.3058921e+00
  -2.0680727e+00
  -1.7387918e+00
  -7.7202235e-01
   6.8728922e-01
   1.9047602e+00
   2.2285754e+00
   1.3826571e+00
   4.4121146e-01
  -1.5850213e-01
  -2.1155359e+00
  -2.5906960e+00
  -2.1923059e+00
  -2.1090652e+00
  -1.8153458e+00
  -1.0640410e+00
  -2.1851784e-01
   3.9919441e-01
   8.2801299e-01
   8.2089937e-01
   5.0375277e-01
  -5.3294355e-01
  -1.9243922e+00
  -3.1869581e+00
  -4.5871830e+00
  -4.2462840e+00
  -4.4136686e+00
  -4.8356056e+00
  -5.1819358e+00
  -5.4383922e+00
  -5.6437025e+00
  -5.8054280e+00
  -5.9642506e+00
  -6.1154900e+00
  -6.2201529e+00
  -6.1763926e+00
  -5.9533129e+00
  -5.5518270e+00
  -4.9113894e+00
  -3.8993542e+00
  -2.3774104e+00
  -5.7360973e-02
   1.5415953e+00
  -4.3396527e-01
  -5.9352338e-01
  -4.7581911e+00
  -6.0127492e+00
  -2.1364284e+00
  -1.6678385e+00
  -1.0849413e+00
  -1.7324536e-01
   7.8638434e-01
   2.0480194e+00
   2.9836876e+00
   2.3818347e+00
   1.1208659e+00
   4.6565551e-01
   3.5426807e-02
  -2.2301099e+00
  -2.2963336e+00
  -1.1135534e+00
  -7.9303426e-01
  -3.3735257e-01
   4.9598387e-01
   1.2734065e+00
   1.6423900e+00
   1.5267495e+00
   1.0709392e+00
   5.6874847e-01
  -6.7564420e-01
  -2.0839941e+00
  -3.7602248e+00
  -4.8250755e+00
  -4.8906077e+00
  -5.2907976e+00
  -5.7026012e+00
  -5.9815929e+00
  -6.1705668e+00
  -6.3426930e+00
  -6.4925310e+00
  -6.6570436e+00
  -6.8337375e+00
  -7.0010220e+00
  -7.0719801e+00
  -7.0339152e+00
  -6.8156263e+00
  -6.3759839e+00
  -5.6565717e+00
  -4.5035724e+00
  -2.2560475e+00
   1.5363834e-01
  -7.4767503e-01
  -9.4010795e-01
  -4.1641207e+00
  -5.7949980e+00
  -3.3012234e+00
  -3.1744028e+00
  -6.5918390e-01
   9.9434459e-01
   2.1095340e+00
   3.2551368e+00
   3.9185922e+00
   2.5344323e+00
   1.0457863e+00
   4.5052785e-01
   1.8211674e-01
  -2.5244643e+00
  -1.4482703e+00
  -2.5168002e-01
   1.1152970e-01
   7.4391988e-01
   1.7099282e+00
   2.3966345e+00
   2.4998705e+00
   2.3931934e+00
   9.2965479e-01
   7.1787396e-01
  -8.2291659e-01
  -2.2376315e+00
  -3.6996584e+00
  -4.5325245e+00
  -4.8691896e+00
  -5.3196262e+00
  -5.7280562e+00
  -5.9938247e+00
  -6.1498196e+00
  -6.2951519e+00
  -6.4470531e+00
  -6.6418959e+00
  -6.8650052e+00
  -7.0767981e+00
  -7.2134214e+00
  -7.2563191e+00
  -7.1684514e+00
  -6.9349948e+00
  -6.5501086e+00
  -5.9530232e+00
  -4.3062300e+00
  -1.0264419e+00
  -1.0158929e+00
  -2.6133696e+00
  -4.0232763e+00
  -4.4102768e+00
  -4.5546946e+00
  -3.4391051e+00
  -3.7805970e-01
   1.7540804e+00
   3.1852532e+00
   4.7975301e+00
   4.8461780e+00
   2.9478849e+00
   1.0145062e+00
   4.8618174e-01
   2.0610379e-01
  -2.3993124e+00
  -4.7412068e-01
   6.3911055e-01
   8.0105939e-01
   1.5255557e+00
   2.6402654e+00
   3.1394785e+00
   2.9266988e+00
   1.8226748e+00
   3.8275883e-01
   8.1425089e-01
  -8.0106509e-01
  -2.2234752e+00
  -3.3747225e+00
  -4.0791111e+00
  -4.5116634e+00
  -4.9616995e+00
  -5.3650723e+00
  -5.6209683e+00
  -5.7391539e+00
  -5.8153858e+00
  -5.8910146e+00
  -6.0442505e+00
  -6.3125367e+00
  -6.6366925e+00
  -6.9498162e+00
  -7.2250333e+00
  -7.3984699e+00
  -7.4272318e+00
  -7.3098326e+00
  -7.1384196e+00
  -6.2418680e+00
  -2.5972767e+00
  -1.3993788e+00
  -5.3032699e+00
  -5.2791286e+00
  -4.5722551e+00
  -4.4912963e+00
  -3.1875844e+00
  -3.2095927e-01
   1.9817827e+00
   3.7826858e+00
   3.4502549e+00
   3.9255958e+00
   2.1593342e+00
   6.9207245e-01
   4.3237835e-01
   3.0760151e-01
  -7.9843545e-01
  -1.1973478e-02
   1.1441278e+00
   1.2209227e+00
   1.9040953e+00
   3.2867279e+00
   3.6499860e+00
   2.8695669e+00
   1.3229805e+00
   5.2522635e-01
   4.5763627e-01
  -1.2316591e+00
  -2.3886418e+00
  -3.2534339e+00
  -3.9042344e+00
  -4.4228616e+00
  -4.8976197e+00
  -5.2549386e+00
  -5.4461365e+00
  -5.5074139e+00
  -5.4943223e+00
  -5.4334812e+00
  -5.3762207e+00
  -5.4012957e+00
  -5.5167108e+00
  -5.7405601e+00
  -6.1197376e+00
  -6.6205873e+00
  -7.0683131e+00
  -7.3258963e+00
  -7.5235796e+00
  -7.6942368e+00
  -4.7444468e+00
  -1.5130637e+00
  -6.3840885e+00
  -6.5782328e+00
  -5.8830214e+00
  -5.0080328e+00
  -3.5791728e+00
  -1.0854766e+00
   1.4261585e+00
   2.7277443e+00
   1.5658131e+00
   1.1790974e+00
   7.6668823e-01
   4.3771657e-01
   3.2601884e-01
   3.7220636e-01
   5.9053198e-02
  -9.5526695e-02
   1.0528430e+00
   1.3292505e+00
   1.8771805e+00
   4.0289726e+00
   4.1974416e+00
   2.8733468e+00
   1.8446575e+00
   7.3439002e-01
   4.9132302e-02
  -1.7885851e+00
  -2.6654034e+00
  -3.3842485e+00
  -4.0393062e+00
  -4.6895618e+00
  -5.2872181e+00
  -5.7031245e+00
  -5.9344430e+00
  -6.0512862e+00
  -6.0769835e+00
  -6.0375171e+00
  -5.9360261e+00
  -5.8031535e+00
  -5.6791787e+00
  -5.6057725e+00
  -5.6448302e+00
  -5.8844538e+00
  -6.2335129e+00
  -6.4790211e+00
  -6.5232940e+00
  -7.7033501e+00
  -6.6668768e+00
  -2.4221070e+00
  -4.3798456e+00
  -5.6570568e+00
  -6.5089746e+00
  -5.8501177e+00
  -4.6382160e+00
  -2.3761647e+00
   4.9463195e-01
   2.3906364e+00
   7.2442210e-01
   4.8159122e-02
   2.3335890e-01
   3.7880829e-01
   3.1310365e-01
   3.2314634e-01
  -4.3014877e-02
  -3.3498549e-01
   5.9743917e-01
   1.5715110e+00
   1.7818393e+00
   3.0115390e+00
   3.3529501e+00
   3.0700369e+00
   1.5783188e+00
   5.1873788e-01
  -4.6781379e-01
  -2.0173801e+00
  -2.9251162e+00
  -3.5651118e+00
  -4.2504399e+00
  -5.0321701e+00
  -5.7752169e+00
  -6.3228601e+00
  -6.6888770e+00
  -6.9166283e+00
  -7.0417413e+00
  -7.0876364e+00
  -7.0537276e+00
  -6.9388804e+00
  -6.7364420e+00
  -6.4664249e+00
  -6.1732963e+00
  -5.9549750e+00
  -5.9406499e+00
  -5.9359564e+00
  -5.2252782e+00
  -5.0946191e+00
  -6.8454398e+00
  -6.0041736e+00
  -5.9667495e+00
  -5.1802572e+00
  -7.1171083e+00
  -6.5145158e+00
  -5.3897150e+00
  -3.4111271e+00
  -6.2764565e-01
   1.7556745e+00
   4.7108683e-01
  -2.4777721e-01
   7.7453536e-02
   2.0244740e-01
   1.2589336e-01
   1.2672921e-01
  -2.9846140e-01
  -6.6912452e-01
  -3.1324606e-01
   1.8979676e+00
   2.2609662e+00
   2.0817152e+00
   1.7484288e+00
   2.6859771e+00
   1.4077758e+00
   4.2398394e-01
  -1.4235380e+00
  -2.4653809e+00
  -3.1208023e+00
  -3.6550484e+00
  -4.3643083e+00
  -5.2494706e+00
  -6.1030338e+00
  -6.7668187e+00
  -7.2554346e+00
  -7.5778761e+00
  -7.7841826e+00
  -7.8832922e+00
  -7.8910484e+00
  -7.7997875e+00
  -7.5733071e+00
  -7.2048846e+00
  -6.7041685e+00
  -6.0692046e+00
  -5.5301803e+00
  -5.1884883e+00
  -5.2320579e+00
  -3.6020236e+00
  -5.2237195e+00
  -9.5656508e+00
  -1.0124588e+01
  -7.4427329e+00
  -7.4528051e+00
  -6.9913913e+00
  -6.0985482e+00
  -4.4900169e+00
  -1.9788339e+00
   9.4375396e-01
   3.7749307e-01
  -4.3106527e-01
  -9.7724806e-02
  -9.9983189e-02
  -1.8059679e-01
  -2.8526303e-01
  -1.7496232e-01
   8.5821842e-02
   3.5344406e-01
   2.4695248e+00
   2.7722453e+00
   2.1113379e+00
   1.3760560e+00
   2.4926135e+00
   1.2621804e+00
   3.3998147e-01
  -2.8401282e+00
  -3.2637749e+00
  -3.3694553e+00
  -3.6979852e+00
  -4.3572149e+00
  -5.2528033e+00
  -6.1708813e+00
  -6.9051008e+00
  -7.4526706e+00
  -7.8285828e+00
  -8.0806274e+00
  -8.2190237e+00
  -8.2399940e+00
  -8.1512604e+00
  -7.9361429e+00
  -7.5184569e+00
  -6.8319979e+00
  -5.7730079e+00
  -4.4185543e+00
  -3.2407234e+00
  -2.7517786e+00
  -3.7780652e+00
  -4.5659585e+00
  -9.4516258e+00
  -9.1366072e+00
  -7.7489915e+00
  -7.5348768e+00
  -7.3069167e+00
  -6.7282987e+00
  -5.5316696e+00
  -3.2229536e+00
   7.7270180e-02
  -1.3679507e-01
  -7.9641950e-01
  -3.5346949e-01
  -6.1709422e-01
  -6.9857097e-01
  -8.1822050e-01
   6.7963350e-01
   9.1288066e-01
   7.5611687e-01
   3.3057346e+00
   3.6750355e+00
   2.3598814e+00
   1.5104215e+00
   2.2825358e+00
   9.7274947e-01
   1.4002174e-02
  -3.3535814e+00
  -4.3089199e+00
  -3.7711442e+00
  -3.8210180e+00
  -4.3148546e+00
  -5.0587811e+00
  -5.9511199e+00
  -6.7198043e+00
  -7.2798662e+00
  -7.6571469e+00
  -7.9235563e+00
  -8.0834646e+00
  -8.1049557e+00
  -8.0158072e+00
  -7.8054276e+00
  -7.3593197e+00
  -6.5062437e+00
  -5.0011692e+00
  -2.7881904e+00
  -7.5509191e-01
  -1.5200871e+00
  -4.1824064e+00
  -6.0765429e+00
  -7.8898249e+00
  -7.7792749e+00
  -7.2548742e+00
  -7.2093649e+00
  -7.1874576e+00
  -6.9666767e+00
  -6.2151732e+00
  -4.4411993e+00
  -1.7039676e+00
  -1.3113258e+00
  -1.3182238e+00
  -5.8833742e-01
  -6.8663782e-01
  -1.1466951e+00
  -1.3983667e+00
   4.3779629e-01
  -6.9493860e-02
   4.2195600e-01
   3.8554449e+00
   4.1417308e+00
   1.9691110e+00
   1.2293506e+00
   1.0018256e+00
   8.8022870e-01
  -3.2885181e-01
  -2.7074076e+00
  -5.0654162e+00
  -4.3230548e+00
  -4.0906591e+00
  -4.3103871e+00
  -4.7446584e+00
  -5.4560159e+00
  -6.1745279e+00
  -6.7250845e+00
  -7.0986739e+00
  -7.3567177e+00
  -7.5025120e+00
  -7.5181828e+00
  -7.4183284e+00
  -7.1862279e+00
  -6.7160637e+00
  -5.7718809e+00
  -3.9324355e+00
  -9.5037461e-01
   2.9011055e-01
  -1.1448369e+00
  -5.2545937e+00
  -5.9627144e+00
  -6.4218947e+00
  -6.5237781e+00
  -6.3244264e+00
  -6.4067614e+00
  -6.5975882e+00
  -6.6840650e+00
  -6.3524706e+00
  -5.0750664e+00
  -2.7400133e+00
  -1.9401332e+00
  -1.7585907e+00
  -8.2289865e-01
  -1.1014731e+00
  -1.6964941e+00
  -1.6692908e+00
   4.2153485e-01
  -5.1287198e-01
   4.0595959e-01
   3.5004330e+00
   4.1434827e+00
   1.6897555e+00
   1.2586611e+00
  -9.1888581e-02
   9.5886386e-01
  -3.9722964e-01
  -1.5149087e+00
  -3.6251888e+00
  -4.6858077e+00
  -4.2796993e+00
  -4.1892047e+00
  -4.2788162e+00
  -4.6909242e+00
  -5.2428737e+00
  -5.7618146e+00
  -6.1412139e+00
  -6.3972154e+00
  -6.5148249e+00
  -6.5386281e+00
  -6.4546118e+00
  -6.2364850e+00
  -5.7611017e+00
  -4.7410803e+00
  -2.7486007e+00
   6.6581023e-01
   5.4044724e-01
  -1.8097144e+00
  -4.7142582e+00
  -4.7774978e+00
  -5.0561824e+00
  -5.2723546e+00
  -5.1846018e+00
  -5.3389721e+00
  -5.6852937e+00
  -6.0218983e+00
  -6.0568957e+00
  -5.2442980e+00
  -3.1028194e+00
  -1.7856033e+00
  -1.9978061e+00
  -8.3152211e-01
  -1.7281514e+00
  -1.9849492e+00
  -1.0905727e+00
   1.2759452e+00
   1.1266826e-01
   1.8532045e+00
   2.8266704e+00
   4.2875090e+00
   2.4197409e+00
   1.3522065e+00
  -9.7302020e-01
   1.0975583e+00
  -7.1331638e-01
  -9.0999329e-01
  -1.7241713e+00
  -4.1663547e+00
  -4.1242442e+00
  -3.7574053e+00
  -3.5445540e+00
  -3.6372895e+00
  -3.9680765e+00
  -4.3774261e+00
  -4.7416568e+00
  -5.0026336e+00
  -5.1281052e+00
  -5.1822467e+00
  -5.1566458e+00
  -4.9937859e+00
  -4.5525479e+00
  -3.4257715e+00
  -1.3600485e+00
   1.3433874e+00
   3.7180763e-01
  -2.3721380e+00
  -3.6690559e+00
  -3.2772112e+00
  -3.4827681e+00
  -3.7906163e+00
  -3.8645437e+00
  -4.0674896e+00
  -4.4514117e+00
  -4.9241381e+00
  -5.2747493e+00
  -4.9844656e+00
  -3.0234213e+00
  -1.1160359e+00
  -2.1174746e+00
  -1.3510778e+00
  -1.6771703e+00
  -1.6324385e+00
  -3.7898535e-01
   7.4957079e-01
   8.6310995e-01
   2.6081519e+00
   1.7248201e+00
   3.1453609e+00
   2.7862778e+00
   8.0123079e-01
   3.1209102e-01
   2.0668995e+00
  -1.8019637e+00
  -9.0800852e-01
  -9.1889751e-01
  -3.6456695e+00
  -3.6340737e+00
  -2.9286091e+00
  -2.4627228e+00
  -2.3228214e+00
  -2.4677398e+00
  -2.7230594e+00
  -3.0112307e+00
  -3.2556632e+00
  -3.4108510e+00
  -3.4989114e+00
  -3.5469553e+00
  -3.4664536e+00
  -3.0726745e+00
  -1.8400571e+00
   4.2697895e-01
   1.7343577e+00
   1.7126374e-01
  -1.8229218e+00
  -1.3104395e+00
  -1.0640380e+00
  -1.3126192e+00
  -1.7997880e+00
  -2.1208127e+00
  -2.4127002e+00
  -2.7989461e+00
  -3.3210907e+00
  -3.8535421e+00
  -4.0474615e+00
  -2.8017764e+00
  -6.4812160e-01
  -1.7433039e+00
  -2.3064990e+00
  -1.6900600e+00
  -5.8548123e-01
   4.3739641e-01
   1.3244629e+00
   2.2556927e+00
   2.7218077e+00
   2.4964173e+00
   6.7842674e-01
   7.1117824e-01
   2.1283796e+00
   2.6803062e+00
   2.1672745e+00
  -1.9052126e+00
  -9.0100873e-01
  -7.2513020e-01
  -1.8506655e+00
  -2.6089332e+00
  -1.5788798e+00
  -9.2085320e-01
  -6.5555507e-01
  -6.6556913e-01
  -8.0258286e-01
  -9.8226392e-01
  -1.1691014e+00
  -1.3238190e+00
  -1.4380778e+00
  -1.5440480e+00
  -1.5818444e+00
  -1.3172369e+00
  -7.8880206e-02
   2.2082081e+00
   1.9888191e+00
   4.9942321e-01
  -9.4728458e-01
  -2.7680671e-01
   3.1727186e-01
   1.0300184e+00
   6.8299603e-01
   2.0105502e-01
  -1.5598948e-01
  -5.2989346e-01
  -1.0303555e+00
  -1.6812658e+00
  -2.2073708e+00
  -1.8701341e+00
  -4.0184197e-01
  -5.2721739e-01
  -1.9128685e+00
  -7.1710932e-01
   1.8493365e+00
   2.2148638e+00
   2.6226900e+00
   2.1475356e+00
   2.2908289e+00
   1.6237303e+00
  -2.2565114e-01
   4.3891367e-01
   2.7974946e+00
   2.5960619e+00
   8.4652346e-01
  -8.6638599e-01
  -7.0497678e-01
  -5.3391054e-01
  -2.1288617e-01
  -2.1637119e-01
   2.1080163e-01
   8.1417446e-01
   9.8784006e-01
   9.5675283e-01
   8.5333829e-01
   7.1711080e-01
   6.2178329e-01
   5.4678133e-01
   4.4840783e-01
   3.0912070e-01
   1.4893433e-01
   2.2204277e-01
   1.2474405e+00
   2.5644285e+00
   9.1942495e-01
   6.0122857e-01
  -3.8244482e-01
   1.1381110e-01
   5.3052142e-01
   1.5858713e+00
   2.5010485e+00
   2.2688936e+00
   1.9762250e+00
   1.5559731e+00
   1.0912253e+00
   4.7865334e-01
  -2.2531026e-01
  -4.1635331e-01
   6.7732219e-01
   5.4887572e-01
   3.6157729e-02
   9.4671428e-01
   2.8177916e+00
   2.7972144e+00
   3.2697053e+00
   1.1959739e+00
   9.2757862e-01
   2.8097888e-01
   7.6962356e-02
   4.4288322e-01
   1.4313707e+00
   1.7717465e+00
   1.2764581e+00
  -1.3428687e-01
  -6.4297587e-01
  -1.1148384e-02
   4.2906806e-01
   8.5344762e-01
   1.7448275e+00
   2.4659541e+00
   2.2924874e+00
   2.1767132e+00
   2.1114988e+00
   2.0369604e+00
   2.0599723e+00
   2.1092045e+00
   2.1049330e+00
   1.9660739e+00
   1.7027656e+00
   1.5663599e+00
   2.0655012e+00
   1.6767185e+00
   4.6060678e-01
   8.6496788e-01
   1.1702462e-01
   4.5698255e-01
   9.1342801e-01
   1.6190156e+00
   3.2434337e+00
   3.6608036e+00
   3.6091056e+00
   3.1797280e+00
   2.7695594e+00
   2.3443124e+00
   1.7216187e+00
   1.1679721e+00
   8.2165408e-01
   9.0407151e-01
   2.3752131e+00
   2.8381677e+00
   1.2039101e+00
   1.3050973e-01
   2.9882160e-01
  -1.2904291e-01
  -6.0900986e-01
  -4.6060890e-01
  -2.5558406e-01
   3.0109087e-01
  -1.3463618e-01
   8.0787212e-01
   1.7461481e+00
   4.0610242e-01
  -2.9914826e-03
   5.4470426e-01
   8.9559639e-01
   1.4585176e+00
   2.9332654e+00
   3.2766902e+00
   2.7595313e+00
   2.7648005e+00
   2.8778534e+00
   2.9786599e+00
   3.1354437e+00
   3.2859778e+00
   3.3785853e+00
   3.2695715e+00
   2.9637344e+00
   2.6279020e+00
   2.2340546e+00
   7.6080024e-01
   5.8787501e-01
   1.2087598e+00
   9.1375187e-02
   5.0911343e-01
   1.0662862e+00
   1.3787626e+00
   2.4892850e+00
   4.1427560e+00
   4.4570146e+00
   3.9878867e+00
   3.8413508e+00
   3.6773195e+00
   3.2738042e+00
   2.2106965e+00
   7.0565790e-01
   7.6852602e-01
   2.5782664e+00
   2.1634862e+00
   3.7627733e-01
  -1.2682047e-01
   1.8356463e-01
  -5.8568007e-01
  -2.1386232e+00
  -1.4724462e+00
  -2.0193364e-01
  -8.4073693e-02
  -4.1879377e-01
   7.0553035e-01
   1.8639565e+00
   1.2629685e+00
   7.2726500e-01
   1.0241158e+00
   1.0317305e+00
   1.2987425e+00
   2.9340713e+00
   3.1451240e+00
   2.7118568e+00
   2.8707783e+00
   3.2382674e+00
   3.5633595e+00
   3.8471513e+00
   4.0826740e+00
   4.1973119e+00
   4.0712590e+00
   3.7632902e+00
   3.3432987e+00
   2.1220071e+00
   5.1385075e-01
   5.7770824e-01
   1.3279802e+00
  -2.0159736e-01
   1.7601807e-01
   8.9131290e-01
   1.2417400e+00
   1.4431682e+00
   2.5154665e+00
   3.9564948e+00
   4.0308857e+00
   4.5758886e+00
   4.6977515e+00
   4.5183392e+00
   3.3123794e+00
   1.4818106e+00
   1.1629533e+00
   1.0477271e+00
   2.2762451e-01
  -1.6017441e-01
   5.8455324e-01
   1.9664165e-01
  -4.8339203e-01
  -2.1865516e+00
  -1.6713674e+00
   1.4360371e-01
   9.4670707e-01
   1.0330335e+00
   1.0731734e+00
   1.9218520e+00
   9.7284525e-01
   8.4940765e-01
   9.1907310e-01
   8.5655395e-01
   1.4178135e+00
   2.0874164e+00
   2.4566281e+00
   2.0850234e+00
   2.3722742e+00
   3.0656585e+00
   3.5582787e+00
   3.9039237e+00
   4.1657205e+00
   4.2899514e+00
   4.1685462e+00
   3.8151436e+00
   3.3321211e+00
   2.1744828e+00
   5.6554408e-01
   1.0106412e+00
   9.3687194e-01
  -1.8482151e-01
   6.9991522e-02
   5.8421655e-01
   9.9007910e-01
   1.2890934e+00
   1.1919619e+00
   1.3965450e+00
   3.4480507e+00
   4.8142386e+00
   5.1695086e+00
   5.2422673e+00
   4.4067073e+00
   3.4674792e+00
   1.4101263e+00
   4.0910720e-01
  -2.0306381e-01
   7.2082282e-02
  -6.0928131e-01
  -1.2963015e+00
  -1.4184274e+00
  -1.1103383e+00
  -6.2038578e-01
  -3.5608743e-01
   4.0551235e-01
   9.3293022e-01
   1.3114889e+00
   1.6556261e+00
   9.5043820e-01
   6.2714487e-01
   8.1965119e-01
   6.4577568e-01
   1.0855336e+00
   1.6349794e+00
   1.4240385e+00
   5.6663483e-01
   1.1806479e+00
   1.9430696e+00
   2.4851034e+00
   2.8865786e+00
   3.2621076e+00
   3.5009525e+00
   3.4103289e+00
   3.0678861e+00
   2.4465523e+00
   4.5225814e-01
   1.7551455e-01
   1.3254113e+00
   5.3798574e-01
  -1.2656493e-01
   1.3141091e-01
   4.6197292e-01
   7.6846999e-01
   1.0026821e+00
   9.4369155e-01
   1.3760089e+00
   2.9661725e+00
   4.2555847e+00
   4.7193413e+00
   4.8651891e+00
   4.1288576e+00
   2.0377445e+00
   5.6276596e-01
   2.7707073e-01
   5.2627718e-01
   1.7520545e-01
  -5.1290452e-01
  -1.1788498e+00
  -9.7481298e-01
  -5.1574808e-01
   7.2157852e-02
   1.5815938e-01
   8.9725971e-01
   6.9207191e-01
   1.4429466e+00
   1.4872949e+00
   4.3553609e-01
   4.4521067e-01
   5.4082042e-01
   2.2533396e-01
   1.1866710e+00
   1.0567888e+00
  -5.5909205e-02
  -6.7784494e-01
  -4.4919354e-01
  -6.7710191e-01
  -4.2482764e-03
   7.2142321e-01
   1.0009604e+00
   1.2387457e+00
   1.3586694e+00
   1.1250854e+00
   3.6016083e-03
  -8.5710281e-01
   1.1566317e+00
   3.4150732e-01
  -3.0952600e-01
  -1.2386340e-01
   1.7403059e-01
   4.8380762e-01
   6.3322312e-01
   5.9943360e-01
   8.9500296e-01
   1.6327945e+00
   2.3181360e+00
   2.6225803e+00
   2.8931978e+00
   2.8111007e+00
   2.3382084e+00
   4.2122257e-01
   5.0793755e-01
   4.1390300e-01
   1.0063078e-01
  -1.2213850e-01
  -2.5077876e-01
  -9.0423211e-02
   1.0100913e-01
   3.2496977e-01
   6.5281826e-01
   4.8966002e-01
   7.7138650e-01
   7.0344132e-01
   1.0444072e+00
   1.2365909e+00
   1.1618282e-01
   4.1793850e-01
   6.6927600e-01
   8.6364210e-01
   7.8723681e-01
  -4.7770193e-01
  -1.3026451e+00
  -1.0250496e+00
  -1.0398978e+00
  -2.3351157e+00
  -1.9854485e+00
  -8.8036752e-01
  -1.1530826e+00
  -1.2381444e+00
  -1.1744176e+00
  -1.8158784e+00
  -1.5531346e+00
   4.5441613e-01
   7.6153421e-01
  -6.1183369e-01
  -5.3987294e-01
  -1.2175016e-01
   2.6173535e-01
   4.7741610e-01
   4.8026749e-01
   4.4286942e-01
   7.2565728e-01
   1.0390164e+00
   5.2010137e-01
   9.6201174e-02
   1.3412634e-01
  -3.7357718e-01
  -7.9239106e-01
  -8.8530958e-01
  -3.4717035e-01
  -8.8092822e-01
  -1.1563478e-01
   1.7658475e-01
   9.9898629e-02
   1.6389029e-01
   3.1786174e-01
   2.8140256e-01
   5.7138813e-01
   3.4254539e-01
   1.7089595e-01
   2.4382545e-01
   3.9171213e-01
   3.9406317e-01
  -7.9005206e-01
  -4.5473062e-02
   1.9567752e-01
  -1.7078424e-01
  -4.0494099e-01
  -1.7884061e-01
  -5.7858616e-01
  -5.8619308e-01
  -6.1486912e-01
  -7.7450436e-01
  -2.0663486e+00
  -2.1143494e+00
  -1.6240029e+00
  -1.2272149e+00
  -9.2087829e-01
  -1.0079985e+00
   1.6012704e-01
   1.2912322e+00
  -1.4501883e-01
  -8.6257505e-01
  -4.7908777e-01
   3.0388389e-02
   2.4938026e-01
   4.2222703e-01
   1.7237598e-01
  -1.9463936e-02
   3.8971114e-01
   1.7119244e-01
  -1.0494397e+00
  -8.3604103e-01
  -2.0447109e+00
  -2.3778112e+00
  -1.8371168e+00
  -1.9583769e+00
  -1.4514283e+00
  -7.8454620e-01
   1.0376711e-01
   2.3583876e-01
   2.1526588e-02
   5.3145297e-02
   1.7092013e-01
   1.1184482e-02
   1.1203076e-01
  -2.3281936e-02
  -8.5202076e-02
  -1.1954642e-01
  -5.5127114e-01
  -5.6581271e-01
  -1.1643343e-01
   2.6878133e-01
   3.1420789e-03
  -1.7370786e-01
  -1.1575795e-01
  -3.1479943e-01
  -1.4339697e-01
   3.0479798e-02
  -5.2133344e-02
  -2.5626600e-02
   2.3710625e-01
   1.9710317e-02
  -7.8259611e-01
  -1.1046635e+00
  -7.1401334e-01
  -3.5668892e-01
  -2.1090594e-01
  -7.2157454e-01
  -1.0033230e+00
  -5.7885170e-01
  -6.5507799e-02
   2.7408245e-01
   6.5279788e-01
   4.4705924e-01
   2.4345432e-01
   8.5901934e-01
   6.8639112e-01
  -3.8765797e-01
  -9.2742962e-01
  -9.5874310e-01
  -4.7652239e-01
   7.9806429e-01
  -5.0406593e-01
  -1.4346390e+00
  -1.3039490e+00
  -8.8922995e-01
  -5.0493407e-01
   1.3584253e-01
   5.1613522e-01
   3.6862856e-01
  -7.1051583e-02
  -4.1793379e-01
  -2.4903248e-01
   4.4658355e-02
  -2.0314234e-01
  -6.5945661e-01
  -6.0882533e-01
  -3.9358857e-01
  -6.0083663e-01
  -6.3667858e-01
  -8.8817871e-01
  -1.0027108e+00
  -9.2139065e-01
  -8.1934929e-01
  -7.6025420e-01
  -7.1816605e-01
  -7.1229047e-01
  -7.4587184e-01
  -8.8843417e-01
  -9.4603634e-01
  -9.9939185e-01
  -1.1205158e+00
  -1.1409328e+00
  -9.7911036e-01
  -6.9745451e-01
  -3.4412891e-01
   4.0748812e-02
   2.6158568e-01
   3.1946829e-01
   2.0409326e-01
  -1.2100907e-02
  -4.2162430e-02
   7.6324478e-02
  -9.9810213e-04
  -3.7520894e-01
  -5.5174118e-01
  -6.1024892e-01
  -6.9365537e-01
  -2.4989043e-01
   1.3732061e+00
   7.5037044e-01
   2.2366220e-02
  -5.3592354e-01
  -8.6174023e-01
  -9.5344853e-01
  -6.5190649e-01
  -2.3378214e-01
  -1.9782062e-01
  -4.2277816e-01
  -5.1307774e-01
  -4.1014999e-01
  -3.5787335e-01
  -4.5728093e-01
  -6.3360363e-01
  -7.5254750e-01
  -6.9162709e-01
