   0.0000000e+00
   0.0000000e+00
   0.0000000e+00
   0.0000000e+00
   0.0000000e+00
   0.0000000e+00
   0.0000000e+00
   0.0000000e+00
   0.0000000e+00
   1.0318388e-01
   8.6928013e-02
   7.1397417e-02
   5.7759751e-02
   5.6042401e-02
   4.1048919e-02
   2.8017361e-02
  -0.0000000e+00
  -0.0000000e+00
  -0.0000000e+00
   0.0000000e+00
   0.0000000e+00
   0.0000000e+00
   0.0000000e+00
   0.0000000e+00
   0.0000000e+00
   0.0000000e+00
   0.0000000e+00
   1.7947932e-02
   3.9782185e-03
  -1.3006452e-02
   0.0000000e+00
   0.0000000e+00
   0.0000000e+00
   0.0000000e+00
   0.0000000e+00
   0.0000000e+00
   0.0000000e+00
   0.0000000e+00
   0.0000000e+00
   0.0000000e+00
   0.0000000e+00
   0.0000000e+00
   0.0000000e+00
   0.0000000e+00
   0.0000000e+00
   0.0000000e+00
   0.0000000e+00
   0.0000000e+00
   0.0000000e+00
   0.0000000e+00
   0.0000000e+00
   0.0000000e+00
   0.0000000e+00
   0.0000000e+00
   0.0000000e+00
   0.0000000e+00
   8.3642943e-02
   1.0630202e-01
   1.0381954e-01
   7.5652151e-02
   5.3424944e-02
   4.0463733e-02
   2.2539444e-02
   9.5015966e-03
  -1.6473858e-03
  -7.2947080e-03
  -6.9818365e-03
  -8.4023505e-03
  -7.1929045e-03
  -1.7549974e-02
   8.2993251e-04
  -8.9157514e-03
   2.1843823e-02
   0.0000000e+00
   3.6775874e-02
   3.6579158e-02
   2.3731743e-02
   1.9010436e-02
   1.6901989e-02
   5.5507041e-03
   4.2453530e-03
   5.9839005e-03
   1.4548466e-03
   6.5219631e-03
   1.0067849e-02
   8.1017583e-03
   0.0000000e+00
   0.0000000e+00
   0.0000000e+00
   0.0000000e+00
   0.0000000e+00
   0.0000000e+00
   0.0000000e+00
   0.0000000e+00
   0.0000000e+00
   0.0000000e+00
   2.5124385e-02
   1.9350922e-02
   5.0959969e-03
  -6.2746666e-03
  -7.4180813e-03
  -3.6073591e-03
   1.4483778e-02
   2.4729248e-03
   1.3439074e-02
   1.9936275e-02
   3.0655490e-02
   3.2154411e-02
   3.0458372e-02
   2.8062640e-02
   2.0902772e-02
   1.6652767e-02
   7.6394705e-03
  -6.0896128e-03
  -1.4609206e-02
  -2.1209948e-02
  -2.0292295e-02
  -2.3008384e-02
  -2.6490381e-02
  -2.4332944e-02
  -3.2600449e-02
  -2.9226880e-02
   2.2849940e-02
   1.4129812e-02
   1.0259752e-02
   1.7410101e-02
   2.2733696e-02
   2.4537493e-02
   1.9859394e-02
   1.2175075e-02
   6.0870242e-03
   3.2669664e-03
   2.9613206e-03
  -2.3399175e-03
  -5.3984857e-03
  -9.8852100e-03
  -1.5808160e-02
  -9.3846234e-03
   1.4922571e-02
   5.5356151e-02
   3.7129066e-02
   2.2124795e-02
   1.7713527e-02
   1.8391459e-02
   1.0576465e-02
  -4.0523880e-04
  -1.3187849e-02
  -2.5655551e-02
  -3.2358557e-02
  -3.4102414e-02
  -3.3578351e-02
  -3.0762834e-02
  -2.4193378e-02
  -1.6127920e-02
  -5.1993788e-03
   6.2369267e-03
   1.4114237e-02
   1.4893599e-02
   1.2388200e-02
   8.1834113e-03
   4.6450965e-04
  -1.0529646e-02
  -2.1464562e-02
  -2.9866278e-02
  -3.5235457e-02
  -3.7964564e-02
  -3.9857645e-02
  -4.2080969e-02
  -4.0529076e-02
  -2.6775679e-02
  -2.8760186e-03
   3.3802581e-03
   9.3476130e-03
   1.6265661e-02
   2.2731198e-02
   2.4414765e-02
   2.2338167e-02
   1.3298162e-02
   2.3601956e-03
  -8.2307253e-03
  -1.6790686e-02
  -2.4295330e-02
  -2.7042562e-02
  -2.6780365e-02
  -2.2698982e-02
  -1.5260821e-02
   1.2095913e-04
   1.4119203e-02
   1.9457607e-02
   2.1680033e-02
   2.1881029e-02
   1.6363902e-02
  -5.6383065e-03
  -2.2850202e-02
  -3.7118193e-02
  -5.0246321e-02
  -5.9397049e-02
  -6.0860954e-02
  -5.5370852e-02
  -4.6254713e-02
  -3.7075397e-02
  -2.8774284e-02
  -1.7080486e-02
  -3.3325655e-03
   6.5627201e-03
   9.2811109e-03
   7.6235146e-03
   2.8034849e-03
  -6.6230483e-03
  -1.7318202e-02
  -2.7584152e-02
  -3.7080355e-02
  -4.2715158e-02
  -4.6327394e-02
  -4.7966693e-02
  -5.3254768e-02
  -7.0744283e-02
  -0.0000000e+00
   5.4559153e-03
   9.1641536e-03
   1.1310549e-02
   1.6178872e-02
   1.9852819e-02
   1.8719383e-02
   1.2843466e-02
   2.1253417e-03
  -1.1834320e-02
  -2.4542518e-02
  -3.5741463e-02
  -4.4002745e-02
  -4.6204120e-02
  -4.2628512e-02
  -3.6123049e-02
  -2.7023181e-02
  -1.4923818e-02
  -4.3665571e-03
   2.1877280e-03
   1.2984946e-02
   2.0855973e-02
   1.0499374e-02
  -1.6084528e-02
  -3.4851864e-02
  -4.7926307e-02
  -5.9232615e-02
  -6.5529883e-02
  -6.1153073e-02
  -5.0850753e-02
  -4.2116031e-02
  -3.6112148e-02
  -2.8324952e-02
  -1.5523024e-02
  -2.1489016e-03
   5.6723440e-03
   7.3711975e-03
   4.4846716e-03
  -2.3022601e-03
  -1.0910983e-02
  -2.1012919e-02
  -3.2037254e-02
  -3.9630983e-02
  -4.3854155e-02
  -4.7945719e-02
  -4.6524756e-02
  -4.6171512e-02
  -8.7559504e-02
   0.0000000e+00
  -4.5097068e-04
   1.0017343e-03
   4.3614972e-03
   8.9213243e-03
   1.0698672e-02
   7.6454822e-03
  -6.0494131e-05
  -1.1610263e-02
  -2.4855183e-02
  -3.7786171e-02
  -4.8305195e-02
  -5.3792089e-02
  -5.2063901e-02
  -4.6940781e-02
  -4.1217465e-02
  -3.2501236e-02
  -2.1492027e-02
  -1.3649064e-02
  -5.5672135e-03
   1.3806308e-02
   2.2080166e-02
   5.6799906e-03
  -2.2077614e-02
  -3.6595259e-02
  -4.4632196e-02
  -5.2975848e-02
  -5.5031329e-02
  -4.8742537e-02
  -3.6959510e-02
  -2.8389413e-02
  -2.6156450e-02
  -2.1427700e-02
  -4.5861654e-03
   2.5342051e-03
   4.0854840e-03
   3.9060775e-03
   3.9190487e-05
  -5.2830023e-03
  -1.2585933e-02
  -2.2795182e-02
  -3.1655289e-02
  -3.6902625e-02
  -4.0731978e-02
  -4.1033402e-02
  -3.5614163e-02
  -2.9942583e-02
  -5.7216344e-02
   0.0000000e+00
  -1.8726597e-02
  -1.0619626e-02
  -5.1085826e-04
   3.8983526e-03
   2.5125283e-03
  -1.8524680e-03
  -9.6700583e-03
  -2.0357834e-02
  -3.1623676e-02
  -4.2315975e-02
  -4.8450932e-02
  -4.8136558e-02
  -4.3336183e-02
  -3.8889755e-02
  -3.4638975e-02
  -2.8084503e-02
  -1.9809706e-02
  -1.2337063e-02
   1.4897631e-04
   2.2945160e-02
   2.2497911e-02
  -2.8620125e-05
  -2.0563504e-02
  -2.6020378e-02
  -3.2752458e-02
  -4.0868647e-02
  -3.9442670e-02
  -3.4626585e-02
  -1.5163101e-02
  -1.3334795e-02
  -1.4070183e-02
  -1.8855068e-02
  -2.7260426e-03
  -3.2748394e-03
  -3.5608464e-03
  -1.7986703e-03
  -3.5181788e-03
  -6.8042246e-03
  -1.2813500e-02
  -2.0689273e-02
  -2.7510608e-02
  -3.1364262e-02
  -3.3077687e-02
  -3.1096846e-02
  -2.4037784e-02
  -1.1399425e-02
  -2.0282223e-02
   0.0000000e+00
  -2.4085152e-02
  -1.6332431e-02
  -2.6796483e-03
   4.1790283e-04
  -3.4767031e-03
  -8.9242198e-03
  -1.6520862e-02
  -2.4551969e-02
  -3.2028705e-02
  -3.7189484e-02
  -3.6832884e-02
  -3.1472418e-02
  -2.5602046e-02
  -2.3060368e-02
  -2.1113249e-02
  -1.7146956e-02
  -1.2028061e-02
  -5.3073871e-03
   8.9595346e-03
   2.5043076e-02
   1.5750801e-02
  -4.9758377e-03
  -9.5008416e-03
  -8.3305202e-03
  -2.1514153e-02
  -2.8393243e-02
  -2.4509646e-02
  -2.4587996e-02
   4.2145972e-04
   4.2486441e-05
  -5.2545620e-03
  -7.9106228e-03
  -7.2195186e-03
  -9.9878618e-03
  -7.8845872e-03
  -4.1942564e-03
  -3.9322078e-03
  -5.8141584e-03
  -1.0122465e-02
  -1.5862789e-02
  -2.0945251e-02
  -2.3643617e-02
  -2.4924943e-02
  -2.2461310e-02
  -1.3836954e-02
   4.9844030e-03
   9.6703537e-03
   0.0000000e+00
  -2.3637874e-02
  -1.6685879e-02
  -2.9760078e-03
  -3.5835367e-03
  -8.8508409e-03
  -1.3505676e-02
  -1.9425716e-02
  -2.3897782e-02
  -2.5894817e-02
  -2.3905836e-02
  -1.8046673e-02
  -1.1144917e-02
  -8.1033781e-03
  -7.7269189e-03
  -8.2451431e-03
  -7.4543026e-03
  -5.7868194e-03
  -2.4125175e-04
   1.0593690e-02
   1.6242513e-02
   7.2201551e-03
  -3.8466160e-03
   1.1360229e-02
   1.5129145e-02
  -1.7080489e-02
  -1.4872183e-02
  -9.9957967e-03
  -0.0000000e+00
   0.0000000e+00
   8.6596462e-03
  -1.0658671e-03
  -6.3316743e-03
  -9.4788047e-03
  -1.1054489e-02
  -6.8733986e-03
  -2.5245794e-03
  -1.0402449e-03
  -1.7118740e-03
  -4.1810246e-03
  -8.7177800e-03
  -1.2766924e-02
  -1.6287049e-02
  -1.8146450e-02
  -1.4878701e-02
  -4.2066746e-03
   1.9816300e-02
   3.5920416e-02
   0.0000000e+00
  -0.0000000e+00
  -1.3923079e-02
  -9.8173525e-03
  -1.4179755e-02
  -1.6915966e-02
  -1.8048160e-02
  -1.8548319e-02
  -1.7080711e-02
  -1.2512824e-02
  -3.9364486e-03
   6.9121090e-03
   9.2737181e-03
   2.2615290e-04
  -1.8840053e-03
  -4.2781294e-03
  -6.2004570e-03
  -7.7062468e-03
  -3.5634544e-03
   2.3737536e-03
   5.4115043e-03
   5.3099436e-03
   5.6517804e-03
   3.4067478e-02
   3.4592689e-02
   0.0000000e+00
   0.0000000e+00
   0.0000000e+00
   0.0000000e+00
   0.0000000e+00
   9.9078188e-03
  -4.5905172e-04
  -5.5000377e-03
  -8.2164295e-03
  -7.3739220e-03
  -2.1045797e-03
   2.2369334e-03
   3.7497689e-03
   3.9460869e-03
   2.3767883e-03
  -2.5744045e-03
  -7.3987297e-03
  -1.2379028e-02
  -1.4038803e-02
  -9.3732011e-03
   3.2643967e-03
   3.0648433e-02
   5.3249900e-02
   0.0000000e+00
   0.0000000e+00
  -0.0000000e+00
  -1.4987243e-02
  -2.0240817e-02
  -2.0522896e-02
  -1.7349247e-02
  -1.2847213e-02
  -7.2593722e-03
   1.3612845e-03
   1.7919704e-02
   3.1237654e-02
   1.2321383e-02
  -7.3478520e-04
  -1.7613979e-03
  -3.8623929e-03
  -8.5404105e-03
  -1.1649812e-02
  -7.1096811e-03
  -4.4898607e-04
   6.3733878e-03
   1.2894919e-02
   2.1137452e-02
   5.2822877e-02
   4.5965961e-02
   0.0000000e+00
   0.0000000e+00
   0.0000000e+00
   0.0000000e+00
   0.0000000e+00
   1.0943089e-02
   2.1808748e-03
  -1.6828843e-03
  -3.6410280e-03
  -1.6077225e-03
   3.8470589e-03
   7.7503175e-03
   8.7081287e-03
   9.3004983e-03
   6.8362420e-03
   8.3262776e-04
  -5.3646206e-03
  -1.0752521e-02
  -1.1347377e-02
  -5.0295154e-03
   9.2636766e-03
   3.7441943e-02
   5.9873564e-02
   0.0000000e+00
   0.0000000e+00
   0.0000000e+00
  -1.8419470e-02
  -2.3611123e-02
  -1.9415120e-02
  -1.2346100e-02
  -5.5189664e-03
   1.9379305e-03
   1.4423238e-02
   4.0752415e-02
   6.0618358e-02
   0.0000000e+00
  -0.0000000e+00
  -1.6120060e-03
  -3.1697680e-03
  -1.1102824e-02
  -1.1789822e-02
  -4.0566288e-03
   5.1362636e-03
   1.4631350e-02
   2.4181461e-02
   3.7253037e-02
   6.6746063e-02
   0.0000000e+00
   0.0000000e+00
   0.0000000e+00
   0.0000000e+00
   0.0000000e+00
   0.0000000e+00
   1.3103159e-02
   6.9231639e-03
   3.3508244e-03
   1.8463135e-03
   4.3261442e-03
   9.4465947e-03
   1.2701670e-02
   1.3006086e-02
   1.3081415e-02
   9.0225337e-03
   1.5960343e-03
  -5.5570349e-03
  -1.0268098e-02
  -8.9602562e-03
  -8.2916320e-04
   1.4569614e-02
   4.1252426e-02
   5.0796477e-02
   0.0000000e+00
   0.0000000e+00
   0.0000000e+00
  -2.1887597e-02
  -2.7851351e-02
  -1.7603073e-02
  -7.1086521e-03
   6.0279520e-04
   1.0002034e-02
   2.7787921e-02
   6.0093787e-02
   6.5784289e-02
   0.0000000e+00
   0.0000000e+00
   7.3170283e-04
  -3.3122388e-03
  -1.2749362e-02
  -6.8187645e-03
   3.6744743e-03
   1.4024755e-02
   2.4256342e-02
   3.4977834e-02
   5.0029093e-02
   7.1222290e-02
   6.9245504e-02
   0.0000000e+00
   0.0000000e+00
   0.0000000e+00
   0.0000000e+00
   0.0000000e+00
   1.6906558e-02
   1.1703973e-02
   8.1770597e-03
   7.0204725e-03
   9.5395921e-03
   1.4131324e-02
   1.6542345e-02
   1.5986195e-02
   1.4838998e-02
   8.7221647e-03
  -3.9925418e-04
  -7.5497781e-03
  -1.0298599e-02
  -6.4527877e-03
   3.5422533e-03
   1.9367952e-02
   4.1974895e-02
   4.5010932e-02
   0.0000000e+00
   0.0000000e+00
   0.0000000e+00
  -2.8261522e-02
  -3.2595385e-02
  -1.6587747e-02
  -3.4260987e-03
   5.4226927e-03
   1.8362364e-02
   4.1742761e-02
   7.7390112e-02
   0.0000000e+00
   0.0000000e+00
   0.0000000e+00
   6.7876375e-03
  -5.7437418e-04
  -1.0839155e-02
   6.8841520e-04
   1.1534407e-02
   2.1952542e-02
   3.2147244e-02
   4.3128986e-02
   5.8228295e-02
   6.6828139e-02
   3.8613015e-02
   0.0000000e+00
   0.0000000e+00
   0.0000000e+00
   0.0000000e+00
   2.1572770e-02
   2.1211226e-02
   1.5336406e-02
   1.2151497e-02
   1.1141163e-02
   1.3711741e-02
   1.7651845e-02
   1.8702973e-02
   1.7204039e-02
   1.4071811e-02
   5.6124665e-03
  -4.2390889e-03
  -9.5753716e-03
  -9.3129631e-03
  -3.0721501e-03
   8.1933178e-03
   2.3598760e-02
   4.1627180e-02
   4.4298414e-02
   0.0000000e+00
   0.0000000e+00
   0.0000000e+00
  -0.0000000e+00
  -3.6758760e-02
  -1.5837120e-02
  -3.5006693e-04
   1.1067432e-02
   2.8040219e-02
   5.5144399e-02
   8.1965461e-02
   0.0000000e+00
   0.0000000e+00
   0.0000000e+00
   8.6171437e-03
   5.5394369e-03
  -4.0920114e-03
   7.5140907e-03
   1.7532077e-02
   2.8218588e-02
   3.8743302e-02
   4.9748108e-02
   6.2593527e-02
   5.9128679e-02
   2.7066014e-02
   9.5884824e-03
   0.0000000e+00
   0.0000000e+00
   0.0000000e+00
   2.5215754e-02
   2.2850884e-02
   1.7331047e-02
   1.4503058e-02
   1.3644909e-02
   1.6047297e-02
   1.8823605e-02
   1.8476805e-02
   1.5760792e-02
   1.0195236e-02
   7.8216637e-04
  -7.2379983e-03
  -9.1659045e-03
  -5.7033291e-03
   2.3460914e-03
   1.4042309e-02
   2.8509442e-02
   4.3047965e-02
   4.3942615e-02
   0.0000000e+00
   0.0000000e+00
   0.0000000e+00
   0.0000000e+00
  -3.3561523e-02
  -1.2986517e-02
   4.4459593e-03
   1.8730724e-02
   3.8096573e-02
   6.4551152e-02
   7.0882320e-02
   0.0000000e+00
   0.0000000e+00
   0.0000000e+00
   2.7114420e-03
  -1.4180719e-03
   3.2595136e-03
   1.3271566e-02
   2.2717904e-02
   3.4108993e-02
   4.5261577e-02
   5.5598259e-02
   6.3942134e-02
   5.2079096e-02
   2.3335010e-02
   3.2382741e-03
   0.0000000e+00
   0.0000000e+00
   0.0000000e+00
   2.6288621e-02
   2.2589631e-02
   1.7596168e-02
   1.4785536e-02
   1.3838271e-02
   1.5346748e-02
   1.6488655e-02
   1.4949414e-02
   1.1056324e-02
   4.5363014e-03
  -3.1427243e-03
  -7.4248817e-03
  -5.7380884e-03
   2.2743549e-04
   9.4844364e-03
   2.1582441e-02
   3.5799883e-02
   4.8715942e-02
   4.2650126e-02
   0.0000000e+00
   0.0000000e+00
   0.0000000e+00
   0.0000000e+00
  -2.0013921e-02
  -5.7599843e-03
   1.1797158e-02
   2.7674096e-02
   4.6953540e-02
   6.7215197e-02
   6.6209391e-02
   0.0000000e+00
   0.0000000e+00
   0.0000000e+00
  -0.0000000e+00
  -3.4486623e-03
   1.1365476e-02
   1.8730287e-02
   2.8170584e-02
   4.0010430e-02
   5.1275108e-02
   5.9999693e-02
   6.3251086e-02
   4.4733174e-02
   1.9998122e-02
   2.1302379e-03
   0.0000000e+00
   0.0000000e+00
   0.0000000e+00
   2.7076554e-02
   2.0909522e-02
   1.5949460e-02
   1.2404878e-02
   1.0594253e-02
   1.0826224e-02
   1.0654538e-02
   8.2768444e-03
   4.3754652e-03
  -5.7677715e-04
  -4.6353927e-03
  -4.8118988e-03
  -4.5457107e-04
   6.6106371e-03
   1.6073300e-02
   2.8014876e-02
   4.1890550e-02
   5.4144442e-02
   4.3349490e-02
   0.0000000e+00
   0.0000000e+00
   0.0000000e+00
   0.0000000e+00
  -6.8080917e-03
   3.3242221e-03
   2.0572565e-02
   3.5903897e-02
   5.2004971e-02
   6.2931769e-02
   5.4257561e-02
   0.0000000e+00
   0.0000000e+00
   0.0000000e+00
   0.0000000e+00
   5.4763272e-03
   2.2533039e-02
   2.5192680e-02
   3.3331104e-02
   4.4533290e-02
   5.4785665e-02
   6.1255120e-02
   5.9541598e-02
   3.5049342e-02
   1.4999600e-02
   7.4142706e-04
  -1.4944405e-03
   1.1877303e-02
   0.0000000e+00
   0.0000000e+00
   1.7588394e-02
   1.1702755e-02
   6.4414758e-03
   3.2868211e-03
   2.4783567e-03
   1.5665406e-03
  -2.4464499e-04
  -2.0661664e-03
  -3.7941886e-03
  -3.8108921e-03
  -4.6059088e-04
   5.8211409e-03
   1.3302345e-02
   2.1918245e-02
   3.1671546e-02
   4.2726677e-02
   5.2365307e-02
   4.6024203e-02
   0.0000000e+00
   0.0000000e+00
   0.0000000e+00
   0.0000000e+00
  -0.0000000e+00
   1.3783548e-02
   2.8201578e-02
   4.0807553e-02
   5.1266827e-02
   5.2344061e-02
   3.0200349e-02
   0.0000000e+00
   0.0000000e+00
   0.0000000e+00
   0.0000000e+00
   6.7551951e-03
   3.1240269e-02
   3.0850168e-02
   3.6712181e-02
   4.6116401e-02
   5.3889006e-02
   5.7052441e-02
   5.0780267e-02
   2.3485033e-02
   9.7191921e-03
   1.9078940e-03
   5.0873841e-03
   0.0000000e+00
   0.0000000e+00
   1.9933104e-02
   1.1140184e-02
   3.8670457e-03
  -2.5615366e-03
  -6.1152331e-03
  -7.3989299e-03
  -8.2155969e-03
  -8.4733497e-03
  -7.8360038e-03
  -6.5079499e-03
  -3.4844179e-03
   2.4098684e-03
   1.0644654e-02
   1.8955108e-02
   2.6529560e-02
   3.2908741e-02
   3.8400877e-02
   4.0391676e-02
   0.0000000e+00
   0.0000000e+00
   0.0000000e+00
   0.0000000e+00
   0.0000000e+00
   0.0000000e+00
   2.2084885e-02
   3.2146968e-02
   4.0780626e-02
   4.5819268e-02
   4.0514443e-02
   1.8248314e-02
   0.0000000e+00
   0.0000000e+00
   0.0000000e+00
   0.0000000e+00
   1.5177013e-02
   3.0054139e-02
   3.4359779e-02
   3.7930470e-02
   4.4904910e-02
   4.9190462e-02
   4.7869477e-02
   3.7782416e-02
   1.3191614e-02
   5.8293482e-03
   2.7573623e-03
   7.2939047e-03
   1.6647956e-02
   0.0000000e+00
   1.2641895e-02
   1.2045584e-03
  -7.3147016e-03
  -1.3239076e-02
  -1.6136242e-02
  -1.7408352e-02
  -1.7981051e-02
  -1.7500397e-02
  -1.5879054e-02
  -1.3227963e-02
  -8.8855373e-03
  -1.9193409e-03
   7.4203000e-03
   1.6681885e-02
   2.3882588e-02
   2.8166497e-02
   2.8835924e-02
   2.6857487e-02
   0.0000000e+00
   0.0000000e+00
   0.0000000e+00
   0.0000000e+00
   0.0000000e+00
   0.0000000e+00
   2.6679377e-02
   3.2138795e-02
   3.7302218e-02
   3.8639463e-02
   3.0422837e-02
   1.1236929e-02
   0.0000000e+00
   0.0000000e+00
   0.0000000e+00
   0.0000000e+00
   2.2232340e-02
   3.2986283e-02
   3.5480600e-02
   3.7161365e-02
   4.1608963e-02
   4.2372629e-02
   3.6580682e-02
   2.3890533e-02
   6.6690431e-03
   4.0761949e-03
   2.5366887e-03
   3.8411221e-03
   5.0021504e-03
   0.0000000e+00
   3.9270874e-03
  -1.0607004e-02
  -1.8481404e-02
  -2.2719456e-02
  -2.4674863e-02
  -2.5952416e-02
  -2.7033025e-02
  -2.7442668e-02
  -2.6965164e-02
  -2.5383575e-02
  -2.1788418e-02
  -1.5815500e-02
  -8.1768213e-03
  -5.9341127e-04
   5.4125963e-03
   9.0300906e-03
   9.5501626e-03
   6.6848022e-03
   0.0000000e+00
   0.0000000e+00
   0.0000000e+00
   0.0000000e+00
   0.0000000e+00
   0.0000000e+00
   2.8102327e-02
   2.9638510e-02
   3.2591540e-02
   3.1709630e-02
   2.2685453e-02
   7.3350613e-03
   0.0000000e+00
   0.0000000e+00
   0.0000000e+00
   0.0000000e+00
   2.6122792e-02
   3.2675974e-02
   3.3674359e-02
   3.4048881e-02
   3.6169983e-02
   3.4560777e-02
   2.6253646e-02
   1.2736056e-02
   4.0739019e-03
   3.5003678e-03
   2.3527765e-03
   9.4599159e-05
  -4.5280004e-03
  -4.6927499e-03
  -3.4443348e-03
  -1.6155403e-02
  -2.1212429e-02
  -2.3484651e-02
  -2.4717625e-02
  -2.5925977e-02
  -2.7488695e-02
  -2.8914778e-02
  -2.9967958e-02
  -3.0377476e-02
  -2.9260922e-02
  -2.6653368e-02
  -2.3496538e-02
  -2.0365572e-02
  -1.7930076e-02
  -1.6630761e-02
  -1.4757181e-02
  -1.4533261e-02
   0.0000000e+00
   0.0000000e+00
   0.0000000e+00
   0.0000000e+00
   0.0000000e+00
   0.0000000e+00
   2.4557544e-02
   2.4197306e-02
   2.6832758e-02
   2.5469948e-02
   1.7631333e-02
   3.4405728e-03
   0.0000000e+00
   0.0000000e+00
   0.0000000e+00
   0.0000000e+00
   2.7962879e-02
   2.5275432e-02
   2.7956078e-02
   2.8048357e-02
   2.8812483e-02
   2.6943119e-02
   1.8893143e-02
   8.4537177e-03
  -0.0000000e+00
  -2.8700951e-03
   0.0000000e+00
  -1.1229038e-03
  -4.3908647e-03
  -1.9753359e-03
  -3.8888266e-03
  -1.1744411e-02
  -1.4069147e-02
  -1.4895807e-02
  -1.5273414e-02
  -1.5720738e-02
  -1.6732454e-02
  -1.8060647e-02
  -1.9499597e-02
  -2.0849126e-02
  -2.1668180e-02
  -2.2142208e-02
  -2.2786555e-02
  -2.3822337e-02
  -2.5884039e-02
  -2.9508017e-02
  -3.0689740e-02
  -2.9390913e-02
   0.0000000e+00
   0.0000000e+00
   0.0000000e+00
   0.0000000e+00
   0.0000000e+00
  -5.5018986e-03
   1.4858675e-02
   1.5669180e-02
   1.9264970e-02
   1.9703581e-02
   1.5700994e-02
   2.7608077e-03
   0.0000000e+00
   0.0000000e+00
   0.0000000e+00
   0.0000000e+00
   2.6680051e-02
   1.9894071e-02
   2.1872232e-02
   2.0228193e-02
   2.0472812e-02
   2.0528466e-02
   1.4613455e-02
   5.5666133e-03
  -0.0000000e+00
  -0.0000000e+00
   0.0000000e+00
   2.1998498e-04
  -1.1802160e-04
   2.5121609e-03
   2.5706089e-04
  -3.5403462e-03
  -4.6651116e-03
  -5.0050582e-03
  -4.7385119e-03
  -4.2573334e-03
  -4.1886549e-03
  -4.7338786e-03
  -5.7455192e-03
  -6.9833804e-03
  -8.2225427e-03
  -9.6949001e-03
  -1.1708518e-02
  -1.4712864e-02
  -1.9390853e-02
  -2.6748745e-02
  -3.3543918e-02
  -3.1953066e-02
   0.0000000e+00
   0.0000000e+00
   0.0000000e+00
   0.0000000e+00
  -3.4457504e-02
  -8.7020545e-03
   4.5311003e-03
   5.7479304e-03
   9.5537564e-03
   1.3608882e-02
   1.6878791e-02
   5.0882791e-03
   0.0000000e+00
   0.0000000e+00
   0.0000000e+00
   0.0000000e+00
   0.0000000e+00
   1.9453712e-02
   1.7175022e-02
   1.1583555e-02
   1.1930589e-02
   1.5886227e-02
   1.3439032e-02
   5.1178682e-03
   1.6047685e-03
   0.0000000e+00
   1.4188916e-03
   1.5494944e-03
   2.3184948e-03
   4.0691658e-03
   2.5440381e-03
   7.0448042e-04
  -1.6381007e-04
  -5.9200347e-04
  -1.7952828e-04
   1.0509368e-03
   2.5330091e-03
   3.4693102e-03
   3.6440279e-03
   3.2632106e-03
   2.5852407e-03
   1.3806763e-03
  -9.7893935e-04
  -5.0862140e-03
  -1.1165721e-02
  -2.0130275e-02
  -3.2859393e-02
  -3.5846418e-02
  -0.0000000e+00
   0.0000000e+00
   0.0000000e+00
   0.0000000e+00
  -3.6491146e-02
  -1.6594702e-02
  -7.0659918e-03
  -3.9124158e-03
   4.0904903e-04
   8.7434774e-03
   1.9794980e-02
   9.8894919e-03
   0.0000000e+00
   0.0000000e+00
   0.0000000e+00
   0.0000000e+00
   0.0000000e+00
   2.4497467e-02
   1.3457368e-02
   3.0412657e-03
   4.5700232e-03
   1.4814341e-02
   1.4489937e-02
   1.0232485e-02
  -3.6979538e-03
  -4.4945901e-03
   1.4275568e-03
   8.6622441e-04
   6.5042428e-04
   8.3940109e-04
  -7.3391438e-04
  -2.3264627e-03
  -3.7538854e-03
  -4.7561741e-03
  -4.8572975e-03
  -3.5674023e-03
  -9.8365592e-04
   1.9267052e-03
   4.4086115e-03
   6.2786182e-03
   7.5688926e-03
   7.9764845e-03
   6.4148423e-03
   2.0833851e-03
  -4.5188176e-03
  -1.3756258e-02
  -3.2801699e-02
  -4.6721913e-02
  -0.0000000e+00
   0.0000000e+00
   0.0000000e+00
   0.0000000e+00
  -4.2412064e-02
  -3.0077297e-02
  -2.2142654e-02
  -1.4162006e-02
  -5.5532784e-03
  -0.0000000e+00
   0.0000000e+00
   0.0000000e+00
   0.0000000e+00
   0.0000000e+00
   0.0000000e+00
   0.0000000e+00
   0.0000000e+00
   3.2492672e-02
   1.2663987e-02
  -4.4741714e-03
  -1.5567568e-03
   1.8763775e-02
   1.8168656e-02
   7.4571103e-03
  -1.2299462e-02
  -3.7700446e-03
  -1.9903847e-04
  -2.1378070e-03
  -3.3252488e-03
  -4.7236048e-03
  -7.5773094e-03
  -1.0610967e-02
  -1.3958836e-02
  -1.6744396e-02
  -1.8741887e-02
  -1.9327421e-02
  -1.7984493e-02
  -1.4917384e-02
  -1.0799313e-02
  -6.3348929e-03
  -2.0461031e-03
   1.8469781e-03
   4.1770581e-03
   3.3153307e-03
  -4.6886262e-04
  -6.4014811e-03
  -2.6325224e-02
  -6.2520370e-02
  -6.0252940e-02
   0.0000000e+00
   0.0000000e+00
  -4.5689126e-02
  -4.9587921e-02
  -4.4736985e-02
  -3.7963592e-02
  -2.5884071e-02
  -1.0284571e-02
   0.0000000e+00
   0.0000000e+00
   0.0000000e+00
   0.0000000e+00
   0.0000000e+00
   0.0000000e+00
   0.0000000e+00
   0.0000000e+00
   5.2396627e-02
   1.9616749e-02
  -9.6854502e-03
  -6.5189464e-03
   2.6881664e-02
   2.6944503e-02
   9.1537679e-03
   0.0000000e+00
   2.2555927e-03
  -4.4949056e-04
  -5.5697649e-03
  -7.2368509e-03
  -8.9517962e-03
  -1.2985984e-02
  -1.7886030e-02
  -2.3606349e-02
  -2.8944375e-02
  -3.3607908e-02
  -3.7204389e-02
  -3.9165981e-02
  -3.8934208e-02
  -3.6261439e-02
  -3.1532973e-02
  -2.5547568e-02
  -1.8419236e-02
  -1.0556227e-02
  -4.9049230e-03
  -4.0022884e-03
  -6.0532666e-03
  -1.3302451e-02
  -7.5214205e-02
  -6.8419969e-02
   0.0000000e+00
  -3.0500216e-02
  -4.4216523e-02
  -5.2143205e-02
  -5.2818887e-02
  -4.9065366e-02
  -3.8107533e-02
  -1.4737398e-02
   0.0000000e+00
   0.0000000e+00
   0.0000000e+00
   0.0000000e+00
   0.0000000e+00
   0.0000000e+00
   0.0000000e+00
   0.0000000e+00
   7.2139434e-02
   3.5255942e-02
  -9.9700419e-03
  -0.0000000e+00
   4.1926359e-02
   3.5134267e-02
   2.6673389e-02
   0.0000000e+00
   4.7012196e-03
  -6.3340383e-05
  -8.0459584e-03
  -9.5233321e-03
  -1.0050355e-02
  -1.3827373e-02
  -1.9461468e-02
  -2.6576502e-02
  -3.3651907e-02
  -3.9987441e-02
  -4.5545246e-02
  -4.9984664e-02
  -5.2863862e-02
  -5.3371061e-02
  -5.0831888e-02
  -4.5479164e-02
  -3.7644859e-02
  -2.6333027e-02
  -1.4690540e-02
  -9.2892610e-03
  -1.4445415e-02
  -1.9542453e-03
  -7.4188184e-02
  -0.0000000e+00
  -1.0782790e-02
  -2.3951520e-02
  -4.0292058e-02
  -4.9930979e-02
  -5.4878153e-02
  -5.7286438e-02
  -5.1882245e-02
  -4.4082992e-02
   0.0000000e+00
   0.0000000e+00
   0.0000000e+00
   0.0000000e+00
   0.0000000e+00
   0.0000000e+00
   0.0000000e+00
   0.0000000e+00
   7.5404923e-02
   5.0318852e-02
  -4.3286709e-03
  -0.0000000e+00
   2.7402715e-02
   3.3276275e-02
   0.0000000e+00
   0.0000000e+00
   9.8884297e-04
  -4.9148151e-03
  -1.0737819e-02
  -1.0929628e-02
  -9.4031487e-03
  -1.1384198e-02
  -1.6262105e-02
  -2.3472132e-02
  -3.1300783e-02
  -3.8405884e-02
  -4.4797286e-02
  -5.0193615e-02
  -5.4417968e-02
  -5.6999262e-02
  -5.7278946e-02
  -5.4456152e-02
  -4.7994412e-02
  -3.5689864e-02
  -1.9022964e-02
  -6.7633055e-03
  -1.6910471e-02
  -0.0000000e+00
  -0.0000000e+00
  -5.2982897e-02
  -1.0707835e-02
  -1.8085154e-02
  -3.4806997e-02
  -4.5768239e-02
  -5.6117814e-02
  -6.6314839e-02
  -6.8283819e-02
  -6.2960787e-02
   0.0000000e+00
   0.0000000e+00
   0.0000000e+00
   0.0000000e+00
   0.0000000e+00
   0.0000000e+00
   0.0000000e+00
   0.0000000e+00
   0.0000000e+00
   5.9080495e-02
   4.7719581e-03
  -0.0000000e+00
   0.0000000e+00
   0.0000000e+00
   0.0000000e+00
   0.0000000e+00
  -5.0150436e-03
  -1.6450286e-02
  -1.6190212e-02
  -1.3874669e-02
  -9.7764097e-03
  -8.8148778e-03
  -1.1567298e-02
  -1.7769376e-02
  -2.5473043e-02
  -3.2755174e-02
  -3.9260712e-02
  -4.4949085e-02
  -4.9605042e-02
  -5.3023599e-02
  -5.5338699e-02
  -5.5327676e-02
  -5.1135346e-02
  -4.0526755e-02
  -2.1815017e-02
  -5.1274137e-03
  -0.0000000e+00
   0.0000000e+00
  -2.5351471e-02
  -2.8526686e-02
  -9.0479553e-03
  -1.3895409e-02
  -2.6609452e-02
  -3.8918640e-02
  -5.3834852e-02
  -7.2619282e-02
  -8.6263634e-02
  -0.0000000e+00
   0.0000000e+00
   0.0000000e+00
   0.0000000e+00
   0.0000000e+00
   0.0000000e+00
   0.0000000e+00
   0.0000000e+00
   0.0000000e+00
   0.0000000e+00
   6.5145548e-02
   1.8140704e-02
  -0.0000000e+00
   0.0000000e+00
   0.0000000e+00
   0.0000000e+00
   0.0000000e+00
  -0.0000000e+00
  -3.1148936e-02
  -2.4914877e-02
  -1.9327777e-02
  -1.2734992e-02
  -8.2588913e-03
  -7.5425231e-03
  -1.1736820e-02
  -1.8271120e-02
  -2.4975758e-02
  -3.0842671e-02
  -3.6196280e-02
  -4.0782854e-02
  -4.4390529e-02
  -4.7475465e-02
  -4.9643636e-02
  -4.8591208e-02
  -4.2454075e-02
  -2.5574747e-02
  -8.7674000e-03
   0.0000000e+00
   0.0000000e+00
  -1.0954238e-02
  -1.2478593e-02
  -4.6482147e-03
  -7.6988218e-03
  -1.6993055e-02
  -2.8299304e-02
  -4.4744670e-02
  -6.9540367e-02
  -9.8846242e-02
  -0.0000000e+00
   0.0000000e+00
   0.0000000e+00
   0.0000000e+00
   0.0000000e+00
   0.0000000e+00
   0.0000000e+00
   0.0000000e+00
   0.0000000e+00
   0.0000000e+00
   6.4899431e-02
   4.3418553e-02
   0.0000000e+00
   0.0000000e+00
   0.0000000e+00
   0.0000000e+00
   0.0000000e+00
   0.0000000e+00
  -4.6671923e-02
  -3.5441741e-02
  -2.4978051e-02
  -1.7191781e-02
  -9.9705728e-03
  -5.0635641e-03
  -6.1891973e-03
  -1.0798712e-02
  -1.6555451e-02
  -2.1612853e-02
  -2.6338935e-02
  -3.0490190e-02
  -3.3956088e-02
  -3.7233662e-02
  -4.1130669e-02
  -4.4135716e-02
  -4.3913648e-02
  -3.1215713e-02
  -0.0000000e+00
   0.0000000e+00
   1.3107862e-02
  -6.2542046e-03
  -6.3364422e-03
  -2.8239393e-03
  -4.4393074e-03
  -1.0129641e-02
  -1.9229770e-02
  -3.3749823e-02
  -5.8277670e-02
  -9.4072215e-02
  -1.0824004e-01
   0.0000000e+00
   0.0000000e+00
   0.0000000e+00
   0.0000000e+00
   0.0000000e+00
   0.0000000e+00
   0.0000000e+00
   0.0000000e+00
   0.0000000e+00
   0.0000000e+00
   0.0000000e+00
   0.0000000e+00
   0.0000000e+00
   0.0000000e+00
   0.0000000e+00
   0.0000000e+00
   0.0000000e+00
  -0.0000000e+00
  -4.2885309e-02
  -2.8928511e-02
  -2.0421270e-02
  -1.1929256e-02
  -3.8030755e-03
  -1.5149033e-03
  -3.7770693e-03
  -8.4220040e-03
  -1.3092771e-02
  -1.7515959e-02
  -2.1343601e-02
  -2.4960209e-02
  -2.9034734e-02
  -3.4791890e-02
  -4.1641014e-02
  -4.6173314e-02
  -4.0565567e-02
   0.0000000e+00
   0.0000000e+00
   1.5520654e-02
  -1.5104835e-03
  -3.4386865e-03
  -1.7884092e-03
  -3.4570136e-03
  -7.1427245e-03
  -1.4256504e-02
  -2.6235272e-02
  -4.7256829e-02
  -8.1755815e-02
  -1.0047010e-01
   0.0000000e+00
   0.0000000e+00
   0.0000000e+00
   0.0000000e+00
   0.0000000e+00
   0.0000000e+00
   0.0000000e+00
   0.0000000e+00
   0.0000000e+00
   0.0000000e+00
   0.0000000e+00
   0.0000000e+00
   0.0000000e+00
   0.0000000e+00
   0.0000000e+00
   0.0000000e+00
   0.0000000e+00
   0.0000000e+00
  -4.3311361e-02
  -3.2597497e-02
  -2.2690458e-02
  -1.1936223e-02
  -1.8390357e-03
   2.9985432e-03
   2.6275152e-03
  -9.5320866e-04
  -5.6059267e-03
  -1.0253669e-02
  -1.4057621e-02
  -1.7805852e-02
  -2.2674127e-02
  -3.0288843e-02
  -4.0934101e-02
  -4.7793828e-02
  -0.0000000e+00
   0.0000000e+00
   0.0000000e+00
   1.9863331e-02
   8.6351781e-04
  -1.1312896e-03
   5.7096314e-04
  -1.5155261e-03
  -4.7593620e-03
  -1.0378557e-02
  -2.0040408e-02
  -3.7746366e-02
  -6.8947062e-02
  -9.6358222e-02
   0.0000000e+00
   0.0000000e+00
   0.0000000e+00
   0.0000000e+00
   0.0000000e+00
   0.0000000e+00
   0.0000000e+00
   0.0000000e+00
   0.0000000e+00
   0.0000000e+00
   0.0000000e+00
   0.0000000e+00
   0.0000000e+00
   0.0000000e+00
   0.0000000e+00
   0.0000000e+00
   0.0000000e+00
   0.0000000e+00
  -3.7841298e-02
  -3.2494571e-02
  -2.7551059e-02
  -1.1304878e-02
   1.9919150e-03
   8.9535032e-03
   9.5176406e-03
   6.5091012e-03
   1.5614094e-03
  -3.5530033e-03
  -7.7694710e-03
  -1.1611617e-02
  -1.6888952e-02
  -2.6187735e-02
  -4.1469454e-02
  -4.8528077e-02
  -0.0000000e+00
   0.0000000e+00
   0.0000000e+00
   0.0000000e+00
   2.0158786e-03
   1.8427898e-03
   4.0656486e-03
   2.0783816e-03
  -1.2866929e-03
  -6.1381550e-03
  -1.3728612e-02
  -2.7578682e-02
  -5.4885955e-02
  -8.5647025e-02
  -0.0000000e+00
   0.0000000e+00
   0.0000000e+00
   0.0000000e+00
   0.0000000e+00
   0.0000000e+00
   0.0000000e+00
   0.0000000e+00
   0.0000000e+00
   0.0000000e+00
   0.0000000e+00
   0.0000000e+00
   0.0000000e+00
   0.0000000e+00
   0.0000000e+00
   0.0000000e+00
   0.0000000e+00
   0.0000000e+00
  -0.0000000e+00
  -0.0000000e+00
  -3.1448138e-02
  -1.3912196e-02
   6.6783037e-03
   1.6324637e-02
   1.7820928e-02
   1.4830744e-02
   9.3942825e-03
   3.8773322e-03
  -9.2191738e-04
  -5.1946952e-03
  -1.0728676e-02
  -2.1944586e-02
  -4.3194756e-02
  -4.9451684e-02
  -0.0000000e+00
   0.0000000e+00
   0.0000000e+00
   0.0000000e+00
   0.0000000e+00
   6.9489651e-03
   9.2237368e-03
   6.3277595e-03
   2.9952123e-03
  -1.6509299e-03
  -7.9378653e-03
  -1.8448556e-02
  -4.1163463e-02
  -7.2598547e-02
  -7.6372323e-02
   0.0000000e+00
   0.0000000e+00
  -0.0000000e+00
  -0.0000000e+00
  -0.0000000e+00
  -0.0000000e+00
   0.0000000e+00
   0.0000000e+00
   0.0000000e+00
   0.0000000e+00
   0.0000000e+00
   0.0000000e+00
   0.0000000e+00
   0.0000000e+00
   0.0000000e+00
   0.0000000e+00
   0.0000000e+00
   0.0000000e+00
   0.0000000e+00
  -3.6094060e-02
  -2.0651225e-02
   9.2503987e-03
   2.2231299e-02
   2.4996163e-02
   2.2562152e-02
   1.7083427e-02
   1.1652556e-02
   7.0664743e-03
   2.5254542e-03
  -3.2292427e-03
  -1.6444018e-02
  -4.4073179e-02
  -5.2496025e-02
   0.0000000e+00
   0.0000000e+00
   0.0000000e+00
   0.0000000e+00
   0.0000000e+00
   1.2215815e-02
   1.4065532e-02
   1.1226041e-02
   7.9408921e-03
   3.5456666e-03
  -2.8746428e-03
  -1.1123322e-02
  -2.9214205e-02
  -5.8186591e-02
  -0.0000000e+00
   0.0000000e+00
   0.0000000e+00
  -0.0000000e+00
  -0.0000000e+00
  -0.0000000e+00
  -0.0000000e+00
   0.0000000e+00
   0.0000000e+00
   0.0000000e+00
   0.0000000e+00
   0.0000000e+00
   0.0000000e+00
   0.0000000e+00
   0.0000000e+00
   0.0000000e+00
   0.0000000e+00
   0.0000000e+00
   0.0000000e+00
  -3.1107744e-02
  -4.6251229e-02
  -2.7468665e-02
   6.7078075e-03
   2.1834485e-02
   2.6758529e-02
   2.6742060e-02
   2.2920882e-02
   1.8362770e-02
   1.4938716e-02
   1.1825486e-02
   6.4138439e-03
  -7.9069212e-03
  -3.8069055e-02
  -0.0000000e+00
   0.0000000e+00
   0.0000000e+00
   0.0000000e+00
   0.0000000e+00
   0.0000000e+00
   0.0000000e+00
   1.4041873e-02
   1.3853018e-02
   1.3550560e-02
   1.0317733e-02
   2.9520304e-03
  -4.3817726e-03
  -1.8025862e-02
  -4.3075312e-02
  -0.0000000e+00
   0.0000000e+00
  -0.0000000e+00
  -0.0000000e+00
  -0.0000000e+00
   0.0000000e+00
   0.0000000e+00
   0.0000000e+00
   0.0000000e+00
   0.0000000e+00
   0.0000000e+00
   0.0000000e+00
   0.0000000e+00
   0.0000000e+00
   0.0000000e+00
   0.0000000e+00
   0.0000000e+00
   0.0000000e+00
   0.0000000e+00
  -3.1800087e-02
  -4.0609655e-02
  -3.0839544e-02
  -2.9709982e-04
   1.4995391e-02
   2.2649819e-02
   2.6375484e-02
   2.5586221e-02
   2.2366632e-02
   2.0573243e-02
   2.0117316e-02
   1.6436813e-02
   3.5570601e-03
  -1.8041190e-02
   0.0000000e+00
   0.0000000e+00
   0.0000000e+00
   0.0000000e+00
   0.0000000e+00
   0.0000000e+00
   0.0000000e+00
   0.0000000e+00
   1.3285915e-02
   1.5898465e-02
   1.5231621e-02
   1.1384369e-02
   6.0621831e-03
  -4.9622515e-03
  -2.0826863e-02
  -1.7586754e-02
   0.0000000e+00
  -0.0000000e+00
   0.0000000e+00
   0.0000000e+00
   0.0000000e+00
   0.0000000e+00
   0.0000000e+00
   0.0000000e+00
   0.0000000e+00
   0.0000000e+00
   0.0000000e+00
   0.0000000e+00
   0.0000000e+00
   0.0000000e+00
   0.0000000e+00
   0.0000000e+00
   0.0000000e+00
   0.0000000e+00
   0.0000000e+00
  -3.4635028e-02
  -2.2000048e-02
  -9.2225184e-04
   1.0775755e-02
   1.9789118e-02
   2.5114782e-02
   2.5938146e-02
   2.3627855e-02
   2.3125483e-02
   2.5052832e-02
   2.3562336e-02
   1.3797652e-02
  -9.0243924e-04
   0.0000000e+00
   0.0000000e+00
   0.0000000e+00
   0.0000000e+00
   0.0000000e+00
   0.0000000e+00
   0.0000000e+00
   0.0000000e+00
   0.0000000e+00
   0.0000000e+00
   1.3276519e-02
   1.7648494e-02
   1.7964978e-02
   1.0233361e-02
   1.8153798e-03
   5.3841862e-03
   0.0000000e+00
   0.0000000e+00
   0.0000000e+00
   0.0000000e+00
   0.0000000e+00
   0.0000000e+00
   0.0000000e+00
   0.0000000e+00
   0.0000000e+00
   0.0000000e+00
   0.0000000e+00
   0.0000000e+00
   0.0000000e+00
   0.0000000e+00
   0.0000000e+00
   0.0000000e+00
   0.0000000e+00
   0.0000000e+00
   0.0000000e+00
  -3.3326846e-02
  -1.2307320e-02
  -2.5642531e-04
   2.2196146e-03
   1.5279146e-02
   2.1152403e-02
   2.1292001e-02
   1.9500803e-02
   2.0583479e-02
   2.6474021e-02
   2.8944796e-02
   2.2250762e-02
   1.3133383e-02
   0.0000000e+00
   0.0000000e+00
   0.0000000e+00
   0.0000000e+00
   0.0000000e+00
   0.0000000e+00
   0.0000000e+00
   0.0000000e+00
   0.0000000e+00
   0.0000000e+00
  -6.9488025e-03
   1.0940246e-02
   2.2291752e-02
   2.3021707e-02
   1.9322855e-02
   1.1909089e-02
   0.0000000e+00
   0.0000000e+00
   0.0000000e+00
   0.0000000e+00
   0.0000000e+00
   0.0000000e+00
   0.0000000e+00
   0.0000000e+00
   0.0000000e+00
   0.0000000e+00
   0.0000000e+00
   0.0000000e+00
   0.0000000e+00
   0.0000000e+00
   0.0000000e+00
   0.0000000e+00
   0.0000000e+00
   0.0000000e+00
   0.0000000e+00
  -3.4263959e-02
  -2.3209346e-03
   1.6762247e-02
  -3.3575815e-02
  -4.2759134e-03
   4.9020713e-03
   5.8899093e-03
   5.7696435e-03
   1.0126387e-02
   2.2711877e-02
   3.2187231e-02
   3.0517967e-02
   0.0000000e+00
   0.0000000e+00
   0.0000000e+00
   0.0000000e+00
   0.0000000e+00
   0.0000000e+00
   0.0000000e+00
   0.0000000e+00
   0.0000000e+00
   0.0000000e+00
  -5.0920511e-02
  -3.2883917e-02
  -5.8672857e-03
   1.5369928e-02
   2.6304180e-02
   3.1125156e-02
   0.0000000e+00
   0.0000000e+00
   0.0000000e+00
   0.0000000e+00
   0.0000000e+00
   0.0000000e+00
   0.0000000e+00
   0.0000000e+00
   0.0000000e+00
   0.0000000e+00
   0.0000000e+00
   0.0000000e+00
   0.0000000e+00
   0.0000000e+00
   0.0000000e+00
   0.0000000e+00
   0.0000000e+00
   0.0000000e+00
   0.0000000e+00
   0.0000000e+00
  -3.1081792e-02
  -1.1047724e-03
   2.1545973e-02
  -6.1860582e-02
  -4.5376107e-02
  -3.3686582e-02
  -2.0632610e-02
  -5.7674624e-03
   0.0000000e+00
   1.5569465e-02
   3.0118369e-02
   0.0000000e+00
   0.0000000e+00
   0.0000000e+00
   0.0000000e+00
   0.0000000e+00
   0.0000000e+00
   0.0000000e+00
   0.0000000e+00
   0.0000000e+00
   0.0000000e+00
  -3.9520960e-02
  -5.3407982e-02
  -4.9490646e-02
  -3.0482933e-02
  -4.3054232e-03
   1.7267352e-02
   2.8293429e-02
   3.8860919e-02
   1.0567120e-02
   1.2576811e-02
   0.0000000e+00
   0.0000000e+00
   0.0000000e+00
   0.0000000e+00
   0.0000000e+00
   0.0000000e+00
   0.0000000e+00
   0.0000000e+00
   0.0000000e+00
   0.0000000e+00
   0.0000000e+00
   0.0000000e+00
   0.0000000e+00
   0.0000000e+00
   0.0000000e+00
   0.0000000e+00
   0.0000000e+00
   0.0000000e+00
   0.0000000e+00
   0.0000000e+00
  -0.0000000e+00
  -0.0000000e+00
  -8.4455465e-02
  -7.7479914e-02
  -0.0000000e+00
   0.0000000e+00
   0.0000000e+00
   0.0000000e+00
   0.0000000e+00
   0.0000000e+00
   0.0000000e+00
   0.0000000e+00
   0.0000000e+00
   0.0000000e+00
   0.0000000e+00
   0.0000000e+00
   0.0000000e+00
   0.0000000e+00
  -4.3533461e-02
  -4.1090558e-02
  -0.0000000e+00
  -0.0000000e+00
  -3.6531541e-02
   1.4323452e-03
   5.3636046e-03
   1.4859570e-05
   1.7400258e-02
   2.7804577e-02
   0.0000000e+00
   0.0000000e+00
   0.0000000e+00
   0.0000000e+00
   0.0000000e+00
   0.0000000e+00
   0.0000000e+00
   0.0000000e+00
   0.0000000e+00
   0.0000000e+00
   0.0000000e+00
   0.0000000e+00
   0.0000000e+00
   0.0000000e+00
   0.0000000e+00
   0.0000000e+00
   0.0000000e+00
   0.0000000e+00
   0.0000000e+00
   0.0000000e+00
   0.0000000e+00
   0.0000000e+00
  -0.0000000e+00
  -1.2870308e-01
  -9.1895960e-02
   0.0000000e+00
   0.0000000e+00
   0.0000000e+00
   0.0000000e+00
   0.0000000e+00
   0.0000000e+00
   0.0000000e+00
   0.0000000e+00
   0.0000000e+00
   0.0000000e+00
   0.0000000e+00
   0.0000000e+00
   0.0000000e+00
  -4.6027598e-02
  -0.0000000e+00
   0.0000000e+00
   0.0000000e+00
  -0.0000000e+00
  -0.0000000e+00
  -4.4307245e-02
  -1.1862863e-02
  -3.4157205e-03
   4.2886585e-03
   1.0438764e-02
   0.0000000e+00
   0.0000000e+00
   0.0000000e+00
   0.0000000e+00
   0.0000000e+00
   0.0000000e+00
   0.0000000e+00
   0.0000000e+00
   0.0000000e+00
   0.0000000e+00
   0.0000000e+00
   0.0000000e+00
   7.8186388e-03
   2.9754290e-03
   5.5381716e-03
   4.3148795e-03
  -4.2084439e-04
  -1.2288875e-04
   2.1794054e-03
   8.8655914e-04
  -3.5741226e-03
  -1.0668824e-02
  -2.8077307e-02
  -3.3332527e-02
  -3.0403210e-02
  -2.0522959e-02
  -1.0458053e-02
  -3.1732062e-03
  -9.1099708e-04
  -1.0210904e-02
  -1.8555038e-02
   0.0000000e+00
   0.0000000e+00
   0.0000000e+00
   0.0000000e+00
   0.0000000e+00
  -0.0000000e+00
  -0.0000000e+00
  -0.0000000e+00
   0.0000000e+00
   0.0000000e+00
   0.0000000e+00
   0.0000000e+00
  -0.0000000e+00
  -2.4790693e-02
  -6.4088129e-03
  -3.3643117e-03
  -2.9099598e-03
   0.0000000e+00
   0.0000000e+00
   0.0000000e+00
   0.0000000e+00
   0.0000000e+00
   0.0000000e+00
   0.0000000e+00
   0.0000000e+00
   0.0000000e+00
   0.0000000e+00
   0.0000000e+00
