   0.0000000e+00
   0.0000000e+00
   0.0000000e+00
   0.0000000e+00
   0.0000000e+00
   0.0000000e+00
   0.0000000e+00
   0.0000000e+00
   0.0000000e+00
   3.6484476e-02
   8.0599994e-03
  -2.9424342e-03
  -9.4436351e-03
  -1.2953939e-02
  -3.8853764e-02
  -4.8071423e-02
  -0.0000000e+00
  -0.0000000e+00
   0.0000000e+00
   0.0000000e+00
   0.0000000e+00
   0.0000000e+00
   0.0000000e+00
   0.0000000e+00
   0.0000000e+00
   0.0000000e+00
   0.0000000e+00
  -3.9506878e-03
  -9.4821273e-03
  -1.2144227e-02
  -0.0000000e+00
   0.0000000e+00
   0.0000000e+00
   0.0000000e+00
   0.0000000e+00
   0.0000000e+00
   0.0000000e+00
   0.0000000e+00
   0.0000000e+00
   0.0000000e+00
   0.0000000e+00
   0.0000000e+00
   0.0000000e+00
   0.0000000e+00
   0.0000000e+00
   0.0000000e+00
   0.0000000e+00
   0.0000000e+00
   0.0000000e+00
   0.0000000e+00
   0.0000000e+00
   0.0000000e+00
   0.0000000e+00
  -0.0000000e+00
  -0.0000000e+00
  -0.0000000e+00
  -1.7981233e-02
   1.2554824e-02
   3.7639398e-02
   4.7576770e-02
   5.1677130e-02
   5.0385840e-02
   4.4301659e-02
   4.1660070e-02
   2.8194096e-02
   1.5006762e-02
   9.1325240e-03
   5.0261856e-03
   2.2234275e-02
   2.3465272e-02
   1.8753794e-02
   2.0208947e-02
   5.1566819e-03
   0.0000000e+00
   1.2028958e-02
   6.6116885e-03
   1.5999068e-02
   1.3124504e-02
   7.4246173e-03
  -3.2228941e-03
  -1.3750526e-02
  -3.6211672e-02
  -5.9339708e-02
  -7.0505801e-02
  -7.6295706e-02
  -5.1163487e-02
  -0.0000000e+00
  -0.0000000e+00
   0.0000000e+00
   0.0000000e+00
  -0.0000000e+00
  -0.0000000e+00
  -0.0000000e+00
   0.0000000e+00
   0.0000000e+00
   0.0000000e+00
  -3.4421264e-02
  -2.3853018e-02
  -1.6776845e-02
  -1.1525911e-02
   2.5058757e-04
   1.8763185e-02
   3.5463300e-02
   5.4167576e-02
   6.6848762e-02
   8.2227856e-02
   9.7754277e-02
   1.0741635e-01
   1.0585992e-01
   1.0046979e-01
   9.6553631e-02
   9.4186999e-02
   9.0984643e-02
   8.3929785e-02
   7.9032935e-02
   7.5421862e-02
   7.5875156e-02
   7.6308519e-02
   7.5131476e-02
   7.4424818e-02
   6.1580925e-02
   8.8054226e-02
   6.8574002e-02
   6.3104674e-02
   6.3655719e-02
   5.9063435e-02
   5.4175854e-02
   4.6167467e-02
   3.9191749e-02
   2.9221855e-02
   2.2591066e-02
   1.7769378e-02
   1.7444463e-02
   1.6922843e-02
   1.8751062e-02
   1.9861209e-02
   1.5796957e-02
  -3.1040267e-03
  -1.0298323e-02
  -2.5006414e-03
   1.0680377e-02
   7.5525186e-03
  -1.5662008e-02
  -3.4739478e-02
   5.9373107e-02
   5.9592482e-02
   6.2003180e-02
   6.5672502e-02
   7.3467039e-02
   8.3625540e-02
   9.3501136e-02
   1.0171637e-01
   1.0747582e-01
   1.1547386e-01
   1.2844221e-01
   1.3826302e-01
   1.3951035e-01
   1.3474718e-01
   1.3023123e-01
   1.2805198e-01
   1.2588879e-01
   1.2349238e-01
   1.2079535e-01
   1.1921333e-01
   1.1818664e-01
   1.1678629e-01
   1.1623266e-01
   1.1980490e-01
   1.3282172e-01
   1.2579836e-01
   1.1480855e-01
   1.0130627e-01
   9.6172161e-02
   9.7476840e-02
   9.5143303e-02
   9.2073239e-02
   9.0371974e-02
   8.8176772e-02
   8.8254333e-02
   9.0970941e-02
   9.4960086e-02
   9.8989621e-02
   1.0215238e-01
   1.0306563e-01
   1.0107192e-01
   9.7108901e-02
   9.3125761e-02
   8.9149013e-02
   8.7833956e-02
   9.0235271e-02
   7.9122439e-02
   6.5437175e-02
   1.2216610e-01
   1.1815085e-01
   1.1466037e-01
   1.1102461e-01
   1.0965957e-01
   1.0789663e-01
   1.0517283e-01
   1.0440999e-01
   1.0307759e-01
   1.0595621e-01
   1.1696868e-01
   1.2851572e-01
   1.3596389e-01
   1.3646778e-01
   1.3549060e-01
   1.3613722e-01
   1.3540260e-01
   1.3474455e-01
   1.3425091e-01
   1.3304627e-01
   1.3177405e-01
   1.2924518e-01
   1.2378780e-01
   1.1676417e-01
   1.3592994e-01
   0.0000000e+00
   8.3364330e-02
   9.3610354e-02
   1.0425441e-01
   1.1497163e-01
   1.2101866e-01
   1.2615046e-01
   1.3002919e-01
   1.3299249e-01
   1.3594294e-01
   1.3981691e-01
   1.4437701e-01
   1.4792310e-01
   1.4955229e-01
   1.4973696e-01
   1.5020126e-01
   1.5255146e-01
   1.5279467e-01
   1.4837776e-01
   1.4779399e-01
   1.5506554e-01
   1.4378300e-01
   1.2952001e-01
   1.5664538e-01
   1.4801163e-01
   1.3721714e-01
   1.2461215e-01
   1.1376100e-01
   1.0282540e-01
   8.9803990e-02
   8.0020862e-02
   7.5576016e-02
   7.4157612e-02
   8.2168157e-02
   9.3027186e-02
   1.0438411e-01
   1.1153713e-01
   1.1661635e-01
   1.2050157e-01
   1.2252490e-01
   1.2366859e-01
   1.2344973e-01
   1.2292903e-01
   1.2194429e-01
   1.1698081e-01
   1.0509459e-01
   8.2549627e-02
   5.3784033e-02
   0.0000000e+00
   3.8201672e-02
   6.5470308e-02
   9.0206835e-02
   1.1114582e-01
   1.2730989e-01
   1.4091520e-01
   1.5080022e-01
   1.5668598e-01
   1.5866600e-01
   1.6016336e-01
   1.6081152e-01
   1.5893004e-01
   1.5610105e-01
   1.5303919e-01
   1.5382468e-01
   1.6102550e-01
   1.6545921e-01
   1.6425519e-01
   1.7936008e-01
   1.9168238e-01
   1.7929397e-01
   1.6559759e-01
   1.5981188e-01
   1.4568466e-01
   1.2954915e-01
   1.1303299e-01
   9.8908000e-02
   9.3598760e-02
   6.5978649e-02
   5.2375678e-02
   4.9278799e-02
   4.8837697e-02
   4.9176954e-02
   6.2293340e-02
   7.5692303e-02
   8.5319564e-02
   9.2061043e-02
   9.7715452e-02
   1.0087003e-01
   1.0131532e-01
   1.0185865e-01
   1.0258416e-01
   1.0062268e-01
   9.5254645e-02
   8.4466338e-02
   5.9187744e-02
   2.9743040e-02
   0.0000000e+00
   2.1277297e-02
   4.6636000e-02
   7.0431300e-02
   9.3701102e-02
   1.1691379e-01
   1.3546675e-01
   1.4756043e-01
   1.5486178e-01
   1.5525022e-01
   1.5165871e-01
   1.4628014e-01
   1.3910426e-01
   1.3055615e-01
   1.2398198e-01
   1.2586023e-01
   1.3573582e-01
   1.4445733e-01
   1.5068057e-01
   1.7790750e-01
   1.9287410e-01
   1.8287013e-01
   1.7158708e-01
   1.3861097e-01
   1.1974493e-01
   1.0061533e-01
   8.4483586e-02
   7.2099149e-02
   6.7730374e-02
   3.8441364e-02
   2.5177108e-02
   1.7823029e-02
   1.8171326e-02
   2.6436150e-02
   3.6303237e-02
   4.6284065e-02
   5.4530233e-02
   6.0598452e-02
   6.5722413e-02
   6.8721719e-02
   6.9658637e-02
   7.0388131e-02
   7.0550293e-02
   6.9852486e-02
   6.7262329e-02
   5.8639191e-02
   3.7744962e-02
   1.7559792e-02
  -0.0000000e+00
   1.0337489e-02
   2.7927548e-02
   4.6524145e-02
   6.8275109e-02
   9.3214549e-02
   1.1249820e-01
   1.2520248e-01
   1.3184476e-01
   1.2893055e-01
   1.1867237e-01
   1.0549145e-01
   9.3102045e-02
   8.3092079e-02
   7.5490177e-02
   7.8210428e-02
   9.0046570e-02
   1.0519677e-01
   1.2167720e-01
   1.4883834e-01
   1.6213158e-01
   1.6004781e-01
   1.5207773e-01
   1.0445648e-01
   9.6136088e-02
   6.8911074e-02
   5.4246824e-02
   5.0758881e-02
   0.0000000e+00
   2.3239185e-02
   1.1291447e-02
   5.2423044e-03
   7.1655298e-03
   1.1390627e-02
   1.7232409e-02
   2.3570707e-02
   2.9352395e-02
   3.3910945e-02
   3.7551682e-02
   3.9825846e-02
   4.1124400e-02
   4.1909732e-02
   4.3195687e-02
   4.4605821e-02
   4.3743499e-02
   3.7514962e-02
   2.2416893e-02
   1.0871207e-02
   0.0000000e+00
   2.0947996e-03
   1.5531503e-02
   2.9659756e-02
   4.6719171e-02
   6.8691023e-02
   8.4729344e-02
   9.4419651e-02
   9.7598158e-02
   9.1612302e-02
   7.6161720e-02
   5.6685988e-02
   4.5321647e-02
   4.4161875e-02
   4.0311653e-02
   4.3161340e-02
   5.3874847e-02
   7.0467673e-02
   8.9461520e-02
   1.0995645e-01
   1.2082727e-01
   1.2297483e-01
   1.1643405e-01
   6.1777588e-02
   5.5534968e-02
   5.0017114e-02
   2.8931645e-02
   3.3894155e-02
   0.0000000e+00
   0.0000000e+00
   4.6811039e-03
  -1.5379061e-04
  -1.2660720e-03
  -1.4192030e-03
   2.6204967e-04
   3.2455339e-03
   6.6349786e-03
   9.9466266e-03
   1.2299386e-02
   1.3583115e-02
   1.5245646e-02
   1.7394682e-02
   2.0283746e-02
   2.2678558e-02
   2.2623762e-02
   1.8264547e-02
   9.5812082e-03
   4.0892189e-03
   0.0000000e+00
  -0.0000000e+00
   5.8913707e-03
   1.5831299e-02
   2.8857777e-02
   4.5612566e-02
   5.6520246e-02
   6.1458007e-02
   6.0445890e-02
   5.1513769e-02
   2.9476387e-02
   7.4928505e-03
   9.9951522e-03
   1.7243721e-02
   1.4710454e-02
   1.6296940e-02
   2.5331168e-02
   3.9825704e-02
   5.4778419e-02
   6.7726426e-02
   7.5743727e-02
   7.8386225e-02
   7.3435396e-02
   1.8610708e-02
   1.5559787e-02
   0.0000000e+00
   0.0000000e+00
   0.0000000e+00
   0.0000000e+00
   0.0000000e+00
  -9.6991402e-04
  -6.8682930e-03
  -1.0993675e-02
  -1.4691242e-02
  -1.6429112e-02
  -1.6218211e-02
  -1.4317192e-02
  -1.1510228e-02
  -9.2585949e-03
  -7.1996259e-03
  -4.5938271e-03
  -1.0129488e-03
   2.4196619e-03
   4.1465333e-03
   3.4711864e-03
   2.9666369e-04
  -1.4826323e-03
  -8.1909063e-04
   0.0000000e+00
   0.0000000e+00
  -0.0000000e+00
   6.7946482e-04
   1.0997935e-02
   2.2664712e-02
   2.8179858e-02
   2.9428994e-02
   2.5454512e-02
   1.2019509e-02
  -1.4234902e-02
  -1.6886953e-02
   2.5347126e-03
  -5.9807889e-03
  -6.6031431e-03
  -5.2716027e-03
   2.0584707e-03
   1.1822532e-02
   1.9742084e-02
   2.6423167e-02
   3.1368291e-02
   3.3148905e-02
   2.9233260e-02
  -1.4935978e-02
   7.8901957e-03
   0.0000000e+00
   0.0000000e+00
   0.0000000e+00
   0.0000000e+00
  -0.0000000e+00
  -1.1107445e-02
  -1.7673487e-02
  -2.3385908e-02
  -2.8842621e-02
  -3.2457713e-02
  -3.3524662e-02
  -3.2242119e-02
  -2.9547280e-02
  -2.6056537e-02
  -2.2374894e-02
  -1.8105809e-02
  -1.4001256e-02
  -1.1413241e-02
  -1.1428253e-02
  -1.3608704e-02
  -1.6019952e-02
  -9.3619647e-03
  -1.1753175e-03
   0.0000000e+00
   0.0000000e+00
  -0.0000000e+00
  -1.2871630e-02
  -4.1831895e-03
   2.5417204e-03
   3.5835973e-03
   1.7363266e-03
  -5.3036599e-03
  -2.0648340e-02
  -3.1861626e-02
  -3.0257474e-02
   0.0000000e+00
  -0.0000000e+00
  -2.0365734e-02
  -2.0486934e-02
  -1.6807020e-02
  -1.3495202e-02
  -1.2156027e-02
  -9.8413639e-03
  -7.7508483e-03
  -7.2056809e-03
  -1.0861891e-02
  -3.4494366e-02
   0.0000000e+00
   0.0000000e+00
   0.0000000e+00
   0.0000000e+00
   0.0000000e+00
  -0.0000000e+00
  -2.4492403e-02
  -3.0451009e-02
  -3.6640264e-02
  -4.2746570e-02
  -4.6598736e-02
  -4.7816861e-02
  -4.6656601e-02
  -4.3046463e-02
  -3.7556980e-02
  -3.1912476e-02
  -2.6033156e-02
  -2.2571070e-02
  -2.2631783e-02
  -2.5643654e-02
  -2.9470760e-02
  -3.0513132e-02
  -1.6537795e-02
  -1.2584944e-03
   0.0000000e+00
   0.0000000e+00
   0.0000000e+00
  -2.5941933e-02
  -1.7248873e-02
  -1.3672685e-02
  -1.6022254e-02
  -2.1884600e-02
  -3.2731947e-02
  -4.7518816e-02
  -5.0745577e-02
   0.0000000e+00
   0.0000000e+00
  -0.0000000e+00
  -2.8855205e-02
  -3.0869736e-02
  -3.3452373e-02
  -3.7439812e-02
  -4.0733732e-02
  -4.1622493e-02
  -4.1684106e-02
  -4.1281816e-02
  -4.0862896e-02
  -3.4216849e-02
  -1.5682703e-02
   0.0000000e+00
   0.0000000e+00
   0.0000000e+00
   0.0000000e+00
  -0.0000000e+00
  -3.4885015e-02
  -3.9537873e-02
  -4.5731816e-02
  -5.1827144e-02
  -5.5727247e-02
  -5.6383181e-02
  -5.4297630e-02
  -4.9766026e-02
  -4.2441208e-02
  -3.5231125e-02
  -2.9695719e-02
  -2.8474135e-02
  -3.1662989e-02
  -3.7360929e-02
  -4.2181764e-02
  -4.1226491e-02
  -2.4212338e-02
  -7.2545607e-03
   0.0000000e+00
   0.0000000e+00
   0.0000000e+00
  -3.5779799e-02
  -2.5721069e-02
  -2.4047477e-02
  -3.0027200e-02
  -4.0035181e-02
  -5.2696988e-02
  -6.2507123e-02
  -5.1521456e-02
   0.0000000e+00
   0.0000000e+00
  -0.0000000e+00
  -2.8122273e-02
  -3.3543906e-02
  -4.4477921e-02
  -5.4131035e-02
  -6.0066860e-02
  -6.3031226e-02
  -6.3769296e-02
  -6.1724234e-02
  -5.3510856e-02
  -2.7958445e-02
  -1.5701361e-02
   0.0000000e+00
   0.0000000e+00
   0.0000000e+00
   0.0000000e+00
  -4.0607512e-02
  -4.1241277e-02
  -4.4762105e-02
  -5.0354656e-02
  -5.6010798e-02
  -5.9254587e-02
  -5.8801547e-02
  -5.5686213e-02
  -5.0679658e-02
  -4.3046426e-02
  -3.6437210e-02
  -3.4073487e-02
  -3.6531247e-02
  -4.2388573e-02
  -4.9062457e-02
  -5.3414900e-02
  -5.0136540e-02
  -3.1433202e-02
  -1.0581975e-02
   0.0000000e+00
   0.0000000e+00
   0.0000000e+00
  -0.0000000e+00
  -2.9919082e-02
  -3.3036411e-02
  -4.2499576e-02
  -5.4544814e-02
  -6.5451577e-02
  -6.3951895e-02
  -3.6459048e-02
   0.0000000e+00
   0.0000000e+00
  -0.0000000e+00
  -2.5369014e-02
  -3.7322169e-02
  -5.1344123e-02
  -6.4623766e-02
  -7.2525404e-02
  -7.7218749e-02
  -7.8388833e-02
  -7.3627979e-02
  -5.7345092e-02
  -2.8861061e-02
  -1.5633180e-02
  -1.2563595e-02
   0.0000000e+00
   0.0000000e+00
  -0.0000000e+00
  -4.2669190e-02
  -4.1876199e-02
  -4.4392346e-02
  -4.9009902e-02
  -5.3502512e-02
  -5.5254769e-02
  -5.3817515e-02
  -5.0334727e-02
  -4.5681821e-02
  -4.0713834e-02
  -3.8794383e-02
  -4.1659920e-02
  -4.7688173e-02
  -5.5069190e-02
  -6.1107148e-02
  -6.3715257e-02
  -5.8259737e-02
  -3.8171417e-02
  -1.4806651e-02
   0.0000000e+00
   0.0000000e+00
   0.0000000e+00
   0.0000000e+00
  -3.1686100e-02
  -4.2266129e-02
  -5.3006095e-02
  -6.3296139e-02
  -6.8627729e-02
  -5.5903216e-02
  -2.3521714e-02
   0.0000000e+00
   0.0000000e+00
   0.0000000e+00
  -2.5745787e-02
  -4.3908310e-02
  -5.5484616e-02
  -7.0435717e-02
  -7.9618184e-02
  -8.5076419e-02
  -8.6071392e-02
  -7.8315912e-02
  -5.7389953e-02
  -2.8489036e-02
  -1.5438294e-02
  -1.2874413e-02
   0.0000000e+00
   0.0000000e+00
  -0.0000000e+00
  -4.1055627e-02
  -3.8001962e-02
  -3.8566925e-02
  -4.1485697e-02
  -4.4242948e-02
  -4.4394866e-02
  -4.2135797e-02
  -3.9162960e-02
  -3.6877643e-02
  -3.7438460e-02
  -4.2727798e-02
  -5.0967623e-02
  -5.9058391e-02
  -6.6021062e-02
  -7.0227861e-02
  -7.0527174e-02
  -6.4020753e-02
  -4.5033261e-02
  -2.2740213e-02
   0.0000000e+00
   0.0000000e+00
   0.0000000e+00
   0.0000000e+00
  -3.7404134e-02
  -5.0539281e-02
  -5.9622712e-02
  -6.5176763e-02
  -6.2731549e-02
  -4.4354122e-02
  -3.1480673e-02
   0.0000000e+00
   0.0000000e+00
   0.0000000e+00
  -0.0000000e+00
  -6.1307014e-03
  -5.9482148e-02
  -7.2380900e-02
  -8.1588738e-02
  -8.6097993e-02
  -8.5951738e-02
  -7.6256886e-02
  -5.4155756e-02
  -2.4754256e-02
  -1.5573792e-02
  -1.8904848e-02
  -2.4668557e-02
  -0.0000000e+00
  -0.0000000e+00
  -3.5744999e-02
  -3.0954640e-02
  -2.8723925e-02
  -2.9077921e-02
  -2.9834867e-02
  -2.9119056e-02
  -2.7000125e-02
  -2.5706612e-02
  -2.7398597e-02
  -3.4258515e-02
  -4.6428744e-02
  -5.8913559e-02
  -6.7513786e-02
  -7.2257467e-02
  -7.2875075e-02
  -6.9615513e-02
  -6.3176729e-02
  -4.9672092e-02
  -4.0982652e-02
   0.0000000e+00
   0.0000000e+00
   0.0000000e+00
   0.0000000e+00
  -4.2737669e-02
  -5.4765321e-02
  -6.0747370e-02
  -5.9806749e-02
  -4.9832713e-02
  -2.7865652e-02
  -7.3612022e-03
   0.0000000e+00
   0.0000000e+00
   0.0000000e+00
  -0.0000000e+00
  -7.6228637e-03
  -5.9737593e-02
  -7.0647307e-02
  -7.7733412e-02
  -7.9398826e-02
  -7.7183098e-02
  -6.6725552e-02
  -4.5828249e-02
  -1.7188031e-02
  -1.4975817e-02
  -2.2969229e-02
  -3.4072754e-02
  -5.4314669e-02
  -0.0000000e+00
  -0.0000000e+00
  -2.2955807e-02
  -1.7953333e-02
  -1.5406333e-02
  -1.4375284e-02
  -1.3429753e-02
  -1.2599370e-02
  -1.4105612e-02
  -1.9465717e-02
  -3.0363729e-02
  -4.6351627e-02
  -6.1644312e-02
  -7.0657708e-02
  -7.3452920e-02
  -7.0134625e-02
  -6.2167380e-02
  -5.2226812e-02
  -3.8783629e-02
   0.0000000e+00
   0.0000000e+00
   0.0000000e+00
   0.0000000e+00
   0.0000000e+00
  -0.0000000e+00
  -5.3231958e-02
  -5.5294599e-02
  -4.8129130e-02
  -3.3304032e-02
  -1.1315572e-02
   4.1590587e-03
   0.0000000e+00
   0.0000000e+00
   0.0000000e+00
  -0.0000000e+00
  -2.7128009e-02
  -5.6214052e-02
  -6.4416155e-02
  -6.8238318e-02
  -6.5847367e-02
  -6.0526669e-02
  -4.9827792e-02
  -3.2167353e-02
  -7.4920361e-03
  -1.1088839e-02
  -2.6034999e-02
  -3.8386209e-02
  -0.0000000e+00
  -0.0000000e+00
  -2.2279772e-02
  -1.6440700e-02
  -1.0838228e-02
  -7.5891944e-03
  -6.1505082e-03
  -5.5480915e-03
  -6.0680871e-03
  -8.7791985e-03
  -1.4596684e-02
  -2.4726463e-02
  -3.9364109e-02
  -5.4514780e-02
  -6.3901249e-02
  -6.6086825e-02
  -6.0826063e-02
  -4.8940010e-02
  -3.2903766e-02
  -1.8749436e-02
   0.0000000e+00
   0.0000000e+00
   0.0000000e+00
   0.0000000e+00
   0.0000000e+00
  -0.0000000e+00
  -4.5166078e-02
  -4.3865978e-02
  -3.2814032e-02
  -1.6730079e-02
   1.2205048e-03
   8.8809084e-03
   0.0000000e+00
   0.0000000e+00
   0.0000000e+00
  -0.0000000e+00
  -3.6304789e-02
  -4.9276664e-02
  -5.4074220e-02
  -5.4393246e-02
  -4.8292729e-02
  -3.9933974e-02
  -2.9419174e-02
  -1.5902006e-02
   9.0038485e-04
  -5.6600281e-03
  -1.9263580e-02
  -2.5998605e-02
  -2.2969216e-02
  -0.0000000e+00
  -1.9137300e-02
  -1.5803578e-02
  -1.3118503e-02
  -1.2356967e-02
  -1.2316612e-02
  -1.2226674e-02
  -1.2786873e-02
  -1.4329871e-02
  -1.7223463e-02
  -2.2234870e-02
  -3.0147456e-02
  -3.9775903e-02
  -4.6672507e-02
  -4.7798152e-02
  -4.2102757e-02
  -2.9851068e-02
  -1.4099430e-02
  -7.7497398e-03
   0.0000000e+00
   0.0000000e+00
   0.0000000e+00
   0.0000000e+00
   0.0000000e+00
  -0.0000000e+00
  -3.2580098e-02
  -2.9168848e-02
  -1.6810569e-02
  -1.5706218e-03
   1.0494271e-02
   1.5040893e-02
   0.0000000e+00
   0.0000000e+00
   0.0000000e+00
  -0.0000000e+00
  -3.2967860e-02
  -3.8080568e-02
  -4.0441102e-02
  -3.7568456e-02
  -2.9069139e-02
  -1.9256246e-02
  -1.0128984e-02
  -1.3449817e-03
   5.6475668e-03
  -2.1993702e-03
  -1.2240007e-02
  -1.5971611e-02
  -2.0119087e-02
  -2.7104695e-02
  -2.4661587e-02
  -2.6065750e-02
  -2.8042573e-02
  -3.0297514e-02
  -3.1865230e-02
  -3.2588808e-02
  -3.3231897e-02
  -3.3957707e-02
  -3.4632797e-02
  -3.4994485e-02
  -3.5010098e-02
  -3.5182210e-02
  -3.4319671e-02
  -3.0393943e-02
  -2.2327421e-02
  -9.8518009e-03
   4.2268683e-03
   8.8216301e-03
   0.0000000e+00
   0.0000000e+00
   0.0000000e+00
   0.0000000e+00
   0.0000000e+00
  -0.0000000e+00
  -1.8442786e-02
  -1.3455412e-02
  -1.5559372e-03
   1.1662524e-02
   1.7197031e-02
   1.7012254e-02
   0.0000000e+00
   0.0000000e+00
   0.0000000e+00
  -0.0000000e+00
  -2.4895610e-02
  -2.3876315e-02
  -2.4602539e-02
  -1.9286194e-02
  -9.8943251e-03
  -1.0177680e-03
   4.4247003e-03
   7.9380788e-03
   5.1917367e-03
   0.0000000e+00
  -1.3089878e-02
  -1.9174101e-02
  -3.1834532e-02
  -3.8035020e-02
  -3.6404971e-02
  -4.1495506e-02
  -4.5609843e-02
  -4.8670642e-02
  -5.0814811e-02
  -5.2538335e-02
  -5.4256584e-02
  -5.6263212e-02
  -5.8069035e-02
  -5.8527470e-02
  -5.6442816e-02
  -5.2287370e-02
  -4.6154909e-02
  -3.7216235e-02
  -2.5386184e-02
  -1.0260091e-02
   6.4125406e-03
   1.0822569e-02
   0.0000000e+00
   0.0000000e+00
   0.0000000e+00
   0.0000000e+00
  -0.0000000e+00
  -1.3226977e-02
  -5.3256890e-03
   1.3699683e-03
   1.2342531e-02
   2.3432545e-02
   2.2400375e-02
   1.7690268e-02
   0.0000000e+00
   0.0000000e+00
   0.0000000e+00
  -0.0000000e+00
  -1.6857454e-02
  -9.7873099e-03
  -9.5774755e-03
  -2.6139696e-03
   6.5450519e-03
   1.2907313e-02
   1.3964129e-02
   1.3981735e-02
   0.0000000e+00
   0.0000000e+00
  -1.4568985e-02
  -2.3518733e-02
  -3.7401925e-02
  -4.1505749e-02
  -4.2798648e-02
  -4.7391510e-02
  -5.0511768e-02
  -5.2403298e-02
  -5.3785828e-02
  -5.5166510e-02
  -5.6684264e-02
  -5.8808160e-02
  -6.1321940e-02
  -6.3163809e-02
  -6.3361004e-02
  -6.1691780e-02
  -5.7447438e-02
  -5.0640417e-02
  -4.1705223e-02
  -2.7710224e-02
  -7.1494147e-03
   1.0839001e-04
   0.0000000e+00
   0.0000000e+00
   0.0000000e+00
   0.0000000e+00
  -2.9435603e-02
  -1.7640972e-02
   2.9885595e-03
   1.2807181e-02
   2.4525315e-02
   3.5737313e-02
   2.6864034e-02
   1.6660845e-02
   0.0000000e+00
   0.0000000e+00
   0.0000000e+00
   0.0000000e+00
  -7.5982441e-03
  -5.2549282e-04
   6.0485622e-04
   9.0308933e-03
   1.8151411e-02
   2.2413702e-02
   2.0418601e-02
   2.0247890e-02
   0.0000000e+00
   0.0000000e+00
  -0.0000000e+00
  -2.4022507e-02
  -3.5144820e-02
  -3.9796847e-02
  -4.3156995e-02
  -4.7073977e-02
  -5.0080718e-02
  -5.1539452e-02
  -5.2363546e-02
  -5.3312571e-02
  -5.4708106e-02
  -5.7155129e-02
  -6.0188700e-02
  -6.2909856e-02
  -6.4533330e-02
  -6.4681545e-02
  -6.2720366e-02
  -5.8599733e-02
  -5.3338704e-02
  -4.4508865e-02
  -2.2298032e-02
  -1.1268002e-02
   0.0000000e+00
   0.0000000e+00
   0.0000000e+00
  -0.0000000e+00
  -3.8431949e-02
  -1.5695391e-02
   6.4123153e-03
   1.9481761e-02
   3.5497851e-02
   5.0751784e-02
   3.3458169e-02
   1.9536512e-02
   0.0000000e+00
   0.0000000e+00
   0.0000000e+00
   0.0000000e+00
   0.0000000e+00
   8.1671644e-03
   6.9494137e-03
   1.6477389e-02
   2.7763687e-02
   3.0310383e-02
   2.5498311e-02
   0.0000000e+00
   5.8443452e-04
   0.0000000e+00
  -1.3752141e-02
  -2.4177471e-02
  -3.3643138e-02
  -3.9254025e-02
  -4.3700658e-02
  -4.8117224e-02
  -5.1619370e-02
  -5.3087570e-02
  -5.3253993e-02
  -5.3056441e-02
  -5.3223904e-02
  -5.5143837e-02
  -5.8713853e-02
  -6.2745742e-02
  -6.6614978e-02
  -6.9895416e-02
  -7.1436130e-02
  -7.0670582e-02
  -6.8835497e-02
  -6.6951342e-02
  -4.4201069e-02
  -9.3069309e-03
   0.0000000e+00
   0.0000000e+00
   0.0000000e+00
  -0.0000000e+00
  -3.9345887e-02
  -1.6081825e-02
   5.7314928e-03
   2.0483490e-02
   3.5976902e-02
   5.0751784e-02
   3.6876838e-02
   1.9536511e-02
   0.0000000e+00
   0.0000000e+00
   0.0000000e+00
   0.0000000e+00
   0.0000000e+00
   1.7448485e-02
   1.0915213e-02
   2.1291010e-02
   4.0428083e-02
   4.0219177e-02
   2.8466811e-02
   0.0000000e+00
   2.5341705e-03
   7.0607844e-03
  -1.8567405e-02
  -2.8171649e-02
  -3.6890179e-02
  -4.3533627e-02
  -4.9470425e-02
  -5.4957584e-02
  -5.8811959e-02
  -6.0440563e-02
  -6.0148835e-02
  -5.8397047e-02
  -5.5656020e-02
  -5.3485211e-02
  -5.2902095e-02
  -5.3808108e-02
  -5.6670528e-02
  -6.2126689e-02
  -6.8781570e-02
  -7.3766515e-02
  -7.6373920e-02
  -8.3670363e-02
  -7.8537196e-02
  -2.9021481e-02
   0.0000000e+00
   0.0000000e+00
   0.0000000e+00
  -0.0000000e+00
  -4.8519243e-02
  -2.6532577e-02
  -2.2493387e-03
   1.6632982e-02
   2.4193683e-02
   0.0000000e+00
   0.0000000e+00
   0.0000000e+00
   0.0000000e+00
   0.0000000e+00
   0.0000000e+00
   0.0000000e+00
   0.0000000e+00
   2.4026359e-02
   1.3800764e-02
   2.4454411e-02
   5.7135805e-02
   5.4343171e-02
   2.9806525e-02
   2.2589671e-02
   6.4134935e-03
  -5.8683197e-03
  -2.4975077e-02
  -3.4963280e-02
  -4.3438543e-02
  -5.1774897e-02
  -6.0436264e-02
  -6.8533644e-02
  -7.4323528e-02
  -7.7912681e-02
  -7.9480872e-02
  -7.9207718e-02
  -7.6767743e-02
  -7.2594084e-02
  -6.7698561e-02
  -6.2920935e-02
  -5.9319228e-02
  -5.8518846e-02
  -6.1269216e-02
  -6.5357625e-02
  -6.6632286e-02
  -7.2730184e-02
  -1.0323042e-01
  -5.6096265e-02
   0.0000000e+00
   0.0000000e+00
  -0.0000000e+00
  -7.0759350e-02
  -6.3760743e-02
  -4.2223133e-02
  -1.4777631e-02
   1.2777473e-02
   2.0909061e-02
   0.0000000e+00
   0.0000000e+00
   0.0000000e+00
   0.0000000e+00
   0.0000000e+00
   0.0000000e+00
   0.0000000e+00
   0.0000000e+00
   3.2862888e-02
   2.0150870e-02
   1.7283700e-02
   5.8760460e-02
   5.7081682e-02
   4.1172768e-02
   2.2589670e-02
   0.0000000e+00
  -1.0232942e-02
  -3.0129835e-02
  -4.0840855e-02
  -4.8801652e-02
  -5.8696214e-02
  -7.0030991e-02
  -8.0983912e-02
  -8.9653110e-02
  -9.5936788e-02
  -1.0002311e-01
  -1.0232422e-01
  -1.0240444e-01
  -9.9953739e-02
  -9.4785264e-02
  -8.7090185e-02
  -7.7935432e-02
  -6.8594832e-02
  -6.1955031e-02
  -6.0159493e-02
  -5.8107137e-02
  -4.4836677e-02
  -7.3196393e-02
  -7.5336918e-02
  -9.3722642e-02
   0.0000000e+00
  -9.1441315e-02
  -8.3208715e-02
  -7.6330413e-02
  -5.6105725e-02
  -2.8942773e-02
  -2.5707770e-04
   2.1136933e-02
   0.0000000e+00
   0.0000000e+00
   0.0000000e+00
   0.0000000e+00
   0.0000000e+00
   0.0000000e+00
   0.0000000e+00
   0.0000000e+00
   3.7976570e-02
   3.2071503e-02
   2.2211322e-02
   0.0000000e+00
   4.3942925e-02
   4.1929381e-02
   0.0000000e+00
  -0.0000000e+00
  -2.3998919e-02
  -3.6690741e-02
  -4.4076106e-02
  -5.0884874e-02
  -6.1552625e-02
  -7.4576280e-02
  -8.7535907e-02
  -9.8830882e-02
  -1.0759573e-01
  -1.1402141e-01
  -1.1829778e-01
  -1.2007294e-01
  -1.1918876e-01
  -1.1480177e-01
  -1.0627218e-01
  -9.4023231e-02
  -7.7879189e-02
  -6.1028347e-02
  -5.0293454e-02
  -5.0817890e-02
  -4.5418124e-02
  -3.2984769e-02
  -1.0851692e-01
  -0.0000000e+00
  -1.1925813e-01
  -9.5854353e-02
  -9.3073044e-02
  -8.7426928e-02
  -7.1220151e-02
  -4.6218203e-02
  -1.8211261e-02
   0.0000000e+00
   0.0000000e+00
   0.0000000e+00
   0.0000000e+00
   0.0000000e+00
   0.0000000e+00
   0.0000000e+00
   0.0000000e+00
   0.0000000e+00
   4.5216105e-02
   4.6354434e-02
   3.1157780e-02
   0.0000000e+00
   3.6344804e-02
   3.6220530e-02
   0.0000000e+00
  -0.0000000e+00
  -4.5201659e-02
  -4.7123380e-02
  -4.7076728e-02
  -5.1443405e-02
  -6.1354741e-02
  -7.4453220e-02
  -8.8373855e-02
  -1.0121390e-01
  -1.1170322e-01
  -1.1980306e-01
  -1.2539162e-01
  -1.2815617e-01
  -1.2786222e-01
  -1.2413070e-01
  -1.1559755e-01
  -1.0090426e-01
  -7.8862183e-02
  -5.2181784e-02
  -3.0801939e-02
  -2.7363259e-02
  -4.7523413e-02
   0.0000000e+00
  -0.0000000e+00
  -1.6311589e-01
  -1.1064780e-01
  -9.5240697e-02
  -9.6936569e-02
  -9.5240220e-02
  -8.6260207e-02
  -6.6386014e-02
  -3.5320478e-02
   0.0000000e+00
   0.0000000e+00
   0.0000000e+00
   0.0000000e+00
   0.0000000e+00
   0.0000000e+00
   0.0000000e+00
   0.0000000e+00
   0.0000000e+00
   0.0000000e+00
   6.4409688e-02
   4.5184553e-02
   0.0000000e+00
   0.0000000e+00
   0.0000000e+00
   0.0000000e+00
  -0.0000000e+00
  -6.6257184e-02
  -6.0892105e-02
  -5.3066798e-02
  -5.3809367e-02
  -6.0761854e-02
  -7.1768261e-02
  -8.5030347e-02
  -9.7630352e-02
  -1.0825340e-01
  -1.1666127e-01
  -1.2255101e-01
  -1.2561019e-01
  -1.2539895e-01
  -1.2188204e-01
  -1.1348210e-01
  -9.7292066e-02
  -7.1579941e-02
  -3.8626716e-02
  -1.3113754e-02
  -1.1763694e-02
   0.0000000e+00
  -0.0000000e+00
  -8.3432889e-02
  -1.1413634e-01
  -9.4629236e-02
  -8.7054320e-02
  -8.9890622e-02
  -9.3114495e-02
  -9.3230255e-02
  -8.4105298e-02
  -5.8348806e-02
   0.0000000e+00
   0.0000000e+00
   0.0000000e+00
   0.0000000e+00
   0.0000000e+00
   0.0000000e+00
   0.0000000e+00
   0.0000000e+00
   0.0000000e+00
   0.0000000e+00
   7.9280124e-02
   6.1485259e-02
   0.0000000e+00
   0.0000000e+00
   0.0000000e+00
   0.0000000e+00
   0.0000000e+00
  -0.0000000e+00
  -7.4623688e-02
  -6.1301608e-02
  -5.8738962e-02
  -6.1118364e-02
  -6.7567430e-02
  -7.7897867e-02
  -8.8361961e-02
  -9.7621548e-02
  -1.0495403e-01
  -1.0997217e-01
  -1.1232817e-01
  -1.1183031e-01
  -1.0797288e-01
  -9.9941272e-02
  -8.4587907e-02
  -5.9318573e-02
  -2.5099118e-02
  -1.6529956e-03
  -4.3089417e-03
   0.0000000e+00
  -6.1898621e-02
  -6.6365934e-02
  -8.0397701e-02
  -7.5279465e-02
  -7.2368300e-02
  -7.5994848e-02
  -8.2304319e-02
  -8.8745762e-02
  -8.9184482e-02
  -7.2726899e-02
   0.0000000e+00
   0.0000000e+00
   0.0000000e+00
   0.0000000e+00
   0.0000000e+00
   0.0000000e+00
   0.0000000e+00
   0.0000000e+00
   0.0000000e+00
   0.0000000e+00
   6.7543982e-02
   7.5922653e-02
   0.0000000e+00
   0.0000000e+00
   0.0000000e+00
   0.0000000e+00
   0.0000000e+00
  -0.0000000e+00
  -7.6963884e-02
  -6.8288699e-02
  -6.2161416e-02
  -6.0170736e-02
  -6.1264895e-02
  -6.6839315e-02
  -7.3770203e-02
  -8.0666274e-02
  -8.6337924e-02
  -8.9951165e-02
  -9.1176018e-02
  -9.0787902e-02
  -8.7557890e-02
  -8.0981120e-02
  -6.7934155e-02
  -4.5222931e-02
  -1.2567025e-02
   4.4620161e-03
   0.0000000e+00
  -0.0000000e+00
  -4.8973047e-02
  -4.9545355e-02
  -5.7859410e-02
  -5.7251502e-02
  -5.6905720e-02
  -6.1499596e-02
  -6.9580436e-02
  -7.9094671e-02
  -8.4724888e-02
  -7.6615354e-02
   0.0000000e+00
   0.0000000e+00
   0.0000000e+00
   0.0000000e+00
   0.0000000e+00
   0.0000000e+00
   0.0000000e+00
   0.0000000e+00
   0.0000000e+00
   0.0000000e+00
   0.0000000e+00
   0.0000000e+00
   0.0000000e+00
   0.0000000e+00
   0.0000000e+00
   0.0000000e+00
   0.0000000e+00
   0.0000000e+00
  -0.0000000e+00
  -6.8667732e-02
  -6.0225893e-02
  -5.3415701e-02
  -4.9780667e-02
  -5.0863594e-02
  -5.4385465e-02
  -5.8669336e-02
  -6.2757082e-02
  -6.5262787e-02
  -6.6078827e-02
  -6.6294417e-02
  -6.4601339e-02
  -6.0201716e-02
  -4.9608521e-02
  -2.8668754e-02
  -6.6934101e-03
   7.1884674e-03
   0.0000000e+00
  -0.0000000e+00
  -3.3971187e-02
  -3.2654814e-02
  -3.8572855e-02
  -4.0348016e-02
  -4.1511033e-02
  -4.5932449e-02
  -5.3753905e-02
  -6.4519033e-02
  -7.4371412e-02
  -6.6062957e-02
  -4.9697709e-02
   0.0000000e+00
   0.0000000e+00
   0.0000000e+00
   0.0000000e+00
   0.0000000e+00
   0.0000000e+00
   0.0000000e+00
   0.0000000e+00
   0.0000000e+00
   0.0000000e+00
   0.0000000e+00
   0.0000000e+00
   0.0000000e+00
   0.0000000e+00
   0.0000000e+00
   0.0000000e+00
   0.0000000e+00
  -0.0000000e+00
  -5.9235808e-02
  -4.9911946e-02
  -3.7389845e-02
  -3.1090451e-02
  -2.9245328e-02
  -3.0592876e-02
  -3.3018377e-02
  -3.6174413e-02
  -3.8100138e-02
  -3.8951229e-02
  -3.9586894e-02
  -3.9715189e-02
  -3.7563786e-02
  -2.9460462e-02
  -9.2256945e-03
   1.1228575e-02
   0.0000000e+00
   0.0000000e+00
  -0.0000000e+00
  -1.4871034e-02
  -1.3367746e-02
  -1.7395118e-02
  -2.1225946e-02
  -2.3800062e-02
  -2.7474189e-02
  -3.3672050e-02
  -4.3191452e-02
  -5.4428909e-02
  -5.4897122e-02
  -4.7039541e-02
   0.0000000e+00
   0.0000000e+00
   0.0000000e+00
   0.0000000e+00
   0.0000000e+00
   0.0000000e+00
   0.0000000e+00
   0.0000000e+00
   0.0000000e+00
   0.0000000e+00
   0.0000000e+00
   0.0000000e+00
   0.0000000e+00
   0.0000000e+00
   0.0000000e+00
   0.0000000e+00
   0.0000000e+00
   0.0000000e+00
  -4.1120266e-02
  -3.1750638e-02
  -8.7337038e-03
  -7.0833776e-06
   1.6367002e-03
   1.3548669e-03
  -5.5998925e-04
  -3.0229643e-03
  -5.2782539e-03
  -7.0481510e-03
  -8.6451964e-03
  -1.0382387e-02
  -1.1445588e-02
  -7.1649035e-03
   1.1722365e-02
   2.9993057e-02
   0.0000000e+00
   0.0000000e+00
   0.0000000e+00
   0.0000000e+00
   9.7598375e-03
   1.0534291e-02
   4.9809460e-03
   4.9979240e-04
  -3.1245677e-03
  -7.7182399e-03
  -1.5006813e-02
  -2.5131172e-02
  -3.1364817e-02
  -2.2260311e-02
   0.0000000e+00
   0.0000000e+00
   0.0000000e+00
   0.0000000e+00
   0.0000000e+00
   0.0000000e+00
   0.0000000e+00
   0.0000000e+00
   0.0000000e+00
   0.0000000e+00
   0.0000000e+00
   0.0000000e+00
   0.0000000e+00
   0.0000000e+00
   0.0000000e+00
   0.0000000e+00
   0.0000000e+00
   0.0000000e+00
   0.0000000e+00
   0.0000000e+00
   2.5528335e-02
   3.6037943e-02
   3.5300473e-02
   3.3733314e-02
   3.1266263e-02
   2.9120203e-02
   2.7060223e-02
   2.4710951e-02
   2.1775098e-02
   1.7946071e-02
   1.2738734e-02
   1.2161252e-02
   2.5337356e-02
   3.3338876e-02
   0.0000000e+00
   0.0000000e+00
   0.0000000e+00
   0.0000000e+00
   0.0000000e+00
   3.3916239e-02
   3.4400692e-02
   2.9292038e-02
   2.3984484e-02
   1.8788281e-02
   1.2882408e-02
   3.8728460e-03
  -5.5502307e-03
  -4.9136888e-03
   0.0000000e+00
   0.0000000e+00
   0.0000000e+00
   0.0000000e+00
   0.0000000e+00
   0.0000000e+00
   0.0000000e+00
   0.0000000e+00
   0.0000000e+00
   0.0000000e+00
   0.0000000e+00
   0.0000000e+00
   0.0000000e+00
   0.0000000e+00
   0.0000000e+00
   0.0000000e+00
   0.0000000e+00
   0.0000000e+00
   0.0000000e+00
   2.5836811e-02
   6.8903957e-02
   6.5979645e-02
   6.0426973e-02
   5.9206314e-02
   5.8023218e-02
   5.7559188e-02
   5.6961924e-02
   5.5274632e-02
   5.1973335e-02
   4.5447741e-02
   3.6095921e-02
   2.9283276e-02
   2.9917995e-02
   0.0000000e+00
   0.0000000e+00
   0.0000000e+00
   0.0000000e+00
   0.0000000e+00
   0.0000000e+00
   4.1984752e-02
   5.6836531e-02
   5.9366591e-02
   5.2811783e-02
   4.5158528e-02
   4.0598612e-02
   3.3996753e-02
   2.2320509e-02
   1.4319549e-02
   0.0000000e+00
   0.0000000e+00
   0.0000000e+00
   0.0000000e+00
   0.0000000e+00
   0.0000000e+00
   0.0000000e+00
   0.0000000e+00
   0.0000000e+00
   0.0000000e+00
   0.0000000e+00
   0.0000000e+00
   0.0000000e+00
   0.0000000e+00
   0.0000000e+00
   0.0000000e+00
   0.0000000e+00
   0.0000000e+00
   0.0000000e+00
   5.4436453e-02
   9.3770809e-02
   7.4587494e-02
   6.7188866e-02
   7.1402922e-02
   7.5374275e-02
   7.9042889e-02
   8.0845021e-02
   8.0306031e-02
   7.6938689e-02
   6.8482198e-02
   5.6357294e-02
   4.2331059e-02
   3.2348839e-02
   0.0000000e+00
   0.0000000e+00
   0.0000000e+00
   0.0000000e+00
   0.0000000e+00
   0.0000000e+00
   0.0000000e+00
   6.4167678e-02
   7.7943124e-02
   7.2086930e-02
   6.4893357e-02
   6.5001443e-02
   6.2476192e-02
   5.0210379e-02
   2.6770038e-02
   0.0000000e+00
   0.0000000e+00
   0.0000000e+00
   0.0000000e+00
   0.0000000e+00
   0.0000000e+00
   0.0000000e+00
   0.0000000e+00
   0.0000000e+00
   0.0000000e+00
   0.0000000e+00
   0.0000000e+00
   0.0000000e+00
   0.0000000e+00
   0.0000000e+00
   0.0000000e+00
   0.0000000e+00
   0.0000000e+00
   0.0000000e+00
   6.7203403e-02
   8.4601261e-02
   6.6535614e-02
   6.2137123e-02
   7.1760394e-02
   8.2433894e-02
   9.1164015e-02
   9.5725201e-02
   9.6734785e-02
   9.2635445e-02
   8.2531579e-02
   6.8648241e-02
   4.9621411e-02
   3.8715035e-02
   0.0000000e+00
   0.0000000e+00
   0.0000000e+00
   0.0000000e+00
   0.0000000e+00
   0.0000000e+00
   0.0000000e+00
   0.0000000e+00
   7.3779441e-02
   6.8755421e-02
   7.9013146e-02
   8.8348731e-02
   8.9735970e-02
   7.9527035e-02
   5.0649781e-02
   5.4666230e-02
   0.0000000e+00
   0.0000000e+00
   0.0000000e+00
   0.0000000e+00
   0.0000000e+00
   0.0000000e+00
   0.0000000e+00
   0.0000000e+00
   0.0000000e+00
   0.0000000e+00
   0.0000000e+00
   0.0000000e+00
   0.0000000e+00
   0.0000000e+00
   0.0000000e+00
   0.0000000e+00
   0.0000000e+00
   0.0000000e+00
   0.0000000e+00
   5.7063825e-02
   4.7583355e-02
   4.3961556e-02
   6.0332644e-02
   7.4881876e-02
   8.5291083e-02
   9.2107896e-02
   9.4468314e-02
   9.1329697e-02
   8.0654154e-02
   6.5432072e-02
   4.5157937e-02
   3.3620414e-02
   0.0000000e+00
   0.0000000e+00
   0.0000000e+00
   0.0000000e+00
   0.0000000e+00
   0.0000000e+00
   0.0000000e+00
   0.0000000e+00
   0.0000000e+00
   0.0000000e+00
   9.1100629e-02
   1.0822670e-01
   1.1269219e-01
   1.0462972e-01
   7.3322111e-02
   5.2338383e-02
   0.0000000e+00
   0.0000000e+00
   0.0000000e+00
   0.0000000e+00
   0.0000000e+00
   0.0000000e+00
   0.0000000e+00
   0.0000000e+00
   0.0000000e+00
   0.0000000e+00
   0.0000000e+00
   0.0000000e+00
   0.0000000e+00
   0.0000000e+00
   0.0000000e+00
   0.0000000e+00
   0.0000000e+00
   0.0000000e+00
   0.0000000e+00
   3.6300580e-02
   1.9672832e-02
   2.0925078e-02
   3.3201452e-02
   4.6555098e-02
   5.6301214e-02
   6.5091543e-02
   7.1223125e-02
   7.1570531e-02
   6.2530205e-02
   4.6372648e-02
   2.8594558e-02
   2.3599030e-02
   0.0000000e+00
   0.0000000e+00
   0.0000000e+00
   0.0000000e+00
   0.0000000e+00
   0.0000000e+00
   0.0000000e+00
   0.0000000e+00
   0.0000000e+00
   0.0000000e+00
   9.1737986e-02
   1.0518796e-01
   1.1058833e-01
   1.0274418e-01
   7.2803444e-02
   4.7042544e-02
   0.0000000e+00
   0.0000000e+00
   0.0000000e+00
   0.0000000e+00
   0.0000000e+00
   0.0000000e+00
   0.0000000e+00
   0.0000000e+00
   0.0000000e+00
   0.0000000e+00
   0.0000000e+00
   0.0000000e+00
   0.0000000e+00
   0.0000000e+00
   0.0000000e+00
   0.0000000e+00
   0.0000000e+00
   0.0000000e+00
   0.0000000e+00
   7.1608964e-03
  -1.2494955e-02
  -1.9410102e-02
  -3.2570185e-02
  -1.4140270e-02
   4.1421233e-03
   1.7215656e-02
   2.4549901e-02
   3.1630931e-02
   2.0109857e-02
   9.2585779e-03
   6.6977253e-03
   0.0000000e+00
   0.0000000e+00
   0.0000000e+00
   0.0000000e+00
   0.0000000e+00
   0.0000000e+00
   0.0000000e+00
   0.0000000e+00
   0.0000000e+00
   0.0000000e+00
   6.6901355e-02
   7.0035741e-02
   6.9224127e-02
   7.0820466e-02
   6.2309749e-02
   4.1010744e-02
   0.0000000e+00
   0.0000000e+00
   0.0000000e+00
   0.0000000e+00
   0.0000000e+00
   0.0000000e+00
   0.0000000e+00
   0.0000000e+00
   0.0000000e+00
   0.0000000e+00
   0.0000000e+00
   0.0000000e+00
   0.0000000e+00
   0.0000000e+00
   0.0000000e+00
   0.0000000e+00
   0.0000000e+00
   0.0000000e+00
   0.0000000e+00
   0.0000000e+00
  -1.4326218e-02
  -2.5787268e-02
   0.0000000e+00
  -8.1939078e-02
  -7.2644510e-02
  -4.4387259e-02
  -1.2883204e-02
  -1.3599166e-02
  -0.0000000e+00
  -2.9324209e-02
  -2.3341066e-02
   0.0000000e+00
   0.0000000e+00
   0.0000000e+00
   0.0000000e+00
   0.0000000e+00
   0.0000000e+00
   0.0000000e+00
   0.0000000e+00
   0.0000000e+00
   0.0000000e+00
   3.1068452e-02
   3.3593069e-02
   2.1583609e-02
   7.4985866e-03
   6.5424596e-05
  -1.3485231e-02
  -2.1807332e-02
  -3.1566400e-02
  -1.0450962e-02
  -1.2911567e-02
   0.0000000e+00
   0.0000000e+00
   0.0000000e+00
   0.0000000e+00
   0.0000000e+00
   0.0000000e+00
   0.0000000e+00
   0.0000000e+00
   0.0000000e+00
   0.0000000e+00
   0.0000000e+00
   0.0000000e+00
   0.0000000e+00
   0.0000000e+00
   0.0000000e+00
   0.0000000e+00
   0.0000000e+00
   0.0000000e+00
   0.0000000e+00
   0.0000000e+00
   0.0000000e+00
  -0.0000000e+00
  -9.6010791e-02
  -6.3457335e-02
   0.0000000e+00
   0.0000000e+00
   0.0000000e+00
   0.0000000e+00
   0.0000000e+00
   0.0000000e+00
   0.0000000e+00
   0.0000000e+00
   0.0000000e+00
   0.0000000e+00
   0.0000000e+00
   0.0000000e+00
   0.0000000e+00
   0.0000000e+00
   1.4195190e-02
   8.6797479e-03
   0.0000000e+00
  -0.0000000e+00
  -6.7223298e-02
  -7.6752917e-02
  -5.4726075e-02
  -3.8253788e-02
  -1.9492369e-02
  -3.9962245e-03
   0.0000000e+00
   0.0000000e+00
   0.0000000e+00
   0.0000000e+00
   0.0000000e+00
   0.0000000e+00
   0.0000000e+00
   0.0000000e+00
   0.0000000e+00
   0.0000000e+00
   0.0000000e+00
   0.0000000e+00
   0.0000000e+00
   0.0000000e+00
   0.0000000e+00
   0.0000000e+00
   0.0000000e+00
   0.0000000e+00
   0.0000000e+00
   0.0000000e+00
   0.0000000e+00
   0.0000000e+00
  -0.0000000e+00
  -4.4471168e-02
  -8.3735024e-02
  -0.0000000e+00
  -0.0000000e+00
  -0.0000000e+00
  -0.0000000e+00
  -0.0000000e+00
   0.0000000e+00
   0.0000000e+00
   0.0000000e+00
   0.0000000e+00
   0.0000000e+00
   0.0000000e+00
   0.0000000e+00
   0.0000000e+00
   7.7996550e-03
   0.0000000e+00
   0.0000000e+00
   0.0000000e+00
   0.0000000e+00
  -0.0000000e+00
  -3.2248700e-02
  -3.4571335e-02
  -2.3991393e-02
  -1.6338261e-02
  -2.0784288e-02
   0.0000000e+00
   0.0000000e+00
   0.0000000e+00
   0.0000000e+00
   0.0000000e+00
   0.0000000e+00
   0.0000000e+00
   0.0000000e+00
   0.0000000e+00
   0.0000000e+00
   0.0000000e+00
  -1.5231047e-02
  -1.6693771e-02
  -1.8756205e-02
  -1.7271584e-02
  -1.2468390e-02
  -1.0987608e-02
  -1.1285545e-02
  -1.1620188e-02
  -1.0543399e-02
  -1.3026724e-02
  -2.0131485e-02
  -2.6429049e-02
  -3.2156766e-02
  -3.5229364e-02
  -3.2455229e-02
  -2.4728648e-02
  -1.4770527e-02
  -2.0900259e-03
   7.1886385e-03
   2.3756942e-03
  -1.2470535e-03
  -7.0925818e-03
  -0.0000000e+00
  -0.0000000e+00
   0.0000000e+00
   0.0000000e+00
  -0.0000000e+00
  -0.0000000e+00
  -0.0000000e+00
  -0.0000000e+00
  -0.0000000e+00
  -0.0000000e+00
  -0.0000000e+00
  -9.0184010e-03
  -1.6729531e-02
  -2.5695213e-02
  -2.0859176e-02
  -0.0000000e+00
  -0.0000000e+00
  -0.0000000e+00
  -0.0000000e+00
  -0.0000000e+00
  -0.0000000e+00
  -0.0000000e+00
  -0.0000000e+00
  -0.0000000e+00
  -0.0000000e+00
  -0.0000000e+00
