  5.338278e-01
  4.869337e-01
  4.507697e-01
  4.275555e-01
  4.159992e-01
  4.027535e-01
  3.889400e-01
  3.711749e-01
  3.671637e-01
  3.653618e-01
  3.510291e-01
  3.425947e-01
  3.329787e-01
  3.234757e-01
  3.151410e-01
  3.083896e-01
  2.968908e-01
  2.832363e-01
  2.729901e-01
  2.649730e-01
  2.547610e-01
  2.519002e-01
  2.497951e-01
  2.479097e-01
  2.441339e-01
  2.409765e-01
  2.368373e-01
  2.380148e-01
  2.389358e-01
  2.382373e-01
  2.437838e-01
  2.498788e-01
  2.506062e-01
  2.458628e-01
  2.371097e-01
  2.277201e-01
  2.266229e-01
  2.319986e-01
  2.349356e-01
  2.369681e-01
  2.417411e-01
  2.412521e-01
  2.408071e-01
  2.408677e-01
  2.430993e-01
  2.458999e-01
  2.462789e-01
  2.439419e-01
  2.407807e-01
  2.409123e-01
  2.410364e-01
  2.412244e-01
  2.420686e-01
  2.449728e-01
  2.510257e-01
  2.608530e-01
  2.773504e-01
  2.918797e-01
  3.098178e-01
  3.301008e-01
  3.502825e-01
  3.680530e-01
  3.865908e-01
  3.993468e-01
  4.111442e-01
  4.205649e-01
  4.252731e-01
  4.265032e-01
  4.432800e-01
  5.156081e-01
  5.973427e-01
  6.849144e-01
