   0.0000000e+00
   0.0000000e+00
   0.0000000e+00
   0.0000000e+00
   0.0000000e+00
   0.0000000e+00
   0.0000000e+00
   0.0000000e+00
   0.0000000e+00
   0.0000000e+00
   0.0000000e+00
   0.0000000e+00
   0.0000000e+00
   0.0000000e+00
   0.0000000e+00
   0.0000000e+00
   0.0000000e+00
   0.0000000e+00
   0.0000000e+00
   0.0000000e+00
   0.0000000e+00
   0.0000000e+00
   0.0000000e+00
   0.0000000e+00
   0.0000000e+00
   0.0000000e+00
   0.0000000e+00
   0.0000000e+00
   0.0000000e+00
   0.0000000e+00
   0.0000000e+00
   0.0000000e+00
   0.0000000e+00
   0.0000000e+00
   0.0000000e+00
   0.0000000e+00
   0.0000000e+00
   0.0000000e+00
   0.0000000e+00
   0.0000000e+00
   0.0000000e+00
   0.0000000e+00
  -0.0000000e+00
  -0.0000000e+00
   0.0000000e+00
   0.0000000e+00
   0.0000000e+00
   0.0000000e+00
   0.0000000e+00
   0.0000000e+00
   0.0000000e+00
   0.0000000e+00
   0.0000000e+00
   0.0000000e+00
   0.0000000e+00
   0.0000000e+00
   0.0000000e+00
   0.0000000e+00
   0.0000000e+00
   0.0000000e+00
   0.0000000e+00
   0.0000000e+00
   0.0000000e+00
   0.0000000e+00
   0.0000000e+00
   0.0000000e+00
   0.0000000e+00
   0.0000000e+00
   0.0000000e+00
   0.0000000e+00
   0.0000000e+00
   0.0000000e+00
   0.0000000e+00
   0.0000000e+00
   0.0000000e+00
   0.0000000e+00
   0.0000000e+00
   0.0000000e+00
   0.0000000e+00
   0.0000000e+00
   0.0000000e+00
   0.0000000e+00
   0.0000000e+00
   0.0000000e+00
   0.0000000e+00
   8.2650535e-02
   2.7603868e-02
   2.1978866e-02
   2.0623647e-02
   2.1730434e-02
   2.0193590e-02
   2.0491297e-02
   1.7919315e-02
   1.2818384e-02
   4.6971512e-03
  -3.3482718e-03
   1.9559137e-02
   1.3204726e-02
   1.1025790e-03
  -5.6347027e-03
  -5.0995927e-03
  -3.1288845e-03
  -5.9458407e-03
   0.0000000e+00
  -0.0000000e+00
  -3.1433106e-02
  -3.1221804e-02
  -3.6667134e-02
  -3.8857816e-02
   0.0000000e+00
   0.0000000e+00
   0.0000000e+00
  -3.6424702e-04
  -1.0130914e-02
  -1.3489450e-02
  -1.5580772e-02
  -1.5170026e-02
  -2.5896450e-02
  -2.6971499e-02
  -4.3029081e-02
   0.0000000e+00
   0.0000000e+00
   0.0000000e+00
   0.0000000e+00
   0.0000000e+00
   0.0000000e+00
   0.0000000e+00
   0.0000000e+00
   0.0000000e+00
   0.0000000e+00
   0.0000000e+00
   0.0000000e+00
   0.0000000e+00
   0.0000000e+00
   0.0000000e+00
   0.0000000e+00
   0.0000000e+00
   0.0000000e+00
   0.0000000e+00
   0.0000000e+00
   0.0000000e+00
   0.0000000e+00
   0.0000000e+00
   0.0000000e+00
   0.0000000e+00
   0.0000000e+00
   0.0000000e+00
   0.0000000e+00
   0.0000000e+00
   0.0000000e+00
   0.0000000e+00
   0.0000000e+00
  -0.0000000e+00
  -7.0057924e-02
  -6.2428668e-02
  -3.7671187e-02
  -3.1030325e-02
  -2.2591183e-02
   8.4020263e-03
   3.1643134e-02
   4.5431297e-02
   5.1345266e-02
   5.4421452e-02
   5.5105228e-02
   5.0892979e-02
   4.6293592e-02
   4.3444391e-02
   4.0769484e-02
   3.7071127e-02
   3.2835700e-02
   2.8806904e-02
   2.6266052e-02
   2.3707408e-02
   2.1339538e-02
   2.2779406e-02
   2.4472141e-02
   1.7760113e-02
   1.0210491e-02
   1.1579437e-02
   6.5637543e-03
   4.4559689e-03
   1.8632383e-02
   0.0000000e+00
  -0.0000000e+00
   5.9905965e-03
   1.2361488e-02
   1.2207071e-02
   9.7462973e-03
   6.3066315e-03
   3.0454922e-03
  -3.0391761e-03
  -1.5604329e-02
  -2.5742955e-02
  -4.1933143e-02
  -6.2511487e-02
  -7.9983904e-02
  -9.5894419e-02
  -9.9689880e-02
  -5.1792628e-02
  -9.4608294e-02
  -1.0016744e-01
  -6.4406121e-02
  -7.2043980e-02
  -9.7354546e-02
  -1.1801532e-01
   0.0000000e+00
   0.0000000e+00
   0.0000000e+00
  -0.0000000e+00
  -5.2708454e-02
  -5.4429852e-02
  -6.3018625e-02
   0.0000000e+00
   0.0000000e+00
   0.0000000e+00
   0.0000000e+00
  -9.3885139e-02
  -9.2181375e-02
  -8.4006547e-02
  -7.6442504e-02
  -7.3042498e-02
  -7.4792920e-02
  -7.3862977e-02
  -6.1302935e-02
  -3.6078320e-02
  -2.9820062e-02
  -1.4990748e-02
   4.4567864e-03
   2.0353954e-02
   3.2951601e-02
   4.7419790e-02
   5.8810718e-02
   6.7468926e-02
   7.3386386e-02
   7.4679919e-02
   7.2913341e-02
   6.8271533e-02
   6.4306349e-02
   6.0359061e-02
   5.6302123e-02
   5.3767528e-02
   5.1452380e-02
   4.8636265e-02
   4.7231272e-02
   4.6120394e-02
   4.3455236e-02
   4.1667495e-02
   4.1355923e-02
   4.0909432e-02
   4.0321931e-02
   4.0111467e-02
   3.8044691e-02
   3.4592316e-02
   3.7915530e-02
   0.0000000e+00
   3.5206277e-02
   3.8330723e-02
   4.1746937e-02
   4.0778197e-02
   3.8164694e-02
   3.4964975e-02
   3.2214627e-02
   2.8021190e-02
   2.1955287e-02
   1.7929059e-02
   1.3330967e-02
   4.9215234e-03
  -2.4582795e-03
  -9.5352996e-03
  -1.6667118e-02
  -1.8325798e-02
  -1.7607693e-02
  -1.9293522e-02
  -2.2921383e-02
  -2.8680157e-02
  -4.6583053e-02
  -5.6703225e-02
  -6.7224308e-02
  -8.9898734e-02
  -8.3081381e-02
  -6.6485115e-02
  -4.3590780e-02
  -3.9634041e-02
  -3.9081813e-02
  -5.2686536e-02
  -7.0348459e-02
  -8.3489423e-02
  -9.1190291e-02
  -5.5019309e-03
  -6.1644563e-03
  -3.9936895e-03
  -1.2559931e-04
   4.4529107e-03
   1.0373118e-02
   1.6401770e-02
   2.4198079e-02
   3.7030194e-02
   4.9275329e-02
   6.0903385e-02
   7.2244808e-02
   7.8605233e-02
   8.2724586e-02
   8.7312579e-02
   9.2122074e-02
   9.6750960e-02
   9.8089091e-02
   9.5414471e-02
   9.1528244e-02
   8.5957892e-02
   8.0998873e-02
   7.6425791e-02
   7.2069332e-02
   6.9123580e-02
   6.6894040e-02
   6.4432733e-02
   6.2456090e-02
   6.0869310e-02
   5.9454348e-02
   5.8864069e-02
   5.9050053e-02
   6.0788915e-02
   6.3010670e-02
   6.4643100e-02
   6.4795285e-02
   6.3905038e-02
   6.2083893e-02
   6.0335204e-02
   6.1310053e-02
   6.3872404e-02
   6.5448858e-02
   6.5666951e-02
   6.6019520e-02
   6.4735830e-02
   6.2339239e-02
   5.9393425e-02
   5.5513829e-02
   5.2595848e-02
   5.0377354e-02
   4.8742950e-02
   4.7630763e-02
   4.6416387e-02
   4.5288324e-02
   4.5015114e-02
   4.5888714e-02
   4.7670111e-02
   4.8353998e-02
   4.7906492e-02
   4.4647470e-02
   3.8290742e-02
   2.8425684e-02
   1.6730476e-02
   1.2195530e-02
   1.2697016e-02
   1.3952930e-02
   1.4115121e-02
   1.4172523e-02
   1.1964896e-02
   7.2359103e-03
   1.9151238e-03
  -2.7563930e-03
   5.3955842e-02
   5.2402977e-02
   5.2731797e-02
   5.5004593e-02
   5.8879487e-02
   6.5212369e-02
   7.1212828e-02
   7.6628529e-02
   8.2000315e-02
   8.6791642e-02
   9.2818826e-02
   1.0041123e-01
   1.0416414e-01
   1.0584058e-01
   1.0811150e-01
   1.1098575e-01
   1.1346231e-01
   1.1255445e-01
   1.0821627e-01
   1.0274701e-01
   9.6032098e-02
   9.1323286e-02
   8.7690093e-02
   8.4160775e-02
   8.1989065e-02
   8.0706775e-02
   7.9238266e-02
   7.7200070e-02
   7.5615637e-02
   7.4945532e-02
   7.4963398e-02
   7.5609088e-02
   7.7743351e-02
   8.0624521e-02
   8.4176823e-02
   8.9043193e-02
   9.2291020e-02
   9.2762172e-02
   8.6481757e-02
   8.0028340e-02
   7.9781681e-02
   8.1309430e-02
   8.2504168e-02
   8.5745722e-02
   8.8914908e-02
   8.9634277e-02
   8.8964060e-02
   8.7448671e-02
   8.6172976e-02
   8.5103758e-02
   8.5248172e-02
   8.6509548e-02
   8.8466458e-02
   9.0941437e-02
   9.2491552e-02
   9.4194852e-02
   9.6899517e-02
   9.9179596e-02
   1.0061961e-01
   1.0046509e-01
   9.8897956e-02
   9.6292965e-02
   9.1945589e-02
   8.7337799e-02
   8.1737436e-02
   7.4201815e-02
   6.9399759e-02
   6.7491002e-02
   6.7185149e-02
   6.5386355e-02
   6.1826471e-02
   5.7008054e-02
   9.7593009e-02
   9.6017152e-02
   9.5245302e-02
   9.6293554e-02
   9.8276339e-02
   1.0165133e-01
   1.0452341e-01
   1.0668936e-01
   1.0761691e-01
   1.0802887e-01
   1.0991219e-01
   1.1316326e-01
   1.1400195e-01
   1.1232524e-01
   1.1194475e-01
   1.1414557e-01
   1.1635952e-01
   1.1564070e-01
   1.1167872e-01
   1.0686226e-01
   1.0069039e-01
   9.6923642e-02
   9.4483629e-02
   9.2823930e-02
   9.2098221e-02
   9.1989122e-02
   9.2110910e-02
   9.0666428e-02
   8.9762501e-02
   8.9057945e-02
   8.9394003e-02
   8.9770667e-02
   9.1326825e-02
   9.4093010e-02
   9.6648857e-02
   1.0664273e-01
   1.1030799e-01
   1.0869160e-01
   1.0425131e-01
   9.4334245e-02
   9.0744205e-02
   9.3656652e-02
   9.6822158e-02
   1.0313682e-01
   1.0921116e-01
   1.1277311e-01
   1.1474562e-01
   1.1632824e-01
   1.1720864e-01
   1.1734585e-01
   1.1872987e-01
   1.2097736e-01
   1.2504667e-01
   1.2977348e-01
   1.3268541e-01
   1.3519298e-01
   1.3859642e-01
   1.4141691e-01
   1.4303491e-01
   1.4399959e-01
   1.4421850e-01
   1.4436099e-01
   1.4353181e-01
   1.4039242e-01
   1.3419309e-01
   1.2467208e-01
   1.1823881e-01
   1.1505666e-01
   1.1289118e-01
   1.0888735e-01
   1.0477635e-01
   1.0047792e-01
   1.3617373e-01
   1.3387807e-01
   1.3173789e-01
   1.3051087e-01
   1.2992950e-01
   1.2948719e-01
   1.2846726e-01
   1.2668417e-01
   1.2312195e-01
   1.1954324e-01
   1.1699910e-01
   1.1538430e-01
   1.1421949e-01
   1.0839131e-01
   1.0391201e-01
   1.0544519e-01
   1.0760451e-01
   1.0883427e-01
   1.0733840e-01
   1.0534874e-01
   1.0177834e-01
   9.9686638e-02
   9.8060697e-02
   9.8137885e-02
   9.8630689e-02
   9.9727467e-02
   1.0071461e-01
   1.0011575e-01
   9.9917687e-02
   9.8992959e-02
   9.9438600e-02
   9.9372253e-02
   1.0138011e-01
   1.0228308e-01
   1.0454468e-01
   1.0638048e-01
   1.1705562e-01
   0.0000000e+00
   9.1826156e-02
   8.7650016e-02
   8.9055128e-02
   9.7343586e-02
   1.0519150e-01
   1.1451327e-01
   1.2356494e-01
   1.2959991e-01
   1.3458838e-01
   1.3919833e-01
   1.4172189e-01
   1.4314757e-01
   1.4595695e-01
   1.4874926e-01
   1.5344213e-01
   1.5855768e-01
   1.6196784e-01
   1.6470374e-01
   1.6834070e-01
   1.7038317e-01
   1.7092040e-01
   1.7153950e-01
   1.7251904e-01
   1.7474052e-01
   1.7727198e-01
   1.7685492e-01
   1.7190547e-01
   1.6413912e-01
   1.5998454e-01
   1.5821332e-01
   1.5416169e-01
   1.4805457e-01
   1.4292639e-01
   1.3884959e-01
   1.6707478e-01
   1.6389732e-01
   1.6050881e-01
   1.5629692e-01
   1.5345311e-01
   1.4882755e-01
   1.4415914e-01
   1.3792916e-01
   1.3032074e-01
   1.2164276e-01
   1.1463332e-01
   1.0676481e-01
   1.0679046e-01
   1.0031232e-01
   8.8064700e-02
   8.7273036e-02
   9.0604514e-02
   9.4226003e-02
   9.6395384e-02
   9.7578675e-02
   9.8678581e-02
   9.8383445e-02
   9.8652072e-02
   9.9301733e-02
   1.0104947e-01
   1.0230257e-01
   1.0403530e-01
   1.0368834e-01
   1.0433407e-01
   1.0331640e-01
   1.0417478e-01
   1.0321681e-01
   1.0543508e-01
   1.0376501e-01
   1.0638037e-01
   9.4596694e-02
   0.0000000e+00
   0.0000000e+00
   7.1186673e-02
   6.5073713e-02
   7.6481678e-02
   9.1809198e-02
   1.0497233e-01
   1.1648553e-01
   1.2822494e-01
   1.3640629e-01
   1.4452785e-01
   1.5224160e-01
   1.5678268e-01
   1.5973775e-01
   1.6362058e-01
   1.6638831e-01
   1.7045942e-01
   1.7453350e-01
   1.7753168e-01
   1.7959531e-01
   1.8249084e-01
   1.8197633e-01
   1.8010697e-01
   1.7781837e-01
   1.7911238e-01
   1.8263881e-01
   1.8959637e-01
   1.9268920e-01
   1.9120471e-01
   1.8795124e-01
   1.9033077e-01
   1.9183147e-01
   1.8721531e-01
   1.7942054e-01
   1.7398390e-01
   1.6925578e-01
   1.8829729e-01
   1.8453993e-01
   1.7826545e-01
   1.7167971e-01
   1.6524002e-01
   1.5644239e-01
   1.4702883e-01
   1.3760419e-01
   1.2565474e-01
   1.1417830e-01
   1.0291333e-01
   9.2674457e-02
   9.0945800e-02
   9.6811218e-02
   5.8895256e-02
   6.3275561e-02
   7.0862174e-02
   7.7537909e-02
   8.2491515e-02
   8.7052584e-02
   9.1159314e-02
   9.3669269e-02
   9.5056765e-02
   9.7157292e-02
   9.8750550e-02
   1.0074653e-01
   1.0130475e-01
   1.0201645e-01
   1.0205162e-01
   1.0305991e-01
   1.0291068e-01
   1.0290036e-01
   1.0203462e-01
   1.0088642e-01
   9.8938711e-02
   9.0330799e-02
   0.0000000e+00
   0.0000000e+00
   0.0000000e+00
   5.3761018e-02
   6.5592565e-02
   8.3722509e-02
   9.8363328e-02
   1.1100960e-01
   1.2375630e-01
   1.3420294e-01
   1.4406523e-01
   1.5473104e-01
   1.6066217e-01
   1.6560939e-01
   1.6996591e-01
   1.7288969e-01
   1.7554802e-01
   1.7861852e-01
   1.7985598e-01
   1.8055490e-01
   1.8058488e-01
   1.7720028e-01
   1.7123638e-01
   1.6544920e-01
   1.6625547e-01
   1.7175144e-01
   1.8239194e-01
   1.9005748e-01
   1.9320451e-01
   1.9729887e-01
   2.0722314e-01
   2.1247835e-01
   2.0717351e-01
   1.9950209e-01
   1.9467886e-01
   1.9088019e-01
   1.9779024e-01
   1.9198728e-01
   1.8248199e-01
   1.7263657e-01
   1.6228025e-01
   1.4873751e-01
   1.3603038e-01
   1.2461209e-01
   1.2044265e-01
   9.9973765e-02
   8.3400585e-02
   7.7030584e-02
   6.2580161e-02
   0.0000000e+00
   3.8703456e-02
   4.3833837e-02
   5.5164967e-02
   6.2497437e-02
   6.9282129e-02
   7.6081887e-02
   8.1897795e-02
   8.6382769e-02
   8.8801235e-02
   9.1760710e-02
   9.2986494e-02
   9.4779871e-02
   9.4702475e-02
   9.5498100e-02
   9.5246851e-02
   9.6932970e-02
   9.6491255e-02
   9.7357035e-02
   9.4522774e-02
   9.3905509e-02
   8.7908410e-02
   8.2827832e-02
   5.8480807e-02
   0.0000000e+00
   0.0000000e+00
   4.5456026e-02
   5.4884914e-02
   7.3624276e-02
   8.7682001e-02
   1.0074820e-01
   1.1335430e-01
   1.2565064e-01
   1.3622425e-01
   1.4835581e-01
   1.5479663e-01
   1.6089103e-01
   1.6545188e-01
   1.6785368e-01
   1.6957450e-01
   1.7055477e-01
   1.6973682e-01
   1.6828275e-01
   1.6694321e-01
   1.6192025e-01
   1.5280592e-01
   1.4422973e-01
   1.4451663e-01
   1.5151721e-01
   1.6345415e-01
   1.7520088e-01
   1.8314388e-01
   1.9537297e-01
   2.0969422e-01
   2.1738394e-01
   2.1234101e-01
   2.0687552e-01
   2.0398442e-01
   2.0134841e-01
   1.9368096e-01
   1.8463205e-01
   1.7207322e-01
   1.5867782e-01
   1.4531954e-01
   1.2907599e-01
   1.1515994e-01
   1.0368010e-01
   0.0000000e+00
   0.0000000e+00
   6.4892866e-02
   6.0748369e-02
   4.7836369e-02
   3.8951476e-02
   0.0000000e+00
   3.6246359e-02
   4.6307564e-02
   5.1648870e-02
   5.9342332e-02
   6.6595994e-02
   7.3380001e-02
   7.8032739e-02
   8.1496425e-02
   8.4210612e-02
   8.5276015e-02
   8.5437931e-02
   8.5767791e-02
   8.5216977e-02
   8.5686617e-02
   8.5846819e-02
   8.6563058e-02
   8.6920559e-02
   8.5196890e-02
   8.3717361e-02
   7.7658921e-02
   7.2018377e-02
   5.5610083e-02
   0.0000000e+00
   0.0000000e+00
   3.5302917e-02
   4.3049384e-02
   6.1098062e-02
   7.4315459e-02
   8.6729199e-02
   9.9375829e-02
   1.1261551e-01
   1.2397221e-01
   1.3559707e-01
   1.4225841e-01
   1.4790300e-01
   1.5232047e-01
   1.5335816e-01
   1.5426241e-01
   1.5226074e-01
   1.4982639e-01
   1.4785028e-01
   1.4713061e-01
   1.4265254e-01
   1.3331716e-01
   1.2336786e-01
   1.2367553e-01
   1.3021174e-01
   1.4172995e-01
   1.5499751e-01
   1.6693696e-01
   1.8418835e-01
   1.9945060e-01
   2.0794214e-01
   2.0577052e-01
   2.0315586e-01
   2.0237207e-01
   1.9886217e-01
   1.7632048e-01
   1.6514556e-01
   1.4868142e-01
   1.3363391e-01
   1.1860485e-01
   1.0398325e-01
   8.9411251e-02
   8.3915253e-02
   0.0000000e+00
   5.5782486e-02
   5.2235872e-02
   4.5690328e-02
   4.2404868e-02
   3.8474681e-02
   0.0000000e+00
   3.8380198e-02
   4.2000730e-02
   4.5871697e-02
   5.2829836e-02
   5.9625033e-02
   6.5677002e-02
   7.0050009e-02
   7.3076606e-02
   7.6187000e-02
   7.6028742e-02
   7.5406536e-02
   7.4517615e-02
   7.3373221e-02
   7.3351122e-02
   7.3166065e-02
   7.4184321e-02
   7.4401729e-02
   7.4121691e-02
   7.2322346e-02
   6.7849033e-02
   6.0419783e-02
   4.7098469e-02
   0.0000000e+00
   0.0000000e+00
   2.9934938e-02
   3.3973401e-02
   4.8035428e-02
   5.9920058e-02
   7.0187867e-02
   8.3459042e-02
   9.6761771e-02
   1.0894729e-01
   1.1906859e-01
   1.2545070e-01
   1.2988867e-01
   1.3318090e-01
   1.3316222e-01
   1.3217057e-01
   1.2812077e-01
   1.2429290e-01
   1.2448625e-01
   1.2382580e-01
   1.2249534e-01
   1.1536777e-01
   1.0605913e-01
   1.0633530e-01
   1.1103962e-01
   1.2137417e-01
   1.3400954e-01
   1.4798942e-01
   1.6608575e-01
   1.8036461e-01
   1.8912910e-01
   1.9083723e-01
   1.9050337e-01
   1.9003031e-01
   1.8428048e-01
   1.4460019e-01
   1.3330438e-01
   1.1325980e-01
   9.8050696e-02
   8.6177331e-02
   7.2459992e-02
   6.0757596e-02
   5.6169357e-02
   0.0000000e+00
   3.0245903e-02
   3.2303607e-02
   3.3547589e-02
   3.5582883e-02
   3.7744586e-02
   0.0000000e+00
   0.0000000e+00
   3.9139673e-02
   4.2601261e-02
   4.6971200e-02
   5.1783646e-02
   5.7040291e-02
   6.0443485e-02
   6.3091227e-02
   6.5279197e-02
   6.4776020e-02
   6.3396357e-02
   6.1457842e-02
   5.9331956e-02
   5.8021236e-02
   5.8133181e-02
   5.9001269e-02
   6.0066533e-02
   6.0808282e-02
   5.9459366e-02
   5.5519509e-02
   4.5550292e-02
   3.2116239e-02
   0.0000000e+00
   0.0000000e+00
   0.0000000e+00
   1.9994453e-02
   3.2872957e-02
   4.3314613e-02
   5.1630043e-02
   6.4872609e-02
   7.8150704e-02
   8.9858571e-02
   9.8763914e-02
   1.0389638e-01
   1.0738210e-01
   1.0835129e-01
   1.0735470e-01
   1.0434460e-01
   9.8465542e-02
   9.4345259e-02
   9.3095490e-02
   9.3920829e-02
   9.8495660e-02
   9.5404508e-02
   8.7487797e-02
   8.7274749e-02
   9.0533206e-02
   9.8315240e-02
   1.0984249e-01
   1.2341616e-01
   1.4026930e-01
   1.5261552e-01
   1.6084040e-01
   1.6503704e-01
   1.6505758e-01
   1.6278256e-01
   1.5519026e-01
   1.0291310e-01
   9.2119917e-02
   7.3441736e-02
   6.1511029e-02
   5.1172115e-02
   3.9579079e-02
   3.6436651e-02
   5.6169352e-02
   0.0000000e+00
   0.0000000e+00
   2.3997021e-02
   2.2252075e-02
   2.4601251e-02
   2.6745697e-02
   0.0000000e+00
   3.2164257e-02
   3.3156883e-02
   3.4091100e-02
   3.7674248e-02
   4.1470271e-02
   4.5098271e-02
   4.7874071e-02
   5.0011583e-02
   5.0749365e-02
   4.9999006e-02
   4.8158213e-02
   4.5088947e-02
   4.2705946e-02
   4.1256823e-02
   4.1155998e-02
   4.2520709e-02
   4.4537291e-02
   4.5915563e-02
   4.4736389e-02
   4.0519513e-02
   3.1105302e-02
   2.1162547e-02
   0.0000000e+00
   0.0000000e+00
   0.0000000e+00
   0.0000000e+00
   1.4197887e-02
   2.5570512e-02
   3.2571897e-02
   4.4867441e-02
   5.6906220e-02
   6.6660620e-02
   7.4178070e-02
   7.7993251e-02
   8.0064133e-02
   7.9947501e-02
   7.7396318e-02
   7.2304815e-02
   6.4036734e-02
   5.6488022e-02
   5.7372116e-02
   6.7005120e-02
   7.2395355e-02
   6.4869568e-02
   5.6348197e-02
   5.5715255e-02
   5.7799071e-02
   6.5292254e-02
   7.6175034e-02
   8.8252738e-02
   1.0227989e-01
   1.1229002e-01
   1.1916622e-01
   1.2264165e-01
   1.2278801e-01
   1.2016512e-01
   1.1210265e-01
   6.9085076e-02
   5.7834804e-02
   6.9762352e-02
   5.8134585e-02
   4.7937454e-02
   1.7704688e-02
   3.1941901e-02
   0.0000000e+00
   0.0000000e+00
   0.0000000e+00
   1.6049410e-02
   1.4416227e-02
   1.5691843e-02
   1.7452639e-02
   1.7590402e-02
   2.2618012e-02
   2.5539018e-02
   2.5723943e-02
   2.7899932e-02
   3.0619595e-02
   3.3336490e-02
   3.5344813e-02
   3.6914106e-02
   3.7128314e-02
   3.5942335e-02
   3.3987843e-02
   3.1116650e-02
   2.9012807e-02
   2.8072627e-02
   2.8394410e-02
   2.9790595e-02
   3.1784568e-02
   3.3008799e-02
   3.1738356e-02
   2.7512580e-02
   1.8979844e-02
   1.1090692e-02
   0.0000000e+00
   0.0000000e+00
   0.0000000e+00
   0.0000000e+00
   8.8806619e-03
   1.0991000e-02
   1.8156867e-02
   2.9921463e-02
   4.0245984e-02
   4.8095103e-02
   5.4229584e-02
   5.7224646e-02
   5.8420386e-02
   5.7108149e-02
   5.3230442e-02
   4.6599127e-02
   3.5030130e-02
   3.3752095e-02
   5.4071092e-02
   6.4517980e-02
   4.3508041e-02
   3.5279848e-02
   3.1079013e-02
   3.0960176e-02
   3.3053637e-02
   4.0673122e-02
   5.0979849e-02
   6.0597260e-02
   7.1087219e-02
   7.8539662e-02
   8.3755963e-02
   8.6771749e-02
   8.6989298e-02
   8.4631324e-02
   7.7550933e-02
   3.8364951e-02
   2.8102769e-02
   0.0000000e+00
   0.0000000e+00
   0.0000000e+00
   4.1070698e-03
   0.0000000e+00
   0.0000000e+00
   0.0000000e+00
   0.0000000e+00
   8.3098741e-03
   6.9392486e-03
   7.3395548e-03
   8.7105045e-03
   1.2481831e-02
   1.4822528e-02
   1.6078627e-02
   1.5938755e-02
   1.6991643e-02
   1.8841695e-02
   2.0786583e-02
   2.2103416e-02
   2.3152046e-02
   2.3070171e-02
   2.1775760e-02
   1.9956905e-02
   1.7561099e-02
   1.5997570e-02
   1.5702153e-02
   1.6542099e-02
   1.7976603e-02
   1.9768886e-02
   2.0562880e-02
   1.9081298e-02
   1.5107952e-02
   8.4536001e-03
   2.9694340e-03
   0.0000000e+00
   0.0000000e+00
   0.0000000e+00
   0.0000000e+00
  -0.0000000e+00
  -2.4540632e-03
   4.8997151e-03
   1.6722739e-02
   2.5488384e-02
   3.1700030e-02
   3.6420487e-02
   3.8497847e-02
   3.8739756e-02
   3.6138695e-02
   3.0985722e-02
   2.2823410e-02
   9.6765058e-03
   3.2809740e-03
   0.0000000e+00
   0.0000000e+00
   0.0000000e+00
   1.3998264e-02
   9.9719800e-03
   9.5136994e-03
   1.1845926e-02
   1.9063665e-02
   2.8378138e-02
   3.5508979e-02
   4.2742979e-02
   4.8062123e-02
   5.1937021e-02
   5.4437708e-02
   5.4565664e-02
   5.2463219e-02
   4.6337932e-02
   1.0582761e-02
   2.7376812e-03
   0.0000000e+00
   0.0000000e+00
   0.0000000e+00
   0.0000000e+00
   0.0000000e+00
   0.0000000e+00
   0.0000000e+00
   0.0000000e+00
   6.5875874e-04
  -3.4560276e-04
  -4.7898566e-04
   5.4111710e-04
   2.6873451e-03
   4.5245820e-03
   5.2743677e-03
   5.0471520e-03
   5.3319826e-03
   6.5345781e-03
   7.7888662e-03
   8.5164213e-03
   9.1076992e-03
   8.8625495e-03
   7.7887342e-03
   6.3037211e-03
   4.5052892e-03
   3.6632497e-03
   4.0624331e-03
   5.4367323e-03
   6.9596743e-03
   8.4799847e-03
   8.6700610e-03
   6.8946929e-03
   3.3879777e-03
  -5.2677912e-04
  -3.1968044e-03
   0.0000000e+00
   0.0000000e+00
   0.0000000e+00
   0.0000000e+00
  -0.0000000e+00
  -1.4799624e-02
  -7.3823615e-03
   5.0129941e-03
   1.2450471e-02
   1.7313027e-02
   2.0624885e-02
   2.1667747e-02
   2.0853632e-02
   1.6918493e-02
   1.0548386e-02
   8.4949407e-04
  -1.2125344e-02
  -1.5200913e-02
   0.0000000e+00
   0.0000000e+00
   0.0000000e+00
  -3.3562323e-03
  -7.2521347e-03
  -8.9351611e-03
  -6.2678546e-03
   2.0827270e-05
   7.9690345e-03
   1.2742887e-02
   1.7135049e-02
   2.0795011e-02
   2.3691771e-02
   2.5612800e-02
   2.5507171e-02
   2.3586272e-02
   1.8227633e-02
  -2.3075674e-02
  -2.2825129e-02
   0.0000000e+00
   0.0000000e+00
   0.0000000e+00
   0.0000000e+00
   0.0000000e+00
   0.0000000e+00
   0.0000000e+00
   0.0000000e+00
  -7.6828891e-03
  -1.1997923e-02
  -1.3150884e-02
  -1.3056438e-02
  -1.2539348e-02
  -1.2679880e-02
  -1.3865110e-02
  -1.5223797e-02
  -1.5642978e-02
  -1.5059549e-02
  -1.4086142e-02
  -1.3594354e-02
  -1.3400900e-02
  -1.3311497e-02
  -1.3485087e-02
  -1.3908475e-02
  -1.3841740e-02
  -1.3040565e-02
  -1.1195216e-02
  -8.9634424e-03
  -7.6572816e-03
  -7.1796998e-03
  -8.4491167e-03
  -1.0682907e-02
  -1.3160838e-02
  -1.1234721e-02
  -7.4711940e-03
   0.0000000e+00
   0.0000000e+00
   0.0000000e+00
   0.0000000e+00
  -0.0000000e+00
  -2.8194824e-02
  -2.3126232e-02
  -9.5033748e-03
  -3.4462938e-03
  -7.2273158e-04
   3.1004281e-04
  -4.0804120e-04
  -2.8481318e-03
  -8.7046567e-03
  -1.6480632e-02
  -2.6300758e-02
  -2.9063523e-02
  -2.0715121e-02
   0.0000000e+00
   0.0000000e+00
   0.0000000e+00
  -2.0482380e-02
  -2.6422437e-02
  -2.7812652e-02
  -2.3104614e-02
  -2.0865738e-02
  -1.6743101e-02
  -1.5149346e-02
  -1.3744267e-02
  -1.1936758e-02
  -1.0510456e-02
  -1.0169764e-02
  -1.1275194e-02
  -1.3634606e-02
  -1.8477209e-02
  -3.7142544e-02
  -3.1888150e-02
   0.0000000e+00
   0.0000000e+00
   0.0000000e+00
   0.0000000e+00
   0.0000000e+00
   0.0000000e+00
   0.0000000e+00
   0.0000000e+00
  -1.5704838e-02
  -2.0656794e-02
  -2.2426459e-02
  -2.2827120e-02
  -2.2915103e-02
  -2.3872991e-02
  -2.5598532e-02
  -2.7406767e-02
  -2.8108947e-02
  -2.7664796e-02
  -2.6550036e-02
  -2.6006951e-02
  -2.5646005e-02
  -2.4818236e-02
  -2.4086076e-02
  -2.3260618e-02
  -2.1497784e-02
  -1.9661661e-02
  -1.7442241e-02
  -1.5493637e-02
  -1.5086015e-02
  -1.5911693e-02
  -1.8436018e-02
  -2.0958086e-02
  -2.2296594e-02
  -1.4344701e-02
  -2.4682553e-03
   1.6516324e-03
   0.0000000e+00
   0.0000000e+00
   0.0000000e+00
  -0.0000000e+00
  -3.1985351e-02
  -2.9299257e-02
  -1.5691483e-02
  -1.0720809e-02
  -9.4646923e-03
  -1.0049541e-02
  -1.1889648e-02
  -1.5427838e-02
  -2.2388171e-02
  -3.0813273e-02
  -4.0592238e-02
  -3.9470473e-02
  -2.0715121e-02
   0.0000000e+00
   0.0000000e+00
   0.0000000e+00
  -2.0482380e-02
  -2.9772733e-02
  -2.7812652e-02
  -2.6255260e-02
  -2.9152721e-02
  -2.7759869e-02
  -2.8016981e-02
  -2.8095104e-02
  -2.7509919e-02
  -2.7209248e-02
  -2.8012270e-02
  -2.9745273e-02
  -3.2249294e-02
  -3.5875559e-02
  -4.8614532e-02
  -3.8690608e-02
   0.0000000e+00
   0.0000000e+00
   0.0000000e+00
   0.0000000e+00
   0.0000000e+00
   0.0000000e+00
   0.0000000e+00
   0.0000000e+00
  -2.3252060e-02
  -2.8755154e-02
  -3.0770268e-02
  -3.1608883e-02
  -3.2212827e-02
  -3.3670381e-02
  -3.5709001e-02
  -3.7792705e-02
  -3.8688570e-02
  -3.8448170e-02
  -3.7287172e-02
  -3.6574729e-02
  -3.5885908e-02
  -3.4243915e-02
  -3.2553539e-02
  -3.0479023e-02
  -2.7259566e-02
  -2.4687747e-02
  -2.2448745e-02
  -2.1212699e-02
  -2.1913247e-02
  -2.3999808e-02
  -2.7563987e-02
  -3.0180510e-02
  -3.0324992e-02
  -1.7659098e-02
  -1.9823434e-03
   6.7981950e-04
   0.0000000e+00
   0.0000000e+00
   0.0000000e+00
   0.0000000e+00
  -0.0000000e+00
  -3.3979960e-02
  -2.0679520e-02
  -1.7225733e-02
  -1.7283358e-02
  -1.9399934e-02
  -2.2322511e-02
  -2.6827622e-02
  -3.4575835e-02
  -4.3193486e-02
  -5.2041013e-02
  -4.8539917e-02
   0.0000000e+00
   0.0000000e+00
   0.0000000e+00
   0.0000000e+00
   0.0000000e+00
  -3.2040581e-02
   0.0000000e+00
  -2.9231320e-02
  -3.6127184e-02
  -3.7152905e-02
  -3.8902551e-02
  -4.0339835e-02
  -4.0889949e-02
  -4.1683357e-02
  -4.3573257e-02
  -4.5836307e-02
  -4.8329853e-02
  -5.0519120e-02
  -5.9461565e-02
  -4.3520124e-02
   0.0000000e+00
   0.0000000e+00
   0.0000000e+00
   0.0000000e+00
   0.0000000e+00
   0.0000000e+00
   0.0000000e+00
   0.0000000e+00
  -3.3123673e-02
  -3.9234160e-02
  -4.0780519e-02
  -4.2126273e-02
  -4.3279318e-02
  -4.4754993e-02
  -4.6742493e-02
  -4.8838559e-02
  -4.9816524e-02
  -5.0014191e-02
  -4.8997375e-02
  -4.7777721e-02
  -4.6258287e-02
  -4.3269232e-02
  -4.0075275e-02
  -3.6192179e-02
  -3.1395655e-02
  -2.8423090e-02
  -2.6942592e-02
  -2.7691145e-02
  -3.0461193e-02
  -3.4278960e-02
  -3.8871059e-02
  -4.1194075e-02
  -3.9488909e-02
  -2.2910764e-02
  -5.7528266e-03
  -2.8840863e-03
   0.0000000e+00
   0.0000000e+00
   0.0000000e+00
   0.0000000e+00
   0.0000000e+00
  -3.8597718e-02
  -2.5236414e-02
  -2.4933999e-02
  -2.6552221e-02
  -3.0695464e-02
  -3.5097228e-02
  -4.0710889e-02
  -4.8898365e-02
  -5.6781285e-02
  -6.2304344e-02
  -5.0999962e-02
   0.0000000e+00
   0.0000000e+00
   0.0000000e+00
   0.0000000e+00
   0.0000000e+00
  -3.0441985e-02
   0.0000000e+00
  -3.0820827e-02
  -4.3310054e-02
  -4.7146062e-02
  -5.0260957e-02
  -5.3390410e-02
  -5.5390806e-02
  -5.7697947e-02
  -6.1035071e-02
  -6.3848912e-02
  -6.5983076e-02
  -6.5602394e-02
  -6.4503014e-02
  -4.3986636e-02
   0.0000000e+00
   0.0000000e+00
   0.0000000e+00
   0.0000000e+00
   0.0000000e+00
   0.0000000e+00
   0.0000000e+00
   0.0000000e+00
  -4.0836688e-02
  -4.5601993e-02
  -4.6830639e-02
  -4.8479400e-02
  -5.0003509e-02
  -5.1276945e-02
  -5.2792418e-02
  -5.4534308e-02
  -5.5464700e-02
  -5.5819112e-02
  -5.4758813e-02
  -5.2710675e-02
  -4.9975793e-02
  -4.5615579e-02
  -4.1082259e-02
  -3.6138887e-02
  -3.1309949e-02
  -2.9573018e-02
  -3.0346550e-02
  -3.4283286e-02
  -3.8901214e-02
  -4.3608959e-02
  -4.8306960e-02
  -5.0082631e-02
  -4.7368477e-02
  -3.0424984e-02
  -1.0378294e-02
  -4.6340793e-03
   0.0000000e+00
   0.0000000e+00
   0.0000000e+00
   0.0000000e+00
   0.0000000e+00
  -3.8597719e-02
  -2.9022811e-02
  -3.2832462e-02
  -3.6084766e-02
  -4.1669625e-02
  -4.6799347e-02
  -5.2453879e-02
  -5.9306007e-02
  -6.4098686e-02
  -6.3603532e-02
  -4.6074295e-02
   0.0000000e+00
   0.0000000e+00
   0.0000000e+00
   0.0000000e+00
   0.0000000e+00
  -2.8602503e-02
   0.0000000e+00
  -3.6647777e-02
  -4.7473404e-02
  -5.4405708e-02
  -5.8601890e-02
  -6.3378844e-02
  -6.6728167e-02
  -7.0342262e-02
  -7.4567270e-02
  -7.7316821e-02
  -7.8586918e-02
  -7.5253618e-02
  -6.5389245e-02
  -4.2758896e-02
  -1.6656634e-02
   0.0000000e+00
   0.0000000e+00
   0.0000000e+00
   0.0000000e+00
   0.0000000e+00
   0.0000000e+00
  -0.0000000e+00
  -4.5884914e-02
  -4.8287975e-02
  -4.9306651e-02
  -5.0885235e-02
  -5.2475845e-02
  -5.3622824e-02
  -5.4769234e-02
  -5.6143933e-02
  -5.6889024e-02
  -5.7113693e-02
  -5.5769176e-02
  -5.3154827e-02
  -4.9664056e-02
  -4.4453321e-02
  -3.9467457e-02
  -3.4588355e-02
  -3.0807866e-02
  -3.0737497e-02
  -3.3370491e-02
  -3.9105560e-02
  -4.4562454e-02
  -4.9575573e-02
  -5.4129154e-02
  -5.5443958e-02
  -5.2566377e-02
  -3.6595564e-02
  -1.5585348e-02
  -5.1374766e-03
   0.0000000e+00
   0.0000000e+00
   0.0000000e+00
   0.0000000e+00
   0.0000000e+00
   0.0000000e+00
  -3.2049086e-02
  -3.8916244e-02
  -4.3166856e-02
  -4.9300221e-02
  -5.4405422e-02
  -5.9484039e-02
  -6.4487092e-02
  -6.5969653e-02
  -5.9764382e-02
  -3.7462453e-02
   0.0000000e+00
   0.0000000e+00
   0.0000000e+00
   0.0000000e+00
   0.0000000e+00
  -2.8073367e-02
   0.0000000e+00
  -3.8323945e-02
  -4.9485450e-02
  -5.8827766e-02
  -6.4045749e-02
  -6.9739810e-02
  -7.3669999e-02
  -7.7752097e-02
  -8.2309616e-02
  -8.4813585e-02
  -8.5055341e-02
  -7.9139126e-02
  -6.4149793e-02
  -3.9765771e-02
  -1.6656635e-02
   0.0000000e+00
   0.0000000e+00
   0.0000000e+00
   0.0000000e+00
   0.0000000e+00
   0.0000000e+00
  -4.6923754e-02
  -5.0548774e-02
  -5.0165332e-02
  -5.0923401e-02
  -5.2156211e-02
  -5.3658401e-02
  -5.4655305e-02
  -5.5289036e-02
  -5.6080656e-02
  -5.6448573e-02
  -5.6289018e-02
  -5.4347380e-02
  -5.1012407e-02
  -4.6628801e-02
  -4.0415707e-02
  -3.5282004e-02
  -3.1214441e-02
  -2.9758629e-02
  -3.2569708e-02
  -3.7864290e-02
  -4.5536041e-02
  -5.1668538e-02
  -5.6790147e-02
  -6.0959390e-02
  -6.1607356e-02
  -5.9008503e-02
  -4.5406294e-02
  -3.2624165e-02
   0.0000000e+00
   0.0000000e+00
   0.0000000e+00
   0.0000000e+00
   0.0000000e+00
   0.0000000e+00
   0.0000000e+00
  -3.6306232e-02
  -4.7293300e-02
  -5.2704866e-02
  -5.9132322e-02
  -6.3723423e-02
  -6.7510540e-02
  -6.9294061e-02
  -6.5455555e-02
  -5.0505765e-02
  -2.1650117e-02
   0.0000000e+00
   0.0000000e+00
   0.0000000e+00
   0.0000000e+00
   0.0000000e+00
   0.0000000e+00
   0.0000000e+00
   0.0000000e+00
  -5.1275327e-02
  -6.3956689e-02
  -7.0736726e-02
  -7.7404810e-02
  -8.1758780e-02
  -8.6043169e-02
  -9.0770179e-02
  -9.2775089e-02
  -9.1303102e-02
  -8.1576995e-02
  -5.5117921e-02
  -3.1011449e-02
  -6.4401615e-03
   3.2332848e-03
   0.0000000e+00
   0.0000000e+00
   0.0000000e+00
   0.0000000e+00
  -0.0000000e+00
  -5.6914018e-02
  -5.0708521e-02
  -4.7632270e-02
  -4.6917478e-02
  -4.6961140e-02
  -4.7768123e-02
  -4.8559101e-02
  -4.8831746e-02
  -4.8913926e-02
  -4.8791410e-02
  -4.7892567e-02
  -4.4961881e-02
  -4.1286307e-02
  -3.6920611e-02
  -3.1479962e-02
  -2.8187838e-02
  -2.7410684e-02
  -3.1344809e-02
  -3.7827577e-02
  -4.5128740e-02
  -5.3356759e-02
  -5.8937289e-02
  -6.3214764e-02
  -6.6298515e-02
  -6.6373162e-02
  -6.2669411e-02
  -4.7152899e-02
  -3.2624165e-02
   0.0000000e+00
   0.0000000e+00
   0.0000000e+00
   0.0000000e+00
   0.0000000e+00
   0.0000000e+00
   0.0000000e+00
  -4.0220261e-02
  -5.6068134e-02
  -6.3291177e-02
  -6.8857454e-02
  -7.1263461e-02
  -7.1816027e-02
  -6.7913316e-02
  -5.7757058e-02
  -3.6767039e-02
  -1.0660850e-02
   0.0000000e+00
   0.0000000e+00
   0.0000000e+00
   0.0000000e+00
   0.0000000e+00
   0.0000000e+00
   0.0000000e+00
   0.0000000e+00
  -5.8843739e-02
  -6.9590009e-02
  -7.6587550e-02
  -8.2407273e-02
  -8.6191033e-02
  -8.9739129e-02
  -9.2984803e-02
  -9.2926670e-02
  -8.8543996e-02
  -7.4698888e-02
  -4.7762218e-02
  -2.4582306e-02
  -2.1550758e-03
   5.2333402e-03
   6.8557558e-03
   0.0000000e+00
   0.0000000e+00
   0.0000000e+00
  -0.0000000e+00
  -5.6016475e-02
  -4.7915250e-02
  -4.3873589e-02
  -4.2054153e-02
  -4.1333605e-02
  -4.1740265e-02
  -4.2484785e-02
  -4.2846035e-02
  -4.2926420e-02
  -4.2631234e-02
  -4.1443050e-02
  -3.8272686e-02
  -3.4755493e-02
  -3.0911410e-02
  -2.6779231e-02
  -2.5335282e-02
  -2.6959198e-02
  -3.3708621e-02
  -4.1627927e-02
  -4.9471583e-02
  -5.7481598e-02
  -6.2461656e-02
  -6.6027723e-02
  -6.8141878e-02
  -6.7184087e-02
  -6.0673743e-02
  -4.1149753e-02
   0.0000000e+00
   0.0000000e+00
   0.0000000e+00
   0.0000000e+00
   0.0000000e+00
   0.0000000e+00
   0.0000000e+00
   0.0000000e+00
  -4.3067023e-02
  -5.9452571e-02
  -6.7728430e-02
  -7.2320707e-02
  -7.3114690e-02
  -7.1599260e-02
  -6.4766429e-02
  -5.2124481e-02
  -3.0363593e-02
  -7.5345455e-03
   0.0000000e+00
   0.0000000e+00
   0.0000000e+00
   0.0000000e+00
   0.0000000e+00
  -0.0000000e+00
  -8.0715492e-03
   0.0000000e+00
  -6.1778896e-02
  -7.1558584e-02
  -7.8097969e-02
  -8.2997158e-02
  -8.5890388e-02
  -8.8323429e-02
  -9.0085521e-02
  -8.8754674e-02
  -8.2990259e-02
  -6.7539215e-02
  -3.6056252e-02
  -1.4742006e-02
   3.5725736e-03
   7.3831489e-03
   6.8557553e-03
   0.0000000e+00
   0.0000000e+00
   0.0000000e+00
  -5.8122999e-02
  -5.1815595e-02
  -4.1837797e-02
  -3.6945212e-02
  -3.3420777e-02
  -3.1598104e-02
  -3.1460288e-02
  -3.2198581e-02
  -3.2914527e-02
  -3.3313620e-02
  -3.2870233e-02
  -3.1396226e-02
  -2.8160362e-02
  -2.5138503e-02
  -2.2407623e-02
  -2.0737086e-02
  -2.2428840e-02
  -2.7718246e-02
  -3.8068968e-02
  -4.7406859e-02
  -5.5504330e-02
  -6.2792765e-02
  -6.6732901e-02
  -6.9153487e-02
  -6.9676886e-02
  -6.6760271e-02
  -5.4718887e-02
  -2.7185554e-02
   0.0000000e+00
   0.0000000e+00
   0.0000000e+00
   0.0000000e+00
   0.0000000e+00
   0.0000000e+00
   0.0000000e+00
   0.0000000e+00
  -4.7407082e-02
  -6.2738173e-02
  -7.2453631e-02
  -7.5343648e-02
  -7.3665743e-02
  -6.9175494e-02
  -5.8629270e-02
  -4.3516486e-02
  -2.2845036e-02
  -5.8107924e-03
   0.0000000e+00
   0.0000000e+00
   0.0000000e+00
   0.0000000e+00
   0.0000000e+00
  -0.0000000e+00
  -8.0715488e-03
   0.0000000e+00
  -6.4647272e-02
  -7.3228937e-02
  -7.8684525e-02
  -8.1990551e-02
  -8.3228610e-02
  -8.3599439e-02
  -8.2845796e-02
  -7.9716990e-02
  -7.2305750e-02
  -5.5275307e-02
  -2.1203071e-02
  -4.3527130e-03
   5.0351592e-03
   3.0415030e-03
  -2.4661645e-03
   0.0000000e+00
   0.0000000e+00
  -6.4233361e-02
  -6.3617071e-02
  -4.1612789e-02
  -3.0979278e-02
  -2.6245181e-02
  -2.1570813e-02
  -1.9095134e-02
  -1.8873995e-02
  -2.0055311e-02
  -2.1399040e-02
  -2.2274936e-02
  -2.2000395e-02
  -2.0881357e-02
  -1.8894717e-02
  -1.7580604e-02
  -1.7425299e-02
  -1.9988541e-02
  -2.5331723e-02
  -3.3253267e-02
  -4.4606261e-02
  -5.3429551e-02
  -6.0603999e-02
  -6.6350937e-02
  -6.8530887e-02
  -6.8773597e-02
  -6.5834790e-02
  -5.8709361e-02
  -4.3409921e-02
  -1.8707519e-02
   0.0000000e+00
   0.0000000e+00
   0.0000000e+00
   0.0000000e+00
   0.0000000e+00
   0.0000000e+00
   0.0000000e+00
   0.0000000e+00
  -5.0560844e-02
  -6.1339762e-02
  -7.2506927e-02
  -7.2659649e-02
  -6.8577647e-02
  -6.1599646e-02
  -4.8997030e-02
  -3.4071315e-02
  -1.6289413e-02
  -4.7379670e-03
   0.0000000e+00
   0.0000000e+00
   0.0000000e+00
   0.0000000e+00
   0.0000000e+00
  -0.0000000e+00
  -3.7730427e-02
  -6.5240185e-02
  -6.5937698e-02
  -7.0185110e-02
  -7.3469482e-02
  -7.4542373e-02
  -7.3247530e-02
  -7.0770152e-02
  -6.7064494e-02
  -6.2449925e-02
  -5.4444268e-02
  -3.7823182e-02
  -1.3108009e-02
  -1.2714925e-03
   4.6625430e-03
  -6.8559736e-04
  -7.3913573e-03
  -3.5864862e-02
  -4.4846644e-02
  -6.4233354e-02
  -6.3978173e-02
  -3.5848019e-02
  -2.5445228e-02
  -2.1088886e-02
  -1.6476285e-02
  -1.4141806e-02
  -1.4022331e-02
  -1.5210773e-02
  -1.6547260e-02
  -1.7435246e-02
  -1.7301053e-02
  -1.6557735e-02
  -1.5547925e-02
  -1.5428851e-02
  -1.6770409e-02
  -2.1312512e-02
  -2.7962390e-02
  -3.6514068e-02
  -4.7658823e-02
  -5.5832930e-02
  -6.2204707e-02
  -6.6762429e-02
  -6.7778870e-02
  -6.6674982e-02
  -6.1714005e-02
  -5.2866563e-02
  -3.7598459e-02
  -1.6478617e-02
   0.0000000e+00
   0.0000000e+00
   0.0000000e+00
   0.0000000e+00
   0.0000000e+00
   0.0000000e+00
   0.0000000e+00
   0.0000000e+00
  -0.0000000e+00
  -6.0229644e-02
  -7.1033616e-02
  -6.9880616e-02
  -6.4682923e-02
  -5.6606989e-02
  -4.3326332e-02
  -2.9046893e-02
  -1.2953750e-02
  -3.5168128e-03
   0.0000000e+00
   0.0000000e+00
   0.0000000e+00
   0.0000000e+00
   0.0000000e+00
  -0.0000000e+00
  -4.3113671e-02
  -6.4023357e-02
  -6.4690296e-02
  -6.6713490e-02
  -6.8642844e-02
  -6.8241623e-02
  -6.5640815e-02
  -6.1839387e-02
  -5.6689765e-02
  -5.1282354e-02
  -4.3232604e-02
  -2.7534164e-02
  -6.2666276e-04
   2.8968904e-03
  -4.3587527e-03
  -8.3876860e-03
  -2.0237274e-02
  -3.5864866e-02
  -4.4846645e-02
   0.0000000e+00
   0.0000000e+00
  -1.7484470e-02
  -1.7464210e-02
  -1.4108987e-02
  -1.0580919e-02
  -9.1784256e-03
  -9.4270382e-03
  -1.0289773e-02
  -1.1113046e-02
  -1.1663636e-02
  -1.1815302e-02
  -1.1913170e-02
  -1.2834791e-02
  -1.4938093e-02
  -1.8721437e-02
  -2.5842516e-02
  -3.3525229e-02
  -4.1892615e-02
  -5.1632144e-02
  -5.8275514e-02
  -6.2979164e-02
  -6.5201648e-02
  -6.4130762e-02
  -6.0721207e-02
  -5.2448009e-02
  -4.1767169e-02
  -2.9143849e-02
   0.0000000e+00
   0.0000000e+00
   0.0000000e+00
   0.0000000e+00
   0.0000000e+00
   0.0000000e+00
   0.0000000e+00
   0.0000000e+00
   0.0000000e+00
  -0.0000000e+00
  -5.8018041e-02
  -6.6603211e-02
  -6.3704486e-02
  -5.7066125e-02
  -4.7667892e-02
  -3.3977948e-02
  -2.1477095e-02
  -8.1514816e-03
  -7.1944321e-04
   0.0000000e+00
   0.0000000e+00
   0.0000000e+00
   0.0000000e+00
   0.0000000e+00
  -0.0000000e+00
  -4.7535776e-02
  -6.0398721e-02
  -5.9964021e-02
  -5.8756079e-02
  -5.8349483e-02
  -5.5306054e-02
  -5.0798706e-02
  -4.5283742e-02
  -3.8144654e-02
  -3.1539130e-02
  -2.3823531e-02
  -1.0552857e-02
  -6.2666274e-04
   2.8968900e-03
  -0.0000000e+00
  -8.1187924e-03
  -1.8975031e-02
  -3.2349419e-02
  -3.4508795e-02
   0.0000000e+00
   0.0000000e+00
  -0.0000000e+00
  -1.6463229e-02
  -1.5770188e-02
  -1.4684255e-02
  -1.4883846e-02
  -1.5650509e-02
  -1.6172517e-02
  -1.6404524e-02
  -1.6499214e-02
  -1.6700741e-02
  -1.7176971e-02
  -1.8799480e-02
  -2.1417525e-02
  -2.5305282e-02
  -3.1600863e-02
  -3.7725344e-02
  -4.4061292e-02
  -5.1013455e-02
  -5.5393867e-02
  -5.7891212e-02
  -5.7659868e-02
  -5.4920223e-02
  -4.9959581e-02
  -4.0217828e-02
  -2.9026076e-02
  -1.5792921e-02
   0.0000000e+00
   0.0000000e+00
   0.0000000e+00
   0.0000000e+00
   0.0000000e+00
   0.0000000e+00
   0.0000000e+00
   0.0000000e+00
   0.0000000e+00
  -0.0000000e+00
  -5.3016569e-02
  -5.8820467e-02
  -5.4743435e-02
  -4.8000172e-02
  -3.8476720e-02
  -2.5517363e-02
  -1.4769775e-02
  -3.8621493e-03
   6.4472109e-03
   0.0000000e+00
   0.0000000e+00
   0.0000000e+00
   0.0000000e+00
   0.0000000e+00
  -0.0000000e+00
  -4.4433173e-02
  -5.1275030e-02
  -4.9330741e-02
  -4.7171462e-02
  -4.4912986e-02
  -3.9898641e-02
  -3.4070179e-02
  -2.7506525e-02
  -1.9373590e-02
  -1.2720015e-02
  -6.4467080e-03
   2.1844286e-03
   0.0000000e+00
   0.0000000e+00
  -4.1812601e-03
  -8.0029722e-03
  -1.7434728e-02
  -2.8722701e-02
  -3.0055959e-02
   0.0000000e+00
  -0.0000000e+00
  -1.6316138e-02
  -1.7347097e-02
  -1.8310910e-02
  -1.8704176e-02
  -1.9816220e-02
  -2.0900305e-02
  -2.1263555e-02
  -2.1206610e-02
  -2.1053400e-02
  -2.1211639e-02
  -2.1753049e-02
  -2.3470698e-02
  -2.6033284e-02
  -2.9588871e-02
  -3.4923330e-02
  -3.9802089e-02
  -4.4694509e-02
  -4.9846280e-02
  -5.2852064e-02
  -5.4091871e-02
  -5.2554429e-02
  -4.8961941e-02
  -4.3272302e-02
  -3.2944642e-02
  -2.1523308e-02
  -8.3272895e-03
   0.0000000e+00
   0.0000000e+00
   0.0000000e+00
   0.0000000e+00
   0.0000000e+00
   0.0000000e+00
   0.0000000e+00
   0.0000000e+00
   0.0000000e+00
  -0.0000000e+00
  -4.9612939e-02
  -5.3159080e-02
  -4.8599698e-02
  -4.1984085e-02
  -3.2609105e-02
  -2.0248631e-02
  -1.0618809e-02
  -1.3501616e-03
   9.5341142e-03
   0.0000000e+00
   0.0000000e+00
   0.0000000e+00
   0.0000000e+00
   0.0000000e+00
  -0.0000000e+00
  -4.2072296e-02
  -4.5159761e-02
  -4.2343467e-02
  -3.9749887e-02
  -3.6502242e-02
  -3.0440230e-02
  -2.3899419e-02
  -1.6724858e-02
  -8.0838325e-03
  -1.6400459e-03
   3.2930449e-03
   9.4995616e-03
   0.0000000e+00
   0.0000000e+00
   0.0000000e+00
   0.0000000e+00
  -9.1068667e-03
  -1.1070337e-02
   0.0000000e+00
   0.0000000e+00
  -0.0000000e+00
  -2.3598508e-02
  -2.5588465e-02
  -2.9749554e-02
  -3.2820691e-02
  -3.5326470e-02
  -3.7001427e-02
  -3.7289500e-02
  -3.7017734e-02
  -3.6541598e-02
  -3.6293904e-02
  -3.6222481e-02
  -3.6644379e-02
  -3.7469883e-02
  -3.8661871e-02
  -4.0201260e-02
  -4.1479265e-02
  -4.2808714e-02
  -4.4201596e-02
  -4.4701147e-02
  -4.4015641e-02
  -4.0916665e-02
  -3.6484029e-02
  -3.0412785e-02
  -2.0377452e-02
  -8.8964879e-03
   2.4205790e-03
   0.0000000e+00
   0.0000000e+00
   0.0000000e+00
   0.0000000e+00
   0.0000000e+00
   0.0000000e+00
   0.0000000e+00
   0.0000000e+00
   0.0000000e+00
  -0.0000000e+00
  -4.1783213e-02
  -3.8687653e-02
  -3.4286062e-02
  -2.8753613e-02
  -2.0647159e-02
  -1.0067775e-02
  -2.7102763e-03
   2.8139310e-03
   0.0000000e+00
   0.0000000e+00
   0.0000000e+00
   0.0000000e+00
   0.0000000e+00
   0.0000000e+00
  -0.0000000e+00
  -3.5651719e-02
  -3.1463577e-02
  -2.7257369e-02
  -2.4510087e-02
  -2.0062238e-02
  -1.2754769e-02
  -5.3158464e-03
   2.8564195e-03
   1.1998890e-02
   1.6998203e-02
   1.7425405e-02
   0.0000000e+00
   0.0000000e+00
   0.0000000e+00
   0.0000000e+00
   0.0000000e+00
  -6.5200552e-03
  -7.6965410e-03
   0.0000000e+00
   0.0000000e+00
  -3.1700798e-02
  -3.0028073e-02
  -3.1700205e-02
  -3.6455460e-02
  -3.9630450e-02
  -4.1997317e-02
  -4.3550223e-02
  -4.3792084e-02
  -4.3510191e-02
  -4.2840507e-02
  -4.2167645e-02
  -4.1404802e-02
  -4.0622018e-02
  -4.0131517e-02
  -3.9915521e-02
  -3.9810963e-02
  -3.9811172e-02
  -3.9975341e-02
  -4.0130965e-02
  -3.9899468e-02
  -3.8848925e-02
  -3.5772249e-02
  -3.1545259e-02
  -2.5696618e-02
  -1.6029276e-02
  -5.3838585e-03
   4.9498761e-03
   0.0000000e+00
   0.0000000e+00
   0.0000000e+00
   0.0000000e+00
   0.0000000e+00
   0.0000000e+00
   0.0000000e+00
   0.0000000e+00
  -6.1175813e-02
  -4.5832946e-02
  -3.3580326e-02
  -2.9926982e-02
  -2.5717335e-02
  -2.1004580e-02
  -1.3592392e-02
  -3.6882428e-03
   2.4201358e-03
   5.5177449e-03
   0.0000000e+00
   0.0000000e+00
   0.0000000e+00
   0.0000000e+00
   0.0000000e+00
   0.0000000e+00
  -0.0000000e+00
  -3.2321150e-02
  -2.5611099e-02
  -2.0499250e-02
  -1.7685827e-02
  -1.2881368e-02
  -5.1323185e-03
   2.5558630e-03
   1.1077387e-02
   2.0392872e-02
   2.4177998e-02
   2.1636952e-02
   0.0000000e+00
   0.0000000e+00
   0.0000000e+00
   0.0000000e+00
   0.0000000e+00
  -4.5709725e-03
  -5.1544886e-03
   0.0000000e+00
   0.0000000e+00
  -3.3161294e-02
  -3.4872554e-02
  -3.6305219e-02
  -4.1508157e-02
  -4.4761401e-02
  -4.7023602e-02
  -4.8484541e-02
  -4.8691586e-02
  -4.8402067e-02
  -4.7586549e-02
  -4.6593331e-02
  -4.5309525e-02
  -4.3619052e-02
  -4.2136975e-02
  -4.0860105e-02
  -3.9516889e-02
  -3.8554315e-02
  -3.7840482e-02
  -3.7063863e-02
  -3.6281545e-02
  -3.4955960e-02
  -3.1896085e-02
  -2.7824052e-02
  -2.2143133e-02
  -1.2753057e-02
  -2.7371985e-03
   6.8556247e-03
   0.0000000e+00
   0.0000000e+00
   0.0000000e+00
   0.0000000e+00
   0.0000000e+00
   0.0000000e+00
   0.0000000e+00
   0.0000000e+00
  -6.1175818e-02
  -4.6266977e-02
  -2.7399700e-02
  -2.3326082e-02
  -1.9261064e-02
  -1.5165919e-02
  -8.2768407e-03
   1.1185396e-03
   6.2857447e-03
   7.5549865e-03
   0.0000000e+00
   0.0000000e+00
   0.0000000e+00
   0.0000000e+00
   0.0000000e+00
   0.0000000e+00
   0.0000000e+00
  -2.7302187e-02
  -2.1201432e-02
  -1.5407213e-02
  -1.2543952e-02
  -7.4707996e-03
   6.1096548e-04
   8.4869564e-03
   1.7271636e-02
   2.6717482e-02
   2.9587757e-02
   2.4810225e-02
   0.0000000e+00
   0.0000000e+00
   1.7942231e-04
   0.0000000e+00
  -0.0000000e+00
  -8.6255558e-03
  -1.8549077e-02
  -3.0493990e-02
  -4.0345296e-02
  -4.0618543e-02
  -4.0493406e-02
  -4.1615676e-02
  -4.4734519e-02
  -4.6970416e-02
  -4.8681460e-02
  -5.0012045e-02
  -5.0457314e-02
  -5.0542943e-02
  -5.0048828e-02
  -4.9180310e-02
  -4.7947019e-02
  -4.6040937e-02
  -4.4262424e-02
  -4.2608067e-02
  -4.0516555e-02
  -3.8570713e-02
  -3.6673795e-02
  -3.4411557e-02
  -3.2460794e-02
  -3.0160403e-02
  -2.6404634e-02
  -2.2225741e-02
  -1.7231952e-02
  -1.0832907e-02
  -4.9249055e-03
   2.4201837e-03
   0.0000000e+00
   0.0000000e+00
   0.0000000e+00
   0.0000000e+00
   0.0000000e+00
   0.0000000e+00
  -0.0000000e+00
  -5.5546992e-02
  -4.9098797e-02
  -3.0373674e-02
  -1.6909018e-02
  -1.1815917e-02
  -6.0680867e-03
  -8.1336347e-04
   6.8527749e-03
   1.4635900e-02
   1.7693181e-02
   1.3369154e-02
   0.0000000e+00
   0.0000000e+00
   0.0000000e+00
   0.0000000e+00
   0.0000000e+00
   0.0000000e+00
   0.0000000e+00
   0.0000000e+00
  -1.2132842e-02
  -6.4131636e-03
  -3.4037628e-03
   1.2109692e-03
   9.1602281e-03
   1.6762832e-02
   2.5567459e-02
   3.4765132e-02
   3.5189487e-02
   2.4560558e-02
   0.0000000e+00
   0.0000000e+00
   1.4092997e-03
   0.0000000e+00
  -0.0000000e+00
  -1.1372452e-02
  -2.2041349e-02
  -3.3285461e-02
  -4.1402150e-02
  -4.2511255e-02
  -4.2997777e-02
  -4.5330629e-02
  -4.8967734e-02
  -5.1545732e-02
  -5.3378832e-02
  -5.4466192e-02
  -5.4567255e-02
  -5.4231070e-02
  -5.3178068e-02
  -5.1862650e-02
  -5.0234981e-02
  -4.7914207e-02
  -4.5838825e-02
  -4.3867823e-02
  -4.1358665e-02
  -3.8949981e-02
  -3.6396813e-02
  -3.3068046e-02
  -3.0157572e-02
  -2.7047932e-02
  -2.3022318e-02
  -1.9506697e-02
  -1.6123846e-02
  -1.2874311e-02
  -9.5490236e-03
  -2.0006560e-03
   9.8845386e-03
   0.0000000e+00
   0.0000000e+00
   0.0000000e+00
   0.0000000e+00
   0.0000000e+00
  -0.0000000e+00
  -5.4424137e-02
  -4.6648033e-02
  -2.7658526e-02
  -1.4156358e-02
  -7.5068986e-03
  -7.1040681e-04
   4.8445328e-03
   8.2306888e-03
   1.7032083e-02
   2.2991361e-02
   1.6051783e-02
   0.0000000e+00
   0.0000000e+00
   0.0000000e+00
   0.0000000e+00
   0.0000000e+00
   0.0000000e+00
   0.0000000e+00
   0.0000000e+00
  -7.9761750e-03
  -1.3309040e-03
   2.8594513e-04
   4.0924083e-03
   1.1748952e-02
   1.9493937e-02
   2.8758612e-02
   3.7901945e-02
   3.6830779e-02
   2.6217317e-02
   0.0000000e+00
   0.0000000e+00
   3.0415855e-03
   0.0000000e+00
  -0.0000000e+00
  -1.5018115e-02
  -2.6676267e-02
  -3.6990286e-02
  -4.2804799e-02
  -4.5023255e-02
  -4.6321564e-02
  -5.0261092e-02
  -5.4586037e-02
  -5.7618062e-02
  -5.9613150e-02
  -6.0377713e-02
  -6.0021939e-02
  -5.9125928e-02
  -5.7331184e-02
  -5.5422636e-02
  -5.3271549e-02
  -5.0400399e-02
  -4.7931015e-02
  -4.5539768e-02
  -4.2476302e-02
  -3.9453352e-02
  -3.6029198e-02
  -3.1284947e-02
  -2.7100749e-02
  -2.2917081e-02
  -1.8533332e-02
  -1.5897993e-02
  -1.4653173e-02
  -1.5583652e-02
  -1.5686124e-02
  -7.8679678e-03
   9.8845380e-03
   0.0000000e+00
   0.0000000e+00
   0.0000000e+00
   0.0000000e+00
   0.0000000e+00
  -5.4335493e-02
  -5.2933884e-02
  -4.3395390e-02
  -2.4054997e-02
  -1.0503045e-02
  -1.7879967e-03
   6.4002731e-03
   1.2353658e-02
   1.5545726e-02
   2.9752889e-02
   3.0023074e-02
   3.0293257e-02
   0.0000000e+00
   0.0000000e+00
   0.0000000e+00
   0.0000000e+00
   0.0000000e+00
   0.0000000e+00
   0.0000000e+00
   0.0000000e+00
  -2.4594710e-03
   5.4142400e-03
   5.1829029e-03
   7.9166374e-03
   1.5184688e-02
   2.3118642e-02
   3.2993888e-02
   4.2065103e-02
   3.9009093e-02
   2.8416162e-02
   0.0000000e+00
   0.0000000e+00
   2.7122762e-03
   0.0000000e+00
  -0.0000000e+00
  -1.5018114e-02
  -3.0901998e-02
  -4.0323317e-02
  -4.6195872e-02
  -5.1065423e-02
  -5.6003995e-02
  -6.2624767e-02
  -6.9868952e-02
  -7.5083792e-02
  -7.8874297e-02
  -8.0982074e-02
  -8.0937684e-02
  -7.9571240e-02
  -7.6266021e-02
  -7.2479986e-02
  -6.8008393e-02
  -6.1986141e-02
  -5.6831926e-02
  -5.1944040e-02
  -4.6331193e-02
  -4.1400291e-02
  -3.6122862e-02
  -2.9342053e-02
  -2.3881618e-02
  -1.9417936e-02
  -1.6711103e-02
  -1.6268188e-02
  -1.6370662e-02
  -1.8706325e-02
  -2.4575384e-02
  -2.3254603e-02
  -3.7335965e-03
   0.0000000e+00
   0.0000000e+00
   0.0000000e+00
   0.0000000e+00
   0.0000000e+00
  -5.7788853e-02
  -5.4168332e-02
  -4.5006882e-02
  -2.8343309e-02
  -1.4410838e-02
  -1.1220642e-03
   1.1204435e-02
   1.4371956e-02
   1.5545725e-02
   0.0000000e+00
   3.0023071e-02
   3.0293254e-02
   0.0000000e+00
   0.0000000e+00
   0.0000000e+00
   0.0000000e+00
   0.0000000e+00
   0.0000000e+00
   0.0000000e+00
   0.0000000e+00
  -2.4594711e-03
   1.7385636e-02
   1.2095353e-02
   1.2109052e-02
   1.9975502e-02
   3.1570934e-02
   4.3858562e-02
   5.5290814e-02
   4.5618128e-02
   3.1378958e-02
   0.0000000e+00
   4.6504232e-03
   2.7035720e-03
  -6.2761852e-03
  -1.7155439e-02
   0.0000000e+00
  -3.3188995e-02
  -4.2084135e-02
  -4.8144560e-02
  -5.4247040e-02
  -6.0632374e-02
  -6.8285637e-02
  -7.6781362e-02
  -8.2968727e-02
  -8.7711252e-02
  -9.0863913e-02
  -9.1542251e-02
  -9.0684436e-02
  -8.7616645e-02
  -8.3695553e-02
  -7.8819789e-02
  -7.1956508e-02
  -6.5824158e-02
  -5.9749022e-02
  -5.2517761e-02
  -4.6249960e-02
  -3.9751321e-02
  -3.1729385e-02
  -2.5451522e-02
  -2.0558592e-02
  -1.8269015e-02
  -1.8551907e-02
  -1.8075390e-02
  -1.7000139e-02
  -2.3168173e-02
  -2.5461959e-02
  -5.9065532e-03
   0.0000000e+00
   0.0000000e+00
   0.0000000e+00
   0.0000000e+00
  -7.4778409e-02
  -6.2141284e-02
  -5.8547109e-02
  -4.9966138e-02
  -3.4324490e-02
  -1.9909522e-02
  -4.2360593e-03
   1.2115522e-02
   1.7137630e-02
   0.0000000e+00
   0.0000000e+00
   0.0000000e+00
   0.0000000e+00
   0.0000000e+00
   0.0000000e+00
   0.0000000e+00
   0.0000000e+00
   0.0000000e+00
   0.0000000e+00
   0.0000000e+00
   0.0000000e+00
   0.0000000e+00
   2.4562571e-02
   1.8357281e-02
   1.5735772e-02
   2.2897147e-02
   3.3662290e-02
   4.5592166e-02
   6.1002217e-02
   5.0289351e-02
   3.3413939e-02
   2.8610408e-02
   0.0000000e+00
   2.7172922e-03
  -6.2761854e-03
  -1.7155439e-02
   0.0000000e+00
  -3.6933151e-02
  -4.4937397e-02
  -5.1412480e-02
  -5.9395271e-02
  -6.7790946e-02
  -7.6847992e-02
  -8.7167940e-02
  -9.4804519e-02
  -1.0109216e-01
  -1.0617306e-01
  -1.0841397e-01
  -1.0891126e-01
  -1.0695424e-01
  -1.0341514e-01
  -9.8460628e-02
  -9.0812104e-02
  -8.3403504e-02
  -7.5496847e-02
  -6.5452651e-02
  -5.6787863e-02
  -4.8140559e-02
  -3.7991628e-02
  -3.0288783e-02
  -2.4503030e-02
  -2.2560953e-02
  -2.3716720e-02
  -2.1396903e-02
  -1.1882214e-02
  -1.6608141e-02
  -2.3160918e-02
   0.0000000e+00
   0.0000000e+00
   0.0000000e+00
   0.0000000e+00
   0.0000000e+00
  -7.4778407e-02
  -7.1926213e-02
  -6.8255713e-02
  -6.0882736e-02
  -4.6622004e-02
  -3.1227809e-02
  -1.1712305e-02
   1.2451040e-02
   2.2063157e-02
   0.0000000e+00
   0.0000000e+00
   0.0000000e+00
   0.0000000e+00
   0.0000000e+00
   0.0000000e+00
   0.0000000e+00
   0.0000000e+00
   0.0000000e+00
   0.0000000e+00
   0.0000000e+00
   0.0000000e+00
   0.0000000e+00
   3.6789997e-02
   3.0334475e-02
   2.2602609e-02
   2.7905380e-02
   3.7110773e-02
   0.0000000e+00
   6.9362550e-02
   5.8685917e-02
   3.7040841e-02
   2.8610406e-02
   0.0000000e+00
   2.7172919e-03
  -1.1362043e-02
  -2.5686782e-02
  -3.4923287e-02
  -4.0193873e-02
  -4.7479637e-02
  -5.3827211e-02
  -6.2327657e-02
  -7.0953809e-02
  -8.0057872e-02
  -9.0425698e-02
  -9.8127633e-02
  -1.0478178e-01
  -1.1074512e-01
  -1.1398874e-01
  -1.1573942e-01
  -1.1569428e-01
  -1.1394282e-01
  -1.1074939e-01
  -1.0482564e-01
  -9.8224074e-02
  -9.0352295e-02
  -7.9360326e-02
  -6.9125161e-02
  -5.8455661e-02
  -4.5888479e-02
  -3.6182050e-02
  -2.8277786e-02
  -2.4385070e-02
  -2.6820101e-02
  -2.7004737e-02
  -1.0243891e-02
  -1.9482103e-03
  -2.3160915e-02
   0.0000000e+00
   0.0000000e+00
   0.0000000e+00
   0.0000000e+00
  -0.0000000e+00
  -8.4418572e-02
  -8.3187160e-02
  -8.0645472e-02
  -7.3645283e-02
  -6.0348015e-02
  -4.5308873e-02
  -2.4657718e-02
   4.1755066e-03
   2.2063154e-02
   0.0000000e+00
   0.0000000e+00
   0.0000000e+00
   0.0000000e+00
   0.0000000e+00
   0.0000000e+00
   0.0000000e+00
   0.0000000e+00
   0.0000000e+00
   0.0000000e+00
   0.0000000e+00
   0.0000000e+00
   0.0000000e+00
   4.5683077e-02
   4.8203681e-02
   3.6051357e-02
   3.1823693e-02
   3.7110770e-02
   0.0000000e+00
   6.0155097e-02
   5.8883864e-02
   4.0239422e-02
   3.0757281e-02
   0.0000000e+00
   0.0000000e+00
  -1.4551298e-02
  -2.7854331e-02
  -3.5342775e-02
  -4.1835543e-02
  -4.8718778e-02
  -5.4888524e-02
  -6.3396141e-02
  -7.1920737e-02
  -8.0863483e-02
  -9.1021255e-02
  -9.8573829e-02
  -1.0526525e-01
  -1.1153505e-01
  -1.1520553e-01
  -1.1747588e-01
  -1.1820818e-01
  -1.1724961e-01
  -1.1490230e-01
  -1.0993665e-01
  -1.0401140e-01
  -9.6540347e-02
  -8.5566141e-02
  -7.4924959e-02
  -6.3525245e-02
  -4.9832191e-02
  -3.9017360e-02
  -2.9677656e-02
  -2.3880752e-02
  -2.6596090e-02
  -2.9898716e-02
  -1.4946349e-02
   7.8947578e-03
   0.0000000e+00
  -7.7117045e-02
  -1.4072383e-01
  -1.2445151e-01
  -8.8380618e-02
  -8.9343776e-02
  -8.7602943e-02
  -8.7625399e-02
  -8.5497898e-02
  -7.8963503e-02
  -6.6663906e-02
  -5.2493063e-02
  -3.2308739e-02
  -2.6221828e-03
   0.0000000e+00
   0.0000000e+00
   0.0000000e+00
   0.0000000e+00
   0.0000000e+00
   0.0000000e+00
   0.0000000e+00
   0.0000000e+00
   0.0000000e+00
   0.0000000e+00
   0.0000000e+00
   0.0000000e+00
   0.0000000e+00
   0.0000000e+00
   5.1554412e-02
   5.9368246e-02
   4.5282058e-02
   3.5859242e-02
   0.0000000e+00
   0.0000000e+00
   5.2569181e-02
   5.6088471e-02
   4.1405600e-02
   3.1478008e-02
   0.0000000e+00
   0.0000000e+00
  -2.0187906e-02
  -3.0652012e-02
  -3.6938368e-02
  -4.3916194e-02
  -5.0185809e-02
  -5.5841911e-02
  -6.3715836e-02
  -7.1559860e-02
  -7.9829019e-02
  -8.9126580e-02
  -9.6027598e-02
  -1.0239283e-01
  -1.0870142e-01
  -1.1271521e-01
  -1.1536171e-01
  -1.1660977e-01
  -1.1638440e-01
  -1.1500673e-01
  -1.1148295e-01
  -1.0709970e-01
  -1.0110833e-01
  -9.1411851e-02
  -8.1231664e-02
  -6.9636607e-02
  -5.4749059e-02
  -4.2276674e-02
  -3.0182190e-02
  -1.9633195e-02
  -2.1781219e-02
  -3.3745647e-02
  -4.1584581e-02
   0.0000000e+00
   0.0000000e+00
  -7.7117043e-02
  -1.4072384e-01
  -1.2445152e-01
  -8.8380619e-02
  -8.9450615e-02
  -9.0482863e-02
  -9.0127547e-02
  -8.8134074e-02
  -8.2895350e-02
  -7.3160328e-02
  -6.1838874e-02
  -4.4880348e-02
  -1.4388686e-02
   0.0000000e+00
   0.0000000e+00
   0.0000000e+00
   0.0000000e+00
   0.0000000e+00
   0.0000000e+00
   0.0000000e+00
   0.0000000e+00
   0.0000000e+00
   0.0000000e+00
   0.0000000e+00
   0.0000000e+00
   0.0000000e+00
   0.0000000e+00
   6.2531216e-02
   7.9016938e-02
   6.3219529e-02
   4.4537953e-02
   0.0000000e+00
   0.0000000e+00
   3.5472075e-02
   4.5202935e-02
   4.2811072e-02
   0.0000000e+00
   0.0000000e+00
  -1.1072621e-02
  -2.5735009e-02
  -3.4336239e-02
  -3.8603947e-02
  -4.4684973e-02
  -4.9885102e-02
  -5.4952230e-02
  -6.2029906e-02
  -6.9039956e-02
  -7.6583855e-02
  -8.5069418e-02
  -9.1292173e-02
  -9.7015522e-02
  -1.0300358e-01
  -1.0699077e-01
  -1.0967293e-01
  -1.1111549e-01
  -1.1115851e-01
  -1.1015406e-01
  -1.0753116e-01
  -1.0422000e-01
  -9.9508137e-02
  -9.1484696e-02
  -8.2456477e-02
  -7.1369410e-02
  -5.5958353e-02
  -4.2284153e-02
  -2.8058562e-02
  -1.4019684e-02
  -1.3435434e-02
  -3.3745647e-02
  -4.1584581e-02
   0.0000000e+00
   0.0000000e+00
  -7.5073346e-02
  -1.2048349e-01
  -1.1264240e-01
  -8.6173758e-02
  -8.5131176e-02
  -8.6412743e-02
  -8.6159289e-02
  -8.5241273e-02
  -8.1953436e-02
  -7.5303346e-02
  -6.6977635e-02
  -5.2946616e-02
  -2.4193848e-02
   0.0000000e+00
   0.0000000e+00
   0.0000000e+00
   0.0000000e+00
   0.0000000e+00
   0.0000000e+00
   0.0000000e+00
   0.0000000e+00
   0.0000000e+00
   0.0000000e+00
   0.0000000e+00
   0.0000000e+00
   0.0000000e+00
   0.0000000e+00
   6.7222349e-02
   8.0641270e-02
   7.2087735e-02
   4.6974902e-02
   0.0000000e+00
   0.0000000e+00
   3.2136034e-02
   3.2491151e-02
   3.2174921e-02
   0.0000000e+00
   0.0000000e+00
  -1.2448346e-02
  -3.0005924e-02
  -3.7223852e-02
  -3.9774705e-02
  -4.4937052e-02
  -4.9285816e-02
  -5.3789742e-02
  -6.0211286e-02
  -6.6629983e-02
  -7.3665753e-02
  -8.1583686e-02
  -8.7367249e-02
  -9.2689455e-02
  -9.8409854e-02
  -1.0228178e-01
  -1.0491256e-01
  -1.0645274e-01
  -1.0667285e-01
  -1.0591371e-01
  -1.0387050e-01
  -1.0126852e-01
  -9.7401507e-02
  -9.0549633e-02
  -8.2381477e-02
  -7.1721680e-02
  -5.6030851e-02
  -4.1566225e-02
  -2.6048347e-02
  -1.0917218e-02
  -5.6710078e-03
   0.0000000e+00
   0.0000000e+00
   0.0000000e+00
  -7.6733638e-02
  -7.2817616e-02
  -1.0572685e-01
  -1.0233456e-01
  -8.3037324e-02
  -8.1420211e-02
  -8.2785234e-02
  -8.2753867e-02
  -8.2556253e-02
  -8.0652438e-02
  -7.6197989e-02
  -7.0015355e-02
  -5.8339395e-02
  -3.1342154e-02
   0.0000000e+00
   0.0000000e+00
   0.0000000e+00
   0.0000000e+00
   0.0000000e+00
   0.0000000e+00
   0.0000000e+00
   0.0000000e+00
   0.0000000e+00
   0.0000000e+00
   0.0000000e+00
   0.0000000e+00
   0.0000000e+00
   0.0000000e+00
   0.0000000e+00
   8.0174567e-02
   7.4734807e-02
   4.8476696e-02
   0.0000000e+00
   0.0000000e+00
   0.0000000e+00
   2.4400586e-02
   2.7227292e-02
   0.0000000e+00
   0.0000000e+00
  -1.8952293e-02
  -3.7998326e-02
  -4.2773277e-02
  -4.1646750e-02
  -4.4438113e-02
  -4.7113880e-02
  -5.0250433e-02
  -5.5321087e-02
  -6.0778209e-02
  -6.7006684e-02
  -7.4026659e-02
  -7.9225569e-02
  -8.4062870e-02
  -8.9222744e-02
  -9.2608220e-02
  -9.4917678e-02
  -9.6491753e-02
  -9.6958902e-02
  -9.6538535e-02
  -9.5254742e-02
  -9.3647832e-02
  -9.0961111e-02
  -8.5968754e-02
  -7.9333326e-02
  -6.9576307e-02
  -5.3714129e-02
  -3.8155655e-02
  -2.1214935e-02
  -7.8207429e-03
   0.0000000e+00
   0.0000000e+00
   0.0000000e+00
   0.0000000e+00
  -7.6733648e-02
  -6.6647712e-02
  -8.0474405e-02
  -7.9572823e-02
  -7.3062586e-02
  -7.3375219e-02
  -7.4586403e-02
  -7.5381085e-02
  -7.6224136e-02
  -7.6573104e-02
  -7.5714674e-02
  -7.3075652e-02
  -6.6095504e-02
  -4.3573664e-02
   0.0000000e+00
   0.0000000e+00
   0.0000000e+00
   0.0000000e+00
   0.0000000e+00
   0.0000000e+00
   0.0000000e+00
   0.0000000e+00
   0.0000000e+00
   0.0000000e+00
   0.0000000e+00
   0.0000000e+00
   0.0000000e+00
   0.0000000e+00
   0.0000000e+00
   6.8617374e-02
   6.7746567e-02
   5.0217380e-02
   0.0000000e+00
   0.0000000e+00
   0.0000000e+00
   3.8124167e-03
   0.0000000e+00
   0.0000000e+00
   0.0000000e+00
  -1.8952291e-02
  -4.2005065e-02
  -4.5817642e-02
  -4.3315454e-02
  -4.2612980e-02
  -4.3682097e-02
  -4.5586554e-02
  -4.9160944e-02
  -5.3303094e-02
  -5.8387563e-02
  -6.4674459e-02
  -6.9526239e-02
  -7.4152029e-02
  -7.9084022e-02
  -8.2267379e-02
  -8.4568833e-02
  -8.6231043e-02
  -8.6786454e-02
  -8.6600904e-02
  -8.5893606e-02
  -8.4878479e-02
  -8.2894554e-02
  -7.8767074e-02
  -7.2707838e-02
  -6.3367434e-02
  -4.7810832e-02
  -3.2315481e-02
  -1.4292103e-02
  -2.0747151e-03
   0.0000000e+00
   0.0000000e+00
   0.0000000e+00
   0.0000000e+00
  -6.7775820e-02
  -5.8410328e-02
  -6.6256336e-02
  -6.6888175e-02
  -6.3945353e-02
  -6.4389676e-02
  -6.5098539e-02
  -6.6098630e-02
  -6.7718885e-02
  -6.9396547e-02
  -7.0684805e-02
  -7.0267729e-02
  -6.6727824e-02
  -5.0129961e-02
   0.0000000e+00
   0.0000000e+00
   0.0000000e+00
   0.0000000e+00
   0.0000000e+00
   0.0000000e+00
   0.0000000e+00
   0.0000000e+00
   0.0000000e+00
   0.0000000e+00
   0.0000000e+00
   0.0000000e+00
   0.0000000e+00
   0.0000000e+00
   0.0000000e+00
   0.0000000e+00
   4.8415271e-02
   5.0217384e-02
   0.0000000e+00
   0.0000000e+00
   0.0000000e+00
   0.0000000e+00
   0.0000000e+00
   0.0000000e+00
   0.0000000e+00
   0.0000000e+00
  -0.0000000e+00
  -4.6070520e-02
  -4.3205636e-02
  -4.0674816e-02
  -4.0333445e-02
  -4.1214219e-02
  -4.3668496e-02
  -4.6784329e-02
  -5.0849571e-02
  -5.6426827e-02
  -6.0943913e-02
  -6.5356624e-02
  -7.0100349e-02
  -7.3141035e-02
  -7.5469483e-02
  -7.7281994e-02
  -7.7981760e-02
  -7.8052771e-02
  -7.7836578e-02
  -7.7306990e-02
  -7.5918053e-02
  -7.2464895e-02
  -6.6773150e-02
  -5.7628210e-02
  -4.2140457e-02
  -2.6922978e-02
  -9.1505624e-03
   1.5543590e-03
   0.0000000e+00
   0.0000000e+00
  -4.6068919e-02
  -4.8911611e-02
  -5.8062615e-02
  -5.1278419e-02
  -5.5932674e-02
  -5.7125624e-02
  -5.6094776e-02
  -5.6564241e-02
  -5.6939084e-02
  -5.8068029e-02
  -6.0183685e-02
  -6.2674817e-02
  -6.5321546e-02
  -6.6352289e-02
  -6.5046083e-02
  -5.2905906e-02
   0.0000000e+00
   0.0000000e+00
   0.0000000e+00
   0.0000000e+00
   0.0000000e+00
   0.0000000e+00
   0.0000000e+00
   0.0000000e+00
   0.0000000e+00
   0.0000000e+00
   0.0000000e+00
   0.0000000e+00
   0.0000000e+00
   0.0000000e+00
   0.0000000e+00
   0.0000000e+00
   3.7259974e-02
   0.0000000e+00
   0.0000000e+00
   0.0000000e+00
   0.0000000e+00
   0.0000000e+00
   0.0000000e+00
   0.0000000e+00
   0.0000000e+00
   0.0000000e+00
   0.0000000e+00
  -3.8197483e-02
  -4.0184284e-02
  -3.6824068e-02
  -3.4120758e-02
  -3.3391763e-02
  -3.4318948e-02
  -3.5946981e-02
  -3.8278648e-02
  -4.2548524e-02
  -4.6451167e-02
  -5.0457743e-02
  -5.4907445e-02
  -5.7771871e-02
  -6.0206839e-02
  -6.2402395e-02
  -6.3464367e-02
  -6.4055834e-02
  -6.4635008e-02
  -6.4857218e-02
  -6.4425023e-02
  -6.1947925e-02
  -5.6622289e-02
  -4.7497904e-02
  -3.1766083e-02
  -1.7414751e-02
  -2.2273449e-03
   5.0811775e-03
   0.0000000e+00
   0.0000000e+00
  -4.6068916e-02
  -4.8911608e-02
  -4.3364869e-02
  -3.9515309e-02
  -4.2534221e-02
  -4.3252230e-02
  -4.3225125e-02
  -4.3573661e-02
  -4.3581911e-02
  -4.4833885e-02
  -4.7442297e-02
  -5.0659619e-02
  -5.4633226e-02
  -5.7182396e-02
  -5.8199523e-02
  -5.2185231e-02
   0.0000000e+00
   0.0000000e+00
   0.0000000e+00
   0.0000000e+00
   0.0000000e+00
   0.0000000e+00
   0.0000000e+00
   0.0000000e+00
   0.0000000e+00
   0.0000000e+00
   0.0000000e+00
   0.0000000e+00
   0.0000000e+00
   0.0000000e+00
   0.0000000e+00
   4.4546894e-03
   4.4546894e-03
   0.0000000e+00
   0.0000000e+00
   0.0000000e+00
   0.0000000e+00
   0.0000000e+00
   0.0000000e+00
   0.0000000e+00
   0.0000000e+00
   0.0000000e+00
   0.0000000e+00
  -0.0000000e+00
  -3.2261693e-02
  -3.0625328e-02
  -2.6290182e-02
  -2.3109093e-02
  -2.2065839e-02
  -2.2487972e-02
  -2.3874393e-02
  -2.6663842e-02
  -2.9638346e-02
  -3.3014432e-02
  -3.7014697e-02
  -3.9702706e-02
  -4.2099319e-02
  -4.4340726e-02
  -4.5565464e-02
  -4.6475224e-02
  -4.7578391e-02
  -4.8451893e-02
  -4.9084727e-02
  -4.8194926e-02
  -4.4074968e-02
  -3.5393655e-02
  -1.8976029e-02
  -6.0665049e-03
   2.3005770e-03
   5.0811774e-03
   0.0000000e+00
   0.0000000e+00
  -3.4867465e-02
  -3.2306805e-02
  -3.4407609e-02
  -3.2351908e-02
  -2.8620850e-02
  -2.8514124e-02
  -2.8619014e-02
  -2.9444758e-02
  -2.9958004e-02
  -3.1471636e-02
  -3.4034751e-02
  -3.7251420e-02
  -4.1616645e-02
  -4.4805877e-02
  -4.6786472e-02
  -4.4486329e-02
   0.0000000e+00
   0.0000000e+00
   0.0000000e+00
   0.0000000e+00
   0.0000000e+00
   0.0000000e+00
   0.0000000e+00
   0.0000000e+00
   0.0000000e+00
   0.0000000e+00
   0.0000000e+00
   0.0000000e+00
   0.0000000e+00
   0.0000000e+00
   0.0000000e+00
   4.4546899e-03
   4.4546899e-03
   0.0000000e+00
   0.0000000e+00
   0.0000000e+00
   0.0000000e+00
   0.0000000e+00
   0.0000000e+00
   0.0000000e+00
   0.0000000e+00
   0.0000000e+00
   0.0000000e+00
   0.0000000e+00
  -2.9121146e-02
  -2.7128799e-02
  -2.1946737e-02
  -1.7159313e-02
  -1.2887206e-02
  -1.1543021e-02
  -1.2107369e-02
  -1.3926843e-02
  -1.6220575e-02
  -1.9136732e-02
  -2.2797035e-02
  -2.5434603e-02
  -2.7834306e-02
  -3.0070066e-02
  -3.1304341e-02
  -3.2270085e-02
  -3.3530306e-02
  -3.4746576e-02
  -3.6030367e-02
  -3.6305804e-02
  -3.3376433e-02
  -2.5363816e-02
  -8.5281553e-03
   2.5773427e-03
   4.8714707e-03
   0.0000000e+00
   0.0000000e+00
   0.0000000e+00
  -3.1813037e-02
  -2.7778975e-02
  -2.4637684e-02
  -0.0000000e+00
  -1.6763499e-02
  -1.6918637e-02
  -1.7368974e-02
  -1.8646795e-02
  -1.9664045e-02
  -2.1409065e-02
  -2.3910855e-02
  -2.7085369e-02
  -3.1693723e-02
  -3.5365197e-02
  -3.7848163e-02
  -3.4503111e-02
  -1.7700371e-02
   0.0000000e+00
   0.0000000e+00
   0.0000000e+00
   0.0000000e+00
   0.0000000e+00
   0.0000000e+00
   0.0000000e+00
   0.0000000e+00
   0.0000000e+00
   0.0000000e+00
   0.0000000e+00
   0.0000000e+00
   0.0000000e+00
   0.0000000e+00
   0.0000000e+00
   0.0000000e+00
   0.0000000e+00
   0.0000000e+00
   0.0000000e+00
   0.0000000e+00
   0.0000000e+00
   0.0000000e+00
   0.0000000e+00
   0.0000000e+00
   0.0000000e+00
   0.0000000e+00
   0.0000000e+00
  -2.8691433e-02
  -2.4144579e-02
  -1.8298447e-02
  -1.1961795e-02
  -3.2428000e-03
   4.7635497e-04
   8.4436359e-04
  -3.9506282e-05
  -1.6266397e-03
  -4.0669502e-03
  -7.3680663e-03
  -1.0001784e-02
  -1.2423854e-02
  -1.4629628e-02
  -1.5806353e-02
  -1.6721178e-02
  -1.8004801e-02
  -1.9493982e-02
  -2.1373441e-02
  -2.2858942e-02
  -2.1353450e-02
  -1.4246007e-02
   2.9713425e-03
   1.1745848e-02
   1.3702042e-02
   0.0000000e+00
   0.0000000e+00
   0.0000000e+00
   0.0000000e+00
   0.0000000e+00
   0.0000000e+00
  -0.0000000e+00
  -3.4413831e-03
  -4.4007134e-03
  -5.3623249e-03
  -7.1720695e-03
  -8.7944996e-03
  -1.0803923e-02
  -1.3224811e-02
  -1.6329976e-02
  -2.1163590e-02
  -2.5343448e-02
  -2.8222360e-02
  -2.4734017e-02
  -1.7700374e-02
   0.0000000e+00
   0.0000000e+00
   0.0000000e+00
   0.0000000e+00
   0.0000000e+00
   0.0000000e+00
   0.0000000e+00
   0.0000000e+00
   0.0000000e+00
   0.0000000e+00
   0.0000000e+00
   0.0000000e+00
   0.0000000e+00
   0.0000000e+00
   0.0000000e+00
   0.0000000e+00
   0.0000000e+00
   0.0000000e+00
   0.0000000e+00
   0.0000000e+00
   0.0000000e+00
   0.0000000e+00
   0.0000000e+00
   0.0000000e+00
   0.0000000e+00
   0.0000000e+00
   0.0000000e+00
  -2.6488558e-02
  -2.9137051e-02
  -2.0247889e-02
  -1.0244698e-02
   8.6719914e-03
   1.7872340e-02
   2.1617141e-02
   2.2693109e-02
   2.2587392e-02
   2.1270575e-02
   1.8412141e-02
   1.5663764e-02
   1.2979837e-02
   1.0767270e-02
   9.7158148e-03
   8.9925561e-03
   7.7122658e-03
   5.7083662e-03
   2.9865133e-03
  -4.1409203e-04
  -9.9936290e-04
   4.7464482e-03
   1.8886918e-02
   2.5624595e-02
   0.0000000e+00
   0.0000000e+00
   0.0000000e+00
   0.0000000e+00
   0.0000000e+00
   0.0000000e+00
   0.0000000e+00
   0.0000000e+00
   1.5751194e-02
   1.4614281e-02
   1.3492366e-02
   1.2208436e-02
   1.0039362e-02
   6.9575253e-03
   4.4141751e-03
   1.5659114e-03
  -3.6398790e-03
  -8.5571997e-03
  -1.3041487e-02
  -1.4090529e-02
  -8.2631612e-03
  -5.7148554e-03
   0.0000000e+00
   0.0000000e+00
   0.0000000e+00
   0.0000000e+00
   0.0000000e+00
   0.0000000e+00
   0.0000000e+00
   0.0000000e+00
   0.0000000e+00
   0.0000000e+00
   0.0000000e+00
   0.0000000e+00
   0.0000000e+00
   0.0000000e+00
   0.0000000e+00
   0.0000000e+00
   0.0000000e+00
   0.0000000e+00
   0.0000000e+00
   0.0000000e+00
   0.0000000e+00
   0.0000000e+00
   0.0000000e+00
   0.0000000e+00
   0.0000000e+00
   0.0000000e+00
  -2.6488558e-02
  -2.9137050e-02
  -2.0247885e-02
  -1.0244697e-02
   1.5632739e-02
   2.5203072e-02
   3.0833246e-02
   3.4085173e-02
   3.5326589e-02
   3.5121676e-02
   3.3396982e-02
   3.1220272e-02
   2.8676368e-02
   2.6381729e-02
   2.5370244e-02
   2.4573615e-02
   2.3426432e-02
   2.1270353e-02
   1.8023111e-02
   1.3298108e-02
   1.1112319e-02
   1.5368268e-02
   2.1236699e-02
   2.5624595e-02
   0.0000000e+00
   0.0000000e+00
   0.0000000e+00
   0.0000000e+00
   0.0000000e+00
   0.0000000e+00
   0.0000000e+00
   0.0000000e+00
   2.0335286e-02
   2.2775482e-02
   2.3106256e-02
   2.2947684e-02
   2.1307718e-02
   1.8285707e-02
   1.5757367e-02
   1.3055264e-02
   7.9423785e-03
   2.7502610e-03
  -2.2577154e-03
  -5.3973072e-03
  -5.2448786e-03
  -6.8965778e-03
   0.0000000e+00
   0.0000000e+00
   0.0000000e+00
   0.0000000e+00
   0.0000000e+00
   0.0000000e+00
   0.0000000e+00
   2.2676403e-02
   1.8725165e-02
   0.0000000e+00
   0.0000000e+00
   0.0000000e+00
   0.0000000e+00
   0.0000000e+00
   0.0000000e+00
   0.0000000e+00
   0.0000000e+00
   0.0000000e+00
   0.0000000e+00
   0.0000000e+00
   0.0000000e+00
   0.0000000e+00
   0.0000000e+00
   0.0000000e+00
   0.0000000e+00
   0.0000000e+00
   0.0000000e+00
   0.0000000e+00
   0.0000000e+00
   0.0000000e+00
   2.1925427e-02
   3.0919103e-02
   3.6770869e-02
   4.2391315e-02
   4.5930639e-02
   4.7177896e-02
   4.6516214e-02
   4.5245681e-02
   4.3329813e-02
   4.1262560e-02
   4.0374398e-02
   3.9716695e-02
   3.8642205e-02
   3.6478009e-02
   3.2861292e-02
   2.6710048e-02
   2.2483941e-02
   2.4435014e-02
   2.5175579e-02
   0.0000000e+00
   0.0000000e+00
   0.0000000e+00
   0.0000000e+00
   0.0000000e+00
   0.0000000e+00
   0.0000000e+00
   0.0000000e+00
   0.0000000e+00
   0.0000000e+00
   2.7689543e-02
   3.1472426e-02
   3.2092530e-02
   3.0829592e-02
   2.8643282e-02
   2.6867051e-02
   2.4704358e-02
   1.9792600e-02
   1.4223319e-02
   8.5538570e-03
   3.4999512e-03
   2.2036466e-03
   3.4567714e-04
   0.0000000e+00
   0.0000000e+00
   0.0000000e+00
   0.0000000e+00
   8.9461783e-03
   1.0776596e-02
   1.3077918e-02
   2.2676404e-02
   1.8725165e-02
   0.0000000e+00
   0.0000000e+00
   0.0000000e+00
   0.0000000e+00
   0.0000000e+00
   0.0000000e+00
   0.0000000e+00
   0.0000000e+00
   0.0000000e+00
   0.0000000e+00
   0.0000000e+00
   0.0000000e+00
   0.0000000e+00
   0.0000000e+00
   0.0000000e+00
   0.0000000e+00
   0.0000000e+00
   0.0000000e+00
   0.0000000e+00
   2.6939650e-04
   0.0000000e+00
   2.7527604e-02
   3.3840939e-02
   3.8059037e-02
   4.6247937e-02
   5.3193685e-02
   5.6419615e-02
   5.6785982e-02
   5.6876101e-02
   5.6209095e-02
   5.4742336e-02
   5.4220419e-02
   5.4015305e-02
   5.2900679e-02
   5.0879177e-02
   4.7082122e-02
   3.9358027e-02
   3.2653712e-02
   3.0984832e-02
   2.9432455e-02
   0.0000000e+00
   0.0000000e+00
   0.0000000e+00
   0.0000000e+00
   0.0000000e+00
   0.0000000e+00
   0.0000000e+00
   0.0000000e+00
   0.0000000e+00
   0.0000000e+00
   2.8297186e-02
   3.7272688e-02
   3.8645260e-02
   3.7761964e-02
   3.7391815e-02
   3.7362710e-02
   3.6335286e-02
   3.1785179e-02
   2.5760584e-02
   1.9270422e-02
   1.2357505e-02
   1.3244928e-02
   1.4719319e-02
   0.0000000e+00
   0.0000000e+00
   2.3562901e-02
   2.6252501e-02
   1.7914783e-02
   1.5588651e-02
   4.7358370e-03
   0.0000000e+00
   0.0000000e+00
   0.0000000e+00
   0.0000000e+00
   0.0000000e+00
   0.0000000e+00
   0.0000000e+00
   0.0000000e+00
   0.0000000e+00
   0.0000000e+00
   0.0000000e+00
   0.0000000e+00
   0.0000000e+00
   0.0000000e+00
   0.0000000e+00
   0.0000000e+00
   0.0000000e+00
   0.0000000e+00
   0.0000000e+00
   0.0000000e+00
   0.0000000e+00
   2.6939651e-04
   0.0000000e+00
   3.4943285e-02
   2.7633493e-02
   2.9398470e-02
   4.0726016e-02
   5.2649490e-02
   5.9854308e-02
   6.1918317e-02
   6.4580371e-02
   6.6334910e-02
   6.5966242e-02
   6.7359400e-02
   6.8510383e-02
   6.6896273e-02
   6.4994627e-02
   6.1153542e-02
   5.1108826e-02
   4.1681664e-02
   3.1375538e-02
   0.0000000e+00
   0.0000000e+00
   0.0000000e+00
   0.0000000e+00
   0.0000000e+00
   0.0000000e+00
   0.0000000e+00
   0.0000000e+00
   0.0000000e+00
   0.0000000e+00
   0.0000000e+00
   1.9545634e-02
   3.3046940e-02
   3.8730755e-02
   3.9935848e-02
   4.3139796e-02
   4.7141242e-02
   4.9141674e-02
   4.5453780e-02
   3.9175625e-02
   3.1566137e-02
   2.1003942e-02
   1.5317984e-02
   1.3191662e-02
   0.0000000e+00
   0.0000000e+00
   2.3562901e-02
   5.0876309e-02
   3.3460687e-02
   2.4281645e-02
   0.0000000e+00
   0.0000000e+00
   0.0000000e+00
   0.0000000e+00
   0.0000000e+00
   0.0000000e+00
   0.0000000e+00
   0.0000000e+00
   0.0000000e+00
   0.0000000e+00
   0.0000000e+00
   0.0000000e+00
   0.0000000e+00
   0.0000000e+00
   0.0000000e+00
   0.0000000e+00
   0.0000000e+00
   0.0000000e+00
   0.0000000e+00
   0.0000000e+00
   0.0000000e+00
   0.0000000e+00
   1.0871744e-02
   2.3281361e-02
   3.6624812e-02
   2.5811033e-02
   2.6888153e-02
   3.9322328e-02
   5.0047986e-02
   5.7908934e-02
   6.3699163e-02
   6.7511007e-02
   7.0246048e-02
   7.2082169e-02
   7.4659415e-02
   7.5994745e-02
   7.4932255e-02
   7.2725028e-02
   6.7184210e-02
   5.7913251e-02
   4.6383869e-02
   2.8488701e-02
   0.0000000e+00
   0.0000000e+00
   0.0000000e+00
   0.0000000e+00
   0.0000000e+00
   0.0000000e+00
   0.0000000e+00
   0.0000000e+00
   0.0000000e+00
   0.0000000e+00
   0.0000000e+00
   1.9545634e-02
   2.2559723e-02
   3.4476567e-02
   3.7142299e-02
   4.5100886e-02
   5.1763535e-02
   5.7192758e-02
   5.6003191e-02
   4.9684443e-02
   4.1596293e-02
   2.5534231e-02
   1.4061298e-02
   7.0859930e-03
   0.0000000e+00
   0.0000000e+00
   3.2271802e-02
   3.0525576e-02
   1.8992292e-02
   2.4281643e-02
   0.0000000e+00
   0.0000000e+00
   0.0000000e+00
   0.0000000e+00
   0.0000000e+00
   0.0000000e+00
   0.0000000e+00
   0.0000000e+00
   0.0000000e+00
   0.0000000e+00
   0.0000000e+00
   0.0000000e+00
   0.0000000e+00
   0.0000000e+00
   0.0000000e+00
   0.0000000e+00
   0.0000000e+00
   0.0000000e+00
   0.0000000e+00
   0.0000000e+00
   0.0000000e+00
   0.0000000e+00
   1.1737254e-02
   1.0962960e-02
   1.8530667e-02
   2.0581068e-02
   2.4010539e-02
   3.5694696e-02
   4.5486294e-02
   5.2309349e-02
   5.9556276e-02
   6.4025499e-02
   6.7726538e-02
   7.1592510e-02
   7.5219139e-02
   7.7154204e-02
   7.6259024e-02
   7.4003696e-02
   6.7928404e-02
   5.8426231e-02
   4.6492726e-02
   2.7272355e-02
   0.0000000e+00
   0.0000000e+00
   0.0000000e+00
   0.0000000e+00
   0.0000000e+00
   0.0000000e+00
   0.0000000e+00
   0.0000000e+00
   0.0000000e+00
   0.0000000e+00
   0.0000000e+00
   0.0000000e+00
   2.0847497e-02
   3.1311201e-02
   3.3664860e-02
   4.2353950e-02
   5.3273968e-02
   6.1128415e-02
   6.3144408e-02
   5.7781279e-02
   4.7677275e-02
   3.0747438e-02
   1.0724804e-02
   8.2588883e-04
   0.0000000e+00
   0.0000000e+00
   3.3693686e-02
   2.7202955e-02
   1.4267845e-02
   0.0000000e+00
   0.0000000e+00
  -0.0000000e+00
  -0.0000000e+00
   0.0000000e+00
   0.0000000e+00
   0.0000000e+00
   0.0000000e+00
   0.0000000e+00
   0.0000000e+00
   0.0000000e+00
   0.0000000e+00
   0.0000000e+00
   0.0000000e+00
   0.0000000e+00
   0.0000000e+00
   0.0000000e+00
   0.0000000e+00
   0.0000000e+00
   0.0000000e+00
   0.0000000e+00
   0.0000000e+00
   0.0000000e+00
   0.0000000e+00
   3.1894377e-03
   6.3514202e-03
   1.2339869e-02
   1.3403125e-02
   2.4712069e-02
   3.4488805e-02
   4.0930517e-02
   4.6744652e-02
   5.2389454e-02
   5.7396941e-02
   6.4047977e-02
   6.8858646e-02
   7.1637392e-02
   7.2148748e-02
   6.9783695e-02
   6.4023003e-02
   5.3619374e-02
   4.3111593e-02
   2.6383596e-02
   0.0000000e+00
   0.0000000e+00
   0.0000000e+00
   0.0000000e+00
   0.0000000e+00
   0.0000000e+00
   0.0000000e+00
   0.0000000e+00
   0.0000000e+00
   0.0000000e+00
   0.0000000e+00
   0.0000000e+00
   0.0000000e+00
   0.0000000e+00
   3.2234893e-02
   4.0130794e-02
   5.4406289e-02
   6.4843163e-02
   6.8746872e-02
   6.3819416e-02
   5.3022675e-02
   3.6071859e-02
   1.4958806e-02
   9.2787739e-03
   1.4655104e-02
   0.0000000e+00
   0.0000000e+00
   0.0000000e+00
   0.0000000e+00
   0.0000000e+00
   0.0000000e+00
  -0.0000000e+00
  -0.0000000e+00
   0.0000000e+00
   0.0000000e+00
   0.0000000e+00
   0.0000000e+00
   0.0000000e+00
   0.0000000e+00
   0.0000000e+00
   0.0000000e+00
   0.0000000e+00
   0.0000000e+00
   0.0000000e+00
   0.0000000e+00
   0.0000000e+00
   0.0000000e+00
   0.0000000e+00
   0.0000000e+00
   0.0000000e+00
   0.0000000e+00
   0.0000000e+00
   0.0000000e+00
   0.0000000e+00
   5.4302257e-03
   1.8085677e-04
  -4.1164714e-03
   8.8665419e-04
   1.5392164e-02
   2.0363407e-02
   2.5212688e-02
   3.0809777e-02
   3.8479626e-02
   4.7870778e-02
   5.5400693e-02
   5.9179392e-02
   6.2770501e-02
   5.9712675e-02
   5.4975491e-02
   4.3313455e-02
   3.4721892e-02
   2.0637894e-02
   0.0000000e+00
   0.0000000e+00
   0.0000000e+00
   0.0000000e+00
   0.0000000e+00
   0.0000000e+00
   0.0000000e+00
   0.0000000e+00
   0.0000000e+00
   0.0000000e+00
   0.0000000e+00
   0.0000000e+00
   0.0000000e+00
   0.0000000e+00
   0.0000000e+00
   4.2104229e-02
   5.6929313e-02
   6.7803949e-02
   7.2731979e-02
   6.7597165e-02
   5.7276454e-02
   4.1015841e-02
   2.4117709e-02
   1.5093124e-02
   1.1060063e-02
   0.0000000e+00
   0.0000000e+00
   0.0000000e+00
   0.0000000e+00
   0.0000000e+00
   0.0000000e+00
   0.0000000e+00
   0.0000000e+00
   0.0000000e+00
   0.0000000e+00
   0.0000000e+00
   0.0000000e+00
   0.0000000e+00
   0.0000000e+00
   0.0000000e+00
   0.0000000e+00
   0.0000000e+00
   0.0000000e+00
   0.0000000e+00
   0.0000000e+00
   0.0000000e+00
   0.0000000e+00
   0.0000000e+00
   0.0000000e+00
   0.0000000e+00
   0.0000000e+00
   0.0000000e+00
   0.0000000e+00
   0.0000000e+00
   7.3991205e-03
  -5.5229075e-03
  -1.4416470e-02
  -2.0278015e-02
  -1.2034798e-02
  -9.2537310e-03
  -4.0913401e-03
   2.3026734e-03
   1.1791409e-02
   2.5362236e-02
   3.5259760e-02
   4.2127114e-02
   4.8017543e-02
   4.5590440e-02
   4.0841084e-02
   2.9418956e-02
   2.1294535e-02
   1.2892748e-02
   0.0000000e+00
   0.0000000e+00
   0.0000000e+00
   0.0000000e+00
   0.0000000e+00
   0.0000000e+00
   0.0000000e+00
   0.0000000e+00
   0.0000000e+00
   0.0000000e+00
   0.0000000e+00
   0.0000000e+00
   0.0000000e+00
   0.0000000e+00
   0.0000000e+00
   4.7979258e-02
   5.9981566e-02
   6.7775823e-02
   7.3265277e-02
   6.7248500e-02
   5.8183808e-02
   4.2989288e-02
   3.0810159e-02
   2.0794564e-02
   6.8059462e-03
   0.0000000e+00
   0.0000000e+00
   0.0000000e+00
   0.0000000e+00
   0.0000000e+00
   0.0000000e+00
   0.0000000e+00
   0.0000000e+00
   0.0000000e+00
   0.0000000e+00
   0.0000000e+00
   0.0000000e+00
   0.0000000e+00
   0.0000000e+00
   0.0000000e+00
   0.0000000e+00
   0.0000000e+00
   0.0000000e+00
   0.0000000e+00
   0.0000000e+00
   0.0000000e+00
   0.0000000e+00
   0.0000000e+00
   0.0000000e+00
   0.0000000e+00
   0.0000000e+00
   0.0000000e+00
   0.0000000e+00
   0.0000000e+00
   0.0000000e+00
   4.3430016e-03
  -4.1148588e-03
  -0.0000000e+00
  -3.8385812e-02
  -4.4660874e-02
  -3.8679387e-02
  -3.0865556e-02
  -1.8097293e-02
  -1.7993372e-03
   1.1162555e-02
   2.1763254e-02
   2.8938446e-02
   2.8510962e-02
   2.1598268e-02
   1.5247241e-02
   8.4003328e-03
   4.8109033e-03
   0.0000000e+00
   0.0000000e+00
   0.0000000e+00
   0.0000000e+00
   0.0000000e+00
   0.0000000e+00
   0.0000000e+00
   0.0000000e+00
   0.0000000e+00
   0.0000000e+00
   0.0000000e+00
   0.0000000e+00
   0.0000000e+00
   0.0000000e+00
   0.0000000e+00
   5.4686747e-02
   6.0636304e-02
   6.3003764e-02
   6.7342669e-02
   6.0610041e-02
   5.4174423e-02
   3.9390009e-02
   3.1936795e-02
   2.9183125e-02
   0.0000000e+00
   0.0000000e+00
   0.0000000e+00
   0.0000000e+00
   0.0000000e+00
   0.0000000e+00
   0.0000000e+00
   0.0000000e+00
   0.0000000e+00
   0.0000000e+00
   0.0000000e+00
   0.0000000e+00
   0.0000000e+00
   0.0000000e+00
   0.0000000e+00
   0.0000000e+00
   0.0000000e+00
   0.0000000e+00
   0.0000000e+00
   0.0000000e+00
   0.0000000e+00
   0.0000000e+00
   0.0000000e+00
   0.0000000e+00
   0.0000000e+00
   0.0000000e+00
   0.0000000e+00
   0.0000000e+00
   0.0000000e+00
   0.0000000e+00
  -3.0141112e-03
   2.1448997e-03
  -3.3540665e-03
   0.0000000e+00
  -0.0000000e+00
  -7.4010119e-02
  -7.4919485e-02
  -6.6612199e-02
  -4.7167830e-02
  -2.9541684e-02
  -1.3583036e-02
   3.5702672e-03
   1.3532723e-02
   5.4067792e-03
  -1.5126579e-03
  -2.6166494e-03
  -1.6793436e-03
   0.0000000e+00
   0.0000000e+00
   0.0000000e+00
   0.0000000e+00
   0.0000000e+00
   0.0000000e+00
   0.0000000e+00
   0.0000000e+00
   0.0000000e+00
   0.0000000e+00
   1.0872852e-02
   0.0000000e+00
   0.0000000e+00
   0.0000000e+00
   0.0000000e+00
   4.8747271e-02
   5.2626166e-02
   4.9411014e-02
   4.8748158e-02
   5.0317083e-02
   4.5739327e-02
   3.9537169e-02
   2.7154988e-02
   2.3399819e-02
   1.1127528e-02
   0.0000000e+00
  -0.0000000e+00
  -7.4835145e-03
   0.0000000e+00
   0.0000000e+00
   0.0000000e+00
   0.0000000e+00
   0.0000000e+00
   0.0000000e+00
   0.0000000e+00
   0.0000000e+00
   0.0000000e+00
   0.0000000e+00
   0.0000000e+00
   0.0000000e+00
   0.0000000e+00
   0.0000000e+00
   0.0000000e+00
   0.0000000e+00
   0.0000000e+00
   0.0000000e+00
   0.0000000e+00
   0.0000000e+00
   0.0000000e+00
   0.0000000e+00
   0.0000000e+00
   0.0000000e+00
   0.0000000e+00
   0.0000000e+00
   0.0000000e+00
  -9.1205904e-03
  -7.3022075e-03
  -8.0408551e-03
   0.0000000e+00
  -0.0000000e+00
  -8.2809165e-02
  -1.0502592e-01
  -8.3899356e-02
  -6.7207046e-02
  -4.5570735e-02
  -2.7876119e-02
  -1.8390520e-02
  -0.0000000e+00
  -6.5459316e-03
  -3.3954280e-02
  -1.6125732e-02
   0.0000000e+00
   0.0000000e+00
   0.0000000e+00
   0.0000000e+00
   0.0000000e+00
   0.0000000e+00
   0.0000000e+00
   0.0000000e+00
   0.0000000e+00
   5.5229795e-04
   5.2735784e-03
   9.7064879e-03
   0.0000000e+00
   0.0000000e+00
   0.0000000e+00
   3.9794399e-02
   3.8561953e-02
   2.5895916e-02
   1.5929637e-02
   1.9398622e-02
   2.6082696e-02
   2.2337485e-02
   1.3647821e-02
   4.8799096e-03
   1.4447758e-03
  -5.7834038e-04
   0.0000000e+00
  -3.5091457e-03
  -6.6852066e-03
   0.0000000e+00
   0.0000000e+00
   2.3777405e-03
   0.0000000e+00
   0.0000000e+00
   0.0000000e+00
   0.0000000e+00
   0.0000000e+00
   0.0000000e+00
   0.0000000e+00
   0.0000000e+00
   0.0000000e+00
   0.0000000e+00
   0.0000000e+00
   0.0000000e+00
   0.0000000e+00
   0.0000000e+00
   0.0000000e+00
   0.0000000e+00
   0.0000000e+00
   0.0000000e+00
   0.0000000e+00
   0.0000000e+00
   0.0000000e+00
   0.0000000e+00
   0.0000000e+00
   0.0000000e+00
   0.0000000e+00
   0.0000000e+00
   0.0000000e+00
   0.0000000e+00
  -0.0000000e+00
  -8.3051874e-02
  -1.1269890e-01
  -5.5318009e-02
  -5.7921861e-02
  -5.1147198e-02
  -3.1223339e-02
   0.0000000e+00
   0.0000000e+00
   0.0000000e+00
  -0.0000000e+00
   0.0000000e+00
   0.0000000e+00
   0.0000000e+00
   0.0000000e+00
   0.0000000e+00
   0.0000000e+00
   0.0000000e+00
   0.0000000e+00
   0.0000000e+00
   0.0000000e+00
   5.8540949e-04
   5.4175351e-03
   7.8441787e-03
   1.4208213e-02
   0.0000000e+00
   0.0000000e+00
   2.9616534e-02
   1.6232692e-02
   1.3868005e-02
   2.6958072e-03
  -1.8473638e-02
  -2.1301698e-02
  -1.9171398e-02
  -3.0140409e-02
  -4.0799117e-02
  -3.2350980e-02
  -2.4663340e-02
  -1.2087647e-02
  -1.7436207e-03
  -2.9083358e-03
   0.0000000e+00
   0.0000000e+00
   2.3777403e-03
   0.0000000e+00
   0.0000000e+00
   0.0000000e+00
   0.0000000e+00
   0.0000000e+00
   0.0000000e+00
   0.0000000e+00
   0.0000000e+00
   0.0000000e+00
   0.0000000e+00
   0.0000000e+00
   0.0000000e+00
   0.0000000e+00
   0.0000000e+00
   0.0000000e+00
   0.0000000e+00
   0.0000000e+00
   0.0000000e+00
   0.0000000e+00
   0.0000000e+00
   0.0000000e+00
   0.0000000e+00
   0.0000000e+00
   0.0000000e+00
   0.0000000e+00
   0.0000000e+00
   0.0000000e+00
   0.0000000e+00
   0.0000000e+00
   0.0000000e+00
   0.0000000e+00
  -0.0000000e+00
  -2.6243188e-02
   0.0000000e+00
   0.0000000e+00
   0.0000000e+00
   0.0000000e+00
   0.0000000e+00
   0.0000000e+00
   0.0000000e+00
   0.0000000e+00
   0.0000000e+00
   0.0000000e+00
   0.0000000e+00
   0.0000000e+00
   0.0000000e+00
   0.0000000e+00
   0.0000000e+00
   0.0000000e+00
   0.0000000e+00
   0.0000000e+00
   9.4343741e-03
   8.5228318e-03
   0.0000000e+00
   0.0000000e+00
   7.2023384e-03
  -1.5577647e-02
   0.0000000e+00
   0.0000000e+00
   0.0000000e+00
  -6.6071549e-02
  -5.6474243e-02
  -5.0959386e-02
   0.0000000e+00
   0.0000000e+00
  -1.8363491e-02
  -2.0149654e-02
  -5.9139319e-03
   4.3590159e-03
   0.0000000e+00
   0.0000000e+00
   0.0000000e+00
   0.0000000e+00
   0.0000000e+00
   0.0000000e+00
   0.0000000e+00
   0.0000000e+00
   0.0000000e+00
   0.0000000e+00
   0.0000000e+00
   0.0000000e+00
   0.0000000e+00
   0.0000000e+00
   0.0000000e+00
   0.0000000e+00
   0.0000000e+00
   0.0000000e+00
   0.0000000e+00
   0.0000000e+00
   0.0000000e+00
   0.0000000e+00
   0.0000000e+00
   0.0000000e+00
   0.0000000e+00
   0.0000000e+00
   0.0000000e+00
   0.0000000e+00
   0.0000000e+00
   0.0000000e+00
   0.0000000e+00
  -0.0000000e+00
  -0.0000000e+00
  -0.0000000e+00
  -0.0000000e+00
  -0.0000000e+00
  -6.8793450e-03
  -1.9837277e-02
   0.0000000e+00
   0.0000000e+00
   0.0000000e+00
   0.0000000e+00
  -0.0000000e+00
  -0.0000000e+00
   0.0000000e+00
   0.0000000e+00
   0.0000000e+00
   0.0000000e+00
   0.0000000e+00
   0.0000000e+00
   0.0000000e+00
   0.0000000e+00
   0.0000000e+00
   0.0000000e+00
  -0.0000000e+00
  -1.0374224e-03
   0.0000000e+00
   3.0383452e-02
   1.2827361e-02
   4.4307345e-03
   0.0000000e+00
   0.0000000e+00
   0.0000000e+00
   0.0000000e+00
  -0.0000000e+00
  -5.2359442e-02
  -3.6809275e-02
  -2.9703472e-02
  -2.3047745e-02
  -2.2136804e-02
  -1.4788922e-02
  -3.4019197e-03
   3.9786061e-03
  -3.7913705e-03
   0.0000000e+00
   0.0000000e+00
   0.0000000e+00
   0.0000000e+00
   3.2901367e-03
   5.4734005e-03
  -2.6892304e-03
  -0.0000000e+00
  -0.0000000e+00
  -0.0000000e+00
   0.0000000e+00
   0.0000000e+00
   0.0000000e+00
   0.0000000e+00
   0.0000000e+00
   0.0000000e+00
   0.0000000e+00
   0.0000000e+00
   0.0000000e+00
  -0.0000000e+00
  -0.0000000e+00
  -0.0000000e+00
  -2.5383739e-02
  -1.9206121e-02
  -2.5196036e-02
  -2.6761896e-02
  -2.4077651e-02
  -2.0446532e-02
  -1.9681268e-02
  -2.2968347e-02
  -2.6050200e-02
  -2.5824600e-02
  -2.1051150e-02
  -2.1056714e-02
  -2.4839975e-02
  -3.2994571e-02
  -4.3333807e-02
  -5.0828869e-02
  -4.9884666e-02
  -4.2287492e-02
  -2.8772328e-02
  -2.5590688e-02
  -2.0756962e-02
  -5.6965280e-03
   1.2916477e-03
   4.1517938e-03
   0.0000000e+00
   1.0212300e-02
   9.8758605e-03
   9.2422662e-03
   0.0000000e+00
   0.0000000e+00
   0.0000000e+00
   3.0880111e-02
   4.0714380e-02
   2.8655359e-02
   5.2913862e-03
  -3.4267384e-03
   0.0000000e+00
   0.0000000e+00
   0.0000000e+00
   0.0000000e+00
   0.0000000e+00
   0.0000000e+00
  -2.6616296e-02
  -2.6556613e-02
  -2.7376663e-02
  -2.3273600e-02
  -1.9378152e-02
  -1.6455742e-02
  -1.4304844e-02
  -1.3850365e-02
  -1.5407823e-02
  -1.1564965e-02
  -8.2655400e-03
  -3.8668840e-03
  -5.6726038e-03
  -5.5740005e-03
  -8.0475408e-03
  -1.0512053e-02
  -9.1762915e-03
  -1.3103251e-02
  -1.6451208e-02
  -0.0000000e+00
  -0.0000000e+00
  -0.0000000e+00
   0.0000000e+00
   0.0000000e+00
   0.0000000e+00
  -1.5109569e-02
  -1.7022000e-02
  -1.6736687e-02
  -1.7101239e-02
  -1.6989577e-02
  -1.5597745e-02
  -1.3522070e-02
  -1.1106907e-02
  -8.0787005e-03
  -5.7245683e-03
  -3.4362481e-03
  -1.4196097e-03
  -2.1203630e-04
   6.5110178e-04
   1.2511725e-03
   1.4804900e-03
   1.3561926e-03
   8.3420803e-04
   1.8881957e-04
  -4.6439838e-04
  -6.0950545e-04
   2.9529972e-04
   2.0420171e-03
   4.4612619e-03
   6.1646004e-03
   7.4023801e-03
   8.9616974e-03
   1.0478405e-02
   1.1434785e-02
   1.1078505e-02
   1.0801516e-02
   9.0416230e-03
   3.4211616e-03
  -5.1098376e-03
  -1.1490908e-02
  -0.0000000e+00
  -0.0000000e+00
  -1.4106830e-02
  -1.6333030e-02
  -0.0000000e+00
  -0.0000000e+00
  -0.0000000e+00
  -0.0000000e+00
  -0.0000000e+00
  -0.0000000e+00
  -0.0000000e+00
  -0.0000000e+00
  -0.0000000e+00
  -7.7553037e-03
  -1.2489033e-02
  -1.9333613e-02
  -2.1030711e-02
  -2.0201854e-02
  -2.0764683e-02
  -2.2188187e-02
  -1.8610415e-02
  -1.7918577e-02
  -1.5945951e-02
  -1.3726733e-02
  -1.1515473e-02
  -1.0888817e-02
  -1.1199124e-02
  -1.1869133e-02
  -1.2471185e-02
  -1.3182643e-02
  -1.4652405e-02
  -1.6067368e-02
  -1.6769026e-02
  -1.7431386e-02
  -1.6670109e-02
  -1.1490573e-02
  -1.2392533e-02
