   4.0326576e+00
   5.8859425e+00
   7.5524831e+00
   9.1759882e+00
   1.0793983e+01
   1.1723035e+01
   1.2282698e+01
   1.2176588e+01
   1.1355572e+01
   1.0008993e+01
   7.8024273e+00
   5.7231777e+00
   4.0408001e+00
   2.7360094e+00
   1.8061503e+00
   1.0404865e+00
   4.1489586e-01
   2.8004945e-02
  -3.3560213e-01
  -8.9717031e-01
  -1.5169262e+00
  -2.1124880e+00
  -2.7475274e+00
  -3.4417165e+00
  -3.9878428e+00
  -4.0381331e+00
  -3.6507898e+00
  -3.1191363e+00
  -2.3685727e+00
  -1.6275006e+00
  -7.2616154e-01
   5.8738929e-01
   1.4914710e+00
   1.9949737e+00
   1.8235979e+00
   1.2128784e+00
   6.3147032e-01
  -6.5091357e-02
  -6.1169557e-01
  -1.0082080e+00
  -1.3513808e+00
  -1.6792173e+00
  -2.1124158e+00
  -2.7129898e+00
  -3.3369492e+00
  -3.9467690e+00
  -4.6821890e+00
  -5.3970063e+00
  -6.0380406e+00
  -6.7862549e+00
  -7.2909456e+00
  -7.2697315e+00
  -6.2610326e+00
  -4.9199475e+00
  -3.4417052e+00
  -1.8794510e+00
  -1.0022436e+00
  -4.6491489e-01
  -3.9103642e-02
   3.4422638e-01
   8.0408162e-01
   1.4473794e+00
   1.9823666e+00
   2.0937290e+00
   1.3950566e+00
   4.3237225e-01
  -5.2567005e-01
  -1.2790025e+00
  -1.2359831e+00
  -4.3274170e-01
   1.2198982e+00
   2.6228737e+00
  -3.2802343e+00
  -1.8144128e+00
  -1.2022139e+00
  -1.1092110e+00
  -6.1124659e-01
   7.2139227e-01
   2.6318650e+00
   5.0463309e+00
   6.2601223e+00
   6.4008660e+00
   5.5799608e+00
   4.4730420e+00
   3.4068725e+00
   2.5484765e+00
   1.9882351e+00
   1.4927967e+00
   1.1411583e+00
   1.0487239e+00
   9.7998506e-01
   7.6608807e-01
   4.8589116e-01
   1.8191408e-01
  -3.4787178e-01
  -9.9222541e-01
  -1.7183232e+00
  -2.3471859e+00
  -2.5022202e+00
  -2.3569005e+00
  -1.9814314e+00
  -1.9405119e+00
  -2.3930168e+00
  -3.0129793e+00
  -2.9261093e+00
  -2.2656229e+00
  -1.4040580e+00
  -1.4752879e+00
  -1.7616992e+00
  -1.2496285e+00
  -2.0202833e-01
   5.6314230e-01
   5.0504637e-01
   2.2945814e-03
  -3.9397460e-01
  -5.4044038e-01
  -6.8578243e-01
  -1.0987942e+00
  -2.0261068e+00
  -3.0039604e+00
  -3.9719813e+00
  -5.1970687e+00
  -6.1962662e+00
  -6.4622774e+00
  -5.9359121e+00
  -5.4730263e+00
  -5.0544386e+00
  -5.0324793e+00
  -4.9676962e+00
  -4.9084940e+00
  -4.9442434e+00
  -5.0357046e+00
  -5.5988274e+00
  -4.7196174e+00
  -1.8011647e-01
   4.5720592e+00
   4.0863528e+00
   2.3252741e-01
  -3.7142515e+00
  -8.0596762e+00
  -9.2054939e+00
  -7.5704689e+00
  -5.2012277e+00
  -4.2519140e+00
  -4.4595394e+00
  -3.9694424e+00
  -3.6068674e+00
  -3.4522791e+00
  -3.9220929e+00
  -4.1346125e+00
  -3.6034985e+00
  -1.6079162e+00
  -6.9510195e-01
  -1.0297209e+00
  -1.6795325e+00
  -1.5186464e+00
  -1.0786968e+00
  -6.8213075e-01
  -1.5601594e-01
   7.1410775e-01
   1.6264497e+00
   1.9389005e+00
   2.1098170e+00
   2.3381166e+00
   2.3701944e+00
   2.2223160e+00
   2.0611198e+00
   2.0356398e+00
   1.9702811e+00
   1.7621903e+00
   1.5913758e+00
   1.4668437e+00
   1.2772011e+00
   1.1132465e+00
   1.0503428e+00
   9.8601347e-01
   8.0280795e-01
   6.2897485e-01
   6.7743397e-01
   6.0011439e-01
   4.3395728e-02
  -7.2785330e-01
  -8.0088558e-01
  -4.2291099e-01
   1.5070206e-01
   4.6399236e-01
   6.3414288e-01
   6.1689812e-01
   4.7199035e-01
   3.5425845e-01
   1.7688656e-01
  -2.3690064e-01
  -9.3588853e-01
  -1.8850402e+00
  -2.5834545e+00
  -3.1924379e+00
  -3.8502512e+00
  -4.1331353e+00
  -4.0090046e+00
  -3.5808978e+00
  -3.7536698e+00
  -4.3111072e+00
  -4.5609918e+00
  -4.4312443e+00
  -4.9394422e+00
  -5.8482885e+00
  -4.4994373e+00
  -1.3922634e+00
   4.7955477e-01
  -2.8983220e-01
  -1.7543241e+00
  -3.9024017e+00
  -5.2380780e+00
  -5.3915954e+00
  -4.7547159e+00
  -4.4604859e+00
  -3.8614662e+00
  -3.8564408e+00
  -3.7678838e+00
  -3.5891495e+00
  -3.4115820e+00
  -3.4921112e+00
  -3.6459918e+00
  -3.1588411e+00
  -2.2206762e+00
  -1.3650365e+00
  -7.3914754e-01
  -1.9882546e-01
   4.4375840e-01
   1.1191161e+00
   1.5808074e+00
   2.0462196e+00
   2.5787792e+00
   2.9180396e+00
   3.1431601e+00
   3.2248721e+00
   3.1631367e+00
   3.0620370e+00
   2.9151301e+00
   2.7871790e+00
   2.6963723e+00
   2.6089845e+00
   2.5017467e+00
   2.4148333e+00
   2.3784831e+00
   2.3070674e+00
   2.1897421e+00
   2.1328611e+00
   2.1498647e+00
   2.1514781e+00
   2.1453736e+00
   2.1017067e+00
   1.9551293e+00
   1.7017627e+00
   1.5087032e+00
   1.3839190e+00
   1.5590835e+00
   1.7751410e+00
   1.9128027e+00
   1.9070458e+00
   1.8204806e+00
   1.7296751e+00
   1.5576429e+00
   1.3349886e+00
   1.1383585e+00
   9.2319179e-01
   6.1120307e-01
   2.2859044e-01
  -1.6731434e-01
  -4.7445571e-01
  -6.7032176e-01
  -6.0467505e-01
  -5.7972032e-01
  -7.3901236e-01
  -9.4452715e-01
  -1.3045429e+00
  -2.1399765e+00
  -3.3690407e+00
  -3.9244075e+00
  -3.8129454e+00
  -2.9236908e+00
  -1.9882731e+00
  -1.3919373e+00
  -1.6278236e+00
  -2.3171229e+00
  -2.9106250e+00
  -3.3501644e+00
  -3.6325583e+00
   3.4662999e-02
  -8.1955202e-02
  -6.7497573e-02
   2.9623695e-02
   2.4246997e-01
   4.4823582e-01
   6.5880042e-01
   9.8491168e-01
   1.3682583e+00
   1.8243270e+00
   2.4103549e+00
   2.8752896e+00
   3.2529869e+00
   3.5644577e+00
   3.7710223e+00
   3.9834213e+00
   4.2283192e+00
   4.3447508e+00
   4.3362613e+00
   4.2159472e+00
   4.0758858e+00
   3.9013939e+00
   3.6836731e+00
   3.5296522e+00
   3.4054844e+00
   3.3001661e+00
   3.2166780e+00
   3.1180232e+00
   3.0364015e+00
   3.0051512e+00
   2.9845393e+00
   2.9882882e+00
   3.0425280e+00
   3.1518698e+00
   3.2866874e+00
   3.3229304e+00
   3.3075423e+00
   3.2594173e+00
   3.1931618e+00
   3.1029866e+00
   3.0662272e+00
   3.1492282e+00
   3.2434995e+00
   3.3602092e+00
   3.4027363e+00
   3.3537712e+00
   3.1971126e+00
   3.0382367e+00
   2.8845801e+00
   2.7391572e+00
   2.6676280e+00
   2.6084900e+00
   2.5339570e+00
   2.4804215e+00
   2.4248445e+00
   2.4075353e+00
   2.4642898e+00
   2.5030653e+00
   2.4605935e+00
   2.3630678e+00
   2.1799178e+00
   1.7556007e+00
   1.2718726e+00
   8.4747308e-01
   6.4797527e-01
   6.5055363e-01
   6.5076470e-01
   7.0570397e-01
   7.6954636e-01
   7.2541261e-01
   4.8834184e-01
   2.3930401e-01
   2.5956247e+00
   2.4975574e+00
   2.4764204e+00
   2.5167122e+00
   2.6719546e+00
   2.8721607e+00
   3.1157031e+00
   3.4011469e+00
   3.5969317e+00
   3.7906435e+00
   4.0793176e+00
   4.3608885e+00
   4.5914130e+00
   4.7335052e+00
   4.8236661e+00
   4.9328346e+00
   5.0471821e+00
   5.0685878e+00
   4.9831457e+00
   4.7764006e+00
   4.5753713e+00
   4.3704333e+00
   4.1670055e+00
   4.0382314e+00
   3.9279432e+00
   3.8537025e+00
   3.8184025e+00
   3.7461090e+00
   3.6531224e+00
   3.6456745e+00
   3.6791668e+00
   3.7287197e+00
   3.8093257e+00
   3.9270172e+00
   4.1122713e+00
   4.2796602e+00
   4.4361134e+00
   4.6075993e+00
   4.5818176e+00
   4.3680878e+00
   4.2539659e+00
   4.3142633e+00
   4.3300066e+00
   4.4231405e+00
   4.5317602e+00
   4.5762024e+00
   4.5513792e+00
   4.4953527e+00
   4.4437122e+00
   4.3861604e+00
   4.3601031e+00
   4.3796268e+00
   4.4445462e+00
   4.5212793e+00
   4.5825815e+00
   4.6298094e+00
   4.6884918e+00
   4.7533059e+00
   4.7952552e+00
   4.7770143e+00
   4.7169185e+00
   4.5912204e+00
   4.4472671e+00
   4.2581167e+00
   3.9405346e+00
   3.6384711e+00
   3.3382185e+00
   3.0789225e+00
   3.0215156e+00
   3.0087523e+00
   2.8909490e+00
   2.7366679e+00
   4.5343938e+00
   4.4176178e+00
   4.3479872e+00
   4.3460140e+00
   4.4350767e+00
   4.5483847e+00
   4.6773062e+00
   4.7912760e+00
   4.8806429e+00
   4.9395089e+00
   5.0505900e+00
   5.1741152e+00
   5.2592449e+00
   5.2361951e+00
   5.2079034e+00
   5.2746038e+00
   5.3278027e+00
   5.3143663e+00
   5.2028570e+00
   5.0031228e+00
   4.8105698e+00
   4.6131959e+00
   4.4549627e+00
   4.3632708e+00
   4.3269920e+00
   4.2961130e+00
   4.3236551e+00
   4.2992911e+00
   4.2589970e+00
   4.2704668e+00
   4.2907696e+00
   4.3948789e+00
   4.4314928e+00
   4.5810175e+00
   4.6848364e+00
   4.9325314e+00
   5.3478093e+00
   4.7784705e+00
   5.1203289e+00
   5.2672091e+00
   4.8907876e+00
   4.9968944e+00
   5.0609574e+00
   5.2390046e+00
   5.4054122e+00
   5.4972763e+00
   5.5984397e+00
   5.6214428e+00
   5.6777563e+00
   5.6749530e+00
   5.7026577e+00
   5.7519064e+00
   5.8647990e+00
   6.0119362e+00
   6.1161261e+00
   6.2097297e+00
   6.2693844e+00
   6.3634195e+00
   6.4422431e+00
   6.4762034e+00
   6.4896917e+00
   6.4768281e+00
   6.4380450e+00
   6.3331189e+00
   6.0817366e+00
   5.7695432e+00
   5.4772325e+00
   5.2168522e+00
   5.1138530e+00
   5.0033855e+00
   4.8093305e+00
   4.6753893e+00
   6.0777326e+00
   5.9627881e+00
   5.8842578e+00
   5.8357968e+00
   5.8213925e+00
   5.8349171e+00
   5.8356075e+00
   5.7931609e+00
   5.7565608e+00
   5.6794786e+00
   5.6020317e+00
   5.5443602e+00
   5.4977922e+00
   5.3044190e+00
   5.1060486e+00
   5.1376448e+00
   5.1747074e+00
   5.1633711e+00
   5.0849924e+00
   4.9729681e+00
   4.8662581e+00
   4.7473578e+00
   4.6484318e+00
   4.5952477e+00
   4.6199975e+00
   4.6317310e+00
   4.6990638e+00
   4.7079816e+00
   4.7370062e+00
   4.7397728e+00
   4.7606096e+00
   4.8421640e+00
   4.8902822e+00
   5.0050383e+00
   5.0502024e+00
   5.2018600e+00
   4.6664991e+00
   3.3527646e+00
   4.3954072e+00
   5.0755072e+00
   4.9185200e+00
   5.1655798e+00
   5.3881536e+00
   5.7162199e+00
   5.9559107e+00
   6.1194267e+00
   6.3065128e+00
   6.4041266e+00
   6.5157952e+00
   6.5662632e+00
   6.6466384e+00
   6.7367516e+00
   6.8836632e+00
   7.0297065e+00
   7.1307788e+00
   7.2477741e+00
   7.3363762e+00
   7.4509268e+00
   7.5116158e+00
   7.5448151e+00
   7.5668125e+00
   7.6096444e+00
   7.6475306e+00
   7.6376095e+00
   7.4792776e+00
   7.2246757e+00
   7.0148449e+00
   6.8800893e+00
   6.7996492e+00
   6.6035557e+00
   6.3368115e+00
   6.1964636e+00
   7.2597227e+00
   7.1547399e+00
   7.0739213e+00
   6.9727716e+00
   6.8579235e+00
   6.7707087e+00
   6.6528616e+00
   6.4501848e+00
   6.2645976e+00
   6.0206909e+00
   5.7253494e+00
   5.4607018e+00
   5.3095551e+00
   5.3711782e+00
   4.9424309e+00
   4.6204338e+00
   4.6105824e+00
   4.6643805e+00
   4.6796255e+00
   4.7134690e+00
   4.7182392e+00
   4.7257171e+00
   4.7018723e+00
   4.7339377e+00
   4.7604246e+00
   4.8480468e+00
   4.8878120e+00
   4.9621129e+00
   4.9728909e+00
   5.0308579e+00
   5.0107985e+00
   5.1224174e+00
   5.1051720e+00
   5.2526460e+00
   5.1359596e+00
   5.2711156e+00
   3.0479198e+00
   2.4103379e+00
   3.8572185e+00
   3.8417428e+00
   4.4217796e+00
   4.8564910e+00
   5.3686728e+00
   5.7681684e+00
   6.1194823e+00
   6.3206005e+00
   6.6472883e+00
   6.8225657e+00
   7.0166759e+00
   7.1033583e+00
   7.2495538e+00
   7.3336749e+00
   7.5022907e+00
   7.5922289e+00
   7.7204838e+00
   7.8113513e+00
   7.9490366e+00
   8.0200787e+00
   8.0308399e+00
   7.9595661e+00
   7.9431791e+00
   7.9808455e+00
   8.0990705e+00
   8.1968746e+00
   8.1842098e+00
   8.0290623e+00
   7.9823399e+00
   8.0120220e+00
   7.9521074e+00
   7.7335196e+00
   7.4942055e+00
   7.3503180e+00
   8.0954981e+00
   7.9949751e+00
   7.8800316e+00
   7.7092123e+00
   7.4877181e+00
   7.2678500e+00
   7.0056376e+00
   6.6211128e+00
   6.3673851e+00
   6.0438156e+00
   5.4624033e+00
   5.1026991e+00
   4.6810946e+00
   3.7088771e+00
   3.5494130e+00
   3.3893466e+00
   3.8681052e+00
   3.9478326e+00
   4.1586595e+00
   4.2600799e+00
   4.4552993e+00
   4.5333004e+00
   4.6803999e+00
   4.7163033e+00
   4.7948422e+00
   4.8581028e+00
   4.9201554e+00
   4.9850216e+00
   5.0207224e+00
   5.0928129e+00
   5.0794873e+00
   5.1830025e+00
   5.1189593e+00
   5.2753959e+00
   5.0605903e+00
   5.2137731e+00
   2.9460626e+00
   2.1305540e+00
   3.9028814e+00
   3.5538082e+00
   4.0604115e+00
   4.5094456e+00
   5.1358624e+00
   5.5565920e+00
   5.9594238e+00
   6.2143402e+00
   6.6430349e+00
   6.8936149e+00
   7.1596718e+00
   7.3307552e+00
   7.5085106e+00
   7.6076031e+00
   7.7525272e+00
   7.8381868e+00
   7.9478130e+00
   8.0219316e+00
   8.0994615e+00
   8.0987825e+00
   7.9516025e+00
   7.7609978e+00
   7.6607037e+00
   7.7351351e+00
   7.9309597e+00
   8.1500330e+00
   8.2970819e+00
   8.2915754e+00
   8.4382896e+00
   8.6479874e+00
   8.5880298e+00
   8.3945322e+00
   8.2365866e+00
   8.1512794e+00
   8.5648775e+00
   8.4403553e+00
   8.2555618e+00
   7.9795852e+00
   7.6174293e+00
   7.2307491e+00
   6.8190575e+00
   6.2807527e+00
   5.4901648e+00
   4.6139841e+00
   4.8235250e+00
   4.4490218e+00
   3.9079430e+00
   1.5605470e+00
   2.1399486e+00
   2.2531414e+00
   3.1779604e+00
   3.3089454e+00
   3.5992222e+00
   3.8095229e+00
   4.1199389e+00
   4.2917085e+00
   4.5136552e+00
   4.5825372e+00
   4.6856089e+00
   4.7406034e+00
   4.8063569e+00
   4.8186741e+00
   4.8998728e+00
   4.9237690e+00
   4.9952822e+00
   4.9786091e+00
   4.9974298e+00
   5.0154939e+00
   4.9082303e+00
   4.9268017e+00
   3.7245927e+00
   2.1384280e+00
   3.7042000e+00
   3.2302678e+00
   3.5816989e+00
   4.0284986e+00
   4.6942205e+00
   5.1568723e+00
   5.5721607e+00
   5.9283819e+00
   6.3735590e+00
   6.7097344e+00
   6.9742689e+00
   7.2747364e+00
   7.4298134e+00
   7.5729170e+00
   7.6655660e+00
   7.7699237e+00
   7.8202486e+00
   7.8261600e+00
   7.8071308e+00
   7.7175646e+00
   7.4190350e+00
   7.0986733e+00
   6.9492421e+00
   7.0662723e+00
   7.3305779e+00
   7.6418996e+00
   7.9569082e+00
   8.1407862e+00
   8.4367876e+00
   8.7856369e+00
   8.7501459e+00
   8.6513567e+00
   8.5828905e+00
   8.6006651e+00
   8.6367283e+00
   8.4178305e+00
   8.1357746e+00
   7.7001381e+00
   7.2034855e+00
   6.6760387e+00
   6.1371298e+00
   5.5628104e+00
   4.2319646e+00
   2.8231828e+00
   4.0836177e+00
   3.6335750e+00
   3.3163924e+00
   1.2526226e+00
   1.6104245e+00
   1.8940091e+00
   2.7209401e+00
   2.9159441e+00
   3.1527491e+00
   3.4867167e+00
   3.7954776e+00
   4.0468111e+00
   4.2384219e+00
   4.3733597e+00
   4.4339328e+00
   4.5358596e+00
   4.5391340e+00
   4.5437946e+00
   4.5747862e+00
   4.5871940e+00
   4.6823339e+00
   4.6199903e+00
   4.7033381e+00
   4.6225424e+00
   4.6197472e+00
   4.4977489e+00
   3.9899781e+00
   1.9343176e+00
   3.0643091e+00
   2.4846146e+00
   2.8438847e+00
   3.3724685e+00
   4.0554085e+00
   4.5636988e+00
   5.0058908e+00
   5.4530234e+00
   5.9313102e+00
   6.3242936e+00
   6.5859370e+00
   6.9378204e+00
   7.0857916e+00
   7.2256985e+00
   7.3104506e+00
   7.3662286e+00
   7.3424230e+00
   7.2317014e+00
   7.1460314e+00
   6.9877424e+00
   6.6517806e+00
   6.2609539e+00
   6.1109724e+00
   6.2418323e+00
   6.5305710e+00
   6.8735547e+00
   7.3526850e+00
   7.6930275e+00
   8.0883770e+00
   8.5120449e+00
   8.5694761e+00
   8.6122456e+00
   8.6214237e+00
   8.6959724e+00
   8.2987499e+00
   7.9191446e+00
   7.5172143e+00
   6.8882380e+00
   6.2997317e+00
   5.7250829e+00
   5.0884471e+00
   4.5459604e+00
   3.4259713e+00
   2.4534996e+00
   3.3840520e+00
   2.8980317e+00
   2.8845189e+00
   2.3207297e+00
   1.2343054e+00
   1.8483726e+00
   2.5583987e+00
   2.6970086e+00
   2.9257512e+00
   3.2354341e+00
   3.5394483e+00
   3.7471385e+00
   3.9714420e+00
   4.0816269e+00
   4.1146488e+00
   4.1933351e+00
   4.1459279e+00
   4.1453834e+00
   4.0871210e+00
   4.1070652e+00
   4.1507940e+00
   4.1664138e+00
   4.2427621e+00
   4.1886597e+00
   4.1957030e+00
   4.0163407e+00
   3.4495513e+00
   1.3209271e+00
   2.3711150e+00
   2.2384944e+00
   2.1556318e+00
   2.7090414e+00
   3.2947614e+00
   3.8291562e+00
   4.2787623e+00
   4.8003788e+00
   5.3622971e+00
   5.7798285e+00
   6.0739369e+00
   6.3742042e+00
   6.5471787e+00
   6.6366048e+00
   6.7457571e+00
   6.6881666e+00
   6.5457382e+00
   6.3192310e+00
   6.1495132e+00
   6.0186157e+00
   5.7709184e+00
   5.4605522e+00
   5.3007240e+00
   5.4497771e+00
   5.6846943e+00
   6.0395064e+00
   6.6211128e+00
   7.0557370e+00
   7.5139775e+00
   7.9779944e+00
   8.1726131e+00
   8.3256626e+00
   8.3963900e+00
   8.4216738e+00
   7.3556052e+00
   6.8828000e+00
   6.2669814e+00
   5.4746187e+00
   4.7788750e+00
   4.3130342e+00
   3.7119780e+00
   2.8214079e+00
   1.7687105e+00
   1.8212309e+00
   1.9186863e+00
   2.0351341e+00
   2.1587835e+00
   2.5015793e+00
   1.9627279e+00
   1.3769867e+00
   2.5991899e+00
   2.5561774e+00
   2.6774130e+00
   2.9782906e+00
   3.1681726e+00
   3.3347740e+00
   3.5429463e+00
   3.6244709e+00
   3.6448342e+00
   3.6505765e+00
   3.5840250e+00
   3.4936004e+00
   3.4252574e+00
   3.3935521e+00
   3.4123038e+00
   3.5348038e+00
   3.6057419e+00
   3.6209282e+00
   3.5952814e+00
   3.3343463e+00
   2.4959829e+00
   1.4602562e+00
   1.6552186e+00
   1.3490677e+00
   1.2247785e+00
   1.6503288e+00
   2.3157326e+00
   2.8517557e+00
   3.3231119e+00
   3.9227281e+00
   4.6077770e+00
   5.0271232e+00
   5.3293217e+00
   5.5900241e+00
   5.7479842e+00
   5.8369465e+00
   5.8434878e+00
   5.6843302e+00
   5.3603930e+00
   4.8384652e+00
   4.5128272e+00
   4.5720873e+00
   4.7475624e+00
   4.5636240e+00
   4.4412298e+00
   4.4998933e+00
   4.6935363e+00
   5.0559429e+00
   5.6590586e+00
   6.1706633e+00
   6.6323786e+00
   7.1293135e+00
   7.4067612e+00
   7.5907570e+00
   7.6994779e+00
   7.6088100e+00
   5.7742534e+00
   5.1558638e+00
   4.3765430e+00
   3.6124582e+00
   2.9549997e+00
   2.4575536e+00
   1.9428859e+00
   1.5529535e+00
   6.5617383e-01
   7.9212320e-01
   9.5820665e-01
   1.3434775e+00
   1.3880260e+00
   1.7459400e+00
   1.5276999e+00
   1.3017712e+00
   2.2898068e+00
   2.1675403e+00
   2.2213202e+00
   2.3962765e+00
   2.5569415e+00
   2.6970077e+00
   2.8205245e+00
   2.8753855e+00
   2.8662529e+00
   2.7914629e+00
   2.7157969e+00
   2.6222720e+00
   2.5095294e+00
   2.4780955e+00
   2.5173407e+00
   2.6574605e+00
   2.7900171e+00
   2.8432305e+00
   2.7503865e+00
   2.4923177e+00
   1.8001946e+00
   8.3023024e-01
   1.3267334e+00
   6.5113556e-01
   2.8516015e-01
   3.0322763e-01
   1.0883843e+00
   1.7013506e+00
   2.2108102e+00
   2.8587568e+00
   3.5622802e+00
   3.9676814e+00
   4.2597203e+00
   4.5108271e+00
   4.6263986e+00
   4.6654630e+00
   4.5380054e+00
   4.1911778e+00
   3.5657811e+00
   2.8897691e+00
   3.0845480e+00
   3.6972823e+00
   3.3661022e+00
   3.0377004e+00
   2.9120188e+00
   2.9411449e+00
   3.1370385e+00
   3.5522547e+00
   4.2061563e+00
   4.7348042e+00
   5.2206135e+00
   5.7013435e+00
   5.9894857e+00
   6.1882381e+00
   6.2492514e+00
   6.1096292e+00
   4.1958504e+00
   3.4378808e+00
   2.5817547e+00
   2.0520847e+00
   1.3335373e+00
   6.7493927e-01
   6.3272750e-01
   9.0964520e-01
   6.4726144e-01
   3.1955779e-01
   7.1416533e-01
   8.2617640e-01
   8.3685845e-01
   1.1201823e+00
   1.3161377e+00
   1.4465016e+00
   1.8240092e+00
   1.6651692e+00
   1.6640842e+00
   1.7721658e+00
   1.8785237e+00
   1.9701816e+00
   2.0510738e+00
   2.0745907e+00
   2.0432420e+00
   1.9523109e+00
   1.8709178e+00
   1.7819016e+00
   1.7005522e+00
   1.6975622e+00
   1.7546935e+00
   1.9034745e+00
   2.0246592e+00
   2.0572212e+00
   1.9333980e+00
   1.6837445e+00
   1.0379689e+00
   8.8272357e-01
   9.9293965e-01
   2.7283081e-01
  -2.3654473e-01
  -4.2553407e-01
   8.7536141e-02
   8.0227727e-01
   1.3470880e+00
   1.9833375e+00
   2.6300936e+00
   3.0077753e+00
   3.2899537e+00
   3.5078330e+00
   3.5735986e+00
   3.5216908e+00
   3.2221813e+00
   2.7004616e+00
   1.8645734e+00
   1.1764249e+00
   1.5238674e+00
   1.1993937e+00
   1.5235530e+00
   1.6321677e+00
   1.5836167e+00
   1.6772342e+00
   1.9188375e+00
   2.3942993e+00
   3.0193257e+00
   3.4786034e+00
   3.9066563e+00
   4.3283172e+00
   4.5782533e+00
   4.7419710e+00
   4.7602367e+00
   4.5734415e+00
   2.5668194e+00
   1.7936976e+00
   1.0736920e+00
   6.3747138e-01
  -1.2433978e-01
  -7.2142518e-01
  -2.8922057e-01
   1.6949075e-01
   3.8905075e-01
  -1.7178926e-01
   3.3199206e-01
   3.1133530e-01
   3.1111065e-01
   5.0918210e-01
   8.4141517e-01
   1.1164188e+00
   1.1653459e+00
   1.0286949e+00
   9.9077719e-01
   1.0511788e+00
   1.1136202e+00
   1.1650858e+00
   1.2135260e+00
   1.2166384e+00
   1.1737176e+00
   1.0844728e+00
   1.0070469e+00
   9.2946434e-01
   8.9320892e-01
   9.3052202e-01
   1.0072045e+00
   1.1486752e+00
   1.2375456e+00
   1.2324113e+00
   1.0872651e+00
   8.9852500e-01
   3.8930553e-01
   7.6497895e-01
   5.2635646e-01
  -2.1584052e-01
  -7.0159930e-01
  -8.6703813e-01
  -7.4685431e-01
  -8.4494904e-02
   5.2711320e-01
   1.1581672e+00
   1.7412966e+00
   2.0745268e+00
   2.3222814e+00
   2.4794219e+00
   2.4666324e+00
   2.2963452e+00
   1.8088682e+00
   1.1461816e+00
   3.1321794e-01
   2.1934627e-01
   4.1348448e-01
   9.4711103e-02
   2.9403571e-02
   3.9719844e-01
   3.3186918e-01
   4.7146270e-01
   7.6395935e-01
   1.2630405e+00
   1.8249013e+00
   2.1876361e+00
   2.5349164e+00
   2.8782558e+00
   3.0742748e+00
   3.1874382e+00
   3.1588264e+00
   2.9498360e+00
   9.3030553e-01
   2.5905984e-01
  -1.3592321e-01
  -6.3359688e-01
  -1.4112704e+00
  -1.7261684e+00
  -8.6652667e-01
  -7.0346878e-01
  -2.0347156e-01
  -7.2199970e-01
  -2.3953913e-01
  -2.0511321e-01
  -1.9868135e-01
  -8.5182630e-02
   1.0912946e-01
   3.2611084e-01
   3.5635762e-01
   2.9261097e-01
   2.3455740e-01
   2.6088465e-01
   2.9269658e-01
   3.1480810e-01
   3.3715473e-01
   3.3112630e-01
   2.8624999e-01
   2.0926923e-01
   1.4452002e-01
   8.3881252e-02
   9.7236718e-02
   1.8232114e-01
   2.7988828e-01
   4.0004200e-01
   4.4467265e-01
   3.9234806e-01
   2.3203325e-01
   1.5161975e-01
  -1.2986878e-01
   4.2430803e-01
  -5.3222531e-02
  -8.2700110e-01
  -1.1418070e+00
  -1.0862449e+00
  -1.4254031e+00
  -9.6174016e-01
  -2.5510456e-01
   3.8276554e-01
   9.0460639e-01
   1.1800467e+00
   1.3710628e+00
   1.4453223e+00
   1.3295577e+00
   1.0219509e+00
   3.3983606e-01
  -4.2957667e-01
  -1.0673493e+00
  -2.4016268e-02
  -2.3235593e-01
   4.8575495e-01
  -1.0551353e+00
  -6.5792399e-01
  -8.3580278e-01
  -6.7783889e-01
  -3.3499887e-01
   1.5189478e-01
   6.2749543e-01
   8.7877586e-01
   1.1334571e+00
   1.3863962e+00
   1.5197294e+00
   1.5737484e+00
   1.4950583e+00
   1.2877857e+00
  -1.4190483e+00
  -1.5855713e+00
  -1.3593429e+00
  -1.5689473e+00
  -2.4323387e+00
  -1.9352609e+00
  -1.3868142e+00
  -1.0493537e+00
  -8.7649012e-01
  -8.0561423e-01
  -9.8318863e-01
  -9.3581063e-01
  -1.0963900e+00
  -1.1354812e+00
  -1.0724496e+00
  -9.8756707e-01
  -1.0422876e+00
  -1.1549776e+00
  -1.2397952e+00
  -1.2459493e+00
  -1.2032583e+00
  -1.1690807e+00
  -1.1507946e+00
  -1.1334944e+00
  -1.1167665e+00
  -1.1258826e+00
  -1.1283045e+00
  -1.1068803e+00
  -9.9559432e-01
  -8.6452872e-01
  -7.7366626e-01
  -7.3956096e-01
  -8.1407571e-01
  -9.7065759e-01
  -1.1270885e+00
  -9.9159539e-01
  -6.2994385e-01
   3.8313735e-01
   5.0973904e-01
  -1.2142475e+00
  -1.3450837e+00
  -8.1614250e-01
  -2.1576762e+00
  -2.1095119e+00
  -1.3508793e+00
  -6.7330331e-01
  -2.8772041e-01
  -1.7377901e-01
  -1.4540048e-01
  -2.8791970e-01
  -6.0383415e-01
  -1.0920299e+00
  -1.8246634e+00
  -2.2251594e+00
  -1.8178149e+00
   4.7186419e-01
  -1.3772057e-01
  -5.1740909e-01
  -5.3181195e-01
  -2.2289295e+00
  -2.4393256e+00
  -2.2222984e+00
  -1.6244950e+00
  -1.4351408e+00
  -1.2426271e+00
  -1.1782044e+00
  -1.0931811e+00
  -9.9756777e-01
  -9.6313202e-01
  -9.8422354e-01
  -1.0888343e+00
  -1.2321497e+00
  -2.5734048e+00
  -2.3883035e+00
  -1.8233769e+00
  -1.7782278e+00
  -2.0285380e+00
  -1.5580255e+00
  -1.2122712e+00
  -1.1200285e+00
  -8.9074690e-01
  -4.8078588e-01
  -9.5513904e-01
  -1.5877285e+00
  -1.7992399e+00
  -1.8934939e+00
  -1.8851190e+00
  -1.8778712e+00
  -1.9788382e+00
  -2.0997019e+00
  -2.1891603e+00
  -2.1964192e+00
  -2.1309478e+00
  -2.0672412e+00
  -2.0108709e+00
  -1.9408796e+00
  -1.8633912e+00
  -1.7975714e+00
  -1.7274809e+00
  -1.6333919e+00
  -1.4801458e+00
  -1.3670872e+00
  -1.3386414e+00
  -1.4240527e+00
  -1.6055890e+00
  -1.8313261e+00
  -1.9618844e+00
  -1.5998607e+00
  -5.7531524e-01
   3.8114929e-01
   4.4486148e-01
  -1.2730520e+00
  -1.4189602e+00
  -7.1012274e-01
  -1.7606398e+00
  -2.7448192e+00
  -1.8620777e+00
  -1.2230458e+00
  -9.6524143e-01
  -9.8721892e-01
  -1.0953873e+00
  -1.3964369e+00
  -1.8065605e+00
  -2.3162367e+00
  -2.9422581e+00
  -3.1314412e+00
  -2.3436127e+00
   3.3009222e-01
  -1.4800743e-01
  -6.1082560e-01
  -6.8034363e-01
  -2.3580060e+00
  -2.4670939e+00
  -2.6289568e+00
  -2.1910279e+00
  -2.2664104e+00
  -2.2607903e+00
  -2.3028907e+00
  -2.3097162e+00
  -2.3108549e+00
  -2.3365745e+00
  -2.3903613e+00
  -2.4794605e+00
  -2.5487005e+00
  -3.5481257e+00
  -3.0421083e+00
  -2.1287034e+00
  -1.8507509e+00
  -1.8136449e+00
  -1.4414254e+00
  -1.1420527e+00
  -1.1126471e+00
  -8.2041264e-01
  -3.1785142e-01
  -1.0507110e+00
  -2.2292056e+00
  -2.4641829e+00
  -2.5871456e+00
  -2.6231065e+00
  -2.6690161e+00
  -2.7997141e+00
  -2.9232340e+00
  -3.0120625e+00
  -3.0209949e+00
  -2.9417403e+00
  -2.8517780e+00
  -2.7522564e+00
  -2.6311255e+00
  -2.4957743e+00
  -2.3502140e+00
  -2.2076862e+00
  -2.0515108e+00
  -1.8813928e+00
  -1.8152609e+00
  -1.8683830e+00
  -2.0771713e+00
  -2.3502076e+00
  -2.6220548e+00
  -2.7064934e+00
  -2.1586719e+00
  -6.6204900e-01
   3.1367129e-01
   4.1729850e-01
  -1.1423396e+00
  -1.4198159e+00
  -6.6984367e-01
  -1.2075928e+00
  -3.0086389e+00
  -2.3288565e+00
  -1.7230510e+00
  -1.6165166e+00
  -1.7669423e+00
  -1.9981652e+00
  -2.4229469e+00
  -2.8850560e+00
  -3.3682997e+00
  -3.8296268e+00
  -3.7751951e+00
  -2.5652003e+00
   2.2809312e-02
  -3.4617478e-01
  -8.3734322e-01
  -7.9848105e-01
  -2.4030037e+00
  -2.2669587e+00
  -2.6545644e+00
  -2.6935308e+00
  -3.0174911e+00
  -3.1546216e+00
  -3.2854171e+00
  -3.3707113e+00
  -3.4558191e+00
  -3.5344431e+00
  -3.6152735e+00
  -3.6848121e+00
  -3.6780801e+00
  -4.5603946e+00
  -3.6579848e+00
  -2.2184121e+00
  -1.6521781e+00
  -1.9218819e+00
  -1.8511613e+00
  -1.2719712e+00
  -9.2870242e-01
  -5.3083186e-01
  -4.4134020e-01
  -1.4634615e+00
  -3.1346323e+00
  -3.3426134e+00
  -3.4484139e+00
  -3.5256443e+00
  -3.5941762e+00
  -3.7312533e+00
  -3.8463693e+00
  -3.9225865e+00
  -3.9352067e+00
  -3.8559669e+00
  -3.7352649e+00
  -3.5620299e+00
  -3.3703118e+00
  -3.1576319e+00
  -2.8859741e+00
  -2.6387518e+00
  -2.4161827e+00
  -2.2773280e+00
  -2.3433195e+00
  -2.5570300e+00
  -2.9529869e+00
  -3.3240250e+00
  -3.6114676e+00
  -3.5842023e+00
  -2.8578326e+00
  -1.1013835e+00
   7.0623974e-02
   4.6022460e-01
  -5.3245457e-01
  -1.2589729e+00
  -7.5745883e-01
  -6.0710317e-02
  -2.5659629e+00
  -2.9059652e+00
  -2.3364572e+00
  -2.5010440e+00
  -2.8208275e+00
  -3.2002363e+00
  -3.7268915e+00
  -4.1705305e+00
  -4.5091619e+00
  -4.6031533e+00
  -4.1243630e+00
  -2.2107219e+00
  -7.8939351e-01
  -1.0500754e+00
  -1.4606914e+00
  -9.0203164e-01
  -2.2815138e+00
  -1.4713703e+00
  -1.8458251e+00
  -3.2788268e+00
  -3.9267628e+00
  -4.1725539e+00
  -4.3921692e+00
  -4.5613574e+00
  -4.7396459e+00
  -4.8787558e+00
  -4.9861909e+00
  -5.0184272e+00
  -4.8975077e+00
  -5.0963796e+00
  -3.8524616e+00
  -2.2330809e+00
  -1.3688150e+00
  -1.5077969e+00
  -1.5313897e+00
  -1.4363426e+00
  -8.1020587e-01
  -5.2725995e-01
  -6.9737313e-01
  -2.4980320e+00
  -3.7597165e+00
  -3.9370534e+00
  -4.0244377e+00
  -4.0964813e+00
  -4.1575434e+00
  -4.2696421e+00
  -4.3652716e+00
  -4.4288395e+00
  -4.4438746e+00
  -4.3734331e+00
  -4.2243869e+00
  -3.9730647e+00
  -3.7172878e+00
  -3.4385125e+00
  -3.0764732e+00
  -2.7817597e+00
  -2.5874898e+00
  -2.6293847e+00
  -2.9060183e+00
  -3.3015453e+00
  -3.8196709e+00
  -4.1908369e+00
  -4.4098103e+00
  -4.2849796e+00
  -3.5481539e+00
  -1.8768918e+00
  -9.1972267e-02
   3.7230334e-01
   3.1490834e-02
  -7.9386436e-01
  -7.2070456e-01
  -3.9663964e-01
  -1.3349882e+00
  -2.8143768e+00
  -3.0119259e+00
  -3.4876198e+00
  -3.8929715e+00
  -4.3011906e+00
  -4.7618530e+00
  -5.0442042e+00
  -5.1403645e+00
  -4.8305581e+00
  -4.0639062e+00
  -1.4582232e+00
  -7.5465034e-01
  -1.3136116e+00
  -1.5670697e+00
  -9.0223741e-01
  -2.2936916e+00
  -1.8491861e+00
  -2.7064201e+00
  -4.1400261e+00
  -4.6389916e+00
  -4.9502781e+00
  -5.2259550e+00
  -5.4464963e+00
  -5.6760982e+00
  -5.8272514e+00
  -5.9066218e+00
  -5.8581856e+00
  -5.6220264e+00
  -5.2636279e+00
  -3.8380957e+00
  -2.1794104e+00
  -1.1040678e+00
  -1.0688181e+00
  -1.1350349e+00
  -1.2484979e+00
  -7.9776218e-01
  -7.2921220e-01
  -1.2426259e+00
  -3.2408133e+00
  -4.1020818e+00
  -4.1997723e+00
  -4.2641787e+00
  -4.3293304e+00
  -4.3874840e+00
  -4.4649600e+00
  -4.5316142e+00
  -4.5808696e+00
  -4.5949435e+00
  -4.5214872e+00
  -4.3514938e+00
  -4.0559235e+00
  -3.7629791e+00
  -3.4555536e+00
  -3.0768319e+00
  -2.8143105e+00
  -2.7200789e+00
  -2.9364737e+00
  -3.3472400e+00
  -3.8346954e+00
  -4.3814749e+00
  -4.7201499e+00
  -4.8772582e+00
  -4.6774811e+00
  -4.0110641e+00
  -2.6306366e+00
  -6.6788338e-02
   3.3280872e-01
   1.4848973e-01
  -4.7607068e-01
  -6.4170818e-01
  -6.1677449e-01
  -9.3885887e-01
  -2.7209531e+00
  -3.5686403e+00
  -4.1734414e+00
  -4.5909533e+00
  -4.9679173e+00
  -5.3284615e+00
  -5.4736593e+00
  -5.3894690e+00
  -4.7610244e+00
  -3.6293896e+00
  -1.0534898e+00
  -7.4288610e-01
  -1.2011323e+00
  -1.4943767e+00
  -9.3795324e-01
  -2.0702252e+00
  -1.7690661e+00
  -2.8438400e+00
  -4.3906102e+00
  -4.9978708e+00
  -5.4142884e+00
  -5.7128556e+00
  -5.9481208e+00
  -6.1787045e+00
  -6.3167374e+00
  -6.3686502e+00
  -6.2551295e+00
  -5.9241898e+00
  -5.2923483e+00
  -3.6835783e+00
  -2.0521858e+00
  -7.0136982e-01
  -3.6585173e-01
  -4.6611915e-01
  -7.3175814e-01
  -8.4532635e-01
  -1.1753014e+00
  -2.2790700e+00
  -4.2191876e+00
  -4.4593312e+00
  -4.4013562e+00
  -4.4269047e+00
  -4.4801901e+00
  -4.5366745e+00
  -4.5538518e+00
  -4.5691431e+00
  -4.5949420e+00
  -4.6053771e+00
  -4.5197328e+00
  -4.3216227e+00
  -3.9781729e+00
  -3.6440429e+00
  -3.3154381e+00
  -2.9571905e+00
  -2.7954395e+00
  -2.9031736e+00
  -3.3887996e+00
  -3.9611854e+00
  -4.5357297e+00
  -5.0682514e+00
  -5.3354375e+00
  -5.3998705e+00
  -5.0970620e+00
  -4.5919935e+00
  -3.7968809e+00
   9.1349268e-02
   3.0159366e-01
   4.9101028e-02
  -7.1688961e-02
  -4.9133300e-01
  -8.8819637e-01
  -8.4648752e-01
  -2.5735355e+00
  -4.3651131e+00
  -5.0569767e+00
  -5.4471163e+00
  -5.7371780e+00
  -5.9194144e+00
  -5.8651518e+00
  -5.5378931e+00
  -4.4644494e+00
  -2.7126703e+00
  -6.3972416e-01
  -7.3899606e-01
  -7.8733245e-01
  -1.2673684e+00
  -1.0163160e+00
  -1.5714137e+00
  -1.3541373e+00
  -2.6017935e+00
  -4.3968828e+00
  -5.3363222e+00
  -5.9423829e+00
  -6.2558114e+00
  -6.4909735e+00
  -6.6912749e+00
  -6.7928577e+00
  -6.8021708e+00
  -6.5966128e+00
  -6.1302258e+00
  -4.8331766e+00
  -3.1227951e+00
  -1.5903233e+00
  -2.0126675e-01
   1.5079522e-01
  -4.1203303e-01
  -5.9953839e-01
  -1.2131628e+00
  -1.9732053e+00
  -4.4505310e+00
  -4.3742213e+00
  -4.2648067e+00
  -4.1171927e+00
  -4.0388741e+00
  -4.0286250e+00
  -4.0454974e+00
  -4.0247278e+00
  -4.0168028e+00
  -4.0270286e+00
  -3.9761639e+00
  -3.8403852e+00
  -3.6393180e+00
  -3.3534727e+00
  -3.0801636e+00
  -2.8275263e+00
  -2.7091994e+00
  -2.8976418e+00
  -3.3709574e+00
  -4.1240158e+00
  -4.7365612e+00
  -5.2460527e+00
  -5.6370969e+00
  -5.7762635e+00
  -5.7251325e+00
  -5.3522406e+00
  -4.7662081e+00
  -2.5382786e+00
   1.2645066e-01
   9.8070863e-02
   1.0852426e-02
   1.1591236e-01
  -4.2896850e-01
  -7.3283577e-01
  -1.4667106e+00
  -2.9194495e+00
  -5.0673656e+00
  -5.8144112e+00
  -6.1495530e+00
  -6.2654223e+00
  -6.1942129e+00
  -5.8978226e+00
  -5.2920036e+00
  -3.7887177e+00
  -1.8024131e+00
   7.7773798e-01
  -7.7041578e-01
  -9.3074096e-01
  -1.5672209e+00
  -1.4451548e+00
  -9.9373198e-01
  -6.0472572e-01
  -1.9558849e+00
  -4.3970980e+00
  -5.8133154e+00
  -6.3442898e+00
  -6.6008689e+00
  -6.7754855e+00
  -6.8758445e+00
  -6.8874403e+00
  -6.7935400e+00
  -6.4371996e+00
  -5.8249285e+00
  -4.4058123e+00
  -2.6976128e+00
  -1.2833923e+00
  -7.2625808e-02
   3.3201188e-01
  -2.7936037e-01
  -6.2851965e-01
  -1.5086329e+00
  -2.4628278e+00
  -4.7850299e+00
  -4.1933889e+00
  -3.9354038e+00
  -3.7134917e+00
  -3.5526652e+00
  -3.5014853e+00
  -3.5041695e+00
  -3.5041513e+00
  -3.5152890e+00
  -3.5285707e+00
  -3.4589093e+00
  -3.3152761e+00
  -3.1341925e+00
  -2.9125824e+00
  -2.7233466e+00
  -2.5911777e+00
  -2.6961737e+00
  -3.0967810e+00
  -3.7320249e+00
  -4.5544910e+00
  -5.1358093e+00
  -5.5776467e+00
  -5.8758540e+00
  -5.9375318e+00
  -5.8157606e+00
  -5.3304906e+00
  -4.4774483e+00
  -1.8047719e+00
   9.7068489e-02
   5.1413174e-02
  -5.5011395e-02
  -2.2080604e-02
  -4.6174699e-01
  -7.2057527e-01
  -1.7073636e+00
  -3.2428474e+00
  -5.3932462e+00
  -6.1048136e+00
  -6.3943151e+00
  -6.4111466e+00
  -6.2010264e+00
  -5.7793621e+00
  -5.0372171e+00
  -3.3858097e+00
  -1.4755615e+00
   7.6261085e-01
  -6.3881081e-01
  -9.0079587e-01
  -1.4448264e+00
  -1.4186053e+00
  -1.2126404e+00
  -7.3226929e-01
  -2.2523849e+00
  -4.5867832e+00
  -5.9466038e+00
  -6.4487801e+00
  -6.6659989e+00
  -6.7853456e+00
  -6.7991481e+00
  -6.7367515e+00
  -6.5745783e+00
  -6.1452470e+00
  -5.4655574e+00
  -3.6958819e+00
  -2.0385762e+00
  -8.3358443e-01
  -2.3485917e-02
   4.8665365e-01
  -1.8741320e-02
  -7.5094500e-01
  -1.9765580e+00
  -3.1525718e+00
  -4.5167154e+00
  -3.7341495e+00
  -3.3157227e+00
  -2.9748504e+00
  -2.6838833e+00
  -2.5736012e+00
  -2.5637978e+00
  -2.6256458e+00
  -2.6883192e+00
  -2.7152531e+00
  -2.6330567e+00
  -2.4953331e+00
  -2.3585550e+00
  -2.2488416e+00
  -2.2126856e+00
  -2.3049500e+00
  -2.7809383e+00
  -3.4784073e+00
  -4.2955203e+00
  -5.1455895e+00
  -5.6415125e+00
  -5.9674957e+00
  -6.1304579e+00
  -6.0837647e+00
  -5.8626858e+00
  -5.1676991e+00
  -3.7774679e+00
  -8.0022557e-01
   1.7942934e-02
   4.3656269e-02
  -1.7920975e-01
  -4.0403656e-01
  -5.6057064e-01
  -7.6486378e-01
  -1.9426808e+00
  -3.7807779e+00
  -5.7744824e+00
  -6.3846890e+00
  -6.6010801e+00
  -6.4842176e+00
  -6.0907198e+00
  -5.5098443e+00
  -4.6012999e+00
  -2.8269273e+00
  -1.1868223e+00
   8.5546008e-02
  -3.4160605e-01
  -7.7121074e-01
  -1.0453610e+00
  -1.1665299e+00
  -1.9459200e+00
  -1.3472269e+00
  -3.1834918e+00
  -4.9944603e+00
  -6.0162450e+00
  -6.4906548e+00
  -6.6491063e+00
  -6.6771727e+00
  -6.5503441e+00
  -6.3697991e+00
  -6.1077901e+00
  -5.5901107e+00
  -4.8318207e+00
  -2.5511186e+00
  -1.1707770e+00
  -4.0497190e-01
  -2.3292820e-01
  -4.5659372e-01
  -5.3127241e-01
  -1.3220201e+00
  -3.3909345e+00
  -5.4778934e+00
  -5.0331030e+00
  -2.7820659e+00
  -2.4639051e+00
  -2.0383496e+00
  -1.6746874e+00
  -1.5717351e+00
  -1.6165259e+00
  -1.7672276e+00
  -1.8836766e+00
  -1.9355350e+00
  -1.8817286e+00
  -1.7942395e+00
  -1.7482934e+00
  -1.8316650e+00
  -2.0585690e+00
  -2.4780507e+00
  -3.2742231e+00
  -4.0734520e+00
  -4.8507781e+00
  -5.5736475e+00
  -5.9541693e+00
  -6.1552515e+00
  -6.1649513e+00
  -5.9781113e+00
  -5.5748148e+00
  -4.6240315e+00
  -3.1965933e+00
  -5.8533722e-01
  -3.0891052e-01
  -4.3815076e-01
  -7.3862189e-01
  -8.2246798e-01
  -7.7005970e-01
  -9.6366203e-01
  -2.1453152e+00
  -2.9865003e+00
  -5.1362858e+00
  -6.4250436e+00
  -6.5165997e+00
  -6.2641792e+00
  -5.7108831e+00
  -4.9884672e+00
  -3.9723361e+00
  -2.2050142e+00
  -8.9285177e-01
   5.4377061e-01
  -2.9245970e-01
  -3.7865403e-01
  -8.0974996e-01
  -1.2290014e+00
  -1.8152901e+00
  -3.0688491e+00
  -4.9800940e+00
  -5.7799697e+00
  -5.8745275e+00
  -6.1716504e+00
  -6.2468853e+00
  -6.1611757e+00
  -5.8538933e+00
  -5.5219827e+00
  -5.1420350e+00
  -4.5488081e+00
  -3.7343073e+00
  -1.8258695e+00
  -6.6045759e-01
  -1.9572867e-01
  -3.9677560e-01
  -9.9423546e-01
  -1.1786669e+00
  -2.0197769e+00
  -3.4101748e+00
  -4.9527345e+00
  -4.1913316e+00
  -2.3774899e+00
  -2.1207929e+00
  -1.7069901e+00
  -1.3487011e+00
  -1.2671939e+00
  -1.3315235e+00
  -1.4932465e+00
  -1.6065958e+00
  -1.6553325e+00
  -1.6171059e+00
  -1.5687082e+00
  -1.5889543e+00
  -1.7899564e+00
  -2.1455941e+00
  -2.6890206e+00
  -3.5619862e+00
  -4.3489184e+00
  -5.0666803e+00
  -5.7036365e+00
  -6.0174108e+00
  -6.1487669e+00
  -6.0717205e+00
  -5.8041725e+00
  -5.3006209e+00
  -4.2738292e+00
  -2.7336485e+00
  -5.3796301e-01
  -3.7862863e-01
  -6.3675338e-01
  -1.0587533e+00
  -1.1291009e+00
  -8.6294287e-01
  -9.9930209e-01
  -2.1004404e+00
  -2.6995187e+00
  -4.9119943e+00
  -6.3409227e+00
  -6.3999114e+00
  -6.0774149e+00
  -5.4416607e+00
  -4.6471300e+00
  -3.5914802e+00
  -1.8689423e+00
  -6.8388098e-01
   9.1764771e-01
  -1.5692336e-01
  -2.4971569e-01
  -6.7232064e-01
  -1.3046642e+00
  -1.8293200e+00
  -3.5490463e+00
  -5.3795985e+00
  -5.7971988e+00
  -5.6592101e+00
  -5.8553523e+00
  -5.8654661e+00
  -5.7083520e+00
  -5.3070281e+00
  -4.8941951e+00
  -4.4406584e+00
  -3.7969673e+00
  -2.9658229e+00
  -5.6201875e-01
   1.8006636e-01
   9.1899305e-02
  -7.2081824e-01
  -1.8570612e+00
  -2.7057252e+00
  -3.6510053e+00
  -2.3598527e+00
  -1.5673930e+00
  -1.2794976e+00
  -1.9179570e+00
  -1.7658244e+00
  -1.4533480e+00
  -1.1679935e+00
  -1.1446267e+00
  -1.2244032e+00
  -1.3493723e+00
  -1.4113757e+00
  -1.4312941e+00
  -1.4172429e+00
  -1.4459497e+00
  -1.5922333e+00
  -1.9924185e+00
  -2.5255170e+00
  -3.1818900e+00
  -4.0328605e+00
  -4.7034751e+00
  -5.2749658e+00
  -5.7556214e+00
  -5.9609446e+00
  -5.9824139e+00
  -5.7669984e+00
  -5.3687935e+00
  -4.7093047e+00
  -3.6564220e+00
  -1.8095441e+00
  -5.6513150e-01
  -3.3033491e-01
  -8.5102785e-01
  -1.5742586e+00
  -1.7148026e+00
  -9.7556360e-01
  -9.4978135e-01
  -1.8080813e+00
  -2.4666904e+00
  -4.7436705e+00
  -6.0587451e+00
  -6.1184856e+00
  -5.6934082e+00
  -4.9371736e+00
  -4.0386769e+00
  -2.9495611e+00
  -1.3549012e+00
  -2.9162322e-01
   1.6724920e+00
   2.0831936e-01
  -1.7306063e-01
  -4.4746487e-01
  -1.4811227e+00
  -1.9734129e+00
  -3.6311923e+00
  -5.1626625e+00
  -5.2333715e+00
  -5.1288160e+00
  -5.1629965e+00
  -5.0443051e+00
  -4.7635889e+00
  -4.2234563e+00
  -3.6881145e+00
  -3.1077334e+00
  -2.3728841e+00
  -1.5361833e+00
   4.2367390e-01
   6.3189024e-01
   2.8827307e-01
  -5.6050986e-01
  -1.7108341e+00
  -2.4428513e+00
  -3.0233593e+00
  -9.8209506e-01
  -8.8201940e-01
  -1.0495081e+00
  -1.9695059e+00
  -2.0935223e+00
  -1.9616940e+00
  -1.9108617e+00
  -1.9813874e+00
  -2.0629091e+00
  -2.1160145e+00
  -2.1150789e+00
  -2.1071253e+00
  -2.1079869e+00
  -2.1684322e+00
  -2.3390923e+00
  -2.7257380e+00
  -3.1875448e+00
  -3.7209897e+00
  -4.3800669e+00
  -4.8813887e+00
  -5.2874537e+00
  -5.5787706e+00
  -5.6353159e+00
  -5.5228505e+00
  -5.1589184e+00
  -4.6282730e+00
  -3.8141127e+00
  -2.4270225e+00
  -1.0021429e+00
  -7.3707134e-01
  -3.1773448e-01
  -7.1694291e-01
  -1.5864664e+00
  -2.2897203e+00
  -1.7849619e+00
  -8.1112516e-01
  -1.3794602e+00
  -2.6818609e+00
  -4.5253115e+00
  -5.6625724e+00
  -5.6141167e+00
  -5.1680288e+00
  -4.3455353e+00
  -3.3926449e+00
  -2.3047860e+00
  -8.1496298e-01
   5.5029809e-01
   2.0049760e+00
   6.2597495e-01
  -4.9052723e-03
  -1.7772892e-01
  -1.3779832e+00
  -2.5411842e+00
  -3.7656386e+00
  -4.5439415e+00
  -4.4466095e+00
  -4.2788649e+00
  -4.1267409e+00
  -3.8372540e+00
  -3.3908396e+00
  -2.6735358e+00
  -2.0250912e+00
  -1.3688024e+00
  -6.7277491e-01
   9.7318247e-02
   8.6665022e-01
   8.1792408e-01
   4.3040878e-01
  -4.2962551e-01
  -1.4994173e+00
  -2.1824055e+00
  -2.4401217e+00
  -3.4903899e-01
  -6.7135793e-01
  -1.2394894e+00
  -2.1553090e+00
  -2.4031532e+00
  -2.3931630e+00
  -2.4842923e+00
  -2.6042933e+00
  -2.6863723e+00
  -2.7049625e+00
  -2.6744528e+00
  -2.6520483e+00
  -2.6557391e+00
  -2.7224050e+00
  -2.8877726e+00
  -3.2360311e+00
  -3.6287532e+00
  -4.0653610e+00
  -4.5897174e+00
  -4.9788151e+00
  -5.2797518e+00
  -5.4571762e+00
  -5.4273729e+00
  -5.2363787e+00
  -4.7825403e+00
  -4.1703644e+00
  -3.2580371e+00
  -1.6536826e+00
  -4.7178423e-01
  -8.5766834e-01
  -2.2633767e-01
  -6.1500639e-01
  -1.5352801e+00
  -2.8492291e+00
  -2.5303075e+00
  -8.3053607e-01
  -1.3204176e+00
  -3.0209110e+00
  -4.4731264e+00
  -5.3393049e+00
  -5.2349930e+00
  -4.7881951e+00
  -3.9362090e+00
  -2.9545071e+00
  -1.8698148e+00
  -4.7113025e-01
   8.9273983e-01
   2.0954506e+00
   8.0703002e-01
   1.1223762e-01
  -6.2590122e-02
  -1.2878894e+00
  -2.8301389e+00
  -3.7770894e+00
  -4.1396894e+00
  -3.9349928e+00
  -3.7263017e+00
  -3.4587190e+00
  -3.0642073e+00
  -2.5158167e+00
  -1.6851364e+00
  -9.6568006e-01
  -2.7587807e-01
   3.5476142e-01
   9.7538972e-01
   9.8201164e-01
   7.6414543e-01
   7.9108862e-01
  -4.2103028e-02
  -5.6917812e-01
  -1.2597754e+00
  -4.7920459e-01
  -1.0078308e-01
  -1.2012433e+00
  -3.0509631e+00
  -3.1806009e+00
  -3.4590386e+00
  -3.7249736e+00
  -4.0727131e+00
  -4.2493230e+00
  -4.3301828e+00
  -4.3264525e+00
  -4.2805022e+00
  -4.2427725e+00
  -4.2239354e+00
  -4.2439073e+00
  -4.3103092e+00
  -4.4545378e+00
  -4.6067451e+00
  -4.7683006e+00
  -4.9663520e+00
  -5.1091281e+00
  -5.1977725e+00
  -5.1725278e+00
  -5.0031890e+00
  -4.6815954e+00
  -4.0652124e+00
  -3.2995913e+00
  -2.1895684e+00
  -1.2577104e-01
   6.7249795e-01
  -1.1493208e+00
   3.1244108e-01
  -3.3811505e-01
  -1.1815361e+00
  -4.8037703e+00
  -5.0165395e+00
  -1.3264792e+00
  -2.1074270e+00
  -4.5649319e+00
  -4.7355233e+00
  -4.3827972e+00
  -4.2205007e+00
  -3.8259662e+00
  -2.9680099e+00
  -1.9525776e+00
  -8.8433770e-01
   2.2617454e-01
   7.6614265e-01
   1.7649440e+00
   8.1428486e-01
   3.9245885e-01
  -6.9138805e-02
  -1.0016810e+00
  -3.1083827e+00
  -3.4859254e+00
  -3.2764016e+00
  -2.8524548e+00
  -2.5577219e+00
  -2.0694635e+00
  -1.4778028e+00
  -7.3761408e-01
   3.2534543e-01
   1.1845282e+00
   1.8794529e+00
   2.2050958e+00
   2.0688155e+00
   9.6665668e-01
   4.6464950e-01
   6.6637838e-01
  -1.7484759e-01
  -4.0218425e-01
  -1.0362906e+00
  -2.5317436e-01
  -7.3018491e-01
  -2.4501131e+00
  -3.8604674e+00
  -3.9087234e+00
  -4.1877384e+00
  -4.5468640e+00
  -4.8878636e+00
  -5.0475883e+00
  -5.1200914e+00
  -5.1166072e+00
  -5.0696378e+00
  -5.0141602e+00
  -4.9464240e+00
  -4.9036846e+00
  -4.8849039e+00
  -4.8951411e+00
  -4.9217539e+00
  -4.9474521e+00
  -4.9850373e+00
  -5.0094237e+00
  -5.0038614e+00
  -4.9114380e+00
  -4.7200384e+00
  -4.3931012e+00
  -3.7687023e+00
  -2.9763792e+00
  -1.8123592e+00
   3.6375868e-01
   9.6500635e-01
  -1.0088712e+00
   2.3160918e-01
  -1.3769338e-01
  -9.0729362e-01
  -5.1530581e+00
  -5.1513247e+00
  -2.1434259e+00
  -3.5860345e+00
  -5.3581557e+00
  -4.3480935e+00
  -3.4944046e+00
  -3.3395209e+00
  -2.9597516e+00
  -2.1417198e+00
  -1.1066260e+00
  -6.0821522e-02
   7.9966289e-01
   1.1070745e+00
   1.4056993e+00
   7.6174843e-01
   4.2212343e-01
   1.5553665e-01
  -1.0328939e+00
  -3.2932396e+00
  -3.2718134e+00
  -2.9407606e+00
  -2.3364251e+00
  -1.9857035e+00
  -1.3985171e+00
  -7.1670955e-01
   8.2112744e-02
   1.1841437e+00
   2.0856042e+00
   2.7694948e+00
   2.9225283e+00
   2.2249563e+00
   9.5508730e-01
   2.3898843e-01
   5.7241297e-01
  -2.7486661e-01
  -2.7635950e-01
  -8.6790180e-01
  -8.2867518e-02
  -1.2044201e+00
  -3.3910980e+00
  -4.4704041e+00
  -4.4573421e+00
  -4.7367916e+00
  -5.1661339e+00
  -5.5020552e+00
  -5.6490564e+00
  -5.7152634e+00
  -5.7119651e+00
  -5.6642280e+00
  -5.5953770e+00
  -5.4907970e+00
  -5.4008064e+00
  -5.3178434e+00
  -5.2271218e+00
  -5.1591034e+00
  -5.0824380e+00
  -4.9991155e+00
  -4.9342995e+00
  -4.8577561e+00
  -4.7147145e+00
  -4.5066929e+00
  -4.1757293e+00
  -3.5452912e+00
  -2.7328489e+00
  -1.5281436e+00
   7.3260438e-01
   1.1854025e+00
  -9.0304667e-01
   1.7070481e-01
   1.3318293e-02
  -7.0066047e-01
  -5.4162359e+00
  -5.2528811e+00
  -2.7589703e+00
  -4.7001209e+00
  -5.9558263e+00
  -4.0561776e+00
  -2.8250277e+00
  -2.6757293e+00
  -2.3070855e+00
  -1.5191357e+00
  -4.6922711e-01
   5.5967283e-01
   1.2317690e+00
   1.3639562e+00
   1.1350195e+00
   7.2216380e-01
   4.4447482e-01
   3.2482278e-01
  -1.0564119e+00
  -3.4325235e+00
  -3.1104870e+00
  -2.6878660e+00
  -1.9476123e+00
  -1.5547053e+00
  -8.9297956e-01
  -1.4324884e-01
   6.9975185e-01
   1.8312218e+00
   2.7645378e+00
   3.4401147e+00
   3.4630921e+00
   2.3426037e+00
   1.4246020e+00
   1.9619578e-01
   8.2462436e-01
  -5.3631032e-01
  -7.7892083e-01
  -2.0585978e+00
  -3.0627708e+00
  -5.0523596e+00
  -5.0329213e+00
  -4.9112949e+00
  -4.8922901e+00
  -5.2469797e+00
  -5.5423794e+00
  -5.7537107e+00
  -5.8541474e+00
  -5.9074268e+00
  -5.9342046e+00
  -5.9235926e+00
  -5.8846407e+00
  -5.8081627e+00
  -5.7130899e+00
  -5.6001759e+00
  -5.4647756e+00
  -5.3416004e+00
  -5.1790915e+00
  -4.9476037e+00
  -4.7357936e+00
  -4.5118942e+00
  -4.2221227e+00
  -3.9233308e+00
  -3.5455668e+00
  -2.9422612e+00
  -2.2893572e+00
  -1.4569402e+00
   5.4875463e-03
   9.5542055e-01
  -6.8132058e-02
  -1.3655549e+00
  -8.2018636e-02
  -1.9253912e+00
  -3.5984988e+00
  -2.7691779e+00
  -5.4026227e+00
  -5.7978964e+00
  -4.7284584e+00
  -2.9942293e+00
  -1.5000758e+00
  -9.8357952e-01
  -4.5111293e-01
   5.4872787e-01
   1.5601934e+00
   2.3896732e+00
   2.4992151e+00
   1.9686797e+00
   9.2061496e-01
   7.2082531e-01
   5.3415728e-01
   4.6849042e-01
  -1.0723332e+00
  -4.1701779e+00
  -3.1073561e+00
  -2.4990370e+00
  -1.1443882e+00
  -6.3915104e-01
  -1.8067099e-02
   7.4868536e-01
   1.5501478e+00
   2.5227568e+00
   3.3989162e+00
   3.9773102e+00
   3.6667347e+00
   2.8416300e+00
   1.3633392e+00
   3.8884401e-01
   7.8499633e-01
  -5.4387057e-01
  -1.1371937e+00
  -2.3879590e+00
  -3.3730822e+00
  -4.9091010e+00
  -4.9990797e+00
  -4.9559393e+00
  -5.0573382e+00
  -5.4198885e+00
  -5.6951509e+00
  -5.8903399e+00
  -5.9709711e+00
  -5.9932194e+00
  -5.9751825e+00
  -5.9301867e+00
  -5.8584704e+00
  -5.7503533e+00
  -5.6379709e+00
  -5.5117836e+00
  -5.3585167e+00
  -5.2170610e+00
  -5.0322623e+00
  -4.7547455e+00
  -4.4804401e+00
  -4.1780353e+00
  -3.7948089e+00
  -3.4542670e+00
  -3.0966625e+00
  -2.6409712e+00
  -2.2773671e+00
  -1.8554969e+00
  -7.4503881e-01
   9.5327657e-01
   3.4403145e-01
  -1.5904685e+00
  -4.3698353e-01
  -2.6444726e+00
  -3.1046743e+00
  -2.7523866e+00
  -5.2888813e+00
  -5.5772815e+00
  -4.4182796e+00
  -2.7014256e+00
  -1.0772023e+00
  -3.3746415e-01
   3.2106256e-01
   1.3187250e+00
   1.7678728e+00
   2.9563453e+00
   3.0893297e+00
   1.8288004e+00
   8.4507203e-01
   4.9002701e-01
   4.4044083e-01
   4.0659812e-01
  -1.2029345e+00
  -4.3048549e+00
  -2.9311399e+00
  -2.2704685e+00
  -7.2035772e-01
  -2.4486464e-01
   2.5903463e-01
   1.0126628e+00
   1.7747347e+00
   2.6852336e+00
   3.4707050e+00
   3.9384859e+00
   3.6027734e+00
   2.7504163e+00
   1.2820315e+00
   6.4452559e-01
   7.3240224e-01
  -5.5390454e-01
  -1.6126913e+00
  -2.8250859e+00
  -3.7849257e+00
  -4.7189699e+00
  -4.9541652e+00
  -5.0151912e+00
  -5.2763904e+00
  -5.6493738e+00
  -5.8979078e+00
  -6.0716734e+00
  -6.1260200e+00
  -6.1070840e+00
  -6.0295685e+00
  -5.9389387e+00
  -5.8237374e+00
  -5.6736285e+00
  -5.5382746e+00
  -5.3944706e+00
  -5.2174911e+00
  -5.0517731e+00
  -4.8373922e+00
  -4.4987860e+00
  -4.1415373e+00
  -3.7349401e+00
  -3.2276809e+00
  -2.8317294e+00
  -2.5008796e+00
  -2.2411011e+00
  -2.2614540e+00
  -2.3844590e+00
  -1.7411329e+00
   9.5043124e-01
   8.9105236e-01
  -1.8889729e+00
  -9.0809079e-01
  -3.5988333e+00
  -2.4492739e+00
  -2.7301014e+00
  -5.1379240e+00
  -5.2844825e+00
  -4.0066125e+00
  -2.3128187e+00
  -5.1596739e-01
   5.2005596e-01
   1.3458890e+00
   2.3406602e+00
   2.0435036e+00
   3.7084291e+00
   3.8725265e+00
   1.6431536e+00
   7.4481202e-01
   1.8371304e-01
   3.1606118e-01
   3.2445523e-01
  -1.3762679e+00
  -4.4835971e+00
  -2.6972673e+00
  -1.9671139e+00
  -1.5758719e-01
   2.7842974e-01
   6.2680227e-01
   1.3630119e+00
   2.0728058e+00
   2.9008719e+00
   3.5659828e+00
   3.8869584e+00
   3.5178851e+00
   2.6293580e+00
   1.2905061e+00
   8.5796225e-01
   7.0023602e-01
  -4.5085362e-01
  -1.3368104e+00
  -2.5199175e+00
  -3.9530737e+00
  -4.7886567e+00
  -5.1137128e+00
  -5.3893013e+00
  -5.9046497e+00
  -6.3057756e+00
  -6.6138563e+00
  -6.8536992e+00
  -6.9386206e+00
  -6.9268684e+00
  -6.8049059e+00
  -6.6300097e+00
  -6.3914957e+00
  -6.0426283e+00
  -5.7031703e+00
  -5.3404326e+00
  -4.9230118e+00
  -4.5925255e+00
  -4.2456594e+00
  -3.7836013e+00
  -3.3591981e+00
  -2.9190030e+00
  -2.4448261e+00
  -2.1922479e+00
  -2.1269133e+00
  -2.2357287e+00
  -2.5049310e+00
  -3.0896661e+00
  -3.3282175e+00
  -1.1741924e+00
   2.8332359e-01
  -2.4594066e+00
  -4.1319237e+00
  -5.0608749e+00
  -3.2970290e+00
  -5.2554817e+00
  -5.6196017e+00
  -4.9297280e+00
  -3.7311411e+00
  -2.2867243e+00
  -4.3693006e-01
   1.0280038e+00
   2.1129568e+00
   2.0441225e+00
   1.3335568e+00
   1.9438198e+00
   1.9622483e+00
   1.3379438e+00
   6.7260337e-01
   1.2566847e-01
  -7.3206879e-02
   3.8392875e-01
  -1.2818096e+00
  -2.2738340e+00
  -1.2731116e+00
  -4.9099976e-01
   4.7212115e-01
   8.2666492e-01
   9.2873454e-01
   1.6868234e+00
   2.5164616e+00
   3.5579152e+00
   3.9147463e+00
   3.9153755e+00
   3.1208425e+00
   2.1571195e+00
   1.4553318e+00
   8.6000329e-01
   5.8669740e-01
  -6.8591899e-01
  -1.3548628e+00
  -2.5528107e+00
  -3.9939952e+00
  -4.8043289e+00
  -5.2034974e+00
  -5.5927258e+00
  -6.1915340e+00
  -6.6198802e+00
  -6.9564838e+00
  -7.2272167e+00
  -7.3368654e+00
  -7.3512402e+00
  -7.2535839e+00
  -7.0917115e+00
  -6.8574619e+00
  -6.4948735e+00
  -6.1259809e+00
  -5.7095089e+00
  -5.1902976e+00
  -4.7564769e+00
  -4.3073916e+00
  -3.7423816e+00
  -3.2619736e+00
  -2.8017635e+00
  -2.3529255e+00
  -2.1799979e+00
  -2.2380259e+00
  -2.4270270e+00
  -2.4835815e+00
  -2.7792294e+00
  -3.6217561e+00
  -2.3287232e+00
  -2.3537865e-01
  -2.9134464e+00
  -5.3542891e+00
  -6.4588141e+00
  -4.5552526e+00
  -5.9985952e+00
  -5.8637085e+00
  -5.1016812e+00
  -4.0080490e+00
  -2.6770902e+00
  -7.7273947e-01
   9.5722365e-01
   2.4689069e+00
   1.7943354e+00
   1.0463310e+00
   1.4184090e+00
   1.4298275e+00
   1.1530763e+00
   6.6889811e-01
   2.9388547e-02
  -1.2213036e-01
   2.7126718e-01
  -1.1942157e+00
  -1.4919699e+00
  -6.8964958e-01
   2.9949870e-02
   7.6066881e-01
   1.1392156e+00
   1.1434157e+00
   1.8584547e+00
   2.9209483e+00
   3.5179224e+00
   3.7722852e+00
   3.9143443e+00
   2.9848104e+00
   2.2070723e+00
   1.8348573e+00
   7.8567475e-01
   3.3501846e-01
  -1.2698293e+00
  -1.4989735e+00
  -2.7422256e+00
  -4.0267100e+00
  -4.8148989e+00
  -5.3528408e+00
  -5.9264137e+00
  -6.6248376e+00
  -7.1059531e+00
  -7.4867172e+00
  -7.8046867e+00
  -7.9604159e+00
  -8.0327876e+00
  -8.0080258e+00
  -7.9076079e+00
  -7.7289380e+00
  -7.4081258e+00
  -7.0465048e+00
  -6.5863878e+00
  -5.9199266e+00
  -5.3072400e+00
  -4.6699174e+00
  -3.9116223e+00
  -3.3260712e+00
  -2.8318391e+00
  -2.4295738e+00
  -2.3884527e+00
  -2.6345233e+00
  -2.8731424e+00
  -2.3438203e+00
  -1.7972673e+00
  -3.7153113e+00
  -4.2220570e+00
  -1.2144826e+00
  -3.7562432e+00
  -6.9979085e+00
  -9.1627042e+00
  -7.1623345e+00
  -6.7883094e+00
  -6.2519991e+00
  -5.6323127e+00
  -4.7529745e+00
  -3.5930426e+00
  -1.5816446e+00
   6.0473056e-01
   3.0111334e+00
   1.3242734e+00
   6.4249678e-01
   8.5229431e-01
   9.0140017e-01
   8.3694641e-01
   6.8704526e-01
  -1.7263547e-01
  -9.1509228e-02
  -1.2323485e-02
  -1.0258467e+00
  -4.9537117e-01
   1.3735925e-01
   6.9257994e-01
   1.1972964e+00
   1.6617508e+00
   1.5299760e+00
   2.1369643e+00
   3.6956650e+00
   3.1816737e+00
   3.3123444e+00
   3.9014231e+00
   2.8160770e+00
   2.4979836e+00
   1.5998333e+00
   4.8278570e-01
  -7.6174885e-02
  -1.4309135e+00
  -2.5007905e+00
  -3.2637439e+00
  -3.9848011e+00
  -4.7899530e+00
  -5.4025264e+00
  -6.0325874e+00
  -6.7430772e+00
  -7.2226734e+00
  -7.5947857e+00
  -7.9238405e+00
  -8.1027555e+00
  -8.2090430e+00
  -8.2400499e+00
  -8.1968145e+00
  -8.0953965e+00
  -7.8951921e+00
  -7.6507511e+00
  -7.3167338e+00
  -6.7645044e+00
  -6.1654935e+00
  -5.4687513e+00
  -4.5900972e+00
  -3.9107723e+00
  -3.3437266e+00
  -2.8748049e+00
  -2.7549376e+00
  -2.9489765e+00
  -3.2274944e+00
  -2.3531756e+00
   3.5033508e-01
  -1.8774242e+00
  -4.5945625e+00
  -5.1732023e+00
  -6.2821163e+00
  -6.9755497e+00
  -8.6974063e+00
  -7.3334517e+00
  -7.2105808e+00
  -6.9752344e+00
  -6.5010213e+00
  -5.7703528e+00
  -4.7674511e+00
  -2.8752143e+00
  -4.3130547e-01
   2.9924664e+00
   1.3447516e+00
   3.9755413e-01
   4.3430549e-01
   6.1443452e-01
   4.0109444e-01
   5.2961955e-01
  -3.6777171e-01
   4.5379072e-02
   1.6145692e-01
  -5.2153173e-01
  -4.1052249e-01
  -1.3041620e-02
   7.8874938e-01
   1.1456190e+00
   1.9480458e+00
   2.0218045e+00
   2.4418647e+00
   2.9417931e+00
   2.3399836e+00
   2.4788384e+00
   3.4168102e+00
   2.7955939e+00
   2.7219181e+00
   1.3576721e+00
   3.6756796e-01
  -3.4055041e-01
  -1.5769093e+00
  -2.8108902e+00
  -3.4048050e+00
  -3.9509628e+00
  -4.7476158e+00
  -5.3845700e+00
  -6.0305886e+00
  -6.7409286e+00
  -7.2171708e+00
  -7.5831919e+00
  -7.9147449e+00
  -8.1061563e+00
  -8.2313881e+00
  -8.2911434e+00
  -8.2733984e+00
  -8.2043247e+00
  -8.0538349e+00
  -7.8592882e+00
  -7.5849419e+00
  -7.1047854e+00
  -6.5464212e+00
  -5.8598480e+00
  -4.9552250e+00
  -4.2402978e+00
  -3.6345479e+00
  -3.1044769e+00
  -2.8757731e+00
  -2.9748876e+00
  -3.4015243e+00
  -2.8058847e+00
   7.1148682e-01
  -1.3756033e+00
  -4.6033520e+00
  -6.8382602e+00
  -7.7131572e+00
  -7.2372313e+00
  -8.3176680e+00
  -7.4346323e+00
  -7.3798705e+00
  -7.2397408e+00
  -6.8300076e+00
  -6.1802480e+00
  -5.2759280e+00
  -3.5137630e+00
  -1.0548701e+00
   2.6169760e+00
   1.3025362e+00
   2.6218101e-01
   1.7337227e-01
   4.0238249e-01
   2.1915844e-01
   3.9969930e-01
  -4.3131703e-01
   2.1408976e-02
   1.2247396e-01
  -3.1934789e-01
  -3.6137729e-01
  -5.8771618e-02
   9.0377569e-01
   1.2903770e+00
   2.2150242e+00
   2.3408639e+00
   2.6418585e+00
   2.5668049e+00
   1.8923321e+00
   2.0200453e+00
   3.0977502e+00
   2.7046051e+00
   2.4846091e+00
   7.3667675e-01
   3.1608562e-01
  -8.2108426e-01
  -1.9265366e+00
  -2.7111553e+00
  -3.2754118e+00
  -3.8757674e+00
  -4.6184291e+00
  -5.2528258e+00
  -5.8874076e+00
  -6.5817720e+00
  -7.0471977e+00
  -7.4010978e+00
  -7.7279940e+00
  -7.9373352e+00
  -8.0913166e+00
  -8.1892102e+00
  -8.1954027e+00
  -8.1507077e+00
  -8.0353103e+00
  -7.8809151e+00
  -7.6725133e+00
  -7.3206318e+00
  -6.8994194e+00
  -6.3273970e+00
  -5.4776847e+00
  -4.7470830e+00
  -4.0870951e+00
  -3.4095458e+00
  -2.8674175e+00
  -2.6719098e+00
  -3.6109926e+00
  -4.5159005e+00
  -6.5715235e-01
  -1.8136954e+00
  -4.1611191e+00
  -8.1165883e+00
  -9.9310077e+00
  -8.2611313e+00
  -7.4674162e+00
  -7.6009856e+00
  -7.4845832e+00
  -7.3223151e+00
  -6.9720791e+00
  -6.4402339e+00
  -5.7103700e+00
  -4.2907962e+00
  -2.1037625e+00
   1.2125665e+00
   1.1158132e+00
   6.0040340e-02
  -2.8539058e-01
  -3.7759712e-02
   8.3685477e-02
   1.0654631e-01
  -4.2384708e-01
  -2.4456295e-01
  -2.4771081e-01
  -1.9428121e-01
  -2.8279059e-01
  -4.0662037e-02
   1.2184969e+00
   1.9069783e+00
   2.8649443e+00
   2.9264312e+00
   3.0132331e+00
   2.1031115e+00
   1.2643902e+00
   1.3392754e+00
   2.5029647e+00
   2.3846690e+00
   1.2960107e+00
   5.6017929e-01
   6.7648724e-02
  -1.2267083e+00
  -2.1631174e+00
  -2.7657642e+00
  -3.2454391e+00
  -3.7638752e+00
  -4.4122229e+00
  -4.9888377e+00
  -5.5745435e+00
  -6.2526631e+00
  -6.7168713e+00
  -7.0693374e+00
  -7.3918095e+00
  -7.6041303e+00
  -7.7759395e+00
  -7.9116335e+00
  -7.9451962e+00
  -7.9296927e+00
  -7.8441911e+00
  -7.7162771e+00
  -7.5432272e+00
  -7.2530117e+00
  -6.9073153e+00
  -6.4398012e+00
  -5.6984420e+00
  -4.9743080e+00
  -4.2420869e+00
  -3.3530180e+00
  -2.5231657e+00
  -1.7133093e+00
  -8.1560689e-01
  -2.1569951e+00
  -1.2198579e+00
  -2.3073668e+00
  -4.2304049e+00
  -7.8068571e+00
  -8.9347258e+00
  -7.8858099e+00
  -7.2596030e+00
  -7.2880735e+00
  -7.1648459e+00
  -7.0664320e+00
  -6.8378835e+00
  -6.4482460e+00
  -5.8804960e+00
  -4.6803479e+00
  -2.7383213e+00
   2.9852620e-01
  -7.3072910e-02
  -5.6931543e-01
  -6.2034512e-01
  -2.3469520e-01
   1.0448962e-02
  -6.4467721e-02
  -5.2896255e-01
  -5.2331209e-01
  -5.7848710e-01
  -3.9155233e-01
  -2.9172599e-03
   6.3037932e-01
   1.4843096e+00
   1.9512568e+00
   3.1323106e+00
   3.4667311e+00
   3.1887262e+00
   2.1011829e+00
   1.1761370e+00
   1.1543338e+00
   1.9528604e+00
   2.0944247e+00
   8.2373190e-01
   4.9129716e-01
  -1.3038975e-01
  -1.5389338e+00
  -2.3520751e+00
  -2.7915950e+00
  -3.2090579e+00
  -3.6707723e+00
  -4.2413960e+00
  -4.7640881e+00
  -5.3068442e+00
  -5.9679570e+00
  -6.4353086e+00
  -6.7932024e+00
  -7.1178880e+00
  -7.3320962e+00
  -7.5110679e+00
  -7.6629009e+00
  -7.7122832e+00
  -7.7160664e+00
  -7.6525612e+00
  -7.5456610e+00
  -7.4009600e+00
  -7.1535206e+00
  -6.8572575e+00
  -6.4562817e+00
  -5.7856421e+00
  -5.0684875e+00
  -4.2849774e+00
  -3.2379339e+00
  -2.2353449e+00
  -1.0458733e+00
   4.7044009e-01
  -1.0789102e+00
  -1.6638081e+00
  -3.5111973e+00
  -4.6259188e+00
  -7.4488120e+00
  -8.1705961e+00
  -7.4943185e+00
  -7.0150042e+00
  -7.0054379e+00
  -6.9006106e+00
  -6.8456192e+00
  -6.6985221e+00
  -6.4092319e+00
  -5.9558969e+00
  -4.9193063e+00
  -3.1728910e+00
  -3.7570673e-01
  -8.4810174e-01
  -8.9584197e-01
  -8.2821673e-01
  -3.4616750e-01
  -4.2222778e-02
  -2.4743508e-01
  -7.2913659e-01
  -7.2633532e-01
  -7.7146953e-01
  -5.2327353e-01
   2.3657251e-01
   1.1934032e+00
   1.6512733e+00
   1.9360757e+00
   3.1195269e+00
   3.7644908e+00
   3.3630570e+00
   2.0258930e+00
   1.1833426e+00
   9.7216982e-01
   1.4466456e+00
   1.6535983e+00
   5.7088011e-01
   5.5379365e-01
  -5.2029310e-01
  -2.1229949e+00
  -2.7251200e+00
  -2.7936182e+00
  -3.1029742e+00
  -3.4766815e+00
  -3.8872653e+00
  -4.2821026e+00
  -4.7292898e+00
  -5.3457314e+00
  -5.8306226e+00
  -6.2173219e+00
  -6.5622037e+00
  -6.7787833e+00
  -6.9524036e+00
  -7.0974165e+00
  -7.1613932e+00
  -7.1921584e+00
  -7.1668982e+00
  -7.1011111e+00
  -7.0126895e+00
  -6.8318695e+00
  -6.6032360e+00
  -6.2869923e+00
  -5.7124111e+00
  -5.0140292e+00
  -4.1468940e+00
  -2.8181685e+00
  -1.6316940e+00
   1.4121893e-03
   4.0290916e-01
  -1.1697197e+00
  -2.5251670e+00
  -8.1168243e+00
  -6.3433987e+00
  -6.4372449e+00
  -6.7490372e+00
  -6.4688767e+00
  -6.3156387e+00
  -6.3573754e+00
  -6.3545519e+00
  -6.3644187e+00
  -6.3347849e+00
  -6.2071660e+00
  -5.9382223e+00
  -5.1923271e+00
  -3.8318867e+00
  -1.5531210e+00
  -1.8976127e+00
  -1.0554887e+00
  -1.0743415e+00
  -4.4007607e-01
  -1.3017747e-01
  -7.3635330e-01
  -1.4443239e+00
  -1.0731440e+00
  -9.5639220e-01
  -7.1217362e-01
   7.5330988e-01
   2.3794547e+00
   1.8560535e+00
   1.7669297e+00
   2.4711049e+00
   3.9839863e+00
   3.8012944e+00
   1.6741874e+00
   1.4114913e+00
   5.1767773e-01
   2.6320742e-01
   2.0781699e-01
   4.1410320e-01
   7.9489424e-01
  -6.4635883e-01
  -1.7992329e+00
  -2.9720432e+00
  -2.7946629e+00
  -2.9894906e+00
  -3.2214678e+00
  -3.4945160e+00
  -3.7670946e+00
  -4.1187787e+00
  -4.6495604e+00
  -5.1138095e+00
  -5.5285800e+00
  -5.9189341e+00
  -6.1560275e+00
  -6.3364265e+00
  -6.4866869e+00
  -6.5533263e+00
  -6.5813352e+00
  -6.5626137e+00
  -6.5159962e+00
  -6.4599907e+00
  -6.3364064e+00
  -6.1557133e+00
  -5.8759968e+00
  -5.3250316e+00
  -4.6142797e+00
  -3.6847911e+00
  -2.1306236e+00
  -6.9847432e-01
   5.8329945e-01
  -3.2379790e-01
  -1.5164173e+00
  -3.9134641e+00
  -6.8732940e+00
  -5.5382321e+00
  -5.5519174e+00
  -5.8109944e+00
  -5.7246731e+00
  -5.6379240e+00
  -5.6627238e+00
  -5.6969025e+00
  -5.7529376e+00
  -5.8087070e+00
  -5.7797478e+00
  -5.6246284e+00
  -5.0903548e+00
  -4.0619974e+00
  -2.1714110e+00
  -1.3218782e+00
  -2.9098066e-01
  -3.7376608e-01
  -1.3501696e-01
  -5.3916049e-01
  -1.2670804e+00
  -1.7255650e+00
  -1.4021974e+00
  -1.3782348e+00
  -8.3789887e-01
   5.1300597e-01
   1.8781375e+00
   1.3605613e+00
   1.0853910e+00
   1.4313826e+00
   3.2948538e+00
   2.8101074e+00
   1.2164173e+00
   1.0413949e+00
   4.0495343e-01
  -1.5646654e-01
  -1.1776578e-01
   5.9874843e-01
   9.9672687e-01
  -7.2830836e-01
  -1.4226914e+00
  -2.6135658e+00
  -2.7471859e+00
  -2.8536765e+00
  -2.9745228e+00
  -3.1311750e+00
  -3.3112568e+00
  -3.5861878e+00
  -4.0375311e+00
  -4.4724572e+00
  -4.8963383e+00
  -5.3169764e+00
  -5.5777272e+00
  -5.7724594e+00
  -5.9343699e+00
  -6.0114435e+00
  -6.0458773e+00
  -6.0350984e+00
  -6.0020260e+00
  -5.9658693e+00
  -5.8793071e+00
  -5.7346777e+00
  -5.4826091e+00
  -4.9388307e+00
  -4.2013161e+00
  -3.2071294e+00
  -1.5574276e+00
  -7.5473410e-02
   8.1635516e-01
  -7.7862798e-01
  -2.1001543e+00
  -4.5889142e+00
  -5.9199609e+00
  -4.8365734e+00
  -4.8063844e+00
  -5.0438011e+00
  -5.0685752e+00
  -5.0323203e+00
  -5.0533531e+00
  -5.1051663e+00
  -5.1924403e+00
  -5.3103631e+00
  -5.3543213e+00
  -5.2879890e+00
  -4.9046834e+00
  -4.1082819e+00
  -2.4571120e+00
  -8.3699875e-01
   4.1567751e-01
   2.3677047e-01
   2.8822845e-02
  -6.8808160e-01
  -1.5295378e+00
  -1.9073619e+00
  -1.6026541e+00
  -1.5537835e+00
  -6.9424121e-01
   5.6122205e-01
   1.5897648e+00
   9.6092033e-01
   5.6001190e-01
   8.4749096e-01
   2.4045495e+00
   2.0382789e+00
   1.1098395e+00
   8.6540370e-01
   4.2687168e-01
  -2.7864148e-01
  -1.9777654e-01
   6.7855100e-01
   1.3169942e+00
  -8.1378186e-01
  -6.2582783e-01
  -9.7678081e-01
  -2.5804843e+00
  -2.5610460e+00
  -2.5197537e+00
  -2.4893247e+00
  -2.5412470e+00
  -2.7004214e+00
  -3.0111074e+00
  -3.3767479e+00
  -3.7878966e+00
  -4.2418867e+00
  -4.5524288e+00
  -4.7862661e+00
  -4.9803766e+00
  -5.0895122e+00
  -5.1506426e+00
  -5.1571299e+00
  -5.1408227e+00
  -5.1223925e+00
  -5.0739959e+00
  -4.9788992e+00
  -4.7651692e+00
  -4.2090182e+00
  -3.3980321e+00
  -2.2775661e+00
  -6.5235857e-01
   6.1412171e-01
   7.0610237e-01
  -1.2102653e+00
  -3.5810236e+00
  -4.7409902e+00
  -4.5728662e+00
  -3.6709767e+00
  -3.6150649e+00
  -3.8605720e+00
  -3.9649348e+00
  -3.9990427e+00
  -4.0337695e+00
  -4.0883561e+00
  -4.2112000e+00
  -4.4101003e+00
  -4.5514797e+00
  -4.6137564e+00
  -4.4205234e+00
  -3.9051879e+00
  -2.4722901e+00
  -6.2088216e-02
   1.6629665e+00
   1.2510356e+00
   1.1584195e-01
  -5.5884910e-01
  -1.6024219e+00
  -2.0944823e+00
  -1.7790119e+00
  -1.4967764e+00
   4.0395165e-03
   1.1089554e+00
   1.3802680e+00
   3.5540072e-01
  -1.8832780e-01
   4.6232167e-01
   3.9960979e-01
   9.2299893e-01
   1.4634443e+00
   8.3901865e-01
   6.8137675e-01
  -3.9518518e-02
   3.9089165e-02
   6.6389827e-01
   1.4213856e+00
  -6.6491932e-01
  -2.6081085e-01
  -5.4373622e-01
  -1.4903984e+00
  -2.0859809e+00
  -1.9813176e+00
  -1.7142205e+00
  -1.6237539e+00
  -1.6525731e+00
  -1.8539848e+00
  -2.1435509e+00
  -2.4867325e+00
  -2.9129162e+00
  -3.2346978e+00
  -3.4943666e+00
  -3.7293453e+00
  -3.8699498e+00
  -3.9652722e+00
  -4.0179000e+00
  -4.0347033e+00
  -4.0403872e+00
  -4.0298052e+00
  -3.9769161e+00
  -3.8075380e+00
  -3.2613468e+00
  -2.3435402e+00
  -1.0953013e+00
   2.8563857e-01
   4.9548602e-01
  -2.5244433e-01
  -1.8193681e+00
  -3.2708108e+00
  -3.3752732e+00
  -2.5764389e+00
  -1.8715479e+00
  -2.1694691e+00
  -2.5188537e+00
  -2.6334536e+00
  -2.7492917e+00
  -2.8767438e+00
  -2.9762135e+00
  -3.1184015e+00
  -3.3460021e+00
  -3.5393543e+00
  -3.6833866e+00
  -3.6354415e+00
  -3.3006263e+00
  -2.2207294e+00
   7.3483866e-01
   2.5905163e+00
   1.9430529e+00
   7.0449817e-01
  -2.9959863e-01
  -1.8957481e+00
  -2.1818044e+00
  -1.4320657e+00
  -7.8094172e-01
   3.6315495e-01
   1.0124090e+00
   1.5392835e+00
   1.0410339e+00
   5.8125091e-01
   4.7526312e-01
   3.1788734e-01
   1.0852664e+00
   1.5845983e+00
   1.3522924e+00
   7.7682841e-01
  -2.6324026e-02
  -1.1054613e-01
   9.5333022e-01
   1.3649170e+00
  -7.4179715e-01
  -3.6534734e-01
  -5.4855919e-01
  -1.1069435e+00
  -1.9991344e+00
  -1.7120812e+00
  -1.3172545e+00
  -1.0884128e+00
  -9.7018796e-01
  -1.0487859e+00
  -1.2573132e+00
  -1.5300254e+00
  -1.9098991e+00
  -2.2206971e+00
  -2.4810052e+00
  -2.7283432e+00
  -2.8806909e+00
  -2.9863501e+00
  -3.0606165e+00
  -3.1008619e+00
  -3.1295056e+00
  -3.1486380e+00
  -3.1263271e+00
  -2.9917731e+00
  -2.4604797e+00
  -1.4725872e+00
  -2.1090366e-01
   9.5350206e-01
   5.0823599e-01
  -7.0503181e-01
  -2.3111484e+00
  -2.7286166e+00
  -2.0846841e+00
  -1.3911161e+00
  -8.9546849e-01
  -1.1210148e+00
  -1.4722370e+00
  -1.6330129e+00
  -1.8171436e+00
  -2.0124195e+00
  -2.1523843e+00
  -2.3097584e+00
  -2.5431142e+00
  -2.7639445e+00
  -2.9553676e+00
  -2.9882400e+00
  -2.7112028e+00
  -1.8283064e+00
   1.0837224e+00
   2.6354729e+00
   1.6807249e+00
   7.2207195e-01
  -5.8234756e-01
  -2.1538682e+00
  -1.9280856e+00
  -1.0892746e+00
  -2.4596573e-01
   5.5767494e-01
   1.2009959e+00
   1.7110242e+00
   1.3663740e+00
   6.8645934e-01
   9.6895450e-01
   3.7707639e-01
   6.4369438e-01
   1.3152965e+00
   1.1036565e+00
   6.9670943e-01
   1.9787177e-02
  -4.5662485e-02
   1.1997764e+00
   1.2245911e+00
  -9.3587673e-01
  -7.0250481e-01
  -7.5162071e-01
  -9.6451336e-01
  -2.0696743e+00
  -1.5098317e+00
  -1.0105976e+00
  -6.1728573e-01
  -3.1484669e-01
  -2.3976576e-01
  -3.4867632e-01
  -5.3558141e-01
  -8.5147071e-01
  -1.1390593e+00
  -1.3887850e+00
  -1.6381309e+00
  -1.7957036e+00
  -1.9030356e+00
  -1.9922659e+00
  -2.0563250e+00
  -2.1120386e+00
  -2.1632283e+00
  -2.1724222e+00
  -2.0754213e+00
  -1.5642561e+00
  -5.0869375e-01
   7.1763867e-01
   1.6343404e+00
   5.8274823e-01
  -1.0209408e+00
  -2.8492398e+00
  -1.9725778e+00
  -5.6769431e-01
  -3.3218771e-01
  -9.3494646e-02
  -4.0058017e-02
  -3.4751809e-01
  -5.7997292e-01
  -8.4011251e-01
  -1.1056708e+00
  -1.2923193e+00
  -1.4660681e+00
  -1.6960032e+00
  -1.9388177e+00
  -2.1717050e+00
  -2.2726471e+00
  -2.0097418e+00
  -1.2932907e+00
   1.3011074e+00
   2.2918727e+00
   9.3555045e-01
   4.8590791e-01
  -1.1662921e+00
  -2.4481773e+00
  -1.4695598e+00
  -6.7923158e-01
   3.1540868e-01
   7.1726692e-01
   1.5560684e+00
   1.9231287e+00
   1.5950007e+00
   5.1357365e-01
   1.7787839e+00
   5.1168364e-01
  -1.5895936e-01
   8.1578332e-01
   4.6163070e-01
   5.2133703e-01
   9.0026155e-02
   1.2894903e-01
   1.4765526e+00
   1.7082230e+00
  -1.0929369e+00
  -9.5086054e-01
  -9.6780578e-01
  -1.5817520e+00
  -2.4724417e+00
  -1.8002670e+00
  -1.1932470e+00
  -3.0948052e-01
   2.9010641e-01
   6.5295130e-01
   7.6113932e-01
   7.6423747e-01
   6.4063127e-01
   4.5954285e-01
   2.5706676e-01
   2.9532591e-02
  -1.1741062e-01
  -2.0171910e-01
  -2.5589867e-01
  -3.1236111e-01
  -3.9404367e-01
  -5.0409358e-01
  -5.6811103e-01
  -5.3447854e-01
  -6.6954905e-02
   9.1763206e-01
   2.1447305e+00
   1.4440762e+00
   2.5864899e-02
  -1.3586784e+00
  -1.4790820e+00
  -6.7251490e-01
  -1.0026603e-01
   1.6399796e-01
   3.6350157e-01
   1.3199339e+00
   1.2276906e+00
   8.0252113e-01
   5.4256118e-01
   2.6973190e-01
   4.7782807e-02
  -1.4853784e-01
  -3.6639264e-01
  -6.1237065e-01
  -8.8223238e-01
  -1.1174541e+00
  -1.0752389e+00
  -6.0459051e-01
  -9.9459941e-02
   6.6347462e-01
   9.9408235e-01
   1.1213766e-01
  -2.6458237e+00
  -3.0636930e+00
  -1.1075742e+00
   2.6763985e-01
   1.4361216e+00
   1.1816036e+00
   1.8283706e+00
   2.4800646e+00
   5.2255418e-01
   1.2898875e+00
   2.0599231e+00
   5.0795361e-01
  -4.6622722e-01
  -4.2165754e-01
  -2.7361149e-01
   6.8249927e-01
   1.0374034e+00
   7.0229510e-01
   1.6618444e+00
   1.4419577e+00
   2.3911756e-01
  -7.8595865e-01
  -9.2231190e-01
  -1.5834188e+00
  -1.8269460e+00
  -1.1016912e+00
  -4.3908414e-01
   1.1190359e-01
   5.7406801e-01
   9.6201181e-01
   1.1632581e+00
   1.2806150e+00
   1.3061162e+00
   1.2328949e+00
   1.1174247e+00
   9.5160019e-01
   8.2850450e-01
   7.6077342e-01
   7.3508430e-01
   7.0493788e-01
   6.3320655e-01
   5.1243126e-01
   4.0937176e-01
   3.7267253e-01
   7.8334808e-01
   1.4962106e+00
   2.0002418e+00
   4.9132353e-01
  -2.2369769e-01
  -1.1533688e+00
  -1.0101323e+00
  -2.4549922e-01
   6.3093916e-02
   3.1636643e-01
   5.8546722e-01
   1.0014646e+00
   1.6170026e+00
   1.3527846e+00
   1.2047908e+00
   1.0119429e+00
   8.1421059e-01
   6.3229430e-01
   4.4051772e-01
   2.1462891e-01
  -5.8020346e-02
  -3.4111091e-01
  -3.9443171e-01
  -1.1016312e-01
  -2.7365920e-01
   4.6854603e-01
   6.5031713e-01
   1.4049815e-01
  -1.1603078e+00
  -1.7586199e+00
  -1.2097877e-01
   1.1916015e+00
   2.2052975e+00
   1.8381817e+00
   2.2988441e+00
   1.9109159e+00
  -5.4210818e-01
   1.6594722e+00
   1.1994476e+00
  -2.4306886e-02
  -1.6988443e-01
   4.7102943e-03
  -6.3017190e-01
   8.7275898e-01
   1.4180090e+00
   7.5531358e-01
   1.6946955e+00
   1.5914698e+00
   7.0987821e-01
  -5.8035666e-01
  -8.3921808e-01
  -1.4520580e+00
  -1.2967969e+00
  -5.4197747e-01
   1.3885343e-01
   5.3039646e-01
   8.4498173e-01
   1.1753529e+00
   1.4321688e+00
   1.6698368e+00
   1.8507046e+00
   1.8803560e+00
   1.8526531e+00
   1.7749983e+00
   1.6974521e+00
   1.6588436e+00
   1.6665156e+00
   1.6653543e+00
   1.6136880e+00
   1.4962485e+00
   1.3541520e+00
   1.2271341e+00
   1.5275955e+00
   2.0584097e+00
   1.5295529e+00
   2.5387910e-01
  -2.0802243e-01
  -7.4536908e-01
  -5.5025601e-01
  -2.8419066e-02
   2.1490420e-01
   4.9732143e-01
   7.8280544e-01
   9.4842172e-01
   1.7241745e+00
   1.7948564e+00
   1.7746279e+00
   1.6623750e+00
   1.5013987e+00
   1.3537366e+00
   1.2213165e+00
   1.0241108e+00
   7.5421536e-01
   4.2922950e-01
   2.7446401e-01
   4.0454334e-01
   2.0893192e-01
   5.8166027e-01
   5.0664467e-01
   2.3959889e-01
   4.8557837e-02
  -2.6523015e-01
   7.9816568e-01
   1.5830836e+00
   1.9209815e+00
   1.3876375e+00
   1.8077171e+00
   5.7915813e-01
  -7.1554732e-01
   1.3968377e+00
   8.1162483e-02
  -2.6189661e-01
   4.6041727e-02
   2.3410544e-01
  -4.9504665e-01
   7.0532662e-01
   1.6392016e+00
   5.7458806e-01
   1.6341467e+00
   2.1768861e+00
   2.5770870e-01
  -3.0001429e-01
  -7.2183239e-01
  -1.1891134e+00
  -8.7667370e-01
  -1.8027483e-01
   5.1780909e-01
   9.2963594e-01
   1.0569925e+00
   1.2294626e+00
   1.5085796e+00
   1.8790387e+00
   2.2168798e+00
   2.3476510e+00
   2.4145529e+00
   2.4491110e+00
   2.4475806e+00
   2.4596107e+00
   2.5031910e+00
   2.5370250e+00
   2.5171654e+00
   2.4083939e+00
   2.2303209e+00
   2.0000050e+00
   2.1043196e+00
   2.4739068e+00
   8.0138254e-01
   7.3833799e-01
   8.0780253e-02
  -1.6415410e-01
  -1.2202845e-01
  -2.3394840e-02
   3.4582701e-01
   6.6554177e-01
   9.2918533e-01
   1.1330380e+00
   1.4761550e+00
   2.0500948e+00
   2.1866417e+00
   2.1625519e+00
   2.0629885e+00
   1.9853395e+00
   1.9490013e+00
   1.7946938e+00
   1.5354141e+00
   1.1746665e+00
   9.1560781e-01
   9.2002571e-01
   1.2521609e+00
   9.1062546e-01
   5.5167305e-01
   3.6997551e-01
   1.0004009e+00
   1.4150023e+00
   1.5872142e+00
   1.2721819e+00
   5.0530541e-01
  -9.7020261e-02
   3.5377580e-01
  -1.2788428e+00
  -8.2661428e-02
   4.3592572e-01
  -1.1282618e+00
  -2.7078629e-01
   6.9827609e-02
   2.6100722e-01
   2.3849724e-01
   2.4116388e-01
   1.5649382e+00
   2.4453767e-01
   1.5467869e+00
   2.7478776e+00
  -1.5817438e-01
   3.4340059e-01
  -6.3808808e-01
  -9.8656880e-01
  -1.9729228e-01
  -1.7067955e-01
   9.2936687e-01
   1.2783779e+00
   8.9670336e-01
   7.7280671e-01
   1.1526999e+00
   1.7466057e+00
   2.2322267e+00
   2.5256305e+00
   2.7690907e+00
   2.8990178e+00
   3.0583008e+00
   3.2090529e+00
   3.2714297e+00
   3.3789749e+00
   3.4060126e+00
   3.2125541e+00
   3.0183946e+00
   2.7422613e+00
   2.3341941e+00
   1.7649838e+00
   8.2298325e-01
   7.9445113e-01
   2.9110544e-01
   1.1101243e-01
   2.0913171e-01
   1.4373006e-01
   4.3134947e-01
   4.5756010e-01
   8.8295000e-01
   8.7103545e-01
   7.0863495e-01
   1.7127742e+00
   2.1594369e+00
   2.3123370e+00
   2.3951599e+00
   2.5406782e+00
   2.6295947e+00
   2.5756462e+00
   2.3471425e+00
   1.9377434e+00
   1.5817198e+00
   1.3651150e+00
   1.0797910e+00
   1.7754916e-01
   3.2684814e-01
   9.5738839e-02
   2.6252578e+00
   3.3541916e+00
   2.0398876e+00
  -2.8477320e-01
  -1.1132580e+00
  -3.1337759e-01
  -6.5919511e-01
  -7.0031879e-01
  -8.6631196e-01
  -8.6042169e-01
  -8.3494960e-01
  -1.1670027e+00
  -8.9924561e-01
   4.1198307e-01
   1.7587287e+00
   5.4818272e-01
   3.0798198e-01
   8.3783444e-01
   2.1541200e+00
   1.9708042e+00
   1.0021185e+00
   9.7996676e-01
  -2.7491003e-01
  -5.5033910e-01
   2.8254789e-01
   3.8994974e-01
   4.5182565e-01
   1.2279367e+00
   9.2331100e-01
   7.9545939e-01
   1.1999243e+00
   1.7575886e+00
   2.2931080e+00
   2.6142807e+00
   2.9059842e+00
   3.1504748e+00
   3.3346262e+00
   3.5498960e+00
   3.7030954e+00
   3.8130288e+00
   3.8002913e+00
   3.6720743e+00
   3.4151015e+00
   3.0152075e+00
   2.4699426e+00
   1.1554374e+00
   7.0242286e-01
   6.4793438e-01
   3.1887645e-01
   7.2252519e-02
   5.5878311e-01
   2.0187022e-01
   1.8297949e-01
   2.5822014e-01
   6.5558803e-01
   9.4158000e-01
   5.9875590e-01
   1.2146881e+00
   1.9400432e+00
   2.2715690e+00
   2.3925171e+00
   2.6991582e+00
   3.0392847e+00
   3.0505457e+00
   2.9247835e+00
   2.4139214e+00
   2.0111370e+00
   1.5925856e+00
   4.5033437e-01
  -9.4128981e-02
   2.7836648e-01
   1.2954956e+00
   2.5981445e+00
   1.8805718e+00
  -3.1655505e-01
  -6.1593652e-01
  -6.5077055e-01
  -6.4789958e-02
   5.7628740e-02
  -4.6884856e-01
  -1.3789362e+00
  -3.1624618e+00
  -4.1500597e+00
  -2.5768902e+00
  -6.6278428e-01
   6.8621284e-01
   1.6052307e+00
   1.0098529e+00
   1.5940244e+00
   2.0474706e+00
   2.3944907e+00
   1.3985182e+00
   1.6882677e+00
   1.1518657e+00
   7.8380331e-02
  -8.8458151e-02
   4.1844651e-01
   8.1295379e-02
   5.0541490e-01
   5.2171493e-01
   7.8331989e-01
   8.7398750e-01
   1.3660738e+00
   1.7672932e+00
   2.2789440e+00
   2.5338736e+00
   2.8144834e+00
   3.0857096e+00
   3.3032262e+00
   3.5837281e+00
   3.7758369e+00
   3.9006317e+00
   3.9039257e+00
   3.7806900e+00
   3.5066981e+00
   3.0726786e+00
   2.4120846e+00
   1.0841386e+00
   8.6767948e-01
   3.3920202e-01
   3.4135687e-01
   5.3171831e-01
   5.8359951e-01
   7.9073429e-02
   2.5615890e-02
   5.5989090e-02
   7.1992826e-01
   1.1966131e+00
   9.6816486e-01
   7.7602607e-01
   1.3323714e+00
   2.1405282e+00
   2.2549515e+00
   2.7132590e+00
   3.0923343e+00
   3.3433657e+00
   3.1685174e+00
   2.8775549e+00
   2.2811875e+00
   1.5952139e+00
   5.5370670e-02
  -3.2323249e-02
   4.7334233e-01
   1.0409619e+00
   1.1907518e+00
   1.1904100e-01
  -8.2989931e-01
  -9.3127690e-02
  -5.0745523e-01
  -6.7920005e-01
  -2.9092855e-03
  -5.6465614e-01
  -1.3333991e+00
  -3.4119616e+00
  -3.4967380e+00
  -1.5157813e+00
   2.5749794e-01
  -1.1849712e-01
   1.6943002e+00
   2.9262295e+00
   2.1117058e+00
   1.1634207e+00
   2.2162924e+00
   9.2905951e-01
   1.5946826e+00
   1.2478118e+00
   6.5407658e-01
   1.6850205e-01
   3.9390361e-01
   3.4834820e-01
   1.1235192e+00
   4.1216171e-01
   7.1702445e-01
   8.2010186e-01
   1.1907988e+00
   1.4923351e+00
   1.9640276e+00
   2.1144004e+00
   2.3969333e+00
   2.6697397e+00
   2.9966373e+00
   3.2931471e+00
   3.6040394e+00
   3.7130108e+00
   3.7897172e+00
   3.5980377e+00
   3.3511353e+00
   2.9121809e+00
   2.3513236e+00
   1.1550536e+00
   7.5360459e-01
   2.2953328e-01
   4.9648955e-01
   6.6452599e-01
   2.0335238e-01
  -1.5524912e-01
  -3.0454728e-01
   2.1758351e-01
   7.9344594e-01
   1.1211612e+00
   1.2363847e+00
   8.5811281e-01
   1.0033255e+00
   1.5453264e+00
   1.9304456e+00
   2.6588523e+00
   3.1686635e+00
   3.5124202e+00
   3.3899422e+00
   3.1301305e+00
   2.5197096e+00
   1.7382280e+00
   3.4008414e-01
   4.4847402e-01
   6.6033471e-01
   5.9889054e-01
  -1.2911779e-01
  -1.3843101e+00
  -1.6392231e-02
   2.0131491e-01
  -4.8937777e-01
  -1.8317339e+00
  -1.5356532e+00
  -1.7563002e+00
  -1.9865774e+00
  -2.6535323e+00
  -2.1761382e+00
  -7.0881647e-01
   2.6509844e-02
  -9.0175831e-01
   2.3581116e+00
   2.9866657e+00
   1.6400383e+00
   9.0817320e-01
   1.4930851e+00
   7.4405384e-01
   1.1587331e+00
   1.4081214e+00
   1.1260231e+00
   4.3440366e-01
   4.4486070e-01
   5.9593123e-01
   1.5269110e+00
   1.0826155e+00
   4.9316674e-01
   6.2300521e-01
   5.9896295e-01
   9.0544021e-01
   1.2225541e+00
   1.2806663e+00
   1.5152473e+00
   1.8530810e+00
   2.2809617e+00
   2.6594107e+00
   3.0851552e+00
   3.2457004e+00
   3.3789954e+00
   3.1284926e+00
   2.9116773e+00
   2.4536123e+00
   2.0615633e+00
   9.3930680e-01
   3.9318514e-01
   2.1753789e-01
   6.7876438e-01
   4.0204632e-01
  -4.1682097e-01
  -3.9241637e-01
  -3.2039323e-01
   4.5573372e-01
   5.8967619e-01
   8.6255449e-01
   1.1852219e+00
   1.2817462e+00
   1.0998706e+00
   9.8851031e-01
   1.7467825e+00
   2.6741271e+00
   3.2644374e+00
   3.5773192e+00
   3.5568473e+00
   3.2122316e+00
   2.7021593e+00
   1.9864495e+00
   9.9744838e-01
   8.1478467e-01
   4.9066159e-01
   3.0196190e-01
  -7.7493015e-01
  -6.2238526e-01
   1.2544444e+00
   2.3319330e-01
  -4.3611202e-01
  -2.3345227e+00
  -2.7475902e+00
  -2.8385582e+00
  -2.0991223e+00
  -1.5674319e+00
  -1.1048257e+00
  -4.1908386e-01
  -3.9461116e-01
  -4.3318757e-01
   2.3325508e+00
   1.7197949e+00
   1.0038941e+00
   6.7498940e-01
   8.8315035e-01
   7.5149846e-01
   7.6179874e-01
   1.4436901e+00
   1.2385964e+00
   6.4555907e-01
   4.7860223e-01
   2.1843852e-01
   1.5235674e+00
   1.6063775e+00
   4.5725334e-01
   3.8606551e-01
   1.7890636e-02
   9.7746648e-02
   8.6924076e-02
   3.5975094e-02
   2.7247566e-01
   6.9101381e-01
   1.1523682e+00
   1.6924497e+00
   2.1327486e+00
   2.4948749e+00
   2.5894792e+00
   2.4735031e+00
   2.1480954e+00
   1.8704188e+00
   1.2134361e+00
   2.2239367e-01
   2.0726170e-02
   4.0302271e-01
   8.4514054e-01
  -4.1305792e-02
  -8.1129175e-01
  -5.6712418e-01
  -1.6550602e-01
   3.1527269e-01
   3.4941547e-01
   7.0614958e-01
   9.4320136e-01
   1.3330662e+00
   1.2324737e+00
   1.0063264e+00
   1.8468880e+00
   2.8054707e+00
   3.2140546e+00
   3.5245510e+00
   3.4987919e+00
   3.1606228e+00
   2.7149936e+00
   2.1436644e+00
   1.3917837e+00
   5.3635537e-01
   6.0951706e-02
   1.0790219e-01
  -5.4085284e-01
   9.2310029e-01
   1.2733821e+00
  -1.1210083e-01
  -7.5981963e-01
  -1.7988139e+00
  -2.1474185e+00
  -2.3002415e+00
  -1.0013109e+00
  -7.4674681e-01
  -2.3333387e-01
   2.2335190e-01
   1.7050433e-01
   7.4883419e-01
   1.3507551e+00
   9.2241932e-01
   7.5524098e-01
   5.9047431e-01
   8.2702120e-01
   5.9747559e-01
   4.7522545e-01
   1.2279477e+00
   1.0053520e+00
   4.0896907e-01
   8.1681877e-02
   1.8536949e-01
   1.6204755e+00
   1.2948771e+00
   1.1349931e+00
   7.9433098e-02
  -6.6084433e-01
  -4.4279945e-01
  -1.2733852e+00
  -1.4187088e+00
  -1.1864843e+00
  -7.0690465e-01
  -1.7692232e-01
   3.4485540e-01
   9.8358929e-01
   1.3683472e+00
   1.6315491e+00
   1.4883174e+00
   1.2702390e+00
   1.1461376e+00
  -1.5747643e-01
  -6.2546039e-01
  -6.7764327e-02
   1.0678295e+00
   6.1941534e-01
  -5.9656006e-01
  -8.6770618e-01
  -6.2638009e-01
  -2.7208203e-01
   1.1321956e-01
   4.7541523e-01
   6.7092729e-01
   8.5525048e-01
   1.0276835e+00
   1.1279359e+00
   1.2927556e+00
   2.0688047e+00
   2.9575145e+00
   3.0174766e+00
   3.2900150e+00
   3.1744065e+00
   2.9273431e+00
   2.5311780e+00
   2.0543277e+00
   1.4380052e+00
   1.4985690e-01
  -5.2471910e-02
  -1.3128930e-01
  -3.1604189e-01
   1.4829654e-01
  -2.4055550e-01
  -7.1535128e-01
  -1.1262896e+00
  -9.7977489e-01
  -8.2664984e-01
  -7.3835284e-01
   1.1884972e-01
  -6.4307973e-03
   6.3383901e-01
   1.0536305e+00
   8.0372053e-01
   1.1988176e+00
   1.1342415e+00
   8.6410582e-01
   7.6502973e-01
   1.2369206e+00
   9.4547832e-01
   7.6051033e-01
   6.8408072e-01
   9.5561296e-01
   1.0864542e+00
   7.1592087e-01
  -1.7984860e-02
   6.5061188e-01
   1.0917258e+00
   3.0909038e-01
   6.8255311e-01
  -5.3467417e-01
  -9.1485548e-01
  -1.3430603e-01
  -2.0560222e+00
  -2.5432873e+00
  -2.4541793e+00
  -1.9670140e+00
  -1.3382329e+00
  -9.2304897e-01
  -8.8315904e-02
   2.8532404e-01
   5.9955919e-01
   2.0016816e-01
   1.5019263e-01
  -2.7570194e-01
  -1.4343232e+00
  -2.2459000e-01
   1.0949455e+00
   7.6617938e-01
  -2.9940516e-01
  -9.1130006e-01
  -7.9155892e-01
  -4.7099543e-01
  -1.7843924e-01
   2.9516172e-01
   6.1382568e-01
   7.5773162e-01
   9.3753755e-01
   1.0262159e+00
   1.2006984e+00
   1.6763072e+00
   2.3250041e+00
   2.5959296e+00
   2.4434400e+00
   2.6288724e+00
   2.4943893e+00
   2.3105705e+00
   1.8832963e+00
   1.5025306e+00
   1.0987699e+00
   6.2853195e-02
  -4.0015779e-02
  -1.9612822e-01
  -7.1175385e-01
  -9.4528407e-01
  -9.4876367e-01
  -4.6412063e-01
  -4.8669079e-01
  -8.2112856e-02
   1.5558913e-01
   2.7965528e-01
   8.1071436e-01
   6.5316683e-01
   1.0769385e+00
   1.3653042e+00
   9.4934583e-01
   1.2376413e+00
   1.2903479e+00
   9.5733410e-01
   1.1222519e+00
   1.3234758e+00
   1.0991858e+00
   9.1367280e-01
   6.5661693e-01
   1.0388690e+00
   1.3683434e+00
   1.2195575e+00
   1.0334671e+00
   7.2296274e-01
   2.5443625e-01
  -5.7269734e-01
  -1.0331211e+00
  -7.8519654e-01
  -6.5158802e-01
  -3.5296705e-01
  -1.7746077e+00
  -3.2746210e+00
  -3.0016506e+00
  -2.2281692e+00
  -1.9563358e+00
  -1.1430912e+00
  -1.0347942e+00
  -1.1071323e+00
  -1.0809059e+00
  -1.8560215e+00
  -2.1592886e+00
  -2.0478928e+00
  -1.3240962e+00
   2.3428884e+00
   1.3872948e+00
  -6.6179305e-01
  -6.9528067e-01
  -8.1859368e-01
  -5.7514280e-01
  -2.0050706e-01
  -1.2968130e-01
   4.1879836e-01
   6.5272629e-01
   7.5628024e-01
   1.0047636e+00
   1.2010784e+00
   1.5325216e+00
   1.8572190e+00
   1.6943393e+00
   1.2524261e+00
   1.0717863e+00
   1.4860730e+00
   1.6123190e+00
   1.2419126e+00
   8.3536017e-01
   4.9810141e-01
   1.2649855e-01
  -1.1745416e-02
   1.4658895e-01
  -4.3808600e-01
  -1.1058502e+00
  -6.6361666e-01
   1.7121819e-01
  -2.2967398e-02
  -1.5060565e-01
   4.3386769e-01
   3.9105517e-01
   5.0815821e-01
   8.5608828e-01
   4.1644767e-01
   7.5587505e-01
   1.3564053e+00
   8.5450333e-01
   8.5747081e-01
   7.9134464e-01
   6.4250672e-01
   9.2673820e-01
   8.1233853e-01
   8.5597783e-01
   1.6846710e-01
  -3.1415958e-02
   5.9610808e-01
   9.4233906e-01
   5.5204439e-01
   4.4484437e-01
   1.2604395e-01
  -9.2336255e-01
  -6.6837966e-01
   4.0994090e-01
  -6.7723078e-01
  -1.3679129e+00
  -7.0883334e-01
  -1.3300955e+00
  -1.9729617e+00
  -1.1497329e+00
  -1.5510213e+00
  -1.7923222e+00
  -7.6858079e-01
  -3.5049221e-01
  -1.0299375e+00
  -2.2130251e+00
  -2.0039928e+00
  -9.5018494e-01
  -8.8672531e-01
  -1.2740366e+00
   1.5907805e+00
   6.4044929e-01
  -9.4614077e-01
  -8.9126474e-01
  -7.1376967e-01
  -3.7856352e-01
  -1.6937628e-02
   1.1197608e-02
   4.4659081e-01
   6.7877060e-01
   8.0928296e-01
   1.2422215e+00
   1.1939402e+00
   1.3518765e+00
   1.5186501e+00
  -2.9196319e-01
  -1.5588030e+00
  -5.8970863e-01
  -2.7780956e-01
  -3.7475210e-01
  -6.5727019e-01
  -1.4508212e+00
  -1.4749153e+00
  -1.1179223e+00
  -9.1900736e-01
  -1.8005148e-01
  -4.6436366e-01
  -6.4894974e-01
   4.4257230e-01
   3.5918251e-01
  -5.7005894e-01
  -3.4322280e-01
   5.1434550e-02
   2.9098698e-01
   7.5268888e-01
   5.1294416e-01
   2.6916397e-01
   7.1988767e-01
   9.8503095e-01
   6.2271440e-01
   3.3010054e-01
   2.1751058e-01
   3.5825753e-01
   3.2789963e-01
   2.2239515e-01
   3.8787359e-01
  -1.0810934e+00
  -2.7726510e-01
   3.9447540e-01
   9.4723657e-02
  -4.2198163e-01
  -9.5996857e-01
  -1.4442906e+00
  -2.2960022e-01
   2.1700444e+00
   2.3565772e+00
   3.9771169e-01
  -5.8705747e-01
  -1.4610364e+00
   8.8823646e-02
   1.8945392e+00
   8.4586614e-01
  -6.9178784e-01
  -7.5230783e-01
   5.9534743e-02
   3.5034743e-01
  -5.4876727e-01
  -1.4650310e+00
   8.7024850e-01
   2.2940688e+00
   4.4134146e-01
  -7.9067743e-01
   2.1209769e-02
  -1.4576353e-01
  -9.4850719e-01
  -7.1454227e-01
  -1.8942724e-01
  -1.1715546e-01
   5.5456899e-02
   4.0137133e-01
   4.1754946e-01
   5.7847238e-01
   8.0911213e-01
   1.8314438e-01
   1.2976216e-01
   7.6753664e-01
  -1.1341710e-01
  -1.7540833e+00
  -2.2937212e+00
  -1.5144050e+00
  -1.6271024e+00
  -2.0678439e+00
  -2.1440995e+00
  -1.9622998e+00
  -1.1311705e+00
  -5.0971222e-01
  -8.9017272e-01
  -7.8424239e-01
  -5.1279314e-02
   3.4970615e-02
   2.4412985e-01
   6.2295341e-01
   3.2139090e-01
   4.2926574e-01
   1.1108935e+00
   8.0828506e-01
   3.5836372e-01
   5.1154965e-01
   4.2394739e-01
   3.4606755e-01
   6.5088785e-01
   3.0450022e-01
  -1.3450123e-01
   1.2394857e-01
   2.0173031e-01
  -1.5752982e-01
  -3.9647377e-01
  -7.3296130e-01
  -1.2862766e-01
  -6.2806509e-02
   3.4906968e-01
   2.7057689e-01
  -4.3052924e-01
  -7.1804589e-01
   1.4502402e-02
   1.2897767e+00
   1.0452981e+00
   3.1527492e-01
  -1.3711564e-01
  -2.7941337e-01
  -4.7681150e-01
   1.3652845e-01
   8.8069713e-01
   8.9304376e-01
   4.1790000e-01
   7.6248951e-02
  -3.2660386e-01
  -5.4721439e-01
  -5.0869590e-01
  -2.7735472e-01
   1.5459888e-02
  -2.4933584e-01
  -7.2197342e-01
  -1.0225693e+00
  -1.0405273e+00
  -9.7552490e-01
  -6.7234069e-01
  -3.9723080e-01
  -2.1851867e-01
  -1.0802212e-01
   1.0428548e-01
   4.7098130e-01
   5.5358684e-01
   1.1140684e-01
  -4.0976620e-01
  -7.2902955e-02
   8.3507776e-01
   1.2403283e+00
  -9.8809406e-02
  -1.7151396e+00
  -3.0544913e+00
  -1.8717145e+00
  -3.5074708e-01
  -6.8773717e-01
  -1.5339730e+00
  -1.3486086e+00
  -8.4583086e-01
  -7.5132644e-01
  -9.2642528e-01
  -8.5015512e-01
  -4.3759087e-01
  -8.6219296e-02
   1.3405967e-01
   2.9818121e-01
   5.5611914e-01
   8.7019956e-01
   9.7011733e-01
   7.5048482e-01
   4.5051056e-01
   1.4379044e-01
   1.5129520e-01
   2.6144445e-01
   4.0135315e-01
   3.7543842e-01
   2.7149019e-01
  -1.1658355e-02
  -3.3480892e-01
  -5.1400501e-01
  -3.4086886e-01
  -1.2709263e-01
  -5.6821680e-01
  -3.3958700e-01
  -1.5824836e-01
  -1.7260388e-01
  -2.6274422e-01
  -3.0539072e-01
  -4.5804286e-01
  -8.1996053e-01
  -1.0448952e+00
  -1.0501357e+00
  -8.8765675e-01
  -8.6507452e-01
  -1.0604668e+00
  -1.3164665e+00
  -1.3195200e+00
  -1.2178944e+00
  -1.1179725e+00
  -1.1032196e+00
  -1.1466907e+00
  -1.3192184e+00
  -1.5943975e+00
  -1.8255889e+00
  -1.7894710e+00
  -1.5629575e+00
  -1.3712052e+00
  -1.2725898e+00
  -1.0845405e+00
  -7.1864766e-01
  -2.3926888e-01
   1.4074277e-02
   1.8307988e-01
   4.1253963e-01
   5.4979634e-01
   5.5201709e-01
   4.2094821e-01
   6.0065991e-01
   1.1755382e+00
   1.6553438e+00
   1.1937248e+00
  -2.0715502e-01
  -2.4284914e+00
  -3.7043428e+00
  -3.8351262e+00
  -8.2623845e-01
   2.1301012e+00
   2.5122659e+00
   1.1219985e+00
   9.6936829e-02
  -6.2235391e-01
  -9.9343950e-01
  -9.7483593e-01
  -8.3576512e-01
  -6.7286795e-01
  -6.1641794e-01
  -5.5720824e-01
  -3.8324967e-01
  -1.6319628e-01
   2.8840005e-03
  -1.1377858e-01
  -2.9716647e-01
  -3.4636986e-01
  -2.5598568e-01
  -2.4225648e-01
  -3.8708833e-01
  -5.1191908e-01
  -4.6889877e-01
  -3.7721035e-01
  -4.1495413e-01
  -5.5800670e-01
  -6.7382705e-01
  -7.2134590e-01
  -6.8548870e-01
  -8.0909199e-01
  -8.4287614e-01
  -9.0971537e-01
  -9.8368156e-01
  -1.0241441e+00
  -9.8566783e-01
  -8.9372975e-01
  -7.4387133e-01
  -6.0778795e-01
  -4.7694084e-01
  -3.2366592e-01
  -2.0100763e-01
  -8.7955244e-02
   2.6834058e-02
   9.6837166e-02
   1.4382063e-01
   1.7202076e-01
   1.7719915e-01
   1.7249943e-01
   1.6157566e-01
   1.6293184e-01
   1.8681623e-01
   2.4943806e-01
   3.1527271e-01
   3.7659210e-01
   4.3747112e-01
   4.8692632e-01
   5.4454136e-01
   6.0711914e-01
   6.2761532e-01
   6.2017739e-01
   5.7203907e-01
   5.1142013e-01
   4.4245055e-01
   3.2687560e-01
   2.1758952e-01
   1.2782961e-03
  -5.0745267e-01
  -9.8005569e-01
  -1.3838247e+00
  -1.6062425e+00
  -1.3643926e+00
  -5.8791703e-01
   9.5184875e-01
   1.9340122e+00
   2.0346549e+00
   1.3761022e+00
   6.8517689e-01
   1.9396523e-01
  -3.4703830e-01
  -6.8024061e-01
  -8.3872557e-01
  -8.4522539e-01
  -7.9531463e-01
  -7.3732352e-01
  -7.1912378e-01
  -7.4714115e-01
  -7.2031254e-01
  -6.5203875e-01
  -5.9344803e-01
  -5.6392294e-01
  -5.8129406e-01
  -6.1973421e-01
  -6.5543169e-01
  -6.9103557e-01
  -7.3523769e-01
  -8.0897081e-01
  -9.2922962e-01
  -1.0219632e+00
  -1.0610018e+00
  -9.4471681e-01
  -8.3791103e-01
