  -3.5390556e+00
  -3.3612616e+00
  -3.0612706e+00
  -2.5149851e+00
  -1.5990764e+00
  -7.8318873e-01
   3.5189074e-03
   1.0300854e+00
   2.0838101e+00
   3.2640367e+00
   4.4276290e+00
   4.8292846e+00
   4.8634443e+00
   4.8246398e+00
   4.4862842e+00
   4.0119190e+00
   3.2289970e+00
   2.4893124e+00
   1.7545218e+00
   8.5377324e-01
   1.2053353e-01
  -5.9748459e-01
  -1.3874145e+00
  -1.9868404e+00
  -2.3623867e+00
  -2.3036170e+00
  -1.9188398e+00
  -1.4529636e+00
  -1.0177145e+00
  -8.4273638e-01
  -5.4530615e-01
   2.9997870e-01
   1.2110682e+00
   1.9533911e+00
   2.2674026e+00
   2.1322422e+00
   1.9372092e+00
   1.7612100e+00
   1.6756512e+00
   1.6716958e+00
   1.7332851e+00
   1.6996043e+00
   1.4900838e+00
   9.6134400e-01
   4.6671370e-01
  -8.7151257e-04
  -4.6806854e-01
  -8.0594780e-01
  -1.1143355e+00
  -1.5147294e+00
  -2.0364084e+00
  -2.7004032e+00
  -3.3060689e+00
  -3.2892519e+00
  -2.7728069e+00
  -1.8507547e+00
  -1.2954622e+00
  -1.1350091e+00
  -1.5109192e+00
  -2.1253598e+00
  -2.5401969e+00
  -2.2351670e+00
  -1.3180565e+00
  -2.0035946e-01
   5.7972372e-01
   5.1498848e-01
  -1.1533302e-01
  -1.4240677e+00
  -2.6165046e+00
  -3.4974287e+00
  -3.7993164e+00
  -3.6756568e+00
   4.0415349e+00
   4.0917029e+00
   4.6839533e+00
   5.1411610e+00
   4.6718702e+00
   3.6977711e+00
   3.3120322e+00
   3.8225925e+00
   4.0139418e+00
   3.6750095e+00
   3.4668150e+00
   3.7937894e+00
   4.2549849e+00
   4.4734244e+00
   4.1689625e+00
   3.5733013e+00
   2.6568372e+00
   2.0471692e+00
   1.6344416e+00
   1.2153938e+00
   8.1826073e-01
   4.0017614e-01
  -5.1763009e-02
  -2.5214559e-01
  -2.1728013e-01
   1.4030601e-01
   6.0833919e-01
   1.1322393e+00
   1.5424025e+00
   1.4053442e+00
   9.4379216e-01
   4.4257876e-01
   6.7446744e-01
   1.6033832e+00
   2.3336318e+00
   1.8444122e+00
   8.5801882e-01
   3.0081454e-01
   8.7492132e-01
   1.8947512e+00
   2.5029154e+00
   2.2598059e+00
   1.6718343e+00
   1.2131844e+00
   1.1287868e+00
   9.6849895e-01
   3.9164853e-01
  -1.5183011e-01
  -3.9588806e-01
   1.0529645e-01
   1.2759315e+00
   2.6147892e+00
   4.0809793e+00
   5.4978256e+00
   6.8067365e+00
   8.0403461e+00
   8.0594769e+00
   8.0205297e+00
   8.1948214e+00
   7.4758873e+00
   6.5274878e+00
   5.6035681e+00
   5.9489641e+00
   8.0381546e+00
   9.2834663e+00
   7.7843056e+00
   5.8604989e+00
   2.6381254e+00
   6.1579876e-02
  -2.6528068e-02
   2.4638605e+00
   3.8175457e+00
   5.7306972e+00
   5.9716368e+00
   6.1923916e+00
   6.0766435e+00
   5.6538758e+00
   4.6996245e+00
   4.6345973e+00
   5.9587178e+00
   6.1995198e+00
   5.2638283e+00
   4.3145308e+00
   3.9654000e+00
   3.6711981e+00
   3.0061872e+00
   2.3986489e+00
   1.9353642e+00
   1.3923812e+00
   9.2591078e-01
   6.2937182e-01
   4.5404398e-01
   2.2574485e-01
  -3.0057278e-02
  -1.4309208e-01
  -1.4817437e-01
  -2.5947332e-01
  -4.3947160e-01
  -4.5620946e-01
  -4.5357454e-01
  -5.9540033e-01
  -6.4825062e-01
  -5.4017270e-01
  -4.9275824e-01
  -5.5068778e-01
  -3.5700935e-01
   4.1744784e-02
  -1.7630061e-01
  -7.6975739e-01
  -6.4203709e-01
   2.6335615e-01
   1.0538617e+00
   1.2518547e+00
   1.1754559e+00
   1.1867234e+00
   1.1742429e+00
   1.1719236e+00
   1.2456630e+00
   1.1980668e+00
   9.6809000e-01
   8.1189734e-01
   9.0945083e-01
   1.0572411e+00
   1.1029677e+00
   1.2408062e+00
   1.6696067e+00
   2.2530048e+00
   2.5907950e+00
   2.3161444e+00
   1.9748847e+00
   1.8968381e+00
   1.8243739e+00
   1.8224792e+00
   2.0547206e+00
   3.0374254e+00
   5.0002041e+00
   6.0970650e+00
   4.6579646e+00
   2.4913607e+00
   6.4762932e-01
   1.2869730e+00
   3.5396659e+00
   5.4241753e+00
   5.4646505e+00
   2.3245986e+00
   2.3681340e+00
   2.2685776e+00
   1.9782288e+00
   1.4264034e+00
   1.0357596e+00
   1.2152125e+00
   1.9749985e+00
   2.0488546e+00
   1.3865968e+00
   5.9277987e-01
   4.9150306e-01
   6.0034245e-01
   5.2553171e-01
   3.8228428e-01
   2.9262197e-01
   2.3198977e-01
   2.2415499e-01
   2.2744273e-01
   1.4363335e-01
   2.0573884e-02
  -8.6476021e-02
  -2.1934965e-01
  -3.0212784e-01
  -3.1295523e-01
  -3.4040138e-01
  -4.4216532e-01
  -5.2779365e-01
  -5.6774640e-01
  -6.2831497e-01
  -6.8277842e-01
  -6.2261850e-01
  -5.2459443e-01
  -4.5710689e-01
  -3.8543892e-01
  -3.7330031e-01
  -4.2385292e-01
  -4.1914216e-01
  -2.9467329e-01
  -1.4543892e-01
   2.1211061e-01
   4.9554676e-01
   7.0255452e-01
   8.5479814e-01
   1.0030518e+00
   1.1593218e+00
   1.2145015e+00
   1.2112665e+00
   1.2566438e+00
   1.2174801e+00
   1.0434464e+00
   9.0002745e-01
   8.1543434e-01
   7.6440090e-01
   8.0583310e-01
   8.5361874e-01
   6.6874874e-01
   4.1140819e-01
   2.4600902e-01
  -1.8125808e-02
  -3.8810369e-01
  -1.3456622e-01
   9.5593244e-01
   2.1931663e+00
   2.8777449e+00
   2.6242719e+00
   1.8859419e+00
   1.1467206e+00
   1.1408348e+00
   1.5025601e+00
   1.9278708e+00
   2.1262360e+00
   6.1219609e-01
   3.1356424e-01
   1.2787639e-02
  -2.9474029e-01
  -6.5651196e-01
  -9.1984243e-01
  -1.0958652e+00
  -1.1837308e+00
  -1.2214849e+00
  -1.2864730e+00
  -1.3281976e+00
  -1.2239413e+00
  -1.0605496e+00
  -9.4006765e-01
  -8.7304409e-01
  -7.6522869e-01
  -5.3484684e-01
  -3.1081402e-01
  -1.5135837e-01
  -6.2545076e-02
  -7.2419419e-02
  -1.5204512e-01
  -2.3480746e-01
  -2.4818473e-01
  -2.5283992e-01
  -2.9280964e-01
  -3.7567423e-01
  -4.7998294e-01
  -5.5069244e-01
  -5.9584372e-01
  -6.7279661e-01
  -7.4752855e-01
  -7.3699793e-01
  -6.8381065e-01
  -6.1442488e-01
  -6.0120492e-01
  -6.1205554e-01
  -5.3659242e-01
  -3.7174778e-01
  -2.0596771e-01
  -1.4169330e-03
   2.1472507e-01
   4.0448236e-01
   5.9350604e-01
   7.8648999e-01
   9.6136349e-01
   1.0633870e+00
   1.0838768e+00
   1.0385491e+00
   8.9145768e-01
   7.2957608e-01
   5.4825562e-01
   3.7490225e-01
   2.6992765e-01
   1.1399186e-01
  -1.2028635e-01
  -2.8073564e-01
  -4.2179278e-01
  -5.4751664e-01
  -5.7922875e-01
  -5.4665697e-01
  -3.9238408e-01
  -1.4846636e-01
   1.9205628e-01
   6.2432599e-01
   8.3209165e-01
   8.9868826e-01
   9.2994767e-01
   9.6329308e-01
   9.7996110e-01
   9.2122442e-01
   7.9438957e-01
   4.5688704e-02
  -4.2690808e-01
  -8.4782982e-01
  -1.2391375e+00
  -1.6348161e+00
  -1.8860468e+00
  -2.0553257e+00
  -2.2150338e+00
  -2.3229949e+00
  -2.3434887e+00
  -2.1990783e+00
  -1.9747928e+00
  -1.7604527e+00
  -1.5994948e+00
  -1.4641104e+00
  -1.2497513e+00
  -8.8653898e-01
  -5.6395912e-01
  -3.0269596e-01
  -1.2031598e-01
  -8.1201822e-02
  -1.2824720e-01
  -1.7096074e-01
  -1.7456084e-01
  -2.0809691e-01
  -2.6653484e-01
  -3.5985228e-01
  -4.9848494e-01
  -6.5470624e-01
  -7.8565991e-01
  -8.9576596e-01
  -9.9294901e-01
  -1.0314215e+00
  -1.0133789e+00
  -9.6975976e-01
  -9.5936459e-01
  -1.0075250e+00
  -9.2130005e-01
  -6.1168444e-01
  -3.4566462e-01
  -1.5250324e-01
   5.4327756e-02
   1.7829069e-01
   3.0455261e-01
   4.7100425e-01
   6.0398924e-01
   6.8348128e-01
   6.6445875e-01
   5.7175249e-01
   3.6946139e-01
   1.6903028e-01
  -8.6287726e-03
  -2.0011047e-01
  -3.5808900e-01
  -5.6534660e-01
  -8.5700744e-01
  -1.0297900e+00
  -1.1373912e+00
  -1.1976535e+00
  -1.1606791e+00
  -1.0338790e+00
  -8.0901569e-01
  -5.9795952e-01
  -3.7096459e-01
  -1.3801818e-01
   8.8473298e-03
   1.5046147e-01
   3.3599195e-01
   5.1392633e-01
   6.3975364e-01
   5.8267921e-01
   3.6553642e-01
  -4.1041225e-01
  -9.4488007e-01
  -1.4164006e+00
  -1.8515984e+00
  -2.2394392e+00
  -2.4632220e+00
  -2.6186302e+00
  -2.7681527e+00
  -2.8348103e+00
  -2.7988718e+00
  -2.5666919e+00
  -2.3077786e+00
  -2.0809684e+00
  -1.8746878e+00
  -1.6854241e+00
  -1.3587619e+00
  -8.9587831e-01
  -5.4344296e-01
  -2.4946997e-01
  -3.8219664e-02
   1.7911945e-02
  -3.0902486e-02
  -9.6996926e-02
  -1.3530973e-01
  -2.0322269e-01
  -3.1723264e-01
  -4.4922003e-01
  -6.4129370e-01
  -8.9457208e-01
  -1.0780840e+00
  -1.1952776e+00
  -1.2673922e+00
  -1.3241972e+00
  -1.2994645e+00
  -1.3149124e+00
  -1.4038042e+00
  -1.6280947e+00
  -1.5498049e+00
  -1.0261917e+00
  -5.2333081e-01
  -4.2114487e-01
  -3.0285633e-01
  -2.2615634e-01
  -8.6007431e-02
   8.8451877e-02
   1.8917912e-01
   2.4831602e-01
   1.8408102e-01
   6.8107769e-02
  -1.5527177e-01
  -3.5047373e-01
  -5.1927674e-01
  -7.4138284e-01
  -9.2341429e-01
  -1.1425896e+00
  -1.4250734e+00
  -1.6005262e+00
  -1.6926973e+00
  -1.7015114e+00
  -1.6216445e+00
  -1.4771475e+00
  -1.2590913e+00
  -1.0437155e+00
  -7.9963350e-01
  -5.7415992e-01
  -4.7273839e-01
  -3.5295901e-01
  -8.6171359e-02
   2.0286264e-01
   3.4611908e-01
   2.3072289e-01
  -2.4319239e-02
  -7.7996230e-01
  -1.3478690e+00
  -1.8449932e+00
  -2.2772875e+00
  -2.6255543e+00
  -2.7997208e+00
  -2.9606035e+00
  -3.0860486e+00
  -3.0967712e+00
  -2.9679239e+00
  -2.6505179e+00
  -2.3898907e+00
  -2.1540082e+00
  -1.8640318e+00
  -1.6095561e+00
  -1.1788702e+00
  -6.5538263e-01
  -3.3337685e-01
  -7.4784748e-02
   8.9069754e-02
   1.2541763e-01
   4.5324184e-02
  -5.0908592e-02
  -1.6042700e-01
  -2.6103747e-01
  -4.4726908e-01
  -6.2257969e-01
  -8.8005048e-01
  -1.1650406e+00
  -1.3429337e+00
  -1.4402118e+00
  -1.4899195e+00
  -1.5283376e+00
  -1.4792672e+00
  -1.5492212e+00
  -1.6935521e+00
  -2.3857596e+00
  -2.0052836e+00
  -9.5715642e-01
  -5.5400962e-01
  -6.8945795e-01
  -6.9115043e-01
  -5.9371710e-01
  -3.8774669e-01
  -2.2691318e-01
  -1.4612247e-01
  -1.4934754e-01
  -2.2322793e-01
  -3.6789262e-01
  -5.7655126e-01
  -7.6277500e-01
  -9.2547607e-01
  -1.1784846e+00
  -1.3703527e+00
  -1.5812302e+00
  -1.8394479e+00
  -2.0099790e+00
  -2.0689492e+00
  -2.0342436e+00
  -1.9324918e+00
  -1.7912391e+00
  -1.5762233e+00
  -1.3329654e+00
  -1.0758699e+00
  -8.4554017e-01
  -7.6435012e-01
  -6.0357845e-01
  -2.0879696e-01
   1.3213289e-01
   1.9423416e-01
  -3.8882427e-02
  -3.6207753e-01
  -1.0861226e+00
  -1.6744021e+00
  -2.1727731e+00
  -2.5408967e+00
  -2.8501072e+00
  -2.9977382e+00
  -3.1768236e+00
  -3.2173517e+00
  -3.1385695e+00
  -2.8634975e+00
  -2.4961181e+00
  -2.1767626e+00
  -2.0396121e+00
  -1.7266693e+00
  -1.1621018e+00
  -7.2530222e-01
  -2.6080227e-01
  -4.6807790e-02
   1.1723292e-01
   1.9476877e-01
   1.9109733e-01
   8.7270506e-02
  -5.3582363e-02
  -2.2079103e-01
  -3.6742097e-01
  -6.0551769e-01
  -8.3736815e-01
  -1.1190922e+00
  -1.3846858e+00
  -1.5054676e+00
  -1.5944171e+00
  -1.5972221e+00
  -1.6186189e+00
  -1.5142231e+00
  -1.6619495e+00
  -1.6252784e+00
  -2.2320666e+00
  -2.1201949e+00
  -6.1409728e-01
  -5.0678444e-01
  -9.3750584e-01
  -9.0662886e-01
  -7.7468789e-01
  -5.3773665e-01
  -4.3344537e-01
  -3.8483226e-01
  -4.5910829e-01
  -5.3071087e-01
  -6.9407457e-01
  -8.7791878e-01
  -1.0614670e+00
  -1.2191714e+00
  -1.4792113e+00
  -1.6739682e+00
  -1.8860278e+00
  -2.1255741e+00
  -2.2475934e+00
  -2.2286935e+00
  -2.1227801e+00
  -2.0053666e+00
  -1.8819796e+00
  -1.6668427e+00
  -1.4220896e+00
  -1.1687212e+00
  -9.3516237e-01
  -8.1544413e-01
  -5.6629056e-01
  -5.2300915e-02
   2.3051590e-01
   1.6662079e-01
  -2.2454777e-01
  -6.2257342e-01
  -1.3608503e+00
  -1.9596115e+00
  -2.3889863e+00
  -2.6891704e+00
  -2.9274430e+00
  -3.0819498e+00
  -3.1955752e+00
  -3.1165469e+00
  -2.9165751e+00
  -2.5300512e+00
  -2.1019778e+00
  -1.6768479e+00
  -1.7400107e+00
  -1.9077890e+00
  -5.4213124e-01
  -2.9296970e-01
   7.1045555e-02
   1.5963323e-01
   2.4947131e-01
   2.0327488e-01
   2.0730506e-01
   5.9169050e-02
  -7.5803891e-02
  -2.9537373e-01
  -4.5846298e-01
  -7.6212388e-01
  -1.0074162e+00
  -1.2742192e+00
  -1.4874188e+00
  -1.5548014e+00
  -1.6410134e+00
  -1.5824460e+00
  -1.6004669e+00
  -1.4535618e+00
  -1.6457601e+00
  -1.3436051e+00
  -1.7532051e+00
  -1.9135120e+00
  -5.8126025e-01
  -9.5803005e-01
  -1.1602982e+00
  -1.0688316e+00
  -8.5890204e-01
  -6.5912879e-01
  -5.7336431e-01
  -5.7644182e-01
  -6.6617012e-01
  -7.5259271e-01
  -9.0459532e-01
  -1.0684057e+00
  -1.2466232e+00
  -1.3955452e+00
  -1.6645685e+00
  -1.8482096e+00
  -2.0744491e+00
  -2.2325017e+00
  -2.2520034e+00
  -2.0689487e+00
  -1.8759230e+00
  -1.7464998e+00
  -1.6920469e+00
  -1.4981704e+00
  -1.3027717e+00
  -1.0650787e+00
  -8.3276767e-01
  -6.3174616e-01
  -3.0988690e-01
   2.2515264e-01
   3.4311380e-01
   1.1180243e-01
  -4.1931507e-01
  -8.7125744e-01
  -1.5698665e+00
  -2.1461718e+00
  -2.4415355e+00
  -2.6697769e+00
  -2.8192484e+00
  -2.9366667e+00
  -2.9505892e+00
  -2.6485138e+00
  -2.4064994e+00
  -2.0563688e+00
  -1.5965486e+00
  -1.1202761e+00
  -1.0751606e+00
  -1.4480408e+00
  -5.5430984e-01
  -1.6304156e-01
   1.9629952e-01
   2.8702402e-01
   2.5639424e-01
   1.9715142e-01
   1.5178171e-01
   1.9683577e-02
  -1.3219322e-01
  -3.4108621e-01
  -5.1868576e-01
  -8.6378586e-01
  -1.0806469e+00
  -1.3438046e+00
  -1.4491359e+00
  -1.5226146e+00
  -1.5323362e+00
  -1.5070074e+00
  -1.4759769e+00
  -1.3847291e+00
  -1.4624742e+00
  -1.0542688e+00
  -1.4275911e+00
  -1.8371933e+00
  -6.3273776e-01
  -1.0263089e+00
  -1.2396644e+00
  -1.1465561e+00
  -9.2262655e-01
  -7.5004911e-01
  -7.0187992e-01
  -7.2454739e-01
  -8.0541074e-01
  -8.8604426e-01
  -1.0107676e+00
  -1.1572784e+00
  -1.3213153e+00
  -1.4801232e+00
  -1.7202553e+00
  -1.8955126e+00
  -2.0695498e+00
  -2.0884647e+00
  -1.8861527e+00
  -1.5075698e+00
  -1.2206941e+00
  -1.1464369e+00
  -1.1977340e+00
  -1.0769749e+00
  -9.5214534e-01
  -7.4775594e-01
  -5.2531105e-01
  -2.7222773e-01
   5.1011473e-02
   4.3588281e-01
   3.3702087e-01
  -7.2007656e-02
  -6.5242261e-01
  -1.1213490e+00
  -1.6637775e+00
  -2.1293025e+00
  -2.2613688e+00
  -2.3914099e+00
  -2.4940844e+00
  -2.5139182e+00
  -2.4250405e+00
  -1.9351093e+00
  -1.7705836e+00
  -1.5269948e+00
  -1.1498095e+00
  -6.4115894e-01
  -2.8948033e-01
  -4.6859562e-01
  -7.9955947e-01
  -4.0605465e-01
   1.9320424e-01
   2.6330227e-01
   1.2349229e-01
   1.1028765e-01
   2.0747997e-02
  -2.6595507e-02
  -2.1811955e-01
  -3.5838458e-01
  -5.7350099e-01
  -8.6989063e-01
  -1.0680373e+00
  -1.3072765e+00
  -1.3215350e+00
  -1.4053388e+00
  -1.3346654e+00
  -1.3835518e+00
  -1.3083136e+00
  -1.2935122e+00
  -1.1956159e+00
  -7.6456362e-01
  -9.2652565e-01
  -1.6236260e+00
  -6.2136036e-01
  -6.5349704e-01
  -1.2137976e+00
  -1.1486690e+00
  -9.6320963e-01
  -7.9675680e-01
  -8.1180203e-01
  -8.2063419e-01
  -8.7627852e-01
  -9.4178444e-01
  -1.0314771e+00
  -1.1716245e+00
  -1.3054080e+00
  -1.4765441e+00
  -1.6485524e+00
  -1.7926579e+00
  -1.8339400e+00
  -1.6006035e+00
  -1.1448488e+00
  -7.0527601e-01
  -4.5113933e-01
  -5.1842332e-01
  -6.7803419e-01
  -6.5570819e-01
  -5.7384580e-01
  -4.1462708e-01
  -2.0111166e-01
   3.9809778e-02
   2.7708781e-01
   4.1250011e-01
   1.3206498e-01
  -3.6111760e-01
  -8.9153534e-01
  -1.3077883e+00
  -1.5957720e+00
  -1.8394359e+00
  -1.7935218e+00
  -1.8453562e+00
  -1.9717395e+00
  -1.8967524e+00
  -1.6655110e+00
  -1.2035879e+00
  -1.2657309e+00
  -9.9868709e-01
  -7.3094159e-01
  -2.3225871e-01
   1.8677989e-01
   2.7091228e-03
  -4.8491123e-01
  -7.5250137e-01
   1.2691636e-01
   1.4740100e-02
  -9.9835299e-02
  -1.4134724e-01
  -1.4016204e-01
  -1.2794599e-01
  -2.7955231e-01
  -3.7687126e-01
  -6.1075181e-01
  -7.9966348e-01
  -9.8599660e-01
  -1.1517073e+00
  -1.1540059e+00
  -1.2084653e+00
  -1.1511708e+00
  -1.2071239e+00
  -1.1631548e+00
  -1.1376181e+00
  -9.4899011e-01
  -3.9259630e-01
  -2.4742785e-01
  -8.6094701e-01
  -4.0889335e-01
  -6.0091418e-01
  -1.1422081e+00
  -1.1805501e+00
  -9.7197849e-01
  -8.4311056e-01
  -8.8247156e-01
  -8.8082117e-01
  -8.8438076e-01
  -9.4929361e-01
  -1.0077102e+00
  -1.1372979e+00
  -1.2366344e+00
  -1.3804686e+00
  -1.4834670e+00
  -1.5183228e+00
  -1.3641742e+00
  -7.6810050e-01
  -2.4985656e-01
  -1.0594799e-02
  -3.3169305e-03
  -2.3468702e-01
  -4.8284611e-01
  -5.1599520e-01
  -4.3935612e-01
  -3.1826860e-01
  -1.0776385e-01
   8.1796378e-02
   1.9440022e-01
   1.2085394e-01
  -2.3279046e-01
  -6.6537911e-01
  -1.0642610e+00
  -1.3592757e+00
  -1.2424921e+00
  -1.1153339e+00
  -8.6852749e-01
  -9.8760984e-01
  -1.2286103e+00
  -1.1279676e+00
  -7.3367004e-01
  -3.4794885e-01
  -1.1162784e+00
  -4.4296164e-01
   7.3245695e-02
   1.0006960e-01
   2.5114631e-01
   3.9975844e-01
  -3.0490499e-01
  -2.6485119e-01
  -2.5491230e-01
  -3.2076290e-01
  -4.2086475e-01
  -3.2207903e-01
  -2.8386959e-01
  -2.4340611e-01
  -2.6752128e-01
  -3.6693352e-01
  -5.3618898e-01
  -6.7380005e-01
  -8.0347656e-01
  -8.9915860e-01
  -9.1941389e-01
  -9.6415762e-01
  -9.9285958e-01
  -1.0131428e+00
  -1.0251282e+00
  -9.8458125e-01
  -6.2156732e-01
   1.6165903e-01
   6.4136366e-01
  -8.8902260e-01
   1.9400339e-01
  -4.3532240e-01
  -8.8122278e-01
  -1.1638421e+00
  -9.6795645e-01
  -8.6705986e-01
  -9.3449885e-01
  -9.2442082e-01
  -9.0570280e-01
  -9.4550604e-01
  -9.8077813e-01
  -1.0624642e+00
  -1.1339728e+00
  -1.2082850e+00
  -1.1888659e+00
  -9.9348248e-01
  -4.3088221e-01
   3.4253770e-01
   4.2918379e-01
   1.0222197e-01
  -1.7732606e-01
  -5.0868097e-01
  -7.6586763e-01
  -7.4158842e-01
  -6.5422810e-01
  -5.5257086e-01
  -3.6349876e-01
  -2.1394018e-01
  -1.8413256e-01
  -3.2399144e-01
  -5.9195260e-01
  -8.5112681e-01
  -1.0306207e+00
  -1.1614724e+00
  -3.7594241e-01
   1.6084158e-01
   3.5954526e-01
  -7.1615279e-02
  -4.6068111e-01
  -2.7568281e-01
   2.8949535e-01
   4.1841212e-01
  -8.6290106e-02
  -1.3200858e-01
  -8.6992159e-02
   2.5718629e-01
   3.0973130e-01
   3.7773326e-01
   1.0507812e-01
  -5.4913975e-02
  -2.8521046e-01
  -4.5600981e-01
  -5.2350283e-01
  -3.9566472e-01
  -3.0532324e-01
  -2.2664762e-01
  -1.9613130e-01
  -2.3270264e-01
  -3.1933063e-01
  -4.2522621e-01
  -4.9687654e-01
  -5.6779182e-01
  -6.3316286e-01
  -7.3615640e-01
  -8.3659661e-01
  -9.0268081e-01
  -9.1176534e-01
  -7.9230225e-01
  -2.1058683e-01
   8.7831283e-01
   1.6922936e+00
   4.0993329e-02
   7.9447247e-02
  -2.1617588e-01
  -5.2663863e-01
  -9.3436509e-01
  -9.5124042e-01
  -9.4295037e-01
  -1.0371201e+00
  -1.0406046e+00
  -9.8305893e-01
  -9.4944668e-01
  -9.3591785e-01
  -9.5077753e-01
  -9.6620965e-01
  -9.2634571e-01
  -6.5664643e-01
  -9.4596431e-02
   8.0706185e-01
   9.5995533e-01
   3.7287739e-01
  -6.0309097e-03
  -1.9794104e-01
  -5.8539176e-01
  -7.2621381e-01
  -6.3656902e-01
  -6.8735719e-01
  -7.0845842e-01
  -5.6194615e-01
  -4.4139171e-01
  -4.1450170e-01
  -4.8928541e-01
  -5.8335090e-01
  -6.3490939e-01
  -6.2252057e-01
  -5.6577235e-01
   5.8955628e-01
   1.4153824e+00
   1.4188473e+00
   4.0738013e-01
   3.1924808e-01
   4.9388820e-01
   1.1738114e+00
   2.9515654e-01
   2.8033718e-01
  -2.5209302e-01
  -8.9667313e-02
   2.3880209e-01
   3.0550006e-01
   3.9828232e-01
   3.3414179e-01
   8.2700491e-02
  -1.6622166e-01
  -4.8562855e-01
  -5.0566489e-01
  -3.4009734e-01
  -2.1997724e-01
  -1.1631966e-01
  -3.8800366e-02
  -2.4122441e-02
  -6.3739322e-02
  -1.4390290e-01
  -2.0673546e-01
  -2.8649700e-01
  -4.1546530e-01
  -5.8803624e-01
  -7.5520796e-01
  -8.5640872e-01
  -8.2855868e-01
  -6.1105722e-01
   1.7463912e-01
   1.5029551e+00
   2.5732033e+00
   9.8244712e-02
   2.0162986e-01
   2.6944101e-02
  -2.9832941e-01
  -6.6750884e-01
  -1.0142488e+00
  -1.1615573e+00
  -1.2612852e+00
  -1.2263697e+00
  -1.0787866e+00
  -9.6789610e-01
  -8.9008307e-01
  -8.3213323e-01
  -7.6578271e-01
  -5.8650112e-01
  -6.6314690e-02
   8.2435673e-01
   2.1457341e+00
   1.7110027e+00
   2.3013002e-01
   4.8678982e-01
  -2.2183892e-01
  -5.3674996e-01
  -5.1906586e-01
  -5.6628495e-01
  -8.1261653e-01
  -9.0625548e-01
  -6.9832778e-01
  -5.2087051e-01
  -4.2782772e-01
  -3.8572925e-01
  -3.4714776e-01
  -2.6784393e-01
  -9.5943846e-02
   1.4838527e-01
   1.5731354e+00
   2.5861018e+00
   2.2377520e+00
   7.6028466e-01
   9.4083393e-01
   1.1495078e+00
   1.7661710e+00
   4.2424652e-01
   5.7988256e-01
  -1.9156408e-01
   1.0585841e-03
   2.0784268e-01
   3.0878845e-01
   4.4068933e-01
   4.8604161e-01
   2.2580585e-01
  -8.9441888e-02
  -4.3060464e-01
  -4.0887210e-01
  -2.1490841e-01
  -6.9221161e-02
   5.7069100e-02
   1.7417946e-01
   2.2938184e-01
   2.2138910e-01
   1.5053691e-01
   7.9926997e-02
  -2.8997676e-02
  -2.3952545e-01
  -4.8378232e-01
  -7.0746726e-01
  -8.2318676e-01
  -7.4520129e-01
  -4.1832155e-01
   5.6792736e-01
   2.0920348e+00
   3.3992205e+00
   1.7460205e-01
   3.5382938e-01
   3.3010110e-01
  -1.1511414e-01
  -4.8652869e-01
  -1.0653079e+00
  -1.4060950e+00
  -1.5401882e+00
  -1.4321170e+00
  -1.1781743e+00
  -9.8563635e-01
  -8.3613026e-01
  -6.9232571e-01
  -5.1831508e-01
  -1.7845882e-01
   6.1622393e-01
   1.8619945e+00
   3.5193822e+00
   2.3397985e+00
   2.4819148e-01
   3.8207334e-01
  -2.1003164e-01
  -4.8716024e-01
  -2.9049674e-01
  -5.5581492e-01
  -9.5904517e-01
  -1.0491865e+00
  -7.1911609e-01
  -4.6353123e-01
  -2.9679877e-01
  -1.3607049e-01
   1.9464836e-02
   2.1154268e-01
   5.2812064e-01
   9.3662095e-01
   2.5398038e+00
   3.6508213e+00
   2.8260023e+00
   1.0275395e+00
   1.3966362e+00
   1.6894056e+00
   2.0820621e+00
   8.7320127e-01
   8.7241135e-01
   7.8966156e-02
   1.6241106e-01
   1.8263964e-01
   3.2510487e-01
   4.9855135e-01
   5.7882100e-01
   3.7746386e-01
  -6.8656832e-02
  -3.0733654e-01
  -2.5165636e-01
  -3.9627953e-02
   1.2916723e-01
   2.7658327e-01
   4.2604927e-01
   5.1177633e-01
   5.2354132e-01
   4.4687270e-01
   3.5776427e-01
   2.0448463e-01
  -1.0072484e-01
  -4.1578558e-01
  -6.8543189e-01
  -7.9692826e-01
  -6.6088165e-01
  -2.1849327e-01
   9.6150446e-01
   2.6417915e+00
   4.1692940e+00
   3.5077745e-01
   5.0781673e-01
   6.7998425e-01
   3.3174365e-02
  -3.9453969e-01
  -1.0961924e+00
  -1.6552937e+00
  -1.8520689e+00
  -1.6449011e+00
  -1.2767769e+00
  -1.0008756e+00
  -7.7596384e-01
  -5.3672280e-01
  -2.3581458e-01
   2.7813583e-01
   1.3630903e+00
   2.9837266e+00
   4.8821692e+00
   2.8249673e+00
   4.2559750e-01
  -3.4065051e-01
  -1.6456414e-01
  -4.4993441e-01
  -6.3494811e-02
  -5.9862584e-01
  -1.1129404e+00
  -1.1328532e+00
  -6.3643745e-01
  -2.9291126e-01
  -5.3845638e-02
   2.1924039e-01
   4.7799368e-01
   7.7036268e-01
   1.2171518e+00
   1.7636891e+00
   3.7275646e+00
   4.7929187e+00
   3.5483937e+00
   1.5994110e+00
   1.6662428e+00
   1.5857735e+00
   1.4705960e+00
   1.1902739e+00
   6.5416360e-01
  -5.8292098e-02
  -6.4002022e-02
   2.9990432e-01
   5.3787190e-01
   7.3341316e-01
   7.3301262e-01
   5.1210248e-01
   1.8447980e-01
   1.0158776e-01
   1.8605831e-01
   3.9242664e-01
   5.7753849e-01
   7.4928588e-01
   9.2718995e-01
   1.0180426e+00
   1.0024014e+00
   8.8732362e-01
   7.4012363e-01
   4.5045906e-01
  -4.5958064e-02
  -4.6011388e-01
  -7.4667680e-01
  -7.8119677e-01
  -4.8937431e-01
   1.6861062e-01
   1.5684886e+00
   3.3365035e+00
   5.1328444e+00
   2.2477841e-01
  -4.7885513e-01
   7.3868108e-01
   1.4132868e-01
  -2.0259324e-01
  -9.5632631e-01
  -2.1451867e+00
  -2.4474049e+00
  -1.9948242e+00
  -1.3631552e+00
  -9.6349120e-01
  -6.3153011e-01
  -2.0132066e-01
   3.3308923e-01
   1.1440893e+00
   2.6588633e+00
   4.3206396e+00
   5.4085402e+00
   2.1819339e+00
   2.8571472e-01
  -1.5190527e-01
  -5.7461375e-01
   1.4213473e-02
   4.2170316e-01
  -9.6476388e-01
  -1.4315537e+00
  -9.5066118e-01
  -1.5303057e-01
   2.4746600e-01
   5.5939418e-01
   9.5200753e-01
   1.3048224e+00
   1.6879084e+00
   2.2490425e+00
   2.8829932e+00
   4.2553110e+00
   5.2557387e+00
   4.0005646e+00
   1.9438263e+00
   1.2424958e+00
   1.1673156e+00
   1.1912893e+00
   1.1632001e+00
   5.0848490e-01
  -1.8778440e-01
   6.3548103e-02
   5.7076131e-01
   8.5328269e-01
   9.9343139e-01
   9.2194606e-01
   7.0644999e-01
   4.6061006e-01
   4.1752816e-01
   4.9931234e-01
   6.9070923e-01
   8.8459934e-01
   1.0677222e+00
   1.2347319e+00
   1.2940442e+00
   1.2513484e+00
   1.0968151e+00
   8.6357124e-01
   4.4982147e-01
  -1.5790395e-01
  -5.9622328e-01
  -8.3332109e-01
  -7.3956025e-01
  -3.0585646e-01
   4.7849947e-01
   1.9463947e+00
   3.6463023e+00
   5.0578585e+00
   1.3050840e+00
  -1.8925646e-02
   7.9630047e-01
   1.6004357e-02
  -1.6156809e-01
  -3.4707937e-01
  -2.4721632e+00
  -2.8834344e+00
  -2.1758761e+00
  -1.3797244e+00
  -9.0187658e-01
  -4.9142230e-01
   7.3998943e-02
   7.6166692e-01
   1.7385564e+00
   3.4243097e+00
   5.1605767e+00
   5.4731531e+00
   1.8881603e+00
  -3.5760235e-02
  -6.6529918e-01
   8.0242291e-02
   4.0281923e-01
   9.3088758e-01
  -1.0881962e+00
  -1.5317334e+00
  -7.0727867e-01
   1.6112545e-01
   5.4539191e-01
   8.9261490e-01
   1.3267038e+00
   1.7033102e+00
   2.1124902e+00
   2.7180455e+00
   3.3865150e+00
   4.7073045e+00
   5.6240368e+00
   4.3309669e+00
   2.0624735e+00
   1.0012529e+00
   9.2745167e-01
   1.0023923e+00
   1.0288671e+00
   2.9769877e-01
  -1.9674584e-01
   2.8088784e-01
   8.8306683e-01
   1.1658314e+00
   1.2354193e+00
   1.1060140e+00
   8.9669895e-01
   7.1265042e-01
   6.9592255e-01
   7.7388555e-01
   9.5628035e-01
   1.1610703e+00
   1.3526347e+00
   1.5010632e+00
   1.5263898e+00
   1.4538362e+00
   1.2449938e+00
   9.1452569e-01
   3.8495821e-01
  -3.0807883e-01
  -7.3851871e-01
  -8.9914572e-01
  -6.6382349e-01
  -9.8017879e-02
   7.8677392e-01
   2.2772682e+00
   3.8715048e+00
   4.9954762e+00
   2.0438774e+00
   1.5807115e-01
   7.5801998e-01
  -1.4391561e-01
  -1.7102973e-01
  -4.0435150e-02
  -2.4463756e+00
  -3.2983103e+00
  -2.3298750e+00
  -1.3656839e+00
  -8.1788844e-01
  -3.2602113e-01
   3.7090957e-01
   1.1938330e+00
   2.3065200e+00
   4.1252689e+00
   5.8293581e+00
   5.3840446e+00
   1.5571585e+00
  -1.8509303e-01
  -7.3094589e-01
   4.5895675e-01
   6.9977725e-01
   1.0272387e+00
  -1.1767393e+00
  -1.5300770e+00
  -4.4857761e-01
   4.3260050e-01
   8.0920702e-01
   1.1865027e+00
   1.6547676e+00
   2.0553179e+00
   2.4925003e+00
   3.1414146e+00
   3.8371634e+00
   5.1934646e+00
   5.9473812e+00
   4.5389699e+00
   1.7330948e+00
   1.0571311e+00
   9.7664672e-01
   9.2962630e-01
   5.9632609e-01
  -1.5195229e-01
   5.7821318e-02
   7.9481244e-01
   1.4271621e+00
   1.6119238e+00
   1.5456992e+00
   1.3616705e+00
   1.1630059e+00
   1.0240317e+00
   1.0155857e+00
   1.0854982e+00
   1.2681121e+00
   1.4933901e+00
   1.6906612e+00
   1.7951286e+00
   1.7658311e+00
   1.6438338e+00
   1.3234029e+00
   8.2737577e-01
   1.4850202e-01
  -6.1032769e-01
  -9.5823649e-01
  -9.4822051e-01
  -4.7849590e-01
   2.5683309e-01
   1.2294478e+00
   2.6518434e+00
   4.0097306e+00
   4.9331480e+00
   2.3553069e+00
  -2.1372826e-01
   4.8973887e-01
  -4.5220661e-01
  -2.9679079e-01
  -2.6821868e-01
  -1.6260234e+00
  -3.8519286e+00
  -2.4927547e+00
  -1.2774158e+00
  -6.4664567e-01
  -3.0443918e-02
   8.4864196e-01
   1.8274009e+00
   3.0698740e+00
   4.9968381e+00
   6.4175723e+00
   4.9138437e+00
   9.9536690e-01
  -1.9166442e-02
   1.6787825e-01
   3.9423728e-01
   9.2622459e-01
   2.5035990e-01
  -1.2274717e+00
  -1.3016343e+00
  -4.0080462e-02
   7.3084908e-01
   1.1153903e+00
   1.5246278e+00
   2.0261637e+00
   2.4617122e+00
   2.9436677e+00
   3.6529916e+00
   4.3721595e+00
   5.5281728e+00
   5.9607557e+00
   4.5007420e+00
   1.8065692e+00
   7.4040852e-01
   4.8416981e-01
   7.5708668e-01
  -2.0850280e-02
  -2.9795355e-01
   1.3265692e-01
   1.2638316e+00
   1.9230123e+00
   1.9460312e+00
   1.7944348e+00
   1.5680954e+00
   1.3804508e+00
   1.2644115e+00
   1.2463776e+00
   1.3176535e+00
   1.5195874e+00
   1.7494001e+00
   1.9149301e+00
   1.9411347e+00
   1.8430412e+00
   1.6251577e+00
   1.1153162e+00
   4.5622149e-01
  -2.9347565e-01
  -9.3079269e-01
  -1.0568953e+00
  -8.0677019e-01
  -1.0530463e-01
   7.2541821e-01
   1.7119636e+00
   3.0740377e+00
   4.2621717e+00
   4.6906417e+00
   2.4202255e+00
  -1.5037875e-01
   1.0733792e-01
  -5.9780357e-01
  -4.1925213e-01
  -3.3649232e-01
  -1.2799921e+00
  -3.1627758e+00
  -2.4314345e+00
  -9.6519756e-01
  -2.6002702e-01
   4.6828106e-01
   1.4746544e+00
   2.5149214e+00
   3.7628462e+00
   5.5768569e+00
   6.8581614e+00
   3.2548201e+00
   3.5763093e-01
   2.8744948e-01
   9.1925746e-02
   5.1069513e-01
   8.1588793e-01
   3.2632931e-01
  -5.2607832e-01
  -7.4981570e-01
   3.4695773e-01
   1.0363577e+00
   1.4576631e+00
   1.9016197e+00
   2.4529273e+00
   2.9318204e+00
   3.4457206e+00
   4.1575663e+00
   4.8296409e+00
   5.6603649e+00
   5.8406966e+00
   4.4306426e+00
   1.8795490e+00
   4.2381949e-01
   2.0290617e-01
   3.9363090e-01
  -2.8195449e-01
  -2.7179345e-01
   3.6253394e-01
   1.8469653e+00
   2.1983330e+00
   2.1308939e+00
   1.9230784e+00
   1.6726417e+00
   1.4878454e+00
   1.3789507e+00
   1.3566745e+00
   1.4339704e+00
   1.6469256e+00
   1.8614996e+00
   1.9843509e+00
   1.9409933e+00
   1.7843802e+00
   1.4831800e+00
   8.4553559e-01
   1.2113903e-01
  -5.9836679e-01
  -1.0640885e+00
  -1.0092835e+00
  -6.0462927e-01
   2.1844885e-01
   1.0854273e+00
   2.0630360e+00
   3.3642908e+00
   4.3837804e+00
   4.3396911e+00
   2.0561547e+00
  -9.3936715e-02
  -1.5673546e-01
  -5.9947990e-01
  -5.1692045e-01
  -3.8338248e-01
  -1.1079066e+00
  -2.7807845e+00
  -2.1706252e+00
  -6.3829706e-01
   1.0923514e-01
   8.8990553e-01
   1.9327678e+00
   2.9662463e+00
   4.1686997e+00
   5.8178241e+00
   6.7395612e+00
   2.7223195e+00
   2.0093734e-01
   1.4998692e-01
   1.1057482e-02
   5.4406231e-01
   8.0965897e-01
   2.0219771e-01
  -1.1949594e-01
  -2.6612964e-01
   6.0422854e-01
   1.2983216e+00
   1.7356748e+00
   2.2019491e+00
   2.7833420e+00
   3.2852667e+00
   3.8121605e+00
   4.4970197e+00
   5.0932397e+00
   5.7392883e+00
   5.5683891e+00
   4.3007515e+00
   1.9934875e+00
  -7.1721928e-02
  -1.0389166e-01
  -2.9605982e-01
  -4.6561476e-01
  -1.2200156e-01
   8.2042546e-01
   2.8320143e+00
   2.4899371e+00
   2.3259499e+00
   2.0485524e+00
   1.7719041e+00
   1.5864021e+00
   1.4787094e+00
   1.4531712e+00
   1.5428362e+00
   1.7677991e+00
   1.9460156e+00
   1.9951385e+00
   1.8483797e+00
   1.6066501e+00
   1.1829623e+00
   3.8418757e-01
  -3.8063483e-01
  -9.8901583e-01
  -1.1544400e+00
  -8.4227678e-01
  -2.4980638e-01
   6.9403715e-01
   1.5803882e+00
   2.5295510e+00
   3.7352765e+00
   4.4914502e+00
   3.7217147e+00
   1.2149954e+00
  -9.9424183e-03
  -4.9534242e-01
  -5.1111971e-01
  -6.5414817e-01
  -4.4327168e-01
  -9.4847017e-01
  -2.3769531e+00
  -1.6362110e+00
  -1.1724646e-01
   6.7634952e-01
   1.5012248e+00
   2.5438104e+00
   3.5234842e+00
   4.6225594e+00
   5.9807202e+00
   6.2003788e+00
   2.6008520e+00
   2.5973824e-01
  -3.4595286e-01
  -1.1865096e-01
   5.4377066e-01
   8.6572260e-01
  -1.1863337e-01
   3.3064143e-01
   4.4801765e-01
   9.2495417e-01
   1.6809028e+00
   2.1302825e+00
   2.6236568e+00
   3.2397037e+00
   3.7648424e+00
   4.3000978e+00
   4.9240567e+00
   5.3833383e+00
   5.4116330e+00
   4.8182635e+00
   3.5106001e+00
   1.5267811e+00
  -3.5524243e-01
  -6.3574619e-02
  -2.6036549e-01
  -3.6799890e-01
   6.0196497e-02
   2.0251138e+00
   3.0137386e+00
   2.4973072e+00
   2.3352895e+00
   1.9555414e+00
   1.6322453e+00
   1.4182916e+00
   1.3041514e+00
   1.2996603e+00
   1.4161797e+00
   1.6162859e+00
   1.6950508e+00
   1.6284829e+00
   1.3584659e+00
   1.0107437e+00
   4.8002967e-01
  -3.3913469e-01
  -9.0708197e-01
  -1.1618936e+00
  -9.0624964e-01
  -3.5479279e-01
   3.5019863e-01
   1.3238845e+00
   2.1843622e+00
   3.0734892e+00
   4.2462916e+00
   5.2066177e+00
   3.2686572e+00
   1.0826179e+00
  -1.9782106e-01
  -3.6903313e-01
  -7.8410506e-01
  -4.4148529e-01
  -3.4179986e-01
  -3.8036087e-01
  -1.3467733e+00
  -8.0979311e-01
   6.9604969e-01
   1.4617072e+00
   2.2347579e+00
   3.1718767e+00
   4.0069966e+00
   4.8854189e+00
   5.7875910e+00
   5.2996381e+00
   1.8326995e+00
  -1.5212688e-01
   1.3183053e-01
   4.5620427e-03
   1.0654080e+00
   2.2606306e-01
  -3.0309850e-01
   3.1918806e-01
   1.2698984e+00
   1.6913548e+00
   2.1990271e+00
   2.6368002e+00
   3.1366320e+00
   3.7761762e+00
   4.2902741e+00
   4.7662654e+00
   5.2025318e+00
   5.4010018e+00
   5.0339084e+00
   4.2163997e+00
   2.8746647e+00
   1.1080213e+00
  -5.8214909e-01
  -1.8501417e-01
  -1.3451886e-01
  -2.2897865e-01
   3.4504919e-01
   2.3598478e+00
   2.8745894e+00
   2.3850090e+00
   2.1816423e+00
   1.7293582e+00
   1.3785941e+00
   1.1546360e+00
   1.0584568e+00
   1.0835078e+00
   1.2121232e+00
   1.3875724e+00
   1.4185019e+00
   1.2988671e+00
   9.7071093e-01
   5.7977161e-01
   3.8581971e-02
  -6.8652439e-01
  -1.0739977e+00
  -1.1156579e+00
  -6.6755539e-01
  -3.0490370e-02
   7.0667505e-01
   1.6785761e+00
   2.5216629e+00
   3.3869362e+00
   4.5046811e+00
   5.2590225e+00
   2.7343857e+00
   5.6644976e-01
  -1.6207762e-01
  -3.3188289e-01
  -6.4006311e-01
  -3.1665458e-01
  -1.9931833e-01
  -2.4119064e-01
  -7.5522731e-01
  -3.0313078e-01
   1.1568570e+00
   1.8736048e+00
   2.5981433e+00
   3.4599485e+00
   4.2040722e+00
   4.9432931e+00
   5.5923634e+00
   4.9286903e+00
   1.5800536e+00
  -9.6203074e-02
   3.2762789e-01
   9.8838687e-02
   9.5643216e-01
   2.2927643e-01
  -3.3785543e-01
   3.3152238e-01
   1.6605928e+00
   2.0698948e+00
   2.4919667e+00
   2.9170780e+00
   3.4071643e+00
   4.0269194e+00
   4.5071047e+00
   4.9273334e+00
   5.2266283e+00
   5.2389515e+00
   4.3708855e+00
   3.2636403e+00
   1.8668577e+00
   4.2001238e-01
  -9.4101960e-01
  -4.6441156e-01
   1.1978888e-01
   2.5492355e-02
   8.7456227e-01
   2.5316490e+00
   2.4928218e+00
   2.1402445e+00
   1.8470929e+00
   1.2854151e+00
   8.9681267e-01
   6.6428562e-01
   6.0964934e-01
   6.8863788e-01
   8.3104623e-01
   9.6479189e-01
   9.3810901e-01
   7.5700090e-01
   3.5990748e-01
  -7.5741095e-02
  -5.9078384e-01
  -1.1044178e+00
  -1.1934392e+00
  -9.3765221e-01
  -2.6727928e-01
   4.4501082e-01
   1.2001771e+00
   2.1546715e+00
   2.9721371e+00
   3.8134299e+00
   4.8277850e+00
   5.0464803e+00
   1.7918506e+00
  -4.8298806e-01
   1.9362321e-04
  -3.0945454e-01
  -2.0627775e-01
  -1.4500127e-01
   6.0840114e-02
  -2.0033912e-01
   4.8007305e-02
   4.1027899e-01
   1.7776572e+00
   2.4019648e+00
   3.0457807e+00
   3.7936387e+00
   4.4078734e+00
   4.9481825e+00
   5.2604936e+00
   4.5408243e+00
   1.3862215e+00
   2.1130162e-01
   5.3128641e-01
   2.4548268e-01
   4.8496363e-01
   5.2704905e-01
  -3.2869457e-01
   3.6324617e-01
   2.1267636e+00
   2.5351660e+00
   2.8861139e+00
   3.2892813e+00
   3.7554836e+00
   4.3220112e+00
   4.7343112e+00
   5.0616148e+00
   5.1518032e+00
   4.8825501e+00
   3.2483139e+00
   2.1127927e+00
   9.7137368e-01
  -1.7836088e-01
  -8.9606965e-01
  -9.0129369e-01
  -3.6377952e-02
   9.0824485e-01
   1.5007448e+00
   2.1277156e+00
   1.6936078e+00
   1.4665940e+00
   1.0066851e+00
   3.7986621e-01
   1.6346093e-02
  -1.5421844e-01
  -1.2609453e-01
  -1.1312835e-02
   1.1698782e-01
   1.9877613e-01
   1.4142084e-01
  -5.0143085e-02
  -4.0935135e-01
  -7.4159253e-01
  -1.0319431e+00
  -1.1475848e+00
  -9.2698193e-01
  -4.6821979e-01
   2.8706554e-01
   9.9838084e-01
   1.7295542e+00
   2.6052539e+00
   3.3258262e+00
   4.0401549e+00
   4.7412782e+00
   4.6492348e+00
   9.3956208e-01
   1.4621596e-01
   4.6010363e-01
  -3.5265498e-03
  -9.7155217e-03
  -1.0922655e-01
  -1.2820056e-01
   2.8324217e-01
   5.5965841e-01
   1.3742093e+00
   2.3842969e+00
   2.8670936e+00
   3.3942583e+00
   4.0082550e+00
   4.4765148e+00
   4.8190250e+00
   4.8429141e+00
   4.0151076e+00
   1.6294465e+00
   5.0384855e-01
   3.5147393e-01
   3.0732527e-01
   5.3758866e-01
  -1.6277808e-01
   8.2438403e-01
   1.5035669e+00
   3.0089045e+00
   3.0177157e+00
   3.2506034e+00
   3.6018484e+00
   4.0145979e+00
   4.4803977e+00
   4.7868490e+00
   4.9605188e+00
   4.6964383e+00
   4.0205951e+00
   2.6151599e+00
   1.6198367e+00
   5.5642766e-01
  -3.1710653e-01
  -8.0490093e-01
  -6.9437939e-01
   2.7262668e-01
   1.2941795e+00
   1.6358385e+00
   1.6747657e+00
   1.2900959e+00
   9.7552627e-01
   4.6448332e-01
  -1.6838492e-01
  -5.0673163e-01
  -6.5125654e-01
  -6.0602454e-01
  -4.9318415e-01
  -3.8381811e-01
  -3.2802715e-01
  -3.8840252e-01
  -5.5608157e-01
  -8.3864825e-01
  -1.0576009e+00
  -1.1877591e+00
  -1.0913776e+00
  -7.3612803e-01
  -2.0047734e-01
   5.7639960e-01
   1.2750033e+00
   1.9790106e+00
   2.7909853e+00
   3.4294653e+00
   4.0406706e+00
   4.6262372e+00
   4.1715031e+00
   6.7050062e-01
   3.0401387e-01
   4.9434689e-01
   1.1870945e-01
   2.4489231e-03
  -1.3009511e-01
  -1.3699935e-01
   5.4184357e-01
   8.9290822e-01
   1.8920559e+00
   2.6779467e+00
   3.1108348e+00
   3.5768587e+00
   4.1131351e+00
   4.4980278e+00
   4.7363828e+00
   4.6241010e+00
   3.7691443e+00
   1.5794137e+00
   5.2547637e-01
   3.2074091e-01
   3.3848383e-01
   4.6750447e-01
  -8.3028264e-03
   1.4351842e+00
   2.1008166e+00
   3.3387749e+00
   3.2173366e+00
   3.4083540e+00
   3.7199936e+00
   4.0899799e+00
   4.4937041e+00
   4.7312098e+00
   4.7909163e+00
   4.2805383e+00
   3.4042921e+00
   1.6082617e+00
   1.0526959e+00
   2.1679410e-02
  -2.6179524e-01
  -5.6853274e-01
   2.6410265e-01
   1.3153766e+00
   1.7524808e+00
   1.5478700e+00
   6.4186609e-01
   7.1401589e-01
   4.0305651e-02
  -4.9246191e-01
  -1.0923358e+00
  -1.3753396e+00
  -1.4908230e+00
  -1.4594419e+00
  -1.3804147e+00
  -1.3164021e+00
  -1.2973621e+00
  -1.3427132e+00
  -1.4310561e+00
  -1.5149953e+00
  -1.4774693e+00
  -1.3064146e+00
  -8.9014511e-01
  -3.7628948e-01
   2.2943892e-01
   1.0041351e+00
   1.6656382e+00
   2.3075136e+00
   2.9913723e+00
   3.4611990e+00
   3.8646547e+00
   4.3513064e+00
   3.0595505e+00
   5.3648011e-01
   2.8131032e-01
   2.3618222e-01
   2.4324123e-01
  -1.1524913e-01
  -2.2027377e-01
  -1.5166188e-02
   9.3345059e-01
   1.4848930e+00
   2.6797195e+00
   3.0775859e+00
   3.4726287e+00
   3.8478812e+00
   4.2574784e+00
   4.5083576e+00
   4.5913575e+00
   4.2993275e+00
   3.4481837e+00
   1.2399020e+00
   3.6079917e-01
   3.7001060e-01
   3.8286721e-01
   2.1752862e-01
   9.9206408e-01
   2.3516066e+00
   2.9868671e+00
   3.6305527e+00
   3.4340631e+00
   3.5928162e+00
   3.8271427e+00
   4.1116054e+00
   4.4093065e+00
   4.5243337e+00
   4.3648845e+00
   3.3982815e+00
   2.2434953e+00
   8.6312437e-01
   4.1584957e-01
   1.4714620e-01
  -4.1692263e-01
  -4.2688248e-01
   3.3305609e-01
   1.2327400e+00
   1.6730080e+00
   5.3595549e-01
   9.0784758e-02
   2.6037174e-01
  -7.2082907e-01
  -1.4207104e+00
  -1.9246347e+00
  -2.1652732e+00
  -2.2683244e+00
  -2.2760262e+00
  -2.2417407e+00
  -2.2078874e+00
  -2.1819830e+00
  -2.1705909e+00
  -2.1360719e+00
  -2.0016160e+00
  -1.7672615e+00
  -1.4154882e+00
  -8.4501952e-01
  -2.7387381e-01
   3.4310842e-01
   1.0874821e+00
   1.6845977e+00
   2.2390256e+00
   2.8107877e+00
   3.1814854e+00
   3.5036304e+00
   3.9424663e+00
   2.3619137e+00
   9.8062202e-02
   1.9289163e-01
   1.3218765e-01
   6.4027600e-02
  -5.6363434e-01
  -9.6287644e-01
  -5.4899567e-01
   1.4293434e-01
   1.3070188e+00
   3.8023858e+00
   3.3227382e+00
   3.5941615e+00
   3.9810567e+00
   4.3299522e+00
   4.4958453e+00
   4.4735317e+00
   3.9394500e+00
   3.0407920e+00
   1.4085264e+00
   3.4407344e-01
   1.8170492e-01
   1.7629179e-01
   3.4845445e-01
   1.0192655e+00
   3.0389986e+00
   3.2379005e+00
   3.5341492e+00
   3.3705750e+00
   3.5061738e+00
   3.6509142e+00
   3.8291187e+00
   4.0029292e+00
   3.9978905e+00
   3.6535745e+00
   2.3540606e+00
   1.2524744e+00
   4.8706838e-01
   1.4835632e-01
   1.7110869e-01
  -3.9397851e-01
  -3.5889626e-01
   3.1083313e-01
   1.2291880e+00
   1.3825204e+00
   9.0855472e-03
  -7.7321276e-02
   9.1064088e-03
  -1.1822642e+00
  -1.9043088e+00
  -2.3458579e+00
  -2.5615020e+00
  -2.6613972e+00
  -2.6953802e+00
  -2.6884711e+00
  -2.6725123e+00
  -2.6420949e+00
  -2.5970612e+00
  -2.4960561e+00
  -2.2487638e+00
  -1.9150124e+00
  -1.4734994e+00
  -8.2802182e-01
  -2.3165815e-01
   3.8585517e-01
   1.1067535e+00
   1.6624291e+00
   2.1616042e+00
   2.6620300e+00
   2.9723551e+00
   3.2438419e+00
   3.5858588e+00
   1.9029564e+00
  -9.5032454e-02
   1.7042759e-01
   7.5087801e-02
  -1.9638445e-02
  -9.2557979e-01
  -1.5667577e+00
  -8.8572049e-01
  -3.0102235e-01
   1.2216952e+00
   4.3189216e+00
   3.3913629e+00
   3.6260078e+00
   4.0191097e+00
   4.3388143e+00
   4.4608769e+00
   4.3786654e+00
   3.7011497e+00
   2.7061257e+00
   1.4251956e+00
   3.9186072e-01
   9.4811954e-02
   9.7525850e-02
   4.0784547e-01
   1.1675459e+00
   3.4619164e+00
   3.3029053e+00
   3.3849061e+00
   3.2574961e+00
   3.3844306e+00
   3.4831338e+00
   3.6051326e+00
   3.7098215e+00
   3.6399219e+00
   3.2052407e+00
   1.7596235e+00
   6.8502009e-01
   1.4173907e-01
   1.9107583e-01
  -1.7405528e-02
   1.6857072e-01
  -3.1519540e-01
  -1.4575496e-02
   1.4299991e+00
  -2.2346164e-01
  -5.6126101e-01
   3.5675054e-01
  -3.4101464e-01
  -2.0194876e+00
  -2.4293201e+00
  -2.7389665e+00
  -2.9123293e+00
  -3.0260074e+00
  -3.1191950e+00
  -3.1630763e+00
  -3.1778528e+00
  -3.1376815e+00
  -3.0349906e+00
  -2.8489678e+00
  -2.4840631e+00
  -2.0587058e+00
  -1.5426236e+00
  -8.4330955e-01
  -2.4355272e-01
   3.4690980e-01
   1.0025388e+00
   1.4723138e+00
   1.8612764e+00
   2.2172261e+00
   2.4167832e+00
   2.5902845e+00
   2.4546025e+00
   9.0985174e-01
  -1.2169428e-01
   2.6832389e-01
  -2.0359101e-03
  -6.0205921e-02
  -1.9835402e+00
  -3.3467303e+00
  -1.5549689e+00
  -9.4939410e-01
   1.1671241e+00
   4.5255355e+00
   3.1596665e+00
   3.4975190e+00
   3.8980935e+00
   4.1987108e+00
   4.2755022e+00
   4.1021921e+00
   3.1791619e+00
   1.7084650e+00
   1.0744720e+00
   7.3649800e-01
   5.8564285e-02
   1.6152921e-01
   4.2662874e-01
   2.0234036e+00
   4.2568137e+00
   3.0326484e+00
   2.7098191e+00
   2.7202021e+00
   2.8553371e+00
   2.9073527e+00
   2.9639443e+00
   2.9698780e+00
   2.8175935e+00
   2.3156221e+00
   8.5303507e-01
  -1.9607436e-01
   1.2712192e-02
   3.0943200e-02
   1.7281061e-01
   1.7359789e-01
  -3.6178041e-01
  -2.6900595e-01
  -2.4882711e-02
  -4.9870947e-01
  -1.8475613e-01
   4.2024907e-01
  -6.5446305e-01
  -1.7499281e+00
  -2.0341477e+00
  -2.2799797e+00
  -2.4417543e+00
  -2.5667377e+00
  -2.6830485e+00
  -2.7518127e+00
  -2.7897501e+00
  -2.7730920e+00
  -2.6848311e+00
  -2.5125570e+00
  -2.1631072e+00
  -1.7571365e+00
  -1.2708118e+00
  -6.1298585e-01
  -5.3010933e-02
   4.8896775e-01
   1.0821381e+00
   1.4996923e+00
   1.8275266e+00
   2.0752249e+00
   2.1435323e+00
   2.1000834e+00
   1.6087857e+00
   4.8686147e-01
  -8.2331784e-02
   6.6816263e-02
  -1.9320349e-01
  -1.2959552e-01
  -2.1620615e+00
  -3.5919192e+00
  -1.7773588e+00
  -6.5948719e-01
   1.4668046e+00
   3.8994269e+00
   2.9014835e+00
   3.3814597e+00
   3.7819703e+00
   4.0807428e+00
   4.1347280e+00
   3.9160156e+00
   2.8119125e+00
   1.2774787e+00
   6.5961355e-01
   5.2862364e-01
   2.9065752e-01
   2.5152206e-01
   5.8901501e-01
   2.8101344e+00
   4.6581969e+00
   3.0825200e+00
   2.4955790e+00
   2.5258093e+00
   2.5946605e+00
   2.5924439e+00
   2.5868452e+00
   2.4945784e+00
   2.3104632e+00
   1.8951215e+00
   5.8500296e-01
  -3.3917776e-01
  -8.4505640e-02
  -8.9711845e-02
   3.1613266e-01
   1.7738570e-01
  -3.9688078e-01
  -4.6071160e-01
  -1.1210918e+00
  -7.0610034e-01
   9.8928884e-02
   4.6809340e-01
  -8.9063692e-01
  -1.5468233e+00
  -1.7363979e+00
  -1.9341474e+00
  -2.0871906e+00
  -2.2206922e+00
  -2.3544257e+00
  -2.4419382e+00
  -2.4973271e+00
  -2.4983854e+00
  -2.4209967e+00
  -2.2590823e+00
  -1.9212767e+00
  -1.5299129e+00
  -1.0660100e+00
  -4.3944407e-01
   9.0556502e-02
   5.9600407e-01
   1.1421137e+00
   1.5203211e+00
   1.8020974e+00
   1.9682314e+00
   1.9376462e+00
   1.7307322e+00
   9.7148883e-01
   1.6815117e-01
  -5.2673344e-02
  -8.5013568e-02
  -3.3724245e-01
  -1.8187845e-01
  -2.2965720e+00
  -3.7766619e+00
  -1.9449232e+00
  -4.4105119e-01
   1.6926047e+00
   3.4276736e+00
   2.7069507e+00
   3.2940128e+00
   3.6944754e+00
   3.9918575e+00
   4.0286589e+00
   3.7757380e+00
   2.5352020e+00
   9.5274341e-01
   3.4703046e-01
   3.7199670e-01
   4.6553272e-01
   3.1932896e-01
   7.1136820e-01
   3.4029124e+00
   4.9606271e+00
   3.1200972e+00
   2.3341558e+00
   2.3793406e+00
   2.3982489e+00
   2.3551700e+00
   2.3027124e+00
   2.1364548e+00
   1.9283559e+00
   1.5782869e+00
   3.8304901e-01
  -4.4700181e-01
   3.6997132e-02
  -4.3581903e-02
   1.1311989e-01
   4.4977441e-01
  -5.2177900e-01
  -4.5308438e-01
  -7.3073894e-01
  -2.5293320e-01
   5.2133155e-01
   7.2967201e-02
  -5.0468218e-01
  -7.7613711e-01
  -9.0182948e-01
  -1.0443537e+00
  -1.1412971e+00
  -1.2224914e+00
  -1.3017080e+00
  -1.3574781e+00
  -1.3942177e+00
  -1.3950709e+00
  -1.3442440e+00
  -1.2263079e+00
  -9.6049845e-01
  -6.2457210e-01
  -1.9682996e-01
   4.2027268e-01
   9.7855222e-01
   1.5236692e+00
   2.1072178e+00
   2.4796944e+00
   2.6728494e+00
   2.5147882e+00
   1.9635812e+00
   1.0953617e+00
  -8.3112396e-02
  -9.5324993e-01
   1.0155413e-01
  -5.0772130e-01
  -7.1841466e-01
  -1.0237125e+00
  -2.9652977e+00
  -2.0821028e+00
  -2.3939703e+00
  -4.1483629e-01
   1.1368675e+00
   2.1291001e+00
   2.5070250e+00
   3.2264280e+00
   3.5982442e+00
   3.7296832e+00
   3.7824836e+00
   3.4123690e+00
   2.2922077e+00
   1.0357400e+00
   1.0345741e-01
   8.3269078e-01
   2.2137246e-01
   1.0060420e-01
   9.2822909e-01
   4.1795731e+00
   5.6128283e+00
   3.6727295e+00
   2.0490527e+00
   2.0256586e+00
   1.9711429e+00
   1.7516770e+00
   1.4647982e+00
   1.0246793e+00
   8.4223193e-01
   8.4311926e-01
   4.0379182e-01
  -1.0524698e-02
  -3.8087776e-01
  -1.4566176e-02
  -1.6055545e-01
   1.0581391e-01
  -2.3954585e-01
  -5.1677299e-01
  -6.1644101e-01
  -1.8715724e-01
   2.7036807e-01
  -1.0188869e-01
  -6.0859573e-01
  -8.9295787e-01
  -1.0773904e+00
  -1.2660918e+00
  -1.3783144e+00
  -1.4536037e+00
  -1.4950702e+00
  -1.5009853e+00
  -1.4791408e+00
  -1.4088695e+00
  -1.3076931e+00
  -1.1519163e+00
  -8.5674429e-01
  -5.1001161e-01
  -8.4034845e-02
   5.1340449e-01
   1.0496061e+00
   1.5656496e+00
   2.0843196e+00
   2.3625870e+00
   2.4265077e+00
   2.1183610e+00
   1.5132604e+00
   6.0615724e-01
  -6.4506960e-01
  -1.1308780e+00
   2.6766032e-02
  -6.9189405e-01
  -1.2396595e+00
  -1.9107201e+00
  -2.6872516e+00
  -1.7079825e+00
  -2.1384523e+00
  -5.5737394e-01
   6.7182660e-01
   1.4203242e+00
   1.8025063e+00
   2.5677934e+00
   2.9956503e+00
   3.0777495e+00
   2.9911263e+00
   3.1638460e+00
   2.4293892e+00
   9.8113012e-01
   1.3058390e-01
   5.9694350e-01
   2.8633985e-01
   1.8943390e-01
   1.2860849e+00
   3.9898522e+00
   5.4046130e+00
   3.7503519e+00
   2.0847883e+00
   1.8448747e+00
   1.5714591e+00
   1.2838265e+00
   9.8624343e-01
   5.9747142e-01
   5.0007349e-01
   6.7668581e-01
   4.6231222e-01
  -3.2270133e-02
  -9.3547879e-01
   2.3943336e-02
  -5.2377566e-01
  -3.5068836e-01
   1.3503223e-01
  -6.0130017e-01
  -4.6474555e-01
  -9.9859833e-02
  -6.2709067e-02
  -3.3395630e-01
  -7.4650903e-01
  -1.0480017e+00
  -1.3103939e+00
  -1.5603813e+00
  -1.6928824e+00
  -1.7603348e+00
  -1.7516993e+00
  -1.6914473e+00
  -1.5918502e+00
  -1.4271830e+00
  -1.2591833e+00
  -1.0531841e+00
  -7.1904260e-01
  -3.5796775e-01
   6.5666119e-02
   6.3700856e-01
   1.1439084e+00
   1.6213660e+00
   2.0539291e+00
   2.2071630e+00
   2.0995645e+00
   1.5922256e+00
   9.1559752e-01
  -4.3111873e-02
  -1.3908958e+00
  -1.3666249e+00
  -7.2492202e-02
  -9.3632704e-01
  -1.9314525e+00
  -3.0879511e+00
  -2.3182304e+00
  -1.2114525e+00
  -1.7993305e+00
  -7.4654901e-01
   5.4627189e-02
   4.7964167e-01
   8.6747377e-01
   1.6936584e+00
   2.1958915e+00
   2.2125071e+00
   1.9408425e+00
   2.8340082e+00
   2.6114556e+00
   9.0865217e-01
   1.6658601e-01
   2.8406113e-01
   3.7256419e-01
   3.0732816e-01
   1.7610291e+00
   3.7380552e+00
   5.1282725e+00
   3.8533717e+00
   2.1322162e+00
   1.6049397e+00
   1.0410009e+00
   6.6289796e-01
   3.5110861e-01
   3.0483904e-02
   4.5962978e-02
   4.5579654e-01
   5.3998023e-01
  -6.1130523e-02
  -3.4636346e-01
  -4.0255430e-01
   1.1176348e-02
  -1.5032184e-01
   7.4805364e-02
  -2.8382084e-01
  -2.5141841e-01
  -2.1457008e-01
  -4.0890121e-01
  -7.3939884e-01
  -1.2142783e+00
  -1.5954521e+00
  -1.9669273e+00
  -2.3451242e+00
  -2.5935540e+00
  -2.7815852e+00
  -2.9052963e+00
  -2.9188380e+00
  -2.8549874e+00
  -2.6655350e+00
  -2.4216099e+00
  -2.1124117e+00
  -1.6724341e+00
  -1.2795861e+00
  -8.8019168e-01
  -4.0298110e-01
  -3.3816695e-02
   2.8021729e-01
   5.1919192e-01
   5.6416094e-01
   4.4842419e-01
   1.6859579e-01
  -6.3282549e-03
  -3.0793127e-01
  -1.6603168e+00
  -2.4723470e+00
  -8.2052028e-01
  -9.0361387e-01
  -3.3540344e+00
  -2.0371799e+00
  -1.1829648e+00
  -1.8143454e+00
  -1.9294711e+00
  -1.7354004e+00
  -1.5114789e+00
  -1.4523642e+00
  -1.1535063e+00
  -2.1708734e-01
   7.8403389e-01
   1.0150971e+00
   1.1117634e+00
   1.9705175e+00
   1.6678348e+00
   1.2621589e+00
   1.2358511e-01
   5.5939621e-01
   2.7464974e-01
   4.6723366e-01
   1.3840185e+00
   2.7924876e+00
   3.9848077e+00
   2.5228887e+00
   1.7497036e+00
   1.1899779e+00
   3.6544997e-01
  -1.2356857e-01
  -3.8403377e-01
  -1.1828446e-01
   4.7635235e-02
   5.2668071e-01
   7.0187134e-01
   3.6400515e-01
  -2.2563277e-01
  -3.1033909e-01
   2.3778397e-01
  -1.4902301e-02
   1.1509185e-01
  -1.8691757e-01
  -1.9002652e-01
  -2.4557781e-01
  -4.8578703e-01
  -8.2590336e-01
  -1.3088646e+00
  -1.7140208e+00
  -2.1143999e+00
  -2.5362260e+00
  -2.8321605e+00
  -3.0761850e+00
  -3.2798426e+00
  -3.3649635e+00
  -3.3734510e+00
  -3.2642512e+00
  -3.0749571e+00
  -2.8048971e+00
  -2.3895378e+00
  -2.0057454e+00
  -1.6142973e+00
  -1.1512975e+00
  -8.0477941e-01
  -5.1446140e-01
  -2.6589552e-01
  -1.5834166e-01
  -1.7838743e-01
  -3.7709761e-01
  -4.1800219e-01
  -2.8469390e-01
  -1.4373342e+00
  -3.6201229e+00
  -1.6180695e+00
  -8.5553306e-01
  -3.4513290e+00
  -1.9795928e+00
  -1.2406069e+00
  -1.9749258e+00
  -2.1446147e+00
  -2.2558584e+00
  -2.2501061e+00
  -2.3117852e+00
  -2.0632622e+00
  -1.1079497e+00
   2.5482452e-01
   7.1789294e-01
   8.9517069e-01
   1.8210378e+00
   1.7169859e+00
   1.2531207e+00
   2.5374860e-01
   4.9991193e-01
   2.9558495e-01
   2.1270710e-01
   1.1340610e+00
   2.3180585e+00
   3.3896492e+00
   2.3615294e+00
   1.9752166e+00
   1.3575435e+00
   2.3600687e-01
  -4.2235565e-01
  -6.2486327e-01
   9.1067366e-02
   3.2866567e-01
   7.7721959e-01
   8.5515785e-01
   4.6024823e-01
  -1.6357702e-01
   6.1745797e-02
   5.6571171e-01
   2.2526674e-01
   2.3093310e-01
  -7.9553358e-02
  -1.2652377e-01
  -2.7507212e-01
  -5.3604160e-01
  -8.7653987e-01
  -1.3551747e+00
  -1.7864919e+00
  -2.2135660e+00
  -2.6891882e+00
  -3.0524647e+00
  -3.3818186e+00
  -3.7220533e+00
  -3.9460181e+00
  -4.1092062e+00
  -4.1955050e+00
  -4.1611705e+00
  -4.0202038e+00
  -3.7012076e+00
  -3.3502083e+00
  -2.9682295e+00
  -2.5033506e+00
  -2.1583852e+00
  -1.8625873e+00
  -1.5200398e+00
  -1.2270804e+00
  -1.0219524e+00
  -1.1166163e+00
  -1.0322322e+00
  -1.3264345e-01
  -8.1984400e-01
  -5.8752233e+00
  -3.1925799e+00
  -7.5602561e-01
  -3.1502193e+00
  -2.2351523e+00
  -1.7949873e+00
  -2.1243938e+00
  -2.5958884e+00
  -3.0978526e+00
  -3.3847655e+00
  -3.5913374e+00
  -3.4267133e+00
  -2.4683727e+00
  -4.5078527e-01
   4.7147201e-01
   6.9945304e-01
   1.7938786e+00
   2.1806594e+00
   1.1011821e+00
   5.7186989e-01
   2.5981406e-01
   3.8046092e-01
  -4.3744662e-01
   6.9341409e-01
   1.5668918e+00
   2.4315045e+00
   2.4797866e+00
   2.6404748e+00
   1.9002904e+00
   1.8574397e-01
  -8.2468450e-01
  -9.1164910e-01
   6.3221623e-01
   9.8049536e-01
   1.3326197e+00
   1.1510605e+00
   5.2619881e-01
   1.2204407e-01
   5.5071763e-02
   8.1746554e-01
   8.0096244e-01
   2.4471095e-01
  -2.5323965e-04
  -9.4895540e-02
  -2.3443727e-01
  -4.4098043e-01
  -7.1544586e-01
  -1.1356281e+00
  -1.5307968e+00
  -1.9195309e+00
  -2.3580381e+00
  -2.7035773e+00
  -3.0322885e+00
  -3.4097902e+00
  -3.6956670e+00
  -3.9455972e+00
  -4.1802261e+00
  -4.3023334e+00
  -4.3403089e+00
  -4.2494795e+00
  -4.0607767e+00
  -3.7950277e+00
  -3.3944647e+00
  -3.0369265e+00
  -2.6895541e+00
  -2.2239057e+00
  -1.7103338e+00
  -1.1774284e+00
  -1.1683532e+00
  -1.5972525e+00
  -5.3104487e-01
  -6.9679378e-01
  -6.3789692e+00
  -6.2146644e+00
  -2.0420738e+00
  -2.0022779e+00
  -1.8407506e+00
  -1.5778682e+00
  -2.1916158e+00
  -2.7999498e+00
  -3.3936565e+00
  -3.8322186e+00
  -4.2174847e+00
  -4.4625638e+00
  -3.8724208e+00
  -1.0565770e+00
   7.0560644e-01
   4.3933553e-01
   1.5519554e+00
   2.3428294e+00
   7.5584209e-01
   1.7917989e-01
   2.9495080e-01
  -2.1308252e-01
  -5.8391098e-01
   6.8386964e-01
   9.2729098e-01
   7.8680580e-01
   1.4513545e+00
   2.6157627e+00
   2.7194325e+00
   7.5399552e-01
  -7.1572268e-01
  -8.1644355e-01
   3.9227580e-01
   7.7886105e-01
   1.3975802e+00
   1.3547842e+00
   8.0768478e-01
   3.1446505e-01
   1.5907383e-01
   9.4125176e-01
   1.0451982e+00
   3.0018148e-01
   3.6430213e-02
  -8.6182490e-02
  -2.0896567e-01
  -3.7878706e-01
  -6.0860884e-01
  -9.8649532e-01
  -1.3575284e+00
  -1.7211721e+00
  -2.1302505e+00
  -2.4567978e+00
  -2.7750835e+00
  -3.1583149e+00
  -3.4630523e+00
  -3.7432384e+00
  -4.0355697e+00
  -4.2255168e+00
  -4.3488493e+00
  -4.3798161e+00
  -4.2931800e+00
  -4.1133757e+00
  -3.7771142e+00
  -3.4316960e+00
  -3.0695863e+00
  -2.5641158e+00
  -1.9519939e+00
  -1.2145078e+00
  -1.0475204e+00
  -1.9241016e+00
  -8.6076730e-01
  -6.2775391e-01
  -5.6764725e+00
  -6.1365800e+00
  -1.9725091e+00
  -1.2980263e+00
  -1.5064580e+00
  -1.4650130e+00
  -2.1407332e+00
  -2.7669895e+00
  -3.3950987e+00
  -3.9131122e+00
  -4.4123287e+00
  -4.9057746e+00
  -4.6197495e+00
  -1.8154881e+00
   4.9935165e-01
   8.2001207e-02
   1.2171878e+00
   2.2793958e+00
   7.1350500e-01
  -1.2077063e-02
   2.9216352e-01
  -4.2236424e-01
  -7.1402615e-01
   7.0720804e-01
   7.5135264e-01
   3.2325950e-01
   1.1969192e+00
   2.7549674e+00
   3.0492041e+00
   1.0622844e+00
  -5.9635054e-01
  -7.7304906e-01
   1.4936186e-01
   5.8464228e-01
   1.3161898e+00
   1.4304372e+00
   8.7722965e-01
   6.8165396e-01
   5.6318685e-01
   1.0906225e+00
   1.2390678e+00
   4.9358010e-01
   7.4701420e-02
  -9.3427986e-02
  -1.6396780e-01
  -2.6361015e-01
  -4.0794069e-01
  -6.9958785e-01
  -1.0249766e+00
  -1.3421406e+00
  -1.6866771e+00
  -1.9636330e+00
  -2.2430821e+00
  -2.6005234e+00
  -2.8979424e+00
  -3.1824470e+00
  -3.5048517e+00
  -3.7530745e+00
  -3.9725784e+00
  -4.1754650e+00
  -4.2698186e+00
  -4.2685023e+00
  -4.0946968e+00
  -3.8114359e+00
  -3.4591239e+00
  -2.9593772e+00
  -2.2541096e+00
  -1.1570132e+00
  -5.2184708e-01
  -2.4458387e+00
  -1.6061940e+00
  -5.2227504e-01
  -2.3611528e+00
  -1.9805711e+00
  -6.5708176e-02
  -8.5122270e-02
  -7.3854023e-01
  -1.3129945e+00
  -1.8613533e+00
  -2.3810445e+00
  -3.0228623e+00
  -3.6494381e+00
  -4.3539051e+00
  -5.2688921e+00
  -5.6694757e+00
  -3.9285879e+00
  -5.8414994e-01
  -9.4503191e-01
   2.5275774e-01
   1.8310343e+00
   9.9344468e-01
  -2.3811843e-01
   2.3669438e-01
  -4.6048986e-01
  -1.0219173e+00
   8.0816723e-01
   8.9886687e-01
   6.6024815e-01
   1.5423682e+00
   3.3160134e+00
   3.2575599e+00
   1.5092970e+00
  -2.8143382e-01
  -7.2956160e-01
  -4.6821752e-01
   1.0336966e-01
   9.2365612e-01
   1.4580546e+00
   7.8231774e-01
   3.8581908e-01
   7.2187740e-01
   1.5059388e+00
   1.3326199e+00
   6.1810017e-01
   1.4955062e-01
  -6.1866056e-02
  -1.2125508e-01
  -1.8048307e-01
  -2.6644641e-01
  -4.7260585e-01
  -7.5701636e-01
  -1.0492787e+00
  -1.3583452e+00
  -1.5979557e+00
  -1.8406895e+00
  -2.1578398e+00
  -2.4315405e+00
  -2.7008166e+00
  -3.0153155e+00
  -3.2722964e+00
  -3.5295687e+00
  -3.8222671e+00
  -4.0220551e+00
  -4.1571112e+00
  -4.1556563e+00
  -3.9637129e+00
  -3.6491323e+00
  -3.1873236e+00
  -2.5327706e+00
  -1.2901067e+00
   1.8385854e-01
  -1.1359383e+00
  -2.8720846e+00
  -6.0031605e-01
  -1.3677746e+00
  -1.6230643e+00
  -2.2205593e-01
  -8.7578632e-02
  -5.7861412e-01
  -1.1135802e+00
  -1.5682750e+00
  -2.0369434e+00
  -2.6954045e+00
  -3.3763704e+00
  -4.1877546e+00
  -5.3349857e+00
  -6.1074176e+00
  -5.1383247e+00
  -2.0287731e+00
  -2.0096028e+00
  -4.8335284e-01
   1.5869374e+00
   5.5655551e-01
  -1.8984333e-01
   3.6646760e-01
  -3.7896213e-01
  -1.3722503e+00
   4.8867095e-01
   8.6008334e-01
   7.7683765e-01
   1.1200753e+00
   2.6217573e+00
   3.7756991e+00
   1.8895218e+00
   4.5949057e-02
  -5.1167345e-01
  -1.7225482e-01
   1.9479087e-01
   7.0105886e-01
   1.3715510e+00
   6.3923466e-01
   3.0712050e-01
   8.1120425e-01
   1.7181467e+00
   1.3415689e+00
   6.8630719e-01
   2.1489060e-01
  -3.1992897e-02
  -8.7582193e-02
  -1.1869107e-01
  -1.6653283e-01
  -3.1214055e-01
  -5.6483071e-01
  -8.4258068e-01
  -1.1361623e+00
  -1.3572336e+00
  -1.5785688e+00
  -1.8675127e+00
  -2.1210482e+00
  -2.3755922e+00
  -2.6799569e+00
  -2.9364401e+00
  -3.2103105e+00
  -3.5549443e+00
  -3.8219526e+00
  -4.0471039e+00
  -4.1700544e+00
  -4.0574059e+00
  -3.7816586e+00
  -3.3516767e+00
  -2.7276572e+00
  -1.3094188e+00
   5.0789392e-01
  -5.7742291e-01
  -3.1869454e+00
  -4.5969284e-01
  -7.2305027e-01
  -1.3047800e+00
  -3.0585235e-01
  -1.0522419e-01
  -4.7478399e-01
  -9.6920866e-01
  -1.3780931e+00
  -1.8197253e+00
  -2.4809477e+00
  -3.1885601e+00
  -4.0582757e+00
  -5.3441901e+00
  -6.3606894e+00
  -5.9066858e+00
  -2.9158282e+00
  -2.7065772e+00
  -1.0279549e+00
   1.2826395e+00
   3.6428078e-01
  -1.7701501e-01
   3.4403762e-01
  -4.0010364e-01
  -1.6109903e+00
   1.3152918e-01
   7.2995678e-01
   7.9466999e-01
   8.8567466e-01
   2.0876984e+00
   3.9437654e+00
   2.2159951e+00
   3.3695381e-01
  -3.0592743e-01
  -2.9672831e-02
   1.5406358e-01
   4.8100728e-01
   1.2315823e+00
   5.8742564e-01
   5.8565050e-01
   8.8452345e-01
   1.8080437e+00
   1.1781391e+00
   7.3492566e-01
   3.5918976e-01
   3.9827191e-02
  -2.2320626e-02
  -9.3699520e-03
  -5.3451398e-03
  -5.2686661e-02
  -2.4553250e-01
  -5.0943580e-01
  -8.0781429e-01
  -1.0233660e+00
  -1.2242796e+00
  -1.4684807e+00
  -1.6788426e+00
  -1.8972279e+00
  -2.1710681e+00
  -2.4059370e+00
  -2.6752193e+00
  -3.0678752e+00
  -3.4208102e+00
  -3.7719938e+00
  -4.1040619e+00
  -4.1654750e+00
  -3.9903391e+00
  -3.6273881e+00
  -3.0361902e+00
  -1.1080244e+00
   4.8785749e-01
  -8.1764236e-01
  -1.8915915e+00
   3.7675041e-01
   1.4038087e-01
  -5.8625874e-01
  -3.5817812e-01
  -1.8324439e-01
  -3.3561484e-01
  -7.2521414e-01
  -1.1235056e+00
  -1.5495263e+00
  -2.1872010e+00
  -2.9011790e+00
  -3.8115350e+00
  -5.2423536e+00
  -6.5949627e+00
  -6.8788179e+00
  -3.9325535e+00
  -3.6604645e+00
  -1.9838155e+00
   3.8083268e-01
   4.1606332e-01
  -2.2253208e-01
  -4.7396253e-02
  -6.7934663e-01
  -1.9692283e+00
  -8.5428859e-01
   2.0005501e-01
   6.2257543e-01
   7.0620040e-01
   1.0896374e+00
   3.5988490e+00
   2.9232695e+00
   9.9275422e-01
   1.8759681e-01
  -6.4655002e-03
  -2.3953136e-01
  -6.9792643e-02
   7.6009393e-01
   6.5715361e-01
   1.1288425e+00
   9.7091997e-01
   9.3239088e-01
   7.2116033e-01
   4.3623785e-01
   4.8951393e-01
   1.5480850e-01
   5.6841456e-02
   9.8974432e-02
   1.4236332e-01
   1.6586561e-01
   4.6847729e-02
  -1.8176194e-01
  -4.8830480e-01
  -7.2654209e-01
  -9.4336320e-01
  -1.2035599e+00
  -1.4211241e+00
  -1.6286576e+00
  -1.8769618e+00
  -2.0863523e+00
  -2.3238625e+00
  -2.6955206e+00
  -3.0722772e+00
  -3.4845789e+00
  -3.9469838e+00
  -4.1646352e+00
  -4.1279964e+00
  -3.8633864e+00
  -3.1070090e+00
  -1.0029993e+00
   2.0630514e-01
  -2.9149046e-01
  -1.5607809e+00
  -8.6698000e-02
  -5.2579792e-02
  -8.6490673e-02
  -7.7776214e-02
  -3.9474706e-02
  -1.6798880e-01
  -4.9148241e-01
  -8.6274643e-01
  -1.2825601e+00
  -1.9185300e+00
  -2.6226835e+00
  -3.5204161e+00
  -4.9549817e+00
  -6.4468638e+00
  -6.9100748e+00
  -4.2373461e+00
  -3.9133234e+00
  -2.3046577e+00
   1.9322256e-01
   1.5675927e-01
  -5.4798996e-01
  -4.8696664e-01
  -1.2549681e+00
  -2.3453698e+00
  -1.5958686e+00
  -4.8065636e-01
  -2.0390985e-02
  -4.1352523e-01
  -7.0859483e-03
   1.6070590e+00
   2.7367176e+00
   1.2442358e+00
   4.1362454e-01
  -2.1615425e-01
  -3.3100690e-01
   8.1656409e-02
   4.9145529e-01
   5.6079095e-01
   1.1184551e+00
   1.0937691e+00
   5.6505034e-01
   4.3573007e-01
   2.4158050e-01
   5.0632504e-01
   2.5737183e-01
   1.4000111e-01
   2.0313708e-01
   2.7900286e-01
   3.4938409e-01
   2.8952112e-01
   1.0016464e-01
  -2.0117782e-01
  -4.5548174e-01
  -6.9070498e-01
  -9.7162860e-01
  -1.2068554e+00
  -1.4231548e+00
  -1.6692577e+00
  -1.8695098e+00
  -2.0897640e+00
  -2.4418179e+00
  -2.8263044e+00
  -3.2736587e+00
  -3.8241131e+00
  -4.1531813e+00
  -4.2123835e+00
  -4.0101473e+00
  -3.1578261e+00
  -9.8750681e-01
   7.5548802e-02
   1.1627173e-01
  -1.0964788e+00
  -2.2648749e-01
  -1.1672463e-01
   2.3121148e-01
   1.7746704e-01
   1.0212290e-01
  -2.9202850e-02
  -3.0171274e-01
  -6.3695798e-01
  -1.0406522e+00
  -1.6714752e+00
  -2.3689629e+00
  -3.2601862e+00
  -4.6864379e+00
  -6.2275623e+00
  -6.8579611e+00
  -4.5144842e+00
  -3.9653304e+00
  -2.3809997e+00
  -4.4322152e-03
   5.6971613e-02
  -6.4819882e-01
  -7.6100229e-01
  -1.5867353e+00
  -2.5766327e+00
  -2.1056904e+00
  -7.3085056e-01
  -3.7046768e-01
  -1.1422805e+00
  -7.4904136e-01
   4.4943186e-01
   2.3341619e+00
   1.2707651e+00
   7.5793003e-01
  -1.8880945e-01
  -3.1212406e-01
   1.9909386e-01
   4.2344790e-01
   4.3465826e-01
   2.2311507e-01
   1.3841743e+00
   6.7316295e-01
   1.6632711e-01
   3.7350008e-02
   3.5861730e-01
   4.3203987e-01
   3.0387439e-01
   3.9386335e-01
   5.2036402e-01
   6.4165144e-01
   6.7065005e-01
   5.6192405e-01
   2.9157475e-01
   1.7301711e-02
  -2.5673142e-01
  -5.8440754e-01
  -8.6964299e-01
  -1.1335814e+00
  -1.4124251e+00
  -1.6212099e+00
  -1.8317339e+00
  -2.1488544e+00
  -2.5225278e+00
  -2.9950605e+00
  -3.6454382e+00
  -4.1146911e+00
  -4.2879966e+00
  -4.1470334e+00
  -3.2224619e+00
  -1.0997798e+00
   6.6356441e-02
   7.0152544e-01
  -5.6769517e-03
   2.0643918e-02
  -3.4486967e-02
   5.4511828e-01
   6.2124111e-01
   3.6695037e-01
   1.8811388e-01
  -1.1725066e-02
  -2.6450814e-01
  -6.2198331e-01
  -1.2376113e+00
  -1.9274678e+00
  -2.8160276e+00
  -4.2074501e+00
  -5.6994572e+00
  -6.6273501e+00
  -4.9957913e+00
  -3.7461485e+00
  -2.1388783e+00
  -3.9478731e-01
   1.2024488e-01
  -4.8174631e-01
  -1.0183302e+00
  -1.8295507e+00
  -2.7856010e+00
  -2.7049722e+00
  -5.2385561e-01
  -5.7040647e-01
  -1.9044983e+00
  -1.5935326e+00
  -4.2425471e-01
   1.2298242e+00
   9.6519308e-01
   1.5973266e+00
   2.3794032e-01
  -1.0178280e-01
   3.6778455e-01
   6.1196660e-01
   1.4860305e-01
   8.7870681e-01
   8.9462763e-01
   1.1995931e+00
   6.1998022e-01
   6.5312766e-02
   3.7939024e-01
   3.6092430e-01
   4.0196815e-01
   5.4571682e-01
   7.4600363e-01
   9.2791593e-01
   9.9736464e-01
   9.6506023e-01
   7.7140671e-01
   5.2201730e-01
   2.3907888e-01
  -1.0995328e-01
  -4.2018920e-01
  -7.2671193e-01
  -1.0658977e+00
  -1.3157568e+00
  -1.5562317e+00
  -1.8812793e+00
  -2.2582526e+00
  -2.7673156e+00
  -3.5319741e+00
  -4.1313787e+00
  -4.3070717e+00
  -4.0381818e+00
  -2.4185314e+00
  -4.6269327e-01
   4.8238626e-01
   1.3855836e+00
   4.6957424e-01
   1.2480463e-01
  -1.1588439e-02
   5.5338967e-01
   9.2131191e-01
   7.5749969e-01
   5.5300075e-01
   2.9888505e-01
   5.9956308e-02
  -2.4940942e-01
  -8.0233705e-01
  -1.4434326e+00
  -2.2931716e+00
  -3.6663971e+00
  -5.1062660e+00
  -6.7616425e+00
  -3.8669212e+00
  -2.5448031e+00
  -1.2278699e+00
   2.3143484e-01
   4.5418954e-01
  -1.2138065e-01
  -1.4554791e+00
  -1.8374721e+00
  -2.6377096e+00
  -3.0608625e+00
  -1.2458072e+00
  -9.1654396e-01
  -1.9084241e+00
  -6.4668369e-01
   1.5687656e-01
   1.3224770e+00
   1.3827697e+00
   2.2792242e+00
   5.2725708e-01
   4.9694724e-02
   4.7374505e-01
   1.9723819e-01
   6.5882325e-01
   1.0377580e+00
   7.9125297e-01
   8.8286294e-01
   6.7229646e-01
   5.2938081e-02
   1.7583387e-01
   1.0520428e-01
   2.7707407e-01
   4.5630190e-01
   7.6286221e-01
   1.0482860e+00
   1.1748394e+00
   1.1954249e+00
   1.0637419e+00
   8.4174826e-01
   5.6330413e-01
   2.0897758e-01
  -1.0755706e-01
  -4.2512584e-01
  -7.8101051e-01
  -1.0476063e+00
  -1.3060385e+00
  -1.6442509e+00
  -2.0306408e+00
  -2.5697529e+00
  -3.4310787e+00
  -4.1257181e+00
  -4.2626166e+00
  -3.6705818e+00
  -1.7299073e+00
  -1.5363468e-01
   6.2649477e-01
   1.2131088e+00
   4.2496777e-01
   1.7306098e-01
   5.3410457e-02
   6.1445487e-01
   1.1137915e+00
   1.0008236e+00
   8.0911171e-01
   5.3633606e-01
   2.8584843e-01
  -6.2549450e-03
  -5.1399648e-01
  -1.1152824e+00
  -1.9288688e+00
  -3.2755408e+00
  -4.6776580e+00
  -6.4705458e+00
  -3.4750006e+00
  -1.7134059e+00
  -5.6330097e-01
   2.8421372e-01
   6.5411488e-01
   2.9434547e-02
  -1.6275533e+00
  -1.9488337e+00
  -2.6008201e+00
  -2.9244483e+00
  -1.4060809e+00
  -1.2065437e+00
  -1.8349174e+00
  -4.6719748e-01
   3.6869848e-01
   1.3811896e+00
   1.2886557e+00
   2.1288898e+00
   4.2926571e-01
   4.4758985e-02
   4.2726517e-01
   3.1819746e-01
   6.6853265e-01
   1.0051824e+00
   8.4100902e-01
   1.2240703e-01
   5.5435359e-01
   1.9895362e-02
  -1.6983351e-01
  -2.8524888e-01
   2.6535559e-02
   2.4016143e-01
   6.8906105e-01
   1.1181902e+00
   1.3208668e+00
   1.3944057e+00
   1.3305560e+00
   1.1426146e+00
   8.7560749e-01
   5.2215505e-01
   2.0647703e-01
  -1.1015654e-01
  -4.6644542e-01
  -7.4218893e-01
  -1.0167960e+00
  -1.3731871e+00
  -1.7736495e+00
  -2.3459487e+00
  -3.3154986e+00
  -4.1088490e+00
  -4.1805739e+00
  -3.1122837e+00
  -9.5436966e-01
   6.9963828e-02
   6.7715776e-01
   6.1997277e-01
   1.3716215e-01
   2.0586245e-01
   1.5048325e-01
   7.1161807e-01
   1.2966126e+00
   1.2268867e+00
   1.0678620e+00
   7.8870964e-01
   5.1288331e-01
   2.2762607e-01
  -2.3370782e-01
  -7.9118967e-01
  -1.5625343e+00
  -2.8735342e+00
  -4.2367692e+00
  -5.9291039e+00
  -3.3360560e+00
  -8.8102502e-01
   1.2425356e-01
   8.9290239e-02
   8.3397746e-01
   1.1625588e-01
  -1.7149055e+00
  -2.1292529e+00
  -2.6064999e+00
  -2.5387349e+00
  -1.3456287e+00
  -1.5297306e+00
  -1.7117038e+00
  -5.9722698e-01
   4.5685452e-01
   1.4364504e+00
   9.4503891e-01
   1.5733068e+00
   1.3702603e-01
  -3.1638674e-02
   3.0273578e-01
   7.0488381e-01
   4.5471191e-01
   5.7806757e-01
   4.1775200e-01
  -1.5705681e-01
   5.5266987e-02
   1.0976717e-01
  -3.2862734e-01
  -1.0280651e+00
  -3.8214954e-01
  -6.3029810e-01
   1.0076973e-01
   8.8207373e-01
   1.2611001e+00
   1.4596535e+00
   1.5412787e+00
   1.4494925e+00
   1.2367385e+00
   9.0058089e-01
   5.8083446e-01
   2.5384171e-01
  -7.2375770e-02
  -3.0399858e-01
  -5.4459566e-01
  -8.9820188e-01
  -1.3116540e+00
  -1.9270208e+00
  -3.0338198e+00
  -3.9457968e+00
  -3.6470400e+00
  -1.5327977e+00
  -9.0080406e-04
   6.6634049e-01
   9.5843100e-01
   4.2882329e-01
   1.6981172e-01
   1.6852788e-01
   2.9771828e-01
   1.0694088e+00
   1.1403353e+00
   1.3847207e+00
   1.2803114e+00
   1.1101101e+00
   8.6433501e-01
   5.7065348e-01
   1.5172711e-01
  -3.2000242e-01
  -1.0154891e+00
  -2.2750062e+00
  -3.7274800e+00
  -5.3899613e+00
  -5.5229310e+00
  -4.9248633e-01
   1.3786334e+00
   1.0361196e+00
   1.1296231e+00
  -7.1423197e-01
  -2.3431230e+00
  -2.7043908e+00
  -2.9485848e+00
  -1.4433995e+00
  -1.1369151e+00
  -2.0603719e+00
  -5.8846180e-01
   7.9591253e-01
   1.6350176e+00
   6.3750723e-01
   1.9300021e-01
  -2.5078506e-01
   2.9619729e-01
   1.1477836e-01
   1.0636212e+00
   1.4227948e+00
   1.4301662e+00
   5.9230030e-01
   9.1514826e-01
   2.0645286e-01
  -8.6051054e-02
   4.0028907e-02
  -3.9152652e-01
  -9.9697602e-01
  -5.2954167e-01
  -6.8710852e-01
  -3.2863653e-01
   5.7183480e-01
   1.0456151e+00
   1.3145865e+00
   1.4856787e+00
   1.4844730e+00
   1.3500042e+00
   1.0662005e+00
   7.6243699e-01
   4.3191305e-01
   1.1480124e-01
  -9.1802068e-02
  -2.9779673e-01
  -6.1464632e-01
  -1.0101398e+00
  -1.6306573e+00
  -2.8109899e+00
  -3.7618406e+00
  -2.8118253e+00
  -7.0456928e-01
   3.9029703e-02
   4.7544169e-01
   7.7407753e-01
   5.8055317e-01
   3.0241227e-01
   1.3675137e-01
   2.3070998e-01
   5.2970910e-01
   1.3650764e+00
   1.2910128e+00
   1.2477114e+00
   1.1861969e+00
   1.0045667e+00
   7.3051435e-01
   3.3806860e-01
  -5.6814291e-02
  -6.7180389e-01
  -1.8677917e+00
  -3.2760463e+00
  -5.0276546e+00
  -5.0150995e+00
  -3.0148527e-01
   4.9739718e-01
   1.8643661e-01
   2.9566234e-01
  -9.7592354e-01
  -2.2049603e+00
  -2.5205131e+00
  -2.5070741e+00
  -9.3219653e-02
  -2.8522524e-01
  -1.5932502e+00
  -1.9662167e-01
   1.5707678e+00
   1.2661803e+00
  -3.4120011e-01
  -8.3372021e-01
  -1.0445192e+00
  -2.0620097e-01
   5.0404608e-01
   9.6814680e-01
   1.3005089e+00
   1.1549745e+00
   4.6215016e-01
   1.0675704e+00
   3.8698015e-01
   9.2142262e-02
  -3.5085443e-02
  -4.7998905e-01
  -1.0381323e+00
  -4.5324922e-01
  -8.3778548e-01
  -7.3571765e-01
   2.1473661e-01
   7.4625385e-01
   1.0694957e+00
   1.3374436e+00
   1.4331325e+00
   1.3804786e+00
   1.1684206e+00
   9.0140659e-01
   5.8529830e-01
   2.8577396e-01
   1.0284586e-01
  -6.5025494e-02
  -3.3036721e-01
  -6.9523209e-01
  -1.3019100e+00
  -2.5689478e+00
  -3.4779415e+00
  -1.8881172e+00
  -8.8564008e-02
   3.2512030e-01
   4.5837629e-01
   6.4092821e-01
   5.6217593e-01
   2.9052070e-01
   2.1715626e-01
   1.0164769e-01
   2.7182543e-01
   1.3690609e+00
   1.1568692e+00
   1.1550776e+00
   1.1840922e+00
   1.0728065e+00
   8.2914323e-01
   4.7183418e-01
   1.7103809e-01
  -3.3946005e-01
  -1.4433521e+00
  -2.8110814e+00
  -4.5964761e+00
  -4.4623647e+00
  -2.7647439e-01
   2.0248565e-01
  -2.9231745e-01
  -1.7419234e-01
  -1.2434199e+00
  -2.0704484e+00
  -2.3221257e+00
  -1.8456634e+00
   2.9870144e-01
  -6.6281915e-02
  -1.3225242e+00
   3.2204536e-01
   1.0755876e+00
   2.6955897e-01
  -1.2613134e+00
  -1.2294697e+00
  -1.7357749e+00
  -4.4771180e-01
   5.1107866e-01
   2.5848898e-01
   2.7049154e-01
   4.2220750e-01
   1.5777031e-01
   7.7449268e-01
   3.4220907e-01
   5.5770171e-01
  -1.0115888e-01
  -5.7356095e-01
  -1.2575115e+00
  -1.5357690e-01
  -1.1102281e+00
  -1.1521797e+00
  -2.2200683e-01
   3.3104652e-01
   6.9466555e-01
   1.0670273e+00
   1.2708837e+00
   1.3053547e+00
   1.1885732e+00
   9.8421109e-01
   7.0460510e-01
   4.3524405e-01
   2.7465582e-01
   1.4863285e-01
  -4.8739761e-02
  -3.6753640e-01
  -9.3566638e-01
  -2.2973349e+00
  -3.0310264e+00
  -8.7575233e-01
   2.3828259e-01
   7.8803998e-01
   6.5246755e-01
   5.4179674e-01
   3.8080275e-01
   1.3744517e-01
   3.7328610e-01
  -6.6584475e-02
   2.5434345e-01
   1.0947427e+00
   9.3409365e-01
   9.6461856e-01
   1.0746677e+00
   1.0431541e+00
   8.4329796e-01
   5.3506750e-01
   3.4629923e-01
  -3.2057285e-02
  -9.9992949e-01
  -2.3257749e+00
  -4.0838022e+00
  -3.9057341e+00
  -3.9884588e-01
   4.4077289e-01
  -4.0247679e-01
  -3.7694293e-01
  -1.4281260e+00
  -1.8984075e+00
  -2.0646677e+00
  -1.0672361e+00
  -3.0268431e-01
  -5.2273130e-01
  -1.1844190e+00
   7.6374465e-01
  -6.5742439e-01
  -1.1330431e+00
  -1.9992427e+00
  -1.0215163e+00
  -1.9788253e+00
  -4.8949286e-01
   1.1365317e-01
  -9.4514745e-01
  -1.5484836e+00
  -5.5620134e-01
  -3.8638267e-01
  -2.5830013e-01
   3.9004973e-02
   5.6094049e-01
  -4.1853976e-02
  -4.7374224e-01
  -2.4848703e+00
   2.7916217e-02
  -1.6391138e+00
  -1.9990339e+00
  -1.0450531e+00
  -4.2514565e-01
   2.4799904e-02
   5.2388648e-01
   9.0591187e-01
   1.0640687e+00
   1.0901144e+00
   9.9584541e-01
   7.8631029e-01
   5.8676388e-01
   4.5555101e-01
   3.8113861e-01
   2.7297800e-01
   2.7747843e-02
  -4.5354315e-01
  -1.8728434e+00
  -1.9513221e+00
   3.2422434e-01
   9.7174250e-02
   4.9562381e-01
   1.1038405e+00
   2.0845890e-01
   3.6714682e-01
   1.0096056e-01
   1.2449840e-01
  -6.0600504e-03
  -4.0678107e-01
   3.8943866e-01
   2.2757132e-01
   4.1518914e-01
   7.2577823e-01
   8.2023386e-01
   6.9167356e-01
   4.8832613e-01
   4.3245305e-01
   2.3474893e-01
  -4.3963130e-01
  -1.6612352e+00
  -3.3769500e+00
  -3.6357224e+00
  -2.3181847e-01
  -2.7293444e-01
  -8.8344603e-01
  -1.8739014e+00
  -8.0848423e-01
  -1.2848326e+00
  -1.3268706e+00
  -1.2605775e+00
  -5.6856703e-01
  -9.5953442e-01
  -2.3125380e-01
  -7.3830647e-01
  -1.4361979e+00
  -2.3664103e-01
  -1.7971063e+00
  -1.5646565e+00
   9.3283534e-01
  -1.3519637e+00
  -2.6959852e-01
  -7.8150316e-01
  -1.9201578e+00
   6.3314368e-01
   3.7151337e-02
  -3.6345649e-01
   3.5453126e-01
   2.4931492e-01
   3.5807094e-01
  -6.7470706e-01
  -2.3222764e+00
  -1.1732032e+00
  -1.5492127e+00
  -1.7966802e+00
  -1.2298684e+00
  -6.3891160e-01
  -2.0055862e-01
   3.4071344e-01
   7.6667440e-01
   9.8939788e-01
   1.0672762e+00
   9.9686944e-01
   8.3154553e-01
   6.4830303e-01
   5.7118845e-01
   5.4560566e-01
   5.0532144e-01
   3.4071702e-01
   4.2839777e-02
  -1.2727914e+00
  -1.0157061e+00
  -1.1795235e-01
   3.2283980e-01
   3.5136497e-01
   6.2245214e-01
   4.0049195e-01
   2.8897208e-01
  -9.2384212e-02
   2.1083476e-01
   3.0264175e-01
  -9.0657020e-01
  -5.5210382e-01
  -2.5937206e-01
  -1.8737227e-01
   2.4944675e-01
   4.9235517e-01
   4.9193841e-01
   3.1061101e-01
   3.7714016e-01
   3.7283751e-01
  -2.5910743e-02
  -9.7036713e-01
  -2.8032968e+00
  -2.8060200e+00
  -2.5361902e-01
  -3.5284370e-01
  -2.1025791e+00
  -2.0901399e+00
   1.5733068e-01
  -8.6466044e-01
  -1.2406603e+00
  -1.0611727e+00
  -8.5990630e-02
   3.8335986e-02
   2.3697455e-01
  -1.0882860e+00
  -1.8829151e+00
  -1.0121129e+00
  -2.7204466e+00
  -2.2836890e+00
   2.8903240e-01
  -4.5884389e-01
  -1.3809135e+00
   5.2076948e-01
   2.1722190e+00
   1.1477785e+00
   2.3015063e-01
   2.8202957e-01
  -5.9337072e-02
  -1.2350522e-01
   2.8751662e-01
  -1.3799430e-01
  -1.9258238e+00
  -1.7279898e+00
  -1.2536032e+00
  -1.3803782e+00
  -9.4366384e-01
  -5.9846824e-01
  -1.9846162e-01
   2.9414126e-01
   7.1023238e-01
   9.2718160e-01
   1.0041232e+00
   9.1087812e-01
   7.8063154e-01
   6.0916078e-01
   6.2213159e-01
   5.9288990e-01
   7.1928418e-01
   5.8300120e-01
   4.4168836e-01
  -6.8436563e-01
  -1.9561368e-01
   8.8527404e-02
   2.0344965e-01
   2.8291288e-01
   7.3084474e-01
   3.8502461e-01
   2.4769863e-01
   2.3493495e-02
   1.3465649e-01
   5.1348013e-01
   2.5130385e-01
  -1.0779145e+00
  -7.8123719e-01
  -4.4854605e-01
  -1.3372155e-01
   1.7700468e-01
   1.9592494e-01
   2.1004421e-01
   2.4954180e-01
   4.3165749e-01
   2.3509276e-01
  -3.3928311e-01
  -1.9610426e+00
  -1.8024367e+00
   7.3725060e-03
  -1.5299340e-01
  -1.7206585e+00
  -2.0261426e+00
   1.0234980e-01
  -2.1677428e-01
  -1.7905773e-01
  -9.1067976e-01
  -1.2880180e+00
  -6.7443210e-01
   5.0797737e-01
  -3.9384189e-01
  -1.4388831e+00
  -1.2151635e+00
  -2.6727457e+00
  -2.1540012e+00
  -3.6306795e-01
   1.3232444e-01
   8.3514518e-01
   6.8890458e-01
   1.0760317e+00
   1.1149609e+00
  -5.1324800e-02
   2.3927209e-01
  -1.3011418e-01
  -2.5955570e-01
  -1.5096663e-01
   1.1895141e-01
  -2.0848189e-01
  -1.7448225e+00
  -1.2595417e+00
  -1.0489235e+00
  -9.1045129e-01
  -7.3238641e-01
  -3.2139066e-01
   1.5870160e-01
   5.8990431e-01
   7.4664515e-01
   8.6820769e-01
   7.1228528e-01
   6.3820082e-01
   4.7645727e-01
   5.9802788e-01
   5.9817529e-01
   8.9012754e-01
   8.0614543e-01
   7.8202057e-01
  -8.0693819e-02
   4.0109038e-01
   1.1465263e-01
   3.2763910e-01
   2.7824378e-01
   3.1844628e-01
   4.2126226e-01
   2.0336860e-01
   6.5610237e-02
   1.5704755e-02
   3.3611947e-01
   5.3039813e-01
  -5.6008220e-01
  -1.0612967e+00
  -9.3700689e-01
  -4.0444690e-01
  -7.6298788e-02
   1.6602624e-02
   1.7939563e-01
   2.2816959e-01
   4.1112450e-01
   4.6948332e-01
   1.8709256e-01
  -8.0267215e-01
  -9.3510252e-01
  -1.1098084e-01
  -2.8524905e-01
  -8.9539236e-01
  -2.2134585e+00
  -2.0795970e+00
   3.6972067e-01
   2.9076555e-01
  -8.3082163e-01
  -2.0578394e+00
  -1.4020116e+00
   2.5033438e-01
  -3.9276082e-02
  -8.2897115e-01
  -1.2486844e+00
  -2.6826835e+00
  -2.0005574e+00
   2.5414735e-01
   1.5272126e+00
   1.1540582e+00
   5.3672349e-01
   8.6986655e-01
   4.4174036e-01
  -1.7507249e-01
  -2.7816635e-02
  -5.4016349e-02
  -2.0343435e-01
  -4.8236740e-01
  -1.8617272e-01
   7.6111490e-01
  -8.9964736e-01
  -1.4895723e+00
  -9.2641097e-01
  -1.1179206e+00
  -1.0110418e+00
  -7.3720980e-01
  -5.0906390e-02
   3.2709657e-01
   4.2941946e-01
   5.1988482e-01
   3.7341772e-01
   2.9762778e-01
   2.5927338e-01
   4.2041282e-01
   5.9106678e-01
   9.5415324e-01
   1.0269834e+00
   9.9635422e-01
   4.3682161e-01
   7.9356190e-01
   2.6708534e-01
   4.0312529e-01
   2.9987779e-01
  -1.4407466e-01
   3.1979123e-01
   1.8924811e-01
   2.1212244e-01
  -8.2368091e-02
  -8.3153134e-02
   4.8056532e-02
   6.4050436e-02
  -6.9299642e-01
  -1.5410246e+00
  -5.4849565e-01
  -2.7630183e-01
  -1.6383524e-01
   1.4480621e-01
   2.9735565e-01
   4.1556859e-01
   6.8364382e-01
   6.1950044e-01
   2.7850744e-01
  -2.2731367e-01
  -3.1323808e-01
  -3.4939852e-01
  -3.2797226e-01
  -7.6676872e-01
  -8.3168066e-01
   6.8936515e-01
   6.0726099e-01
  -3.2926905e-01
  -1.6272538e+00
  -1.5172204e+00
  -1.6862206e-01
  -1.8367012e-01
  -4.5568583e-01
  -1.1747688e+00
  -2.4494436e+00
  -1.3528854e+00
   1.2545137e+00
   2.3021240e+00
   8.0790808e-01
   3.3238858e-01
   5.7107389e-01
   1.7311834e-02
  -2.4744475e-01
   1.4119965e-01
  -2.5669628e-01
  -3.0126959e-01
  -3.6871415e-01
  -4.7549397e-01
   1.7847630e-01
   1.6189200e-01
  -1.1184701e+00
  -9.2619425e-01
  -9.5340049e-01
  -1.2114054e+00
  -1.2684491e+00
  -4.2049891e-01
  -4.2477580e-02
  -8.4744863e-02
  -1.0558594e-02
  -1.8146087e-01
  -2.2877519e-01
  -1.4912361e-01
   5.9187375e-02
   5.0094008e-01
   9.1988236e-01
   1.2208569e+00
   1.0631124e+00
   8.7980592e-01
   8.2373699e-01
   6.7621541e-01
   4.9585569e-01
   3.0238622e-01
  -5.1373884e-02
   1.1552231e-01
   1.2561657e-01
   1.7587262e-01
  -1.6537336e-01
  -3.3326163e-01
  -2.7092245e-01
  -1.0159875e-01
  -2.4774195e-01
  -1.3795869e+00
  -5.7771254e-01
  -5.3111767e-01
  -5.5227745e-01
   4.0512417e-02
   2.9309654e-01
   4.9902397e-01
   8.1062019e-01
   9.7252268e-01
   9.5117074e-01
   4.5964119e-01
  -7.8259071e-02
  -1.8677077e-01
  -2.0027849e-01
   9.9541396e-01
   2.4972899e+00
   6.7445254e-01
   4.5462299e-01
   1.9318056e-01
  -6.7583513e-01
  -1.0087485e+00
  -3.4349814e-01
  -3.8755295e-01
  -2.2604262e-01
  -9.9470842e-01
  -1.6562661e+00
  -3.1597959e-01
   1.0321516e+00
   1.0008787e+00
   7.0638612e-01
   2.7697688e-01
  -8.9079142e-03
   6.7277274e-02
  -3.8708958e-01
   2.5293046e-01
  -9.9444538e-03
  -7.7966702e-01
  -8.3418363e-01
  -6.4565456e-01
  -4.3250510e-01
   6.4206429e-02
  -3.6070746e-01
  -6.4952058e-01
  -2.7088124e-01
  -1.5892854e+00
  -2.0436244e+00
  -8.5121495e-01
  -5.1400018e-01
  -7.8784269e-01
  -6.7748755e-01
  -9.8116028e-01
  -9.1521108e-01
  -8.7749827e-01
  -4.7191852e-01
   1.7556819e-01
   8.7557673e-01
   1.2073671e+00
   1.1595671e+00
   1.1351811e+00
   4.8477122e-01
   8.0216628e-01
   1.0202973e+00
   2.9001179e-01
   7.5105816e-02
   6.4510033e-02
  -5.4638568e-02
  -1.6734327e-01
  -2.8661752e-01
  -4.3744493e-01
  -3.7499255e-01
  -4.2099619e-01
  -3.9947715e-01
  -6.7970556e-01
  -6.2944025e-01
  -9.1710752e-01
  -9.8794806e-01
  -1.0917225e-01
   1.1752108e-01
   5.5302393e-01
   8.4665400e-01
   1.2202690e+00
   1.3526126e+00
   1.0832436e+00
   7.4689186e-01
  -1.4897510e-02
  -2.3869492e-01
   3.7609047e-01
   1.1451875e+00
   2.8462464e-01
  -2.8448945e-01
   2.4813284e-01
  -1.7685220e-01
  -3.5302919e-01
  -2.8190359e-01
  -5.3102899e-01
   2.7530828e-01
  -3.8194346e-01
  -1.0154479e+00
   4.6771541e-03
   3.0635023e-01
  -2.5970283e-01
   1.3936728e-01
   5.0466090e-01
   3.4848526e-01
   6.0864795e-02
   4.9158648e-01
   5.0087589e-01
   5.6904656e-01
  -1.2468283e-01
  -1.0841591e+00
  -9.5697355e-01
  -1.2871299e+00
  -1.3884206e+00
  -7.6653403e-01
  -6.8873250e-01
   4.5250908e-01
  -6.5044045e-02
  -1.9180425e+00
  -1.3110088e+00
  -8.0108458e-01
  -1.5018605e+00
  -1.6014943e+00
  -1.7597989e+00
  -1.8570536e+00
  -1.5552732e+00
  -9.8671919e-01
  -1.7926875e-01
   8.8105482e-01
   1.0024015e+00
   1.2209345e+00
   7.5341064e-01
   1.3968512e-01
   1.0461832e+00
   1.1077234e+00
   5.8750436e-02
   9.5480643e-02
  -1.1901841e-02
  -2.4303913e-01
  -2.0978045e-01
  -5.6416821e-01
  -7.6904750e-01
  -5.9309709e-01
  -4.3568707e-01
  -4.7143233e-01
  -6.8770874e-01
  -1.1018296e+00
  -1.6173434e+00
  -1.3862784e+00
  -5.5536962e-01
  -2.6088595e-01
   3.5885409e-01
   7.0217633e-01
   1.2864056e+00
   1.4896448e+00
   1.5098094e+00
   1.6157582e+00
   3.3049446e-01
  -1.1035728e-01
   2.8300261e-01
  -1.9107130e-01
  -4.8786581e-01
  -1.7386790e-01
   5.5072051e-01
   4.4174362e-02
  -4.7801860e-02
  -1.1278903e-01
  -7.0405591e-01
   4.6822003e-01
   4.2740595e-01
  -7.3865843e-01
  -1.5865299e-01
   2.1949889e-01
   6.1430153e-02
   4.6412626e-01
   7.7101737e-01
   3.0629104e-01
   2.7503633e-01
   5.5848670e-01
   1.0352480e+00
   7.5140804e-01
   6.0559905e-01
   2.2256663e-01
   1.8675102e-01
  -2.0515068e-01
  -1.6081791e+00
  -1.8548676e+00
  -1.9885571e+00
  -5.0552052e-01
   1.0463665e+00
  -5.9426528e-01
  -1.5476731e+00
  -6.6102815e-01
  -1.9666383e+00
  -2.5183535e+00
  -2.2583275e+00
  -2.6729443e+00
  -1.5325035e+00
  -1.5257084e+00
  -1.6651708e+00
   4.8134166e-01
   4.0709341e-01
   3.3366270e-02
   9.5620710e-01
   1.4876628e-01
   8.1641927e-02
   3.8710523e-01
   6.5836012e-03
   1.7379457e-01
  -6.6784143e-02
  -3.7076521e-01
  -4.8057032e-01
  -1.0589234e+00
  -1.1406047e+00
  -8.3566254e-01
  -5.6353760e-01
  -6.0985368e-01
  -9.9629146e-01
  -1.8901385e+00
  -2.1491444e+00
  -1.7190053e+00
  -1.2742910e+00
  -8.6412370e-01
  -7.7263586e-02
   5.1651597e-01
   1.0572697e+00
   1.3437132e+00
   1.4844042e+00
   1.6637180e+00
   1.0635190e+00
   3.4177843e-01
   2.6115850e-01
   9.3154527e-02
  -5.1736683e-01
  -2.1930394e-01
   4.7575927e-01
   1.2096991e-01
   8.8988245e-04
  -1.3909732e-01
  -7.2662312e-01
   3.0906945e-02
   2.9410732e-01
  -6.0001302e-01
  -2.8522125e-01
   7.4370310e-02
   2.2367620e-01
   5.2604836e-01
   6.3727564e-01
   4.8987177e-01
   1.8188770e-01
   2.9105389e-01
   4.1714415e-01
   1.9779494e-01
   8.1377034e-04
  -1.1957937e-01
   1.8856294e-01
   6.9750702e-01
   3.0827731e-01
  -1.6184775e+00
  -2.3011620e+00
  -1.1712416e+00
  -6.1636871e-01
  -5.4980505e-01
  -1.3734844e+00
  -2.7089214e+00
  -2.6998179e+00
  -2.5485072e+00
  -2.8079348e+00
  -2.6424704e+00
  -9.5003510e-01
  -4.5068002e-01
  -5.2772313e-01
  -9.7220087e-01
  -1.4907281e+00
   2.1205038e-01
   3.1597188e+00
   9.7742051e-01
  -4.6453866e-01
   1.2668552e-01
   1.1308298e-01
  -4.8320834e-02
  -1.3137710e-01
  -4.3284184e-01
  -9.4173455e-01
  -1.3743430e+00
  -1.3801190e+00
  -1.2396840e+00
  -9.3550688e-01
  -1.2818565e+00
  -2.0440524e+00
  -1.8157172e+00
  -1.1622078e+00
  -1.7579089e+00
  -2.5899272e+00
  -1.9515433e+00
  -1.0165001e+00
  -4.0883515e-02
   4.5311198e-01
   5.4536915e-01
   7.9495126e-01
   8.1388706e-01
   8.3980697e-01
   1.5714020e+00
   1.1520640e+00
   2.0043865e-01
  -2.7507418e-01
  -9.2560999e-02
  -1.9122885e-01
  -5.0806415e-01
  -4.2284968e-01
  -2.9667038e-01
  -3.0277961e-01
  -7.5514063e-02
  -2.7674029e-02
  -6.0370833e-01
  -5.3806913e-01
  -3.3186633e-02
   1.4978382e-01
   1.8496878e-01
   4.9314678e-01
   4.9818814e-01
   2.1208298e-01
   1.7528716e-01
  -4.2465591e-01
  -7.3638529e-01
  -6.9884753e-01
  -6.8650231e-02
   1.3881215e-01
  -1.0032326e-01
   5.5336416e-01
   7.2188246e-01
  -1.6921318e-01
   2.7815906e-02
   7.4995029e-01
   9.4492877e-01
   8.2343340e-01
  -1.8969534e-01
  -1.3985106e+00
  -2.0822387e+00
  -2.4059463e+00
  -2.6918912e+00
  -1.5562069e+00
   7.1979880e-02
   1.9210266e+00
   2.5096354e+00
   1.0473579e+00
   4.3372460e-02
   1.8496659e+00
   1.9601856e+00
   1.4796501e-01
  -1.2211359e-01
   1.3369726e-01
  -1.3967398e-01
  -3.0415970e-01
  -3.6471355e-01
  -8.7566721e-01
  -1.2535570e+00
  -1.4296656e+00
  -1.7355720e+00
  -1.3482767e+00
  -1.6140586e+00
  -2.7789969e+00
  -1.6599762e+00
   4.2672893e-01
   2.0661932e-01
  -3.1107030e+00
  -4.2931337e+00
  -3.2284608e+00
  -3.6056736e-01
   4.5731112e-01
  -1.4575800e-01
   1.3183887e-01
   5.3576005e-01
   2.0657758e-01
   1.0885831e+00
   1.8088810e+00
   1.0517412e+00
   1.9930133e-01
   5.1570797e-01
   4.2048955e-01
  -1.1065336e-01
  -3.6130238e-01
  -6.7872107e-01
  -4.8042515e-01
   5.5406451e-02
  -1.0005569e-01
  -8.3468068e-01
  -8.0367804e-01
  -5.0761831e-01
  -1.2316396e-01
   7.7458128e-02
   1.7384191e-01
   4.5937777e-01
   5.6324506e-01
   1.3721993e+00
   1.5050753e+00
   4.8172206e-01
  -1.3954419e-01
   2.3954223e-01
   8.5109770e-01
   1.0564755e+00
   1.3415289e+00
   9.7120416e-01
   2.8849563e-01
  -3.8236997e-01
  -2.8506112e-01
   6.0813099e-01
   1.8194488e+00
   1.2963692e+00
   2.9443124e-01
  -7.9842061e-01
  -1.7428313e+00
  -2.5298522e+00
  -1.7972866e+00
  -5.6170911e-01
   6.8140930e-01
   7.5094879e-01
  -2.3764130e-01
  -7.9094452e-01
  -4.6182120e-01
   4.8116855e-02
   1.8422249e-01
  -9.5013946e-02
  -2.5933567e-01
  -3.2424086e-01
  -4.4757637e-01
  -6.5080273e-01
  -9.5914620e-01
  -1.1363686e+00
  -1.0606266e+00
  -1.1581326e+00
  -1.6153740e+00
  -2.3572187e+00
  -2.7752824e+00
  -1.2395313e+00
   8.2385421e-01
   2.1595955e+00
  -2.3109944e-01
  -3.4366229e+00
  -4.3078084e+00
  -2.9427218e+00
  -1.5136387e+00
  -4.8245397e-01
   3.1534812e-01
   5.3677940e-01
   3.0493981e-01
   1.8088053e-01
   6.5660310e-01
   1.1588961e+00
   1.1904769e+00
   8.0752754e-01
   3.0037475e-01
  -1.0557416e-01
  -3.6007136e-01
  -6.8558717e-01
  -8.4838957e-01
  -6.1800790e-01
  -2.2725111e-01
  -1.6538892e-02
  -3.0250183e-01
  -5.9614950e-01
  -4.6536171e-01
  -4.8916899e-02
   2.7866906e-01
   6.0039920e-01
   1.0038887e+00
  -1.3664365e-02
   1.0164292e-01
   3.8877553e-01
   5.5378246e-01
   6.3324267e-01
   6.6169769e-01
   6.2330794e-01
   6.0492325e-01
   5.9699303e-01
   6.1150962e-01
   4.2522722e-01
   9.8906681e-03
  -4.4482154e-01
  -7.6328617e-01
  -7.5745887e-01
  -7.0232129e-01
  -7.7179193e-01
  -1.0173793e+00
  -1.4354640e+00
  -1.6948071e+00
  -1.4868492e+00
  -9.6024239e-01
  -3.1125209e-01
  -1.6191977e-01
  -3.7296790e-01
  -5.3985971e-01
  -4.0441123e-01
  -2.6035494e-01
  -3.8638306e-01
  -5.8167315e-01
  -7.5503933e-01
  -8.9819390e-01
  -9.1470635e-01
  -1.0132165e+00
  -9.5167440e-01
  -9.6040756e-01
  -1.3229303e+00
  -1.8094692e+00
  -1.8818080e+00
  -1.3113959e+00
   1.5274800e-01
   1.3549544e+00
   2.0475993e+00
   9.7538698e-01
  -1.1245492e+00
  -2.4757369e+00
  -2.5858080e+00
  -2.1968555e+00
  -1.7984167e+00
  -8.4543633e-01
  -9.3879871e-02
   2.8187931e-01
   1.8344618e-01
  -4.5271106e-03
   5.1315356e-02
   3.4871119e-01
   5.0263560e-01
   3.5861984e-01
  -4.1100629e-02
  -2.9601482e-01
  -4.3318298e-01
  -6.6112524e-01
  -8.0941516e-01
  -8.6934531e-01
  -7.4038082e-01
  -6.3230556e-01
  -6.0523933e-01
  -4.6752048e-01
  -8.0677114e-02
   3.2278326e-01
   4.6751544e-01
   2.4317624e-01
   4.6778351e-01
   4.5834640e-01
   4.4829474e-01
   4.5731330e-01
   5.2751577e-01
   5.9250193e-01
   6.3324434e-01
   6.5160340e-01
   6.5680115e-01
   6.5657979e-01
   6.2797010e-01
   5.6943666e-01
   4.8069569e-01
   3.4093708e-01
   2.1622041e-01
   1.0112830e-01
  -1.5488554e-02
  -9.5416937e-02
  -1.6344546e-01
  -2.3340154e-01
  -2.8590276e-01
  -3.3717167e-01
  -4.0327060e-01
  -4.6157736e-01
  -5.1866972e-01
  -5.8219194e-01
  -6.3674299e-01
  -7.0597130e-01
  -8.1789190e-01
  -9.1622050e-01
  -1.0383879e+00
  -1.1909702e+00
  -1.3065501e+00
  -1.3434086e+00
  -1.2720826e+00
  -1.2302905e+00
  -1.2340484e+00
  -8.2286787e-01
  -2.5876036e-01
   4.0475446e-01
   1.2249396e+00
   1.7207698e+00
   1.8986424e+00
   1.4522631e+00
   5.9316455e-01
  -2.3999219e-01
  -8.1184554e-01
  -8.7004437e-01
  -8.8566881e-01
  -7.9774290e-01
  -5.1120883e-01
  -2.1522087e-01
   4.2628027e-02
   1.4673443e-01
   1.7071708e-01
   1.7919777e-01
   1.9267816e-01
   1.9428366e-01
   1.6567440e-01
   1.0969795e-01
   3.7450768e-02
  -4.6490408e-02
  -1.0280993e-01
  -1.5628991e-01
  -2.2803003e-01
  -2.8479358e-01
  -3.0239457e-01
  -2.1787867e-01
  -4.7887964e-02
   1.6223839e-01
   3.6024812e-01
   4.4427387e-01
