   0.0000000e+00
   0.0000000e+00
   0.0000000e+00
   0.0000000e+00
   0.0000000e+00
   0.0000000e+00
   0.0000000e+00
   0.0000000e+00
   0.0000000e+00
   0.0000000e+00
   0.0000000e+00
   0.0000000e+00
   0.0000000e+00
   0.0000000e+00
   0.0000000e+00
   0.0000000e+00
   0.0000000e+00
   0.0000000e+00
   0.0000000e+00
   0.0000000e+00
   0.0000000e+00
   0.0000000e+00
   0.0000000e+00
   0.0000000e+00
   0.0000000e+00
   0.0000000e+00
   0.0000000e+00
   0.0000000e+00
   0.0000000e+00
   0.0000000e+00
   0.0000000e+00
   0.0000000e+00
   0.0000000e+00
   0.0000000e+00
   0.0000000e+00
   0.0000000e+00
   0.0000000e+00
   0.0000000e+00
   0.0000000e+00
   0.0000000e+00
   0.0000000e+00
   0.0000000e+00
   0.0000000e+00
   0.0000000e+00
   0.0000000e+00
   0.0000000e+00
   0.0000000e+00
   0.0000000e+00
   0.0000000e+00
   0.0000000e+00
   0.0000000e+00
   0.0000000e+00
   0.0000000e+00
   0.0000000e+00
   0.0000000e+00
   0.0000000e+00
   0.0000000e+00
   0.0000000e+00
   0.0000000e+00
   0.0000000e+00
   0.0000000e+00
   0.0000000e+00
   0.0000000e+00
   0.0000000e+00
   0.0000000e+00
   0.0000000e+00
   0.0000000e+00
   0.0000000e+00
   0.0000000e+00
   0.0000000e+00
   0.0000000e+00
   0.0000000e+00
   0.0000000e+00
   0.0000000e+00
   0.0000000e+00
   0.0000000e+00
   0.0000000e+00
   0.0000000e+00
   0.0000000e+00
   0.0000000e+00
   0.0000000e+00
   0.0000000e+00
   0.0000000e+00
   0.0000000e+00
   0.0000000e+00
   8.2650534e-02
   4.6222381e-02
   2.8125456e-02
   1.3723435e-02
   1.0512195e-02
   1.0365263e-02
   8.6668366e-03
   9.2862028e-03
   2.1787626e-03
  -9.4942551e-03
  -2.4245252e-02
  -3.1292268e-02
   0.0000000e+00
   0.0000000e+00
   0.0000000e+00
   0.0000000e+00
   0.0000000e+00
   0.0000000e+00
   0.0000000e+00
   0.0000000e+00
   0.0000000e+00
   0.0000000e+00
   0.0000000e+00
   0.0000000e+00
   0.0000000e+00
   0.0000000e+00
   0.0000000e+00
   1.2227508e-02
  -4.7473243e-03
  -1.7567293e-02
  -2.1067209e-02
  -2.2363150e-02
  -2.4866871e-02
  -4.5265804e-02
   0.0000000e+00
   0.0000000e+00
   0.0000000e+00
   0.0000000e+00
   0.0000000e+00
   0.0000000e+00
   0.0000000e+00
   0.0000000e+00
   0.0000000e+00
   0.0000000e+00
   0.0000000e+00
   0.0000000e+00
   0.0000000e+00
   0.0000000e+00
   0.0000000e+00
   0.0000000e+00
   0.0000000e+00
   0.0000000e+00
   0.0000000e+00
   0.0000000e+00
   0.0000000e+00
   0.0000000e+00
   0.0000000e+00
   0.0000000e+00
   0.0000000e+00
   0.0000000e+00
   0.0000000e+00
   0.0000000e+00
   0.0000000e+00
   0.0000000e+00
   0.0000000e+00
   0.0000000e+00
   0.0000000e+00
   0.0000000e+00
   0.0000000e+00
   0.0000000e+00
   0.0000000e+00
   0.0000000e+00
  -4.2411668e-02
  -1.0507395e-03
   1.7231505e-02
   3.1478837e-02
   3.7590142e-02
   3.8926724e-02
   3.8131818e-02
   3.6715209e-02
   3.3714060e-02
   2.8567608e-02
   2.3581613e-02
   2.6488936e-02
   2.3243578e-02
   1.6761583e-02
   1.0461154e-02
   6.7003374e-03
   6.8816808e-03
   5.5521516e-03
   2.1061337e-02
   1.7213755e-02
  -1.1175127e-02
  -1.2773261e-02
  -1.4599793e-02
  -2.1128193e-02
   0.0000000e+00
   0.0000000e+00
   0.0000000e+00
  -4.4555808e-03
  -1.6712183e-03
  -1.7422733e-03
  -2.4899764e-03
  -4.6814061e-03
  -8.5899802e-03
  -1.5482045e-02
  -2.4820716e-02
  -3.1799871e-02
  -5.1680821e-02
  -7.1596612e-02
  -9.1497527e-02
  -1.1555801e-01
  -1.2716842e-01
  -1.2937666e-01
  -1.2091240e-01
  -1.2340931e-01
  -1.2590622e-01
   0.0000000e+00
   0.0000000e+00
   0.0000000e+00
   0.0000000e+00
   0.0000000e+00
   0.0000000e+00
   0.0000000e+00
   0.0000000e+00
   0.0000000e+00
   0.0000000e+00
   0.0000000e+00
   0.0000000e+00
   0.0000000e+00
   0.0000000e+00
  -9.2718799e-02
  -9.3585269e-02
  -8.8607863e-02
  -8.0547028e-02
  -7.3725993e-02
  -7.3548407e-02
  -7.5586639e-02
  -6.8262601e-02
  -4.7059947e-02
  -6.0072963e-02
  -5.4756919e-02
  -3.9193359e-02
  -1.7088619e-02
  -6.0854987e-03
   1.2276796e-02
   3.2991391e-02
   5.1177505e-02
   5.8938012e-02
   6.3979916e-02
   6.6147856e-02
   6.2827691e-02
   5.8368769e-02
   5.4149147e-02
   5.0998662e-02
   4.8274618e-02
   4.5289446e-02
   4.2558648e-02
   4.0391374e-02
   3.8708635e-02
   3.6257587e-02
   3.3607826e-02
   3.2562330e-02
   3.1556677e-02
   2.9160842e-02
   2.8463896e-02
   2.7767511e-02
   2.2352122e-02
   2.3470068e-02
   4.0408253e-02
   0.0000000e+00
   1.7622083e-02
   2.5323592e-02
   2.7654639e-02
   2.4713997e-02
   2.1766629e-02
   1.9749073e-02
   1.5126754e-02
   8.4828641e-03
   1.2916406e-03
  -9.0315314e-03
  -2.0619942e-02
  -3.3225335e-02
  -4.8189696e-02
  -5.8812276e-02
  -4.9465425e-02
  -4.7823682e-02
  -6.3401066e-02
  -5.5599830e-02
  -5.7092317e-02
  -6.9807670e-02
  -9.6535040e-02
  -5.5275177e-02
  -8.1464914e-02
  -9.0234237e-02
  -7.4318492e-02
  -6.3090319e-02
  -4.5656455e-02
  -5.6536093e-02
  -4.3048459e-02
  -6.0100288e-02
  -7.9089635e-02
  -8.8057679e-02
  -5.5579316e-02
  -5.6962039e-02
  -5.3818324e-02
  -4.8077419e-02
  -4.1936044e-02
  -3.9646002e-02
  -3.8372859e-02
  -3.0583639e-02
  -1.4570404e-02
   5.7851668e-03
   2.7252506e-02
   4.0699034e-02
   5.1315367e-02
   6.1060220e-02
   6.7014493e-02
   7.3359117e-02
   8.1530258e-02
   8.6009164e-02
   8.6575940e-02
   8.4102757e-02
   8.0644255e-02
   7.6152079e-02
   7.0506953e-02
   6.6704072e-02
   6.3504480e-02
   6.0146932e-02
   5.7996668e-02
   5.6153350e-02
   5.4361880e-02
   5.2863159e-02
   5.1455438e-02
   5.0607499e-02
   5.0928363e-02
   5.2013457e-02
   5.3220306e-02
   5.3034694e-02
   5.1677294e-02
   4.9495533e-02
   5.0467122e-02
   5.6891828e-02
   5.2621890e-02
   5.5036918e-02
   5.5345010e-02
   5.4617822e-02
   5.2815997e-02
   4.9910367e-02
   4.6196483e-02
   4.2337014e-02
   3.8214497e-02
   3.4541026e-02
   3.1702917e-02
   2.8286541e-02
   2.4254896e-02
   2.1446568e-02
   1.9164965e-02
   1.8799413e-02
   2.0316766e-02
   2.0765539e-02
   1.8617816e-02
   1.3632942e-02
   3.2208711e-03
  -1.8686228e-02
  -3.8181129e-02
  -4.6934094e-02
  -3.7424259e-02
  -2.4243009e-02
  -1.5260123e-02
  -1.4243856e-02
  -2.0369691e-02
  -3.1150647e-02
  -4.4609588e-02
  -5.1497807e-02
   2.5874165e-02
   2.3213161e-02
   2.3123519e-02
   2.4935452e-02
   2.9446181e-02
   3.4607179e-02
   4.0761790e-02
   4.8843305e-02
   5.5722103e-02
   6.3466620e-02
   7.3841867e-02
   8.2632758e-02
   8.9669486e-02
   9.4405329e-02
   9.7127669e-02
   1.0042099e-01
   1.0484185e-01
   1.0663275e-01
   1.0483236e-01
   9.9591246e-02
   9.4461814e-02
   8.9223956e-02
   8.3673944e-02
   7.9804480e-02
   7.6608543e-02
   7.3843521e-02
   7.2158441e-02
   7.0123021e-02
   6.7764473e-02
   6.6634305e-02
   6.6019271e-02
   6.6144850e-02
   6.7378238e-02
   6.9679629e-02
   7.2989781e-02
   7.5072721e-02
   7.6261011e-02
   7.6321398e-02
   7.3623821e-02
   6.9808428e-02
   7.0007612e-02
   7.2237924e-02
   7.2714378e-02
   7.4170147e-02
   7.5574376e-02
   7.5538871e-02
   7.3627022e-02
   7.1192257e-02
   6.8696831e-02
   6.6165116e-02
   6.5120608e-02
   6.5050405e-02
   6.5337416e-02
   6.5752856e-02
   6.6198942e-02
   6.7216743e-02
   6.8857282e-02
   7.0692700e-02
   7.2058116e-02
   7.1782731e-02
   6.9715869e-02
   6.4307843e-02
   5.7981081e-02
   5.1836509e-02
   4.6726446e-02
   4.3495119e-02
   4.0190803e-02
   3.8511808e-02
   3.8441874e-02
   3.7650736e-02
   3.3703083e-02
   2.9542711e-02
   7.5065792e-02
   7.2557136e-02
   7.1966559e-02
   7.2674200e-02
   7.5849660e-02
   7.9925932e-02
   8.4757894e-02
   9.0433702e-02
   9.3815058e-02
   9.6281931e-02
   1.0013501e-01
   1.0500024e-01
   1.0920471e-01
   1.1067805e-01
   1.1106327e-01
   1.1275080e-01
   1.1593630e-01
   1.1667523e-01
   1.1393217e-01
   1.0756939e-01
   1.0184848e-01
   9.6586481e-02
   9.2241175e-02
   8.9789718e-02
   8.7718688e-02
   8.6309135e-02
   8.5900992e-02
   8.4745765e-02
   8.2619496e-02
   8.1746496e-02
   8.1664950e-02
   8.2020126e-02
   8.3061390e-02
   8.5152373e-02
   8.9109294e-02
   9.4468117e-02
   1.0115834e-01
   1.0523806e-01
   1.0267012e-01
   9.2959851e-02
   8.5787036e-02
   8.6847275e-02
   8.7972097e-02
   9.1870263e-02
   9.6449837e-02
   9.9407412e-02
   1.0080434e-01
   1.0078333e-01
   1.0068484e-01
   1.0013924e-01
   9.9994943e-02
   1.0099946e-01
   1.0389943e-01
   1.0730557e-01
   1.1006507e-01
   1.1259446e-01
   1.1494756e-01
   1.1769570e-01
   1.2049988e-01
   1.2146722e-01
   1.2141311e-01
   1.2020978e-01
   1.1840875e-01
   1.1563443e-01
   1.0941353e-01
   1.0221484e-01
   9.4799660e-02
   8.9262158e-02
   8.8137783e-02
   8.6645298e-02
   8.2698390e-02
   7.8779876e-02
   1.2023389e-01
   1.1749484e-01
   1.1588054e-01
   1.1525710e-01
   1.1584119e-01
   1.1670776e-01
   1.1791079e-01
   1.1837013e-01
   1.1793623e-01
   1.1630455e-01
   1.1539334e-01
   1.1600088e-01
   1.1664980e-01
   1.1403303e-01
   1.1054038e-01
   1.1091522e-01
   1.1344626e-01
   1.1479920e-01
   1.1314478e-01
   1.0906351e-01
   1.0477901e-01
   1.0062049e-01
   9.7739704e-02
   9.6376951e-02
   9.6376769e-02
   9.6420996e-02
   9.7392026e-02
   9.7092606e-02
   9.6104935e-02
   9.5721502e-02
   9.5135428e-02
   9.6160531e-02
   9.6153941e-02
   9.8900355e-02
   1.0042857e-01
   1.0573262e-01
   1.1516529e-01
   0.0000000e+00
   1.0748489e-01
   1.0315670e-01
   9.2911564e-02
   9.5338162e-02
   9.9219508e-02
   1.0717399e-01
   1.1479610e-01
   1.2022256e-01
   1.2562995e-01
   1.2807657e-01
   1.3076809e-01
   1.3187486e-01
   1.3327472e-01
   1.3522623e-01
   1.3964176e-01
   1.4469063e-01
   1.4851308e-01
   1.5230975e-01
   1.5500591e-01
   1.5829879e-01
   1.6053610e-01
   1.6153661e-01
   1.6235152e-01
   1.6367772e-01
   1.6499815e-01
   1.6466072e-01
   1.5995561e-01
   1.5226675e-01
   1.4481619e-01
   1.3926165e-01
   1.3715874e-01
   1.3336945e-01
   1.2704873e-01
   1.2349738e-01
   1.5490195e-01
   1.5163029e-01
   1.4925224e-01
   1.4662264e-01
   1.4394216e-01
   1.4228936e-01
   1.4002778e-01
   1.3594591e-01
   1.3163466e-01
   1.2613363e-01
   1.1954365e-01
   1.1510493e-01
   1.1317012e-01
   1.0868321e-01
   9.9631271e-02
   9.7122980e-02
   9.9200769e-02
   1.0171588e-01
   1.0286768e-01
   1.0282790e-01
   1.0193363e-01
   1.0068255e-01
   9.9325700e-02
   9.9116480e-02
   1.0006782e-01
   1.0141771e-01
   1.0312430e-01
   1.0320447e-01
   1.0342458e-01
   1.0267450e-01
   1.0276349e-01
   1.0260706e-01
   1.0371639e-01
   1.0460123e-01
   1.0510564e-01
   1.0392900e-01
   9.9257632e-02
   0.0000000e+00
   7.9813820e-02
   7.6388001e-02
   8.0840138e-02
   8.9798836e-02
   1.0064279e-01
   1.1326141e-01
   1.2326220e-01
   1.3088752e-01
   1.3941307e-01
   1.4510968e-01
   1.4970873e-01
   1.5251809e-01
   1.5514558e-01
   1.5771512e-01
   1.6234944e-01
   1.6683498e-01
   1.7063660e-01
   1.7412504e-01
   1.7693096e-01
   1.7946605e-01
   1.7967563e-01
   1.7930804e-01
   1.7945972e-01
   1.8201392e-01
   1.8567410e-01
   1.8910153e-01
   1.8766135e-01
   1.8226964e-01
   1.7846435e-01
   1.7753233e-01
   1.7574146e-01
   1.6963246e-01
   1.6206996e-01
   1.5761351e-01
   1.8091756e-01
   1.7744812e-01
   1.7403897e-01
   1.6929394e-01
   1.6363154e-01
   1.5905541e-01
   1.5336057e-01
   1.4413699e-01
   1.3632035e-01
   1.2674361e-01
   1.1447347e-01
   1.0531841e-01
   9.9895215e-02
   1.0165791e-01
   8.7012807e-02
   7.6659215e-02
   7.9618205e-02
   8.3973115e-02
   8.8086096e-02
   9.1923555e-02
   9.4651444e-02
   9.6534146e-02
   9.7267037e-02
   9.8534731e-02
   9.9564402e-02
   1.0238623e-01
   1.0314202e-01
   1.0453946e-01
   1.0370657e-01
   1.0492128e-01
   1.0369680e-01
   1.0575181e-01
   1.0395861e-01
   1.0653100e-01
   1.0126698e-01
   9.8736307e-02
   9.0633688e-02
   0.0000000e+00
   0.0000000e+00
   4.7611931e-02
   6.4412575e-02
   7.8219612e-02
   9.5266303e-02
   1.0958104e-01
   1.2227715e-01
   1.3074092e-01
   1.4363905e-01
   1.5108007e-01
   1.5899009e-01
   1.6308796e-01
   1.6765406e-01
   1.6980704e-01
   1.7461666e-01
   1.7719116e-01
   1.8073628e-01
   1.8217191e-01
   1.8471109e-01
   1.8446199e-01
   1.8166501e-01
   1.7725588e-01
   1.7613177e-01
   1.7895662e-01
   1.8580645e-01
   1.9257395e-01
   1.9639793e-01
   1.9472196e-01
   1.9775764e-01
   2.0412466e-01
   2.0348689e-01
   1.9631608e-01
   1.8819826e-01
   1.8364337e-01
   1.9836173e-01
   1.9418106e-01
   1.8864160e-01
   1.8136486e-01
   1.7164570e-01
   1.6298309e-01
   1.5230894e-01
   1.3859063e-01
   1.2761759e-01
   1.1654614e-01
   1.0016491e-01
   9.1414196e-02
   7.6167011e-02
   0.0000000e+00
   4.0048180e-02
   4.1748216e-02
   5.9620469e-02
   6.4770139e-02
   7.3006156e-02
   7.7961323e-02
   8.4776789e-02
   8.7862401e-02
   9.2839255e-02
   9.3645192e-02
   9.6097011e-02
   9.7585384e-02
   9.9205887e-02
   9.9525055e-02
   1.0021643e-01
   1.0083123e-01
   1.0102624e-01
   1.0156115e-01
   1.0008100e-01
   1.0072525e-01
   9.5017756e-02
   9.1324638e-02
   9.0053339e-02
   0.0000000e+00
   0.0000000e+00
   4.9835897e-02
   5.7932319e-02
   7.0221297e-02
   8.6582273e-02
   1.0143170e-01
   1.1387004e-01
   1.2436339e-01
   1.3819683e-01
   1.4800798e-01
   1.5648620e-01
   1.6351927e-01
   1.6853157e-01
   1.7202498e-01
   1.7482671e-01
   1.7699216e-01
   1.7822206e-01
   1.7821817e-01
   1.7745649e-01
   1.7516848e-01
   1.6684298e-01
   1.5904351e-01
   1.5504241e-01
   1.5978206e-01
   1.6873203e-01
   1.7978733e-01
   1.8932856e-01
   1.9405531e-01
   2.0455583e-01
   2.1841747e-01
   2.1772408e-01
   2.1046683e-01
   2.0362953e-01
   2.0080610e-01
   2.0192723e-01
   1.9541611e-01
   1.8634203e-01
   1.7526956e-01
   1.6115956e-01
   1.4773077e-01
   1.3398768e-01
   1.1831024e-01
   1.1154602e-01
   0.0000000e+00
   7.7055871e-02
   6.9971435e-02
   5.7777397e-02
   0.0000000e+00
   0.0000000e+00
   3.0282833e-02
   4.4678502e-02
   5.1903889e-02
   5.8222480e-02
   6.6747621e-02
   7.3561490e-02
   7.8951567e-02
   8.3664700e-02
   8.6479098e-02
   8.8158779e-02
   8.9754745e-02
   9.0201318e-02
   8.9931212e-02
   9.0740837e-02
   9.0716928e-02
   9.2187807e-02
   9.1173299e-02
   9.1375157e-02
   8.9381851e-02
   8.5968547e-02
   8.1248745e-02
   6.4732575e-02
   0.0000000e+00
   0.0000000e+00
   3.2814691e-02
   4.3586355e-02
   5.6292690e-02
   7.3035941e-02
   8.7759674e-02
   9.9972010e-02
   1.1191741e-01
   1.2583020e-01
   1.3683769e-01
   1.4439042e-01
   1.5353988e-01
   1.5771008e-01
   1.6103855e-01
   1.6196899e-01
   1.6299713e-01
   1.6186522e-01
   1.5855369e-01
   1.5727952e-01
   1.5489790e-01
   1.4615175e-01
   1.3522324e-01
   1.3062449e-01
   1.3481180e-01
   1.4442438e-01
   1.5608113e-01
   1.7113504e-01
   1.8230009e-01
   1.9731270e-01
   2.1350846e-01
   2.1359190e-01
   2.0966555e-01
   2.0550606e-01
   2.0509812e-01
   1.8960086e-01
   1.7858453e-01
   1.6717128e-01
   1.5235724e-01
   1.3653551e-01
   1.2196977e-01
   1.0735527e-01
   9.3608610e-02
   8.8127747e-02
   0.0000000e+00
   6.1597031e-02
   5.4024503e-02
   4.9553353e-02
   3.8951481e-02
   0.0000000e+00
   2.9576619e-02
   4.0485732e-02
   4.5551933e-02
   5.1103204e-02
   5.9293024e-02
   6.5881863e-02
   7.0624553e-02
   7.5532153e-02
   7.8362420e-02
   7.9338938e-02
   8.0119245e-02
   7.9187825e-02
   7.8761294e-02
   7.7978358e-02
   7.8259915e-02
   7.9253331e-02
   7.9019338e-02
   7.9380691e-02
   7.7645034e-02
   7.5033754e-02
   7.0162930e-02
   5.5848878e-02
   0.0000000e+00
   0.0000000e+00
   3.2028378e-02
   3.3830833e-02
   4.5021407e-02
   5.8854684e-02
   7.2114825e-02
   8.3073899e-02
   9.5576532e-02
   1.1035263e-01
   1.2109970e-01
   1.2843916e-01
   1.3592122e-01
   1.3963383e-01
   1.4118570e-01
   1.4177507e-01
   1.3998881e-01
   1.3640986e-01
   1.3390213e-01
   1.3419864e-01
   1.3322718e-01
   1.2637851e-01
   1.1690639e-01
   1.1203671e-01
   1.1602448e-01
   1.2350802e-01
   1.3413343e-01
   1.5093887e-01
   1.6464110e-01
   1.8017560e-01
   1.9527695e-01
   1.9822118e-01
   1.9791518e-01
   1.9608951e-01
   1.9471020e-01
   1.6388746e-01
   1.5126915e-01
   1.3791461e-01
   1.2118643e-01
   1.0533788e-01
   9.2721067e-02
   7.9954371e-02
   6.9985781e-02
   8.3353677e-02
   0.0000000e+00
   4.0833894e-02
   3.9434474e-02
   3.9239086e-02
   3.7480014e-02
   3.8186786e-02
   0.0000000e+00
   3.9101388e-02
   4.1978218e-02
   4.5904178e-02
   5.3003408e-02
   5.8029421e-02
   6.2032353e-02
   6.6558480e-02
   6.8827562e-02
   6.9465570e-02
   6.9267355e-02
   6.7664891e-02
   6.6100925e-02
   6.4626321e-02
   6.4292967e-02
   6.4773351e-02
   6.5859884e-02
   6.6483364e-02
   6.5532878e-02
   6.3273519e-02
   5.7806689e-02
   4.2846594e-02
   0.0000000e+00
   0.0000000e+00
   0.0000000e+00
   2.8199427e-02
   3.1544469e-02
   4.4125218e-02
   5.5760618e-02
   6.5552525e-02
   7.8156963e-02
   9.3256682e-02
   1.0307526e-01
   1.0975237e-01
   1.1548520e-01
   1.1813997e-01
   1.1856671e-01
   1.1721063e-01
   1.1360928e-01
   1.0892726e-01
   1.0593872e-01
   1.0598512e-01
   1.0810194e-01
   1.0667597e-01
   9.8953649e-02
   9.4551109e-02
   9.7237550e-02
   1.0293484e-01
   1.1224725e-01
   1.2824333e-01
   1.4237231e-01
   1.5656790e-01
   1.7031364e-01
   1.7481650e-01
   1.7593959e-01
   1.7500243e-01
   1.7143460e-01
   1.3172315e-01
   1.1927116e-01
   1.0524996e-01
   8.9145325e-02
   7.4640960e-02
   6.3839704e-02
   5.3492546e-02
   5.6169350e-02
   0.0000000e+00
   0.0000000e+00
   2.9731289e-02
   2.8467150e-02
   2.9054113e-02
   3.2136824e-02
   3.3061564e-02
   0.0000000e+00
   3.5912678e-02
   3.7389569e-02
   4.0021259e-02
   4.5596045e-02
   4.9444340e-02
   5.2800070e-02
   5.6444865e-02
   5.8151919e-02
   5.8471408e-02
   5.7344563e-02
   5.5313196e-02
   5.2935671e-02
   5.0928239e-02
   5.0236743e-02
   5.0652497e-02
   5.2526869e-02
   5.3780843e-02
   5.3557992e-02
   5.1067013e-02
   4.5240209e-02
   3.1095387e-02
   0.0000000e+00
   0.0000000e+00
   0.0000000e+00
   0.0000000e+00
   2.1156057e-02
   2.9524531e-02
   3.9951898e-02
   4.8841558e-02
   6.1009310e-02
   7.5379267e-02
   8.3936930e-02
   8.9687973e-02
   9.4031572e-02
   9.5563293e-02
   9.5056273e-02
   9.1712199e-02
   8.6488806e-02
   8.0273181e-02
   7.5856514e-02
   7.8603342e-02
   8.5502699e-02
   8.4450632e-02
   7.6886155e-02
   7.2718427e-02
   7.4230835e-02
   7.8831322e-02
   8.7467954e-02
   1.0221395e-01
   1.1536512e-01
   1.2779225e-01
   1.3961513e-01
   1.4439134e-01
   1.4600018e-01
   1.4491449e-01
   1.4015067e-01
   9.7722009e-02
   8.6007565e-02
   7.5885266e-02
   6.4798592e-02
   5.1947447e-02
   3.8958022e-02
   3.2245565e-02
   0.0000000e+00
   0.0000000e+00
   0.0000000e+00
   2.1385955e-02
   2.0437468e-02
   1.9974912e-02
   2.3554375e-02
   2.3099074e-02
   1.8285290e-02
   3.0403269e-02
   3.1098338e-02
   3.2855276e-02
   3.6777500e-02
   3.9977007e-02
   4.2710762e-02
   4.5306634e-02
   4.6555664e-02
   4.6475857e-02
   4.4627335e-02
   4.2319246e-02
   3.9725792e-02
   3.7370257e-02
   3.6830090e-02
   3.7491571e-02
   3.9588623e-02
   4.1481350e-02
   4.1694462e-02
   3.8703740e-02
   3.2861106e-02
   2.1147493e-02
   0.0000000e+00
   0.0000000e+00
   0.0000000e+00
   0.0000000e+00
   9.5646288e-03
   1.6296124e-02
   2.5117533e-02
   3.3462383e-02
   4.4808455e-02
   5.7544976e-02
   6.4701423e-02
   6.9463670e-02
   7.2721310e-02
   7.3254816e-02
   7.1790710e-02
   6.6777259e-02
   5.9801538e-02
   5.1205184e-02
   5.1540065e-02
   5.8559016e-02
   6.9991050e-02
   5.8266684e-02
   5.1681273e-02
   4.7748875e-02
   4.8683412e-02
   5.2800838e-02
   6.1381690e-02
   7.4853040e-02
   8.6038515e-02
   9.6481748e-02
   1.0592473e-01
   1.1015595e-01
   1.1188201e-01
   1.1033729e-01
   1.0555583e-01
   5.8167154e-02
   4.6417538e-02
   3.8790117e-02
   0.0000000e+00
   0.0000000e+00
   4.1070697e-03
   4.1070697e-03
   0.0000000e+00
   0.0000000e+00
   0.0000000e+00
   1.2300511e-02
   1.1542307e-02
   1.0648353e-02
   1.2478444e-02
   1.5230464e-02
   1.8285290e-02
   2.1741056e-02
   2.1553654e-02
   2.2044610e-02
   2.4346231e-02
   2.6470229e-02
   2.8252877e-02
   3.0014914e-02
   3.0706384e-02
   3.0032842e-02
   2.7914768e-02
   2.5745260e-02
   2.3450519e-02
   2.1838572e-02
   2.1937665e-02
   2.2733403e-02
   2.4894057e-02
   2.6469702e-02
   2.6495529e-02
   2.3416760e-02
   1.7788853e-02
   8.5029152e-03
   0.0000000e+00
   0.0000000e+00
   0.0000000e+00
   0.0000000e+00
   0.0000000e+00
   1.1024915e-03
   8.3470387e-03
   1.6784494e-02
   2.6923036e-02
   3.6806569e-02
   4.2209752e-02
   4.5943557e-02
   4.8000420e-02
   4.7492981e-02
   4.4724338e-02
   3.7618785e-02
   2.8187106e-02
   1.5629733e-02
   0.0000000e+00
   0.0000000e+00
   0.0000000e+00
   1.6821852e-02
   2.0906119e-02
   1.8781770e-02
   2.0149580e-02
   2.4382232e-02
   3.3190282e-02
   4.4300162e-02
   5.1836124e-02
   5.8803416e-02
   6.5164763e-02
   6.8344561e-02
   6.9880483e-02
   6.8747635e-02
   6.4664546e-02
   2.2261713e-02
   1.1962160e-02
   7.2268867e-03
   0.0000000e+00
   0.0000000e+00
   0.0000000e+00
   0.0000000e+00
   0.0000000e+00
   0.0000000e+00
   0.0000000e+00
   2.4889959e-03
   2.0099406e-03
   1.1292895e-03
   2.0232301e-03
   3.6532965e-03
   5.9404839e-03
   7.6732053e-03
   7.7991709e-03
   7.6643899e-03
   8.8741379e-03
   1.0249601e-02
   1.1257438e-02
   1.2219800e-02
   1.2520038e-02
   1.1885414e-02
   1.0237684e-02
   8.5754385e-03
   7.0549184e-03
   6.5884972e-03
   7.4029416e-03
   8.6199148e-03
   1.0598054e-02
   1.1614367e-02
   1.1030640e-02
   7.9513565e-03
   4.0237289e-03
  -6.0736644e-04
   0.0000000e+00
   0.0000000e+00
   0.0000000e+00
   0.0000000e+00
   0.0000000e+00
  -1.3466896e-02
  -8.2987426e-03
   1.7891030e-03
   1.1251616e-02
   1.9030334e-02
   2.2820638e-02
   2.5160952e-02
   2.5609184e-02
   2.3713315e-02
   1.9482750e-02
   1.0307603e-02
  -8.0754852e-04
  -9.4899107e-03
   0.0000000e+00
   0.0000000e+00
   0.0000000e+00
   5.2661538e-03
  -8.9408259e-04
  -4.3172440e-03
  -3.4009712e-03
   7.5451774e-04
   8.3067296e-03
   1.6416417e-02
   2.0741684e-02
   2.4965577e-02
   2.9360974e-02
   3.1695601e-02
   3.2725915e-02
   3.1552505e-02
   2.8130891e-02
  -2.4928816e-03
  -9.2252307e-03
  -1.0452971e-02
   0.0000000e+00
   0.0000000e+00
   0.0000000e+00
   0.0000000e+00
   0.0000000e+00
   0.0000000e+00
   0.0000000e+00
  -3.5120649e-03
  -4.7130799e-03
  -6.6870991e-03
  -6.5426221e-03
  -5.6580729e-03
  -4.3760715e-03
  -4.1345842e-03
  -4.6858946e-03
  -5.2729193e-03
  -4.7180126e-03
  -3.6618903e-03
  -2.8677976e-03
  -2.2825701e-03
  -2.1075106e-03
  -2.4006064e-03
  -3.4059109e-03
  -4.2923237e-03
  -4.8365979e-03
  -4.1598179e-03
  -2.6563888e-03
  -1.2038660e-03
   3.6772364e-04
   6.1692786e-04
  -5.5359246e-04
  -3.5638702e-03
  -5.8053555e-03
  -5.5162492e-03
   0.0000000e+00
   0.0000000e+00
   0.0000000e+00
   0.0000000e+00
   0.0000000e+00
  -2.1968447e-02
  -1.9102098e-02
  -8.5730720e-03
   8.9592801e-04
   7.1235090e-03
   9.6007604e-03
   1.0761283e-02
   9.9019241e-03
   6.9415220e-03
   1.6609946e-03
  -8.4887305e-03
  -1.8158663e-02
  -1.8836822e-02
   0.0000000e+00
   0.0000000e+00
   0.0000000e+00
  -1.1919308e-02
  -1.4084434e-02
  -1.8012738e-02
  -1.6993644e-02
  -1.2689175e-02
  -7.5757261e-03
  -2.1488792e-03
   2.0195986e-04
   2.8175255e-03
   5.8499919e-03
   7.3532914e-03
   7.6733734e-03
   6.0470616e-03
   2.7497371e-03
  -2.3786305e-02
  -2.6191345e-02
  -2.3825127e-02
   0.0000000e+00
   0.0000000e+00
   0.0000000e+00
   0.0000000e+00
   0.0000000e+00
   0.0000000e+00
   0.0000000e+00
  -9.2661537e-03
  -1.1291855e-02
  -1.4485575e-02
  -1.5053771e-02
  -1.4787760e-02
  -1.4511257e-02
  -1.5596804e-02
  -1.6969202e-02
  -1.7954005e-02
  -1.7909027e-02
  -1.7023247e-02
  -1.6278505e-02
  -1.5901670e-02
  -1.5696727e-02
  -1.5512079e-02
  -1.5703352e-02
  -1.5633915e-02
  -1.5082184e-02
  -1.3307933e-02
  -1.1249506e-02
  -9.7354089e-03
  -8.8143422e-03
  -9.4713269e-03
  -1.1270261e-02
  -1.4138964e-02
  -1.4422175e-02
  -8.6097213e-03
   1.6516325e-03
   0.0000000e+00
   0.0000000e+00
   0.0000000e+00
   0.0000000e+00
  -2.7752229e-02
  -2.7856995e-02
  -1.7381182e-02
  -7.8261234e-03
  -3.0742009e-03
  -1.8946549e-03
  -1.8952785e-03
  -4.0254085e-03
  -7.9934671e-03
  -1.4209555e-02
  -2.5045250e-02
  -3.2487910e-02
  -2.4323122e-02
   0.0000000e+00
   0.0000000e+00
   0.0000000e+00
  -2.0482381e-02
  -2.3815267e-02
  -2.7571259e-02
  -2.6281396e-02
  -2.2924344e-02
  -2.0706904e-02
  -1.7913123e-02
  -1.7233759e-02
  -1.5948743e-02
  -1.4192728e-02
  -1.3567341e-02
  -1.4030481e-02
  -1.6196888e-02
  -1.9418897e-02
  -4.6874471e-02
  -4.1927813e-02
  -3.5096618e-02
   0.0000000e+00
   0.0000000e+00
   0.0000000e+00
   0.0000000e+00
   0.0000000e+00
   0.0000000e+00
   0.0000000e+00
  -2.0560251e-02
  -2.2947290e-02
  -2.7024498e-02
  -2.8575942e-02
  -2.8897078e-02
  -2.9644273e-02
  -3.1851316e-02
  -3.3832595e-02
  -3.5261526e-02
  -3.5635721e-02
  -3.4683137e-02
  -3.3796726e-02
  -3.3280294e-02
  -3.2489819e-02
  -3.1281702e-02
  -2.9622970e-02
  -2.7594381e-02
  -2.5158145e-02
  -2.2185797e-02
  -2.0131255e-02
  -1.9297677e-02
  -2.0359831e-02
  -2.2753221e-02
  -2.5660154e-02
  -2.8011889e-02
  -2.4091347e-02
  -7.7823768e-03
   1.6516324e-03
   0.0000000e+00
   0.0000000e+00
   0.0000000e+00
   0.0000000e+00
   0.0000000e+00
  -3.5394463e-02
  -2.6249238e-02
  -1.7026134e-02
  -1.4536583e-02
  -1.5393752e-02
  -1.7115669e-02
  -2.1123687e-02
  -2.6533544e-02
  -3.3878897e-02
  -4.5409801e-02
  -4.9513892e-02
  -4.7869107e-02
   0.0000000e+00
   0.0000000e+00
   0.0000000e+00
   0.0000000e+00
  -3.2476493e-02
  -3.2476493e-02
  -2.8797898e-02
  -3.1477215e-02
  -3.4192579e-02
  -3.5035973e-02
  -3.6467892e-02
  -3.6851945e-02
  -3.7095037e-02
  -3.7926599e-02
  -3.9583181e-02
  -4.2425568e-02
  -4.5116726e-02
  -5.9258565e-02
  -4.8724379e-02
  -3.8283549e-02
   0.0000000e+00
   0.0000000e+00
   0.0000000e+00
   0.0000000e+00
   0.0000000e+00
   0.0000000e+00
   0.0000000e+00
  -2.9533772e-02
  -3.2284036e-02
  -3.6201525e-02
  -3.7893713e-02
  -3.8761102e-02
  -3.9731156e-02
  -4.1895796e-02
  -4.3865610e-02
  -4.5296889e-02
  -4.5939349e-02
  -4.5347590e-02
  -4.4311166e-02
  -4.3035418e-02
  -4.1347463e-02
  -3.8994852e-02
  -3.5492264e-02
  -3.1971842e-02
  -2.8638594e-02
  -2.5847638e-02
  -2.5032416e-02
  -2.5953405e-02
  -2.9142153e-02
  -3.2690775e-02
  -3.5994723e-02
  -3.7228968e-02
  -3.0614788e-02
  -1.1783831e-02
  -1.5880397e-03
   0.0000000e+00
   0.0000000e+00
   0.0000000e+00
   0.0000000e+00
   0.0000000e+00
  -3.6626377e-02
  -3.0333811e-02
  -2.2745261e-02
  -2.2349423e-02
  -2.4746533e-02
  -2.7972221e-02
  -3.3379853e-02
  -3.9472818e-02
  -4.6784777e-02
  -5.6422446e-02
  -5.4876059e-02
  -5.0105348e-02
   0.0000000e+00
   0.0000000e+00
   0.0000000e+00
   0.0000000e+00
  -3.1023327e-02
  -3.1023327e-02
  -3.0242788e-02
  -3.5134293e-02
  -4.2042218e-02
  -4.4916503e-02
  -4.7546111e-02
  -4.9223512e-02
  -5.1105917e-02
  -5.3207714e-02
  -5.5740297e-02
  -5.8740407e-02
  -6.0260676e-02
  -6.7062847e-02
  -5.2188784e-02
  -3.9435033e-02
   0.0000000e+00
   0.0000000e+00
   0.0000000e+00
   0.0000000e+00
   0.0000000e+00
   0.0000000e+00
   0.0000000e+00
  -3.5870828e-02
  -3.8552195e-02
  -4.2039480e-02
  -4.3838140e-02
  -4.5050099e-02
  -4.6151552e-02
  -4.8142880e-02
  -4.9955849e-02
  -5.1327318e-02
  -5.2093331e-02
  -5.1703170e-02
  -5.0487489e-02
  -4.8436042e-02
  -4.5975447e-02
  -4.2724051e-02
  -3.7947241e-02
  -3.3635933e-02
  -3.0124022e-02
  -2.8159564e-02
  -2.8787943e-02
  -3.1270862e-02
  -3.5899226e-02
  -4.0043227e-02
  -4.3429568e-02
  -4.3892752e-02
  -3.5924233e-02
  -1.6057830e-02
  -3.5073838e-03
   0.0000000e+00
   0.0000000e+00
   0.0000000e+00
   0.0000000e+00
   0.0000000e+00
  -3.8597719e-02
  -3.1463367e-02
  -2.7150257e-02
  -2.8690174e-02
  -3.2153841e-02
  -3.6349237e-02
  -4.2503536e-02
  -4.8662856e-02
  -5.5341084e-02
  -6.2299740e-02
  -5.6123160e-02
  -4.9245581e-02
   0.0000000e+00
   0.0000000e+00
   0.0000000e+00
   0.0000000e+00
  -2.9786814e-02
  -2.9786814e-02
  -3.2896221e-02
  -3.8220752e-02
  -4.7288205e-02
  -5.1695678e-02
  -5.5231184e-02
  -5.7918884e-02
  -6.1036080e-02
  -6.4021252e-02
  -6.7047976e-02
  -6.9922104e-02
  -7.0387833e-02
  -7.4516297e-02
  -5.4138221e-02
  -3.9112136e-02
   0.0000000e+00
   0.0000000e+00
   0.0000000e+00
   0.0000000e+00
   0.0000000e+00
   0.0000000e+00
   0.0000000e+00
  -4.3055385e-02
  -4.5176537e-02
  -4.7705853e-02
  -4.9635701e-02
  -5.1177287e-02
  -5.2389203e-02
  -5.3971652e-02
  -5.5386423e-02
  -5.6599010e-02
  -5.7407468e-02
  -5.7167065e-02
  -5.5639508e-02
  -5.2353823e-02
  -4.8811551e-02
  -4.4407023e-02
  -3.8226901e-02
  -3.3408064e-02
  -3.0367396e-02
  -3.0374677e-02
  -3.3481818e-02
  -3.8213883e-02
  -4.4382288e-02
  -4.8874691e-02
  -5.2061144e-02
  -5.1676955e-02
  -4.2984714e-02
  -2.3048971e-02
  -5.1374771e-03
   0.0000000e+00
   0.0000000e+00
   0.0000000e+00
   0.0000000e+00
   0.0000000e+00
   0.0000000e+00
  -2.8824561e-02
  -3.2686868e-02
  -3.7098764e-02
  -4.1740600e-02
  -4.6898717e-02
  -5.3541414e-02
  -5.9159558e-02
  -6.4215338e-02
  -6.6148464e-02
  -5.3774515e-02
  -4.4657386e-02
   0.0000000e+00
   0.0000000e+00
   0.0000000e+00
   0.0000000e+00
  -2.8073364e-02
  -2.8073364e-02
  -3.8323939e-02
  -4.2466441e-02
  -5.2795189e-02
  -5.9087553e-02
  -6.3739113e-02
  -6.7715866e-02
  -7.2347226e-02
  -7.6313681e-02
  -7.9716203e-02
  -8.2095860e-02
  -8.1028732e-02
  -7.5550236e-02
  -5.0931167e-02
  -2.7000085e-02
  -1.6656635e-02
   0.0000000e+00
   0.0000000e+00
   0.0000000e+00
   0.0000000e+00
   0.0000000e+00
   0.0000000e+00
  -4.7855572e-02
  -4.9841238e-02
  -4.9851339e-02
  -5.1280353e-02
  -5.2590438e-02
  -5.3796031e-02
  -5.4863781e-02
  -5.5629955e-02
  -5.6352280e-02
  -5.6609735e-02
  -5.5875481e-02
  -5.3633977e-02
  -4.9224522e-02
  -4.4566067e-02
  -3.9426595e-02
  -3.3686649e-02
  -3.0601688e-02
  -3.0441597e-02
  -3.4547113e-02
  -4.0116313e-02
  -4.6258375e-02
  -5.2920587e-02
  -5.7241288e-02
  -5.9881669e-02
  -5.8805965e-02
  -5.1918985e-02
  -3.4293752e-02
  -5.1374767e-03
   0.0000000e+00
   0.0000000e+00
   0.0000000e+00
   0.0000000e+00
   0.0000000e+00
   0.0000000e+00
  -3.2451268e-02
  -4.0536080e-02
  -4.7895469e-02
  -5.3348390e-02
  -5.8388069e-02
  -6.3783273e-02
  -6.7058183e-02
  -6.7906834e-02
  -5.9891656e-02
  -3.7777978e-02
  -2.5958814e-02
   0.0000000e+00
   0.0000000e+00
   0.0000000e+00
   0.0000000e+00
  -0.0000000e+00
  -2.8073367e-02
  -0.0000000e+00
  -4.6290541e-02
  -5.6797829e-02
  -6.6514701e-02
  -7.2284183e-02
  -7.7037618e-02
  -8.2068659e-02
  -8.6258222e-02
  -8.9644611e-02
  -9.0518102e-02
  -8.6367940e-02
  -7.2624442e-02
  -4.6554270e-02
  -2.2436374e-02
  -5.3241688e-03
   0.0000000e+00
   0.0000000e+00
   0.0000000e+00
   0.0000000e+00
   0.0000000e+00
  -6.2545430e-02
  -4.9557119e-02
  -5.0167757e-02
  -4.9107208e-02
  -4.9776538e-02
  -5.0697706e-02
  -5.1765601e-02
  -5.2596833e-02
  -5.3001370e-02
  -5.3393389e-02
  -5.3257726e-02
  -5.2056576e-02
  -4.9394115e-02
  -4.4659453e-02
  -3.9862009e-02
  -3.4975516e-02
  -3.0540669e-02
  -2.9501919e-02
  -3.1748096e-02
  -3.8146059e-02
  -4.4691219e-02
  -5.1131572e-02
  -5.7561405e-02
  -6.1491582e-02
  -6.3634057e-02
  -6.2186267e-02
  -5.4296858e-02
  -3.8042896e-02
   0.0000000e+00
   0.0000000e+00
   0.0000000e+00
   0.0000000e+00
   0.0000000e+00
   0.0000000e+00
   0.0000000e+00
  -3.4278149e-02
  -4.4991585e-02
  -5.4254565e-02
  -6.0176082e-02
  -6.4575400e-02
  -6.8410706e-02
  -6.9544707e-02
  -6.7283426e-02
  -5.3890295e-02
  -2.9003348e-02
  -1.7317715e-02
   0.0000000e+00
   0.0000000e+00
   0.0000000e+00
   0.0000000e+00
   0.0000000e+00
   0.0000000e+00
   0.0000000e+00
  -5.1332603e-02
  -6.0112066e-02
  -7.0558835e-02
  -7.6403354e-02
  -8.1088756e-02
  -8.5878541e-02
  -8.9755421e-02
  -9.2530368e-02
  -9.1868980e-02
  -8.5687188e-02
  -6.6065200e-02
  -3.9012691e-02
  -1.5868439e-02
   5.4905330e-04
   0.0000000e+00
   0.0000000e+00
   0.0000000e+00
   0.0000000e+00
   0.0000000e+00
  -6.2545430e-02
  -5.2511270e-02
  -4.8616341e-02
  -4.6539699e-02
  -4.5873401e-02
  -4.6098910e-02
  -4.6884379e-02
  -4.7471151e-02
  -4.7435807e-02
  -4.7377312e-02
  -4.6689879e-02
  -4.4756745e-02
  -4.1562659e-02
  -3.6690635e-02
  -3.2138253e-02
  -2.8127291e-02
  -2.6187722e-02
  -2.8562611e-02
  -3.4421109e-02
  -4.3613741e-02
  -5.1006010e-02
  -5.7391193e-02
  -6.3103420e-02
  -6.6306009e-02
  -6.7677160e-02
  -6.5788350e-02
  -5.4958480e-02
  -4.7645487e-02
   0.0000000e+00
   0.0000000e+00
   0.0000000e+00
   0.0000000e+00
   0.0000000e+00
   0.0000000e+00
   0.0000000e+00
  -3.6332928e-02
  -5.0478613e-02
  -6.2279839e-02
  -6.8785304e-02
  -7.1913705e-02
  -7.3111170e-02
  -7.0926277e-02
  -6.4227661e-02
  -4.4437971e-02
  -1.8454454e-02
  -8.3363850e-03
   0.0000000e+00
   0.0000000e+00
   0.0000000e+00
   0.0000000e+00
   0.0000000e+00
   0.0000000e+00
   0.0000000e+00
  -5.8131592e-02
  -6.5070660e-02
  -7.5394683e-02
  -8.0860701e-02
  -8.5034063e-02
  -8.9132774e-02
  -9.2254907e-02
  -9.3769988e-02
  -9.0646191e-02
  -8.1725452e-02
  -5.1306654e-02
  -2.6251594e-02
  -6.2827228e-03
   5.3848890e-03
   6.8557564e-03
   0.0000000e+00
   0.0000000e+00
   0.0000000e+00
   0.0000000e+00
  -5.8930169e-02
  -4.5786195e-02
  -4.0904428e-02
  -3.7378997e-02
  -3.4593463e-02
  -3.4033622e-02
  -3.4504525e-02
  -3.5354391e-02
  -3.5795133e-02
  -3.5828833e-02
  -3.4800839e-02
  -3.2609664e-02
  -2.9602831e-02
  -2.5859548e-02
  -2.3250070e-02
  -2.2243693e-02
  -2.5320433e-02
  -3.1844664e-02
  -4.0555555e-02
  -5.0857779e-02
  -5.7914153e-02
  -6.3276306e-02
  -6.7408018e-02
  -6.9128252e-02
  -6.8831027e-02
  -6.2193029e-02
  -4.2145117e-02
  -3.0919785e-02
   0.0000000e+00
   0.0000000e+00
   0.0000000e+00
   0.0000000e+00
   0.0000000e+00
   0.0000000e+00
   0.0000000e+00
  -4.2394927e-02
  -5.3949609e-02
  -6.7675322e-02
  -7.3760925e-02
  -7.4456915e-02
  -7.1687251e-02
  -6.5791785e-02
  -5.5427879e-02
  -3.4038667e-02
  -1.3267914e-02
  -6.2717495e-03
   0.0000000e+00
   0.0000000e+00
   0.0000000e+00
   0.0000000e+00
   0.0000000e+00
  -8.0715493e-03
   0.0000000e+00
  -6.1847225e-02
  -6.7946240e-02
  -7.6566078e-02
  -8.0666279e-02
  -8.3131015e-02
  -8.4497020e-02
  -8.5061585e-02
  -8.4190190e-02
  -7.8636467e-02
  -6.7802578e-02
  -4.1789601e-02
  -1.8905380e-02
  -1.8807347e-03
   6.0239953e-03
   3.8426754e-03
  -3.7976847e-03
   0.0000000e+00
  -6.4233355e-02
  -6.6568830e-02
  -5.6705605e-02
  -3.9673145e-02
  -3.5411563e-02
  -3.1193540e-02
  -2.7541744e-02
  -2.6686287e-02
  -2.7148474e-02
  -2.8313171e-02
  -2.9056087e-02
  -2.9210007e-02
  -2.8197660e-02
  -2.6216771e-02
  -2.3734790e-02
  -2.1174914e-02
  -2.0174062e-02
  -2.1226655e-02
  -2.6844726e-02
  -3.4894608e-02
  -4.4286186e-02
  -5.4503185e-02
  -6.1074361e-02
  -6.5663173e-02
  -6.8570092e-02
  -6.9036298e-02
  -6.7107833e-02
  -5.7553616e-02
  -3.5555333e-02
  -2.4060989e-02
   0.0000000e+00
   0.0000000e+00
   0.0000000e+00
   0.0000000e+00
   0.0000000e+00
   0.0000000e+00
   0.0000000e+00
  -4.3748349e-02
  -5.4524540e-02
  -6.9075911e-02
  -7.4429177e-02
  -7.3690599e-02
  -6.8942740e-02
  -6.1403438e-02
  -4.9831768e-02
  -2.8718302e-02
  -1.0849854e-02
  -5.4154047e-03
   0.0000000e+00
   0.0000000e+00
   0.0000000e+00
   0.0000000e+00
   0.0000000e+00
  -1.5388817e-02
  -5.5155176e-02
  -6.5068495e-02
  -6.8274870e-02
  -7.5163102e-02
  -7.8311741e-02
  -7.9614146e-02
  -7.9158237e-02
  -7.8145064e-02
  -7.5964032e-02
  -6.9424472e-02
  -5.8121201e-02
  -2.6690693e-02
  -7.9922295e-03
   3.6080905e-03
   4.9548969e-03
  -1.6411967e-03
  -3.7976847e-03
   0.0000000e+00
  -6.4233356e-02
  -6.6568831e-02
  -5.4125902e-02
  -2.8482240e-02
  -2.6260286e-02
  -2.1146531e-02
  -1.6540748e-02
  -1.5393399e-02
  -1.6004890e-02
  -1.7791044e-02
  -1.9009295e-02
  -1.9405014e-02
  -1.8615150e-02
  -1.7284348e-02
  -1.5974590e-02
  -1.5674940e-02
  -1.7525068e-02
  -2.1946302e-02
  -3.1013619e-02
  -4.0517696e-02
  -5.0015714e-02
  -5.9424738e-02
  -6.5000418e-02
  -6.8266894e-02
  -6.9057905e-02
  -6.7284065e-02
  -6.2301026e-02
  -4.8243112e-02
  -2.6506093e-02
  -1.6478616e-02
   0.0000000e+00
   0.0000000e+00
   0.0000000e+00
   0.0000000e+00
   0.0000000e+00
   0.0000000e+00
   0.0000000e+00
   0.0000000e+00
  -5.3877386e-02
  -6.9551530e-02
  -7.3355054e-02
  -7.0453122e-02
  -6.3054134e-02
  -5.3536077e-02
  -4.1019392e-02
  -2.1441667e-02
  -7.7919797e-03
  -4.4559172e-03
   0.0000000e+00
   0.0000000e+00
   0.0000000e+00
   0.0000000e+00
   0.0000000e+00
  -3.3145600e-02
  -5.5155173e-02
  -6.7970454e-02
  -6.7514396e-02
  -7.1123885e-02
  -7.2703302e-02
  -7.2110849e-02
  -6.8714271e-02
  -6.5258076e-02
  -6.1191908e-02
  -5.3576548e-02
  -4.2170727e-02
  -1.1358763e-02
  -4.3709312e-04
   3.6080905e-03
  -1.5071394e-03
  -1.1695785e-02
  -2.4441376e-02
  -4.1852713e-02
  -6.4233354e-02
  -6.6568829e-02
  -5.4125906e-02
  -2.0214161e-02
  -1.8709561e-02
  -1.4574765e-02
  -1.1228719e-02
  -1.0701671e-02
  -1.1305584e-02
  -1.2550538e-02
  -1.3322727e-02
  -1.3654470e-02
  -1.3540846e-02
  -1.3483487e-02
  -1.4100548e-02
  -1.6637363e-02
  -2.0880200e-02
  -2.7075758e-02
  -3.6642332e-02
  -4.5304105e-02
  -5.3396977e-02
  -6.0900100e-02
  -6.4635672e-02
  -6.5883160e-02
  -6.4046383e-02
  -5.9691962e-02
  -5.1858917e-02
  -3.7905343e-02
  -2.6486676e-02
  -0.0000000e+00
   0.0000000e+00
   0.0000000e+00
   0.0000000e+00
   0.0000000e+00
   0.0000000e+00
   0.0000000e+00
   0.0000000e+00
   0.0000000e+00
  -5.3622792e-02
  -6.5279864e-02
  -6.8135753e-02
  -6.3668899e-02
  -5.4590039e-02
  -4.4116050e-02
  -3.2105550e-02
  -1.5492769e-02
  -4.2609936e-03
  -1.6485755e-03
   0.0000000e+00
   0.0000000e+00
   0.0000000e+00
   0.0000000e+00
   0.0000000e+00
  -3.8322916e-02
  -5.6408256e-02
  -6.2952049e-02
  -6.1192870e-02
  -6.1773308e-02
  -6.1007448e-02
  -5.8309585e-02
  -5.2790042e-02
  -4.7626331e-02
  -4.1965429e-02
  -3.3688385e-02
  -2.3585666e-02
  -5.3617259e-03
   2.8968902e-03
   0.0000000e+00
  -4.3234415e-03
  -1.4825239e-02
  -2.7460997e-02
  -3.9557505e-02
   0.0000000e+00
   0.0000000e+00
   0.0000000e+00
  -1.6919559e-02
  -1.6298130e-02
  -1.3171270e-02
  -1.0955291e-02
  -1.0887015e-02
  -1.1499152e-02
  -1.2392330e-02
  -1.2866232e-02
  -1.3120302e-02
  -1.3304662e-02
  -1.3820078e-02
  -1.5246941e-02
  -1.8838864e-02
  -2.3783731e-02
  -3.0257095e-02
  -3.9367680e-02
  -4.7112668e-02
  -5.4079451e-02
  -6.0189947e-02
  -6.2705316e-02
  -6.2746666e-02
  -5.9503201e-02
  -5.3878286e-02
  -4.4858534e-02
  -3.0765818e-02
  -2.2632665e-02
   0.0000000e+00
   0.0000000e+00
   0.0000000e+00
   0.0000000e+00
   0.0000000e+00
   0.0000000e+00
   0.0000000e+00
   0.0000000e+00
   0.0000000e+00
  -5.2192450e-02
  -6.2126953e-02
  -6.3904755e-02
  -5.8879513e-02
  -4.9169879e-02
  -3.8443639e-02
  -2.6920186e-02
  -1.2003886e-02
  -1.5367553e-03
   1.3204322e-03
   0.0000000e+00
   0.0000000e+00
   0.0000000e+00
   0.0000000e+00
   0.0000000e+00
  -3.9885730e-02
  -5.4880336e-02
  -5.8328480e-02
  -5.6023411e-02
  -5.5075657e-02
  -5.3017960e-02
  -4.9189169e-02
  -4.2575188e-02
  -3.6574542e-02
  -3.0203136e-02
  -2.1933364e-02
  -1.2811371e-02
   9.4995614e-03
   0.0000000e+00
   0.0000000e+00
  -4.1812599e-03
  -1.4026905e-02
  -2.5864261e-02
  -3.0315708e-02
   0.0000000e+00
   0.0000000e+00
   0.0000000e+00
  -1.4672116e-02
  -1.6650847e-02
  -1.6277883e-02
  -1.6933397e-02
  -1.7885756e-02
  -1.8541096e-02
  -1.8739067e-02
  -1.8606342e-02
  -1.8632913e-02
  -1.9115931e-02
  -2.0240607e-02
  -2.2360396e-02
  -2.6420764e-02
  -3.1003756e-02
  -3.6231157e-02
  -4.2840324e-02
  -4.8016345e-02
  -5.2321424e-02
  -5.5364323e-02
  -5.5418695e-02
  -5.3294078e-02
  -4.7888390e-02
  -4.0586797e-02
  -3.0586767e-02
  -1.5794732e-02
  -7.1660187e-03
   0.0000000e+00
   0.0000000e+00
   0.0000000e+00
   0.0000000e+00
   0.0000000e+00
   0.0000000e+00
   0.0000000e+00
   0.0000000e+00
   0.0000000e+00
  -4.6772395e-02
  -5.5124167e-02
  -5.3823887e-02
  -4.8635765e-02
  -3.8624952e-02
  -2.8156940e-02
  -1.7920045e-02
  -5.8834917e-03
   4.7269810e-03
   9.5341143e-03
   0.0000000e+00
   0.0000000e+00
   0.0000000e+00
   0.0000000e+00
   0.0000000e+00
  -3.9278931e-02
  -4.7058154e-02
  -4.6399174e-02
  -4.3632634e-02
  -4.0568213e-02
  -3.6434303e-02
  -3.0857524e-02
  -2.2665879e-02
  -1.5570805e-02
  -8.4637613e-03
  -1.1050345e-03
   5.8045662e-03
   0.0000000e+00
   0.0000000e+00
   0.0000000e+00
  -4.1812598e-03
  -1.2523897e-02
  -1.5805598e-02
  -2.4436496e-02
   0.0000000e+00
   0.0000000e+00
  -2.3947355e-02
  -2.0638293e-02
  -2.3728717e-02
  -2.5651205e-02
  -2.8117564e-02
  -2.9642992e-02
  -3.0443149e-02
  -3.0500013e-02
  -3.0186264e-02
  -2.9975282e-02
  -3.0024577e-02
  -3.0523267e-02
  -3.1634528e-02
  -3.3903427e-02
  -3.6379311e-02
  -3.9077148e-02
  -4.2483680e-02
  -4.5173150e-02
  -4.7347981e-02
  -4.8428260e-02
  -4.7336496e-02
  -4.4396538e-02
  -3.8447976e-02
  -3.1143978e-02
  -2.1401124e-02
  -6.7869797e-03
   2.4968362e-04
   0.0000000e+00
   0.0000000e+00
   0.0000000e+00
   0.0000000e+00
   0.0000000e+00
   0.0000000e+00
   0.0000000e+00
   0.0000000e+00
   0.0000000e+00
  -4.4704239e-02
  -4.5217995e-02
  -4.2906325e-02
  -3.8365889e-02
  -2.9376740e-02
  -1.9947644e-02
  -1.0891913e-02
  -1.5801520e-03
   4.2875510e-03
   0.0000000e+00
   0.0000000e+00
   0.0000000e+00
   0.0000000e+00
   0.0000000e+00
   0.0000000e+00
  -3.7379180e-02
  -3.8619887e-02
  -3.5303913e-02
  -3.2611825e-02
  -2.8796164e-02
  -2.3788149e-02
  -1.7522696e-02
  -8.4968098e-03
  -7.7479461e-04
   6.1593074e-03
   1.1077621e-02
   1.1108292e-02
   0.0000000e+00
   0.0000000e+00
   0.0000000e+00
   0.0000000e+00
  -8.7880027e-03
  -9.7212344e-03
  -1.0654465e-02
   0.0000000e+00
  -3.2578747e-02
  -2.4897914e-02
  -2.4823386e-02
  -2.8528083e-02
  -3.1818260e-02
  -3.5303507e-02
  -3.7139338e-02
  -3.8011387e-02
  -3.7985567e-02
  -3.7560236e-02
  -3.7181668e-02
  -3.6902014e-02
  -3.6937926e-02
  -3.7334174e-02
  -3.8380150e-02
  -3.9486650e-02
  -4.0581919e-02
  -4.1987151e-02
  -4.3128062e-02
  -4.3978475e-02
  -4.3860085e-02
  -4.2102009e-02
  -3.8715787e-02
  -3.2489207e-02
  -2.5213992e-02
  -1.5673578e-02
  -1.3141332e-03
   4.7555976e-03
   0.0000000e+00
   0.0000000e+00
   0.0000000e+00
   0.0000000e+00
   0.0000000e+00
   0.0000000e+00
   0.0000000e+00
  -6.1175814e-02
  -5.6146298e-02
  -4.2891213e-02
  -3.8433053e-02
  -3.5643447e-02
  -3.1505957e-02
  -2.3227738e-02
  -1.4450495e-02
  -6.1471360e-03
   1.3319085e-03
   4.0548719e-03
   0.0000000e+00
   0.0000000e+00
   0.0000000e+00
   0.0000000e+00
   0.0000000e+00
   0.0000000e+00
  -3.6299432e-02
  -3.3222452e-02
  -2.8189242e-02
  -2.5520088e-02
  -2.1238908e-02
  -1.5686627e-02
  -8.9913988e-03
   5.4887892e-04
   8.6725503e-03
   1.5470988e-02
   1.8699350e-02
   1.7567139e-02
   0.0000000e+00
   0.0000000e+00
   0.0000000e+00
   0.0000000e+00
  -4.5709719e-03
  -4.8627305e-03
  -5.1544887e-03
   0.0000000e+00
  -3.2578745e-02
  -3.4326394e-02
  -3.5325844e-02
  -3.8798102e-02
  -4.2921879e-02
  -4.6270570e-02
  -4.7903916e-02
  -4.8638177e-02
  -4.8579466e-02
  -4.8039141e-02
  -4.7229809e-02
  -4.5859981e-02
  -4.4480948e-02
  -4.3001942e-02
  -4.1340406e-02
  -4.0175079e-02
  -3.9090252e-02
  -3.8101281e-02
  -3.7452877e-02
  -3.6800256e-02
  -3.5581740e-02
  -3.3626778e-02
  -3.0467281e-02
  -2.4644519e-02
  -1.7768070e-02
  -8.9717722e-03
   3.3563635e-03
   8.6052549e-03
   0.0000000e+00
   0.0000000e+00
   0.0000000e+00
   0.0000000e+00
   0.0000000e+00
   0.0000000e+00
   0.0000000e+00
  -6.1175817e-02
  -5.6146296e-02
  -3.6567384e-02
  -2.3163234e-02
  -2.1655028e-02
  -1.7978096e-02
  -1.1422430e-02
  -3.4568176e-03
   3.7747966e-03
   7.4973698e-03
   7.5837937e-03
   0.0000000e+00
   0.0000000e+00
   0.0000000e+00
   0.0000000e+00
   0.0000000e+00
   0.0000000e+00
   0.0000000e+00
  -2.5268600e-02
  -1.7496572e-02
  -1.4571046e-02
  -9.7802237e-03
  -3.6003725e-03
   3.6022135e-03
   1.3674593e-02
   2.2397711e-02
   2.8701910e-02
   2.7924331e-02
   2.3253170e-02
   0.0000000e+00
   1.7942232e-04
   0.0000000e+00
   0.0000000e+00
  -4.4083871e-03
  -9.3367137e-03
  -1.8561599e-02
  -3.8376734e-02
  -3.8124060e-02
  -3.7627161e-02
  -3.7900265e-02
  -4.1007385e-02
  -4.4315558e-02
  -4.7163609e-02
  -4.8677206e-02
  -4.9430039e-02
  -4.9576160e-02
  -4.9203061e-02
  -4.8482176e-02
  -4.7182236e-02
  -4.5760013e-02
  -4.4152513e-02
  -4.2301778e-02
  -4.0885709e-02
  -3.9407820e-02
  -3.7766822e-02
  -3.6498502e-02
  -3.5223734e-02
  -3.3369787e-02
  -3.1024188e-02
  -2.7659077e-02
  -2.1986753e-02
  -1.5914742e-02
  -8.7958584e-03
   1.3027627e-03
   6.3054748e-03
   0.0000000e+00
   0.0000000e+00
   0.0000000e+00
   0.0000000e+00
   0.0000000e+00
   0.0000000e+00
  -5.6823904e-02
  -5.4272223e-02
  -4.8325688e-02
  -3.0209094e-02
  -1.7960493e-02
  -1.5393707e-02
  -1.1171406e-02
  -3.9403187e-03
   3.7690527e-03
   1.0359665e-02
   1.1739381e-02
   9.8234164e-03
   0.0000000e+00
   0.0000000e+00
   0.0000000e+00
   0.0000000e+00
   0.0000000e+00
   0.0000000e+00
   0.0000000e+00
  -2.2641450e-02
  -1.3526129e-02
  -9.9267419e-03
  -5.3851022e-03
   7.0032600e-04
   7.8508444e-03
   1.7750729e-02
   2.6591904e-02
   3.2364219e-02
   2.9296177e-02
   2.2379998e-02
   0.0000000e+00
   1.7942230e-04
   0.0000000e+00
   0.0000000e+00
  -4.3677404e-03
  -1.3810696e-02
  -2.1913375e-02
  -3.8376732e-02
  -4.0896710e-02
  -4.0927926e-02
  -4.0474679e-02
  -4.3216662e-02
  -4.5709238e-02
  -4.8056641e-02
  -4.9450492e-02
  -5.0221888e-02
  -5.0572848e-02
  -5.0366975e-02
  -4.9734532e-02
  -4.8504488e-02
  -4.7039073e-02
  -4.5303081e-02
  -4.3263143e-02
  -4.1596337e-02
  -3.9725380e-02
  -3.7432351e-02
  -3.5544121e-02
  -3.3647203e-02
  -3.1157835e-02
  -2.8421601e-02
  -2.4850868e-02
  -1.9328980e-02
  -1.4061413e-02
  -8.6199420e-03
  -7.5083755e-04
   4.0056950e-03
   0.0000000e+00
   0.0000000e+00
   0.0000000e+00
   0.0000000e+00
   0.0000000e+00
   0.0000000e+00
  -5.6823900e-02
  -5.2546315e-02
  -4.0505075e-02
  -2.3850803e-02
  -1.2757751e-02
  -9.1323846e-03
  -4.3647152e-03
   3.5417933e-03
   1.0994922e-02
   1.6944533e-02
   1.5981388e-02
   1.2063038e-02
   0.0000000e+00
   0.0000000e+00
   0.0000000e+00
   0.0000000e+00
   0.0000000e+00
   0.0000000e+00
   0.0000000e+00
  -1.2132843e-02
  -9.5556858e-03
  -5.2824354e-03
  -9.8997969e-04
   5.0010242e-03
   1.2099473e-02
   2.1826864e-02
   3.0786094e-02
   3.6026520e-02
   3.0668018e-02
   2.1506826e-02
   0.0000000e+00
   2.8403808e-03
   0.0000000e+00
   0.0000000e+00
  -9.5148608e-03
  -2.0477526e-02
  -3.0596055e-02
  -4.1027699e-02
  -4.4043832e-02
  -4.4833522e-02
  -4.7837935e-02
  -5.1887408e-02
  -5.5252951e-02
  -5.8152504e-02
  -5.9427008e-02
  -5.9620574e-02
  -5.8902714e-02
  -5.7752177e-02
  -5.6114011e-02
  -5.3769905e-02
  -5.1522795e-02
  -4.9112469e-02
  -4.6260897e-02
  -4.3888129e-02
  -4.1203223e-02
  -3.7456200e-02
  -3.3843093e-02
  -2.9909205e-02
  -2.5037864e-02
  -2.1153983e-02
  -1.7885029e-02
  -1.5212438e-02
  -1.4855020e-02
  -1.5619901e-02
  -1.1751080e-02
   2.2532592e-03
   9.8845388e-03
   0.0000000e+00
   0.0000000e+00
   0.0000000e+00
   0.0000000e+00
   0.0000000e+00
  -5.4510425e-02
  -4.9081933e-02
  -3.4293912e-02
  -1.8628962e-02
  -4.9729091e-03
   1.6776071e-03
   7.3549841e-03
   1.4446350e-02
   1.0994923e-02
   2.8579840e-02
   2.8982511e-02
   0.0000000e+00
   0.0000000e+00
   0.0000000e+00
   0.0000000e+00
   0.0000000e+00
   0.0000000e+00
   0.0000000e+00
   0.0000000e+00
  -3.1394891e-03
   7.5428735e-04
   4.4522658e-03
   5.6627849e-03
   1.0858266e-02
   1.7523425e-02
   2.8450031e-02
   3.8036674e-02
   4.1474529e-02
   3.3411931e-02
   2.5511716e-02
   0.0000000e+00
   3.4547693e-03
   2.0487121e-03
   0.0000000e+00
  -9.9040521e-03
  -2.2869409e-02
  -3.2865860e-02
  -4.2549253e-02
  -4.6138212e-02
  -4.8274130e-02
  -5.3252541e-02
  -5.8342971e-02
  -6.2769778e-02
  -6.6745281e-02
  -6.8598948e-02
  -6.9088176e-02
  -6.8244472e-02
  -6.6627011e-02
  -6.4263575e-02
  -6.0774416e-02
  -5.7404958e-02
  -5.3805318e-02
  -4.9589772e-02
  -4.6196066e-02
  -4.2607434e-02
  -3.7809473e-02
  -3.3311948e-02
  -2.8553946e-02
  -2.3081798e-02
  -1.9397169e-02
  -1.6972356e-02
  -1.5479883e-02
  -1.5793167e-02
  -1.8159693e-02
  -1.8145567e-02
  -4.1329172e-03
   4.1619493e-03
   0.0000000e+00
   0.0000000e+00
   0.0000000e+00
   0.0000000e+00
  -5.8413970e-02
  -5.5463464e-02
  -4.9222987e-02
  -3.5095807e-02
  -2.0182556e-02
  -5.1327324e-03
   3.8842417e-03
   1.0328496e-02
   1.5545724e-02
   0.0000000e+00
   2.9752888e-02
   3.0293252e-02
   0.0000000e+00
   0.0000000e+00
   0.0000000e+00
   0.0000000e+00
   0.0000000e+00
   0.0000000e+00
   0.0000000e+00
   0.0000000e+00
  -2.4594713e-03
   5.7603263e-03
   9.3318690e-03
   8.1593860e-03
   1.3045387e-02
   2.0287797e-02
   3.3525236e-02
   4.3894812e-02
   4.6442140e-02
   3.5034291e-02
   2.6974630e-02
   0.0000000e+00
   3.9999954e-03
   2.0487121e-03
   0.0000000e+00
   0.0000000e+00
  -2.9512256e-02
  -3.5704300e-02
  -4.4873643e-02
  -4.9404450e-02
  -5.3808063e-02
  -6.1799580e-02
  -6.8547564e-02
  -7.4725439e-02
  -8.0520543e-02
  -8.3409103e-02
  -8.4495407e-02
  -8.3572465e-02
  -8.1259185e-02
  -7.7753480e-02
  -7.2397871e-02
  -6.7157709e-02
  -6.1555271e-02
  -5.5047885e-02
  -4.9951834e-02
  -4.4881445e-02
  -3.8427859e-02
  -3.2603733e-02
  -2.6666753e-02
  -2.0454407e-02
  -1.7273036e-02
  -1.6293275e-02
  -1.6498084e-02
  -1.7338195e-02
  -2.1697032e-02
  -2.7932795e-02
  -1.5252389e-02
  -5.9065539e-03
   0.0000000e+00
   0.0000000e+00
   0.0000000e+00
   0.0000000e+00
  -5.8413976e-02
  -5.6951894e-02
  -4.9932054e-02
  -3.7332997e-02
  -2.3610697e-02
  -6.4495996e-03
   6.3285399e-03
   1.4001035e-02
   0.0000000e+00
   0.0000000e+00
   0.0000000e+00
   0.0000000e+00
   0.0000000e+00
   0.0000000e+00
   0.0000000e+00
   0.0000000e+00
   0.0000000e+00
   0.0000000e+00
   0.0000000e+00
   0.0000000e+00
   0.0000000e+00
   2.0632689e-02
   1.6622127e-02
   1.1666924e-02
   1.6114248e-02
   2.4429938e-02
   4.1573583e-02
   5.3237222e-02
   5.4457519e-02
   3.7523685e-02
   2.9015727e-02
   2.8610405e-02
   3.3565215e-03
   2.5633190e-04
  -1.3529022e-02
   0.0000000e+00
  -3.4087784e-02
  -3.9426737e-02
  -4.8190199e-02
  -5.4052278e-02
  -6.0837395e-02
  -7.0947357e-02
  -7.9410240e-02
  -8.7278977e-02
  -9.5133573e-02
  -9.9842086e-02
  -1.0279524e-01
  -1.0386664e-01
  -1.0286678e-01
  -1.0018642e-01
  -9.4990030e-02
  -8.9318916e-02
  -8.2680300e-02
  -7.4006006e-02
  -6.6442564e-02
  -5.8580022e-02
  -4.8979081e-02
  -4.0938810e-02
  -3.3151314e-02
  -2.5261095e-02
  -2.1796450e-02
  -2.1711998e-02
  -2.1880457e-02
  -1.6657915e-02
  -1.2859199e-02
  -2.4347975e-02
  -1.5252388e-02
  -0.0000000e+00
   0.0000000e+00
   0.0000000e+00
   0.0000000e+00
  -7.4778411e-02
  -7.1964209e-02
  -6.8003535e-02
  -6.1625089e-02
  -5.0870918e-02
  -3.7582885e-02
  -1.7327437e-02
   1.9371242e-03
   1.7892634e-02
   0.0000000e+00
   0.0000000e+00
   0.0000000e+00
   0.0000000e+00
   0.0000000e+00
   0.0000000e+00
   0.0000000e+00
   0.0000000e+00
   0.0000000e+00
   0.0000000e+00
   0.0000000e+00
   0.0000000e+00
   0.0000000e+00
   3.3720601e-02
   3.2487754e-02
   2.1398632e-02
   2.1963801e-02
   3.2129992e-02
   4.1573583e-02
   6.4194320e-02
   6.5958038e-02
   4.3433726e-02
   3.0656692e-02
   2.9323479e-02
   2.7172923e-03
  -1.3617255e-03
  -1.5043419e-02
  -3.2536864e-02
  -3.6317083e-02
  -4.1314632e-02
  -4.9804654e-02
  -5.6086082e-02
  -6.3602321e-02
  -7.4280769e-02
  -8.3186448e-02
  -9.1465816e-02
  -9.9934414e-02
  -1.0528002e-01
  -1.0897334e-01
  -1.1100440e-01
  -1.1080348e-01
  -1.0889087e-01
  -1.0445808e-01
  -9.9212132e-02
  -9.2720121e-02
  -8.3680525e-02
  -7.5352333e-02
  -6.6419221e-02
  -5.5307854e-02
  -4.6029579e-02
  -3.7117418e-02
  -2.8001292e-02
  -2.3770688e-02
  -2.3686817e-02
  -2.4785290e-02
  -1.7875051e-02
  -7.5072097e-03
  -2.3160916e-02
   0.0000000e+00
   0.0000000e+00
   0.0000000e+00
   0.0000000e+00
   0.0000000e+00
  -8.2580343e-02
  -7.6865062e-02
  -7.4692696e-02
  -6.8731271e-02
  -5.8626495e-02
  -4.5671102e-02
  -2.4599614e-02
  -2.3267511e-03
   1.7453947e-02
   0.0000000e+00
   0.0000000e+00
   0.0000000e+00
   0.0000000e+00
   0.0000000e+00
   0.0000000e+00
   0.0000000e+00
   0.0000000e+00
   0.0000000e+00
   0.0000000e+00
   0.0000000e+00
   0.0000000e+00
   0.0000000e+00
   3.8940083e-02
   4.1351199e-02
   2.9279437e-02
   2.6487511e-02
   3.4006794e-02
   0.0000000e+00
   6.5747753e-02
   6.7417517e-02
   4.5720562e-02
   3.1809025e-02
   3.1478005e-02
   0.0000000e+00
  -9.7945639e-03
  -1.9619118e-02
  -3.2536868e-02
  -3.7968252e-02
  -4.4225583e-02
  -5.2194000e-02
  -5.8743529e-02
  -6.6681741e-02
  -7.7488259e-02
  -8.6444979e-02
  -9.4696255e-02
  -1.0347467e-01
  -1.0937956e-01
  -1.1390841e-01
  -1.1734250e-01
  -1.1857000e-01
  -1.1835779e-01
  -1.1611272e-01
  -1.1247473e-01
  -1.0720326e-01
  -9.8685902e-02
  -8.9898552e-02
  -7.9825915e-02
  -6.6512563e-02
  -5.5156663e-02
  -4.4234965e-02
  -3.2673850e-02
  -2.6341493e-02
  -2.5587541e-02
  -2.9523304e-02
  -2.2063066e-02
   2.0318749e-03
   0.0000000e+00
   0.0000000e+00
   0.0000000e+00
   0.0000000e+00
   0.0000000e+00
   0.0000000e+00
  -8.8473661e-02
  -8.6588894e-02
  -8.6610825e-02
  -8.1428090e-02
  -7.1901088e-02
  -5.9624861e-02
  -3.8409701e-02
  -1.1914657e-02
   4.7126843e-04
   0.0000000e+00
   0.0000000e+00
   0.0000000e+00
   0.0000000e+00
   0.0000000e+00
   0.0000000e+00
   0.0000000e+00
   0.0000000e+00
   0.0000000e+00
   0.0000000e+00
   0.0000000e+00
   0.0000000e+00
   0.0000000e+00
   4.4889607e-02
   5.6226494e-02
   4.5788507e-02
   3.5766339e-02
   3.3577580e-02
   0.0000000e+00
   5.3997348e-02
   6.3197480e-02
   4.8195373e-02
   3.4675076e-02
   0.0000000e+00
   0.0000000e+00
  -1.5343691e-02
  -2.3644244e-02
  -3.4003954e-02
  -3.9649621e-02
  -4.5896646e-02
  -5.3176843e-02
  -5.9337735e-02
  -6.6737898e-02
  -7.6788694e-02
  -8.5139155e-02
  -9.2760116e-02
  -1.0095334e-01
  -1.0678851e-01
  -1.1148427e-01
  -1.1532196e-01
  -1.1688341e-01
  -1.1716362e-01
  -1.1582980e-01
  -1.1316650e-01
  -1.0914817e-01
  -1.0224649e-01
  -9.4624139e-02
  -8.5303664e-02
  -7.2120033e-02
  -6.0180843e-02
  -4.8120301e-02
  -3.4291379e-02
  -2.4597278e-02
  -2.0904131e-02
  -2.8345680e-02
  -3.4153976e-02
  -1.4437533e-02
   0.0000000e+00
  -5.8878575e-02
  -1.1359397e-01
  -1.4122732e-01
  -1.0238392e-01
  -8.7733344e-02
  -9.0372741e-02
  -8.9179575e-02
  -8.8789515e-02
  -8.4311053e-02
  -7.6476194e-02
  -6.6421226e-02
  -4.8442494e-02
  -2.3100786e-02
  -1.0052160e-02
   0.0000000e+00
   0.0000000e+00
   0.0000000e+00
   0.0000000e+00
   0.0000000e+00
   0.0000000e+00
   0.0000000e+00
   0.0000000e+00
   0.0000000e+00
   0.0000000e+00
   0.0000000e+00
   0.0000000e+00
   0.0000000e+00
   5.2645613e-02
   7.0165977e-02
   6.3899435e-02
   4.7151383e-02
   4.1339427e-02
   0.0000000e+00
   3.8016580e-02
   4.9286403e-02
   4.4720384e-02
   3.4675075e-02
   0.0000000e+00
  -1.1072621e-02
  -1.7926729e-02
  -2.6658440e-02
  -3.5209551e-02
  -4.0664258e-02
  -4.6650074e-02
  -5.3399041e-02
  -5.9248880e-02
  -6.6212416e-02
  -7.5710990e-02
  -8.3624159e-02
  -9.0800941e-02
  -9.8546259e-02
  -1.0422558e-01
  -1.0894921e-01
  -1.1296940e-01
  -1.1468648e-01
  -1.1522758e-01
  -1.1437152e-01
  -1.1225995e-01
  -1.0899442e-01
  -1.0314729e-01
  -9.6366960e-02
  -8.7720081e-02
  -7.4869290e-02
  -6.2676236e-02
  -4.9943052e-02
  -3.4657430e-02
  -2.2921612e-02
  -1.6895210e-02
  -2.7860402e-02
  -3.9136428e-02
  -4.1584581e-02
   0.0000000e+00
  -5.9766207e-02
  -1.1017917e-01
  -1.3619056e-01
  -1.0105525e-01
  -8.6840585e-02
  -8.9948446e-02
  -8.9180563e-02
  -8.8711791e-02
  -8.5005492e-02
  -7.8504695e-02
  -7.0106335e-02
  -5.4434668e-02
  -3.0174742e-02
  -1.7010731e-02
   0.0000000e+00
   0.0000000e+00
   0.0000000e+00
   0.0000000e+00
   0.0000000e+00
   0.0000000e+00
   0.0000000e+00
   0.0000000e+00
   0.0000000e+00
   0.0000000e+00
   0.0000000e+00
   0.0000000e+00
   0.0000000e+00
   5.5841730e-02
   7.5916049e-02
   7.3541276e-02
   5.3402760e-02
   4.5189629e-02
   0.0000000e+00
   3.1431171e-02
   4.1025907e-02
   3.9966812e-02
   0.0000000e+00
   0.0000000e+00
  -1.1072621e-02
  -1.8590380e-02
  -3.2729800e-02
  -3.7901606e-02
  -4.2105487e-02
  -4.6940373e-02
  -5.2580252e-02
  -5.7754167e-02
  -6.3755206e-02
  -7.2175125e-02
  -7.9248712e-02
  -8.5599350e-02
  -9.2418611e-02
  -9.7528564e-02
  -1.0206894e-01
  -1.0616159e-01
  -1.0795935e-01
  -1.0876018e-01
  -1.0836206e-01
  -1.0692272e-01
  -1.0471599e-01
  -1.0061017e-01
  -9.5451007e-02
  -8.8432885e-02
  -7.6833443e-02
  -6.4579928e-02
  -5.0935899e-02
  -3.3311471e-02
  -1.8635629e-02
  -7.5834871e-03
   0.0000000e+00
   0.0000000e+00
   0.0000000e+00
   0.0000000e+00
  -6.3741926e-02
  -9.4884181e-02
  -1.1363079e-01
  -9.5104075e-02
  -8.2841885e-02
  -8.4542850e-02
  -8.4403299e-02
  -8.4342385e-02
  -8.2794673e-02
  -7.9146016e-02
  -7.4067779e-02
  -6.2755930e-02
  -4.1212584e-02
  -2.8754924e-02
   0.0000000e+00
   0.0000000e+00
   0.0000000e+00
   0.0000000e+00
   0.0000000e+00
   0.0000000e+00
   0.0000000e+00
   0.0000000e+00
   0.0000000e+00
   0.0000000e+00
   0.0000000e+00
   0.0000000e+00
   0.0000000e+00
   0.0000000e+00
   7.5951051e-02
   8.3299438e-02
   6.0389110e-02
   4.8108495e-02
   0.0000000e+00
   0.0000000e+00
   2.5928718e-02
   2.7227290e-02
   0.0000000e+00
   0.0000000e+00
  -1.6388179e-02
  -2.4608793e-02
  -3.8883416e-02
  -4.0482598e-02
  -4.2539526e-02
  -4.5989892e-02
  -5.0063829e-02
  -5.4296512e-02
  -5.9434417e-02
  -6.6972848e-02
  -7.3429242e-02
  -7.9223839e-02
  -8.5513202e-02
  -9.0251461e-02
  -9.4406387e-02
  -9.8057082e-02
  -9.9769190e-02
  -1.0069661e-01
  -1.0057254e-01
  -9.9522322e-02
  -9.7996203e-02
  -9.4923949e-02
  -9.0915799e-02
  -8.5237530e-02
  -7.4874786e-02
  -6.2867254e-02
  -4.8804919e-02
  -2.9778039e-02
  -1.4701106e-02
  -7.6644752e-03
   0.0000000e+00
   0.0000000e+00
   0.0000000e+00
  -7.6733644e-02
  -6.8541341e-02
  -8.1210640e-02
  -9.1904757e-02
  -8.2167350e-02
  -7.6050107e-02
  -7.7616964e-02
  -7.8040928e-02
  -7.8538594e-02
  -7.8578440e-02
  -7.7231258e-02
  -7.4756202e-02
  -6.7383666e-02
  -4.9808148e-02
  -3.8751523e-02
   0.0000000e+00
   0.0000000e+00
   0.0000000e+00
   0.0000000e+00
   0.0000000e+00
   0.0000000e+00
   0.0000000e+00
   0.0000000e+00
   0.0000000e+00
   0.0000000e+00
   0.0000000e+00
   0.0000000e+00
   0.0000000e+00
   0.0000000e+00
   7.5951055e-02
   7.3199224e-02
   5.9341960e-02
   4.9531135e-02
   0.0000000e+00
   0.0000000e+00
   1.1009249e-02
   2.7227291e-02
   0.0000000e+00
   0.0000000e+00
  -1.8952291e-02
  -2.7511947e-02
  -4.2948980e-02
  -4.2296201e-02
  -4.2749787e-02
  -4.4831391e-02
  -4.7713742e-02
  -5.1156805e-02
  -5.5525322e-02
  -6.2229972e-02
  -6.8156331e-02
  -7.3553756e-02
  -7.9503238e-02
  -8.4011470e-02
  -8.7917827e-02
  -9.1322049e-02
  -9.3011078e-02
  -9.4014302e-02
  -9.4077222e-02
  -9.3316604e-02
  -9.2260078e-02
  -8.9906640e-02
  -8.6650942e-02
  -8.1797898e-02
  -7.2202988e-02
  -6.0395148e-02
  -4.6186410e-02
  -2.6377315e-02
  -1.1029577e-02
  -6.2550094e-03
   0.0000000e+00
   0.0000000e+00
   0.0000000e+00
  -7.4292725e-02
  -6.7602030e-02
  -7.1386665e-02
  -7.7586688e-02
  -7.3030098e-02
  -7.0376828e-02
  -7.1718618e-02
  -7.2392395e-02
  -7.3270150e-02
  -7.4428350e-02
  -7.4633381e-02
  -7.3923126e-02
  -6.9361538e-02
  -5.5040562e-02
  -4.5360187e-02
   0.0000000e+00
   0.0000000e+00
   0.0000000e+00
   0.0000000e+00
   0.0000000e+00
   0.0000000e+00
   0.0000000e+00
   0.0000000e+00
   0.0000000e+00
   0.0000000e+00
   0.0000000e+00
   0.0000000e+00
   0.0000000e+00
   0.0000000e+00
   0.0000000e+00
   6.1859656e-02
   5.7152400e-02
   5.0217383e-02
   0.0000000e+00
   0.0000000e+00
   0.0000000e+00
   0.0000000e+00
   0.0000000e+00
   0.0000000e+00
   0.0000000e+00
   0.0000000e+00
  -4.9297641e-02
  -4.4763671e-02
  -4.2753633e-02
  -4.1793556e-02
  -4.2782832e-02
  -4.4769555e-02
  -4.7606018e-02
  -5.2537545e-02
  -5.7455742e-02
  -6.2293563e-02
  -6.7877368e-02
  -7.2165482e-02
  -7.5799958e-02
  -7.9059685e-02
  -8.0827905e-02
  -8.1895017e-02
  -8.2195800e-02
  -8.1877436e-02
  -8.1433960e-02
  -8.0036430e-02
  -7.7636615e-02
  -7.3559933e-02
  -6.4708352e-02
  -5.3252206e-02
  -3.9283750e-02
  -1.9015958e-02
  -3.3326423e-03
   5.3984545e-04
   0.0000000e+00
   0.0000000e+00
   0.0000000e+00
  -6.3699826e-02
  -5.8502194e-02
  -5.7377337e-02
  -6.0931280e-02
  -6.0458562e-02
  -5.9974142e-02
  -6.0620010e-02
  -6.1198177e-02
  -6.2556130e-02
  -6.5244294e-02
  -6.7367637e-02
  -6.8866674e-02
  -6.8257293e-02
  -5.9753940e-02
  -5.3113209e-02
   0.0000000e+00
   0.0000000e+00
   0.0000000e+00
   0.0000000e+00
   0.0000000e+00
   0.0000000e+00
   0.0000000e+00
   0.0000000e+00
   0.0000000e+00
   0.0000000e+00
   0.0000000e+00
   0.0000000e+00
   0.0000000e+00
   0.0000000e+00
   0.0000000e+00
   3.3792653e-02
   4.2532385e-02
   0.0000000e+00
   0.0000000e+00
   0.0000000e+00
   0.0000000e+00
   0.0000000e+00
   0.0000000e+00
   0.0000000e+00
   0.0000000e+00
   0.0000000e+00
  -4.9297643e-02
  -4.0492799e-02
  -4.0164687e-02
  -3.7216440e-02
  -3.6019437e-02
  -3.6760304e-02
  -3.8419995e-02
  -4.1457597e-02
  -4.5037333e-02
  -4.9135972e-02
  -5.4100081e-02
  -5.8144245e-02
  -6.1571985e-02
  -6.4743146e-02
  -6.6779524e-02
  -6.8173870e-02
  -6.8920605e-02
  -6.9203056e-02
  -6.9401696e-02
  -6.8938784e-02
  -6.7433581e-02
  -6.3963741e-02
  -5.5286512e-02
  -4.3681704e-02
  -2.9688181e-02
  -1.1431677e-02
   1.2505334e-03
   3.8250249e-03
   0.0000000e+00
  -4.5610804e-02
  -4.6985142e-02
  -4.9407803e-02
  -4.5015175e-02
  -4.5650367e-02
  -4.8057638e-02
  -4.7981221e-02
  -4.8024878e-02
  -4.8291925e-02
  -4.8741005e-02
  -5.0404623e-02
  -5.3731456e-02
  -5.6739122e-02
  -5.9449624e-02
  -6.0841028e-02
  -5.6489252e-02
  -5.2441914e-02
   0.0000000e+00
   0.0000000e+00
   0.0000000e+00
   0.0000000e+00
   0.0000000e+00
   0.0000000e+00
   0.0000000e+00
   0.0000000e+00
   0.0000000e+00
   0.0000000e+00
   0.0000000e+00
   0.0000000e+00
   0.0000000e+00
   0.0000000e+00
   0.0000000e+00
   1.4361298e-02
   4.2532389e-02
   0.0000000e+00
   0.0000000e+00
   0.0000000e+00
   0.0000000e+00
   0.0000000e+00
   0.0000000e+00
   0.0000000e+00
   0.0000000e+00
   0.0000000e+00
   0.0000000e+00
  -3.7997959e-02
  -3.6438074e-02
  -3.3098079e-02
  -3.0006787e-02
  -2.9573349e-02
  -3.0245915e-02
  -3.2125205e-02
  -3.4785584e-02
  -3.8169436e-02
  -4.2575356e-02
  -4.6345796e-02
  -4.9586173e-02
  -5.2689120e-02
  -5.4826587e-02
  -5.6372471e-02
  -5.7400085e-02
  -5.8054052e-02
  -5.8667790e-02
  -5.8946781e-02
  -5.8236159e-02
  -5.5487320e-02
  -4.7272675e-02
  -3.5477545e-02
  -2.1449976e-02
  -5.4990300e-03
   3.2128762e-03
   5.0811768e-03
   0.0000000e+00
  -4.1753232e-02
  -4.2479761e-02
  -4.2640124e-02
  -3.9858149e-02
  -3.7328750e-02
  -3.7927054e-02
  -3.7822757e-02
  -3.8200106e-02
  -3.8560946e-02
  -3.9088231e-02
  -4.0892221e-02
  -4.4449199e-02
  -4.7853693e-02
  -5.1185705e-02
  -5.3705946e-02
  -5.1803034e-02
  -4.9385455e-02
   0.0000000e+00
   0.0000000e+00
   0.0000000e+00
   0.0000000e+00
   0.0000000e+00
   0.0000000e+00
   0.0000000e+00
   0.0000000e+00
   0.0000000e+00
   0.0000000e+00
   0.0000000e+00
   0.0000000e+00
   0.0000000e+00
   0.0000000e+00
   0.0000000e+00
   4.4546893e-03
   0.0000000e+00
   0.0000000e+00
   0.0000000e+00
   0.0000000e+00
   0.0000000e+00
   0.0000000e+00
   0.0000000e+00
   0.0000000e+00
   0.0000000e+00
   0.0000000e+00
   0.0000000e+00
  -2.9381233e-02
  -2.9597312e-02
  -2.7178354e-02
  -2.1441623e-02
  -1.9263608e-02
  -1.8593448e-02
  -1.9387561e-02
  -2.1029154e-02
  -2.3332793e-02
  -2.6935707e-02
  -3.0255107e-02
  -3.3224740e-02
  -3.6241819e-02
  -3.8375677e-02
  -3.9987581e-02
  -4.1291076e-02
  -4.2299471e-02
  -4.3337062e-02
  -4.4577237e-02
  -4.4997739e-02
  -4.3471156e-02
  -3.6246159e-02
  -2.4117390e-02
  -1.0028662e-02
   2.0815530e-03
   4.2621125e-03
   0.0000000e+00
   0.0000000e+00
  -3.2110629e-02
  -3.1217855e-02
  -2.4637682e-02
   0.0000000e+00
  -2.4538592e-02
  -2.4908612e-02
  -2.4355834e-02
  -2.5062561e-02
  -2.6019920e-02
  -2.6866079e-02
  -2.8728790e-02
  -3.2250634e-02
  -3.5801854e-02
  -3.9529467e-02
  -4.2959097e-02
  -4.3209467e-02
  -4.2386981e-02
   0.0000000e+00
   0.0000000e+00
   0.0000000e+00
   0.0000000e+00
   0.0000000e+00
   0.0000000e+00
   0.0000000e+00
   0.0000000e+00
   0.0000000e+00
   0.0000000e+00
   0.0000000e+00
   0.0000000e+00
   0.0000000e+00
   0.0000000e+00
   0.0000000e+00
   0.0000000e+00
   0.0000000e+00
   0.0000000e+00
   0.0000000e+00
   0.0000000e+00
   0.0000000e+00
   0.0000000e+00
   0.0000000e+00
   0.0000000e+00
   0.0000000e+00
   0.0000000e+00
   0.0000000e+00
  -2.8776242e-02
  -2.7321328e-02
  -2.2467869e-02
  -1.5463850e-02
  -8.9023773e-03
  -3.3283327e-03
  -1.4855502e-03
  -2.1648933e-03
  -3.3317304e-03
  -5.9514774e-03
  -8.7289157e-03
  -1.1496230e-02
  -1.4526917e-02
  -1.6669510e-02
  -1.8222309e-02
  -1.9420236e-02
  -2.0391326e-02
  -2.1591558e-02
  -2.3525975e-02
  -2.5114690e-02
  -2.5352669e-02
  -2.0266910e-02
  -8.0771167e-03
   5.3596658e-03
   1.1872061e-02
   0.0000000e+00
   0.0000000e+00
   0.0000000e+00
  -0.0000000e+00
  -0.0000000e+00
  -0.0000000e+00
   0.0000000e+00
  -4.9745797e-03
  -7.0683617e-03
  -7.0760405e-03
  -8.4375980e-03
  -1.0368742e-02
  -1.1840428e-02
  -1.3779977e-02
  -1.7115116e-02
  -2.0749362e-02
  -2.4971296e-02
  -2.9245267e-02
  -2.9760674e-02
  -2.0801416e-02
   0.0000000e+00
   0.0000000e+00
   0.0000000e+00
   0.0000000e+00
   0.0000000e+00
   0.0000000e+00
   0.0000000e+00
   0.0000000e+00
   0.0000000e+00
   0.0000000e+00
   0.0000000e+00
   0.0000000e+00
   0.0000000e+00
   0.0000000e+00
   0.0000000e+00
   0.0000000e+00
   0.0000000e+00
   0.0000000e+00
   0.0000000e+00
   0.0000000e+00
   0.0000000e+00
   0.0000000e+00
   0.0000000e+00
   0.0000000e+00
   0.0000000e+00
   0.0000000e+00
   0.0000000e+00
  -2.7589997e-02
  -2.8048459e-02
  -2.2908596e-02
  -1.5370314e-02
  -3.9478615e-03
   5.9958058e-03
   1.0885107e-02
   1.1411250e-02
   1.1142556e-02
   9.4741508e-03
   7.1138847e-03
   4.4418634e-03
   1.2661297e-03
  -9.4481744e-04
  -2.4464270e-03
  -3.5457613e-03
  -4.4319769e-03
  -5.7580667e-03
  -8.2122544e-03
  -1.0570046e-02
  -1.1997509e-02
  -8.3664656e-03
   2.8641806e-03
   1.5447794e-02
   1.3702041e-02
   0.0000000e+00
   0.0000000e+00
   0.0000000e+00
   0.0000000e+00
   0.0000000e+00
   0.0000000e+00
   0.0000000e+00
   6.6110908e-03
   5.5014077e-03
   4.6255183e-03
   3.5119336e-03
   1.4081285e-03
  -6.0421298e-04
  -2.8935797e-03
  -6.0819220e-03
  -9.7537879e-03
  -1.4254232e-02
  -1.9357421e-02
  -2.1200117e-02
  -1.5974704e-02
  -5.7148548e-03
   0.0000000e+00
   0.0000000e+00
   0.0000000e+00
   0.0000000e+00
   0.0000000e+00
   0.0000000e+00
   0.0000000e+00
   0.0000000e+00
   0.0000000e+00
   0.0000000e+00
   0.0000000e+00
   0.0000000e+00
   0.0000000e+00
   0.0000000e+00
   0.0000000e+00
   0.0000000e+00
   0.0000000e+00
   0.0000000e+00
   0.0000000e+00
   0.0000000e+00
   0.0000000e+00
   0.0000000e+00
   0.0000000e+00
   0.0000000e+00
   0.0000000e+00
   0.0000000e+00
  -2.6488557e-02
  -2.9094651e-02
  -2.4009660e-02
  -1.6114773e-02
   1.0489079e-03
   1.4824456e-02
   2.2729740e-02
   2.4829522e-02
   2.5672082e-02
   2.5174977e-02
   2.3395568e-02
   2.0984586e-02
   1.7772606e-02
   1.5480104e-02
   1.4018179e-02
   1.3003262e-02
   1.2199205e-02
   1.0772955e-02
   7.8199236e-03
   4.6524229e-03
   1.9188079e-03
   3.9961664e-03
   1.3276659e-02
   2.3356074e-02
   0.0000000e+00
   0.0000000e+00
   0.0000000e+00
   0.0000000e+00
   0.0000000e+00
   0.0000000e+00
   0.0000000e+00
   0.0000000e+00
   1.5454174e-02
   1.7171498e-02
   1.6087949e-02
   1.5552687e-02
   1.3659504e-02
   1.1236876e-02
   8.5997293e-03
   5.5642920e-03
   1.8986675e-03
  -2.8238564e-03
  -8.7562865e-03
  -1.2150548e-02
  -1.0060180e-02
  -5.9975367e-03
   0.0000000e+00
   0.0000000e+00
   0.0000000e+00
   0.0000000e+00
   0.0000000e+00
   0.0000000e+00
   0.0000000e+00
   2.6627639e-02
   1.8725164e-02
   0.0000000e+00
   0.0000000e+00
   0.0000000e+00
   0.0000000e+00
   0.0000000e+00
   0.0000000e+00
   0.0000000e+00
   0.0000000e+00
   0.0000000e+00
   0.0000000e+00
   0.0000000e+00
   0.0000000e+00
   0.0000000e+00
   0.0000000e+00
   0.0000000e+00
   0.0000000e+00
   0.0000000e+00
   0.0000000e+00
   0.0000000e+00
   0.0000000e+00
   0.0000000e+00
   1.7074935e-02
   2.3640031e-02
   3.3363253e-02
   3.8159774e-02
   4.0999092e-02
   4.2420003e-02
   4.1925366e-02
   4.0554926e-02
   3.7915985e-02
   3.5546138e-02
   3.4066956e-02
   3.3055400e-02
   3.2264797e-02
   3.0854105e-02
   2.7491513e-02
   2.3228260e-02
   1.8543154e-02
   1.8482297e-02
   2.2496101e-02
   2.2870818e-02
   0.0000000e+00
   0.0000000e+00
   0.0000000e+00
   0.0000000e+00
   0.0000000e+00
   0.0000000e+00
   0.0000000e+00
   0.0000000e+00
   0.0000000e+00
   2.5755520e-02
   2.7791867e-02
   2.8535428e-02
   2.7965149e-02
   2.5771305e-02
   2.3087337e-02
   2.0224954e-02
   1.6732053e-02
   1.1940573e-02
   5.3734605e-03
   5.7772919e-04
  -1.7323985e-04
  -7.5129360e-03
   0.0000000e+00
   0.0000000e+00
   0.0000000e+00
   0.0000000e+00
   0.0000000e+00
   7.9012469e-04
   0.0000000e+00
   2.6627637e-02
   1.8725164e-02
   0.0000000e+00
   0.0000000e+00
   0.0000000e+00
   0.0000000e+00
   0.0000000e+00
   0.0000000e+00
   0.0000000e+00
   0.0000000e+00
   0.0000000e+00
   0.0000000e+00
   0.0000000e+00
   0.0000000e+00
   0.0000000e+00
   0.0000000e+00
   0.0000000e+00
   0.0000000e+00
   0.0000000e+00
   0.0000000e+00
   0.0000000e+00
   0.0000000e+00
   0.0000000e+00
   2.3571832e-02
   3.0001212e-02
   3.6181349e-02
   4.1952044e-02
   4.8422575e-02
   5.3604521e-02
   5.4207370e-02
   5.3931072e-02
   5.3150039e-02
   5.1646456e-02
   5.0425418e-02
   4.9906746e-02
   4.9300708e-02
   4.7907740e-02
   4.4672731e-02
   3.9523348e-02
   3.2555126e-02
   2.8708903e-02
   2.9142376e-02
   2.8456397e-02
   0.0000000e+00
   0.0000000e+00
   0.0000000e+00
   0.0000000e+00
   0.0000000e+00
   0.0000000e+00
   0.0000000e+00
   0.0000000e+00
   0.0000000e+00
   2.3391262e-02
   3.3599377e-02
   3.6818240e-02
   3.6784463e-02
   3.5421692e-02
   3.4511168e-02
   3.3746142e-02
   3.0753091e-02
   2.5696570e-02
   1.8516364e-02
   1.2198116e-02
   9.6361879e-03
   1.1532385e-02
   0.0000000e+00
   0.0000000e+00
   0.0000000e+00
   0.0000000e+00
   1.7151055e-02
   1.3942515e-02
   9.9922276e-03
   1.2265184e-02
   0.0000000e+00
   0.0000000e+00
   0.0000000e+00
   0.0000000e+00
   0.0000000e+00
   0.0000000e+00
   0.0000000e+00
   0.0000000e+00
   0.0000000e+00
   0.0000000e+00
   0.0000000e+00
   0.0000000e+00
   0.0000000e+00
   0.0000000e+00
   0.0000000e+00
   0.0000000e+00
   0.0000000e+00
   0.0000000e+00
   0.0000000e+00
   0.0000000e+00
   2.6939648e-04
   0.0000000e+00
   3.1729113e-02
   3.1275980e-02
   3.0960131e-02
   3.7708618e-02
   4.7886793e-02
   5.6484297e-02
   5.9128270e-02
   6.0657419e-02
   6.1231203e-02
   6.1298378e-02
   6.1413392e-02
   6.1384358e-02
   6.1447080e-02
   6.0260322e-02
   5.6296140e-02
   5.0688811e-02
   4.2581581e-02
   3.3189684e-02
   2.9976508e-02
   0.0000000e+00
   0.0000000e+00
   0.0000000e+00
   0.0000000e+00
   0.0000000e+00
   0.0000000e+00
   0.0000000e+00
   0.0000000e+00
   0.0000000e+00
   0.0000000e+00
   2.2084805e-02
   2.9258966e-02
   3.7185572e-02
   3.9041676e-02
   3.9467484e-02
   4.1530572e-02
   4.3361634e-02
   4.1844904e-02
   3.7002265e-02
   2.8860740e-02
   2.1183141e-02
   1.5606446e-02
   1.3884908e-02
   0.0000000e+00
   0.0000000e+00
   2.3562901e-02
   3.8592369e-02
   3.5569222e-02
   2.0090137e-02
   9.9922264e-03
   0.0000000e+00
   0.0000000e+00
   0.0000000e+00
   0.0000000e+00
   0.0000000e+00
   0.0000000e+00
   0.0000000e+00
   0.0000000e+00
   0.0000000e+00
   0.0000000e+00
   0.0000000e+00
   0.0000000e+00
   0.0000000e+00
   0.0000000e+00
   0.0000000e+00
   0.0000000e+00
   0.0000000e+00
   0.0000000e+00
   0.0000000e+00
   0.0000000e+00
   0.0000000e+00
   4.8756013e-03
   1.4692154e-02
   3.5223302e-02
   3.0993044e-02
   2.6166676e-02
   3.3455156e-02
   4.5473699e-02
   5.6334183e-02
   6.1055649e-02
   6.4554624e-02
   6.6732161e-02
   6.8212137e-02
   6.9907725e-02
   7.0699096e-02
   7.1247414e-02
   7.0010819e-02
   6.5605819e-02
   5.9324585e-02
   4.9992267e-02
   3.6247395e-02
   2.7127977e-02
   0.0000000e+00
   0.0000000e+00
   0.0000000e+00
   0.0000000e+00
   0.0000000e+00
   0.0000000e+00
   0.0000000e+00
   0.0000000e+00
   0.0000000e+00
   0.0000000e+00
   1.9545634e-02
   2.3762550e-02
   3.3052608e-02
   3.8690846e-02
   4.0844258e-02
   4.6114258e-02
   5.1475886e-02
   5.1880039e-02
   4.8135772e-02
   3.8503677e-02
   2.9304201e-02
   2.0264555e-02
   1.0637256e-02
   0.0000000e+00
   0.0000000e+00
   2.7206412e-02
   3.6438733e-02
   3.5744656e-02
   2.4281643e-02
   0.0000000e+00
   0.0000000e+00
   0.0000000e+00
   0.0000000e+00
   0.0000000e+00
   0.0000000e+00
   0.0000000e+00
   0.0000000e+00
   0.0000000e+00
   0.0000000e+00
   0.0000000e+00
   0.0000000e+00
   0.0000000e+00
   0.0000000e+00
   0.0000000e+00
   0.0000000e+00
   0.0000000e+00
   0.0000000e+00
   0.0000000e+00
   0.0000000e+00
   0.0000000e+00
   0.0000000e+00
   1.3076959e-02
   1.4098528e-02
   2.8711122e-02
   2.7774565e-02
   2.3808181e-02
   3.1457648e-02
   4.2440869e-02
   5.3736940e-02
   5.9640992e-02
   6.4766809e-02
   6.8785660e-02
   7.1246989e-02
   7.4451484e-02
   7.6424584e-02
   7.7083319e-02
   7.5587340e-02
   7.1185894e-02
   6.4065769e-02
   5.3467717e-02
   3.8065676e-02
   2.2698913e-02
   0.0000000e+00
   0.0000000e+00
   0.0000000e+00
   0.0000000e+00
   0.0000000e+00
   0.0000000e+00
   0.0000000e+00
   0.0000000e+00
   0.0000000e+00
   0.0000000e+00
   0.0000000e+00
   1.7741062e-02
   2.7060366e-02
   3.5890985e-02
   3.9424617e-02
   4.7922079e-02
   5.6971207e-02
   6.0066957e-02
   5.7811558e-02
   4.7481619e-02
   3.6174025e-02
   2.3390617e-02
   4.7030247e-03
   0.0000000e+00
   0.0000000e+00
   3.3693688e-02
   3.2604173e-02
   1.8579548e-02
   0.0000000e+00
   0.0000000e+00
   0.0000000e+00
  -0.0000000e+00
  -0.0000000e+00
   0.0000000e+00
   0.0000000e+00
   0.0000000e+00
   0.0000000e+00
   0.0000000e+00
   0.0000000e+00
   0.0000000e+00
   0.0000000e+00
   0.0000000e+00
   0.0000000e+00
   0.0000000e+00
   0.0000000e+00
   0.0000000e+00
   0.0000000e+00
   0.0000000e+00
   0.0000000e+00
   0.0000000e+00
   0.0000000e+00
   0.0000000e+00
   3.1894379e-03
   4.8278192e-03
   1.5874784e-02
   1.8358547e-02
   2.7754964e-02
   3.6828104e-02
   4.7703147e-02
   5.2689977e-02
   5.8569472e-02
   6.3941576e-02
   6.7769609e-02
   7.2524175e-02
   7.5717442e-02
   7.6624438e-02
   7.5618617e-02
   7.0418939e-02
   6.3223034e-02
   5.2538130e-02
   3.6921769e-02
   2.1853473e-02
   0.0000000e+00
   0.0000000e+00
   0.0000000e+00
   0.0000000e+00
   0.0000000e+00
   0.0000000e+00
   0.0000000e+00
   0.0000000e+00
   0.0000000e+00
   0.0000000e+00
   0.0000000e+00
   0.0000000e+00
   0.0000000e+00
   3.0059902e-02
   3.5367129e-02
   4.7875989e-02
   5.8186535e-02
   6.6036701e-02
   6.3242666e-02
   5.6818675e-02
   4.1999482e-02
   2.4688438e-02
  -8.7635769e-04
   1.3023202e-02
   1.4655104e-02
   0.0000000e+00
   0.0000000e+00
   0.0000000e+00
   0.0000000e+00
   0.0000000e+00
   0.0000000e+00
  -0.0000000e+00
  -0.0000000e+00
   0.0000000e+00
   0.0000000e+00
   0.0000000e+00
   0.0000000e+00
   0.0000000e+00
   0.0000000e+00
   0.0000000e+00
   0.0000000e+00
   0.0000000e+00
   0.0000000e+00
   0.0000000e+00
   0.0000000e+00
   0.0000000e+00
   0.0000000e+00
   0.0000000e+00
   0.0000000e+00
   0.0000000e+00
   0.0000000e+00
   0.0000000e+00
   0.0000000e+00
   1.2813876e-03
   7.7317768e-03
   5.0995927e-03
   1.0416316e-02
   2.0299757e-02
   3.2372616e-02
   3.5065834e-02
   4.1152028e-02
   4.7054591e-02
   5.4441074e-02
   6.0122389e-02
   6.6705195e-02
   6.7899322e-02
   6.8918648e-02
   6.2586151e-02
   5.5988530e-02
   4.5489124e-02
   3.3819478e-02
   2.1991947e-02
   0.0000000e+00
   0.0000000e+00
   0.0000000e+00
   0.0000000e+00
   0.0000000e+00
   0.0000000e+00
   0.0000000e+00
   0.0000000e+00
   0.0000000e+00
   0.0000000e+00
   0.0000000e+00
   0.0000000e+00
   0.0000000e+00
   0.0000000e+00
   3.5886218e-02
   4.6681019e-02
   6.2192668e-02
   7.0640045e-02
   6.9869508e-02
   6.0937548e-02
   4.7844543e-02
   3.1176381e-02
   1.1929567e-02
   1.3023203e-02
   1.4655105e-02
   0.0000000e+00
   0.0000000e+00
   0.0000000e+00
   0.0000000e+00
   0.0000000e+00
   0.0000000e+00
   0.0000000e+00
   0.0000000e+00
   0.0000000e+00
   0.0000000e+00
   0.0000000e+00
   0.0000000e+00
   0.0000000e+00
   0.0000000e+00
   0.0000000e+00
   0.0000000e+00
   0.0000000e+00
   0.0000000e+00
   0.0000000e+00
   0.0000000e+00
   0.0000000e+00
   0.0000000e+00
   0.0000000e+00
   0.0000000e+00
   0.0000000e+00
   0.0000000e+00
   0.0000000e+00
   0.0000000e+00
   1.3019102e-02
  -3.2017706e-03
  -9.3854140e-03
  -1.9445570e-02
  -6.3114366e-03
   6.5538687e-03
   8.3591184e-03
   1.2614599e-02
   2.1425969e-02
   3.1146273e-02
   4.1110291e-02
   4.9580443e-02
   5.3909071e-02
   5.5469174e-02
   4.9598592e-02
   4.3066323e-02
   3.2433929e-02
   2.2411350e-02
   1.1078059e-02
   0.0000000e+00
   0.0000000e+00
   0.0000000e+00
   0.0000000e+00
   0.0000000e+00
   0.0000000e+00
   0.0000000e+00
   0.0000000e+00
   0.0000000e+00
   0.0000000e+00
   0.0000000e+00
   0.0000000e+00
   0.0000000e+00
   0.0000000e+00
   4.1748940e-02
   5.1394458e-02
   6.5151718e-02
   7.2738327e-02
   7.3128526e-02
   6.3239526e-02
   5.1745154e-02
   3.7085062e-02
   2.2239621e-02
   1.2211640e-02
   7.1354839e-03
   0.0000000e+00
   0.0000000e+00
   0.0000000e+00
   0.0000000e+00
   0.0000000e+00
   0.0000000e+00
   0.0000000e+00
   0.0000000e+00
   0.0000000e+00
   0.0000000e+00
   0.0000000e+00
   0.0000000e+00
   0.0000000e+00
   0.0000000e+00
   0.0000000e+00
   0.0000000e+00
   0.0000000e+00
   0.0000000e+00
   0.0000000e+00
   0.0000000e+00
   0.0000000e+00
   0.0000000e+00
   0.0000000e+00
   0.0000000e+00
   0.0000000e+00
   0.0000000e+00
   0.0000000e+00
   0.0000000e+00
   0.0000000e+00
   4.3329181e-03
  -8.6897730e-03
  -0.0000000e+00
  -3.0120591e-02
  -2.6253264e-02
  -2.4365552e-02
  -1.7617625e-02
  -7.5573334e-03
   4.6600504e-03
   1.7967316e-02
   2.8344227e-02
   3.7205659e-02
   3.8272219e-02
   3.6151631e-02
   2.6500393e-02
   2.1146818e-02
   6.5356171e-03
   0.0000000e+00
   0.0000000e+00
   0.0000000e+00
   0.0000000e+00
   0.0000000e+00
   0.0000000e+00
   0.0000000e+00
   0.0000000e+00
   0.0000000e+00
   0.0000000e+00
   0.0000000e+00
   0.0000000e+00
   0.0000000e+00
   0.0000000e+00
   0.0000000e+00
   4.8400956e-02
   5.6990251e-02
   6.3556511e-02
   7.0551313e-02
   6.9370676e-02
   6.0404468e-02
   4.9767606e-02
   3.8327611e-02
   2.8526587e-02
   0.0000000e+00
   0.0000000e+00
   0.0000000e+00
   0.0000000e+00
   0.0000000e+00
   0.0000000e+00
   0.0000000e+00
   0.0000000e+00
   0.0000000e+00
   0.0000000e+00
   0.0000000e+00
   0.0000000e+00
   0.0000000e+00
   0.0000000e+00
   0.0000000e+00
   0.0000000e+00
   0.0000000e+00
   0.0000000e+00
   0.0000000e+00
   0.0000000e+00
   0.0000000e+00
   0.0000000e+00
   0.0000000e+00
   0.0000000e+00
   0.0000000e+00
   0.0000000e+00
   0.0000000e+00
   0.0000000e+00
   0.0000000e+00
   0.0000000e+00
  -9.9729336e-03
   2.1001913e-02
   8.2177141e-04
   0.0000000e+00
  -0.0000000e+00
  -5.8263842e-02
  -6.1063822e-02
  -5.4928467e-02
  -4.0076334e-02
  -2.4156125e-02
  -1.0952440e-02
   7.9634562e-03
   1.4947364e-02
   2.1644964e-02
   1.3341868e-02
   1.0399432e-02
   2.6292990e-03
   0.0000000e+00
   0.0000000e+00
   0.0000000e+00
   0.0000000e+00
   0.0000000e+00
   0.0000000e+00
   0.0000000e+00
   0.0000000e+00
   0.0000000e+00
   0.0000000e+00
   1.0872853e-02
   1.0872853e-02
   0.0000000e+00
   0.0000000e+00
   0.0000000e+00
   4.8747272e-02
   5.6249510e-02
   6.0992427e-02
   5.7802062e-02
   6.1694715e-02
   5.9113052e-02
   5.2816782e-02
   4.3633059e-02
   3.3644788e-02
   2.8946883e-02
   4.1333775e-03
   0.0000000e+00
  -3.2325393e-03
  -9.6090030e-03
   0.0000000e+00
   0.0000000e+00
   0.0000000e+00
   0.0000000e+00
   0.0000000e+00
   0.0000000e+00
   0.0000000e+00
   0.0000000e+00
   0.0000000e+00
   0.0000000e+00
   0.0000000e+00
   0.0000000e+00
   0.0000000e+00
   0.0000000e+00
   0.0000000e+00
   0.0000000e+00
   0.0000000e+00
   0.0000000e+00
   0.0000000e+00
   0.0000000e+00
   0.0000000e+00
   0.0000000e+00
   0.0000000e+00
   0.0000000e+00
   0.0000000e+00
   0.0000000e+00
  -9.9729341e-03
  -7.4159037e-03
  -8.0408561e-03
   0.0000000e+00
   0.0000000e+00
  -6.4128660e-02
  -9.3878999e-02
  -9.1069214e-02
  -7.0322402e-02
  -5.0942525e-02
  -3.4657426e-02
  -1.8390522e-02
   0.0000000e+00
  -3.9413275e-03
  -1.1699662e-02
  -1.7289304e-02
  -1.6125733e-02
   0.0000000e+00
   0.0000000e+00
   0.0000000e+00
   0.0000000e+00
   0.0000000e+00
   0.0000000e+00
   0.0000000e+00
   0.0000000e+00
   0.0000000e+00
   2.1260580e-03
   1.0163393e-02
   1.0620700e-02
   0.0000000e+00
   0.0000000e+00
   0.0000000e+00
   4.4529629e-02
   4.5580693e-02
   3.8168959e-02
   3.3221684e-02
   3.6258895e-02
   3.5585001e-02
   2.9722553e-02
   1.9769508e-02
   1.5016302e-02
   9.4816890e-03
   3.0655104e-03
   0.0000000e+00
  -3.4082323e-03
  -9.6090024e-03
   0.0000000e+00
   2.3777404e-03
   2.3777404e-03
   0.0000000e+00
   0.0000000e+00
   0.0000000e+00
   0.0000000e+00
   0.0000000e+00
   0.0000000e+00
   0.0000000e+00
   0.0000000e+00
   0.0000000e+00
   0.0000000e+00
   0.0000000e+00
   0.0000000e+00
   0.0000000e+00
   0.0000000e+00
   0.0000000e+00
   0.0000000e+00
   0.0000000e+00
   0.0000000e+00
   0.0000000e+00
   0.0000000e+00
   0.0000000e+00
   0.0000000e+00
   0.0000000e+00
   0.0000000e+00
   0.0000000e+00
   0.0000000e+00
   0.0000000e+00
   0.0000000e+00
  -5.7874267e-02
  -1.0688948e-01
  -1.0182020e-01
  -6.4961460e-02
  -6.0204416e-02
  -3.8660168e-02
   0.0000000e+00
   0.0000000e+00
   0.0000000e+00
  -0.0000000e+00
  -0.0000000e+00
   0.0000000e+00
   0.0000000e+00
   0.0000000e+00
   0.0000000e+00
   0.0000000e+00
   0.0000000e+00
   0.0000000e+00
   0.0000000e+00
   0.0000000e+00
   0.0000000e+00
   2.1539942e-03
   7.6819938e-03
   8.4445146e-03
   0.0000000e+00
   0.0000000e+00
   2.2599539e-02
   3.4944980e-02
   2.1565015e-02
   7.3829316e-03
   3.3193454e-04
   1.1727801e-03
   4.1736073e-03
  -3.2278020e-03
  -1.4540393e-02
  -1.8027642e-02
  -1.5099463e-02
  -1.2647175e-02
  -3.4239757e-03
  -4.3066116e-03
   0.0000000e+00
   0.0000000e+00
   2.3777405e-03
   2.3777405e-03
   0.0000000e+00
   0.0000000e+00
   0.0000000e+00
   0.0000000e+00
   0.0000000e+00
   0.0000000e+00
   0.0000000e+00
   0.0000000e+00
   0.0000000e+00
   0.0000000e+00
   0.0000000e+00
   0.0000000e+00
   0.0000000e+00
   0.0000000e+00
   0.0000000e+00
   0.0000000e+00
   0.0000000e+00
   0.0000000e+00
   0.0000000e+00
   0.0000000e+00
   0.0000000e+00
   0.0000000e+00
   0.0000000e+00
   0.0000000e+00
   0.0000000e+00
   0.0000000e+00
   0.0000000e+00
   0.0000000e+00
   0.0000000e+00
   0.0000000e+00
   0.0000000e+00
  -3.7090231e-02
  -5.5652748e-02
  -5.1879533e-02
   0.0000000e+00
   0.0000000e+00
   0.0000000e+00
   0.0000000e+00
   0.0000000e+00
   0.0000000e+00
   0.0000000e+00
   0.0000000e+00
   0.0000000e+00
   0.0000000e+00
   0.0000000e+00
   0.0000000e+00
   0.0000000e+00
   0.0000000e+00
   0.0000000e+00
   0.0000000e+00
   8.2346100e-03
   1.2184294e-02
   0.0000000e+00
   0.0000000e+00
   1.9495748e-02
   1.0983150e-02
  -1.0876007e-02
   0.0000000e+00
  -0.0000000e+00
  -4.3959310e-02
  -4.4307392e-02
  -3.8508169e-02
  -4.8523182e-02
  -0.0000000e+00
  -2.8643974e-02
  -2.0713325e-02
  -9.1199148e-03
   1.2642797e-03
   0.0000000e+00
   0.0000000e+00
   0.0000000e+00
   0.0000000e+00
   0.0000000e+00
   0.0000000e+00
   0.0000000e+00
   0.0000000e+00
   0.0000000e+00
   0.0000000e+00
   0.0000000e+00
   0.0000000e+00
   0.0000000e+00
   0.0000000e+00
   0.0000000e+00
   0.0000000e+00
   0.0000000e+00
   0.0000000e+00
   0.0000000e+00
   0.0000000e+00
   0.0000000e+00
   0.0000000e+00
   0.0000000e+00
   0.0000000e+00
   0.0000000e+00
   0.0000000e+00
   0.0000000e+00
   0.0000000e+00
   0.0000000e+00
   0.0000000e+00
   0.0000000e+00
   0.0000000e+00
   0.0000000e+00
   0.0000000e+00
   0.0000000e+00
  -0.0000000e+00
   2.0829124e-03
  -1.2431616e-02
   0.0000000e+00
   0.0000000e+00
   0.0000000e+00
   0.0000000e+00
   0.0000000e+00
   0.0000000e+00
   0.0000000e+00
   0.0000000e+00
   0.0000000e+00
   0.0000000e+00
   0.0000000e+00
   0.0000000e+00
   0.0000000e+00
   0.0000000e+00
   0.0000000e+00
   0.0000000e+00
   0.0000000e+00
   1.9569470e-03
   0.0000000e+00
   0.0000000e+00
   1.0767569e-02
   1.3111031e-03
  -0.0000000e+00
   0.0000000e+00
   0.0000000e+00
  -0.0000000e+00
  -0.0000000e+00
  -6.5931410e-02
  -4.4065129e-02
  -3.3263415e-02
  -2.0319117e-02
  -2.1228950e-02
  -1.9003058e-02
  -2.3560619e-03
   5.5115396e-03
   8.8809668e-03
   0.0000000e+00
   0.0000000e+00
   0.0000000e+00
   0.0000000e+00
   0.0000000e+00
   1.0657300e-02
   0.0000000e+00
   0.0000000e+00
   0.0000000e+00
   0.0000000e+00
   0.0000000e+00
   0.0000000e+00
   0.0000000e+00
   0.0000000e+00
   0.0000000e+00
   0.0000000e+00
   0.0000000e+00
   0.0000000e+00
   0.0000000e+00
   0.0000000e+00
   0.0000000e+00
   0.0000000e+00
   0.0000000e+00
  -9.9424169e-03
  -1.6465987e-02
   0.0000000e+00
   0.0000000e+00
  -2.3419960e-02
  -2.0468879e-02
  -2.3779157e-02
  -2.5042034e-02
  -3.3710781e-02
  -1.8319574e-02
  -1.5641632e-02
  -1.5181914e-02
  -2.3055466e-02
  -4.9337674e-02
  -5.9571628e-02
  -6.3479890e-02
  -5.7215980e-02
  -3.2688630e-02
  -2.9590540e-02
  -2.7971028e-02
  -2.5051074e-02
   0.0000000e+00
   0.0000000e+00
   0.0000000e+00
   0.0000000e+00
   8.1755533e-03
   0.0000000e+00
   0.0000000e+00
   0.0000000e+00
   0.0000000e+00
   0.0000000e+00
   4.6630944e-02
   4.3170473e-02
   2.5564724e-02
   1.5149451e-03
   0.0000000e+00
   0.0000000e+00
   0.0000000e+00
   0.0000000e+00
   0.0000000e+00
   0.0000000e+00
  -3.3418408e-02
  -3.4189361e-02
  -3.1122146e-02
  -2.5788293e-02
  -2.0590851e-02
  -1.3523093e-02
  -7.4769492e-03
  -6.6376157e-03
  -1.6010941e-02
  -1.0926256e-02
  -5.3267198e-03
  -4.9520996e-04
  -7.5185744e-04
  -1.7743391e-04
  -3.4960822e-03
   0.0000000e+00
  -6.2179490e-03
  -6.0565130e-03
  -1.5129703e-02
   0.0000000e+00
   0.0000000e+00
   0.0000000e+00
   0.0000000e+00
   0.0000000e+00
   0.0000000e+00
  -2.2423753e-02
  -2.3823714e-02
  -2.4597542e-02
  -2.5179568e-02
  -2.8274185e-02
  -2.8875474e-02
  -2.3383309e-02
  -2.2573051e-02
  -2.1411775e-02
  -1.8652045e-02
  -1.6896874e-02
  -1.4106064e-02
  -1.3972302e-02
  -1.5241734e-02
  -1.5958609e-02
  -1.5580832e-02
  -1.4950000e-02
  -1.5233709e-02
  -1.7393209e-02
  -2.3019085e-02
  -2.7493179e-02
  -2.9291824e-02
  -2.5967108e-02
  -1.9663377e-02
  -1.4227403e-02
  -1.0080164e-02
  -4.4709152e-03
   3.6350213e-03
   8.7861045e-03
   1.2103576e-02
   1.2206543e-02
   1.0491702e-02
   9.5654929e-03
   9.2422660e-03
   0.0000000e+00
   0.0000000e+00
   0.0000000e+00
   2.2896048e-02
   3.5483262e-02
   0.0000000e+00
   0.0000000e+00
   0.0000000e+00
   0.0000000e+00
   0.0000000e+00
   0.0000000e+00
   0.0000000e+00
   0.0000000e+00
   0.0000000e+00
  -1.1697062e-02
  -1.5250373e-02
  -2.0727528e-02
  -2.2014156e-02
  -1.9191846e-02
  -1.7245805e-02
  -1.8253712e-02
  -1.6748760e-02
  -1.6298961e-02
  -1.4591603e-02
  -1.1352432e-02
  -9.3586501e-03
  -8.0975154e-03
  -8.8598019e-03
  -1.1581588e-02
  -1.1939202e-02
  -1.3835013e-02
  -1.5605080e-02
  -1.7997106e-02
  -2.0528879e-02
  -2.0766607e-02
  -2.1155623e-02
   0.0000000e+00
   0.0000000e+00
