  4.633047e-01
  3.888263e-01
  3.686507e-01
  3.591964e-01
  3.451299e-01
  3.235564e-01
  3.008886e-01
  2.801242e-01
  2.582799e-01
  2.418041e-01
  2.303246e-01
  2.242217e-01
  2.253295e-01
  2.272473e-01
  2.326067e-01
  2.438364e-01
  2.369377e-01
  2.191516e-01
  2.135402e-01
  2.238355e-01
  2.365523e-01
  2.354863e-01
  2.337530e-01
  2.312505e-01
  2.322044e-01
  2.347103e-01
  2.418431e-01
  2.534442e-01
  2.813771e-01
  3.153089e-01
  3.537212e-01
  3.892590e-01
  4.098938e-01
  4.178958e-01
  4.657832e-01
  6.194270e-01
