   0.0000000e+00
   0.0000000e+00
   0.0000000e+00
   0.0000000e+00
   0.0000000e+00
   0.0000000e+00
   0.0000000e+00
   0.0000000e+00
   0.0000000e+00
   0.0000000e+00
   0.0000000e+00
   0.0000000e+00
   0.0000000e+00
   0.0000000e+00
   0.0000000e+00
   0.0000000e+00
   0.0000000e+00
   0.0000000e+00
   0.0000000e+00
   0.0000000e+00
   0.0000000e+00
   0.0000000e+00
   0.0000000e+00
   0.0000000e+00
   0.0000000e+00
   0.0000000e+00
   0.0000000e+00
   0.0000000e+00
  -0.0000000e+00
   0.0000000e+00
   0.0000000e+00
   0.0000000e+00
   0.0000000e+00
   0.0000000e+00
   0.0000000e+00
   0.0000000e+00
   0.0000000e+00
   0.0000000e+00
   0.0000000e+00
   0.0000000e+00
   0.0000000e+00
   0.0000000e+00
   0.0000000e+00
   0.0000000e+00
   0.0000000e+00
   0.0000000e+00
   0.0000000e+00
   0.0000000e+00
   0.0000000e+00
   0.0000000e+00
   0.0000000e+00
  -0.0000000e+00
   0.0000000e+00
   0.0000000e+00
   0.0000000e+00
   0.0000000e+00
   0.0000000e+00
   3.7236707e-02
   3.5095695e-02
   1.9232018e-02
   1.6987215e-02
   2.5017553e-02
   2.4804544e-02
   1.8414543e-02
   1.6206325e-02
   1.3216068e-02
   7.8160542e-03
   6.3160283e-03
   1.8598167e-03
  -5.6490099e-03
  -1.3942152e-02
  -2.9194395e-02
  -3.7157782e-02
   0.0000000e+00
   0.0000000e+00
   0.0000000e+00
   0.0000000e+00
   1.0996529e-02
   1.7825687e-02
   1.3961580e-02
   1.5507935e-02
   0.0000000e+00
   1.4447446e-02
   9.4625709e-03
   1.1871706e-02
   2.1200802e-02
   0.0000000e+00
   0.0000000e+00
   0.0000000e+00
   0.0000000e+00
   0.0000000e+00
   0.0000000e+00
  -0.0000000e+00
  -0.0000000e+00
  -0.0000000e+00
   0.0000000e+00
   0.0000000e+00
  -0.0000000e+00
  -0.0000000e+00
  -0.0000000e+00
   0.0000000e+00
   0.0000000e+00
   0.0000000e+00
   0.0000000e+00
   3.1218842e-02
   1.9761819e-02
   1.9101879e-02
   7.6680791e-03
   0.0000000e+00
   1.9688410e-02
   1.6706285e-02
   1.6139112e-02
   1.2754572e-02
   1.3459199e-02
   9.4173774e-03
   6.6497745e-03
   1.8543730e-03
  -5.1827440e-03
  -1.4276816e-02
  -2.6821075e-02
  -2.7567926e-02
  -4.6942085e-04
  -0.0000000e+00
  -0.0000000e+00
   5.8672512e-03
   1.4082397e-02
   2.1471947e-02
   2.2933846e-02
   1.9328741e-02
   1.6023651e-02
   7.2225672e-03
   2.2583506e-03
   1.0307953e-03
   8.4974412e-03
   1.0668213e-02
   1.1398630e-02
   1.5002636e-02
   1.6865659e-02
   1.5563801e-02
   1.0558893e-02
   3.6662258e-03
  -4.7698137e-03
  -6.0433761e-03
   9.4277105e-03
   0.0000000e+00
   0.0000000e+00
   0.0000000e+00
   0.0000000e+00
   0.0000000e+00
   0.0000000e+00
   0.0000000e+00
   0.0000000e+00
   2.9196116e-02
   1.6987285e-02
   1.1284733e-02
   9.7103863e-04
  -9.8315163e-03
   3.4504158e-03
  -1.4351156e-03
   4.6743173e-03
   4.8283967e-03
   5.3641358e-03
   3.4780353e-03
   7.8621146e-04
  -3.2957664e-03
  -7.0596682e-03
  -1.6033104e-02
  -2.3087632e-02
  -2.8580027e-02
  -3.8975928e-02
  -0.0000000e+00
   3.6884839e-03
   5.2972732e-03
   1.1019025e-02
   1.6146438e-02
   1.7992515e-02
   1.4381530e-02
   5.6180586e-03
  -4.4947830e-03
  -1.1044527e-02
  -1.3633769e-02
  -9.5733190e-03
  -3.8190475e-03
   2.9406508e-03
   9.2077507e-03
   1.2249216e-02
   1.1888349e-02
   9.0264427e-03
   5.2886764e-03
  -1.3945677e-03
  -9.1623887e-03
  -1.2082999e-02
   0.0000000e+00
   0.0000000e+00
   0.0000000e+00
   0.0000000e+00
   0.0000000e+00
   0.0000000e+00
   0.0000000e+00
   0.0000000e+00
   2.5700315e-02
   1.1132663e-02
   3.0102988e-03
  -1.3138681e-03
  -9.3478062e-03
  -4.3301636e-03
  -8.3350325e-03
  -6.7192339e-03
  -2.9833419e-03
  -2.5391248e-03
  -3.1666157e-03
  -4.9379743e-03
  -7.8996103e-03
  -9.7748907e-03
  -1.7610475e-02
  -2.5342470e-02
  -2.8202096e-02
  -5.6242356e-02
   0.0000000e+00
   2.6885287e-03
   7.3828764e-03
   6.3874954e-03
   1.0313159e-02
   1.0703174e-02
   6.5948423e-03
  -3.5458547e-03
  -1.3705103e-02
  -2.0036737e-02
  -2.1348244e-02
  -1.5641179e-02
  -8.5811280e-03
  -2.7394078e-03
   4.4226754e-03
   9.4304485e-03
   1.1594024e-02
   8.6383214e-03
   5.2989833e-03
  -1.4953560e-03
  -9.9119404e-03
  -1.2461251e-02
   0.0000000e+00
   0.0000000e+00
   0.0000000e+00
   0.0000000e+00
   0.0000000e+00
   0.0000000e+00
   0.0000000e+00
   0.0000000e+00
   1.3356517e-02
   2.9764812e-03
  -4.4001402e-03
  -8.5498524e-03
  -1.2451620e-02
  -1.4375515e-02
  -1.5635701e-02
  -1.3107548e-02
  -1.0357756e-02
  -9.2580506e-03
  -9.9883660e-03
  -1.0987098e-02
  -1.1000905e-02
  -1.3498857e-02
  -1.9951232e-02
  -2.4119985e-02
  -2.3290318e-02
  -4.4517288e-02
   0.0000000e+00
   0.0000000e+00
   2.0416893e-03
   8.0050968e-04
   1.6717570e-03
   7.0194460e-05
  -5.0126842e-03
  -1.3109908e-02
  -2.1830815e-02
  -2.3525461e-02
  -1.8466166e-02
  -8.7435414e-03
  -9.3584676e-04
  -7.3430481e-04
   1.4203225e-03
   5.1953766e-03
   5.8733581e-03
   2.4774443e-03
   9.4486907e-04
  -3.9398335e-03
  -8.8267598e-03
  -8.2900810e-03
  -3.2306536e-03
   0.0000000e+00
   0.0000000e+00
   0.0000000e+00
   0.0000000e+00
   0.0000000e+00
   0.0000000e+00
   0.0000000e+00
   2.4351082e-03
  -4.2754742e-03
  -1.0038797e-02
  -1.3881240e-02
  -1.6796071e-02
  -1.8120788e-02
  -1.8098429e-02
  -1.5831143e-02
  -1.4615127e-02
  -1.3759091e-02
  -1.3766249e-02
  -1.3624993e-02
  -1.4032338e-02
  -1.6745448e-02
  -2.0031404e-02
  -2.0348584e-02
  -1.5910659e-02
  -2.2451312e-02
   0.0000000e+00
   0.0000000e+00
  -3.3460567e-03
  -6.7233285e-03
  -6.3535864e-03
  -8.5647497e-03
  -1.3292484e-02
  -1.7325085e-02
  -2.2162087e-02
  -1.9877862e-02
  -8.9624748e-03
   5.1977648e-03
   7.6981927e-03
   1.7177120e-03
   8.2556572e-04
   3.4052720e-03
   2.3522503e-03
  -2.4103404e-04
  -2.0257058e-03
  -6.4285551e-03
  -9.4606271e-03
  -5.6890420e-03
   7.7360031e-03
   1.0029233e-02
   0.0000000e+00
   0.0000000e+00
   0.0000000e+00
   0.0000000e+00
   0.0000000e+00
  -0.0000000e+00
  -7.5674076e-03
  -1.0019701e-02
  -1.6166478e-02
  -1.9536765e-02
  -2.0558655e-02
  -2.0484960e-02
  -1.9129964e-02
  -1.7369233e-02
  -1.6598614e-02
  -1.5208549e-02
  -1.4572958e-02
  -1.4467590e-02
  -1.5411590e-02
  -1.6733371e-02
  -1.7162256e-02
  -1.4965522e-02
  -7.0366696e-03
   5.7758879e-03
   5.1804470e-03
   0.0000000e+00
  -0.0000000e+00
  -1.4059961e-02
  -1.5291600e-02
  -1.7550316e-02
  -1.8042726e-02
  -1.3812769e-02
  -8.8629259e-03
  -1.8948580e-02
  -0.0000000e+00
   1.4468077e-02
   7.5596096e-03
  -1.5781721e-03
  -5.5379653e-03
  -2.7083277e-03
  -1.5918859e-03
  -2.7092537e-03
  -5.0517186e-03
  -8.3216429e-03
  -8.9894757e-03
  -3.2192832e-03
   1.3765560e-02
   2.5111668e-02
   0.0000000e+00
   0.0000000e+00
   0.0000000e+00
  -0.0000000e+00
  -7.7231106e-03
  -1.4473831e-02
  -1.4228013e-02
  -1.7383698e-02
  -2.1620302e-02
  -2.3220880e-02
  -2.2648357e-02
  -2.1189777e-02
  -1.9204298e-02
  -1.7258501e-02
  -1.5334637e-02
  -1.3407556e-02
  -1.2642018e-02
  -1.2658215e-02
  -1.3472423e-02
  -1.3772388e-02
  -1.3123402e-02
  -9.9883322e-03
  -5.3763005e-04
   1.5242286e-02
   1.0184699e-02
   0.0000000e+00
  -0.0000000e+00
  -1.7869611e-02
  -2.1136839e-02
  -2.2857144e-02
  -1.8724209e-02
  -4.9633710e-03
   6.1618079e-03
   0.0000000e+00
   0.0000000e+00
   0.0000000e+00
   2.1188268e-03
  -4.8937816e-03
  -9.9692261e-03
  -3.9374125e-03
  -3.0452281e-03
  -6.1234473e-03
  -7.7345157e-03
  -8.0227293e-03
  -6.3183527e-03
   1.9493343e-04
   1.5386928e-02
   2.5892433e-02
   1.8505797e-02
   0.0000000e+00
   0.0000000e+00
  -4.3444437e-03
  -6.7087575e-03
  -1.2450354e-02
  -1.6641349e-02
  -2.0599268e-02
  -2.2712255e-02
  -2.2523141e-02
  -2.0792836e-02
  -1.8533528e-02
  -1.6566105e-02
  -1.4193767e-02
  -1.1602787e-02
  -9.8145735e-03
  -9.0907132e-03
  -9.2778979e-03
  -9.8141907e-03
  -1.0014312e-02
  -9.0111233e-03
  -5.4613641e-03
   5.1545519e-03
   2.6558597e-02
   2.9369182e-02
   0.0000000e+00
   0.0000000e+00
  -1.9968771e-02
  -2.7341101e-02
  -2.8862026e-02
  -1.7915426e-02
   6.8055782e-03
   2.7789928e-02
   0.0000000e+00
   0.0000000e+00
  -0.0000000e+00
  -9.1382228e-03
  -1.0569246e-02
  -8.0977257e-03
   1.3750334e-03
  -3.7697884e-03
  -9.3442239e-03
  -8.3367443e-03
  -5.1397714e-03
  -1.9414220e-03
   4.4543697e-03
   1.6676248e-02
   2.4177268e-02
   2.0144705e-02
   1.1375779e-02
   0.0000000e+00
  -2.5766043e-03
  -3.8698013e-03
  -9.7619618e-03
  -1.4508999e-02
  -1.7183353e-02
  -1.7484398e-02
  -1.6650797e-02
  -1.4688958e-02
  -1.2472383e-02
  -1.0779258e-02
  -8.4474194e-03
  -6.2654059e-03
  -5.1138530e-03
  -4.7020985e-03
  -5.0562181e-03
  -5.7765058e-03
  -6.3330861e-03
  -5.3155407e-03
  -1.0846751e-03
   1.0880893e-02
   3.8626461e-02
   4.9826824e-02
   0.0000000e+00
   0.0000000e+00
  -0.0000000e+00
  -3.6282489e-02
  -3.6963797e-02
  -1.5403792e-02
   2.0365932e-02
   4.7627491e-02
   0.0000000e+00
   0.0000000e+00
  -0.0000000e+00
  -2.8232132e-02
  -3.8662978e-02
   1.2915505e-03
   9.9911435e-03
  -8.1753186e-03
  -1.3299419e-02
  -7.1658440e-03
  -9.5792190e-04
   3.1591311e-03
   8.9045908e-03
   1.8858977e-02
   2.3523424e-02
   2.1953622e-02
   1.7651314e-02
   3.9039700e-03
   4.5390046e-03
   6.8951503e-04
  -4.2423108e-03
  -7.1490793e-03
  -8.5586850e-03
  -8.9316647e-03
  -8.6023184e-03
  -6.9321366e-03
  -5.2828616e-03
  -4.0664678e-03
  -2.1920567e-03
  -8.9626206e-04
  -5.9075502e-04
  -4.0542241e-04
  -1.1683825e-03
  -2.4971256e-03
  -3.2767397e-03
  -2.0029158e-03
   3.2778934e-03
   1.6356209e-02
   4.8268113e-02
   6.4127017e-02
   0.0000000e+00
   0.0000000e+00
   0.0000000e+00
  -4.1471071e-02
  -4.7359828e-02
  -1.0892350e-02
   3.1919181e-02
   4.9939389e-02
   0.0000000e+00
   0.0000000e+00
   0.0000000e+00
  -4.6042123e-02
  -5.7230035e-02
   1.6171413e-02
   1.8422637e-02
  -1.6876323e-02
  -1.6451739e-02
  -4.5291437e-03
   3.5327305e-03
   8.1715174e-03
   1.3255171e-02
   2.3375833e-02
   2.6277244e-02
   2.5323519e-02
   2.2323368e-02
   1.7162470e-02
   1.1573895e-02
   5.8774240e-03
   3.5173129e-03
   1.7958205e-03
   8.2197039e-05
  -1.3125858e-03
  -1.1590919e-03
  -9.6367206e-05
   7.7026954e-04
   1.5681799e-03
   3.0746134e-03
   3.7706746e-03
   3.2960386e-03
   3.0678872e-03
   1.6620167e-03
  -2.1647353e-04
  -5.1992788e-04
   1.7472937e-03
   8.3387485e-03
   2.2668378e-02
   5.0832130e-02
   4.7526630e-02
   0.0000000e+00
   0.0000000e+00
   0.0000000e+00
  -0.0000000e+00
  -5.6206268e-02
  -3.4828684e-03
   4.6837788e-02
   6.5529963e-02
   0.0000000e+00
   0.0000000e+00
   0.0000000e+00
  -0.0000000e+00
  -5.0080039e-02
   3.2771118e-02
   3.6429941e-02
  -2.8923647e-02
  -1.8486735e-02
  -1.8050113e-03
   8.4883142e-03
   1.3707316e-02
   1.8724391e-02
   2.8757490e-02
   3.0993972e-02
   2.9788442e-02
   2.6746335e-02
   2.1919912e-02
   1.4481284e-02
   1.0780385e-02
   8.9282533e-03
   6.7608720e-03
   4.5595402e-03
   3.2446440e-03
   3.4319083e-03
   4.0421090e-03
   4.7014062e-03
   5.6550261e-03
   6.7312452e-03
   6.3669728e-03
   5.3519993e-03
   4.7224150e-03
   2.9288719e-03
   1.2228227e-03
   2.0452228e-03
   5.5747074e-03
   1.3668522e-02
   2.8968904e-02
   5.1510647e-02
   4.6541295e-02
   0.0000000e+00
   0.0000000e+00
   0.0000000e+00
   0.0000000e+00
  -5.1689205e-02
   5.7269060e-03
   5.8338944e-02
   7.7018534e-02
   0.0000000e+00
   0.0000000e+00
   0.0000000e+00
  -0.0000000e+00
  -9.9646803e-03
   3.4625016e-02
   3.0959288e-02
   0.0000000e+00
  -1.6518937e-02
  -1.2001018e-03
   1.2860095e-02
   1.8859196e-02
   2.4157658e-02
   3.3350244e-02
   3.5432115e-02
   3.3882100e-02
   3.0663576e-02
   2.5031488e-02
   1.8302990e-02
   1.4558121e-02
   1.1743362e-02
   9.2575261e-03
   7.0397146e-03
   6.2406682e-03
   6.4221080e-03
   6.8655610e-03
   7.5042318e-03
   8.3089173e-03
   8.4408466e-03
   7.1634897e-03
   5.7987403e-03
   4.8739300e-03
   2.9881028e-03
   2.1704638e-03
   4.5160619e-03
   9.8430747e-03
   1.9848460e-02
   3.6459833e-02
   5.4376181e-02
   4.5115092e-02
   0.0000000e+00
   0.0000000e+00
   0.0000000e+00
   0.0000000e+00
  -3.9815867e-02
   1.5153346e-02
   6.1600436e-02
   5.8360576e-02
   0.0000000e+00
   0.0000000e+00
   0.0000000e+00
  -0.0000000e+00
  -1.3125777e-03
   3.1499911e-02
   2.3801606e-02
   0.0000000e+00
  -1.7061080e-02
  -6.8821351e-04
   1.6931320e-02
   2.3193061e-02
   2.8619578e-02
   3.6374010e-02
   3.8525756e-02
   3.7224612e-02
   3.4067135e-02
   2.7301234e-02
   2.0779939e-02
   1.6276065e-02
   1.2761805e-02
   1.0208537e-02
   8.3223301e-03
   7.8939674e-03
   7.9024965e-03
   8.1795835e-03
   8.4506571e-03
   8.3510558e-03
   7.2493312e-03
   5.3332288e-03
   3.9170380e-03
   2.9987889e-03
   1.7711382e-03
   2.8035549e-03
   7.2084289e-03
   1.4644308e-02
   2.6878465e-02
   4.5790689e-02
   5.9082274e-02
   3.3133893e-02
   0.0000000e+00
   0.0000000e+00
   0.0000000e+00
   0.0000000e+00
  -2.4623342e-02
   2.2157188e-02
   5.6688049e-02
   3.7592476e-02
   0.0000000e+00
   0.0000000e+00
   0.0000000e+00
  -0.0000000e+00
   4.8678237e-03
   2.7263601e-02
   1.7864257e-02
   0.0000000e+00
   0.0000000e+00
   4.4300703e-03
   2.0536797e-02
   2.6243946e-02
   3.1590372e-02
   3.7516609e-02
   3.9777320e-02
   3.8702071e-02
   3.4948085e-02
   2.7456075e-02
   2.0932462e-02
   1.5780376e-02
   1.2095965e-02
   9.9239973e-03
   8.5893916e-03
   8.0823861e-03
   7.6367198e-03
   7.0922556e-03
   6.3693183e-03
   5.0557745e-03
   3.0647444e-03
   1.0282125e-03
   1.1173554e-04
  -1.7708424e-04
   5.5260392e-04
   4.1591004e-03
   1.0789048e-02
   2.0187119e-02
   3.4139644e-02
   5.5541471e-02
   6.5904896e-02
   5.5074399e-02
   0.0000000e+00
   0.0000000e+00
   0.0000000e+00
   0.0000000e+00
  -1.1835780e-02
   2.6732121e-02
   4.9040958e-02
   3.1355738e-02
   0.0000000e+00
   0.0000000e+00
   0.0000000e+00
  -0.0000000e+00
   8.2323990e-03
   2.2916999e-02
   1.3196342e-02
   0.0000000e+00
   0.0000000e+00
   7.9935707e-03
   2.3576629e-02
   2.8212270e-02
   3.3117142e-02
   3.6547285e-02
   3.8766168e-02
   3.7334178e-02
   3.2777514e-02
   2.5123246e-02
   1.8396476e-02
   1.2802130e-02
   9.5315110e-03
   7.9641771e-03
   7.0381351e-03
   6.0805776e-03
   4.9437713e-03
   3.3487417e-03
   1.6771776e-03
  -2.3379776e-04
  -2.2587508e-03
  -3.5334462e-03
  -3.3906081e-03
  -2.0338269e-03
   1.3297703e-03
   7.2457818e-03
   1.5368311e-02
   2.5665078e-02
   3.9882775e-02
   6.2735304e-02
   7.7774079e-02
   0.0000000e+00
   0.0000000e+00
   0.0000000e+00
   0.0000000e+00
   0.0000000e+00
   0.0000000e+00
   3.0335471e-02
   4.2607855e-02
   2.7331547e-02
   0.0000000e+00
   0.0000000e+00
   0.0000000e+00
   0.0000000e+00
   1.0996748e-02
   1.7939737e-02
   1.0672437e-02
   0.0000000e+00
   0.0000000e+00
   0.0000000e+00
   2.6953267e-02
   2.9044854e-02
   3.2920908e-02
   3.4030948e-02
   3.5899427e-02
   3.3027939e-02
   2.7618473e-02
   1.9952666e-02
   1.2821781e-02
   7.6254290e-03
   5.2016177e-03
   4.0690252e-03
   3.2330120e-03
   1.7860732e-03
   3.0801812e-04
  -1.6251629e-03
  -3.2915969e-03
  -4.5985072e-03
  -5.5797258e-03
  -5.3587477e-03
  -3.6962866e-03
  -4.1481928e-04
   4.8586316e-03
   1.1888164e-02
   2.0099116e-02
   2.9527858e-02
   4.1525807e-02
   5.7164896e-02
   5.4679634e-02
   0.0000000e+00
   0.0000000e+00
   0.0000000e+00
   0.0000000e+00
   0.0000000e+00
   0.0000000e+00
   3.3515364e-02
   3.6756083e-02
   2.3653733e-02
   0.0000000e+00
   0.0000000e+00
   0.0000000e+00
   0.0000000e+00
   1.0841727e-02
   1.1324897e-02
   6.6335937e-03
   0.0000000e+00
   0.0000000e+00
   0.0000000e+00
   2.8615227e-02
   2.8425833e-02
   3.0947778e-02
   3.0208556e-02
   3.1271072e-02
   2.6328345e-02
   2.0175652e-02
   1.2304132e-02
   5.5909039e-03
   1.6411993e-03
  -1.4778306e-04
  -1.1078699e-03
  -2.2265407e-03
  -3.7349479e-03
  -5.1096462e-03
  -6.5370639e-03
  -7.2282273e-03
  -7.1484623e-03
  -6.2014152e-03
  -3.9582623e-03
  -5.4872249e-04
   4.2085315e-03
   1.0195073e-02
   1.6980403e-02
   2.3929275e-02
   3.0802010e-02
   3.7774830e-02
   4.1117473e-02
   3.0558174e-02
   0.0000000e+00
   0.0000000e+00
   0.0000000e+00
   0.0000000e+00
   0.0000000e+00
   0.0000000e+00
   3.5049359e-02
   3.0870959e-02
   1.9677043e-02
   0.0000000e+00
   0.0000000e+00
   0.0000000e+00
   0.0000000e+00
   0.0000000e+00
   1.4012024e-03
   2.0294290e-03
   0.0000000e+00
   0.0000000e+00
   2.9263554e-02
   3.0626005e-02
   2.7084704e-02
   2.8002899e-02
   2.4871176e-02
   2.5216205e-02
   1.8302423e-02
   1.2701511e-02
   4.8415873e-03
  -6.8860767e-04
  -3.3765889e-03
  -5.1942904e-03
  -6.8318797e-03
  -8.5558971e-03
  -1.0136884e-02
  -1.1481412e-02
  -1.2246425e-02
  -1.1765798e-02
  -1.0042534e-02
  -6.8726553e-03
  -2.4739908e-03
   2.6374845e-03
   8.2580247e-03
   1.4150329e-02
   1.9972989e-02
   2.5050208e-02
   2.8791582e-02
   3.0509870e-02
   2.5815570e-02
   1.2692975e-02
   0.0000000e+00
   0.0000000e+00
   0.0000000e+00
   0.0000000e+00
   0.0000000e+00
   0.0000000e+00
   3.4096675e-02
   2.5372969e-02
   1.5282291e-02
   0.0000000e+00
   0.0000000e+00
   0.0000000e+00
   0.0000000e+00
   0.0000000e+00
  -1.2072493e-02
  -4.8975246e-03
   0.0000000e+00
   0.0000000e+00
   3.2039722e-02
   2.9417740e-02
   2.4676064e-02
   2.3699186e-02
   2.0212126e-02
   2.1773932e-02
   1.2818301e-02
   7.5784689e-03
  -8.7106911e-05
  -4.5893102e-03
  -6.9357827e-03
  -9.8398669e-03
  -1.2610898e-02
  -1.5250250e-02
  -1.7459399e-02
  -1.8902951e-02
  -1.9117263e-02
  -1.7706978e-02
  -1.4738285e-02
  -1.0150372e-02
  -4.3722026e-03
   1.7517655e-03
   7.5078062e-03
   1.2504429e-02
   1.6688687e-02
   1.9853656e-02
   2.1511811e-02
   2.0844569e-02
   1.5681605e-02
   5.6991696e-03
   0.0000000e+00
   0.0000000e+00
   0.0000000e+00
   0.0000000e+00
   0.0000000e+00
   4.3028145e-02
   2.9115585e-02
   1.8374653e-02
   9.3823339e-03
   0.0000000e+00
   0.0000000e+00
   0.0000000e+00
   0.0000000e+00
   0.0000000e+00
  -2.3218245e-02
  -1.3428332e-02
  -1.1818372e-02
   2.2005475e-02
   3.1537374e-02
   2.4987574e-02
   2.0371194e-02
   1.9167437e-02
   8.8230437e-03
   1.4864487e-02
   1.3635386e-02
   5.7167397e-03
  -2.7268077e-03
  -6.1495085e-03
  -8.3179697e-03
  -1.1556557e-02
  -1.4721511e-02
  -1.7549742e-02
  -1.9692272e-02
  -2.1059925e-02
  -2.1277115e-02
  -1.9913632e-02
  -1.6813293e-02
  -1.2076624e-02
  -6.3086762e-03
  -3.8893201e-04
   4.7480613e-03
   8.4231785e-03
   1.0710591e-02
   1.1936791e-02
   1.1955644e-02
   1.0531407e-02
   7.7131474e-03
   1.9539707e-03
   0.0000000e+00
   0.0000000e+00
   0.0000000e+00
  -0.0000000e+00
   1.8596843e-04
   2.8749689e-02
   1.8823443e-02
   8.0578097e-03
   5.7713304e-03
   0.0000000e+00
   0.0000000e+00
   0.0000000e+00
   0.0000000e+00
   0.0000000e+00
  -2.8199946e-02
  -1.4971617e-02
  -8.4381816e-03
   2.4900926e-02
   2.3292173e-02
   1.7435228e-02
   1.4393894e-02
   1.1315304e-02
  -3.2317063e-03
   0.0000000e+00
   2.5281460e-02
   5.8305815e-03
  -3.2687130e-03
  -4.6462425e-03
  -5.2997110e-03
  -6.7704889e-03
  -8.2687148e-03
  -9.5953231e-03
  -1.0779837e-02
  -1.1913313e-02
  -1.2367774e-02
  -1.1683555e-02
  -9.5741886e-03
  -6.0774123e-03
  -1.8175204e-03
   2.5346546e-03
   6.1946001e-03
   8.5826310e-03
   9.6886891e-03
   9.5725514e-03
   7.5463187e-03
   3.3886203e-03
  -6.8585625e-04
  -3.5773082e-03
   0.0000000e+00
   0.0000000e+00
   0.0000000e+00
  -0.0000000e+00
   2.1226376e-03
   2.0345782e-02
   1.8698857e-02
   0.0000000e+00
   0.0000000e+00
   0.0000000e+00
   0.0000000e+00
   0.0000000e+00
   0.0000000e+00
   0.0000000e+00
  -3.1060410e-02
  -1.3787896e-02
   3.0193991e-03
   1.7594874e-02
   1.3381461e-02
   9.6404858e-03
   7.1785292e-03
   1.6589403e-03
   0.0000000e+00
   0.0000000e+00
   3.5892034e-02
   7.8417603e-03
  -3.7632501e-03
  -3.2595641e-03
  -2.2142783e-03
  -1.9808947e-03
  -1.7062659e-03
  -1.6167300e-03
  -1.9350016e-03
  -2.5355021e-03
  -2.9025314e-03
  -2.6973855e-03
  -1.5915911e-03
   5.6553980e-04
   3.6777482e-03
   7.3374324e-03
   1.0852653e-02
   1.3275001e-02
   1.4042733e-02
   1.2511418e-02
   7.7986736e-03
  -2.4905158e-04
  -8.8957575e-03
  -1.0143367e-02
   0.0000000e+00
   0.0000000e+00
   0.0000000e+00
  -0.0000000e+00
   3.5361231e-03
   1.6953613e-02
   0.0000000e+00
   0.0000000e+00
   0.0000000e+00
   0.0000000e+00
   0.0000000e+00
   0.0000000e+00
   0.0000000e+00
   0.0000000e+00
  -3.4092869e-02
  -1.2304224e-02
   3.1602356e-03
   8.4417629e-03
   3.0937340e-03
   1.3426273e-03
   2.5825927e-04
  -2.4752564e-03
   0.0000000e+00
   0.0000000e+00
   3.3324599e-02
   7.3597576e-03
  -6.2858537e-03
  -5.6213792e-03
  -4.5680692e-03
  -4.8227077e-03
  -4.4713481e-03
  -3.7638452e-03
  -3.4193764e-03
  -3.3269627e-03
  -3.1559588e-03
  -2.7207332e-03
  -1.5888604e-03
   3.5415497e-04
   3.2938449e-03
   7.0633297e-03
   1.1125555e-02
   1.4003410e-02
   1.4094081e-02
   1.0355582e-02
   3.0931516e-03
  -6.5933280e-03
  -1.8579144e-02
  -2.0480457e-02
   0.0000000e+00
   0.0000000e+00
   0.0000000e+00
  -1.0386847e-02
  -1.6331252e-03
   1.0002902e-02
   0.0000000e+00
   0.0000000e+00
   0.0000000e+00
   0.0000000e+00
   0.0000000e+00
   0.0000000e+00
   0.0000000e+00
  -0.0000000e+00
  -4.2298333e-02
  -1.5870102e-02
  -2.3162684e-03
  -7.7385892e-04
  -4.1781627e-03
  -3.5424894e-03
  -1.4342684e-03
  -9.7859450e-04
   0.0000000e+00
   0.0000000e+00
   0.0000000e+00
   8.2989894e-03
  -9.3141692e-03
  -9.6352547e-03
  -9.6580908e-03
  -1.2388889e-02
  -1.4469724e-02
  -1.5435931e-02
  -1.6038565e-02
  -1.6560983e-02
  -1.7017286e-02
  -1.7085917e-02
  -1.6319444e-02
  -1.4506564e-02
  -1.1728708e-02
  -7.9147164e-03
  -2.9458937e-03
   1.9789108e-03
   4.1507692e-03
   1.4632767e-03
  -4.7533568e-03
  -1.2007078e-02
  -2.3147207e-02
  -3.3540146e-02
   0.0000000e+00
   0.0000000e+00
  -0.0000000e+00
  -2.0708101e-02
  -1.2686496e-02
   2.3078718e-03
   0.0000000e+00
   0.0000000e+00
   0.0000000e+00
   0.0000000e+00
   0.0000000e+00
   0.0000000e+00
   0.0000000e+00
  -0.0000000e+00
  -4.0527944e-02
  -2.4135657e-02
  -1.0956956e-02
  -7.9194428e-03
  -7.8262445e-03
  -5.4880073e-03
  -1.3293967e-03
  -9.0500411e-04
   0.0000000e+00
   0.0000000e+00
   0.0000000e+00
   1.0043785e-02
  -1.0465026e-02
  -1.2397507e-02
  -1.3475329e-02
  -1.8404350e-02
  -2.3041224e-02
  -2.6339218e-02
  -2.8984301e-02
  -3.1353690e-02
  -3.3872385e-02
  -3.5968598e-02
  -3.7263971e-02
  -3.7333865e-02
  -3.6315709e-02
  -3.4010343e-02
  -2.9164860e-02
  -2.1056011e-02
  -1.2175578e-02
  -7.8656124e-03
  -1.0459991e-02
  -1.4882146e-02
  -1.9425165e-02
  -1.6771343e-02
  -1.9108973e-02
  -2.5811063e-02
  -2.5780486e-02
  -2.8955968e-02
  -2.4929799e-02
  -6.7153640e-03
   0.0000000e+00
   0.0000000e+00
   0.0000000e+00
   0.0000000e+00
   0.0000000e+00
   0.0000000e+00
   0.0000000e+00
   0.0000000e+00
  -4.3463473e-02
  -3.3048760e-02
  -1.9531757e-02
  -1.1600137e-02
  -9.2071090e-03
  -7.3558819e-03
   6.5529941e-04
   0.0000000e+00
   0.0000000e+00
  -6.8975343e-03
   2.1581649e-02
   1.1306180e-02
  -8.8070525e-03
  -1.2174168e-02
  -1.3709905e-02
  -1.9496705e-02
  -2.5446901e-02
  -2.9973593e-02
  -3.3767721e-02
  -3.7288675e-02
  -4.1050105e-02
  -4.4606815e-02
  -4.7658983e-02
  -4.9850459e-02
  -5.1118898e-02
  -5.1258899e-02
  -4.9144759e-02
  -4.2367532e-02
  -2.9376520e-02
  -1.5139407e-02
  -1.1568006e-02
  -1.6594847e-02
  -1.8861794e-02
  -1.9784450e-02
  -2.4327557e-02
  -2.8388170e-02
  -3.0781807e-02
  -3.6317164e-02
  -3.6117176e-02
  -1.9033803e-02
   0.0000000e+00
   0.0000000e+00
   0.0000000e+00
   0.0000000e+00
   0.0000000e+00
   0.0000000e+00
   0.0000000e+00
   0.0000000e+00
  -4.5879064e-02
  -3.9382117e-02
  -2.4577861e-02
  -1.1033663e-02
  -7.8466157e-03
  -9.3208641e-03
  -5.6733025e-03
   0.0000000e+00
   0.0000000e+00
  -1.1335532e-02
   1.3523284e-02
   1.0203632e-02
  -4.9514890e-03
  -9.0227349e-03
  -1.0570331e-02
  -1.6416849e-02
  -2.2738854e-02
  -2.7037502e-02
  -3.0287106e-02
  -3.3321377e-02
  -3.6834541e-02
  -4.0963649e-02
  -4.5316903e-02
  -4.9327654e-02
  -5.2737118e-02
  -5.5344430e-02
  -5.6526043e-02
  -5.4124777e-02
  -4.4175560e-02
  -2.4224681e-02
  -9.0970228e-03
  -1.3530617e-02
  -1.4385618e-02
  -1.8779894e-02
  -2.4637473e-02
  -2.9361490e-02
  -3.3935770e-02
  -4.1388361e-02
  -4.7032448e-02
  -3.6153846e-02
   0.0000000e+00
   0.0000000e+00
   0.0000000e+00
   0.0000000e+00
   0.0000000e+00
   0.0000000e+00
   0.0000000e+00
  -0.0000000e+00
  -4.5800656e-02
  -4.3146739e-02
  -2.7822290e-02
  -7.6288907e-03
  -3.1260907e-03
  -7.7051791e-03
  -7.9835530e-03
   0.0000000e+00
   0.0000000e+00
  -1.1720900e-02
   2.1931168e-03
   6.9332365e-03
  -8.3071570e-04
  -4.6649552e-03
  -6.0739047e-03
  -1.1565158e-02
  -1.7986085e-02
  -2.1641266e-02
  -2.3412397e-02
  -2.4808992e-02
  -2.7098134e-02
  -3.0759895e-02
  -3.5637163e-02
  -4.1082945e-02
  -4.6571329e-02
  -5.1634349e-02
  -5.5564512e-02
  -5.6474116e-02
  -5.1480014e-02
  -3.4152236e-02
  -1.0283781e-02
  -9.8056894e-03
  -6.9137765e-03
  -1.3724412e-02
  -2.1236552e-02
  -2.7587816e-02
  -3.4421705e-02
  -4.3862578e-02
  -5.5949617e-02
  -5.5526531e-02
   0.0000000e+00
   0.0000000e+00
   0.0000000e+00
   0.0000000e+00
   0.0000000e+00
   0.0000000e+00
   0.0000000e+00
  -2.9443838e-02
  -4.7902878e-02
  -4.8463274e-02
  -3.5014499e-02
  -3.3663244e-03
   5.4617468e-03
  -4.4624303e-03
  -6.5428011e-03
   0.0000000e+00
   0.0000000e+00
  -1.0155797e-02
  -9.6396962e-03
   2.7054229e-03
   1.8883548e-03
  -4.0398270e-04
  -1.4010228e-03
  -6.3498048e-03
  -1.3156275e-02
  -1.6854055e-02
  -1.7492957e-02
  -1.6796300e-02
  -1.7138397e-02
  -1.9304074e-02
  -2.3572570e-02
  -2.9183852e-02
  -3.5447259e-02
  -4.1900322e-02
  -4.7803923e-02
  -5.1312309e-02
  -5.0142974e-02
  -3.8274840e-02
  -1.4627798e-02
   1.3713928e-02
   4.8118527e-03
  -9.2916889e-03
  -1.7446302e-02
  -2.4789151e-02
  -3.3080731e-02
  -4.3695301e-02
  -5.9086524e-02
  -6.7971595e-02
   0.0000000e+00
   0.0000000e+00
   0.0000000e+00
   0.0000000e+00
  -4.8584194e-02
  -5.5883997e-02
  -2.1163414e-02
  -2.9075256e-02
  -4.7791258e-02
  -5.5977114e-02
  -4.6848774e-02
  -2.8082712e-03
   1.1614564e-02
   3.0869348e-03
   2.0912975e-03
   0.0000000e+00
   0.0000000e+00
  -0.0000000e+00
  -1.4166171e-02
  -6.4137716e-04
   2.3838025e-03
   2.8088970e-03
   2.8637213e-03
  -1.2215486e-03
  -8.4543917e-03
  -1.3175855e-02
  -1.4005427e-02
  -1.1982670e-02
  -1.0413848e-02
  -1.0533740e-02
  -1.3480879e-02
  -1.8454414e-02
  -2.4473590e-02
  -3.1152319e-02
  -3.7986356e-02
  -4.3746369e-02
  -4.5918653e-02
  -3.9967301e-02
  -2.4530965e-02
   0.0000000e+00
   2.0211143e-02
  -4.6156313e-03
  -1.2548246e-02
  -2.0423499e-02
  -3.0092232e-02
  -4.1239726e-02
  -5.6264703e-02
  -6.4399562e-02
  -5.8046360e-02
   0.0000000e+00
  -0.0000000e+00
  -1.0220670e-02
  -3.0879512e-02
  -3.6484419e-02
  -2.5325519e-02
  -2.8964855e-02
  -4.3828449e-02
  -6.4220153e-02
  -6.1330540e-02
  -2.9132594e-03
   1.2759679e-02
   1.1171275e-02
   1.2109475e-02
   0.0000000e+00
   0.0000000e+00
   0.0000000e+00
  -8.4087444e-03
  -9.5597375e-04
   1.8714301e-03
   4.5055738e-03
   6.2656058e-03
   3.8465189e-03
  -3.4358534e-03
  -9.5714396e-03
  -1.1837940e-02
  -1.0072452e-02
  -7.5202449e-03
  -5.8294530e-03
  -7.1909260e-03
  -1.1477127e-02
  -1.7616266e-02
  -2.4866402e-02
  -3.2636642e-02
  -3.9784208e-02
  -4.4753365e-02
  -3.9687958e-02
  -3.0909284e-02
   0.0000000e+00
   3.3666667e-02
   2.1089124e-04
  -6.5020001e-03
  -1.4024146e-02
  -2.5061470e-02
  -3.6761250e-02
  -5.0081115e-02
  -6.5154269e-02
  -6.8646801e-02
   0.0000000e+00
   0.0000000e+00
  -5.5771256e-03
  -2.2701854e-02
  -2.8103326e-02
  -2.6619179e-02
  -2.7743587e-02
  -3.3242678e-02
  -7.1644812e-02
  -6.6599226e-02
   0.0000000e+00
   0.0000000e+00
   0.0000000e+00
   0.0000000e+00
   0.0000000e+00
   0.0000000e+00
   0.0000000e+00
  -1.2671872e-03
   1.2498933e-03
   2.7063009e-03
   5.7078018e-03
   8.7516038e-03
   7.9472587e-03
   1.4608046e-03
  -5.7107680e-03
  -9.3070250e-03
  -8.7341834e-03
  -6.1900904e-03
  -3.4939386e-03
  -3.3455295e-03
  -6.7626303e-03
  -1.3072973e-02
  -2.1025663e-02
  -2.9805293e-02
  -3.8446892e-02
  -4.6039935e-02
  -3.8029447e-02
  -2.2801855e-02
   0.0000000e+00
   4.1219003e-02
   3.9971396e-03
  -1.0931938e-04
  -5.7731485e-03
  -1.7546173e-02
  -3.0083837e-02
  -4.2383157e-02
  -5.4208897e-02
  -4.2775338e-02
  -2.3912805e-02
   0.0000000e+00
  -9.1175735e-04
  -1.7814549e-02
  -2.4491305e-02
  -2.7863286e-02
  -2.5444783e-02
  -2.3581030e-02
  -8.7401376e-02
  -5.2016218e-02
  -3.2580669e-02
   0.0000000e+00
   0.0000000e+00
   0.0000000e+00
   0.0000000e+00
   0.0000000e+00
   0.0000000e+00
  -0.0000000e+00
   3.8655077e-03
   6.6634631e-03
   8.6248564e-03
   1.1786547e-02
   1.1359589e-02
   5.5537680e-03
  -2.0353626e-03
  -6.5385653e-03
  -6.7435009e-03
  -4.4437749e-03
  -1.2458481e-03
  -6.8346781e-05
  -2.6305830e-03
  -8.9685293e-03
  -1.7716743e-02
  -2.7678983e-02
  -3.8417295e-02
  -4.8271745e-02
  -4.5665635e-02
  -2.1563826e-02
   0.0000000e+00
   3.7319865e-02
   4.3001985e-03
   5.8041755e-03
   3.1608008e-03
  -8.6037954e-03
  -2.1478454e-02
  -3.4160458e-02
  -4.5134310e-02
  -3.8982973e-02
   2.2447076e-03
   2.7604305e-02
   3.5087392e-03
  -1.2585516e-02
  -2.0209862e-02
  -2.7935775e-02
  -2.7513342e-02
  -1.9309559e-02
  -9.0177721e-02
  -4.5309294e-02
  -2.7259046e-02
   0.0000000e+00
   0.0000000e+00
   0.0000000e+00
   0.0000000e+00
   0.0000000e+00
   0.0000000e+00
  -0.0000000e+00
   3.6457260e-03
   1.2681660e-02
   1.5795160e-02
   1.8017776e-02
   1.6894795e-02
   1.0808397e-02
   2.7643002e-03
  -2.8084908e-03
  -3.7527452e-03
  -1.7899536e-03
   1.9206139e-03
   3.8607768e-03
   1.8546283e-03
  -4.7406415e-03
  -1.4777713e-02
  -2.6595674e-02
  -4.0206332e-02
  -5.1363420e-02
  -4.0781955e-02
   0.0000000e+00
   0.0000000e+00
   2.5278288e-02
   1.7617180e-03
   1.0953483e-02
   1.1133894e-02
   8.7536650e-04
  -1.1348953e-02
  -2.3424158e-02
  -3.4933791e-02
  -2.6889998e-02
  -1.2838529e-02
   1.6727140e-02
   4.9027023e-03
  -8.4522450e-03
  -1.4867262e-02
  -2.3514269e-02
  -2.9977934e-02
  -4.6824642e-02
  -7.0739349e-02
   0.0000000e+00
   0.0000000e+00
   0.0000000e+00
   0.0000000e+00
   0.0000000e+00
   0.0000000e+00
   0.0000000e+00
   0.0000000e+00
   0.0000000e+00
   2.6106195e-03
   1.4948637e-02
   2.3469034e-02
   2.6094598e-02
   2.4275485e-02
   1.7987001e-02
   9.1613043e-03
   2.4656552e-03
   4.9284063e-04
   1.6210971e-03
   5.2603975e-03
   7.8053726e-03
   6.5150600e-03
  -5.3570853e-04
  -1.1996425e-02
  -2.6329146e-02
  -4.2999531e-02
  -5.3788665e-02
  -5.1124332e-02
   0.0000000e+00
   0.0000000e+00
   2.0565510e-02
   0.0000000e+00
   0.0000000e+00
   1.6745319e-02
   8.9260131e-03
  -1.6439027e-03
  -1.2552875e-02
  -2.4212565e-02
  -2.5019861e-02
  -1.8913050e-02
   1.6342865e-02
   7.1223876e-03
  -5.1250656e-03
  -1.1930622e-02
  -1.9136551e-02
  -2.2033109e-02
  -2.9248947e-02
  -4.5685694e-02
  -3.4816129e-02
   0.0000000e+00
   0.0000000e+00
   0.0000000e+00
   0.0000000e+00
   0.0000000e+00
   0.0000000e+00
   0.0000000e+00
   0.0000000e+00
  -2.7478263e-03
   6.0941651e-03
   2.4005268e-02
   3.1005571e-02
   3.0471580e-02
   2.5346406e-02
   1.6599808e-02
   9.3737124e-03
   6.2181894e-03
   6.3699745e-03
   9.3525629e-03
   1.2065337e-02
   1.1483526e-02
   4.3773763e-03
  -8.4664244e-03
  -2.6130633e-02
  -4.6305723e-02
  -5.4650744e-02
  -4.4417810e-02
   0.0000000e+00
   0.0000000e+00
   0.0000000e+00
   0.0000000e+00
   0.0000000e+00
   1.6366943e-02
   1.2269625e-02
   6.6091847e-03
  -1.2226754e-03
  -1.2716336e-02
  -2.0921001e-02
  -2.0716078e-02
   0.0000000e+00
   1.1681067e-02
   1.2720683e-03
  -1.4094118e-02
  -1.7119469e-02
  -1.6436208e-02
  -1.8205713e-02
  -2.9746514e-02
  -3.3257673e-02
   0.0000000e+00
   0.0000000e+00
   0.0000000e+00
   0.0000000e+00
   0.0000000e+00
   0.0000000e+00
   0.0000000e+00
   0.0000000e+00
  -0.0000000e+00
  -1.4941864e-02
   1.2026113e-02
   2.6719829e-02
   3.0471394e-02
   2.8167337e-02
   2.1205656e-02
   1.4970756e-02
   1.1865349e-02
   1.1646035e-02
   1.3914695e-02
   1.6434249e-02
   1.6296634e-02
   9.7833360e-03
  -3.7389596e-03
  -2.5028612e-02
  -5.0438128e-02
  -5.4465376e-02
   0.0000000e+00
   0.0000000e+00
   0.0000000e+00
   0.0000000e+00
   0.0000000e+00
   0.0000000e+00
   0.0000000e+00
   1.0302929e-02
   9.5406600e-03
   5.2274867e-03
  -1.7138392e-03
  -1.3502549e-02
  -1.8308698e-02
   0.0000000e+00
   1.1075379e-02
  -2.1193227e-03
  -1.6503088e-02
  -1.5378827e-02
  -1.3791513e-02
  -1.4988555e-02
  -2.3673587e-02
  -2.9051722e-02
   0.0000000e+00
   0.0000000e+00
   0.0000000e+00
   0.0000000e+00
   0.0000000e+00
   0.0000000e+00
   0.0000000e+00
   0.0000000e+00
  -0.0000000e+00
  -3.9575816e-02
  -1.2900843e-02
   1.1947756e-02
   2.1969605e-02
   2.3719303e-02
   2.0036582e-02
   1.6127545e-02
   1.4241929e-02
   1.5031541e-02
   1.7631140e-02
   1.9716611e-02
   2.0117981e-02
   1.4862341e-02
   2.0588913e-03
  -2.1288237e-02
  -5.4128300e-02
  -4.3427259e-02
   0.0000000e+00
   0.0000000e+00
   0.0000000e+00
   0.0000000e+00
   0.0000000e+00
   0.0000000e+00
   0.0000000e+00
   0.0000000e+00
   0.0000000e+00
   0.0000000e+00
   5.6636319e-03
  -3.8338646e-03
  -1.6900776e-02
   0.0000000e+00
   0.0000000e+00
  -4.5341691e-03
  -1.5998926e-02
  -0.0000000e+00
  -1.6215431e-02
  -1.4288366e-02
  -1.6008916e-02
  -2.3791080e-02
   0.0000000e+00
   0.0000000e+00
   0.0000000e+00
   0.0000000e+00
   0.0000000e+00
   0.0000000e+00
   0.0000000e+00
   0.0000000e+00
   0.0000000e+00
  -5.6449624e-02
  -4.0393577e-02
  -1.0027885e-02
   5.0466039e-03
   1.3055404e-02
   1.4089435e-02
   1.2655650e-02
   1.2612449e-02
   1.4026301e-02
   1.7730877e-02
   2.0405254e-02
   2.1267847e-02
   1.8525582e-02
   8.5205018e-03
  -1.2366038e-02
  -4.5270545e-02
  -5.7100288e-02
   0.0000000e+00
   0.0000000e+00
   0.0000000e+00
   0.0000000e+00
   0.0000000e+00
   0.0000000e+00
   0.0000000e+00
   0.0000000e+00
   0.0000000e+00
  -0.0000000e+00
   1.5899312e-03
   8.0133458e-03
   0.0000000e+00
  -0.0000000e+00
  -0.0000000e+00
   0.0000000e+00
   0.0000000e+00
   0.0000000e+00
  -0.0000000e+00
  -1.1006672e-02
   0.0000000e+00
   0.0000000e+00
   0.0000000e+00
   0.0000000e+00
   0.0000000e+00
   0.0000000e+00
   0.0000000e+00
   0.0000000e+00
   0.0000000e+00
   0.0000000e+00
   0.0000000e+00
  -0.0000000e+00
  -4.2586625e-02
  -2.6579281e-02
  -1.1738023e-02
   2.2442490e-03
   7.7487361e-03
   7.8133075e-03
   8.1096236e-03
   9.7196875e-03
   1.3634726e-02
   1.7326694e-02
   1.9251660e-02
   1.8892447e-02
   1.2081211e-02
  -3.7825136e-03
  -2.6481297e-02
  -1.5052862e-02
   0.0000000e+00
   0.0000000e+00
   0.0000000e+00
   0.0000000e+00
   0.0000000e+00
   0.0000000e+00
   0.0000000e+00
   0.0000000e+00
   0.0000000e+00
  -0.0000000e+00
  -6.7151036e-03
   2.1583081e-02
   3.8249401e-02
  -1.9145257e-03
  -2.4001719e-03
   0.0000000e+00
   0.0000000e+00
   0.0000000e+00
   0.0000000e+00
   0.0000000e+00
   0.0000000e+00
   0.0000000e+00
   0.0000000e+00
   0.0000000e+00
   0.0000000e+00
   0.0000000e+00
   0.0000000e+00
   0.0000000e+00
   0.0000000e+00
   0.0000000e+00
   0.0000000e+00
  -0.0000000e+00
  -4.0850288e-02
  -5.7975575e-02
  -4.1250132e-02
  -1.1435602e-02
  -2.3376625e-03
  -7.9673599e-04
   2.5969621e-04
   8.7317824e-04
   4.3224320e-03
   8.9161620e-03
   1.4181344e-02
   1.6757723e-02
   1.3820439e-02
   5.9757256e-03
  -1.2717097e-02
  -4.9930360e-03
   0.0000000e+00
   0.0000000e+00
   0.0000000e+00
   0.0000000e+00
   0.0000000e+00
   0.0000000e+00
   0.0000000e+00
   0.0000000e+00
   0.0000000e+00
  -0.0000000e+00
  -2.2113844e-02
   1.0719081e-02
   6.7780174e-03
   7.8251897e-03
  -3.5673999e-03
   0.0000000e+00
   0.0000000e+00
   0.0000000e+00
   0.0000000e+00
   0.0000000e+00
   0.0000000e+00
   0.0000000e+00
   0.0000000e+00
   0.0000000e+00
   0.0000000e+00
   0.0000000e+00
   0.0000000e+00
   0.0000000e+00
   0.0000000e+00
   0.0000000e+00
   0.0000000e+00
   0.0000000e+00
   0.0000000e+00
  -0.0000000e+00
  -6.3910708e-02
  -2.4446851e-02
  -1.4990419e-02
  -1.3980530e-02
  -1.1007986e-02
  -1.1674972e-02
  -7.4331425e-03
  -1.8181803e-03
   5.7734256e-03
   1.3376311e-02
   1.3723784e-02
   1.3244507e-02
   7.7054681e-03
   1.5430776e-02
   0.0000000e+00
   0.0000000e+00
   0.0000000e+00
   0.0000000e+00
   0.0000000e+00
   0.0000000e+00
   0.0000000e+00
   0.0000000e+00
   0.0000000e+00
  -0.0000000e+00
   0.0000000e+00
   0.0000000e+00
   0.0000000e+00
   1.2067103e-03
   1.2320960e-02
   0.0000000e+00
   0.0000000e+00
   0.0000000e+00
   0.0000000e+00
   0.0000000e+00
   0.0000000e+00
   0.0000000e+00
   0.0000000e+00
   0.0000000e+00
   0.0000000e+00
   0.0000000e+00
   0.0000000e+00
   0.0000000e+00
   0.0000000e+00
   0.0000000e+00
   0.0000000e+00
   0.0000000e+00
   0.0000000e+00
  -0.0000000e+00
  -7.0041528e-02
  -3.3107303e-02
  -3.0523699e-02
  -3.0830426e-02
  -3.3516388e-02
  -3.1465255e-02
  -2.2926211e-02
  -1.3098238e-02
  -2.5269622e-03
   5.9773014e-03
   1.4157513e-02
   2.0581789e-02
   3.7451058e-02
   0.0000000e+00
   0.0000000e+00
   0.0000000e+00
   0.0000000e+00
   0.0000000e+00
   0.0000000e+00
   0.0000000e+00
   0.0000000e+00
   0.0000000e+00
   0.0000000e+00
   0.0000000e+00
   0.0000000e+00
   0.0000000e+00
   0.0000000e+00
  -0.0000000e+00
  -0.0000000e+00
  -0.0000000e+00
   0.0000000e+00
   0.0000000e+00
   0.0000000e+00
   0.0000000e+00
   0.0000000e+00
   0.0000000e+00
   0.0000000e+00
   0.0000000e+00
   0.0000000e+00
   0.0000000e+00
   0.0000000e+00
   0.0000000e+00
   0.0000000e+00
   0.0000000e+00
   0.0000000e+00
   0.0000000e+00
   0.0000000e+00
   0.0000000e+00
  -0.0000000e+00
  -3.5779755e-02
  -3.3778327e-02
  -5.1889765e-02
  -9.2906540e-02
  -7.7587476e-02
  -2.5418182e-02
  -9.7317732e-03
  -0.0000000e+00
   0.0000000e+00
   0.0000000e+00
   0.0000000e+00
   0.0000000e+00
   0.0000000e+00
   0.0000000e+00
   0.0000000e+00
   0.0000000e+00
   0.0000000e+00
   0.0000000e+00
   0.0000000e+00
   0.0000000e+00
   0.0000000e+00
   0.0000000e+00
   0.0000000e+00
   0.0000000e+00
   0.0000000e+00
   0.0000000e+00
   0.0000000e+00
  -0.0000000e+00
  -0.0000000e+00
  -0.0000000e+00
  -1.5961701e-02
   0.0000000e+00
   0.0000000e+00
  -0.0000000e+00
   0.0000000e+00
   0.0000000e+00
   0.0000000e+00
   0.0000000e+00
   0.0000000e+00
   0.0000000e+00
   0.0000000e+00
  -0.0000000e+00
  -0.0000000e+00
  -0.0000000e+00
   0.0000000e+00
   0.0000000e+00
   0.0000000e+00
   0.0000000e+00
   0.0000000e+00
   0.0000000e+00
  -0.0000000e+00
   0.0000000e+00
  -0.0000000e+00
  -0.0000000e+00
  -0.0000000e+00
  -0.0000000e+00
  -0.0000000e+00
  -0.0000000e+00
   0.0000000e+00
   0.0000000e+00
   0.0000000e+00
   0.0000000e+00
   0.0000000e+00
  -0.0000000e+00
  -0.0000000e+00
  -0.0000000e+00
  -0.0000000e+00
  -0.0000000e+00
  -0.0000000e+00
  -0.0000000e+00
  -0.0000000e+00
  -0.0000000e+00
  -5.9190630e-03
  -6.5201299e-03
  -7.6497583e-03
  -1.0034110e-02
  -8.5050710e-03
  -4.5166062e-03
  -5.3376586e-03
  -4.1491147e-03
  -4.3437168e-03
  -1.7858284e-02
  -8.6784520e-03
  -0.0000000e+00
  -0.0000000e+00
   0.0000000e+00
   0.0000000e+00
   0.0000000e+00
