  3.925900e-01
  3.742617e-01
  3.675144e-01
  3.710238e-01
  3.568682e-01
  3.474150e-01
  3.340864e-01
  3.233516e-01
  3.123062e-01
  2.919560e-01
  2.789661e-01
  2.592074e-01
  2.503893e-01
  2.464828e-01
  2.443710e-01
  2.413228e-01
  2.409931e-01
  2.394014e-01
  2.365161e-01
  2.358887e-01
  2.405137e-01
  2.447754e-01
  2.415506e-01
  2.327383e-01
  2.223120e-01
  2.178076e-01
  2.243491e-01
  2.351146e-01
  2.413273e-01
  2.386124e-01
  2.315722e-01
  2.269885e-01
  2.267191e-01
  2.260357e-01
  2.289905e-01
  2.338614e-01
  2.398004e-01
  2.513170e-01
  2.666954e-01
  2.969566e-01
  3.269697e-01
  3.558011e-01
  3.885124e-01
  4.066122e-01
  4.179822e-01
  4.284725e-01
  4.015718e-01
  3.485266e-01
