   5.6343746e-01
   6.3578564e-01
   2.5089917e-01
  -1.8775289e-01
  -2.0135659e-01
   2.6911205e-01
   3.5956684e-01
   4.3971747e-01
   5.1317608e-01
   8.6692125e-01
   1.7391140e+00
   1.8116541e+00
   1.5165324e+00
   1.5436935e+00
   1.4409949e+00
   7.8028363e-01
   2.4663277e-01
   2.0513679e-01
   4.3291777e-01
   4.9117684e-01
   2.5463906e-01
  -2.9304881e-02
  -1.0441465e-01
  -9.5457159e-02
  -7.1931563e-02
   2.3675774e-01
   6.9963098e-01
   7.5309944e-01
   4.6735999e-01
   5.4163247e-01
   4.9085581e-01
   2.1825984e-01
   8.3310887e-02
   1.5439670e-01
   1.1133237e-01
   1.4254540e-01
   4.9632904e-01
   8.6280078e-01
   9.8031706e-01
   8.4702456e-01
   5.5970478e-01
   4.3560728e-01
   9.0807861e-01
   4.7976896e-01
   1.0996572e-01
   2.2985958e-02
   9.5596639e-03
   2.3517056e-01
   1.5224214e+00
   9.7909725e-01
   5.0032461e-01
   5.4053295e-01
   3.5117888e-01
   1.2476091e+00
   1.1131504e+00
  -1.1159670e-01
   5.9810531e-01
   1.6036152e+00
   1.7728416e+00
   1.7293481e+00
   8.4815317e-01
   8.3849156e-01
   1.5420437e+00
   1.3061962e+00
   1.0359319e+00
   1.1087543e+00
   8.6932063e-01
   6.4941889e-01
   5.9639525e-01
   2.4569823e-01
   5.4768130e-02
  -4.0401205e-01
  -6.1437333e-01
   4.5509997e-01
   7.7163631e-01
  -4.9237251e-02
   1.9385666e-04
   7.9374850e-01
   1.1123173e+00
   1.1722447e+00
   1.1929035e+00
   1.4641191e+00
   1.6081915e+00
   1.5732757e+00
   1.4847329e+00
   1.4147133e+00
   1.5307108e+00
   8.5205370e-01
   2.6472774e-01
   8.4261298e-01
   1.3491688e+00
   9.5681119e-01
   5.1830930e-01
   3.5021624e-01
   1.9556031e-01
   7.7948636e-01
   6.2569237e-01
   6.1105788e-02
  -4.9074750e-02
   9.8225765e-02
   6.4822115e-02
   2.6752588e-01
  -5.6476742e-01
  -3.8234475e-01
   1.3003744e+00
   1.2951031e+00
   1.1775459e+00
   1.2350564e+00
   5.9711643e-02
   3.8764033e-01
   8.6862862e-01
   7.7507704e-01
   8.5779154e-01
   7.6396853e-01
   7.2741222e-01
   4.8263001e-01
   3.6060131e-01
  -2.9402800e-02
  -3.9662534e-01
  -1.0603081e+00
  -1.4375588e+00
  -6.1051023e-01
  -4.4871968e-01
  -1.0532289e+00
  -3.3011311e-01
   5.4565847e-01
   1.2387254e+00
   1.6716921e+00
   1.4874871e+00
   1.3321414e+00
   8.8781011e-01
   4.4573739e-01
   1.3413361e-01
   2.7334064e-01
   5.4865235e-01
   5.6339049e-01
   7.6838654e-01
   8.9479190e-01
   8.7590110e-01
   8.5014439e-01
   5.8261395e-01
   1.8999423e-01
  -2.1081103e-01
   2.3818478e-01
  -7.5486964e-01
  -7.6777434e-01
  -4.3038279e-01
  -1.7000693e-01
   2.8079342e-02
   6.0180835e-02
  -1.5894915e-01
  -1.2502982e-01
   1.1076885e+00
   1.0239037e+00
   8.8194668e-01
   8.3391136e-01
  -6.0878150e-02
   2.9181039e-02
   2.3953253e-01
   1.7825098e-01
   2.8050497e-01
   3.2221389e-01
   2.9436883e-01
   1.2661666e-01
  -2.0462377e-03
  -2.1240579e-01
  -5.8517683e-01
  -9.6411520e-01
  -1.4791027e+00
  -1.6155721e+00
  -2.0382984e+00
  -4.2726052e-01
  -1.4965896e-01
   2.4271549e-01
   7.9009360e-01
   1.1942245e+00
   1.2017100e+00
   8.4556490e-01
   3.0139494e-01
  -2.8543842e-01
  -7.1335119e-01
  -7.6197809e-01
  -5.3241813e-01
  -1.5257666e-01
   2.2583726e-01
   4.9633798e-01
   5.8836436e-01
   5.6127107e-01
   3.9379629e-01
   1.6414367e-01
  -2.5898013e-01
  -5.9908652e-01
  -1.0542424e+00
  -1.0094681e+00
  -7.4092555e-01
  -3.6745223e-01
  -5.4725025e-02
  -4.8386104e-02
  -2.3784998e-01
  -2.3399869e-01
   1.0314443e+00
   5.4531300e-01
   3.9642352e-01
   2.4230197e-01
  -4.4880025e-02
  -2.5865290e-01
  -3.1445533e-01
  -4.0148503e-01
  -2.7384803e-01
  -9.5275693e-02
  -1.1754006e-01
  -2.7826443e-01
  -2.8669995e-01
  -4.3857604e-01
  -8.0616963e-01
  -1.0049247e+00
  -1.4513955e+00
  -2.2348101e+00
  -1.8720750e+00
  -3.5672542e-01
  -1.0663502e-01
   6.4057335e-02
   3.7985581e-01
   6.8982971e-01
   6.8523371e-01
   3.5975558e-01
  -2.2234140e-01
  -9.0769666e-01
  -1.2971342e+00
  -1.2628996e+00
  -9.1054171e-01
  -4.5145598e-01
  -4.9097918e-02
   2.8050050e-01
   5.6741065e-01
   4.8231199e-01
   2.7765885e-01
   9.2566900e-02
  -4.3164667e-01
  -7.4283910e-01
  -8.6625944e-01
  -1.0800445e+00
  -9.6279567e-01
  -2.5005072e-01
  -2.5408572e-01
  -3.6912168e-01
  -6.0258235e-01
   4.5810398e-01
   6.4155467e-01
  -5.3806885e-02
  -2.4731849e-01
  -3.3196921e-01
  -4.6553719e-01
  -6.2832244e-01
  -7.5639030e-01
  -7.9434816e-01
  -6.2597860e-01
  -4.9928224e-01
  -5.3881616e-01
  -5.5529470e-01
  -5.5736078e-01
  -7.1155425e-01
  -9.1394525e-01
  -1.0687605e+00
  -1.3383116e+00
  -1.6869998e+00
  -1.7358006e+00
   1.9623456e-01
   2.1031120e-01
  -3.0106706e-01
  -1.3818608e-01
   5.2480629e-02
   2.4566083e-02
  -2.6095033e-01
  -7.8770939e-01
  -1.3424838e+00
  -1.4491592e+00
  -1.1605817e+00
  -4.5994329e-01
  -2.4034950e-01
  -1.4589545e-01
   1.1685911e-01
   2.9909126e-01
   1.1925755e-01
   4.3039946e-03
  -1.4642889e-01
  -5.3427840e-01
  -6.3968601e-01
  -3.0055800e-01
  -8.7167883e-01
  -6.5116274e-01
  -2.3012426e-01
  -2.6452652e-01
  -4.8894936e-01
   1.6305804e-02
   2.2629514e-01
  -3.4488761e-01
  -6.3006514e-01
  -6.9948125e-01
  -7.5775433e-01
  -8.3764875e-01
  -9.1097659e-01
  -9.7318739e-01
  -9.3104535e-01
  -8.2115167e-01
  -7.2977030e-01
  -7.0223373e-01
  -7.0158094e-01
  -7.4720478e-01
  -8.4758121e-01
  -9.5546746e-01
  -1.0745835e+00
  -1.0827686e+00
  -6.8982983e-01
  -7.8855443e-01
  -5.6531858e-01
  -2.0716059e-01
  -7.5449365e-01
  -6.4495468e-01
  -5.2748346e-01
  -5.2938712e-01
  -6.2633431e-01
  -9.1342837e-01
  -1.2963901e+00
  -1.0694015e+00
  -3.8945231e-01
   2.7155524e-01
   4.8606183e-02
  -1.2080702e-01
   2.3756893e-02
   1.2244337e-01
  -3.4483898e-02
  -1.4448197e-01
  -3.1057197e-01
  -5.4231685e-01
  -4.9354514e-01
   3.2770157e-01
   6.2615013e-01
  -1.1292421e-01
  -6.7381471e-01
  -2.7727464e-01
  -4.3839148e-01
  -2.6723325e-01
  -8.5693073e-01
  -1.1859779e+00
  -9.3587410e-01
  -1.0349408e+00
  -1.1310204e+00
  -1.1463926e+00
  -1.1216620e+00
  -1.0938848e+00
  -9.8733097e-01
  -8.8744515e-01
  -7.8724784e-01
  -7.4354416e-01
  -7.3076665e-01
  -8.0924457e-01
  -8.7483597e-01
  -9.0140110e-01
  -8.8229179e-01
  -6.2594342e-01
   4.7313720e-01
  -7.5735532e-02
  -4.4158614e-01
  -3.6509880e-01
  -9.9327904e-01
  -1.1858090e+00
  -1.1570594e+00
  -1.0749258e+00
  -7.8374219e-01
  -3.2991838e-01
  -7.3078352e-01
  -7.9675531e-01
   5.1607746e-01
   3.9747533e-01
  -1.8219483e-01
  -5.0902247e-01
  -3.8506380e-01
  -1.9920066e-01
  -2.1559003e-01
  -2.6735413e-01
  -3.6070666e-01
  -4.5988178e-01
  -2.9126084e-01
   6.5464658e-01
   1.4182142e+00
   1.0541749e-01
  -6.4195609e-01
  -4.5149833e-01
  -8.4960878e-01
  -7.0826620e-01
  -1.2303262e+00
  -1.2829386e+00
  -1.2431661e+00
  -1.3500299e+00
  -1.4035614e+00
  -1.3461400e+00
  -1.2294177e+00
  -1.1287500e+00
  -9.8678941e-01
  -8.5491025e-01
  -7.1053094e-01
  -6.4819098e-01
  -6.3240767e-01
  -7.2192812e-01
  -7.4366707e-01
  -7.3285228e-01
  -6.3479781e-01
  -2.1823031e-01
   1.0489409e+00
   7.7318728e-01
   1.1152358e-01
  -5.4726325e-02
  -8.3196497e-01
  -1.4895070e+00
  -1.5700116e+00
  -1.4214956e+00
  -6.6671121e-01
   6.3574219e-01
   1.2834720e-01
  -3.4634072e-01
  -2.2107922e-01
  -2.0970735e-01
  -4.8635674e-01
  -9.5007998e-01
  -6.6620123e-01
  -2.9813445e-01
  -3.6773875e-01
  -4.2724845e-01
  -3.6589247e-01
  -2.9574120e-01
  -2.2529941e-02
   9.9982285e-01
   1.8021160e+00
   1.2921972e+00
  -1.5473235e-01
  -6.9482040e-01
  -8.7899828e-01
  -9.2901486e-01
  -9.9511522e-01
  -1.1697561e+00
  -1.3405541e+00
  -1.4646114e+00
  -1.4587041e+00
  -1.3273516e+00
  -1.1523300e+00
  -1.0119264e+00
  -8.4808642e-01
  -6.8520325e-01
  -5.4001874e-01
  -4.7508365e-01
  -4.6659964e-01
  -5.3243685e-01
  -5.4731417e-01
  -5.4677707e-01
  -3.9396912e-01
   1.6228306e-01
   1.5809852e+00
   2.0683925e+00
   1.5141267e-01
   2.2609961e-01
  -7.2035009e-01
  -1.4831259e+00
  -2.0481894e+00
  -1.7623391e+00
  -3.8233602e-01
   2.0298193e+00
   8.0533516e-01
   3.3175945e-01
  -4.0393540e-01
  -7.2783363e-01
  -9.6613628e-01
  -9.1605163e-01
  -4.3160820e-01
  -9.5081672e-02
  -5.6833327e-01
  -6.1100310e-01
  -2.9676735e-01
  -4.7815830e-02
   3.0376989e-01
   1.3142876e+00
   1.9456814e+00
   2.0163714e+00
   1.1213847e+00
  -8.1947123e-02
  -7.2058706e-01
  -5.8431629e-01
  -7.1501837e-01
  -9.5024627e-01
  -1.1664267e+00
  -1.2238845e+00
  -1.1669143e+00
  -1.0257123e+00
  -8.5247921e-01
  -7.0378343e-01
  -5.4236916e-01
  -3.8150849e-01
  -2.9166667e-01
  -2.4984820e-01
  -2.5584762e-01
  -3.0883710e-01
  -3.5885950e-01
  -3.7401729e-01
  -1.4967663e-01
   5.5131743e-01
   2.1965824e+00
   3.2416353e+00
   3.6934947e-01
  -1.6239778e-01
  -1.1200219e-01
  -1.3478883e+00
  -2.6471855e+00
  -2.0839664e+00
   1.3098954e-01
   3.5298106e+00
   1.4822739e+00
   2.9634650e-01
  -3.7666678e-01
  -7.4030124e-01
  -1.8303484e+00
  -5.9606299e-01
   4.5821467e-01
   1.8240888e-01
  -1.0095751e+00
  -8.2307505e-01
  -1.9412255e-01
   2.2715320e-01
   6.5103052e-01
   1.6093559e+00
   2.1582825e+00
   2.2844689e+00
   1.8944138e+00
   7.0482439e-01
   4.3195128e-02
   4.4819601e-02
  -2.6911557e-01
  -4.8026326e-01
  -6.4065844e-01
  -6.7601836e-01
  -6.6120863e-01
  -5.6671250e-01
  -4.2811704e-01
  -3.1076315e-01
  -1.7970210e-01
  -5.5183824e-02
  -3.7378777e-02
  -4.0707137e-02
  -6.7961410e-02
  -1.3285276e-01
  -2.3075049e-01
  -2.2083202e-01
   1.0680451e-01
   9.4856369e-01
   2.7997184e+00
   4.3523474e+00
  -3.2790789e-01
  -3.2421702e-01
   3.9205563e-01
  -1.1163714e+00
  -3.3171480e+00
  -2.3217020e+00
   8.9214426e-01
   4.2980871e+00
   1.3943017e+00
   6.7214411e-01
  -6.9753492e-01
  -1.0445533e+00
  -2.6593506e+00
   6.4119421e-02
   1.7245184e+00
   1.5503564e-01
  -1.6961908e+00
  -9.2542905e-01
  -5.1043373e-02
   5.0626248e-01
   9.8834401e-01
   1.9927603e+00
   2.4885614e+00
   2.6464920e+00
   2.4649782e+00
   2.0181551e+00
   1.2866559e+00
   6.2699366e-01
   3.4733948e-01
   2.2288901e-01
   6.1256126e-02
  -6.0611922e-02
  -1.2341969e-01
  -8.1534527e-02
  -4.5590485e-03
   6.2331371e-02
   1.4694965e-01
   2.1485336e-01
   1.7291059e-01
   1.1151075e-01
   6.2064238e-02
  -4.7999255e-02
  -1.4282469e-01
  -2.5672670e-02
   4.2684346e-01
   1.4255964e+00
   3.3892710e+00
   5.0940008e+00
   1.0459344e+00
   1.0025853e+00
   1.3901154e+00
   5.7852477e-01
  -3.8523095e+00
  -2.3796861e+00
   1.9435524e+00
   4.8202977e+00
   1.5502820e+00
   1.3640350e+00
  -1.5807509e-01
  -7.8940228e-02
  -3.1697443e+00
   7.7311438e-01
   3.0336328e+00
   9.6156609e-01
  -1.9309827e+00
  -9.1743976e-01
   1.7200589e-01
   8.5899681e-01
   1.3962213e+00
   2.3576620e+00
   2.8002298e+00
   2.9485004e+00
   2.8097754e+00
   2.4748294e+00
   1.7212481e+00
   1.1174867e+00
   9.0910614e-01
   7.3205370e-01
   5.1585901e-01
   3.4043625e-01
   2.6311335e-01
   2.6795307e-01
   2.9286632e-01
   3.2726780e-01
   3.7804413e-01
   3.7092122e-01
   2.5520733e-01
   1.5692805e-01
   1.0191725e-01
  -3.5607621e-02
  -4.5975935e-02
   1.9783762e-01
   7.9092902e-01
   1.9429566e+00
   3.8232794e+00
   5.1561217e+00
   2.0701442e+00
   2.2049007e+00
   2.4521883e+00
   3.2302976e-01
  -4.3187432e+00
  -1.9986830e+00
   2.9076183e+00
   5.6839485e+00
   1.8206389e+00
   1.4808106e+00
   2.6906407e-01
  -5.0390363e-01
  -2.8330779e+00
   1.7710541e+00
   3.4229181e+00
   5.7140106e-01
  -9.4040054e-01
  -9.0690458e-01
   4.0560541e-01
   1.2389801e+00
   1.7970183e+00
   2.6324894e+00
   3.0233390e+00
   3.1401446e+00
   3.0145140e+00
   2.7242439e+00
   2.0944605e+00
   1.5544116e+00
   1.2495738e+00
   1.0063362e+00
   7.6495188e-01
   5.9381634e-01
   5.2503157e-01
   4.9289125e-01
   4.7657776e-01
   4.9405515e-01
   5.0050557e-01
   4.0825427e-01
   2.2987843e-01
   1.3172413e-01
   7.3067993e-02
  -5.1048215e-02
   6.9106132e-02
   4.7891352e-01
   1.2469244e+00
   2.5321257e+00
   4.2565732e+00
   5.2662468e+00
   2.8618450e+00
   2.8863263e+00
   2.8378668e+00
   2.8636239e-02
  -3.9299045e+00
  -1.2058736e+00
   3.7299445e+00
   5.7077112e+00
   8.8867182e-01
   7.2282898e-01
  -3.1510863e-01
  -1.0506061e+00
  -1.9752951e+00
   2.0445223e+00
   3.3313639e+00
   3.1272793e-01
  -3.0146429e-01
  -8.9197135e-01
   6.7668837e-01
   1.6109272e+00
   2.1255667e+00
   2.8325411e+00
   3.1766797e+00
   3.2638687e+00
   3.1642145e+00
   2.8650469e+00
   2.2338571e+00
   1.7237394e+00
   1.3509397e+00
   1.0815052e+00
   8.4394570e-01
   7.0854316e-01
   6.2944065e-01
   5.6659090e-01
   5.2694034e-01
   5.1195538e-01
   4.3662504e-01
   2.6083696e-01
   7.1923322e-02
  -2.2216539e-03
  -6.3865222e-02
  -8.6286311e-02
   2.2291211e-01
   8.3963730e-01
   1.7816667e+00
   3.1697913e+00
   4.8317889e+00
   4.4133086e+00
   2.8183156e+00
   2.7310835e+00
   2.5631165e+00
   4.9454549e-01
  -2.7530438e+00
  -2.9084053e-01
   4.1614647e+00
   5.0317258e+00
   1.0646009e+00
  -5.5236996e-03
  -5.1349264e-01
  -1.0053750e+00
  -8.3777239e-01
   2.2048082e+00
   3.0019187e+00
   4.5343063e-01
   9.9738526e-01
  -1.5562199e-01
   1.0521026e+00
   1.9311303e+00
   2.3690693e+00
   2.9547949e+00
   3.2514668e+00
   3.3067636e+00
   3.1654382e+00
   2.7924795e+00
   2.1427433e+00
   1.6369245e+00
   1.2374741e+00
   9.8241538e-01
   7.8979945e-01
   6.8621659e-01
   5.7361692e-01
   4.7721171e-01
   3.8856784e-01
   2.9661047e-01
   1.3133062e-01
  -8.6122669e-02
  -2.2983238e-01
  -2.5540453e-01
  -2.3995326e-01
  -4.3027353e-02
   4.9574500e-01
   1.3030181e+00
   2.3597283e+00
   3.7719545e+00
   5.4048367e+00
   3.8064415e+00
   2.5227759e+00
   2.1496730e+00
   1.9578319e+00
   5.1555634e-01
  -1.6375400e+00
   5.4354191e-01
   4.2361889e+00
   4.3248029e+00
   1.5126152e+00
  -4.2785910e-01
  -7.1387172e-01
  -2.5616735e-01
   4.5775153e-02
   2.1153512e+00
   2.5440445e+00
   2.6866496e-01
   4.0113449e-01
   3.1827152e-01
   1.4801453e+00
   2.1696703e+00
   2.5364571e+00
   2.9801774e+00
   3.2229409e+00
   3.2123857e+00
   2.9677763e+00
   2.4991913e+00
   1.8317798e+00
   1.3080294e+00
   9.0992653e-01
   6.8606555e-01
   5.5716652e-01
   4.5691031e-01
   3.1660515e-01
   1.7945831e-01
   3.0957099e-02
  -1.2505296e-01
  -3.2768047e-01
  -5.0021958e-01
  -5.3869420e-01
  -4.6006882e-01
  -2.4623747e-01
   2.0893598e-01
   9.1903776e-01
   1.7993045e+00
   2.8760617e+00
   4.2864480e+00
   6.1640224e+00
   2.4986150e+00
   1.3959719e+00
   7.5268102e-01
   7.5821221e-01
   2.0208165e-01
  -3.0608273e-01
   1.2709756e+00
   4.1516948e+00
   3.7849693e+00
   1.6484501e+00
  -5.8919430e-01
  -8.8511091e-01
   2.2136651e-01
   7.6642042e-01
   1.7162879e+00
   2.1366365e+00
  -6.7716435e-02
  -6.7493492e-01
   7.6844454e-01
   1.8316759e+00
   2.3439796e+00
   2.6308382e+00
   2.9028544e+00
   3.1104743e+00
   2.9618945e+00
   2.5452869e+00
   1.9787744e+00
   1.2879654e+00
   7.4756080e-01
   3.8987243e-01
   2.0305458e-01
   1.1485428e-01
  -2.3520850e-03
  -1.4443646e-01
  -2.9400945e-01
  -4.4814527e-01
  -5.7744312e-01
  -6.9583774e-01
  -7.2384334e-01
  -6.1393905e-01
  -3.6840656e-01
   5.0483555e-02
   6.5741515e-01
   1.4045172e+00
   2.2369237e+00
   3.2189233e+00
   4.4748688e+00
   5.5298643e+00
   9.7287470e-01
   1.5323052e-01
  -5.2333438e-01
  -8.3094102e-01
  -8.5376000e-01
  -4.8402578e-01
   2.0726047e+00
   3.9900105e+00
   3.4450512e+00
   1.2894237e+00
  -5.8453661e-01
  -6.9415879e-01
  -1.7949834e-01
   6.4990944e-01
   1.1829033e+00
   1.4581478e+00
   6.5360524e-02
  -6.8768400e-01
   3.4897950e-01
   1.7860403e+00
   2.4448931e+00
   2.6196294e+00
   2.7397553e+00
   2.9010381e+00
   2.5320009e+00
   1.9545777e+00
   1.3022575e+00
   5.9443001e-01
   8.7309522e-02
  -2.1627088e-01
  -3.8908463e-01
  -4.8390376e-01
  -6.2161437e-01
  -7.4934696e-01
  -8.7208813e-01
  -9.4862842e-01
  -9.6121198e-01
  -8.9488160e-01
  -7.0593129e-01
  -4.0544927e-01
  -2.3941167e-04
   5.2293024e-01
   1.1488710e+00
   1.8322650e+00
   2.5410163e+00
   3.3208606e+00
   4.1452415e+00
   4.1595399e+00
  -1.0170802e-01
  -1.0715035e+00
  -7.1949361e-01
  -9.1356337e-01
  -1.3169378e+00
  -3.0165865e-01
   3.0283722e+00
   3.7428977e+00
   3.2867980e+00
   8.7205528e-01
  -7.6996146e-01
  -6.5914855e-01
  -4.2634016e-01
   8.1275021e-01
   4.4359153e-01
   5.1347318e-01
  -6.5908786e-02
  -4.0864014e-01
   8.1782137e-01
   2.7142202e+00
   2.5020949e+00
   2.5283362e+00
   2.4499418e+00
   2.6053373e+00
   1.9569943e+00
   1.3506847e+00
   6.6730110e-01
  -4.2672417e-02
  -4.6654510e-01
  -7.4152659e-01
  -9.7472459e-01
  -1.1580588e+00
  -1.3485640e+00
  -1.4954990e+00
  -1.5835215e+00
  -1.5644531e+00
  -1.4248145e+00
  -1.1431081e+00
  -7.3259418e-01
  -2.5560381e-01
   2.6076056e-01
   8.1213378e-01
   1.3961953e+00
   1.9910184e+00
   2.5588738e+00
   3.1092596e+00
   3.4925964e+00
   2.5520755e+00
  -2.8146668e-01
  -1.1974943e+00
  -7.4853341e-01
  -7.2675799e-01
  -1.5557337e+00
  -1.3167837e-01
   3.5428586e+00
   3.5431115e+00
   3.0630638e+00
   6.4472292e-01
  -1.5841653e+00
  -1.0469671e+00
   1.2852296e-01
   7.4099229e-01
  -6.9157980e-01
  -7.4957936e-01
  -4.2386984e-01
  -4.9012694e-01
   1.4926003e+00
   2.7601313e+00
   2.4198910e+00
   2.3215846e+00
   2.1369859e+00
   2.4584781e+00
   1.5440536e+00
   9.3814486e-01
   2.1486673e-01
  -4.8494011e-01
  -8.4181040e-01
  -1.1759091e+00
  -1.5290098e+00
  -1.8230398e+00
  -2.0929300e+00
  -2.2655605e+00
  -2.3186959e+00
  -2.2198135e+00
  -1.9654282e+00
  -1.5651310e+00
  -1.0341302e+00
  -4.4449785e-01
   1.3386644e-01
   6.6457937e-01
   1.1469969e+00
   1.6051322e+00
   2.0359250e+00
   2.4399365e+00
   2.6258594e+00
   1.5872657e+00
  -4.3317958e-01
  -9.3604743e-01
  -2.6419698e-01
  -1.0641778e+00
  -2.1756286e+00
  -3.0097674e-01
   3.4047725e+00
   3.1717584e+00
   2.2179004e+00
   3.8709610e-01
  -1.9825101e+00
  -1.0431430e+00
   3.8678473e-01
   1.0951175e-01
  -2.3663231e+00
  -2.1208509e+00
  -1.1523618e+00
   1.9359773e-01
   2.1748382e+00
   2.5097400e+00
   2.1463758e+00
   2.0498713e+00
   1.0979213e+00
   1.4675169e+00
   1.1369617e+00
   8.9387345e-01
  -6.9633096e-02
  -7.1164441e-01
  -9.7418690e-01
  -1.3080139e+00
  -1.6836337e+00
  -2.0005498e+00
  -2.2405360e+00
  -2.3799281e+00
  -2.4264905e+00
  -2.3429227e+00
  -2.1103895e+00
  -1.7206149e+00
  -1.1973683e+00
  -6.0906833e-01
  -4.0009107e-02
   4.3632251e-01
   7.9022086e-01
   1.0683763e+00
   1.2972926e+00
   1.4623666e+00
   1.4633502e+00
   7.9678071e-01
  -4.2937118e-01
  -7.0436013e-01
   2.6344654e-01
  -6.2069494e-01
  -1.9174137e+00
   1.2387021e+00
   3.0384881e+00
   1.9210956e+00
   1.3073287e+00
  -3.1304393e-02
  -2.1237993e+00
  -9.9306267e-01
   6.4031971e-01
  -8.9774656e-01
  -3.5455310e+00
  -2.4298608e+00
  -1.5301712e+00
   6.6027343e-01
   2.0741770e+00
   1.8832003e+00
   1.6793580e+00
   1.6246451e+00
  -6.2826417e-03
   1.8366076e+00
   1.7439221e+00
   1.1314337e+00
  -1.9590882e-01
  -6.4093648e-01
  -6.6434077e-01
  -7.9041317e-01
  -9.6492601e-01
  -1.1094161e+00
  -1.2130664e+00
  -1.3080039e+00
  -1.3787870e+00
  -1.3591866e+00
  -1.2188730e+00
  -9.2955423e-01
  -5.1679992e-01
  -4.0995504e-02
   4.3038905e-01
   8.0465051e-01
   1.0348771e+00
   1.1387013e+00
   1.0957527e+00
   8.0113848e-01
   2.6322380e-01
  -3.9034296e-01
  -2.1259922e-01
  -6.5251915e-01
   3.6958310e-02
  -7.7002689e-01
  -1.5148140e+00
   1.6124002e+00
   2.0947502e+00
   1.5491260e+00
   1.4920663e+00
  -5.7019233e-01
  -1.9425910e+00
  -9.8902261e-01
   8.5490372e-01
  -1.2572895e+00
  -4.0425329e+00
  -2.3423683e+00
  -9.7312999e-01
   1.0049748e+00
   1.4778355e+00
   1.1791234e+00
   1.1479188e+00
   7.6813093e-01
   1.6221726e+00
   1.3353731e+00
   1.8206429e+00
   1.5223671e+00
  -2.2671962e-01
  -5.2871644e-01
  -2.7404365e-01
  -1.6719143e-01
  -1.0720720e-01
  -5.9075021e-02
  -5.2410719e-02
  -8.4802386e-02
  -1.2766449e-01
  -1.2509541e-01
  -4.6384374e-02
   1.4302993e-01
   4.4779552e-01
   8.5270937e-01
   1.3000890e+00
   1.6790250e+00
   1.8766065e+00
   1.8306453e+00
   1.4675638e+00
   6.6411440e-01
  -5.7351398e-01
  -1.4742612e+00
  -5.0598371e-01
  -1.1025774e+00
  -1.1098993e+00
  -1.6556054e+00
  -8.5645606e-01
   1.5954075e+00
   1.5114766e+00
   8.0019244e-01
  -1.7197553e-01
  -1.0935405e+00
  -2.2266228e+00
  -9.7482026e-01
   1.1391368e+00
  -1.0172819e+00
  -4.3767743e+00
  -2.1190762e+00
  -6.7720733e-01
   6.6786025e-01
   4.5603884e-01
   2.7932402e-01
   4.2291282e-01
   1.1670810e-01
   1.8347165e-01
  -2.0356426e-01
   1.2561975e+00
   1.3429337e+00
  -3.5236329e-01
  -7.0228344e-01
  -3.6346239e-01
  -2.5860241e-01
  -1.9614452e-01
  -7.9600215e-02
  -1.3814592e-03
   3.2966450e-02
   5.7742141e-02
   1.0958143e-01
   2.0768669e-01
   3.9151222e-01
   6.6318071e-01
   1.0269454e+00
   1.4471579e+00
   1.8262942e+00
   1.9876207e+00
   1.7600839e+00
   1.0929530e+00
   3.0395500e-02
  -1.2787129e+00
  -2.3737640e+00
  -1.1231713e+00
  -1.5077145e+00
  -1.2979547e+00
  -1.3069727e+00
  -9.2438686e-01
   9.4843674e-01
   5.0729060e-01
  -3.3780062e-01
  -8.0605686e-01
  -1.4541228e+00
  -2.4039528e+00
  -1.4831353e+00
   9.4251007e-01
  -3.1137571e-01
  -3.6729078e+00
  -2.2476778e+00
  -9.4277906e-01
  -1.1535032e-01
  -4.6867937e-01
  -4.4625610e-01
  -1.0680750e-01
   1.0618049e-01
  -1.7741185e-01
  -3.8619441e-01
   1.0943979e+00
   1.5596750e+00
  -4.6186647e-01
  -9.4748414e-01
  -6.5887737e-01
  -7.2272640e-01
  -9.0385711e-01
  -9.9087501e-01
  -1.0401268e+00
  -1.0818735e+00
  -1.1079967e+00
  -1.0872101e+00
  -9.9963212e-01
  -8.1075990e-01
  -5.4649782e-01
  -2.2692706e-01
   1.4944857e-01
   5.4152727e-01
   7.9950285e-01
   6.7290676e-01
   8.5096426e-02
  -7.1924227e-01
  -1.5500587e+00
  -2.7262077e+00
  -1.9848639e+00
  -2.5220561e+00
  -1.8894911e+00
  -2.4521997e+00
  -1.9337696e+00
  -3.4843892e-01
  -2.8422624e-01
  -8.8523781e-01
  -2.8724501e-01
  -1.6307987e+00
  -2.8549075e+00
  -2.0327919e+00
  -7.5977519e-02
  -1.6133218e-01
  -2.6002357e+00
  -2.7263081e+00
  -1.7364423e+00
  -1.0545318e+00
  -1.1198210e+00
  -8.7293649e-01
  -3.3487791e-01
   7.4281794e-01
  -5.0125927e-01
  -1.1215093e+00
   5.5987865e-01
   1.5016128e+00
  -4.0065420e-01
  -1.0358297e+00
  -8.4088206e-01
  -1.0324249e+00
  -1.4087161e+00
  -1.7006577e+00
  -1.9357136e+00
  -2.1463304e+00
  -2.3485394e+00
  -2.5181510e+00
  -2.6239643e+00
  -2.6423085e+00
  -2.5692172e+00
  -2.4382482e+00
  -2.2227585e+00
  -1.8330784e+00
  -1.2535808e+00
  -7.5564563e-01
  -7.5110161e-01
  -1.1713136e+00
  -1.4788520e+00
  -1.6291788e+00
  -1.3081223e+00
  -2.4520810e+00
  -2.4355159e+00
  -2.7089448e+00
  -2.9635262e+00
  -1.7302998e+00
  -4.9898154e-01
  -1.0772040e+00
  -7.2654325e-01
  -2.4762471e+00
  -4.1987920e+00
  -3.4084110e+00
  -8.0418241e-01
  -3.2496879e-01
  -2.5687027e+00
  -3.3417721e+00
  -2.7814693e+00
  -1.8533149e+00
  -1.4360796e+00
  -1.1833529e+00
  -4.0861917e-01
   2.2846577e-01
  -6.8497501e-01
  -8.4409588e-01
   6.0471962e-01
   1.5480044e+00
  -2.4390623e-01
  -9.2946189e-01
  -8.1838994e-01
  -1.0372577e+00
  -1.4930236e+00
  -1.8711539e+00
  -2.1898164e+00
  -2.4843933e+00
  -2.7748865e+00
  -3.0559003e+00
  -3.3066539e+00
  -3.5104062e+00
  -3.6480138e+00
  -3.7287526e+00
  -3.7358620e+00
  -3.5588784e+00
  -2.9992835e+00
  -1.9830850e+00
  -1.0886852e+00
  -1.1458799e+00
  -1.4223823e+00
  -1.6094513e+00
  -1.7252663e+00
  -2.3636028e+00
  -2.5725431e+00
  -3.0604760e+00
  -3.6390958e+00
  -2.9129669e+00
  -5.2543500e-01
  -1.4822800e+00
  -1.2710932e+00
  -2.5422281e+00
  -5.8489517e+00
  -5.6244863e+00
  -2.4638893e+00
  -8.6189192e-01
  -2.8580145e+00
  -3.8226800e+00
  -3.4448194e+00
  -2.1496955e+00
  -1.3180037e+00
  -1.2634006e+00
  -7.2035204e-01
   4.4135889e-01
  -4.8201898e-01
  -8.2781996e-01
   2.9939988e-01
   1.2438129e+00
  -6.7762769e-02
  -6.6760401e-01
  -6.1081635e-01
  -8.0193397e-01
  -1.2721712e+00
  -1.6561969e+00
  -1.9460459e+00
  -2.1998760e+00
  -2.4584500e+00
  -2.7476381e+00
  -3.0717505e+00
  -3.3899830e+00
  -3.6734243e+00
  -3.9195070e+00
  -4.1292825e+00
  -4.2289433e+00
  -4.0368071e+00
  -3.1968280e+00
  -1.5442441e+00
  -6.1450391e-01
  -9.6049750e-01
  -1.2734207e+00
  -1.7754168e+00
  -2.2603736e+00
  -2.6150119e+00
  -3.2190801e+00
  -3.9763956e+00
  -3.9946890e+00
  -6.6257225e-01
  -1.4805879e+00
  -2.7871832e+00
  -1.8949282e+00
  -5.7711189e+00
  -6.5938603e+00
  -4.6066660e+00
  -1.7849678e+00
  -3.1395494e+00
  -3.9560049e+00
  -3.6913875e+00
  -2.1102118e+00
  -7.2842160e-01
  -9.9097425e-01
  -8.0086102e-01
  -1.8366531e-01
  -4.0657938e-01
  -3.5772631e-01
   1.9065686e-02
   7.5977790e-01
   6.1411045e-02
  -3.4303871e-01
  -3.0845022e-01
  -4.6939743e-01
  -9.2629939e-01
  -1.2932274e+00
  -1.5091137e+00
  -1.6446736e+00
  -1.8063296e+00
  -2.0396290e+00
  -2.3795466e+00
  -2.7653778e+00
  -3.1624925e+00
  -3.5534165e+00
  -3.9386888e+00
  -4.2697954e+00
  -4.4188404e+00
  -4.1535211e+00
  -2.3683262e+00
   4.5812833e-01
   8.7624729e-02
  -7.0927185e-01
  -1.4147081e+00
  -1.9824393e+00
  -2.4859190e+00
  -3.1856513e+00
  -4.0868244e+00
  -4.8144360e+00
  -1.3890586e+00
  -6.7335361e-01
  -4.2529902e+00
  -1.4614577e+00
  -4.9776754e+00
  -6.0284076e+00
  -4.0609689e+00
  -1.7071394e+00
  -3.1220658e+00
  -4.1388617e+00
  -4.0681033e+00
  -2.1983817e+00
   2.4081410e-01
  -3.0576733e-01
  -8.1872243e-01
  -4.8616582e-01
  -6.1816418e-01
   1.6407488e-01
  -4.0026098e-01
   2.8722829e-01
   1.2200804e-01
  -3.1717256e-02
   3.0825362e-02
  -1.0140945e-01
  -5.5968833e-01
  -9.4170070e-01
  -1.1127617e+00
  -1.1219796e+00
  -1.1396844e+00
  -1.2590647e+00
  -1.5450187e+00
  -1.9451557e+00
  -2.3949971e+00
  -2.8702834e+00
  -3.3688018e+00
  -3.8661497e+00
  -4.2722445e+00
  -4.4875484e+00
  -3.1457779e+00
   3.9791402e-01
   1.5477036e+00
  -1.5802716e-01
  -1.0664191e+00
  -1.6846163e+00
  -2.2810843e+00
  -3.0332508e+00
  -3.9773164e+00
  -5.0697169e+00
  -2.9686441e+00
   6.9984131e-02
  -3.0368361e+00
  -2.0216990e+00
  -3.1264081e+00
  -4.1827536e+00
  -3.2819011e+00
  -1.7749389e+00
  -3.1626596e+00
  -4.2963257e+00
  -4.7116990e+00
  -2.6374915e+00
   7.9388279e-01
   5.5498427e-01
  -3.8895831e-01
  -1.1281474e+00
  -3.0908834e-01
   9.6617222e-01
  -2.1731413e-01
   4.9629213e-02
   1.0978119e-01
   2.0256013e-01
   3.6468960e-01
   2.8235432e-01
  -1.8771247e-01
  -6.3511447e-01
  -8.4406664e-01
  -7.9792794e-01
  -6.8684880e-01
  -6.5302775e-01
  -8.2395317e-01
  -1.1899992e+00
  -1.6540281e+00
  -2.1719854e+00
  -2.7302322e+00
  -3.3326526e+00
  -3.9554944e+00
  -4.4862928e+00
  -2.9335381e+00
   9.1271682e-01
   3.2792276e+00
   4.7531760e-01
  -6.6498689e-01
  -1.2543419e+00
  -1.9535163e+00
  -2.7703439e+00
  -3.6940029e+00
  -4.7302322e+00
  -4.1354709e+00
  -2.2912559e-02
  -1.8328625e+00
  -8.9411087e-01
  -1.7979367e+00
  -2.6811592e+00
  -2.3763151e+00
  -1.9834565e+00
  -3.0969168e+00
  -4.3014249e+00
  -5.2939442e+00
  -3.1997047e+00
   2.3986296e+00
   1.6351455e+00
   4.2654301e-01
  -1.3258961e+00
   6.3949430e-01
   7.5387144e-01
   2.6052615e-01
   1.8231998e-01
   1.0352671e-01
   3.3522499e-01
   6.3901216e-01
   6.7102480e-01
   2.2614133e-01
  -3.1646225e-01
  -6.3113964e-01
  -6.3997197e-01
  -4.9392173e-01
  -3.4214425e-01
  -3.6983049e-01
  -6.6203845e-01
  -1.1425362e+00
  -1.7339784e+00
  -2.3923478e+00
  -3.0991981e+00
  -3.8695314e+00
  -4.5983529e+00
  -2.6034653e+00
   1.0227413e+00
   4.2682462e+00
   1.0876347e+00
  -1.9575772e-01
  -6.2463766e-01
  -1.4333268e+00
  -2.3812816e+00
  -3.2807634e+00
  -4.3185692e+00
  -5.0120106e+00
  -1.1619002e+00
   1.2110904e+00
   5.8622110e-01
  -1.2193689e+00
  -2.0461679e+00
  -2.0586245e+00
  -2.2509978e+00
  -2.8495631e+00
  -4.7132320e+00
  -5.6569905e+00
  -4.3998065e+00
   1.0882757e+00
   2.5035658e+00
   8.1602502e-01
  -1.8946122e-01
   9.6542025e-01
   7.2894466e-01
   3.1774613e-01
   3.6281872e-01
   2.5252560e-01
   4.4231060e-01
   8.3360678e-01
   9.8347169e-01
   6.4152408e-01
   5.0889820e-02
  -3.7073526e-01
  -4.8656139e-01
  -3.9150316e-01
  -2.0684291e-01
  -1.1490905e-01
  -2.9887739e-01
  -7.6769978e-01
  -1.4382889e+00
  -2.2107060e+00
  -3.0522172e+00
  -3.9712448e+00
  -4.7887955e+00
  -2.1275110e+00
   9.7736698e-01
   4.5163546e+00
   1.5035663e+00
   2.6271105e-01
   1.5865684e-01
  -6.7708743e-01
  -1.7937734e+00
  -2.7678645e+00
  -3.6264648e+00
  -4.1546721e+00
  -1.8929462e+00
   1.3403614e+00
   1.3434116e+00
  -8.4039420e-01
  -1.7642126e+00
  -2.0769069e+00
  -2.5020192e+00
  -2.5131383e+00
  -5.0110011e+00
  -5.9535666e+00
  -3.1666310e+00
  -1.4676065e+00
   3.0378842e+00
   1.0282276e+00
   1.2303340e+00
   1.3195274e+00
   4.1253668e-01
   3.1076599e-02
   3.4791797e-01
   5.7906443e-01
   6.4711666e-01
   9.9405670e-01
   1.1859599e+00
   9.5171362e-01
   3.9971560e-01
  -7.9169087e-02
  -2.7227244e-01
  -2.3727062e-01
  -6.1526891e-02
   8.4571652e-02
   4.1538836e-03
  -4.1756737e-01
  -1.1503779e+00
  -2.0392358e+00
  -3.0420573e+00
  -4.1257968e+00
  -4.9485340e+00
  -6.1285174e-01
   8.0247980e-01
   3.9328940e+00
   1.3267299e+00
   5.4092664e-01
   9.1169161e-01
   1.6644679e-01
  -1.0004119e+00
  -2.0749776e+00
  -3.0537539e+00
  -3.4357462e+00
  -2.0107698e+00
   1.7822716e+00
   1.9034981e+00
  -4.4341835e-01
  -1.4769044e+00
  -2.0017400e+00
  -2.5820823e+00
  -2.1942613e+00
  -5.2583456e+00
  -5.6300330e+00
  -1.6496767e+00
   2.1408013e-01
   1.7133005e+00
   2.4977472e+00
   2.3062570e+00
   3.6298004e-01
   9.3549035e-02
  -1.8886131e-01
   3.4482172e-01
   7.9857433e-01
   9.8366654e-01
   1.2281393e+00
   1.3749633e+00
   1.2107391e+00
   7.2502339e-01
   2.4170452e-01
  -6.0046031e-03
  -2.8725874e-02
   1.3158092e-01
   3.1082675e-01
   2.8781146e-01
  -8.4138103e-02
  -8.5756862e-01
  -1.8819240e+00
  -3.0626109e+00
  -4.3011389e+00
  -4.6538959e+00
   3.3131599e-02
   3.6606586e-01
   2.9643979e+00
   6.7897677e-01
   7.0303607e-01
   1.3813450e+00
   8.3184743e-01
  -1.3864805e-01
  -1.1132536e+00
  -2.1735170e+00
  -2.5988407e+00
  -1.0971625e+00
   7.2801179e-01
   1.4908417e+00
  -6.7936614e-02
  -1.1524158e+00
  -1.5775363e+00
  -2.3666284e+00
  -2.0207512e+00
  -4.2329426e+00
  -5.4362650e+00
  -1.8663828e+00
   1.0881634e+00
   2.3099682e-01
  -1.9399010e-02
   6.6120040e-01
   3.8272389e-01
  -6.0078058e-01
  -1.7336304e-01
  -2.3698529e-03
   7.6980208e-01
   1.1496047e+00
   1.4320980e+00
   1.5466238e+00
   1.4246090e+00
   1.0237877e+00
   5.6702194e-01
   2.9471900e-01
   2.0915472e-01
   3.0760153e-01
   5.1487038e-01
   5.3039465e-01
   2.0376697e-01
  -5.8626691e-01
  -1.7259545e+00
  -3.0694622e+00
  -4.3838136e+00
  -3.5473296e+00
   5.9704707e-01
   5.4764113e-01
   1.6080401e+00
   4.8781273e-01
   6.8188200e-01
   1.7893658e+00
   1.2029198e+00
   5.2904144e-01
  -1.9783638e-01
  -1.1862227e+00
  -1.9299340e+00
  -1.1875486e+00
   8.8145011e-01
   1.5016555e+00
   2.7856086e-01
  -8.4653347e-01
  -1.1799216e+00
  -1.5173082e+00
  -1.3350331e+00
  -3.0107540e+00
  -4.3149278e+00
  -2.6359545e+00
  -1.9007639e+00
  -3.5842693e+00
  -2.4449171e+00
  -6.2663362e-01
   2.1452746e-01
  -5.3647900e-01
  -6.2576640e-01
  -1.6725996e-01
   4.0449545e-01
   8.7947887e-01
   1.3369447e+00
   1.5289400e+00
   1.5081190e+00
   1.2387186e+00
   8.6088264e-01
   6.0057926e-01
   4.7813863e-01
   5.1281971e-01
   7.0340890e-01
   7.6298338e-01
   4.9164113e-01
  -2.7805901e-01
  -1.5076072e+00
  -3.0299089e+00
  -4.4129920e+00
  -2.3104854e+00
   4.3864626e-01
   7.3101503e-01
   6.8499005e-01
   1.3710223e-01
   1.2104215e-01
   1.1298054e+00
   1.2744559e+00
   8.9614004e-01
   6.0536551e-01
  -1.6788688e-01
  -1.1239337e+00
  -1.5368336e+00
   3.9169642e-01
   1.2799548e+00
   7.9686224e-01
  -4.5455876e-01
  -1.0162698e+00
  -8.3571076e-01
  -5.7537383e-01
  -1.7284892e+00
  -2.9003739e+00
  -1.2339809e+00
  -1.7442166e+00
  -1.9040240e+00
  -3.5192418e-01
   4.5834714e-01
   6.0645032e-01
   1.0729061e-01
  -8.9854240e-01
  -1.0709730e+00
  -7.9400353e-02
   1.9995612e-01
   8.6613977e-01
   1.1966001e+00
   1.3229406e+00
   1.2338840e+00
   9.9079561e-01
   7.9944235e-01
   7.0536983e-01
   7.2803307e-01
   8.7881696e-01
   9.8052561e-01
   7.6032329e-01
   6.7198768e-02
  -1.1871417e+00
  -2.9278030e+00
  -4.2815309e+00
  -8.6517423e-01
   3.8099030e-01
   7.5166482e-01
   3.2760227e-01
  -2.1868812e-01
   1.3275805e-01
   7.7524483e-02
   5.1328981e-01
   8.1129217e-01
   1.0184174e+00
   7.0932543e-01
  -3.0068067e-01
  -1.4269572e+00
   4.3028191e-02
   5.9896946e-01
   8.3283210e-01
  -7.4649388e-01
  -6.1864108e-01
  -2.0249836e-01
  -2.2538672e-01
  -1.1045226e+00
  -2.0933104e+00
  -4.5721716e-01
  -2.8244507e-01
  -1.6808699e+00
  -3.1774497e-01
   7.5584549e-01
   5.7087624e-03
  -3.9653513e-01
   3.7364951e-01
  -2.0372267e+00
  -9.1456282e-01
  -6.2575173e-01
   7.4338697e-02
   5.7950586e-01
   8.8949382e-01
   9.8932165e-01
   9.0171999e-01
   8.1025916e-01
   7.9949772e-01
   8.8078856e-01
   1.0115550e+00
   1.1293131e+00
   9.6938086e-01
   3.9733708e-01
  -7.7659357e-01
  -2.6507711e+00
  -3.9468768e+00
  -2.8619531e-01
   5.4720557e-01
   4.5642656e-01
  -4.6914969e-02
  -3.8336506e-01
  -2.1121630e-01
   2.6997414e-01
   1.1068114e-01
   3.6558294e-01
   6.4729124e-01
   1.1486300e+00
   2.9894316e-01
  -5.8424586e-01
   3.7611985e-01
   2.5703686e-01
   2.2864689e-01
  -4.8097616e-01
  -3.3459231e-01
  -2.0106706e-01
  -2.8910172e-01
  -7.8695118e-01
  -7.0485055e-01
   1.0950581e-01
   1.9395424e-01
  -4.9807605e-01
   1.1330961e-01
  -8.7377816e-01
  -1.0207301e+00
   5.2130902e-01
   5.2149254e-01
   3.2434128e-01
  -1.7698511e+00
  -1.2834156e+00
  -7.5395736e-01
  -1.9340053e-01
   2.5099120e-01
   5.6723649e-01
   6.5892335e-01
   6.4963748e-01
   6.8389704e-01
   8.3853547e-01
   1.0335413e+00
   1.1772970e+00
   1.1022877e+00
   7.0146730e-01
  -2.7602372e-01
  -1.9525025e+00
  -2.9788178e+00
  -1.0355453e-01
   4.1008391e-01
   6.2142052e-01
  -2.6708287e-01
  -3.6954506e-01
  -5.4417456e-01
  -2.5453293e-01
   1.8207640e-01
   3.3276094e-01
   4.3935662e-01
   6.0778375e-01
   7.1896895e-01
   3.8047327e-01
   3.5908364e-01
   3.3741687e-01
  -1.5899529e-01
  -1.6034817e-02
  -4.7055906e-01
  -2.5192580e-01
  -7.5214216e-02
  -2.2268605e-01
   2.1453189e-02
   3.9516811e-01
   3.4761206e-01
  -3.0300205e-02
   2.5361604e-01
  -7.1411565e-01
  -1.6151035e-01
   4.7953618e-01
   4.7344291e-01
   9.3202841e-01
  -1.3773453e+00
  -1.7270991e+00
  -9.9006104e-01
  -7.2783953e-01
  -2.8350180e-01
   1.8037343e-01
   3.3315557e-01
   4.0793061e-01
   4.9795544e-01
   6.2992829e-01
   8.7059474e-01
   1.0900097e+00
   1.1120219e+00
   8.6737484e-01
   1.5818110e-01
  -1.1464694e+00
  -1.8640313e+00
   5.0441444e-01
   1.3179812e-01
   1.3084245e-01
  -4.6374175e-01
  -3.6658189e-01
  -4.8226157e-01
  -4.4591472e-01
  -3.2916838e-01
  -2.1913404e-02
  -9.3201131e-02
  -8.2449540e-03
   8.6878181e-01
   1.6995318e+00
   5.6408918e-01
  -2.6318425e-01
  -6.1660282e-02
   1.4969476e-01
  -2.2173776e-01
  -4.5742759e-01
  -1.6905093e-01
  -4.1647485e-01
  -1.3479510e-01
   1.4600588e-01
  -6.0432766e-02
  -2.3629779e-01
   1.2677139e-01
   5.9317720e-01
   4.5134681e-01
   2.0392621e-01
   1.2316027e-01
   4.0139896e-01
   5.4198939e-01
  -1.6073511e+00
  -1.7503965e+00
  -1.9228311e+00
  -1.0287958e+00
  -4.0066972e-01
  -1.3764575e-01
  -2.2322172e-02
   1.3353124e-01
   2.3215835e-01
   4.7552925e-01
   8.7058586e-01
   1.0026095e+00
   1.0168356e+00
   5.6604964e-01
  -3.6607385e-01
  -9.9531639e-01
   4.4176230e-01
   5.3176090e-02
  -4.6942690e-01
  -7.3195469e-01
  -4.8424074e-01
  -4.8046795e-01
  -4.6805829e-01
  -2.8255010e-01
  -6.2506422e-02
  -5.4803413e-01
  -2.9903990e-01
  -1.6202955e-01
   1.3408476e+00
   8.7835401e-01
   1.1967096e-01
   1.8017344e-02
   2.2952236e-02
  -1.5045023e-01
  -7.0974779e-01
  -4.5228687e-01
  -6.7410731e-01
  -7.9530400e-01
  -5.7889742e-01
   8.2847282e-02
  -7.9408295e-02
  -3.6237699e-01
  -3.8551939e-01
  -2.4753667e-01
   5.4043388e-01
   4.4626290e-01
   6.7087579e-01
  -1.7163775e+00
  -1.0045066e+00
  -2.0920002e+00
  -2.8645053e+00
  -1.5279267e+00
  -1.0788783e+00
  -6.9280261e-01
  -6.5214831e-01
  -4.5058486e-01
  -2.7219889e-01
  -8.1563398e-02
   4.9809209e-01
   7.8189367e-01
   1.0133519e+00
   8.8955390e-01
   1.5655831e-01
   5.0721365e-01
   9.6204513e-01
  -4.8016965e-02
  -4.4159541e-01
  -7.2075373e-01
  -6.1443931e-01
  -7.1718353e-01
  -5.2087158e-01
  -2.8060880e-01
   3.2530211e-02
  -2.4357305e-01
   3.2342592e-01
  -3.9780372e-01
  -1.9659992e-01
  -2.3502162e-01
   6.3156402e-01
   4.5831174e-01
   4.2948134e-02
  -4.8440687e-02
  -2.9418358e-01
  -2.5506845e-01
  -8.2505506e-01
  -1.0530864e+00
  -8.1450796e-01
  -3.1550017e-01
   2.2641857e-01
   5.5234498e-01
   1.9179602e-01
  -2.0161691e-01
   1.8925166e-01
   4.8334089e-01
   9.9943888e-01
  -3.4592625e-01
   1.2124672e+00
   1.1307284e+00
  -2.8087726e+00
  -1.8749534e+00
  -1.4689926e+00
  -1.5581219e+00
  -1.4872879e+00
  -1.4744047e+00
  -1.0298737e+00
  -7.2004151e-01
  -1.3385668e-01
   2.7406213e-01
   8.6340421e-01
   8.3714288e-01
   1.2113478e+00
   8.1277585e-01
  -1.9016467e-02
  -2.2081663e-01
  -3.7920275e-01
  -4.7996140e-01
  -7.6483005e-01
  -8.6771065e-01
  -8.3085155e-01
  -5.7026273e-01
  -8.1883922e-02
  -2.6497284e-01
   5.5311066e-01
   7.7870125e-01
   9.4932482e-02
  -4.3363443e-01
  -9.6809328e-01
   2.4380481e-01
   5.7780850e-01
   2.6552893e-02
  -1.8641935e-01
  -3.6344975e-03
  -6.5166146e-01
  -1.1791630e+00
  -1.0028715e+00
  -3.9320451e-01
  -2.1070792e-01
   3.3614916e-01
   5.9481579e-01
  -1.0987196e-01
  -3.1919172e-01
   3.2974720e-01
   7.1451527e-01
   6.7740947e-01
   1.5923486e+00
   9.8469079e-01
  -1.7351470e+00
  -2.1345696e+00
  -1.4292955e+00
  -1.8564708e+00
  -2.9324558e+00
  -3.2592337e+00
  -1.7717450e+00
  -3.2083344e-01
  -9.7850388e-01
  -1.9227698e+00
  -1.9221226e+00
  -2.0985672e+00
   3.6982721e-01
   3.3664784e+00
   3.6057463e-01
  -2.9169285e-01
  -1.2089761e-01
  -4.2131498e-01
  -7.5730151e-01
  -8.6481893e-01
  -1.0573285e+00
  -7.8482562e-01
  -3.9702904e-01
  -5.2010834e-01
  -2.4032004e-02
   4.8683351e-01
   1.0014655e-01
  -5.9745771e-01
  -8.6183178e-01
  -6.4968610e-01
  -4.7687382e-01
  -9.2784899e-01
  -6.7754054e-01
  -4.8050976e-01
  -1.0320257e+00
  -1.1045221e+00
  -9.1652757e-01
  -4.6593443e-01
   1.4984958e-01
   6.8002677e-01
   7.4709576e-01
  -2.4603808e-02
   8.8427970e-03
  -1.4947155e-01
  -4.9261865e-01
  -5.4880214e-01
  -1.6717844e-02
   6.0136235e-01
   6.0144120e-01
   1.8457747e-01
   1.5431590e-02
  -6.6101795e-01
  -1.0243497e+00
  -9.2543483e-01
  -7.2119904e-01
  -7.8717105e-02
   1.1375539e+00
   1.7973505e+00
   1.7166138e+00
   2.0148985e+00
   1.9445249e+00
   1.1767377e+00
   4.4553143e-01
   1.9103195e-01
  -1.6891974e-01
  -7.1238595e-01
  -1.0789018e+00
  -1.0295181e+00
  -5.8172840e-01
  -3.5367078e-01
  -3.7704080e-01
  -4.2110649e-01
  -1.0341515e-01
   5.4282278e-01
   9.5697069e-01
  -2.6420301e-01
  -4.8034748e-01
  -2.9817635e-01
   1.2495885e-02
  -6.6956282e-02
  -3.2881320e-01
  -6.7663717e-01
  -1.1512725e+00
  -1.0714709e+00
  -5.4410905e-01
  -4.1742644e-01
  -5.2084184e-01
  -4.3224594e-01
  -1.7111401e-01
