   0.0000000e+00
   0.0000000e+00
   0.0000000e+00
   0.0000000e+00
   0.0000000e+00
   0.0000000e+00
   0.0000000e+00
   0.0000000e+00
   0.0000000e+00
   0.0000000e+00
   0.0000000e+00
  -0.0000000e+00
  -0.0000000e+00
  -0.0000000e+00
   0.0000000e+00
  -0.0000000e+00
   0.0000000e+00
   0.0000000e+00
   0.0000000e+00
   0.0000000e+00
   0.0000000e+00
   0.0000000e+00
   0.0000000e+00
   0.0000000e+00
   0.0000000e+00
   0.0000000e+00
  -0.0000000e+00
  -0.0000000e+00
  -0.0000000e+00
   0.0000000e+00
   0.0000000e+00
   0.0000000e+00
   0.0000000e+00
   0.0000000e+00
   0.0000000e+00
   0.0000000e+00
   0.0000000e+00
   0.0000000e+00
   0.0000000e+00
   0.0000000e+00
   0.0000000e+00
   0.0000000e+00
   0.0000000e+00
   0.0000000e+00
   0.0000000e+00
   0.0000000e+00
   0.0000000e+00
   0.0000000e+00
  -0.0000000e+00
  -0.0000000e+00
  -0.0000000e+00
  -0.0000000e+00
  -0.0000000e+00
  -0.0000000e+00
  -0.0000000e+00
   0.0000000e+00
  -0.0000000e+00
  -1.9278026e-02
  -1.1007529e-02
  -9.5917034e-03
  -6.9840595e-03
   3.7877350e-04
   1.8014360e-03
   4.9187128e-04
  -2.5952648e-03
  -6.9999934e-03
  -1.2936679e-02
  -1.4934663e-02
  -1.6877107e-02
  -2.4576778e-02
  -2.7124103e-02
  -3.7584674e-02
  -3.1745470e-02
   0.0000000e+00
  -0.0000000e+00
   0.0000000e+00
   0.0000000e+00
   1.0869607e-02
   1.3558005e-02
  -1.4889320e-03
  -3.5362027e-03
  -0.0000000e+00
  -3.0030053e-02
  -3.8697385e-02
  -3.9503171e-02
  -6.1383888e-03
   0.0000000e+00
   0.0000000e+00
   0.0000000e+00
  -0.0000000e+00
  -0.0000000e+00
  -0.0000000e+00
  -0.0000000e+00
  -0.0000000e+00
  -0.0000000e+00
  -0.0000000e+00
  -0.0000000e+00
  -0.0000000e+00
  -0.0000000e+00
  -0.0000000e+00
  -0.0000000e+00
  -0.0000000e+00
   0.0000000e+00
   0.0000000e+00
  -6.6453121e-03
  -1.1505503e-02
  -8.5409479e-03
  -6.1207170e-03
   0.0000000e+00
  -3.3763615e-03
  -2.6972048e-03
   4.8862882e-03
   8.9901406e-03
   1.2783532e-02
   1.3206087e-02
   1.1446184e-02
   1.0810796e-02
   7.2341710e-03
   4.2722896e-03
  -6.4261528e-03
  -1.2837365e-02
  -5.7492603e-03
   0.0000000e+00
   0.0000000e+00
   5.6581851e-03
   1.2151628e-02
   1.8384902e-02
   2.0826764e-02
   1.7111856e-02
   1.5192430e-02
   1.3832514e-02
   1.1520296e-02
   9.9393781e-03
   1.6411778e-02
   2.8810898e-02
   3.4593200e-02
   4.4452981e-02
   3.1604145e-02
   2.2569038e-02
   1.1006740e-02
  -6.3788327e-03
  -2.6807547e-02
  -4.1501389e-02
  -4.2918916e-02
   0.0000000e+00
   0.0000000e+00
   0.0000000e+00
   0.0000000e+00
   0.0000000e+00
   0.0000000e+00
   0.0000000e+00
   0.0000000e+00
  -5.3810126e-03
  -6.1285933e-03
   8.3055864e-05
   7.3857428e-03
   4.4541175e-03
   1.7666170e-02
   1.8475558e-02
   1.7119503e-02
   2.5064906e-02
   3.1047983e-02
   3.5376500e-02
   3.6035880e-02
   3.5757527e-02
   3.3631414e-02
   2.9767515e-02
   2.5081566e-02
   2.0386554e-02
   2.9055876e-02
   0.0000000e+00
   9.5147883e-03
   4.4738415e-03
   8.1832958e-03
   1.5751302e-02
   2.3006441e-02
   2.9949188e-02
   3.5518982e-02
   4.0833976e-02
   4.5979328e-02
   4.9722634e-02
   5.3065538e-02
   5.7432666e-02
   6.3840762e-02
   7.2242625e-02
   7.8806713e-02
   7.6518394e-02
   6.8518437e-02
   5.9890632e-02
   4.6215095e-02
   3.1288907e-02
   2.4728574e-02
   0.0000000e+00
   0.0000000e+00
   0.0000000e+00
   0.0000000e+00
   0.0000000e+00
   0.0000000e+00
   0.0000000e+00
   0.0000000e+00
  -4.0990433e-03
   9.9590630e-04
   1.1528813e-02
   2.2073455e-02
   2.6770152e-02
   3.1239245e-02
   3.2410394e-02
   3.9301351e-02
   4.4986110e-02
   4.9886990e-02
   5.4461692e-02
   5.6278601e-02
   5.6796134e-02
   5.5941906e-02
   5.1537063e-02
   4.6030570e-02
   4.0599078e-02
   2.9702606e-02
   0.0000000e+00
   1.0856365e-02
   6.1324185e-03
   8.5267639e-03
   1.6946912e-02
   2.7526191e-02
   3.8040519e-02
   4.6659634e-02
   5.4074392e-02
   6.1431333e-02
   6.6916652e-02
   6.9494329e-02
   6.9423012e-02
   7.1409754e-02
   7.9219408e-02
   9.0063229e-02
   9.4927542e-02
   9.3177341e-02
   9.4288528e-02
   8.5935131e-02
   7.0802927e-02
   6.0943034e-02
   0.0000000e+00
   0.0000000e+00
   0.0000000e+00
   0.0000000e+00
   0.0000000e+00
   0.0000000e+00
   0.0000000e+00
  -0.0000000e+00
   6.3250954e-03
   1.6108722e-02
   2.6476308e-02
   3.8055953e-02
   4.5626515e-02
   5.2548195e-02
   5.7911366e-02
   6.1116379e-02
   6.4007320e-02
   6.7693785e-02
   6.9706746e-02
   7.0818023e-02
   7.2287322e-02
   7.2243900e-02
   6.8742745e-02
   6.3042641e-02
   5.2368997e-02
   2.7767450e-02
   0.0000000e+00
   0.0000000e+00
   8.4225394e-04
   8.6639850e-03
   2.1364134e-02
   3.4899053e-02
   4.8329545e-02
   5.7649284e-02
   6.2336586e-02
   6.6464782e-02
   6.6244282e-02
   6.3784823e-02
   5.7756412e-02
   5.7610079e-02
   6.8289296e-02
   8.3770307e-02
   9.6102353e-02
   1.0242195e-01
   1.1024310e-01
   1.0936519e-01
   9.7542119e-02
   9.0568695e-02
   9.1158624e-02
   0.0000000e+00
   0.0000000e+00
   0.0000000e+00
   0.0000000e+00
   0.0000000e+00
   0.0000000e+00
   0.0000000e+00
   2.3691157e-02
   3.5131484e-02
   3.9597541e-02
   4.8694558e-02
   5.5860687e-02
   6.0829900e-02
   6.4797133e-02
   6.7930073e-02
   7.1033239e-02
   7.3748775e-02
   7.5233914e-02
   7.6389633e-02
   7.7569917e-02
   7.7736683e-02
   7.5284496e-02
   6.8778135e-02
   5.5868074e-02
   2.9809299e-02
   0.0000000e+00
   0.0000000e+00
   2.0978536e-03
   1.1406285e-02
   2.4437767e-02
   3.9019004e-02
   5.2885748e-02
   5.9609160e-02
   5.7095122e-02
   5.8120470e-02
   5.4951761e-02
   4.8316218e-02
   3.9072879e-02
   3.8042240e-02
   5.0631724e-02
   6.8442293e-02
   8.2872391e-02
   9.4301775e-02
   1.0551692e-01
   1.1003831e-01
   1.0596287e-01
   9.6565767e-02
   8.2070638e-02
   7.0160996e-02
   0.0000000e+00
   0.0000000e+00
   0.0000000e+00
   0.0000000e+00
   0.0000000e+00
   0.0000000e+00
   5.1278882e-02
   5.3134147e-02
   5.3386655e-02
   5.7153642e-02
   6.0145769e-02
   6.1653391e-02
   6.2845893e-02
   6.4696677e-02
   6.6772640e-02
   6.8433955e-02
   7.0003718e-02
   7.1102463e-02
   7.2451770e-02
   7.2903842e-02
   7.0665427e-02
   6.5090813e-02
   5.4360900e-02
   3.6826789e-02
   3.5431253e-02
   0.0000000e+00
   0.0000000e+00
   1.2430048e-02
   2.3915980e-02
   3.7438791e-02
   4.9866259e-02
   5.1167734e-02
   4.0799215e-02
   5.5312905e-02
   0.0000000e+00
   1.2605374e-02
   1.4715997e-02
   1.7737420e-02
   3.1465989e-02
   4.7421414e-02
   5.9969451e-02
   7.2282754e-02
   8.5749030e-02
   9.3924120e-02
   9.6281536e-02
   9.3188919e-02
   7.5477920e-02
   7.7556503e-02
   0.0000000e+00
   0.0000000e+00
   0.0000000e+00
   0.0000000e+00
   9.0766150e-02
   7.8007858e-02
   7.0309609e-02
   6.5493226e-02
   6.1945353e-02
   5.9589684e-02
   5.7769731e-02
   5.5997863e-02
   5.4592349e-02
   5.4622047e-02
   5.4312963e-02
   5.4729827e-02
   5.5810552e-02
   5.7288371e-02
   5.8372520e-02
   5.8865193e-02
   5.8035519e-02
   5.4890051e-02
   4.7846880e-02
   3.7605487e-02
   3.0165695e-02
   0.0000000e+00
   0.0000000e+00
   5.5599581e-03
   1.6717538e-02
   2.8306998e-02
   3.9761223e-02
   3.7832543e-02
   2.3605042e-02
   0.0000000e+00
   0.0000000e+00
  -0.0000000e+00
  -1.6359200e-03
   2.2723342e-03
   1.3951976e-02
   2.3404934e-02
   3.2181378e-02
   4.6467919e-02
   6.1853133e-02
   7.1120270e-02
   7.4775465e-02
   7.6021582e-02
   5.6226879e-02
   6.7564471e-02
   7.4169900e-02
   0.0000000e+00
   0.0000000e+00
   7.9602407e-02
   8.9131773e-02
   8.3862446e-02
   7.3667675e-02
   6.6011220e-02
   5.9535749e-02
   5.3163625e-02
   4.7519576e-02
   4.3153845e-02
   3.9904449e-02
   3.7958998e-02
   3.6280379e-02
   3.6424350e-02
   3.7747502e-02
   3.9345268e-02
   4.0195223e-02
   4.1054007e-02
   4.1684769e-02
   4.0658675e-02
   3.6496606e-02
   2.7376018e-02
   1.7474988e-02
   0.0000000e+00
   0.0000000e+00
  -3.2163267e-03
   2.8173125e-03
   1.5676349e-02
   2.5923172e-02
   2.1298373e-02
   5.3650559e-03
   0.0000000e+00
   0.0000000e+00
  -0.0000000e+00
  -1.0888369e-02
  -2.7487639e-03
  -1.8014433e-03
  -4.7021117e-03
   1.7348181e-03
   1.8657744e-02
   3.4123197e-02
   4.3311264e-02
   4.7596071e-02
   5.0883289e-02
   3.0433597e-02
   4.3332237e-02
   5.5711821e-02
   6.0306280e-02
   0.0000000e+00
   6.9159065e-02
   7.3687066e-02
   6.7565587e-02
   5.9702180e-02
   5.1176823e-02
   4.3280582e-02
   3.6074071e-02
   2.9559601e-02
   2.4092337e-02
   1.9875118e-02
   1.7209201e-02
   1.5868419e-02
   1.6337221e-02
   1.8184274e-02
   1.9978085e-02
   2.1228752e-02
   2.2759160e-02
   2.3884754e-02
   2.3479511e-02
   2.1021610e-02
   1.7178468e-02
   1.3464782e-02
   0.0000000e+00
   0.0000000e+00
  -0.0000000e+00
  -1.6772954e-02
   3.6770340e-04
   9.7914828e-03
   2.6765155e-03
  -4.5693871e-03
   0.0000000e+00
   0.0000000e+00
  -0.0000000e+00
  -1.6427649e-02
  -8.1584980e-03
  -1.7663219e-02
  -3.3037337e-02
  -2.7760722e-02
  -6.8778144e-03
   6.8187289e-03
   1.4894101e-02
   1.9305323e-02
   2.3450844e-02
   4.3016430e-03
   1.4216388e-02
   2.6478803e-02
   3.5570203e-02
   4.0296005e-02
   4.5107622e-02
   4.2715445e-02
   3.8733192e-02
   3.3598199e-02
   2.6943313e-02
   2.0561136e-02
   1.4661785e-02
   8.6824726e-03
   3.6483645e-03
  -3.1160630e-04
  -2.7586701e-03
  -3.4632680e-03
  -2.4253889e-03
  -3.5471385e-04
   1.8351300e-03
   3.9058279e-03
   5.8060652e-03
   6.4239530e-03
   5.5369358e-03
   3.8394644e-03
   5.6655561e-03
   8.6616558e-03
   0.0000000e+00
   0.0000000e+00
   0.0000000e+00
  -4.0095992e-02
  -1.7116686e-02
  -6.9986135e-03
  -1.3740035e-02
  -7.1821760e-03
   0.0000000e+00
   0.0000000e+00
   0.0000000e+00
  -2.3121226e-02
  -1.3218261e-02
  -2.7482136e-02
  -5.3232495e-02
  -4.8741873e-02
  -2.7497906e-02
  -1.6881937e-02
  -1.0262812e-02
  -6.3512512e-03
  -2.1432335e-03
  -2.1208199e-02
  -1.3477463e-02
  -4.0518837e-03
   5.1121060e-03
   1.1151406e-02
   1.2769986e-02
   1.0474918e-02
   8.2924590e-03
   5.6759315e-03
   1.8827845e-03
  -2.0510741e-03
  -6.3476264e-03
  -1.0692086e-02
  -1.4298100e-02
  -1.7092455e-02
  -1.9290727e-02
  -1.9931242e-02
  -1.8643981e-02
  -1.6073365e-02
  -1.3537331e-02
  -1.1160404e-02
  -1.0048293e-02
  -1.1073608e-02
  -1.3054209e-02
  -1.4928616e-02
  -5.3955349e-03
   2.1392498e-02
   0.0000000e+00
   0.0000000e+00
   0.0000000e+00
  -0.0000000e+00
  -3.1072873e-02
  -2.3638517e-02
  -3.0765593e-02
  -2.9941887e-02
   0.0000000e+00
   0.0000000e+00
   0.0000000e+00
  -0.0000000e+00
  -2.2462255e-02
  -2.9298865e-02
  -4.1616637e-02
  -4.4650374e-02
  -4.3830762e-02
  -3.6980387e-02
  -3.2198813e-02
  -2.9853791e-02
  -2.6625238e-02
  -4.0618751e-02
  -3.4220237e-02
  -2.6338205e-02
  -1.8566215e-02
  -1.2484809e-02
  -1.0197392e-02
  -1.1523257e-02
  -1.2190640e-02
  -1.2946577e-02
  -1.4810583e-02
  -1.7625071e-02
  -2.0634113e-02
  -2.3389323e-02
  -2.5896721e-02
  -2.8199337e-02
  -2.9628867e-02
  -2.9273612e-02
  -2.7997850e-02
  -2.5684556e-02
  -2.3396445e-02
  -2.2122595e-02
  -2.2643581e-02
  -2.5382871e-02
  -2.8992841e-02
  -3.1157641e-02
  -1.8023806e-02
   4.6279277e-03
   0.0000000e+00
   0.0000000e+00
   0.0000000e+00
   0.0000000e+00
  -3.0583207e-02
  -3.6122721e-02
  -3.8525216e-02
  -3.3112814e-02
   0.0000000e+00
   0.0000000e+00
   0.0000000e+00
  -0.0000000e+00
  -3.0309562e-02
  -2.6846277e-02
  -2.1820316e-02
   0.0000000e+00
  -5.7974734e-02
  -4.9450688e-02
  -4.6989694e-02
  -4.7014661e-02
  -4.5021448e-02
  -5.3878859e-02
  -4.8655350e-02
  -4.2013127e-02
  -3.5131268e-02
  -2.9544430e-02
  -2.6838852e-02
  -2.6243599e-02
  -2.5051665e-02
  -2.4498736e-02
  -2.5223795e-02
  -2.7307956e-02
  -2.9621191e-02
  -3.1279042e-02
  -3.3103861e-02
  -3.4653537e-02
  -3.4971148e-02
  -3.4113534e-02
  -3.3017080e-02
  -3.1488538e-02
  -3.0191179e-02
  -3.0779840e-02
  -3.3324338e-02
  -3.7985425e-02
  -4.3371595e-02
  -4.6133138e-02
  -3.3896856e-02
  -1.2791122e-02
   0.0000000e+00
   0.0000000e+00
   0.0000000e+00
   0.0000000e+00
  -3.2887375e-02
  -4.3419097e-02
  -3.2818489e-02
  -6.8217039e-03
   0.0000000e+00
   0.0000000e+00
   0.0000000e+00
  -0.0000000e+00
  -2.8795451e-02
  -2.0963734e-02
  -9.7776211e-03
   0.0000000e+00
  -6.3010913e-02
  -5.4340196e-02
  -5.5916671e-02
  -5.8181353e-02
  -5.7334419e-02
  -5.9863594e-02
  -5.5761137e-02
  -5.0927093e-02
  -4.5187107e-02
  -3.9593293e-02
  -3.6227147e-02
  -3.3802852e-02
  -3.1461395e-02
  -2.9934943e-02
  -2.9932730e-02
  -3.1579878e-02
  -3.3469002e-02
  -3.4529380e-02
  -3.5520456e-02
  -3.5869542e-02
  -3.5218011e-02
  -3.4477058e-02
  -3.4127470e-02
  -3.3910256e-02
  -3.4616451e-02
  -3.7829555e-02
  -4.2658354e-02
  -4.8777913e-02
  -5.4942318e-02
  -5.8527299e-02
  -4.8740061e-02
  -1.9873713e-02
   0.0000000e+00
   0.0000000e+00
   0.0000000e+00
   0.0000000e+00
  -3.7563524e-02
  -4.4166008e-02
  -2.4723318e-02
   7.5396481e-03
   0.0000000e+00
   0.0000000e+00
   0.0000000e+00
  -0.0000000e+00
  -2.8477593e-02
  -1.5453476e-02
  -2.3072083e-03
   0.0000000e+00
   0.0000000e+00
  -5.0849299e-02
  -5.9054245e-02
  -6.2539667e-02
  -6.2529117e-02
  -5.8939595e-02
  -5.5720508e-02
  -5.2490111e-02
  -4.7668751e-02
  -4.2077247e-02
  -3.8091324e-02
  -3.5013024e-02
  -3.2500271e-02
  -3.0779056e-02
  -3.0702529e-02
  -3.1888269e-02
  -3.3126023e-02
  -3.3489343e-02
  -3.3307631e-02
  -3.2525674e-02
  -3.1566747e-02
  -3.1819001e-02
  -3.3268522e-02
  -3.5372607e-02
  -3.9156690e-02
  -4.4825029e-02
  -5.1021338e-02
  -5.7111565e-02
  -6.2133167e-02
  -6.5268315e-02
  -6.1754092e-02
  -5.4613837e-02
   0.0000000e+00
   0.0000000e+00
   0.0000000e+00
   0.0000000e+00
  -4.1821173e-02
  -4.0759519e-02
  -2.0283230e-02
   2.2434479e-03
   0.0000000e+00
   0.0000000e+00
   0.0000000e+00
  -0.0000000e+00
  -2.5936176e-02
  -1.0786503e-02
   2.1492912e-03
   0.0000000e+00
   0.0000000e+00
  -4.5488237e-02
  -5.7633537e-02
  -6.1393220e-02
  -6.1419219e-02
  -5.1732872e-02
  -4.9105972e-02
  -4.6772961e-02
  -4.2695694e-02
  -3.7986141e-02
  -3.3830244e-02
  -3.0669380e-02
  -2.8855642e-02
  -2.7717432e-02
  -2.7731027e-02
  -2.8359095e-02
  -2.8995495e-02
  -2.9268939e-02
  -2.9031081e-02
  -2.8483836e-02
  -2.8673524e-02
  -3.0959018e-02
  -3.4914758e-02
  -3.9988931e-02
  -4.6037693e-02
  -5.2327573e-02
  -5.7622496e-02
  -6.1472535e-02
  -6.3656583e-02
  -6.3193023e-02
  -5.4083586e-02
   0.0000000e+00
   0.0000000e+00
   0.0000000e+00
   0.0000000e+00
   0.0000000e+00
  -0.0000000e+00
  -3.5936825e-02
  -1.7932776e-02
  -1.7237776e-03
   0.0000000e+00
   0.0000000e+00
   0.0000000e+00
   0.0000000e+00
  -2.4262707e-02
  -6.7810686e-03
   4.0428569e-03
   0.0000000e+00
   0.0000000e+00
   0.0000000e+00
  -5.3443316e-02
  -5.5919513e-02
  -5.4909095e-02
  -3.9989378e-02
  -3.7282538e-02
  -3.5282820e-02
  -3.2131493e-02
  -2.8867513e-02
  -2.5335826e-02
  -2.3034820e-02
  -2.2373863e-02
  -2.1880040e-02
  -2.1835381e-02
  -2.2172350e-02
  -2.3130931e-02
  -2.4641253e-02
  -2.6343841e-02
  -2.8350109e-02
  -3.1340629e-02
  -3.6108673e-02
  -4.2028014e-02
  -4.8417162e-02
  -5.4242063e-02
  -5.8665849e-02
  -6.1086427e-02
  -6.0983475e-02
  -5.7904772e-02
  -4.5996498e-02
  -2.0685480e-02
   0.0000000e+00
   0.0000000e+00
   0.0000000e+00
   0.0000000e+00
   0.0000000e+00
  -0.0000000e+00
  -3.1241922e-02
  -1.5844114e-02
  -3.0958897e-03
   0.0000000e+00
   0.0000000e+00
   0.0000000e+00
   0.0000000e+00
  -2.4918864e-02
  -3.7406702e-03
   5.7072174e-03
   0.0000000e+00
   0.0000000e+00
  -0.0000000e+00
  -4.5359116e-02
  -4.6811912e-02
  -4.4227865e-02
  -2.5819171e-02
  -2.2397711e-02
  -2.0668482e-02
  -1.8910785e-02
  -1.7628952e-02
  -1.6025645e-02
  -1.5370728e-02
  -1.6019446e-02
  -1.6409871e-02
  -1.6516420e-02
  -1.7199622e-02
  -1.9147127e-02
  -2.2562898e-02
  -2.7126347e-02
  -3.2459570e-02
  -3.8398052e-02
  -4.4781531e-02
  -5.0963368e-02
  -5.6249864e-02
  -5.9733067e-02
  -6.1020922e-02
  -5.9865106e-02
  -5.5352013e-02
  -4.5832346e-02
  -2.3998955e-02
   2.8418286e-03
   0.0000000e+00
   0.0000000e+00
   0.0000000e+00
   0.0000000e+00
   0.0000000e+00
  -0.0000000e+00
  -2.7463453e-02
  -1.3444295e-02
  -2.4958002e-03
   0.0000000e+00
   0.0000000e+00
   0.0000000e+00
   0.0000000e+00
  -0.0000000e+00
  -1.3950024e-03
   7.2426486e-03
   0.0000000e+00
  -0.0000000e+00
  -4.0261004e-02
  -3.8476428e-02
  -3.6578404e-02
  -3.1998931e-02
  -1.0226373e-02
  -6.4243026e-03
  -5.7499487e-03
  -7.2679375e-03
  -8.6475346e-03
  -9.6987343e-03
  -1.1490935e-02
  -1.3913274e-02
  -1.5624182e-02
  -1.6736095e-02
  -1.8314862e-02
  -2.1208647e-02
  -2.5763988e-02
  -3.1469101e-02
  -3.7919289e-02
  -4.4538836e-02
  -5.0588790e-02
  -5.5483821e-02
  -5.8376219e-02
  -5.8990419e-02
  -5.7161234e-02
  -5.2570078e-02
  -4.4312245e-02
  -3.0121526e-02
  -6.0888784e-03
   1.7942442e-02
   0.0000000e+00
   0.0000000e+00
   0.0000000e+00
   0.0000000e+00
   0.0000000e+00
  -0.0000000e+00
  -2.3376479e-02
  -1.1138715e-02
  -2.4223761e-03
   0.0000000e+00
   0.0000000e+00
   0.0000000e+00
   0.0000000e+00
   0.0000000e+00
   3.5707129e-03
   9.6477679e-03
   0.0000000e+00
  -0.0000000e+00
  -3.8459888e-02
  -3.1441836e-02
  -2.5922276e-02
  -1.9029229e-02
   3.9193050e-03
   7.0949043e-03
   5.8594461e-03
  -3.7471760e-04
  -5.0794252e-03
  -8.8990085e-03
  -1.3637583e-02
  -1.8700726e-02
  -2.2906810e-02
  -2.6097087e-02
  -2.9058881e-02
  -3.2526037e-02
  -3.6642542e-02
  -4.0837790e-02
  -4.5088398e-02
  -4.9002136e-02
  -5.2272103e-02
  -5.4362975e-02
  -5.4151274e-02
  -5.1643460e-02
  -4.6987611e-02
  -3.9876631e-02
  -2.9304780e-02
  -1.3867413e-02
   6.1385253e-03
   2.2516499e-02
   0.0000000e+00
   0.0000000e+00
   0.0000000e+00
   0.0000000e+00
  -0.0000000e+00
  -2.4086746e-02
  -1.6875527e-02
  -7.2328453e-03
  -9.1019709e-04
   0.0000000e+00
   0.0000000e+00
   0.0000000e+00
   0.0000000e+00
   0.0000000e+00
  -1.1981999e-03
   4.4620068e-03
  -5.5945391e-03
  -3.5387625e-02
  -3.0642774e-02
  -2.1298983e-02
  -1.4655367e-02
  -7.0170806e-03
   1.7875582e-02
   2.9721578e-02
   2.0116252e-02
   2.0270881e-03
  -6.1413511e-03
  -1.2335962e-02
  -1.9939831e-02
  -2.8141061e-02
  -3.5129450e-02
  -4.0578317e-02
  -4.4876523e-02
  -4.8433874e-02
  -5.1267117e-02
  -5.2950833e-02
  -5.3659495e-02
  -5.3289685e-02
  -5.2310232e-02
  -5.0575893e-02
  -4.7352701e-02
  -4.2632498e-02
  -3.6725849e-02
  -2.8937317e-02
  -1.8226901e-02
  -3.8499301e-03
   1.2644663e-02
   2.1171246e-02
   0.0000000e+00
   0.0000000e+00
   0.0000000e+00
  -0.0000000e+00
  -2.1213443e-02
  -2.5011811e-02
  -8.5245665e-03
  -7.5300081e-04
   2.4108888e-03
   0.0000000e+00
   0.0000000e+00
   0.0000000e+00
   0.0000000e+00
   0.0000000e+00
  -1.3177065e-02
  -6.8037212e-03
  -8.5997967e-03
  -2.3811209e-02
  -1.7861627e-02
  -9.4099073e-03
  -3.6017206e-03
   3.7134627e-03
   6.3148580e-03
   0.0000000e+00
   2.2307717e-02
   2.0682674e-03
  -8.5320584e-03
  -1.5682235e-02
  -2.4526690e-02
  -3.3987872e-02
  -4.1732675e-02
  -4.7477899e-02
  -5.1689876e-02
  -5.4869787e-02
  -5.6692862e-02
  -5.6678624e-02
  -5.5120912e-02
  -5.1871290e-02
  -4.8024615e-02
  -4.4121316e-02
  -3.9889372e-02
  -3.5200066e-02
  -2.9922864e-02
  -2.3304847e-02
  -1.4325489e-02
  -2.4387750e-03
   1.1408839e-02
   1.6253767e-02
   0.0000000e+00
   0.0000000e+00
   0.0000000e+00
  -0.0000000e+00
  -1.4301956e-02
  -1.4386844e-02
  -7.9454447e-03
   0.0000000e+00
   0.0000000e+00
   0.0000000e+00
   0.0000000e+00
   0.0000000e+00
   0.0000000e+00
   0.0000000e+00
  -2.1043657e-02
  -1.5376356e-02
  -1.8786491e-02
  -1.2513142e-02
  -5.5855646e-03
   4.4393726e-04
   4.6611800e-03
   8.3766076e-03
   0.0000000e+00
   0.0000000e+00
   1.4965048e-02
   8.3341649e-04
  -1.0317398e-02
  -1.6882945e-02
  -2.5157270e-02
  -3.3646624e-02
  -4.0690544e-02
  -4.5955060e-02
  -4.9984077e-02
  -5.3192076e-02
  -5.5100457e-02
  -5.5167303e-02
  -5.3428964e-02
  -4.9835702e-02
  -4.5377566e-02
  -4.0894138e-02
  -3.6416966e-02
  -3.2025479e-02
  -2.7221039e-02
  -2.1193900e-02
  -1.3881199e-02
  -6.2122859e-03
   1.4245921e-03
   5.4571219e-03
   0.0000000e+00
   0.0000000e+00
   0.0000000e+00
  -0.0000000e+00
  -8.3780111e-03
  -9.0545135e-03
   0.0000000e+00
   0.0000000e+00
   0.0000000e+00
   0.0000000e+00
   0.0000000e+00
   0.0000000e+00
   0.0000000e+00
   0.0000000e+00
  -2.3326863e-02
  -1.6031608e-02
  -1.2447634e-02
  -1.7624775e-03
   3.4657324e-03
   7.9183178e-03
   8.8714947e-03
   5.4340588e-03
   0.0000000e+00
   0.0000000e+00
   6.8835425e-03
  -1.6213453e-03
  -1.3240455e-02
  -1.9697785e-02
  -2.7660258e-02
  -3.5251528e-02
  -4.1339241e-02
  -4.5814972e-02
  -4.9237922e-02
  -5.2109074e-02
  -5.4218192e-02
  -5.5004619e-02
  -5.3990036e-02
  -5.0780900e-02
  -4.6018064e-02
  -4.0378809e-02
  -3.4426905e-02
  -2.9169343e-02
  -2.4845816e-02
  -2.0720286e-02
  -1.7363688e-02
  -1.6639521e-02
  -1.8300150e-02
  -1.3219472e-02
   0.0000000e+00
   0.0000000e+00
   0.0000000e+00
  -8.8458717e-03
  -2.8602439e-03
   1.4628816e-04
   0.0000000e+00
   0.0000000e+00
   0.0000000e+00
   0.0000000e+00
   0.0000000e+00
   0.0000000e+00
   0.0000000e+00
  -0.0000000e+00
  -2.5162530e-02
  -1.2557313e-02
  -3.7772602e-03
   5.5082208e-03
   9.0086861e-03
   1.3010390e-02
   9.9405665e-03
   4.2276010e-03
   0.0000000e+00
   0.0000000e+00
   0.0000000e+00
  -5.4105590e-03
  -1.8490734e-02
  -2.6652979e-02
  -3.6070071e-02
  -4.4678692e-02
  -5.1117372e-02
  -5.5355906e-02
  -5.8280457e-02
  -6.0543541e-02
  -6.2051598e-02
  -6.2305555e-02
  -6.0696568e-02
  -5.6908596e-02
  -5.1353972e-02
  -4.4290487e-02
  -3.6110785e-02
  -2.9013138e-02
  -2.5418660e-02
  -2.5334630e-02
  -2.7267219e-02
  -3.2311693e-02
  -4.3315664e-02
  -4.5373636e-02
   0.0000000e+00
   0.0000000e+00
  -0.0000000e+00
  -1.8675575e-02
  -2.7110921e-03
   4.5678141e-03
   0.0000000e+00
   0.0000000e+00
   0.0000000e+00
   0.0000000e+00
   0.0000000e+00
   0.0000000e+00
   0.0000000e+00
  -0.0000000e+00
  -2.4363724e-02
  -1.1002071e-02
   2.0119809e-03
   9.9629322e-03
   1.2778235e-02
   1.6311094e-02
   1.2781032e-02
   4.1682798e-03
   0.0000000e+00
   0.0000000e+00
  -0.0000000e+00
  -1.0895698e-02
  -2.4307780e-02
  -3.5578735e-02
  -4.7590930e-02
  -5.8466613e-02
  -6.6725269e-02
  -7.2425134e-02
  -7.6739363e-02
  -8.0325380e-02
  -8.2909718e-02
  -8.3685026e-02
  -8.2048759e-02
  -7.7933632e-02
  -7.2036423e-02
  -6.4149857e-02
  -5.3775318e-02
  -4.2667441e-02
  -3.5177957e-02
  -3.4935225e-02
  -3.9823338e-02
  -4.5536388e-02
  -5.8417663e-02
  -6.9823430e-02
  -6.6171702e-02
  -6.1236443e-02
  -4.4607294e-02
  -2.6752945e-02
  -8.8545997e-03
   3.9097547e-03
   0.0000000e+00
   0.0000000e+00
   0.0000000e+00
   0.0000000e+00
   0.0000000e+00
   0.0000000e+00
   0.0000000e+00
   0.0000000e+00
  -3.0012382e-02
  -1.5058584e-02
   3.4415175e-03
   1.2958611e-02
   1.5137159e-02
   1.6373403e-02
   1.2345457e-02
   0.0000000e+00
   0.0000000e+00
  -2.3635829e-02
  -2.3406077e-02
  -1.5981219e-02
  -2.8368814e-02
  -4.2632720e-02
  -5.6762669e-02
  -6.9066760e-02
  -7.8358908e-02
  -8.5274523e-02
  -9.0989796e-02
  -9.6189214e-02
  -1.0037695e-01
  -1.0254954e-01
  -1.0221182e-01
  -9.9238439e-02
  -9.4150035e-02
  -8.6743882e-02
  -7.6426585e-02
  -6.2985111e-02
  -4.8798083e-02
  -4.1058930e-02
  -4.5750740e-02
  -5.3225353e-02
  -6.5214705e-02
  -7.6512505e-02
  -7.1556379e-02
  -6.6557568e-02
  -5.3297486e-02
  -3.8507631e-02
  -2.0192390e-02
  -1.6197849e-03
   0.0000000e+00
   0.0000000e+00
   0.0000000e+00
   0.0000000e+00
   0.0000000e+00
   0.0000000e+00
   0.0000000e+00
   0.0000000e+00
  -3.8827058e-02
  -2.1718911e-02
   3.9585370e-03
   1.7627674e-02
   1.7425303e-02
   1.4092979e-02
   1.1984457e-02
   0.0000000e+00
   0.0000000e+00
  -3.3132692e-02
  -3.0828461e-02
  -1.9506249e-02
  -2.9943273e-02
  -4.6013573e-02
  -6.1260529e-02
  -7.4051066e-02
  -8.3184232e-02
  -8.9929719e-02
  -9.5530581e-02
  -1.0090838e-01
  -1.0577595e-01
  -1.0922110e-01
  -1.1061804e-01
  -1.0970384e-01
  -1.0638558e-01
  -1.0033743e-01
  -9.1090333e-02
  -7.7901056e-02
  -5.9565213e-02
  -4.0392953e-02
  -3.8190818e-02
  -5.2933672e-02
  -6.4938701e-02
  -7.5735895e-02
  -7.4980414e-02
  -7.0971354e-02
  -6.1676093e-02
  -5.0441803e-02
  -3.4811262e-02
  -1.3923775e-02
   0.0000000e+00
   0.0000000e+00
   0.0000000e+00
   0.0000000e+00
   0.0000000e+00
   0.0000000e+00
   0.0000000e+00
  -0.0000000e+00
  -4.8202122e-02
  -2.6082108e-02
   7.0653233e-03
   2.6206734e-02
   2.2083082e-02
   1.4408349e-02
   1.1378737e-02
   0.0000000e+00
   0.0000000e+00
  -3.7489940e-02
  -3.3447251e-02
  -2.1981075e-02
  -3.0276574e-02
  -4.6676729e-02
  -6.1825179e-02
  -7.4188538e-02
  -8.2555979e-02
  -8.8036776e-02
  -9.2000194e-02
  -9.6270695e-02
  -1.0102011e-01
  -1.0538391e-01
  -1.0861737e-01
  -1.1041786e-01
  -1.0994832e-01
  -1.0610875e-01
  -9.7527266e-02
  -8.3473966e-02
  -6.2421940e-02
  -3.3624783e-02
  -1.8449528e-02
  -4.8230511e-02
  -6.0291596e-02
  -7.1612850e-02
  -7.4137188e-02
  -7.2382107e-02
  -6.6946618e-02
  -6.0055349e-02
  -5.0490350e-02
  -3.3357638e-02
   0.0000000e+00
   0.0000000e+00
   0.0000000e+00
   0.0000000e+00
   0.0000000e+00
   0.0000000e+00
   0.0000000e+00
  -6.8122493e-02
  -5.5690855e-02
  -3.0382736e-02
   9.3011800e-03
   3.6596969e-02
   2.9713348e-02
   1.5150715e-02
   7.5501569e-03
   0.0000000e+00
   0.0000000e+00
  -3.7293596e-02
  -3.3946887e-02
  -2.4693266e-02
  -3.0705445e-02
  -4.5583047e-02
  -5.9485033e-02
  -7.0757292e-02
  -7.8320578e-02
  -8.2206577e-02
  -8.3782747e-02
  -8.5869178e-02
  -8.9428939e-02
  -9.3960099e-02
  -9.8432861e-02
  -1.0200591e-01
  -1.0379420e-01
  -1.0213884e-01
  -9.4461486e-02
  -7.9369567e-02
  -5.5690259e-02
  -2.3561787e-02
  -6.5955426e-03
  -3.3824158e-02
  -5.3574074e-02
  -6.5268733e-02
  -6.9485381e-02
  -7.0245109e-02
  -6.8695061e-02
  -6.6070423e-02
  -6.2891431e-02
  -5.3453585e-02
   0.0000000e+00
   0.0000000e+00
   0.0000000e+00
   0.0000000e+00
  -1.0604809e-01
  -1.1159694e-01
  -9.5095389e-02
  -7.3046787e-02
  -5.8386929e-02
  -3.5227966e-02
   6.8187271e-03
   4.1281641e-02
   4.1651323e-02
   2.1984167e-02
   1.1369880e-02
   0.0000000e+00
   0.0000000e+00
  -0.0000000e+00
  -2.9488155e-02
  -2.7532164e-02
  -3.1712286e-02
  -4.2977186e-02
  -5.4643043e-02
  -6.4571090e-02
  -7.1267045e-02
  -7.4066496e-02
  -7.3771960e-02
  -7.3599762e-02
  -7.5252725e-02
  -7.9202546e-02
  -8.4471774e-02
  -8.9006033e-02
  -9.1653783e-02
  -9.0645936e-02
  -8.3673870e-02
  -6.8922199e-02
  -4.4613751e-02
  -1.3883239e-02
  -2.8645633e-03
  -0.0000000e+00
  -4.6646683e-02
  -5.5526224e-02
  -5.9862320e-02
  -6.3456237e-02
  -6.6112391e-02
  -6.7409180e-02
  -6.8757153e-02
  -6.1961440e-02
  -5.1791837e-02
   0.0000000e+00
  -0.0000000e+00
  -8.3421207e-02
  -8.9353696e-02
  -9.7104126e-02
  -8.8933428e-02
  -6.6640399e-02
  -5.3996579e-02
  -3.7439640e-02
  -5.7301647e-03
   4.1945330e-02
   4.4467588e-02
   2.8325610e-02
   2.1534995e-02
   0.0000000e+00
   0.0000000e+00
   0.0000000e+00
  -2.3912882e-02
  -2.8367413e-02
  -3.1455405e-02
  -3.8979601e-02
  -4.7939602e-02
  -5.5924091e-02
  -6.1734613e-02
  -6.3979447e-02
  -6.3370399e-02
  -6.2138274e-02
  -6.2141128e-02
  -6.5053500e-02
  -7.0325218e-02
  -7.5754955e-02
  -7.9263747e-02
  -7.8760423e-02
  -7.2128706e-02
  -5.7354387e-02
  -3.3385515e-02
  -5.3104656e-03
   2.6082276e-03
  -0.0000000e+00
  -4.1794162e-02
  -4.2176407e-02
  -4.5240439e-02
  -5.1602736e-02
  -5.7935219e-02
  -6.2703982e-02
  -6.7386836e-02
  -6.8077482e-02
  -6.3008670e-02
   0.0000000e+00
  -0.0000000e+00
  -7.2672002e-02
  -7.6334655e-02
  -8.1879094e-02
  -7.2290078e-02
  -5.2993216e-02
  -4.2934573e-02
  -2.2957283e-02
  -7.1228831e-03
   0.0000000e+00
   0.0000000e+00
   0.0000000e+00
   0.0000000e+00
   0.0000000e+00
   0.0000000e+00
   0.0000000e+00
  -1.7152113e-02
  -2.3860993e-02
  -2.6694527e-02
  -3.2697529e-02
  -4.0110130e-02
  -4.6323724e-02
  -5.0934669e-02
  -5.2680422e-02
  -5.2272592e-02
  -5.1161043e-02
  -5.0390832e-02
  -5.2364085e-02
  -5.6787819e-02
  -6.2105201e-02
  -6.5991253e-02
  -6.5772042e-02
  -5.9331249e-02
  -4.4848856e-02
  -2.1718806e-02
   1.6036481e-03
   4.0601833e-03
  -0.0000000e+00
  -3.5336811e-02
  -2.5678508e-02
  -2.6792230e-02
  -3.5547342e-02
  -4.4075053e-02
  -5.1375736e-02
  -5.8202144e-02
  -6.3752055e-02
  -5.6076546e-02
  -4.6184140e-02
  -0.0000000e+00
  -5.8837291e-02
  -6.2319558e-02
  -6.3502446e-02
  -5.3375728e-02
  -3.4716912e-02
  -3.0226107e-02
   4.0338327e-04
   4.3773018e-03
   4.4262758e-03
   0.0000000e+00
   0.0000000e+00
   0.0000000e+00
   0.0000000e+00
   0.0000000e+00
   0.0000000e+00
  -0.0000000e+00
  -1.2663275e-02
  -1.5726261e-02
  -2.2335125e-02
  -3.0046199e-02
  -3.5882324e-02
  -3.9327696e-02
  -4.0765878e-02
  -4.0373724e-02
  -3.9436251e-02
  -3.8420357e-02
  -3.9823446e-02
  -4.3397978e-02
  -4.7964118e-02
  -5.1641509e-02
  -5.1428087e-02
  -4.5356940e-02
  -3.1934995e-02
  -9.5594879e-03
   7.3973381e-03
   4.1921334e-03
  -0.0000000e+00
  -2.5375733e-02
  -6.7188973e-03
  -5.9376121e-03
  -1.6322335e-02
  -2.6195994e-02
  -3.4937192e-02
  -4.4720832e-02
  -5.6605291e-02
  -7.1661979e-02
  -1.0343579e-01
  -6.3748460e-02
  -4.3097433e-02
  -4.3772556e-02
  -4.2249989e-02
  -3.4483183e-02
  -2.3165251e-02
  -2.3976119e-02
  -7.6016293e-04
   7.8002508e-03
   1.1163036e-02
   0.0000000e+00
   0.0000000e+00
   0.0000000e+00
   0.0000000e+00
   0.0000000e+00
   0.0000000e+00
   0.0000000e+00
   2.7392203e-03
   4.0504980e-04
  -6.4957943e-03
  -1.4976083e-02
  -2.0954434e-02
  -2.3749579e-02
  -2.4862789e-02
  -2.4970438e-02
  -2.4589743e-02
  -2.3942485e-02
  -2.5251163e-02
  -2.8429996e-02
  -3.2426678e-02
  -3.5686035e-02
  -3.5640296e-02
  -3.0440735e-02
  -1.8453533e-02
   2.7505199e-03
   1.1241003e-02
   0.0000000e+00
  -0.0000000e+00
  -1.3799609e-02
   1.1845206e-02
   1.3440012e-02
   5.3439382e-03
  -3.8857255e-03
  -1.4019586e-02
  -2.6074307e-02
  -4.0291399e-02
  -5.2007191e-02
  -5.5171558e-02
  -3.9919485e-02
  -2.4193771e-02
  -2.0911423e-02
  -1.6320987e-02
  -1.1788153e-02
  -9.9567689e-03
  -1.5284040e-02
  -1.3684501e-02
   0.0000000e+00
   0.0000000e+00
   0.0000000e+00
   0.0000000e+00
   0.0000000e+00
   0.0000000e+00
   0.0000000e+00
   0.0000000e+00
   0.0000000e+00
   9.3845198e-03
   1.1258173e-02
   8.4335232e-03
   1.3977347e-03
  -3.0157354e-03
  -4.9974283e-03
  -6.2819462e-03
  -7.4146120e-03
  -8.2852464e-03
  -9.1939686e-03
  -1.0914266e-02
  -1.3847422e-02
  -1.7474099e-02
  -2.0529225e-02
  -2.1189726e-02
  -1.7263518e-02
  -6.3696107e-03
   1.1876770e-02
   1.7425821e-02
   0.0000000e+00
   0.0000000e+00
  -4.5151985e-03
   0.0000000e+00
   0.0000000e+00
   2.2385509e-02
   1.6764932e-02
   6.1238323e-03
  -7.5750337e-03
  -2.2839199e-02
  -3.1515943e-02
  -2.9125911e-02
  -7.7426950e-03
  -2.0336494e-03
  -1.8087802e-03
   3.6536719e-03
   1.0201728e-02
   5.3779741e-03
   6.6374152e-03
  -3.9617713e-03
   1.2294024e-02
   0.0000000e+00
   0.0000000e+00
   0.0000000e+00
   0.0000000e+00
   0.0000000e+00
   0.0000000e+00
   0.0000000e+00
   0.0000000e+00
   4.3046024e-03
   6.8405410e-03
   1.4247489e-02
   1.4679418e-02
   1.4733159e-02
   1.5150355e-02
   1.4026273e-02
   1.1930041e-02
   9.0806251e-03
   6.6228295e-03
   4.2034229e-03
   1.6361382e-03
  -1.2083109e-03
  -4.1440129e-03
  -6.2356042e-03
  -4.7026528e-03
   4.8725498e-03
   1.7281811e-02
   2.0151949e-02
   0.0000000e+00
   0.0000000e+00
   0.0000000e+00
   0.0000000e+00
   0.0000000e+00
   3.0042478e-02
   2.8818859e-02
   2.2102609e-02
   9.9986345e-03
  -3.6690421e-03
  -1.4119752e-02
  -1.2892676e-02
   0.0000000e+00
   1.4651766e-02
   1.4250285e-02
   2.2717960e-02
   2.5626048e-02
   2.1833235e-02
   2.2769867e-02
   1.9006949e-02
   1.6288592e-02
   0.0000000e+00
   0.0000000e+00
   0.0000000e+00
   0.0000000e+00
   0.0000000e+00
   0.0000000e+00
   0.0000000e+00
   0.0000000e+00
  -0.0000000e+00
  -1.0076240e-02
   5.4722740e-03
   1.6987117e-02
   2.4149122e-02
   2.8419865e-02
   2.9436281e-02
   2.7925301e-02
   2.4891505e-02
   2.2143317e-02
   1.9679498e-02
   1.7923569e-02
   1.6109241e-02
   1.3446996e-02
   9.8096179e-03
   7.5261593e-03
   1.3981682e-02
   1.9596207e-02
   0.0000000e+00
   0.0000000e+00
   0.0000000e+00
   0.0000000e+00
   0.0000000e+00
   0.0000000e+00
   0.0000000e+00
   3.0549703e-02
   2.8729525e-02
   2.0360891e-02
   1.4950946e-02
   5.4314914e-03
   6.7660173e-03
   0.0000000e+00
   1.7552377e-02
   2.1931139e-02
   2.7183326e-02
   3.2754628e-02
   3.7844397e-02
   4.0514823e-02
   3.5239968e-02
   2.6606299e-02
   0.0000000e+00
   0.0000000e+00
   0.0000000e+00
   0.0000000e+00
   0.0000000e+00
   0.0000000e+00
   0.0000000e+00
   0.0000000e+00
  -0.0000000e+00
  -2.5955554e-02
  -1.3124507e-02
   7.3066419e-03
   2.1731237e-02
   3.0899465e-02
   3.5130702e-02
   3.6136579e-02
   3.5685759e-02
   3.4955006e-02
   3.3782713e-02
   3.2729961e-02
   3.2424953e-02
   3.0808182e-02
   2.6550490e-02
   2.0294951e-02
   1.7753834e-02
   2.0181870e-02
   0.0000000e+00
   0.0000000e+00
   0.0000000e+00
   0.0000000e+00
   0.0000000e+00
   0.0000000e+00
   0.0000000e+00
   0.0000000e+00
   0.0000000e+00
   0.0000000e+00
   3.0283028e-02
   2.2087965e-02
   1.5250547e-02
   0.0000000e+00
   0.0000000e+00
   2.2718907e-02
   2.8075473e-02
   0.0000000e+00
   4.0194529e-02
   4.5565121e-02
   3.9300076e-02
   3.8711195e-02
   0.0000000e+00
   0.0000000e+00
   0.0000000e+00
   0.0000000e+00
   0.0000000e+00
   0.0000000e+00
   0.0000000e+00
   0.0000000e+00
   0.0000000e+00
  -3.4423828e-02
  -2.6384901e-02
  -9.7195592e-03
   9.5088661e-03
   2.4975310e-02
   3.3041146e-02
   3.7378476e-02
   3.9647778e-02
   4.0673756e-02
   4.2719325e-02
   4.4679632e-02
   4.6509111e-02
   4.6774430e-02
   4.2998911e-02
   3.4544997e-02
   1.7475188e-02
   1.0170498e-02
   0.0000000e+00
   0.0000000e+00
   0.0000000e+00
   0.0000000e+00
   0.0000000e+00
   0.0000000e+00
   0.0000000e+00
   0.0000000e+00
   0.0000000e+00
   0.0000000e+00
   4.3590607e-02
   4.1293074e-02
   0.0000000e+00
   0.0000000e+00
   0.0000000e+00
   0.0000000e+00
   0.0000000e+00
   0.0000000e+00
   0.0000000e+00
   3.3088157e-02
   0.0000000e+00
   0.0000000e+00
   0.0000000e+00
   0.0000000e+00
   0.0000000e+00
   0.0000000e+00
   0.0000000e+00
   0.0000000e+00
   0.0000000e+00
   0.0000000e+00
   0.0000000e+00
  -0.0000000e+00
  -2.7924646e-02
  -3.0311905e-02
  -6.0848030e-03
   1.4269077e-02
   2.5062779e-02
   3.1343821e-02
   3.5509542e-02
   3.8711924e-02
   4.3625675e-02
   4.8963543e-02
   5.2564878e-02
   5.3734310e-02
   5.1393736e-02
   4.3351926e-02
   2.6966505e-02
   2.0964672e-02
   0.0000000e+00
   0.0000000e+00
   0.0000000e+00
   0.0000000e+00
   0.0000000e+00
   0.0000000e+00
   0.0000000e+00
   0.0000000e+00
   0.0000000e+00
   0.0000000e+00
   4.9054778e-02
   5.2345474e-02
   4.7910847e-02
   2.0757439e-02
   1.9310864e-02
   0.0000000e+00
   0.0000000e+00
   0.0000000e+00
   0.0000000e+00
   0.0000000e+00
   0.0000000e+00
   0.0000000e+00
   0.0000000e+00
   0.0000000e+00
   0.0000000e+00
   0.0000000e+00
   0.0000000e+00
   0.0000000e+00
   0.0000000e+00
   0.0000000e+00
   0.0000000e+00
  -0.0000000e+00
  -2.8404902e-02
  -4.3780085e-02
  -1.9718207e-02
  -3.4830081e-03
   7.8639835e-03
   1.5912285e-02
   2.2808844e-02
   3.0446183e-02
   3.8831037e-02
   4.6301279e-02
   5.1394619e-02
   5.3871814e-02
   5.0451614e-02
   4.4319294e-02
   3.2773629e-02
   1.3146830e-02
   0.0000000e+00
   0.0000000e+00
   0.0000000e+00
   0.0000000e+00
   0.0000000e+00
   0.0000000e+00
   0.0000000e+00
   0.0000000e+00
   0.0000000e+00
   0.0000000e+00
   4.0152192e-02
   2.9134296e-02
   7.9531852e-03
   1.4925598e-02
   1.9152759e-02
   0.0000000e+00
   0.0000000e+00
   0.0000000e+00
   0.0000000e+00
   0.0000000e+00
   0.0000000e+00
   0.0000000e+00
   0.0000000e+00
   0.0000000e+00
   0.0000000e+00
   0.0000000e+00
   0.0000000e+00
   0.0000000e+00
   0.0000000e+00
   0.0000000e+00
   0.0000000e+00
   0.0000000e+00
   0.0000000e+00
  -0.0000000e+00
  -1.6045980e-02
  -1.7460095e-02
  -1.1709933e-02
  -4.0590754e-03
   6.6282917e-03
   1.6551258e-02
   2.7369596e-02
   3.4930691e-02
   4.0277477e-02
   4.1909378e-02
   4.0399242e-02
   3.2065146e-02
   1.8291865e-02
   1.4672398e-03
   0.0000000e+00
   0.0000000e+00
   0.0000000e+00
   0.0000000e+00
   0.0000000e+00
   0.0000000e+00
   0.0000000e+00
   0.0000000e+00
   0.0000000e+00
   0.0000000e+00
   0.0000000e+00
   0.0000000e+00
   0.0000000e+00
   2.4864252e-03
   7.0872085e-04
   0.0000000e+00
   0.0000000e+00
   0.0000000e+00
   0.0000000e+00
   0.0000000e+00
   0.0000000e+00
   0.0000000e+00
   0.0000000e+00
   0.0000000e+00
   0.0000000e+00
   0.0000000e+00
   0.0000000e+00
   0.0000000e+00
   0.0000000e+00
   0.0000000e+00
   0.0000000e+00
   0.0000000e+00
   0.0000000e+00
   0.0000000e+00
  -1.7772073e-02
  -2.6446749e-02
  -3.2004043e-02
  -2.3603786e-02
  -1.1455323e-02
   4.0989411e-03
   1.0254036e-02
   9.9888323e-03
   7.4268384e-03
   9.0845786e-03
   4.7298595e-03
   3.2329950e-03
  -1.7583085e-02
   0.0000000e+00
   0.0000000e+00
   0.0000000e+00
   0.0000000e+00
   0.0000000e+00
   0.0000000e+00
   0.0000000e+00
   0.0000000e+00
   0.0000000e+00
   0.0000000e+00
   0.0000000e+00
   0.0000000e+00
   0.0000000e+00
   0.0000000e+00
  -0.0000000e+00
  -0.0000000e+00
  -0.0000000e+00
   0.0000000e+00
   0.0000000e+00
   0.0000000e+00
   0.0000000e+00
   0.0000000e+00
   0.0000000e+00
   0.0000000e+00
   0.0000000e+00
   0.0000000e+00
   0.0000000e+00
   0.0000000e+00
   0.0000000e+00
   0.0000000e+00
   0.0000000e+00
   0.0000000e+00
   0.0000000e+00
   0.0000000e+00
   0.0000000e+00
  -0.0000000e+00
  -3.6915103e-02
  -4.6891398e-02
  -5.3103400e-02
  -4.0076896e-02
  -1.2245144e-02
  -1.0229915e-02
  -2.3922448e-02
  -0.0000000e+00
  -0.0000000e+00
  -0.0000000e+00
  -0.0000000e+00
  -0.0000000e+00
   0.0000000e+00
   0.0000000e+00
   0.0000000e+00
   0.0000000e+00
   0.0000000e+00
   0.0000000e+00
   0.0000000e+00
   0.0000000e+00
   0.0000000e+00
   0.0000000e+00
  -0.0000000e+00
  -0.0000000e+00
   0.0000000e+00
   0.0000000e+00
   0.0000000e+00
  -0.0000000e+00
  -0.0000000e+00
  -0.0000000e+00
  -4.1309310e-02
   0.0000000e+00
   0.0000000e+00
   0.0000000e+00
   0.0000000e+00
   0.0000000e+00
   0.0000000e+00
   0.0000000e+00
   0.0000000e+00
   0.0000000e+00
  -0.0000000e+00
  -0.0000000e+00
  -0.0000000e+00
  -0.0000000e+00
  -0.0000000e+00
  -0.0000000e+00
  -0.0000000e+00
  -0.0000000e+00
  -0.0000000e+00
  -0.0000000e+00
  -0.0000000e+00
   0.0000000e+00
  -0.0000000e+00
  -0.0000000e+00
  -0.0000000e+00
  -0.0000000e+00
  -0.0000000e+00
  -0.0000000e+00
  -0.0000000e+00
  -0.0000000e+00
  -0.0000000e+00
  -0.0000000e+00
  -0.0000000e+00
  -0.0000000e+00
  -0.0000000e+00
  -0.0000000e+00
  -0.0000000e+00
  -0.0000000e+00
  -0.0000000e+00
  -0.0000000e+00
  -0.0000000e+00
  -0.0000000e+00
  -1.6696712e-02
  -1.8048547e-02
  -1.4313023e-02
  -9.0092638e-03
  -1.0651800e-02
  -1.2501674e-02
  -1.4525872e-02
  -1.2448012e-02
  -1.1195252e-02
  -5.4920303e-03
  -1.2401744e-02
  -0.0000000e+00
  -0.0000000e+00
  -0.0000000e+00
  -0.0000000e+00
  -0.0000000e+00
