   5.4493022e-01
   2.3554105e-01
  -3.3989349e-01
  -9.9079430e-01
  -4.8868045e-01
   8.7697160e-01
   3.9562461e-01
   1.5075950e-01
   5.9755635e-01
   9.3401599e-01
   8.3958036e-01
   1.8742560e-01
  -2.2528483e-01
  -3.0342150e-01
  -3.2865846e-01
  -4.5428246e-01
  -6.7499858e-01
  -7.8832799e-01
  -5.5567956e-01
  -5.9921640e-01
  -9.0833467e-01
  -9.3279034e-01
  -6.4262724e-01
  -1.7150930e-01
   3.2737654e-01
   3.4826550e-01
  -1.2653777e-01
  -4.7354242e-01
  -5.0231665e-01
  -7.1019733e-01
  -8.6615759e-01
  -6.0834157e-01
  -1.0778357e-01
   6.1013024e-02
  -3.7026051e-02
  -4.4911496e-02
   2.8666237e-01
   6.9125187e-01
   5.6494874e-01
   1.2014548e-01
  -2.5471812e-01
  -5.6463188e-01
  -1.0412027e+00
  -8.8549531e-01
  -3.9799818e-01
  -4.9150941e-01
  -5.0365555e-01
   1.6273458e-01
  -3.6563385e-01
  -5.3693032e-01
  -5.9471864e-01
  -8.7141430e-01
  -1.0766866e+00
  -5.5168480e-01
  -3.9848727e-01
  -5.5162162e-01
  -3.7518445e-01
  -3.6251244e-01
  -5.6560677e-01
  -6.6499031e-01
  -6.1889279e-01
  -1.6338122e-01
   1.3332418e-01
   1.5919332e-01
   6.0338536e-03
  -2.8396907e-01
  -5.6493270e-01
  -8.9850217e-01
  -9.3312806e-01
  -1.2182939e+00
  -1.3672310e+00
  -2.0653970e+00
  -1.5980803e+00
   4.8534730e-01
   3.2562858e-01
  -2.4545482e-01
   6.9540519e-01
   1.0706989e+00
   7.8871500e-01
   1.1430955e-01
  -7.3749930e-01
  -6.6961145e-01
  -7.7637976e-01
  -1.3328184e+00
  -1.5002782e+00
  -8.5826677e-01
  -1.4998376e-01
  -2.7007070e-01
  -6.7356098e-01
  -3.9981455e-01
  -1.1875288e-01
  -7.4064928e-01
  -1.4903913e+00
  -1.5065975e+00
  -1.6937041e+00
  -1.0874723e+00
  -1.6005893e+00
  -1.0647229e+00
  -6.8889564e-01
  -3.8115406e-01
  -3.6491689e-01
  -2.8019467e-01
  -3.4493855e-01
   1.0166526e-02
   7.6369986e-02
  -4.1566569e-01
  -5.1020503e-01
  -3.8234028e-01
  -4.3973285e-01
  -1.6471316e-01
  -1.8983239e-01
   1.6707486e-02
   2.3321135e-01
   4.0509436e-01
   4.9469429e-01
   4.3808284e-01
   4.3219849e-01
   3.7930626e-01
   2.1135633e-01
  -1.4918849e-02
  -8.2225102e-01
  -6.1565834e-01
   1.3149473e-01
   1.7073034e-01
   2.2948787e-01
   6.3010120e-01
   1.2040669e+00
   1.4625565e+00
   1.3891828e+00
   1.0614192e+00
   8.9678127e-01
   6.7640746e-01
   5.3327614e-01
   6.2850249e-01
   1.3126895e+00
   1.7258060e+00
   1.7438707e+00
   1.6639341e+00
   1.2525859e+00
   6.8386519e-01
   6.2780000e-02
  -7.5382876e-01
  -1.7646819e+00
  -2.0808735e+00
   3.2616645e-01
   3.5588750e-01
   4.0669757e-01
   2.9296339e-01
   2.6229289e-01
   2.6536179e-01
   6.8900473e-03
   2.8848261e-01
   2.9918715e-01
  -4.1143960e-01
  -9.8882087e-02
   4.4553754e-01
   1.4034638e-01
   2.0705107e-01
   3.3331487e-01
   5.7536113e-01
   9.8912656e-01
   1.3540556e+00
   1.5615180e+00
   1.6621648e+00
   1.7466956e+00
   1.6557397e+00
   1.5554658e+00
   1.3469487e+00
   1.1058834e+00
   1.1348004e+00
   1.1826842e+00
   9.2525220e-01
   3.0908740e-01
   4.8912206e-01
   8.7720954e-01
   1.3719532e+00
   1.7261142e+00
   1.9251405e+00
   2.0739648e+00
   2.2320950e+00
   2.4470007e+00
   2.6640935e+00
   2.9327037e+00
   3.2630653e+00
   3.5965021e+00
   3.7991617e+00
   3.7392313e+00
   3.3569088e+00
   2.9450424e+00
   2.4250109e+00
   1.7775499e+00
   1.1093090e+00
   8.8030016e-01
   8.3726829e-01
   8.9821047e-01
   8.1973398e-01
   6.1246157e-01
   5.3682345e-01
   4.9960768e-01
   7.0346022e-01
   3.0368409e-01
  -1.3978148e-01
   3.8908693e-01
   1.0213127e+00
   1.3488836e+00
   8.4294772e-01
   1.6000583e+00
   1.8489840e+00
   2.1315925e+00
   2.4296944e+00
   2.6109815e+00
   2.7804163e+00
   2.9352107e+00
   2.9069543e+00
   2.8084698e+00
   2.6514554e+00
   2.3015647e+00
   1.9501798e+00
   8.5894173e-01
   8.5784137e-01
   6.5939486e-01
   6.5214318e-01
   1.0087495e+00
   1.5964977e+00
   2.1160107e+00
   2.5454631e+00
   2.8712130e+00
   3.1857417e+00
   3.5510671e+00
   3.8217423e+00
   3.8993313e+00
   3.9535141e+00
   4.1548448e+00
   4.4188547e+00
   4.6406469e+00
   4.5203285e+00
   4.4671512e+00
   4.3525434e+00
   3.8567994e+00
   2.8161352e+00
   2.1252751e+00
   1.0581844e+00
   1.3156337e+00
   1.1038227e+00
   8.6055820e-01
   7.6895330e-01
   8.9612220e-01
   9.3528032e-01
   1.5802306e-01
   6.2451740e-01
   1.1347284e+00
   1.7306630e+00
   2.2214561e+00
   2.6686061e+00
   2.8999015e+00
   3.0738701e+00
   3.2621242e+00
   3.4330763e+00
   3.5862064e+00
   3.7194163e+00
   3.7947609e+00
   3.8597174e+00
   3.9135158e+00
   3.7714486e+00
   3.3404297e+00
   2.5327252e+00
   9.7224772e-01
   6.0118235e-01
   3.7248240e-02
   3.2025773e-01
   1.0904641e+00
   1.9273996e+00
   2.6422010e+00
   3.1911668e+00
   3.5423474e+00
   3.7726540e+00
   3.8238911e+00
   3.7885644e+00
   3.6277554e+00
   3.4076347e+00
   3.6787114e+00
   4.2666822e+00
   4.8127910e+00
   5.1418487e+00
   5.4234950e+00
   5.5678937e+00
   5.3135573e+00
   4.6764794e+00
   4.4588785e+00
   1.5627056e+00
   1.5094688e+00
   1.1216760e+00
   9.6512014e-01
   6.9278365e-01
   1.0745522e+00
   7.2755992e-01
   7.6953918e-01
   1.6809496e+00
   1.9241476e+00
   2.3026292e+00
   2.7297690e+00
   3.0340586e+00
   3.2899892e+00
   3.4871743e+00
   3.6597669e+00
   3.8290937e+00
   3.9706454e+00
   4.0746884e+00
   4.1688499e+00
   4.2918735e+00
   4.3564968e+00
   4.2093258e+00
   3.8130097e+00
   2.9683142e+00
   1.0493792e+00
   1.0598004e+00
   2.3438367e-01
   3.3833498e-01
   1.1264985e+00
   2.0111597e+00
   2.8707182e+00
   3.4737909e+00
   3.5676732e+00
   3.4834688e+00
   3.4797499e+00
   3.1215489e+00
   2.4496472e+00
   2.2111144e+00
   2.6332269e+00
   3.4422212e+00
   4.2435136e+00
   4.8356962e+00
   5.3790212e+00
   5.7319555e+00
   5.7892489e+00
   5.6154456e+00
   5.4958687e+00
   4.2516541e+00
   1.6368663e+00
   1.4472916e+00
   1.4113915e+00
   9.2550349e-01
   1.4246229e+00
   1.8896625e+00
   2.9310262e+00
   2.8755097e+00
   2.7695744e+00
   2.8346438e+00
   3.0156674e+00
   3.1435208e+00
   3.2465677e+00
   3.3502264e+00
   3.4963434e+00
   3.6386998e+00
   3.7530577e+00
   3.8815317e+00
   4.0281301e+00
   4.1724930e+00
   4.2090292e+00
   4.1077538e+00
   3.8328140e+00
   3.2634268e+00
   1.6702349e+00
   1.5269427e+00
   6.1459887e-01
   5.6128788e-01
   9.8787868e-01
   1.7814467e+00
   2.6490386e+00
   3.2455537e+00
   2.9725385e+00
   1.4806747e+00
   1.0107372e+00
   2.2854587e-01
   4.1766441e-01
   7.6541764e-01
   1.3782651e+00
   2.3434935e+00
   3.1503787e+00
   3.8150415e+00
   4.5149579e+00
   5.0724101e+00
   5.3497510e+00
   5.4291334e+00
   4.7861137e+00
   4.9448872e+00
   3.2574811e+00
   1.9304723e+00
   2.1796269e+00
   1.9258014e+00
   3.5456862e+00
   4.4888411e+00
   4.5267987e+00
   3.8194063e+00
   3.4120786e+00
   3.1680593e+00
   3.0501192e+00
   2.9660902e+00
   2.8938806e+00
   2.8742871e+00
   2.8978930e+00
   2.9686046e+00
   3.0677011e+00
   3.2102745e+00
   3.3513420e+00
   3.4730725e+00
   3.5684204e+00
   3.5742843e+00
   3.4384179e+00
   3.2578444e+00
   2.3872602e+00
   1.5677477e+00
   5.0140643e-01
   1.0211980e-02
   4.7816539e-01
   1.1350194e+00
   1.9898924e+00
   2.5820222e+00
   2.0581877e+00
   8.8371509e-01
   9.0395421e-01
   3.6202371e-01
  -5.5399650e-01
  -3.2624316e-01
   2.0076928e-01
   1.0697280e+00
   1.5673126e+00
   2.2716835e+00
   3.2031054e+00
   3.9357274e+00
   4.2884507e+00
   4.5112348e+00
   3.5369933e+00
   4.3282757e+00
   4.9489713e+00
   3.4359417e+00
   3.5276184e+00
   3.0742030e+00
   5.3754072e+00
   5.5892305e+00
   4.7971292e+00
   4.0342226e+00
   3.4747329e+00
   3.0070362e+00
   2.6232212e+00
   2.3452489e+00
   2.1421361e+00
   2.0175066e+00
   1.9472215e+00
   1.9631355e+00
   2.0716453e+00
   2.2356536e+00
   2.3704152e+00
   2.4803956e+00
   2.6256871e+00
   2.7316582e+00
   2.7109027e+00
   2.6322372e+00
   1.5802567e+00
   1.3063037e+00
  -1.8713154e-02
  -2.1988735e-01
  -3.6703146e-01
   2.5750020e-01
   1.0955408e+00
   1.6187298e+00
   8.8145626e-01
   6.0279024e-01
   1.1161969e+00
   1.2682408e-01
  -1.4226065e+00
  -6.2280375e-01
  -4.3070287e-01
  -4.7393245e-01
  -4.8978472e-01
   3.5190481e-01
   1.5165262e+00
   2.3623834e+00
   2.7926888e+00
   3.0829024e+00
   1.8592255e+00
   2.7023462e+00
   3.9983473e+00
   4.6778686e+00
   3.9507136e+00
   4.1507061e+00
   5.1300333e+00
   4.7234538e+00
   4.0873988e+00
   3.3856668e+00
   2.7140757e+00
   2.1192790e+00
   1.6272174e+00
   1.2564920e+00
   9.7564274e-01
   8.0159889e-01
   7.2516994e-01
   7.5061582e-01
   8.7826561e-01
   1.0626410e+00
   1.2047299e+00
   1.3362885e+00
   1.4916465e+00
   1.6025674e+00
   1.6191276e+00
   1.6511445e+00
   1.4660495e+00
   1.3980317e+00
   2.5862338e-01
  -8.9718556e-01
  -1.9703020e+00
  -9.0987306e-01
   8.3059979e-02
   3.5445144e-01
  -1.1988311e-01
   7.5082909e-01
   1.1147875e+00
  -1.6527716e-01
  -2.0242482e+00
  -7.2258811e-01
  -6.2060717e-01
  -2.0799638e+00
  -2.6205031e+00
  -1.5276336e+00
  -2.8696309e-01
   5.2729550e-01
   1.0001978e+00
   1.3373397e+00
  -4.1984495e-02
   7.4698120e-01
   1.8437461e+00
   2.9525874e+00
   3.1002879e+00
   3.6170609e+00
   3.4875293e+00
   3.0195565e+00
   2.5516772e+00
   1.9671557e+00
   1.3568388e+00
   8.2831520e-01
   3.7370420e-01
   1.0711393e-02
  -2.7112284e-01
  -4.4898760e-01
  -5.1529396e-01
  -4.6916091e-01
  -3.3114141e-01
  -1.4524795e-01
   1.3359271e-02
   1.6220653e-01
   2.6593485e-01
   2.7400887e-01
   2.5311208e-01
   4.0465385e-01
   1.2799888e+00
   2.0422549e+00
   1.2313154e+00
  -1.4733733e+00
  -2.6004102e+00
  -2.3289702e+00
  -1.0010599e+00
  -1.0360209e+00
  -8.7797773e-01
   1.5954982e+00
   1.6354625e+00
   5.8600795e-01
  -1.6879953e+00
  -1.0249314e+00
  -9.0808350e-01
  -3.1146097e+00
  -4.3767996e+00
  -2.9757605e+00
  -1.9761128e+00
  -1.3045261e+00
  -8.5752106e-01
  -5.2976203e-01
  -2.1281378e+00
  -1.4779972e+00
  -5.6945860e-01
   3.6810240e-01
   1.2721997e+00
   1.4745208e+00
   1.1096352e+00
   7.6939684e-01
   4.5542434e-01
   8.2704946e-02
  -2.7910823e-01
  -6.1823642e-01
  -9.3874985e-01
  -1.2034136e+00
  -1.4078566e+00
  -1.5542243e+00
  -1.6059351e+00
  -1.5669992e+00
  -1.4364427e+00
  -1.2837697e+00
  -1.1372746e+00
  -1.0417864e+00
  -1.1001668e+00
  -1.2475326e+00
  -1.3880188e+00
  -1.1214404e+00
   1.0950848e+00
   3.0713451e+00
   1.7563996e+00
   1.7074302e-01
  -2.2700205e+00
  -3.7693803e+00
  -2.1007113e+00
  -2.4954906e+00
  -1.9500219e+00
   1.3562069e+00
   1.5878291e+00
   1.1626219e+00
  -1.4045838e+00
  -1.4145700e+00
  -1.2153807e+00
  -2.8011076e+00
  -2.1927912e+00
  -3.8407028e+00
  -3.6085248e+00
  -3.0237796e+00
  -2.6930916e+00
  -2.4913487e+00
  -3.7321815e+00
  -3.2153878e+00
  -2.5119495e+00
  -1.7225559e+00
  -1.0623528e+00
  -7.7196670e-01
  -9.9324310e-01
  -1.2054816e+00
  -1.3070445e+00
  -1.4421074e+00
  -1.5875089e+00
  -1.7689705e+00
  -1.9417080e+00
  -2.0795898e+00
  -2.1964438e+00
  -2.2949495e+00
  -2.3089790e+00
  -2.2519844e+00
  -2.1515937e+00
  -2.0705705e+00
  -2.0165460e+00
  -2.0670710e+00
  -2.2928853e+00
  -2.6141093e+00
  -2.8940196e+00
  -2.5319231e+00
  -2.4657181e-01
   1.9521736e+00
   8.2253283e-01
   4.0918031e-01
  -1.4906250e-01
  -3.3628359e+00
  -3.0520651e+00
  -3.4814181e+00
  -2.1240208e+00
   8.5623157e-01
   7.2265691e-01
   9.3539488e-01
  -9.0632844e-01
  -2.3866410e+00
  -2.6683531e+00
  -2.0096521e+00
  -9.1647726e-01
  -3.8118970e+00
  -4.8692431e+00
  -4.1827478e+00
  -4.0697403e+00
  -3.9997487e+00
  -4.7843361e+00
  -4.3788610e+00
  -3.8451710e+00
  -3.2539604e+00
  -2.8152399e+00
  -2.6137183e+00
  -2.6226470e+00
  -2.5923238e+00
  -2.5113747e+00
  -2.4843042e+00
  -2.4969385e+00
  -2.5689058e+00
  -2.6099427e+00
  -2.6563807e+00
  -2.7393918e+00
  -2.7904778e+00
  -2.7545638e+00
  -2.7017319e+00
  -2.6958294e+00
  -2.7100530e+00
  -2.7945170e+00
  -3.0276554e+00
  -3.4117100e+00
  -3.8784804e+00
  -4.1987991e+00
  -3.8408489e+00
  -1.9752797e+00
   8.8146138e-01
  -2.3992299e-01
  -1.6721444e-02
   1.1958384e-01
  -2.2558584e+00
  -3.9305921e+00
  -3.8689754e+00
  -8.9548957e-01
   1.4644141e+00
   1.4560376e-01
   5.5665088e-01
  -8.0014718e-01
  -2.2767901e+00
  -2.7321711e+00
  -1.3332975e+00
  -3.3506650e-01
  -3.1355708e+00
  -5.2734060e+00
  -4.8953581e+00
  -4.9771652e+00
  -4.9909940e+00
  -5.2584570e+00
  -4.9352497e+00
  -4.5307841e+00
  -4.1476946e+00
  -3.8207875e+00
  -3.5893131e+00
  -3.4207578e+00
  -3.2446083e+00
  -3.0700713e+00
  -2.9576241e+00
  -2.9357005e+00
  -2.9738516e+00
  -2.9655329e+00
  -2.9771048e+00
  -3.0276617e+00
  -3.0327061e+00
  -2.9898442e+00
  -3.0095538e+00
  -3.1089448e+00
  -3.2273050e+00
  -3.4913023e+00
  -3.9194765e+00
  -4.4235968e+00
  -4.9101681e+00
  -5.1282095e+00
  -4.8075460e+00
  -3.0179688e+00
   1.5602303e+00
  -1.6864588e-01
  -4.5743403e-01
  -5.5708610e-01
  -3.0703918e+00
  -4.5255613e+00
  -3.7443111e+00
  -1.2474291e-01
   2.2463276e+00
   2.1528814e-01
   1.5799884e-01
  -1.0757873e+00
  -2.7864651e+00
  -2.7322558e+00
  -7.4351636e-01
   8.9211446e-02
  -1.2943372e+00
  -3.4614061e+00
  -5.1841610e+00
  -5.3663047e+00
  -5.4214361e+00
  -5.1954503e+00
  -4.9193921e+00
  -4.5983138e+00
  -4.3139706e+00
  -4.0229831e+00
  -3.7217069e+00
  -3.4620161e+00
  -3.2612948e+00
  -3.0857177e+00
  -2.9851289e+00
  -3.0060527e+00
  -3.0610445e+00
  -3.0865319e+00
  -3.0885875e+00
  -3.0793931e+00
  -3.0536020e+00
  -3.0609977e+00
  -3.2156377e+00
  -3.4606669e+00
  -3.7491944e+00
  -4.2092361e+00
  -4.7641621e+00
  -5.2547545e+00
  -5.5799065e+00
  -5.5776391e+00
  -5.3160300e+00
  -3.3786335e+00
   6.0347092e-01
   8.6626284e-02
  -7.4124384e-01
  -1.0471027e+00
  -3.8377819e+00
  -4.6369929e+00
  -3.3573604e+00
  -2.8696585e-01
   2.4443660e+00
   4.6823600e-01
   1.0484883e-01
  -1.0790179e+00
  -2.8279238e+00
  -2.3992279e+00
  -3.0931574e-01
   6.1598861e-01
  -6.4332587e-01
  -2.2875569e+00
  -4.8087425e+00
  -5.2811232e+00
  -5.3416452e+00
  -4.6785269e+00
  -4.3871441e+00
  -4.1045532e+00
  -3.8491886e+00
  -3.5740595e+00
  -3.2614853e+00
  -2.9690061e+00
  -2.7983329e+00
  -2.6982203e+00
  -2.6736083e+00
  -2.7368729e+00
  -2.8292630e+00
  -2.9368453e+00
  -3.0042207e+00
  -3.0114052e+00
  -3.0367703e+00
  -3.1906288e+00
  -3.5137212e+00
  -3.9311948e+00
  -4.4148488e+00
  -4.9591775e+00
  -5.4505162e+00
  -5.7474208e+00
  -5.8191833e+00
  -5.5748096e+00
  -4.9208727e+00
  -1.3439139e+00
  -4.8309934e-01
   2.4157900e-01
  -5.2501273e-01
  -9.3693727e-01
  -3.6540811e+00
  -4.0999670e+00
  -2.9357698e+00
  -4.2537189e-01
   1.9434264e+00
   3.8720125e-01
   1.1344830e-01
  -6.4835024e-01
  -2.3892856e+00
  -1.9867905e+00
  -8.0801472e-02
   1.0459821e+00
  -3.3280563e-01
  -1.2810781e+00
  -3.2862413e+00
  -4.8335381e+00
  -4.8705668e+00
  -3.7902784e+00
  -3.4472709e+00
  -3.1611164e+00
  -2.9070029e+00
  -2.6932995e+00
  -2.4703946e+00
  -2.2379146e+00
  -2.1508381e+00
  -2.1523924e+00
  -2.2008584e+00
  -2.2825608e+00
  -2.4280150e+00
  -2.6413207e+00
  -2.8574922e+00
  -3.0432239e+00
  -3.2692308e+00
  -3.6158187e+00
  -4.0640554e+00
  -4.5725179e+00
  -5.0820947e+00
  -5.5166340e+00
  -5.8010373e+00
  -5.8475871e+00
  -5.6242371e+00
  -4.9243364e+00
  -2.9199913e+00
   1.7875819e-01
  -3.3690292e-01
   3.9947957e-01
   1.5546143e-01
  -3.6534959e-01
  -2.6488330e+00
  -3.2904692e+00
  -2.6249409e+00
  -4.7293258e-01
   1.5259475e+00
   4.2871837e-02
  -1.8740469e-01
  -2.7685934e-01
  -2.1492360e+00
  -1.8592701e+00
   1.8107940e-01
   8.6001992e-01
  -5.6958878e-01
  -1.5782849e+00
  -2.8690321e+00
  -4.0865526e+00
  -4.0845327e+00
  -2.6749860e+00
  -2.2312600e+00
  -1.9420279e+00
  -1.7121267e+00
  -1.6754755e+00
  -1.6621887e+00
  -1.6110910e+00
  -1.6807251e+00
  -1.8114648e+00
  -1.9285643e+00
  -2.0412997e+00
  -2.2428876e+00
  -2.5588302e+00
  -2.9480054e+00
  -3.3612151e+00
  -3.8036094e+00
  -4.2661574e+00
  -4.7195852e+00
  -5.1296781e+00
  -5.4585408e+00
  -5.6542281e+00
  -5.6878928e+00
  -5.5000533e+00
  -4.9673942e+00
  -3.6794183e+00
  -6.3720480e-01
   2.3802279e+00
   1.3190709e+00
   3.5899269e-01
   2.2122973e-02
  -1.1610044e-01
  -1.9668798e+00
  -2.9251048e+00
  -2.4522969e+00
  -5.0186393e-01
   9.9741691e-01
  -4.6510783e-01
  -6.0586891e-01
  -4.1069444e-01
  -2.0308071e+00
  -1.9174510e+00
   4.2045897e-01
   4.5332551e-01
  -1.2483635e+00
  -3.0673756e+00
  -3.3739593e+00
  -3.3031592e+00
  -3.1261706e+00
  -1.4300224e+00
  -8.7077891e-01
  -6.7683367e-01
  -5.6671992e-01
  -8.8921958e-01
  -1.1470720e+00
  -1.3952208e+00
  -1.7117501e+00
  -2.0143877e+00
  -2.2326957e+00
  -2.4107908e+00
  -2.6553771e+00
  -3.0265958e+00
  -3.4796631e+00
  -3.9598644e+00
  -4.4359048e+00
  -4.8443349e+00
  -5.1638439e+00
  -5.3667739e+00
  -5.4394196e+00
  -5.3711689e+00
  -5.1311854e+00
  -4.6682275e+00
  -3.8009987e+00
  -2.0298561e+00
   1.4242024e+00
   4.2094424e+00
   2.2972831e+00
   3.4909718e-01
  -7.6737581e-01
  -4.4032248e-01
  -1.9457380e+00
  -2.8862426e+00
  -2.3140704e+00
  -6.5612308e-01
   5.8527402e-01
  -7.8237431e-01
  -1.0684900e+00
  -1.4095095e+00
  -2.6737963e+00
  -1.9520899e+00
   7.0517669e-01
   3.4013211e-01
  -1.9028963e+00
  -3.2718045e+00
  -2.8489846e+00
  -2.4986481e+00
  -2.0914897e+00
  -2.9026030e-01
   3.8543098e-01
   3.3532341e-01
   2.5326024e-01
  -5.3081718e-01
  -1.0676329e+00
  -1.6433555e+00
  -2.2650150e+00
  -2.8244004e+00
  -3.2330055e+00
  -3.5407443e+00
  -3.8355567e+00
  -4.1712935e+00
  -4.5153835e+00
  -4.8418973e+00
  -5.1312750e+00
  -5.3540381e+00
  -5.4965290e+00
  -5.5057929e+00
  -5.3373273e+00
  -5.0008071e+00
  -4.4778302e+00
  -3.6894851e+00
  -2.4202160e+00
  -3.3311181e-01
   2.5520321e+00
   3.7974870e+00
   1.9585253e+00
   1.6133984e-01
  -1.8263539e+00
  -1.2314986e+00
  -2.3010525e+00
  -2.6310677e+00
  -1.7901417e+00
  -4.1329142e-01
   4.9338961e-01
  -7.5423245e-01
  -1.4162150e+00
  -3.2674648e+00
  -4.7189873e+00
  -2.7986831e+00
   9.0774117e-02
   1.4197138e-03
  -2.4105677e+00
  -2.7752411e+00
  -2.1868411e+00
  -1.5964253e+00
  -1.0621602e+00
   8.8951451e-01
   2.5358775e+00
   2.2491183e+00
   8.7676013e-01
  -5.5824983e-01
  -1.3406376e+00
  -2.1892042e+00
  -3.1272659e+00
  -3.9552915e+00
  -4.5743475e+00
  -5.0231829e+00
  -5.3630161e+00
  -5.6309090e+00
  -5.8216333e+00
  -5.9445038e+00
  -5.9989009e+00
  -5.9857254e+00
  -5.9099360e+00
  -5.7215734e+00
  -5.3756719e+00
  -4.8730206e+00
  -4.1724958e+00
  -3.1383252e+00
  -1.5456419e+00
   7.8280526e-01
   3.0140154e+00
   2.5898244e+00
   1.1623304e+00
   4.8884057e-02
  -1.8468177e+00
  -1.8094436e+00
  -2.5402098e+00
  -1.7654539e+00
  -5.8024830e-01
   5.8159119e-01
   4.8196039e-01
  -2.9406211e-01
  -1.0827774e+00
  -3.3118653e+00
  -5.9147820e+00
  -4.3148336e+00
  -1.4557866e+00
  -1.0734909e+00
  -2.2479963e+00
  -1.8626198e+00
  -1.2193596e+00
  -6.1968762e-01
   3.9808052e-03
   9.4747794e-01
   6.8393049e-01
   1.2726305e+00
   9.0523125e-01
  -7.8980848e-01
  -1.7121284e+00
  -2.6809310e+00
  -3.7838292e+00
  -4.7391147e+00
  -5.4353250e+00
  -5.9076073e+00
  -6.2452838e+00
  -6.4720246e+00
  -6.5680343e+00
  -6.5447494e+00
  -6.4066584e+00
  -6.1612060e+00
  -5.8667300e+00
  -5.5134986e+00
  -5.0811094e+00
  -4.5491375e+00
  -3.8522868e+00
  -2.8509633e+00
  -1.3633813e+00
   7.5487253e-01
   2.6172454e+00
   1.3637077e+00
   4.5177100e-01
  -1.8385053e-01
  -1.2374165e+00
  -1.0834002e+00
  -1.7115441e+00
  -6.3668172e-01
  -5.6391314e-02
   8.3874931e-02
  -1.3257815e-01
   6.4590625e-02
  -6.4644371e-01
  -2.6637677e+00
  -6.1011784e+00
  -4.7032332e+00
  -2.4158649e+00
  -2.1453714e+00
  -1.8284383e+00
  -8.5066505e-01
  -2.0285421e-01
   3.5776095e-01
   9.4935525e-01
   8.4975060e-01
   2.6041806e-01
   3.5010837e-01
   3.6246504e-01
  -1.0666412e+00
  -1.9525526e+00
  -2.8147737e+00
  -3.8223376e+00
  -4.6946921e+00
  -5.3458741e+00
  -5.7951820e+00
  -6.1357658e+00
  -6.3684384e+00
  -6.4699289e+00
  -6.4270231e+00
  -6.2464535e+00
  -5.9333193e+00
  -5.5565570e+00
  -5.1325782e+00
  -4.6702723e+00
  -4.1520715e+00
  -3.4995385e+00
  -2.6134316e+00
  -1.5182275e+00
  -2.9380315e-01
   8.3589961e-01
   4.7928131e-01
   3.6118309e-02
  -7.0468942e-01
  -8.3621629e-01
  -5.7236426e-01
  -1.0373244e+00
   3.0787434e-01
  -3.9581598e-01
  -4.2661560e-01
  -6.4140557e-01
   1.7265705e-02
  -3.4956540e-01
  -2.3665919e+00
  -5.6421445e+00
  -4.3121452e+00
  -2.5935494e+00
  -1.9825054e+00
  -8.8362910e-01
   1.9591070e-01
   7.2699037e-01
   1.3424563e+00
   1.0422808e+00
   6.7067409e-01
  -1.2421224e-01
  -7.9175442e-01
  -1.8943024e-01
  -1.3604341e+00
  -2.1614230e+00
  -2.8892634e+00
  -3.7271500e+00
  -4.4190707e+00
  -4.9403915e+00
  -5.3123655e+00
  -5.5945654e+00
  -5.8032503e+00
  -5.9270349e+00
  -5.9307728e+00
  -5.7931547e+00
  -5.4942808e+00
  -5.0794039e+00
  -4.5603580e+00
  -4.0031586e+00
  -3.4891281e+00
  -3.0008702e+00
  -2.4822154e+00
  -2.0903003e+00
  -2.0206921e+00
  -1.7848485e+00
  -7.0718539e-01
  -6.0564470e-01
  -1.2403053e+00
  -1.6862330e+00
  -6.8122542e-01
   8.4318995e-02
   7.5789571e-01
  -9.2325532e-01
  -9.0213585e-01
  -1.1617368e+00
  -5.3240258e-01
  -3.8487682e-01
  -1.3537046e+00
  -3.4748058e+00
  -3.5442533e+00
  -2.2571919e+00
  -1.1801320e+00
   1.3636108e-01
   1.0068833e+00
   1.4672016e+00
   2.0167918e+00
   1.1835201e+00
   2.0245166e-01
  -1.5615840e-01
  -6.9900614e-01
  -5.7634598e-01
  -1.6954634e+00
  -2.5012186e+00
  -3.2487736e+00
  -4.0469246e+00
  -4.6747427e+00
  -5.1189871e+00
  -5.4167519e+00
  -5.6245065e+00
  -5.7479634e+00
  -5.7719226e+00
  -5.6740503e+00
  -5.4434762e+00
  -5.0778961e+00
  -4.6094422e+00
  -4.0200300e+00
  -3.4107387e+00
  -2.9741757e+00
  -2.8325777e+00
  -2.9193203e+00
  -3.2201588e+00
  -3.8680530e+00
  -4.4997931e+00
  -2.3569717e+00
  -2.2694230e+00
  -2.5714853e+00
  -3.1879346e+00
  -1.1426003e+00
   6.5315223e-01
   8.3525300e-01
  -1.1838171e+00
  -1.2774804e+00
  -2.0562899e+00
  -1.1397698e+00
  -6.4640111e-01
  -4.8113346e-01
  -1.6708628e+00
  -2.5779803e+00
  -1.9068245e+00
  -4.2645159e-01
   9.0304881e-01
   1.5691588e+00
   1.9783860e+00
   2.3454621e+00
   1.2609766e+00
  -2.3938227e-01
  -3.2259783e-01
  -6.9631118e-01
  -1.2472075e+00
  -2.0209179e+00
  -2.9060991e+00
  -3.7967956e+00
  -4.6665473e+00
  -5.3508372e+00
  -5.8393712e+00
  -6.1924753e+00
  -6.4601359e+00
  -6.6327381e+00
  -6.6797786e+00
  -6.5797720e+00
  -6.3175764e+00
  -5.9197779e+00
  -5.4217801e+00
  -4.7969499e+00
  -4.1124125e+00
  -3.5895391e+00
  -3.5101123e+00
  -3.8732891e+00
  -4.3769660e+00
  -4.9739952e+00
  -5.8636580e+00
  -6.0047007e+00
  -5.9030390e+00
  -5.4638233e+00
  -3.8130574e+00
  -1.7611573e+00
   3.2624263e-01
   6.5594584e-01
  -1.2147448e+00
  -1.5012517e+00
  -3.1625812e+00
  -2.5069699e+00
  -1.6956618e+00
  -3.5777140e-01
  -1.2623730e+00
  -2.1914117e+00
  -2.1342840e+00
  -2.7303058e-01
   1.2068712e+00
   1.7863250e+00
   2.0094347e+00
   2.2309563e+00
   1.2751591e+00
  -6.0445944e-01
  -1.4649241e+00
  -2.6353499e+00
  -2.0221833e+00
  -2.2920021e+00
  -3.2623767e+00
  -4.2837136e+00
  -5.1979197e+00
  -5.9063042e+00
  -6.4156140e+00
  -6.8269552e+00
  -7.1699213e+00
  -7.4313903e+00
  -7.5729866e+00
  -7.5726394e+00
  -7.4119439e+00
  -7.1123189e+00
  -6.6987290e+00
  -6.1652264e+00
  -5.4966129e+00
  -4.7834681e+00
  -4.2707036e+00
  -4.3255999e+00
  -4.8584350e+00
  -5.4831952e+00
  -6.3137397e+00
  -6.4160341e+00
  -6.2458714e+00
  -5.7090214e+00
  -4.3315556e+00
  -2.7621707e+00
  -6.0219232e-01
   3.0223911e-01
  -1.5456371e+00
  -1.1719579e+00
  -3.0972101e+00
  -4.4941953e+00
  -4.2620337e+00
  -2.0985814e+00
  -2.4417986e+00
  -2.8644466e+00
  -2.7600018e+00
  -4.5367399e-01
   1.4646580e+00
   1.9785650e+00
   1.7849234e+00
   1.7012851e+00
   7.5414334e-01
  -7.6038101e-01
  -2.3492558e+00
  -3.5034040e+00
  -2.4471542e+00
  -2.4940404e+00
  -3.5082031e+00
  -4.5899414e+00
  -5.4947489e+00
  -6.1763389e+00
  -6.6675560e+00
  -7.0776092e+00
  -7.4289380e+00
  -7.7288318e+00
  -7.9365959e+00
  -8.0141945e+00
  -7.9532285e+00
  -7.7654691e+00
  -7.4579554e+00
  -7.0236274e+00
  -6.4243237e+00
  -5.6579178e+00
  -4.6721696e+00
  -3.9431787e+00
  -4.4679150e+00
  -5.4428495e+00
  -6.2360518e+00
  -6.3754146e+00
  -6.1938507e+00
  -5.7733681e+00
  -4.8823656e+00
  -3.7471648e+00
  -1.9261808e+00
  -2.5147882e-01
  -2.1491763e+00
  -1.9268262e+00
  -2.5651185e+00
  -5.6240895e+00
  -6.9782325e+00
  -6.9454123e+00
  -5.8392112e+00
  -4.4426155e+00
  -3.1327985e+00
  -4.3734068e-01
   2.0869157e+00
   2.5152068e+00
   1.8783695e+00
   1.7267945e+00
   4.3947855e-02
  -6.7747194e-01
  -2.1703045e+00
  -3.5514090e+00
  -2.5970070e+00
  -2.6395767e+00
  -3.6379280e+00
  -4.7038326e+00
  -5.5611410e+00
  -6.1829534e+00
  -6.6190886e+00
  -6.9598932e+00
  -7.2641740e+00
  -7.5779457e+00
  -7.8415537e+00
  -7.9981732e+00
  -8.0350132e+00
  -7.9591179e+00
  -7.7529869e+00
  -7.3801746e+00
  -6.7950544e+00
  -5.9337749e+00
  -4.5533543e+00
  -2.5925281e+00
  -2.0442812e+00
  -4.6417260e+00
  -5.9951134e+00
  -6.1868544e+00
  -6.0958147e+00
  -5.8249688e+00
  -5.2756686e+00
  -4.5468540e+00
  -3.3466816e+00
  -8.3070785e-01
  -1.8974884e+00
  -2.6789997e+00
  -3.2665019e+00
  -6.5474162e+00
  -8.2150154e+00
  -8.9023066e+00
  -7.1454401e+00
  -5.0318723e+00
  -3.3190522e+00
  -5.1209533e-01
   2.8362966e+00
   3.3106191e+00
   2.3140845e+00
   1.3622572e+00
  -3.7651372e-01
   3.6593780e-02
  -2.0098858e+00
  -3.5073106e+00
  -2.6322606e+00
  -2.7368805e+00
  -3.6356821e+00
  -4.6200619e+00
  -5.4051294e+00
  -5.9627104e+00
  -6.3208723e+00
  -6.5406070e+00
  -6.7450643e+00
  -7.0228581e+00
  -7.3235202e+00
  -7.5800486e+00
  -7.7298675e+00
  -7.7605801e+00
  -7.6502790e+00
  -7.3269887e+00
  -6.7112226e+00
  -5.6684895e+00
  -3.8641672e+00
  -1.5505164e+00
  -3.7167993e-01
  -3.5642204e+00
  -5.5633264e+00
  -5.8255100e+00
  -5.8381786e+00
  -5.7335038e+00
  -5.4440360e+00
  -5.0498500e+00
  -4.3948822e+00
  -1.6673253e+00
  -1.5227698e+00
  -3.8306937e+00
  -6.6736279e+00
  -6.8649311e+00
  -7.7752509e+00
  -9.0756865e+00
  -7.2466316e+00
  -5.0626345e+00
  -3.3702171e+00
  -7.8598249e-01
   3.1620054e+00
   4.2921643e+00
   3.4114501e+00
   1.4622999e+00
   3.1613895e-01
   9.8592174e-01
  -7.3844472e-01
  -1.9074919e+00
  -2.5881154e+00
  -2.8193780e+00
  -3.4995642e+00
  -4.3199191e+00
  -5.0347236e+00
  -5.5461643e+00
  -5.8369739e+00
  -5.9444211e+00
  -6.0238788e+00
  -6.1978543e+00
  -6.4720537e+00
  -6.8192736e+00
  -7.1006690e+00
  -7.2430817e+00
  -7.1939112e+00
  -6.8875524e+00
  -6.2349140e+00
  -5.0469884e+00
  -2.8999771e+00
  -2.5574404e-01
   4.8651734e-01
  -2.8180753e+00
  -4.8237747e+00
  -5.0563635e+00
  -5.2039169e+00
  -5.3511627e+00
  -5.3144773e+00
  -5.1672934e+00
  -4.8359593e+00
  -2.8302988e+00
  -1.6145498e+00
  -3.8999221e+00
  -7.4443713e+00
  -6.7572204e+00
  -7.1817347e+00
  -7.5090838e+00
  -6.2468702e+00
  -4.6030874e+00
  -3.2253581e+00
  -9.5638800e-01
   1.8723071e+00
   2.3451147e+00
   2.7516696e+00
   2.9624065e+00
   2.9760889e+00
   1.3880266e+00
  -2.2563136e-01
  -1.0179671e+00
  -2.4091663e+00
  -2.7519982e+00
  -3.1825337e+00
  -3.7966595e+00
  -4.4135494e+00
  -4.9077077e+00
  -5.1744757e+00
  -5.2387195e+00
  -5.2398815e+00
  -5.3106537e+00
  -5.5126710e+00
  -5.8768592e+00
  -6.2686577e+00
  -6.5388470e+00
  -6.5701814e+00
  -6.2826319e+00
  -5.5581913e+00
  -4.2057600e+00
  -1.7953782e+00
   5.1582831e-01
   5.0403768e-01
  -2.8159554e+00
  -3.7637506e+00
  -3.7495384e+00
  -4.0698714e+00
  -4.5643783e+00
  -4.8137836e+00
  -4.8808422e+00
  -4.9065108e+00
  -4.1476116e+00
  -2.4992933e+00
  -1.8080281e+00
  -5.9809361e+00
  -6.2239714e+00
  -6.4221134e+00
  -6.2638178e+00
  -5.0879698e+00
  -3.5346446e+00
  -2.9552851e+00
  -4.8936605e-01
   7.3378885e-01
   1.5399964e+00
   1.0438304e+00
   3.3261070e+00
   4.1257782e+00
   1.1248118e+00
   8.5514441e-02
  -9.9691033e-01
  -1.9339001e+00
  -2.2527380e+00
  -2.5648334e+00
  -3.0442541e+00
  -3.5713043e+00
  -4.0251093e+00
  -4.2925200e+00
  -4.3774252e+00
  -4.3777857e+00
  -4.4142184e+00
  -4.5664682e+00
  -4.8842158e+00
  -5.2877955e+00
  -5.6288691e+00
  -5.7151003e+00
  -5.4222364e+00
  -4.6214123e+00
  -3.1186013e+00
  -6.2337124e-01
   6.9928867e-01
   1.9646959e-01
  -2.6523376e+00
  -2.3902109e+00
  -1.9655594e+00
  -2.4684749e+00
  -3.3106854e+00
  -3.8791206e+00
  -4.2146726e+00
  -4.3917327e+00
  -4.4581852e+00
  -3.1195624e+00
  -2.1440027e+00
  -4.8776546e+00
  -5.3137794e+00
  -5.2185798e+00
  -4.8112259e+00
  -3.7036481e+00
  -2.2996285e+00
  -1.9314759e+00
   6.2250149e-01
   7.1418494e-01
   1.5014634e+00
   8.2632971e-01
   1.1718925e+00
   2.6586130e+00
   6.0353798e-01
   1.3660794e-01
  -8.9002717e-01
  -1.1473961e+00
  -1.3166863e+00
  -1.6682198e+00
  -2.1152079e+00
  -2.5957084e+00
  -2.9838824e+00
  -3.2364566e+00
  -3.3428471e+00
  -3.3708024e+00
  -3.4128327e+00
  -3.5476041e+00
  -3.8358207e+00
  -4.1923738e+00
  -4.5285277e+00
  -4.6291776e+00
  -4.3205752e+00
  -3.4733186e+00
  -1.8710403e+00
   4.8289162e-01
   5.6741875e-01
  -2.1785164e-01
  -2.1447616e+00
  -9.3058586e-01
  -6.4820983e-02
  -7.0063823e-01
  -1.7132956e+00
  -2.5260301e+00
  -3.2079530e+00
  -3.7944400e+00
  -4.6363583e+00
  -6.4316068e+00
  -7.2322378e+00
  -4.1191654e+00
  -3.9196804e+00
  -3.5868759e+00
  -3.0875192e+00
  -2.2226892e+00
  -1.2230796e+00
  -1.5350031e+00
   1.2420409e+00
   1.7614267e+00
   1.9377904e+00
   2.2345912e+00
   1.0704964e+00
   1.3801560e+00
  -2.8260633e-01
  -1.8326204e-01
  -3.0412737e-01
  -8.2310021e-02
  -2.6124433e-01
  -6.4450926e-01
  -1.0688450e+00
  -1.4934461e+00
  -1.7901059e+00
  -1.9819152e+00
  -2.0781851e+00
  -2.1462150e+00
  -2.2022693e+00
  -2.3126812e+00
  -2.5962667e+00
  -2.9313216e+00
  -3.2280834e+00
  -3.3139057e+00
  -3.0092981e+00
  -2.1515665e+00
  -5.1869059e-01
   1.2376411e+00
   7.8290057e-01
  -1.0105692e+00
  -1.8743896e+00
   4.0398920e-01
   1.4417721e+00
   7.8400236e-01
  -1.1560461e-02
  -8.3661282e-01
  -1.7703936e+00
  -2.7090964e+00
  -3.6530194e+00
  -3.8812785e+00
  -3.7925727e+00
  -2.5328345e+00
  -1.9065951e+00
  -1.3690338e+00
  -7.8626531e-01
  -6.1173302e-01
  -1.0099705e+00
  -1.1990429e+00
  -7.7127612e-01
   1.5038722e+00
   1.5307647e+00
   2.2013409e+00
   1.3015174e+00
   2.9714867e-01
  -3.0564554e-01
  -6.5812550e-01
  -1.4862620e-01
   1.8774813e-01
   1.7972272e-01
   1.3700300e-02
  -2.7455898e-01
  -5.3050742e-01
  -6.7986576e-01
  -7.6544373e-01
  -8.3919447e-01
  -9.2950594e-01
  -1.0382735e+00
  -1.1649428e+00
  -1.4129502e+00
  -1.7236178e+00
  -1.9920826e+00
  -2.0804473e+00
  -1.8147452e+00
  -9.9039137e-01
   5.8081893e-01
   1.5116003e+00
   8.1018435e-01
  -9.7766578e-01
  -1.1097277e+00
   6.6785644e-01
   8.4858113e-01
   1.3183987e+00
   1.2853323e+00
   6.6049973e-01
  -3.4184670e-01
  -1.5103018e+00
  -2.6784631e+00
  -2.2948235e+00
  -6.6657637e-01
  -1.3578286e-01
   3.8959684e-02
   4.5303008e-01
   1.1778271e+00
   9.0615206e-01
   8.5062948e-02
  -2.2358936e-01
  -1.7650990e-01
   1.8834583e-01
  -7.2542918e-02
  -1.3188151e-01
   9.7990435e-01
   1.5250905e+00
   8.4609663e-01
  -5.3066498e-01
   1.7230782e-01
   4.5238402e-01
  -1.3502304e-01
  -2.9512465e-02
   6.9489241e-02
   1.3819857e-01
   2.1780656e-01
   2.6915750e-01
   2.5389314e-01
   1.7338063e-01
   4.7400016e-02
  -9.4740272e-02
  -2.8631595e-01
  -5.1294953e-01
  -7.2640502e-01
  -8.2725668e-01
  -6.7840123e-01
   3.1367082e-02
   1.3535395e+00
   1.2652105e+00
   6.3496792e-01
  -1.0323594e+00
  -6.4724827e-01
   3.7951967e-01
   4.9242154e-01
   9.0118021e-01
   1.8791993e+00
   1.6270722e+00
   9.0410835e-01
  -1.7396611e-01
  -1.3966154e+00
  -1.1133229e+00
  -1.3070859e-01
   7.3653460e-01
   1.4863216e+00
   1.3010077e+00
   2.2563894e+00
   2.2244983e+00
   1.6192366e+00
   1.6786741e+00
   1.5733206e+00
   9.6813244e-01
   1.1913000e-01
   1.8254223e-01
   1.5450965e+00
   2.5065475e+00
   1.5788046e+00
  -3.9076328e-02
   1.0715932e+00
   1.0002115e+00
  -8.3789027e-01
  -6.4596760e-01
  -8.6210586e-02
   3.5292733e-01
   6.9131887e-01
   9.0473247e-01
   1.0012558e+00
   9.8469901e-01
   9.1530633e-01
   8.2781273e-01
   7.2742826e-01
   6.0123682e-01
   4.6515340e-01
   3.7448090e-01
   3.7264049e-01
   8.2960582e-01
   1.8103638e+00
   9.8812121e-01
   2.0983577e-01
  -1.6190162e+00
  -4.3013483e-01
   2.6538461e-01
   5.4807913e-01
   5.2367508e-01
   1.0262014e+00
   1.3875678e+00
   1.2025796e+00
   9.2905378e-01
   7.8730628e-02
   2.8575546e-01
  -1.3905764e-04
   5.5293471e-01
   1.8516750e+00
   2.2631304e+00
   2.1875317e+00
   2.7868826e+00
   2.8211918e+00
   2.8517609e+00
   2.6296124e+00
   1.5328406e+00
   1.4033166e+00
   7.1792066e-01
   1.3796216e+00
   1.6148864e+00
   9.4044179e-01
   3.4154150e-01
   1.0891963e+00
   2.2933202e+00
  -3.5165462e-01
  -1.3435669e+00
  -5.7471824e-01
   1.7096166e-01
   7.3467422e-01
   1.0827050e+00
   1.2912241e+00
   1.4235375e+00
   1.5008703e+00
   1.5292773e+00
   1.5037081e+00
   1.4841131e+00
   1.4571843e+00
   1.3862714e+00
   1.2727156e+00
   1.3139144e+00
   1.8991159e+00
   8.6702663e-01
  -9.7140834e-02
  -1.3882555e+00
  -2.7018115e-01
   1.4730473e-01
   4.6557099e-01
   7.3484033e-01
   7.2570586e-01
   4.9507532e-01
   5.8693749e-01
   1.4619348e+00
   1.3146836e+00
   1.1425753e+00
   2.3686181e-01
   2.3523420e-01
   1.0052165e+00
   1.3258973e+00
   1.3016928e+00
   2.3488073e+00
   3.1008401e+00
   3.2738004e+00
   2.2955518e+00
   8.1008214e-01
   8.1296116e-01
   1.3137063e+00
   9.0944839e-01
   6.0505295e-01
   4.4349115e-01
   5.7951892e-01
   8.0700139e-01
   2.4038542e+00
   1.4900104e+00
  -1.4939713e+00
  -9.2353617e-01
  -1.8114354e-01
   4.8824611e-01
   9.6584129e-01
   1.2659999e+00
   1.5351281e+00
   1.7406287e+00
   1.8812371e+00
   1.9753584e+00
   2.1110144e+00
   2.2525995e+00
   2.2513919e+00
   2.0954223e+00
   1.6833292e+00
   7.0682296e-01
   3.5758988e-01
   6.3763370e-01
  -3.5367380e-01
  -3.2084549e-01
  -4.9866798e-02
   2.2512148e-01
   5.3179092e-01
   8.8273077e-01
   7.2122392e-01
   9.0036743e-01
   1.5592951e+00
   2.2728863e+00
   9.9797535e-01
   2.1549069e-01
   7.6434323e-01
   1.3398196e+00
   1.3828816e+00
   1.4683062e+00
   1.3908281e+00
   2.2131911e+00
   1.4068681e+00
   6.1203785e-01
   2.5152561e-01
   6.3698740e-01
   5.0590605e-01
   7.1050372e-01
   3.2950328e-01
   8.2097262e-01
   5.0989842e-01
   6.8484473e-01
   8.0326468e-01
   3.3317955e+00
  -3.6417884e-01
  -1.0366278e+00
  -7.1436679e-01
   2.5033597e-02
   6.5374315e-01
   1.0698198e+00
   1.3691576e+00
   1.6311299e+00
   1.8868955e+00
   2.1291289e+00
   2.3771496e+00
   2.5945480e+00
   2.6582932e+00
   2.5192950e+00
   2.1277914e+00
   1.3304511e+00
   6.0048962e-01
   1.4379613e+00
  -6.0697091e-01
  -4.9089220e-01
  -9.7374201e-02
   1.7632453e-01
   3.0501562e-01
   4.2120010e-01
   3.9241338e-01
   4.3249086e-01
   1.3696297e+00
   2.4521210e+00
   2.0349708e+00
   9.3563998e-01
   1.4588317e+00
   1.3920125e+00
   1.2376088e+00
   1.2051027e+00
   9.8980355e-01
   3.6987770e-01
   9.6476778e-02
   1.3421933e-01
   4.6996599e-01
   3.5193333e-01
   5.8573258e-01
   7.1551263e-01
   1.0683796e+00
   3.9302024e-01
   2.0426959e-01
  -1.9374888e-01
   3.5357463e-01
   2.7631991e+00
   2.5986561e-01
  -1.0313792e+00
  -1.2577678e+00
  -5.1538259e-01
  -2.3518974e-02
   4.6410793e-01
   9.0605706e-01
   1.2330803e+00
   1.6500435e+00
   2.0162230e+00
   2.3968546e+00
   2.5958982e+00
   2.7182691e+00
   2.7268634e+00
   2.2730203e+00
   1.4486768e+00
  -8.2674634e-01
   1.4452372e+00
  -9.6866953e-01
  -4.5979664e-01
  -1.5679720e-01
   8.3317801e-02
   3.1883937e-01
   2.6506102e-01
  -2.4367170e-04
   1.5072879e-01
  -1.2449411e-01
   9.2258227e-01
   9.4331682e-01
   9.2296559e-01
   4.7818878e-01
   4.1587630e-01
   5.3979594e-01
   5.5056906e-01
   4.2446175e-01
  -1.8429446e-01
   1.9642562e-01
   2.9084519e-02
   1.4790913e-01
   1.0197540e-01
   3.7634394e-01
  -2.7193934e-01
   2.9131812e-01
   4.8748830e-01
  -2.6535070e-01
  -3.4226552e-01
   9.3263984e-02
   1.3723985e+00
  -1.5229098e+00
  -7.1466279e-01
   8.1190005e-02
  -7.7005684e-01
  -7.0312411e-01
  -2.6696578e-01
   9.1319077e-02
   5.9869009e-01
   1.0860248e+00
   1.4957136e+00
   1.8472053e+00
   2.1291993e+00
   2.2189038e+00
   2.1206496e+00
   1.8619771e+00
  -5.5778801e-01
   2.3727643e-01
   1.3149121e+00
  -4.5780346e-01
  -3.8432387e-01
  -1.6668549e-01
   1.1911295e-01
   3.0438533e-01
   1.6266076e-01
   1.2889220e-01
   3.1302667e-01
  -2.1341677e-01
   2.4854116e-01
   1.9053167e-02
   1.6630696e-01
   1.8613974e-02
   1.7069183e-01
   2.6229000e-01
   2.7084443e-01
   4.6042323e-01
   2.9104167e-01
   3.2069874e-01
  -1.3292840e-01
   7.8940252e-03
   1.9513129e-01
   2.8530592e-01
   1.1540749e-02
   3.9024842e-01
   7.0847934e-01
  -3.1968877e-01
   1.9017956e-01
  -9.1463238e-01
   7.2713280e-01
  -6.0452020e-01
   2.4715271e+00
   3.6631829e-01
  -1.0358447e+00
  -1.2147509e+00
  -1.1434909e+00
  -7.6548314e-01
  -1.8313375e-01
   2.3185611e-01
   4.3265381e-01
   3.7919608e-01
   5.2370656e-01
   4.5860988e-01
   5.9135669e-01
  -3.2794175e-01
  -3.2826293e+00
   1.8283039e+00
   3.4040323e-01
  -3.6507094e-01
  -3.4424257e-01
  -9.9979779e-03
   1.2667772e-01
   1.1113365e-01
   1.3296910e-01
  -7.9909056e-02
   1.4688925e-01
  -2.0815909e-01
  -3.2300439e-01
   4.4183853e-01
   8.8078557e-03
  -2.1354449e-01
  -1.7763364e-01
   2.0089936e-01
   3.0343631e-01
   1.7128573e-01
   3.4875430e-02
   1.5664516e-01
   1.8303695e-01
   1.6525196e-01
  -2.3435248e-01
  -5.0502825e-01
  -5.3897744e-01
   7.5325295e-02
   1.6487278e-01
  -3.7491360e-01
  -9.4013780e-01
  -5.3856170e-01
   4.0712520e-01
  -8.8139780e-02
  -5.8274454e-01
   3.3027107e-01
  -3.2948825e-01
  -1.1738811e+00
  -1.3838089e+00
  -1.4479958e+00
  -1.0118659e+00
  -8.4753746e-01
  -1.6449791e+00
  -2.9443481e+00
  -2.2598109e+00
  -1.9217119e+00
  -2.3098865e+00
  -2.1677697e+00
   1.6268479e+00
   4.2275343e+00
   1.8954231e-01
  -6.0912687e-01
  -1.9595787e-01
   1.1930856e-01
   1.2538512e-01
   2.7977008e-01
   1.0727098e-01
  -2.0141642e-01
  -2.9002577e-01
  -7.0030540e-01
  -9.9950945e-01
  -4.1759330e-01
   4.3405059e-01
   4.8683040e-02
  -9.1958970e-01
  -1.0781993e+00
  -1.0099244e+00
  -9.6575248e-01
  -5.5764306e-01
  -9.8299950e-02
   1.2756436e-01
  -1.8107551e-01
  -5.4438561e-01
  -4.6910685e-01
  -2.6257682e-01
   1.5091638e-01
  -7.1830410e-01
  -7.7910310e-01
  -6.3469869e-01
  -5.2465087e-01
  -5.4532832e-01
  -5.9168583e-01
  -5.4927987e-01
  -2.1806026e-01
   6.5183669e-02
   1.4736563e-01
   4.7971779e-01
   3.8746178e-01
  -2.4300599e-02
  -3.2610878e-01
  -4.1771716e-01
  -6.1156058e-01
  -6.6842949e-01
  -2.3091343e-01
   6.8658245e-01
   6.4383221e-01
  -7.4008241e-02
  -7.2907287e-01
  -8.7756872e-01
  -5.8990484e-01
  -1.8805486e-01
   3.2386899e-02
  -9.8664038e-02
  -4.1240600e-01
  -8.0383468e-01
  -7.5957149e-01
  -4.0641609e-01
  -4.4918704e-01
  -1.0640750e+00
  -9.9467450e-01
  -3.3168107e-02
  -2.2084533e-01
  -6.3792753e-01
  -6.2903494e-01
  -2.5654292e-01
  -1.5925176e-01
  -1.4594935e-01
  -1.3689944e-01
  -3.1313318e-01
  -5.4032403e-01
  -5.8278811e-01
  -4.0434045e-01
  -3.6505702e-01
  -5.3778821e-01
